12100	13365	2769	21	25	2107	29	6	640	12	83	529	5	1.40034	1.70182e+06	5.32623e-05	
12100	12554	2754	28.5079	34.6952	2114	28	9	624	14	67	513	5	0.370304	865383	0.000289603	
12100	13411	2759	21	25	2107	29	6	640	12	83	529	5	1.45881	1.66289e+06	5.32425e-05	
12100	12550	2700	31.145	27.1989	2063	31	7	641	19	71	501	5	0.364601	1.06856e+06	0.000169895	
11374	13274	2717	36.5617	34.8411	2062	32	10	632	13	80	509	5	2.18844	774392	7.42997e-05	
11310	13190	2706	36.176	35	2076	32	9	635	24	66	494	5	2.14039	766614	7.59936e-05	
12097	12554	2743	28.5477	34.0914	2124	32	7	606	18	68	511	6	0.372678	882523	0.000272035	
12100	12550	2743	29.1536	32.7072	2131	32	8	620	18	66	491	5	0.365655	915107	0.000251953	
12100	12554	2743	29.4743	34.0914	2124	32	7	606	18	70	511	6	0.371698	951913	0.000220799	
12100	12550	2773	28.8558	34.0914	2135	32	8	606	18	65	515	5	0.368763	882022	0.000275103	
12097	12554	2757	28.9509	34.2823	2000	32	7	610	14	64	504	6	0.375841	923022	0.000241546	
12100	12550	2743	29.4743	34.0914	2124	32	7	603	18	73	515	6	0.36655	935693	0.000232558	
12100	13257	2785	22.2709	25	2107	30	6	621	10	76	519	5	1.27743	1.62229e+06	5.41067e-05	
12100	13394	2743	21	25.6282	2107	28	5	641	12	83	529	5	1.42698	1.65743e+06	5.36826e-05	
12100	12550	2743	29.4743	34.0914	2124	32	7	603	18	68	511	6	0.36655	933533	0.000232829	
12100	13120	2775	23.8248	25	2092	30	6	629	7	76	521	5	1.10139	1.5824e+06	5.5063e-05	
12100	12550	2740	31.7968	35	2131	32	8	620	20	73	491	5	0.371194	1.03095e+06	0.000160488	
12100	12550	2726	31.145	26.5012	2063	31	7	641	19	72	504	5	0.368112	1.08244e+06	0.000168549	
12100	12550	2754	32.8064	34.5191	2050	30	8	610	12	60	506	4	0.374656	1.05506e+06	0.000144823	
12097	12554	2743	29.4743	34.0914	2124	32	7	606	18	68	511	6	0.375422	961960	0.000212857	
12100	13401	2754	21.8243	25	2057	29	6	622	17	83	529	5	1.45503	1.55967e+06	5.37288e-05	
12100	13257	2785	21.8869	25	2092	30	5	621	5	76	530	5	1.27243	1.67601e+06	5.39665e-05	
12100	12550	2743	29.1536	32.7072	2131	32	8	620	18	87	491	5	0.365655	924456	0.000250501	
12083	12554	2715	30.691	34.0914	2054	28	8	602	12	68	511	5	0.391678	1.03987e+06	0.000154202	
12100	12550	2736	30.0464	33.8241	2041	30	8	606	18	60	494	5	0.367075	968881	0.00020674	
11374	13274	2715	36.5617	34.8411	2076	32	10	632	13	80	512	5	2.18683	775180	7.41565e-05	
11557	13360	2782	36.9122	34.1971	2022	30	8	621	17	79	502	4	2.14178	798766	7.1736e-05	
12097	12554	2747	29.4743	34.0914	2118	32	7	635	18	68	519	6	0.375969	968550	0.000212269	
12100	13411	2752	21.9359	25	2107	29	6	640	12	83	529	5	1.46927	1.5435e+06	5.34817e-05	
12094	12550	2743	30.0464	32.9848	2098	32	8	605	18	63	491	5	0.37546	994545	0.000192493	
12043	12578	2723	25.6624	33.508	2039	31	8	637	21	71	496	5	0.454604	917343	0.000245218	
12100	12554	2759	30.0062	33.8995	2116	32	9	606	31	65	526	5	0.375241	985834	0.000197668	
11445	13274	2717	36.5617	35	2000	32	9	643	7	69	514	5	2.10613	769838	7.48727e-05	
12068	13402	2790	21.8243	25	2014	29	8	640	12	78	529	5	1.51579	1.53023e+06	5.38184e-05	
12100	12550	2739	30.4786	30.528	2039	30	10	635	19	82	483	5	0.36848	1.0217e+06	0.000188182	
12100	12554	2743	32.1683	35	2140	31	7	611	18	69	514	6	0.377361	1.04435e+06	0.000149499	
11739	13494	2747	37	35	2025	30	9	621	10	75	520	4	2.08185	785702	7.18339e-05	
12100	13402	2783	22.2705	25	2002	28	8	621	12	75	526	5	1.47759	1.51247e+06	5.38735e-05	
12100	12554	2754	32.1899	34.1413	2128	32	8	606	18	65	485	6	0.378908	1.05414e+06	0.000148699	
12100	12550	2732	30.1085	31.7732	2134	32	8	610	17	63	517	6	0.366687	983809	0.00020247	
12100	12550	2743	33.1939	35	2072	29	7	611	18	69	507	5	0.373674	1.05781e+06	0.000140568	
12097	12554	2753	30.0062	34.0914	2135	32	8	606	31	64	519	5	0.378162	993863	0.000191755	
12043	12578	2723	25.6624	33.508	2037	31	8	637	21	71	501	5	0.454604	917610	0.000245038	
11989	13481	2782	21.8243	25.0309	2110	29	4	621	8	76	524	5	1.72076	1.48706e+06	5.37057e-05	
11671	13413	2721	37	35	2075	31	9	643	12	72	514	5	2.03229	780223	7.2759e-05	
12100	12550	2751	30.691	29.5586	2040	29	9	611	19	67	516	6	0.370558	1.03312e+06	0.000181291	
11488	13274	2721	36.5617	34.4242	2075	31	9	643	18	83	521	5	2.05905	792726	7.22857e-05	
11705	13434	2773	31.9786	26.095	2116	28	7	626	4	82	522	6	2.05417	1.08e+06	5.91121e-05	
11374	13144	2714	36.5617	34.8411	2076	31	9	624	13	78	509	5	2.0118	778226	7.40741e-05	
11454	13274	2717	36.5617	35	2000	32	9	646	7	69	514	5	2.09566	770310	7.48167e-05	
12100	13120	2785	23.8248	25	2092	30	5	629	7	76	524	5	1.10536	1.59339e+06	5.48486e-05	
12068	13402	2790	21.8243	25	2008	28	8	640	12	78	525	5	1.51579	1.53414e+06	5.3697e-05	
12100	12554	2715	30.691	34.0914	2032	28	8	643	18	68	505	5	0.370805	1.01435e+06	0.00017819	
12100	12578	2706	36.1233	26.3502	2000	29	7	647	4	64	495	5	0.406869	1.25986e+06	9.88924e-05	
11486	13255	2710	36.5617	34.4242	2076	32	9	628	9	64	492	5	2.02752	777241	7.46491e-05	
11928	12801	2772	26.4964	25	2123	31	9	626	15	82	509	4	0.903353	1.49658e+06	5.76037e-05	
11989	13481	2782	21.8243	25.0309	2121	29	5	634	8	76	522	5	1.72076	1.47826e+06	5.37201e-05	
12097	12550	2743	30.0464	33.8241	2098	32	8	606	18	60	494	5	0.371738	979487	0.000199641	
12100	13401	2759	21.8243	25	2014	29	6	621	17	83	529	5	1.45767	1.55491e+06	5.39084e-05	
12097	12554	2752	30.7154	34.7715	2124	31	8	615	18	68	511	6	0.379646	1.01928e+06	0.000172087	
12100	12550	2773	28.8558	34.0914	2135	32	8	618	20	65	515	5	0.368763	884350	0.000274801	
12046	13500	2738	37	29.5584	2127	29	6	642	25	76	525	5	1.70945	938321	6.39468e-05	
11928	12801	2772	26.4964	25	2123	30	9	633	17	82	509	4	0.903353	1.50261e+06	5.73855e-05	
12097	12554	2760	27.6254	33.0183	2135	32	8	618	22	65	514	6	1.59501	1.50871e+06	5.35762e-05	
12072	12573	2724	34.1506	34.4817	2016	31	7	646	8	72	505	5	0.436073	1.14663e+06	0.000100817	
12098	12554	2742	30.691	34.0914	2001	28	7	611	12	69	519	6	0.376974	1.01939e+06	0.000174186	
11940	13500	2788	32.9921	28.5123	2006	29	8	635	5	76	526	5	1.86976	990471	6.13234e-05	
12083	12550	2743	29.6267	33.5614	2098	32	8	606	18	60	494	5	0.388043	1.00228e+06	0.000185426	
12083	12550	2756	36.0963	34.716	2032	28	7	615	18	70	491	5	0.399312	1.13027e+06	0.000107446	
12100	13318	2785	23.3276	25.3537	2092	30	5	621	10	77	530	4	1.37335	1.4694e+06	5.41712e-05	
11987	13410	2800	35.1258	31.5609	2126	32	10	618	28	83	518	4	1.69446	894557	6.50872e-05	
11928	13046	2777	24.4885	25.0927	2075	29	8	628	10	79	518	5	1.22157	1.43721e+06	5.51359e-05	
11879	13500	2797	31.3673	28.0456	2064	29	7	636	8	89	516	5	1.94916	1.02865e+06	5.9805e-05	
12100	12550	2732	30.0464	30.0768	2135	32	8	610	17	63	517	6	0.366538	991214	0.000203583	
12100	12556	2743	30.691	34.7079	2043	29	8	611	18	67	516	5	0.377204	1.01558e+06	0.000174581	
12100	13318	2785	23.3276	25	2084	30	5	621	10	77	530	4	1.37335	1.4815e+06	5.39229e-05	
12047	12830	2749	29.2836	25.4044	2070	28	7	642	17	85	493	4	0.797775	1.46327e+06	5.91646e-05	
12100	13104	2774	26.4964	25.0927	2096	30	4	628	10	81	520	4	1.09662	1.44739e+06	5.51146e-05	
12098	12554	2742	30.4029	34.0914	2082	28	7	611	12	69	519	6	0.376342	1.00935e+06	0.000181653	
11989	13087	2789	24.9267	25	2070	29	5	610	14	68	524	5	1.20973	1.45236e+06	5.49652e-05	
12100	12550	2773	31.8831	33.6848	2108	28	8	608	20	65	515	5	0.375812	1.04559e+06	0.000157183	
12083	12550	2731	30.691	34.2194	2054	28	8	600	18	68	505	5	0.38886	1.03506e+06	0.000158831	
11851	13489	2788	32.9921	28.5123	2006	29	8	635	5	75	526	5	1.96468	981929	6.17436e-05	
11612	13274	2721	36.5617	34.4242	2075	31	9	643	15	71	514	5	1.91331	792466	7.22909e-05	
12100	12552	2743	33.1939	34.9569	2072	29	7	611	26	69	514	5	0.376249	1.06002e+06	0.0001386	
11891	13426	2790	36.5262	34.0516	2051	30	9	616	20	79	510	4	1.83134	823349	6.91546e-05	
12100	12550	2743	33.1939	34.9524	2072	29	7	613	19	69	514	5	0.373674	1.05798e+06	0.000140509	
11961	12835	2741	31.6211	25.6182	2037	28	5	645	30	85	497	4	0.913123	1.31837e+06	5.88547e-05	
11538	13274	2721	37	34.4242	2076	32	9	643	11	69	512	5	2.00068	781446	7.34538e-05	
12100	12550	2748	30.691	32.7674	2034	31	8	611	19	67	515	6	0.370154	1.0125e+06	0.000183621	
12077	12554	2743	35.3434	35	2148	32	8	606	18	63	516	5	0.4095	1.12813e+06	0.00010618	
11918	13496	2797	32.9349	26.9996	2006	29	7	631	13	79	521	5	1.89752	1.03774e+06	5.99628e-05	
12054	12550	2700	35.1798	26.2808	2001	31	8	647	34	71	509	5	0.425911	1.26523e+06	9.49938e-05	
12097	12552	2754	34.6348	34.9957	2133	32	8	606	18	65	516	6	0.383066	1.0894e+06	0.000123138	
12100	12550	2752	33.7273	33.5728	2050	32	8	606	20	65	490	6	0.375543	1.081e+06	0.00013421	
11951	13247	2789	30.7285	32.523	2059	31	8	624	17	90	506	4	1.50003	941349	6.44496e-05	
12100	12550	2748	30.691	32.7674	2040	30	8	611	19	67	515	6	0.370154	1.01371e+06	0.000183552	
11667	13351	2776	36.2692	33.5697	2148	31	7	636	19	83	524	4	1.99173	833035	6.88895e-05	
12100	12554	2758	30.691	33.9656	2030	29	8	634	21	81	515	5	0.376678	1.02508e+06	0.000176398	
12100	12554	2743	33.1939	35	2140	29	7	611	18	69	514	6	0.378823	1.0638e+06	0.000136743	
11594	13220	2759	36.8307	34.2686	2001	31	9	650	22	86	501	4	1.88793	797829	7.1958e-05	
12100	12552	2743	33.1939	34.7309	2145	29	8	611	18	80	516	6	0.376249	1.06149e+06	0.00013837	
12100	12578	2706	32.7817	35	2000	31	6	647	22	72	513	5	0.40368	1.09033e+06	0.000122369	
12100	13120	2785	25.338	25	2092	30	5	629	10	89	524	5	1.11642	1.49942e+06	5.44573e-05	
12100	12577	2743	36.1861	33.2309	2135	32	9	606	21	63	481	5	0.41118	1.15922e+06	0.000101792	
12100	12550	2754	33.5874	34.5189	2128	28	9	621	18	69	517	5	0.375655	1.06762e+06	0.000135722	
12100	12550	2743	31.7937	34.0914	2108	32	8	600	18	68	511	6	0.371595	1.03373e+06	0.000160026	
12089	12691	2734	35.9522	30.9186	2050	32	8	607	16	65	512	6	0.570501	1.26679e+06	7.16486e-05	
12100	12550	2749	30.0464	31.7618	2126	32	8	605	18	63	491	5	0.368819	982854	0.000204583	
12033	13243	2790	24.8948	25	2014	29	8	640	15	75	529	5	1.36901	1.36417e+06	5.47885e-05	
12100	12550	2700	34.3252	25	2113	28	7	643	19	71	501	5	0.369068	1.1791e+06	0.000125455	
11858	12581	2743	33.03	25.1004	2095	32	10	613	20	83	530	5	0.7108	1.39351e+06	6.11359e-05	
12033	12884	2742	34.7108	28.6804	2111	31	7	618	7	87	504	5	0.893479	1.15239e+06	6.26056e-05	
12096	12598	2740	37	28.9091	2056	29	7	632	9	83	496	5	0.443189	1.25342e+06	8.77578e-05	
12100	12550	2700	31.8054	25	2113	28	7	643	19	71	501	5	0.365789	1.11451e+06	0.000155352	
12024	13425	2800	29.8557	32.1967	2096	31	8	644	10	84	527	6	1.66073	964301	6.28062e-05	
11989	13482	2785	25.7928	25	2092	29	4	642	15	76	524	5	1.75968	1.27927e+06	5.48035e-05	
11776	13317	2796	37	33.7296	2055	29	10	624	16	89	495	4	1.82547	820857	6.93674e-05	
11858	13223	2748	28.9044	25.1004	2039	30	10	613	20	89	527	5	1.55448	1.15341e+06	5.72869e-05	
11964	12578	2760	35.6955	25.668	2001	31	10	650	8	76	510	5	0.583621	1.39037e+06	6.70151e-05	
12082	13172	2770	26.941	26.149	2080	30	6	627	21	90	500	6	1.21217	1.29758e+06	5.6802e-05	
12100	13120	2785	23.8248	25	2092	30	5	629	7	76	524	5	1.10536	1.59581e+06	5.48456e-05	
12100	13257	2785	21.8869	25	2092	30	5	621	7	76	524	5	1.27243	1.67423e+06	5.41213e-05	
12097	12580	2717	37	34.233	2128	28	9	624	23	65	511	6	0.415223	1.15383e+06	9.73425e-05	
12083	12554	2745	32.4885	35	2000	28	8	614	18	70	516	6	0.39923	1.07693e+06	0.000129467	
12097	12554	2753	30.1661	34.0914	2145	32	7	610	20	64	509	6	0.378548	1.00077e+06	0.000186672	
11990	13500	2800	32.7374	31.2626	2132	29	6	616	14	83	526	5	1.8148	949642	6.26999e-05	
12054	12550	2708	35.5805	35	2069	30	7	643	26	75	503	5	0.427469	1.14703e+06	9.77135e-05	
11028	12695	2749	36.7422	34.4355	2113	31	7	635	18	85	485	5	1.84014	785881	7.58668e-05	
11851	12696	2746	35.9814	34.4001	2079	32	8	650	4	85	475	4	0.872116	951640	7.08567e-05	
12100	12554	2743	31.7429	35	2140	31	7	611	18	69	513	6	0.376656	1.03623e+06	0.000156152	
11970	12550	2733	36.023	33.2711	2032	30	8	600	12	73	502	4	0.534843	1.2176e+06	7.55515e-05	
12088	12640	2721	34.7816	34.0862	2133	30	8	620	17	65	498	6	0.502436	1.2067e+06	8.2352e-05	
12100	12805	2736	32.9514	25	2039	31	9	622	29	81	529	5	0.703063	1.43353e+06	6.1024e-05	
12097	12550	2754	33.6299	34.6113	2115	32	8	606	21	65	516	6	0.379443	1.07261e+06	0.000132873	
12097	12554	2754	33.7629	34.6113	2128	32	8	606	18	65	516	6	0.384764	1.07976e+06	0.000128353	
11374	12850	2715	35.9349	34.8411	2076	32	10	632	13	79	514	5	1.62434	790232	7.37463e-05	
12046	13376	2751	36.8814	29.5584	2068	29	7	642	25	75	514	6	1.54614	938780	6.43666e-05	
12037	12554	2763	34.7816	34.0914	2136	29	8	620	16	66	516	6	0.461861	1.184e+06	9.13659e-05	
11874	13303	2795	36.9122	34.1971	2036	30	9	621	19	86	502	4	1.68417	822288	6.94734e-05	
12074	12550	2743	35.5836	35	2135	32	8	608	23	63	481	5	0.408244	1.13167e+06	0.000105697	
12100	12550	2706	34.1027	32.9709	2069	31	7	634	29	81	497	6	0.369667	1.08104e+06	0.000131337	
12088	12554	2738	34.7816	34.0914	2135	31	8	619	18	65	516	6	0.394686	1.11142e+06	0.000114784	
11979	13402	2790	28.612	25	2003	28	8	621	12	80	529	4	1.67538	1.18943e+06	5.5869e-05	
11936	13500	2797	31.3673	29.719	2035	29	7	623	5	88	524	5	1.87816	989144	6.1177e-05	
12037	12578	2740	35.5724	29.1438	2046	30	10	646	25	76	496	5	0.489534	1.27023e+06	8.05477e-05	
12097	13232	2752	36.0839	33.9695	2101	31	6	619	13	81	513	5	1.28581	879160	6.79902e-05	
11995	12550	2743	36.5832	33.9518	2044	32	7	614	18	69	513	5	0.506388	1.21344e+06	7.88084e-05	
12100	13500	2799	21	25	2060	29	4	621	9	77	521	5	1.60526	1.61746e+06	5.33333e-05	
11445	13274	2717	36.5617	34.7086	2075	32	9	643	7	69	514	5	2.10613	777333	7.40192e-05	
12100	12554	2758	30.691	34.4604	2030	29	8	634	21	67	516	5	0.376678	1.02006e+06	0.000177022	
12069	12554	2754	34.7816	34.6952	2118	28	9	629	18	76	513	5	0.42063	1.13443e+06	0.000104559	
12079	13500	2782	21	25	2063	29	4	621	12	77	524	5	1.62193	1.60062e+06	5.34674e-05	
11773	13351	2755	33.7888	32.9903	2145	31	8	645	15	73	530	5	1.84659	869062	6.69523e-05	
12058	12554	2754	28.5079	34.6952	2107	28	9	621	14	69	513	5	0.422558	1.02719e+06	0.000171057	
11879	13496	2797	31.3673	28.0456	2064	29	7	636	8	90	511	5	1.94351	1.02743e+06	5.99125e-05	
12097	12550	2743	30.0464	33.6764	2125	32	10	610	16	73	478	5	0.371738	983444	0.000199045	
11871	12921	2753	35.8113	33.9908	2087	32	4	629	12	68	516	5	1.14641	894491	6.96573e-05	
12095	12852	2745	34.9653	33.5697	2150	29	6	636	24	90	524	4	0.775631	1.12195e+06	6.60677e-05	
11994	12887	2763	36.7496	35	2091	32	9	617	23	67	474	5	0.954133	898558	7.23798e-05	
12100	13257	2785	21.8869	25	2087	30	5	637	10	76	524	5	1.27243	1.67012e+06	5.4136e-05	
12100	13411	2788	24.6701	25	2014	29	6	621	12	83	529	5	1.51552	1.35132e+06	5.42977e-05	
12026	12713	2798	34.1448	25	2160	31	6	647	3	71	497	5	0.69106	1.46812e+06	6.13422e-05	
12100	12554	2753	30.0062	34.0914	2135	32	8	610	31	62	522	5	0.374425	982996	0.000198098	
11989	12578	2700	36.5624	25	2160	31	6	647	3	71	497	5	0.541214	1.4424e+06	6.91037e-05	
12097	12554	2760	36.4085	29.3608	2135	32	5	618	19	66	528	6	0.387783	1.18628e+06	0.000108578	
11961	12835	2740	29.1569	25.9167	2041	28	5	645	1	85	508	5	0.907166	1.38829e+06	5.78436e-05	
12097	12550	2723	34.6604	34.0914	2132	31	8	618	15	79	516	6	0.376222	1.08579e+06	0.000124595	
11990	13047	2795	31.1232	29.3239	2107	29	5	615	14	83	520	4	1.18053	1.10722e+06	6.03573e-05	
11968	12578	2741	35.6955	26.2808	2029	30	4	650	3	72	489	5	0.574697	1.42672e+06	6.79117e-05	
12100	12598	2722	37	27.03	2059	29	7	632	16	83	496	5	0.435351	1.28208e+06	8.84721e-05	
11961	12778	2740	31.1122	25.6915	2067	28	7	637	1	79	530	4	0.837067	1.38472e+06	5.81463e-05	
12054	12550	2704	35.1798	27.6167	2008	30	8	641	19	76	497	5	0.426542	1.23713e+06	9.55657e-05	
12088	12605	2721	34.7816	34.0862	2135	30	8	620	17	65	498	6	0.457496	1.17675e+06	9.2081e-05	
12097	12912	2752	31.6635	34.0914	2135	29	8	602	9	79	515	5	0.850467	1.10908e+06	6.60371e-05	
12038	13411	2792	30.1877	25	2014	29	6	621	15	84	529	5	1.61961	1.18303e+06	5.62936e-05	
11338	12996	2763	36.8951	35	2047	30	8	636	21	70	493	5	1.89073	778252	7.48223e-05	
12037	12554	2763	36.8179	35	2136	29	8	620	12	66	518	6	0.463235	1.18519e+06	8.63782e-05	
11987	13410	2800	35.1258	31.5609	2126	31	10	624	35	83	518	4	1.69446	896695	6.48172e-05	
11960	12759	2790	31.4062	25	2034	29	8	621	14	81	513	5	0.828857	1.41316e+06	5.81903e-05	
11825	13351	2776	36.2692	33.5697	2148	31	7	636	24	83	524	4	1.79905	842814	6.80504e-05	
12100	13318	2785	28.9436	27.0101	2092	31	5	621	10	79	530	4	1.40484	1.16972e+06	5.75142e-05	
12026	13416	2762	36.1899	32.924	2156	30	9	626	24	79	508	5	1.63215	860496	6.70331e-05	
12068	12554	2712	31.6547	34.0914	2128	28	8	628	18	74	513	4	0.411468	1.08252e+06	0.00012639	
12083	12550	2743	29.6267	33.9764	2098	32	8	606	18	60	494	5	0.388043	1.00018e+06	0.000185701	
12069	12628	2708	37	26.9013	2122	31	6	610	3	72	499	5	0.50936	1.36577e+06	7.373e-05	
12083	12550	2756	37	35	2032	28	7	611	18	70	476	5	0.399792	1.13978e+06	0.000103939	
11984	12550	2720	36.023	33.5742	2032	30	8	600	21	75	496	6	0.515241	1.21456e+06	7.78331e-05	
12020	12655	2759	34.1007	25.8283	2052	29	10	613	20	85	517	5	0.612945	1.4054e+06	6.53168e-05	
11677	13220	2741	36.2231	34.9341	2021	31	9	616	22	87	497	4	1.77629	794073	7.20617e-05	
12100	13500	2800	21	25	2060	29	4	624	11	77	521	5	1.60584	1.61651e+06	5.33248e-05	
12100	12554	2755	30.691	33.9656	2079	29	8	634	21	81	513	5	0.376268	1.02443e+06	0.00017646	
12069	12578	2704	37	26.2808	2122	31	6	645	3	72	499	5	0.444908	1.32213e+06	8.50123e-05	
12005	12691	2765	34.1479	30.96	2029	29	9	629	3	76	515	6	0.68012	1.24329e+06	6.60633e-05	
12100	12578	2703	35.1798	26.3502	2000	31	7	647	4	68	497	5	0.405772	1.23947e+06	0.000103008	
12100	12692	2737	35.7259	29.1438	2066	30	10	642	19	83	505	5	0.558658	1.3076e+06	7.08767e-05	
11937	13274	2799	36.5617	34.4242	2075	31	9	643	15	71	524	5	1.56756	831205	6.92281e-05	
12024	12550	2758	37	30.9757	2046	29	7	618	5	90	502	5	0.473437	1.24522e+06	8.18599e-05	
11824	13034	2738	35.4877	34.9548	2101	29	8	619	35	73	496	5	1.34706	832946	7.08466e-05	
12004	12969	2748	35.3154	28.7488	2130	29	8	638	19	67	510	5	1.04463	1.0562e+06	6.31672e-05	
11995	13113	2779	27.7999	26.5383	2143	30	6	617	4	84	514	5	1.24795	1.24706e+06	5.69509e-05	
11151	12651	2765	36.3846	33.9733	2009	31	8	634	2	65	466	6	1.65197	787793	7.6365e-05	
12035	12550	2700	35.5145	26.2808	2149	31	9	638	3	74	497	5	0.449268	1.28606e+06	8.70322e-05	
11916	13166	2750	35.3928	32.7939	2107	32	7	640	1	84	492	4	1.41836	876080	6.78058e-05	
12100	12598	2718	37	28.4964	2067	29	7	632	16	83	496	5	0.434711	1.25013e+06	8.9214e-05	
11876	12899	2711	35.4825	33.7635	2157	30	4	619	24	75	520	4	1.09389	913249	6.86248e-05	
12100	12805	2700	32.9514	25	2039	31	9	622	29	81	529	5	0.693813	1.42447e+06	6.14439e-05	
12010	13226	2790	21.8243	25	2014	29	8	640	15	75	529	5	1.34424	1.6094e+06	5.41389e-05	
12100	13104	2774	26.4964	25.0927	2096	30	4	628	10	81	516	4	1.09662	1.44426e+06	5.52303e-05	
12097	12805	2748	32.8424	25	2066	31	9	622	29	81	529	5	0.709729	1.43961e+06	6.06575e-05	
11978	12928	2707	37	28.6465	2037	29	9	615	8	86	500	4	1.00788	1.01832e+06	6.47124e-05	
12022	13215	2773	31.9786	26.095	2140	28	7	628	17	86	513	6	1.36164	1.15066e+06	5.78336e-05	
11963	13376	2751	36.8814	30.1742	2068	29	7	642	25	75	514	6	1.64865	912229	6.53467e-05	
12064	12880	2800	31.8494	25.7692	2034	28	5	627	6	78	523	5	0.864178	1.39728e+06	5.76868e-05	
12057	12718	2708	35.3811	26.2808	2011	31	7	647	3	69	497	5	0.638539	1.37135e+06	6.50322e-05	
12059	12601	2746	37	28.9939	2052	31	9	631	19	82	459	5	0.493933	1.2862e+06	7.78816e-05	
12051	12550	2700	35.0756	26.2808	2001	31	7	647	3	69	497	5	0.429479	1.27467e+06	9.41974e-05	
12097	12554	2754	34.6348	34.9957	2128	29	8	612	18	65	517	6	0.385651	1.09156e+06	0.000121669	
12097	12550	2762	36.9214	33.9695	2103	29	8	618	13	65	507	6	0.383142	1.12727e+06	0.000110644	
12100	12550	2743	30.0464	32.7072	2135	32	8	609	17	63	491	6	0.368014	976963	0.000205508	
11640	13283	2799	29.5986	27.9747	2094	29	7	650	11	88	522	4	1.93666	1.05256e+06	5.97051e-05	
12058	12554	2754	28.5079	34.6952	2107	28	9	621	14	75	513	5	0.422558	1.02819e+06	0.000170911	
12100	13257	2785	21.8869	25.3537	2092	30	5	621	10	77	524	4	1.27243	1.6576e+06	5.43596e-05	
11695	12791	2709	34.2791	28.3611	2097	30	9	639	32	75	517	4	1.16769	998648	6.40861e-05	
12054	12640	2713	36.1943	25.7201	2160	31	6	647	14	71	505	5	0.543621	1.42195e+06	6.97496e-05	
12100	12950	2800	27.5063	25	2060	29	7	621	12	77	514	5	0.901409	1.51153e+06	5.67247e-05	
11883	13364	2771	36.6186	32.8154	2150	29	7	636	24	80	510	5	1.74274	856985	6.74263e-05	
11737	13040	2795	33.0295	27.9747	2109	30	8	648	9	87	506	4	1.48789	1.01364e+06	6.15082e-05	
11844	12842	2723	33.2759	27.52	2083	28	8	645	17	71	525	6	1.06056	1.1056e+06	6.13911e-05	
11538	13274	2717	37	34.4988	2088	32	9	614	14	69	512	5	1.99774	779514	7.36106e-05	
11897	12550	2746	33.9553	25	2052	30	6	613	22	84	524	5	0.625122	1.45545e+06	6.391e-05	
11895	12921	2757	35.9746	35	2058	32	9	638	27	67	477	5	1.11877	852076	7.26375e-05	
11884	13021	2762	36.4424	33.2847	2089	31	10	634	24	88	523	5	1.26852	871765	6.80365e-05	
12065	13034	2730	35.4877	34.9548	2101	29	8	622	33	73	503	5	1.04922	900279	6.95701e-05	
11883	13364	2739	37	32.8154	2150	29	6	633	27	80	510	5	1.7228	850947	6.8055e-05	
12097	12666	2739	35.9522	33.6233	2050	32	8	625	11	65	508	6	0.529178	1.22168e+06	7.71545e-05	
12100	13401	2759	21.8243	25	2014	29	6	621	12	83	529	5	1.45767	1.55549e+06	5.38967e-05	
11983	12829	2754	36.2395	34.6952	2149	28	10	622	19	69	513	4	0.887552	957503	6.93193e-05	
12097	12606	2759	34.2893	35	2160	32	8	608	21	65	516	6	0.453494	1.16077e+06	9.64692e-05	
12049	12835	2749	29.2836	25.4044	2070	28	7	642	17	85	493	4	0.801892	1.46103e+06	5.90563e-05	
11961	12853	2740	28.781	25.1574	2037	28	5	641	4	85	491	4	0.929729	1.4038e+06	5.76004e-05	
11028	12550	2730	37	34.4355	2099	31	7	635	19	82	485	6	1.64075	782116	7.6591e-05	
12097	12550	2743	35.5836	34.0914	2135	32	8	606	23	63	481	5	0.379728	1.10882e+06	0.000118161	
11982	12618	2716	37	25	2115	30	7	632	35	67	473	4	0.604321	1.41134e+06	6.56513e-05	
12032	12550	2778	35.4839	27.9524	2079	31	8	618	17	68	510	6	0.465975	1.28359e+06	8.574e-05	
11936	13500	2797	31.3673	29.719	2035	29	7	623	5	88	522	5	1.87816	988798	6.12182e-05	
11886	13274	2715	36.5617	34.8411	2076	32	10	626	17	80	512	5	1.5822	802132	7.12657e-05	
12011	13228	2746	32.249	32.7939	2072	31	8	644	4	88	480	4	1.38004	914930	6.62339e-05	
11985	13285	2790	30.8448	26.3458	2014	29	8	640	12	75	526	5	1.51093	1.11255e+06	5.82343e-05	
11848	13315	2775	32.0307	28.1973	2051	30	5	610	11	89	526	4	1.71585	1.02973e+06	6.07866e-05	
12043	12550	2751	28.06	34.9144	2143	31	7	604	14	76	464	5	0.434003	1.03037e+06	0.000169262	
12100	12554	2743	35.6405	35	2140	29	7	627	18	69	514	6	0.381193	1.10101e+06	0.000117467	
12100	13257	2785	21.8869	25	2075	30	5	621	10	76	519	5	1.27243	1.66683e+06	5.43449e-05	
12100	13120	2782	33.4436	25	2092	30	9	616	7	77	524	6	1.14019	1.20865e+06	5.79845e-05	
12054	12641	2760	36.0227	28.3106	2120	31	5	644	3	72	496	5	0.554238	1.36155e+06	7.06803e-05	
12054	12596	2734	35.7094	35	2095	30	7	634	25	75	482	5	0.490776	1.19457e+06	8.31878e-05	
12038	13147	2797	34.3768	32.1181	2036	29	6	634	5	86	523	5	1.26272	956081	6.43956e-05	
12097	12561	2762	36.9214	31.5425	2103	29	8	616	8	69	524	6	0.397402	1.16861e+06	0.000103734	
11430	12736	2760	36.8307	34.2686	2001	31	9	650	20	85	501	5	1.43538	809276	7.30353e-05	
12100	12550	2737	30.0464	32.8526	2129	32	7	606	20	61	491	5	0.367209	974580	0.000205973	
11713	12592	2790	37	34.1232	2059	31	5	635	6	86	463	4	0.91915	929784	7.13216e-05	
11989	13482	2785	24.9267	25	2074	29	4	646	15	76	524	5	1.75432	1.30537e+06	5.46388e-05	
12097	12550	2754	34.3521	34.6113	2128	32	8	606	18	65	530	6	0.380214	1.0836e+06	0.00012655	
12024	13351	2764	29.8557	31.3057	2154	29	6	645	15	89	520	5	1.53701	1.00145e+06	6.15309e-05	
12100	12550	2728	35.663	27.3411	2018	30	7	642	3	69	496	5	0.374003	1.17813e+06	0.000116618	
12043	12737	2778	37	29.8755	2020	30	8	626	23	79	505	5	0.698661	1.21097e+06	6.55867e-05	
12043	13071	2784	36.8304	31.4168	2106	30	9	631	31	83	499	5	1.14866	943145	6.58588e-05	
11834	12644	2752	33.5006	33.5728	2050	29	9	601	16	66	490	4	0.824735	1.03746e+06	6.90226e-05	
11813	12947	2763	36.8951	35	2055	30	8	636	21	70	493	5	1.2569	827156	7.19787e-05	
12068	12554	2752	34.7816	34.6952	2118	28	9	629	20	76	513	6	0.421567	1.13652e+06	0.000104145	
12100	12550	2743	34.0603	32.8176	2117	32	8	606	17	69	511	6	0.374677	1.08497e+06	0.000130787	
11935	13039	2731	29.1131	27.7132	2116	28	10	609	8	70	514	5	1.20524	1.14284e+06	5.95167e-05	
11990	13500	2795	31.1232	29.3239	2132	29	5	615	14	83	520	5	1.80881	1.0277e+06	6.02627e-05	
11951	13247	2778	30.7285	32.523	2059	31	9	624	8	90	506	4	1.49411	937293	6.45995e-05	
12100	12916	2716	33.748	29.006	2025	29	8	629	21	88	479	4	0.84384	1.16913e+06	6.32031e-05	
11876	13496	2769	32.908	26.9996	2021	28	7	650	5	90	514	5	1.93024	1.03211e+06	5.99592e-05	
11594	13199	2755	37	34.2686	2013	31	9	650	22	86	501	4	1.8567	796966	7.20409e-05	
12097	12554	2743	30.1661	34.0914	2135	32	7	606	20	65	487	6	0.377173	998958	0.000187371	
11717	12791	2706	35.1856	27.7386	2016	29	9	634	30	75	513	4	1.14113	1.00383e+06	6.43004e-05	
11858	12581	2732	33.03	25.1004	2095	32	9	644	20	83	530	5	0.70795	1.39874e+06	6.11546e-05	
12048	13311	2732	32.8205	34.251	2089	31	6	621	12	89	515	4	1.44085	884702	6.69523e-05	
11900	13253	2708	35.7094	35	2098	30	6	634	24	67	497	5	1.53256	817438	7.13776e-05	
12054	12816	2710	33.6532	35	2160	31	6	649	0	71	502	5	0.767828	1.07542e+06	6.91515e-05	
11860	13049	2738	32.8569	34.7848	2090	29	8	620	35	73	496	5	1.32073	869581	6.92521e-05	
12100	13376	2759	27.1005	25.5712	2003	29	6	621	12	83	529	5	1.4649	1.24377e+06	5.58566e-05	
11847	12759	2709	35.0058	33.5742	2032	30	8	601	23	75	496	6	0.945672	939483	6.99594e-05	
11782	12567	2728	32.98	25.7194	2052	30	6	613	20	87	522	5	0.780547	1.34316e+06	6.05327e-05	
12029	12939	2761	31.0876	26.1295	2078	29	6	616	17	84	489	5	0.972893	1.28044e+06	5.88235e-05	
12100	12550	2749	34.9661	34.4604	2073	29	8	631	21	68	516	5	0.376349	1.09057e+06	0.000124146	
11914	13049	2738	35.4877	34.8222	2101	29	8	619	35	73	496	5	1.2577	849634	7.02593e-05	
12100	12770	2705	35.0908	27.4473	2001	31	5	641	7	76	504	5	0.65208	1.35535e+06	6.48803e-05	
11671	13075	2721	36.5617	35	2075	31	9	643	10	71	514	5	1.57672	795003	7.25531e-05	
12079	12608	2716	37	25	2056	30	7	632	35	67	475	4	0.472977	1.38537e+06	7.9139e-05	
12083	12550	2756	36.707	34.716	2036	28	7	612	18	70	483	5	0.399652	1.1378e+06	0.000104899	
11782	12550	2728	32.98	25.7194	2052	30	7	620	20	87	522	5	0.758774	1.34866e+06	6.07349e-05	
11944	13329	2773	31.4085	30.382	2052	31	5	613	1	89	528	4	1.61442	985989	6.23752e-05	
11784	12896	2712	31.3126	28.2437	2127	30	8	641	13	66	530	5	1.19562	1.06604e+06	6.17513e-05	
11640	13283	2799	29.5986	27.9747	2094	29	7	650	11	88	517	4	1.93666	1.05092e+06	5.9848e-05	
12039	13329	2717	35.5787	34.6652	2075	32	9	643	7	69	514	5	1.4711	825066	7.02691e-05	
12100	13350	2790	34.3764	33.3137	2051	30	9	617	20	79	504	4	1.46199	885711	6.65026e-05	
12052	12628	2721	37	29.1438	2097	31	10	641	28	86	511	5	0.53267	1.29558e+06	7.21189e-05	
11985	13383	2790	21.8243	25	2065	28	8	621	12	75	526	5	1.59341	1.50885e+06	5.3697e-05	
12042	13080	2727	34.9817	29.1349	2142	32	9	614	27	81	496	6	1.13718	1.00906e+06	6.40246e-05	
12008	12550	2743	36.2919	32.8176	2117	32	8	606	17	74	511	6	0.490223	1.2236e+06	8.07233e-05	
12079	12705	2716	37	25	2115	30	7	632	35	67	473	4	0.597631	1.42959e+06	6.58415e-05	
12052	12578	2740	35.5724	29.1438	2038	30	10	632	27	79	498	5	0.47102	1.25439e+06	8.43739e-05	
11985	12656	2725	32.9349	26.9996	2006	29	7	618	13	79	521	5	0.648119	1.3826e+06	6.45494e-05	
12012	12916	2716	33.748	26.1382	2025	29	9	629	21	88	496	4	0.951607	1.18564e+06	6.06061e-05	
12100	13120	2786	23.8248	25	2092	28	5	629	7	76	524	5	1.10576	1.60589e+06	5.43981e-05	
11028	12712	2735	36.7422	34.4355	2113	31	7	635	18	85	485	5	1.85285	783393	7.60688e-05	
11926	13291	2772	35.4491	30.1292	2014	29	10	643	26	74	522	5	1.58874	918288	6.4587e-05	
11698	12791	2709	34.2791	29.4078	2097	30	9	639	32	78	517	4	1.16414	974160	6.48971e-05	
11989	13352	2794	25.7928	25	2094	29	9	642	15	76	524	5	1.58318	1.27515e+06	5.48908e-05	
12033	13243	2790	21.8243	25	2020	29	9	640	15	75	529	5	1.33886	1.61225e+06	5.41008e-05	
11293	12713	2759	36.8307	34.8579	2001	31	10	650	20	84	516	5	1.56529	791380	7.42611e-05	
12088	12554	2763	34.7816	34.0914	2136	31	8	620	15	66	516	6	0.39829	1.11636e+06	0.000114233	
11615	12679	2741	36.1689	33.9662	2063	29	8	630	10	86	461	6	1.1324	857664	7.17875e-05	
11840	13416	2762	36.1899	32.924	2156	30	9	626	24	79	508	5	1.86142	844601	6.79532e-05	
11907	12804	2740	37	33.7429	2117	29	6	609	5	61	508	5	0.94364	932116	7.01459e-05	
12054	12591	2704	35.9118	26.8832	2001	31	8	638	4	71	497	5	0.479158	1.31438e+06	8.03471e-05	
12035	12854	2734	32.9514	27.6619	2041	31	9	622	28	83	516	5	0.847007	1.22878e+06	6.141e-05	
12098	12550	2794	37	31.5609	2126	29	10	617	12	89	501	4	0.386353	1.15138e+06	0.000109027	
11659	13222	2717	37	34.4242	2090	32	9	643	11	69	512	5	1.78516	789183	7.27061e-05	
12025	13500	2800	31.3673	29.719	2154	29	7	623	5	85	509	5	1.76852	1.00775e+06	6.06355e-05	
12054	12713	2704	34.1448	25	2160	31	6	647	3	71	497	5	0.63375	1.46075e+06	6.38529e-05	
11836	13339	2768	36.6186	33.971	2148	29	6	636	24	83	524	4	1.76402	837577	6.83995e-05	
12097	12554	2743	29.4743	34.0914	2124	31	7	606	18	68	511	6	0.375422	962352	0.000212766	
12052	13496	2800	31.3673	29.719	2154	29	7	623	5	89	513	5	1.72883	1.01234e+06	6.03391e-05	
11968	12578	2752	35.6955	26.2808	2001	31	10	650	3	75	510	5	0.577003	1.37089e+06	6.78518e-05	
11961	12890	2756	29.1569	27.5735	2044	28	5	645	4	85	491	5	0.985352	1.27317e+06	5.93754e-05	
11847	13496	2800	31.3673	29.719	2154	29	7	623	5	89	513	5	1.98535	991789	6.11583e-05	
11028	12721	2730	35.6174	35	2116	31	7	618	14	82	485	5	1.86048	784404	7.59013e-05	
11486	13190	2721	36.5617	34.4242	2076	32	9	628	9	64	492	5	1.94833	780141	7.44934e-05	
11799	13228	2750	37	33.2421	2082	31	7	643	2	89	502	5	1.64611	837159	6.91706e-05	
11028	12721	2730	37	35	2116	31	7	618	18	85	492	5	1.86126	772077	7.67165e-05	
11876	12714	2716	36.6175	33.7635	2160	30	4	627	35	75	491	4	0.856042	976192	6.99937e-05	
11718	12757	2711	36.3653	33.7635	2109	30	4	635	35	75	528	4	1.09882	889186	6.99056e-05	
12081	12550	2704	35.4912	26.0582	2160	31	6	644	6	70	497	5	0.393824	1.23108e+06	0.000105966	
11838	12550	2728	32.98	25.7194	2069	30	7	620	20	87	523	5	0.691297	1.40039e+06	6.17627e-05	
12053	12578	2714	37	28.0673	2000	29	7	646	18	72	497	5	0.466141	1.29063e+06	8.1473e-05	
12097	12550	2754	33.6299	34.7261	2115	32	8	606	15	65	501	6	0.379443	1.0726e+06	0.000132979	
11618	12679	2741	37	33.9662	2063	29	6	630	6	86	461	6	1.12926	854202	7.21709e-05	
12052	13425	2706	30.81	32.1967	2096	31	8	640	10	84	527	6	1.57302	934194	6.4189e-05	
11935	13059	2729	29.1131	27.7132	2160	28	10	609	8	70	507	5	1.23098	1.13771e+06	5.95203e-05	
11954	12550	2725	34.9447	35	2114	30	9	610	11	63	459	6	0.552002	1.18027e+06	7.71545e-05	
12046	13277	2738	35.7815	28.589	2068	29	10	642	19	76	528	5	1.40317	971687	6.26802e-05	
12097	12550	2752	33.5006	33.5728	2050	32	9	601	16	65	490	4	0.379015	1.07883e+06	0.000133761	
11989	13482	2785	23.917	25	2083	29	6	646	15	77	524	5	1.74671	1.33336e+06	5.43537e-05	
11987	12607	2794	37	31.5609	2072	28	10	617	21	90	501	4	0.600923	1.24043e+06	6.88373e-05	
12097	12568	2760	36.8882	35	2038	32	8	606	13	68	514	4	0.406174	1.14159e+06	0.000102354	
12043	12718	2708	35.3811	26.2808	2000	31	7	647	25	69	494	5	0.655625	1.35561e+06	6.47375e-05	
11840	12610	2783	37	34.1232	2059	31	5	635	6	86	463	4	0.784773	1.01134e+06	7.07414e-05	
11863	13389	2791	32.8144	29.326	2036	30	5	620	31	83	523	5	1.81147	985420	6.22007e-05	
12097	12591	2739	35.9522	33.6233	2050	32	8	625	11	65	508	6	0.432195	1.17257e+06	9.58957e-05	
12088	12554	2738	34.6662	34.9674	2109	31	8	610	17	64	516	6	0.394584	1.10362e+06	0.000115955	
11912	12851	2734	27.2387	26.2525	2067	29	10	649	1	83	518	6	0.979336	1.36249e+06	5.76369e-05	
12100	13359	2763	28.0406	27.6093	2135	29	6	639	15	81	508	5	1.44726	1.15593e+06	5.78001e-05	
12060	12550	2714	35.4912	26.0582	2160	31	6	644	5	70	497	5	0.42101	1.27601e+06	9.57946e-05	
12100	12604	2768	35.4103	34.2332	2107	28	9	618	18	70	512	5	0.449584	1.17445e+06	9.3668e-05	
11984	13089	2779	31.9503	30.96	2040	29	9	622	1	87	515	6	1.23978	1.00373e+06	6.29445e-05	
12033	13243	2790	21.8243	25	2014	29	8	640	15	75	529	5	1.33886	1.61639e+06	5.40862e-05	
12044	13402	2782	35.1858	25.0754	2003	28	8	621	12	80	529	4	1.6012	1.10071e+06	5.88374e-05	
11992	13496	2794	32.8683	28.8329	2132	29	7	624	3	89	513	5	1.80295	1.00647e+06	6.05547e-05	
11908	12550	2717	36.5115	25.1034	2057	29	8	624	24	88	501	6	0.607209	1.40861e+06	6.45411e-05	
11940	12550	2797	34.8075	28.0456	2064	29	7	636	8	87	511	5	0.583964	1.36028e+06	6.8306e-05	
11853	12714	2716	35.4825	33.7635	2160	31	4	627	35	75	491	4	0.883066	977289	6.96524e-05	
12100	12550	2754	35.4103	34.2332	2107	28	9	618	18	76	516	5	0.377386	1.09698e+06	0.00012089	
11936	13378	2722	36.1205	34.5959	2020	32	10	632	24	79	530	5	1.66644	808503	7.04077e-05	
11987	13317	2794	36.4496	31.5609	2126	29	10	617	12	89	501	4	1.56192	890473	6.54407e-05	
11874	13360	2748	37	34.1971	2058	30	9	621	10	77	520	4	1.73396	812268	6.9979e-05	
12100	13207	2739	30.6944	25	2017	28	7	626	0	82	512	5	1.23534	1.22122e+06	5.70776e-05	
11918	12656	2725	32.9349	26.9996	2006	29	7	631	13	79	521	5	0.729727	1.33497e+06	6.19118e-05	
12010	12550	2725	33.7223	35	2091	30	9	610	20	63	472	6	0.482425	1.18118e+06	8.91027e-05	
12027	12550	2743	36.5832	33.9518	2044	32	7	614	18	69	522	5	0.466959	1.19698e+06	8.5266e-05	
11882	12852	2704	30.6453	26.729	2026	29	8	627	4	72	516	5	1.01623	1.1898e+06	6.02192e-05	
11851	12955	2735	26.4798	25	2073	29	9	649	1	84	497	6	1.18764	1.30892e+06	5.70223e-05	
11985	13383	2758	28.2453	25	2065	28	8	621	12	75	526	5	1.62129	1.20269e+06	5.59628e-05	
11989	13482	2781	24.9267	25	2074	29	4	646	15	76	524	5	1.75181	1.30447e+06	5.46807e-05	
12021	12592	2771	37	34.0438	2059	31	5	634	6	86	475	5	0.534101	1.22568e+06	7.5683e-05	
12100	12598	2739	37	30.528	2056	30	10	623	19	83	483	5	0.43807	1.2164e+06	8.98796e-05	
12065	12550	2768	36.9214	33.787	2103	29	8	616	34	65	512	6	0.423995	1.17328e+06	9.57396e-05	
12044	12553	2738	34.9648	34.1927	2018	31	7	622	24	60	506	6	0.447923	1.17519e+06	9.41797e-05	
11882	13083	2766	33.471	27.7309	2132	31	8	619	2	90	501	4	1.35395	1.03369e+06	6.13987e-05	
11998	12586	2745	33.8766	31.4437	2109	30	7	613	15	87	513	5	0.547357	1.27166e+06	7.51202e-05	
12100	12550	2737	31.8831	34.0973	2108	28	8	608	19	65	515	5	0.370933	1.03513e+06	0.000158504	
11964	13307	2738	34.143	28.8421	2080	29	10	642	25	76	519	5	1.54341	966417	6.25861e-05	
11923	13104	2745	25.7679	25.2927	2140	29	4	627	11	81	522	4	1.29963	1.34601e+06	5.53986e-05	
11631	12720	2711	34.8611	33.7635	2160	31	5	608	4	75	491	5	1.15298	881129	7.05467e-05	
12097	12550	2765	35.9486	33.9695	2068	32	8	606	17	73	505	4	0.38302	1.11517e+06	0.000115433	
11680	12550	2773	36.9387	34.5547	2041	31	8	628	14	77	479	4	0.898817	909997	7.24323e-05	
12100	13104	2797	26.4964	25	2096	30	4	628	10	80	520	5	1.10571	1.45815e+06	5.48426e-05	
11920	13351	2764	29.8557	31.3057	2154	29	6	645	15	90	520	6	1.66571	988401	6.19502e-05	
11918	13403	2732	33.0239	26.8225	2012	29	7	631	20	74	521	5	1.7258	1.03527e+06	6.07644e-05	
11938	12598	2737	37	29.5283	2056	30	9	632	19	85	475	5	0.63706	1.22802e+06	6.74218e-05	
12100	12550	2732	31.145	27.8556	2063	31	7	641	19	90	501	5	0.368922	1.07434e+06	0.000168919	
12054	12591	2704	35.8354	26.2808	2001	30	7	631	3	71	497	5	0.479109	1.33761e+06	8.01408e-05	
11853	12681	2711	37	33.7635	2101	31	4	613	5	75	496	5	0.83985	972287	7.07064e-05	
12031	13201	2774	30.556	31.9447	2122	30	7	632	28	78	530	4	1.32898	995461	6.28457e-05	
12099	12554	2754	33.7629	34.6113	2128	29	9	613	18	61	509	6	0.382272	1.07579e+06	0.000129938	
11912	12851	2734	28.0429	26.2525	2068	29	10	615	1	83	501	6	0.982428	1.32013e+06	5.83567e-05	
11926	12550	2733	33.748	26.0798	2051	29	10	628	18	90	495	4	0.586627	1.37912e+06	6.76819e-05	
11961	12835	2740	30.1902	25.6448	2037	28	6	645	1	81	491	4	0.909857	1.34012e+06	5.85617e-05	
11743	12550	2708	35.7094	35	2069	30	7	634	24	80	503	5	0.802333	970207	7.15154e-05	
11725	12975	2738	36.5832	34.9641	2027	32	6	614	23	67	508	5	1.38857	811113	7.29874e-05	
12097	12554	2747	30.1661	34.0914	2135	32	7	606	20	65	487	6	0.377723	999817	0.000187231	
11490	12565	2800	35.7539	33.3993	2000	28	6	632	26	90	478	5	1.15711	883952	7.02938e-05	
11961	12890	2747	29.1569	25.9167	2044	28	5	645	1	85	491	5	0.982134	1.33218e+06	5.80889e-05	
12100	13304	2754	29.7084	29.9995	2118	28	9	626	18	76	513	5	1.37216	1.0487e+06	6.07607e-05	
11473	12852	2736	36.383	34.4355	2040	31	8	623	18	81	480	4	1.52408	799999	7.34396e-05	
11875	13339	2768	36.6186	33.971	2148	29	6	636	29	83	524	4	1.71615	840448	6.82082e-05	
12098	12598	2740	37	30.528	2069	30	10	629	19	83	483	5	0.44071	1.21866e+06	8.9214e-05	
11948	13227	2726	32.98	34.504	2044	29	6	613	10	87	522	5	1.44663	873028	6.77507e-05	
11759	12880	2800	31.7033	26.4966	2023	28	5	627	6	80	514	5	1.24437	1.14386e+06	5.93366e-05	
11926	12550	2733	36.3022	34.0418	2051	32	10	626	18	90	495	4	0.588744	1.17054e+06	7.23903e-05	
12100	12591	2739	35.9522	33.6233	2033	32	8	625	11	65	508	6	0.428477	1.16781e+06	9.70685e-05	
11961	13228	2750	37	34.0961	2078	31	8	649	4	89	495	5	1.44817	835815	6.94011e-05	
12010	13299	2790	22.7443	25	2045	30	8	644	17	78	527	4	1.45664	1.45679e+06	5.43803e-05	
12064	12880	2800	31.8494	25.7692	2034	28	5	627	6	78	523	5	0.864178	1.39728e+06	5.76868e-05	
12097	12561	2773	36.9214	30.9079	2044	29	7	616	8	69	524	5	0.398985	1.18102e+06	0.000103231	
11835	12785	2786	37	27.9202	2127	29	10	609	21	76	516	5	1.02322	1.0475e+06	6.35405e-05	
11694	12758	2792	33.8214	26.3425	2136	32	8	620	7	83	504	4	1.1602	1.09643e+06	6.13911e-05	
11985	13419	2775	29.6012	25.8463	2006	28	8	621	12	75	530	5	1.68547	1.13786e+06	5.72148e-05	
11825	13494	2760	37	32.3638	2033	30	9	621	10	77	520	4	1.98711	837104	6.83527e-05	
12100	12578	2706	34.3409	35	2000	31	6	647	7	72	513	5	0.405492	1.11224e+06	0.00011157	
11979	13402	2790	34.8166	25	2003	28	8	621	12	80	529	4	1.68696	1.0987e+06	5.87717e-05	
12100	12550	2752	33.5006	33.5728	2051	32	9	601	7	68	490	4	0.375279	1.07304e+06	0.000136426	
11840	13448	2775	36.1124	32.924	2156	30	9	626	22	77	508	5	1.91473	845778	6.78242e-05	
11928	13104	2773	27.0019	25	2038	29	4	630	9	83	519	4	1.31288	1.30634e+06	5.57476e-05	
12054	12578	2778	36.7689	25.1117	2140	31	7	650	6	77	502	5	0.475771	1.37762e+06	7.97385e-05	
12100	12598	2734	37	28.4964	2067	29	7	632	16	83	496	5	0.43727	1.25447e+06	8.89442e-05	
12046	13307	2738	34.0839	29.5584	2068	29	10	642	25	76	516	5	1.44255	960366	6.3004e-05	
12100	13257	2785	25.1029	25	2155	30	5	621	10	76	519	5	1.30305	1.41229e+06	5.43981e-05	
11858	12609	2738	35.4475	25	2056	31	6	650	20	82	519	5	0.748042	1.35693e+06	6.11845e-05	
12088	12554	2721	34.7816	34.0862	2135	31	8	619	18	65	516	6	0.392236	1.10742e+06	0.000115154	
11989	13379	2732	24.9267	25	2061	29	4	624	15	76	530	5	1.57965	1.3162e+06	5.51086e-05	
11858	12609	2746	37	25.6691	2047	30	6	610	20	84	519	5	0.751141	1.29967e+06	6.22975e-05	
11895	13496	2788	32.9921	28.9627	2012	29	8	634	5	70	525	5	1.92005	972398	6.21697e-05	
11879	13121	2767	34.315	26.9996	2053	29	8	636	22	90	515	5	1.41056	1.04212e+06	6.08384e-05	
11868	12622	2779	34.826	33.077	2148	30	6	604	17	81	470	6	0.763448	1.10085e+06	6.81756e-05	
11983	12678	2754	36.0134	34.6952	2149	28	8	622	18	75	513	4	0.689143	1.11352e+06	6.93337e-05	
12051	12578	2740	35.5724	29.1438	2038	30	10	632	25	79	498	5	0.472255	1.25502e+06	8.40972e-05	
12039	13274	2717	35.5787	34.7086	2075	32	9	643	7	69	514	5	1.39679	829662	7.03136e-05	
12100	12550	2704	35.4912	26.0582	2160	31	6	644	6	70	497	5	0.370593	1.19103e+06	0.000117523	
12046	12931	2720	37	28.6465	2079	29	10	620	14	87	500	4	0.933574	1.05911e+06	6.39959e-05	
12054	12640	2713	35.4912	25.7201	2160	31	6	647	14	71	497	5	0.543164	1.41839e+06	7.05816e-05	
11960	12742	2790	31.4062	25	2034	29	8	621	14	81	513	5	0.806248	1.42766e+06	5.84761e-05	
12100	12554	2743	30.691	35	2043	29	8	611	18	67	516	5	0.374629	1.00944e+06	0.000178063	
11907	12578	2760	35.6955	25.668	2001	31	10	650	3	76	517	5	0.653847	1.35871e+06	6.36335e-05	
11863	13353	2791	33.3643	29.326	2036	30	6	614	31	84	523	5	1.76198	973360	6.25234e-05	
11908	12550	2717	36.5115	25.1034	2057	29	8	624	24	88	502	6	0.607209	1.4087e+06	6.45203e-05	
12097	12550	2743	30.0464	34.0914	2125	32	10	606	17	73	478	5	0.371738	980938	0.000199402	
12024	12593	2743	36.0471	30.6055	2138	31	5	644	3	75	501	5	0.525788	1.28921e+06	7.47328e-05	
11651	13190	2748	36.8307	34.2686	2001	32	9	614	17	82	491	4	1.77162	793241	7.25953e-05	
12083	12554	2734	32.6852	35	2010	28	7	611	20	72	516	6	0.397915	1.07799e+06	0.000127812	
11912	12691	2775	33.24	30.96	2016	29	9	637	23	76	508	6	0.796955	1.16574e+06	6.47375e-05	
12070	12840	2752	35.6204	32.5176	2029	29	6	623	16	76	515	6	0.793344	1.09944e+06	6.66001e-05	
11840	13360	2775	36.9122	34.1971	2036	30	9	621	22	86	502	4	1.79279	813383	6.99252e-05	
12100	12550	2708	35.4405	33.1873	2069	30	7	634	24	80	497	5	0.371104	1.10015e+06	0.000121286	
11847	12871	2729	29.8052	26.4701	2008	28	8	632	0	81	513	5	1.09098	1.19804e+06	5.90702e-05	
12052	12550	2723	37	32.1719	2074	31	10	641	28	86	511	5	0.433102	1.18872e+06	9.10001e-05	
11984	13360	2775	36.9122	35	2036	30	9	616	22	68	520	4	1.61477	810034	7.05219e-05	
11985	13472	2793	21.8243	25	2002	28	8	629	12	77	530	5	1.7199	1.46838e+06	5.38068e-05	
12100	12550	2710	33.899	27.7284	2042	31	8	647	21	71	513	5	0.37	1.1314e+06	0.000130327	
12097	12554	2744	31.5398	34.0914	2135	32	7	606	23	65	487	6	0.380159	1.04323e+06	0.000155642	
11794	12742	2722	36.6214	30.9324	2015	32	9	608	2	73	526	5	0.992997	947632	6.83107e-05	
12055	13211	2732	32.8205	34.251	2075	31	6	621	12	89	515	4	1.29679	902283	6.70017e-05	
11858	12581	2746	32.98	25	2069	29	7	613	22	87	530	5	0.711511	1.43128e+06	6.03573e-05	
12100	13043	2700	32.4914	25	2048	31	4	622	24	81	529	5	1.00365	1.29832e+06	5.84488e-05	
12100	13500	2793	23.7412	25	2060	29	6	621	12	78	524	5	1.63592	1.37484e+06	5.39986e-05	
12020	12840	2747	34.8328	31.5033	2035	30	10	619	18	86	480	5	0.85316	1.06244e+06	6.63394e-05	
11878	12858	2792	37	29.839	2116	30	6	609	24	76	513	6	1.06988	1.00525e+06	6.51466e-05	
12036	13089	2797	35.0231	32.1181	2034	30	5	627	5	86	523	5	1.18627	966597	6.49308e-05	
12100	12635	2750	36.1879	33.9695	2103	31	9	616	12	69	510	6	0.487398	1.20577e+06	8.27952e-05	
11894	12779	2790	28.6221	25	2026	29	7	621	14	81	519	5	0.930655	1.41989e+06	5.68505e-05	
12053	12578	2714	34.1506	35	2000	31	7	646	7	72	497	5	0.464115	1.16735e+06	9.23532e-05	
12083	12550	2715	31.2273	34.0914	2052	28	8	648	20	66	511	5	0.387657	1.05086e+06	0.000149418	
12031	12578	2750	37	34.3713	2100	32	8	606	15	66	512	6	0.499571	1.2069e+06	7.96559e-05	
12100	13104	2774	26.4964	25.0927	2096	30	4	614	10	86	520	5	1.09662	1.45298e+06	5.50934e-05	
12043	12939	2757	34.9932	35	2058	32	9	628	26	67	474	5	0.959391	919175	7.16281e-05	
11520	12590	2723	35.0519	32.0556	2055	28	8	619	32	70	505	4	1.12163	901926	6.91754e-05	
11989	13500	2785	24.921	25	2074	29	4	646	15	73	524	5	1.77957	1.30286e+06	5.47106e-05	
11858	12581	2746	37	25.6691	2047	30	6	610	20	84	519	5	0.714938	1.32848e+06	6.25469e-05	
11954	12550	2765	34.9657	32.8274	2115	30	9	602	10	63	463	6	0.560122	1.23209e+06	7.47552e-05	
12100	12578	2706	35.5655	26.3502	2000	31	7	647	4	68	495	5	0.406508	1.24821e+06	0.000101215	
11990	13500	2777	28.7142	29.3239	2132	29	5	627	14	83	520	5	1.79106	1.06333e+06	5.94424e-05	
11917	13223	2743	30.0826	25.3864	2050	30	10	613	20	89	527	5	1.48288	1.13334e+06	5.77634e-05	
11912	12851	2734	28.0429	26.2525	2083	29	10	615	3	83	501	6	0.982428	1.32308e+06	5.82852e-05	
12100	12635	2750	35.8191	34.0985	2096	31	9	625	11	64	513	6	0.487166	1.20394e+06	8.3647e-05	
11847	13034	2733	36.0057	34.6526	2101	29	8	619	32	74	496	6	1.31713	836419	7.07364e-05	
12096	12822	2738	35.3378	30.9753	2133	29	7	636	28	65	489	5	0.733292	1.17618e+06	6.61113e-05	
11761	13199	2754	37	34.1515	2148	31	9	631	19	86	501	5	1.65516	816120	7.02642e-05	
12100	12550	2737	30.0464	32.7072	2117	32	8	606	14	63	493	6	0.367209	975395	0.000205761	
12079	12711	2716	37	25	2115	30	7	632	35	67	502	4	0.605373	1.43167e+06	6.48004e-05	
11889	12561	2711	37	33.6427	2116	31	4	613	5	75	496	5	0.643024	1.13062e+06	7.09119e-05	
12100	13500	2793	21.0217	25	2060	29	6	621	12	78	524	5	1.6022	1.60334e+06	5.33646e-05	
11896	12878	2765	30.6944	25	2017	28	7	622	0	81	513	5	1.05662	1.27259e+06	5.75971e-05	
12097	12554	2738	36.106	34.0914	2135	32	8	618	22	65	507	6	0.384517	1.11757e+06	0.000112841	
11851	13496	2781	32.9921	33.0407	2006	29	7	635	0	90	522	6	1.96957	884128	6.58458e-05	
12082	13163	2774	26.941	26.01	2080	30	7	632	21	87	498	5	1.20163	1.30122e+06	5.68053e-05	
11878	12889	2792	37	29.839	2116	30	6	609	24	76	513	5	1.11154	992783	6.51169e-05	
11974	13113	2776	35.3024	32.8185	2037	28	7	629	35	77	521	6	1.2875	908482	6.64628e-05	
12089	12698	2734	35.9522	30.9186	2050	32	8	607	16	65	519	6	0.579583	1.26388e+06	7.09515e-05	
11857	12859	2741	35.4808	29.7781	2079	30	8	649	5	86	504	4	1.07632	996672	6.46831e-05	
11835	12785	2786	35.4757	27.9202	2127	29	10	609	21	76	516	5	1.02232	1.07358e+06	6.25743e-05	
12097	13057	2728	35.5836	34.0914	2067	32	8	604	23	63	481	5	1.03967	903386	7.1048e-05	
12031	13201	2773	33.1569	31.9447	2122	30	7	633	22	79	530	4	1.33299	954682	6.38651e-05	
12013	12737	2778	36.1081	29.8755	2020	30	8	634	23	79	499	5	0.735675	1.1928e+06	6.51126e-05	
12024	12550	2743	35.3823	29.6855	2135	32	8	606	23	63	481	5	0.469901	1.2605e+06	8.51789e-05	
11928	12579	2772	35.3935	27.2108	2115	29	9	626	16	65	502	6	0.631829	1.34897e+06	6.51381e-05	
12054	12591	2728	36.3125	25.2955	2001	31	8	637	3	71	507	6	0.483652	1.3674e+06	7.84806e-05	
12076	12569	2748	37	33.8284	2068	32	8	606	15	66	512	6	0.431837	1.17881e+06	9.30146e-05	
12031	13201	2768	33.1569	31.9447	2122	30	7	632	22	78	530	4	1.33058	953336	6.39672e-05	
12054	12578	2704	35.1798	25.749	2160	28	6	647	3	69	497	5	0.462103	1.32729e+06	8.47745e-05	
11984	12635	2745	36.023	33.2711	2031	30	8	600	21	69	496	5	0.629818	1.16698e+06	7.07264e-05	
11885	12567	2751	36.4753	28.246	2053	30	6	647	16	82	516	5	0.664896	1.28775e+06	6.47626e-05	
12054	12816	2704	33.4355	25	2160	31	6	649	14	71	500	5	0.765875	1.40243e+06	6.02482e-05	
11885	12611	2751	36.4431	29.1438	2023	31	9	639	16	84	509	5	0.721846	1.18726e+06	6.5368e-05	
12035	12550	2700	35.3856	26.2808	2149	31	8	647	-0	69	503	5	0.449175	1.29033e+06	8.73744e-05	
11782	12550	2728	32.98	25.7194	2052	30	7	620	15	77	515	5	0.758774	1.33958e+06	6.11434e-05	
12100	12913	2700	32.9514	25	2048	31	9	622	24	81	529	5	0.833992	1.33884e+06	5.91121e-05	
11903	13086	2789	24.9267	25	2070	29	5	610	14	68	518	5	1.31552	1.38744e+06	5.53863e-05	
11952	13004	2790	33.6358	28.9843	2132	30	5	624	14	85	509	5	1.17138	1.06854e+06	6.16181e-05	
12011	13154	2763	33.5218	34.0914	2136	29	8	620	16	89	516	6	1.2895	905811	6.64408e-05	
11538	13257	2717	37	34.4242	2088	32	9	643	15	69	519	5	1.97484	782666	7.3244e-05	
12095	12838	2736	35.6714	33.4969	2150	29	6	636	24	82	521	6	0.755232	1.11666e+06	6.6836e-05	
11981	12876	2734	30.6944	29.8657	2008	28	8	626	0	76	513	5	0.938382	1.16314e+06	6.21929e-05	
12025	12811	2795	31.1232	29.3239	2132	29	6	615	12	85	520	5	0.817775	1.31155e+06	6.0794e-05	
11993	12560	2736	36.9988	35	2066	29	10	627	24	65	506	6	0.520594	1.18562e+06	7.75434e-05	
11972	13243	2750	35.2843	32.7388	2075	31	8	649	0	84	503	4	1.45401	877085	6.70691e-05	
12097	12550	2754	31.6635	34.0914	2120	29	8	602	13	79	516	5	0.376597	1.03954e+06	0.000157828	
12096	12633	2740	37	28.9091	2049	29	7	632	9	83	496	5	0.488418	1.29035e+06	7.84745e-05	
11795	13317	2773	31.1182	26.095	2116	28	7	633	17	86	507	6	1.7807	1.10021e+06	5.86373e-05	
12100	12550	2728	35.663	31.9815	2054	30	7	612	3	69	496	5	0.374003	1.12008e+06	0.000118906	
11889	12957	2800	34.3768	26.7302	2091	30	5	627	5	80	523	5	1.19116	1.12358e+06	6.02337e-05	
11948	12626	2739	37	30.2265	2047	30	6	612	20	85	527	5	0.661451	1.22448e+06	6.64011e-05	
12054	12550	2734	35.7094	35	2095	30	7	634	25	73	494	5	0.431662	1.15507e+06	9.67867e-05	
12059	12554	2732	32.954	34.9263	2015	29	8	611	11	72	523	6	0.427595	1.1175e+06	0.000110193	
12014	12916	2738	33.748	28.7648	2098	29	8	629	21	86	499	4	0.956855	1.11837e+06	6.21195e-05	
11826	12854	2745	34.4508	28.2868	2118	29	9	650	10	81	515	4	1.10811	1.04344e+06	6.24286e-05	
11028	12712	2734	36.383	35	2108	31	9	635	18	85	485	5	1.85198	775255	7.65111e-05	
12029	12939	2761	29.7508	26.1295	2078	29	9	616	17	84	489	4	0.969856	1.2985e+06	5.8418e-05	
11851	13496	2788	32.9921	28.5123	2006	29	8	635	5	75	526	5	1.97452	981641	6.17436e-05	
12100	12550	2704	37	26.0582	2154	31	7	644	6	66	496	5	0.371461	1.21915e+06	0.000109397	
11951	12894	2750	34.7223	33.2647	2122	32	8	646	2	82	510	4	1.01048	958047	6.73355e-05	
11885	12567	2751	36.268	29.1438	2053	30	6	647	16	82	509	5	0.66478	1.2609e+06	6.55437e-05	
12021	13317	2794	36.4496	32.5314	2126	29	10	617	12	88	501	4	1.51927	875175	6.62559e-05	
12054	12708	2713	35.4912	25.3948	2160	31	6	625	25	71	497	5	0.630574	1.43579e+06	6.40164e-05	
12021	12590	2711	36.75	33.0511	2148	31	5	635	8	75	520	4	0.519868	1.23367e+06	7.57346e-05	
12100	12554	2725	36.2386	30.4912	2095	32	8	602	14	78	493	6	0.379071	1.14629e+06	0.000112511	
12020	12579	2772	35.529	27.2108	2136	30	9	635	18	66	502	6	0.517723	1.34066e+06	7.52219e-05	
12010	12796	2786	36.0974	27.3664	2044	29	7	634	29	77	494	4	0.819992	1.21574e+06	6.23947e-05	
12054	12591	2704	36.3125	26.2808	2001	31	8	637	3	71	504	6	0.479397	1.33377e+06	7.92959e-05	
12086	12892	2729	31.1101	26.5965	2100	30	10	633	20	81	495	4	0.829584	1.32485e+06	5.99664e-05	
11968	12552	2741	35.6955	26.2808	2029	30	4	650	3	72	489	5	0.541221	1.42294e+06	7.09723e-05	
11907	12804	2736	37	33.7429	2101	29	6	609	11	61	508	5	0.942262	930503	7.02839e-05	
12076	12670	2748	37	33.8284	2068	32	8	606	15	66	512	6	0.562776	1.19973e+06	7.38171e-05	
12029	12708	2741	36.7609	30.5359	2095	30	10	603	9	82	493	5	0.66871	1.19688e+06	6.68539e-05	
11925	12616	2738	34.3144	35	2020	31	10	623	24	65	506	5	0.674524	1.10737e+06	7.17103e-05	
11950	13253	2708	35.7094	32.4483	2102	30	7	634	24	80	507	5	1.47217	874085	6.74718e-05	
12097	12609	2764	35.5162	33.9695	2023	29	8	634	32	75	518	6	0.459277	1.1885e+06	9.06372e-05	
12100	12550	2743	34.4787	32.8176	2117	32	8	606	13	65	517	6	0.375094	1.09193e+06	0.000127275	
11776	13317	2800	37	33.7296	2055	29	10	623	16	89	495	4	1.82808	821457	6.93193e-05	
11892	13044	2774	35.6237	33.2096	2115	28	5	620	11	86	520	6	1.29474	904425	6.68449e-05	
12100	12550	2752	33.5006	32.875	2050	32	9	601	16	84	490	4	0.375279	1.07765e+06	0.000135925	
12100	13052	2755	37	29.1438	2056	29	10	626	22	83	496	4	1.04032	1.01586e+06	6.40861e-05	
11984	12765	2716	37	26.1004	2115	30	5	630	20	69	483	4	0.791317	1.24961e+06	6.33914e-05	
11701	13083	2700	35.8924	34.4039	2015	31	8	614	12	79	504	6	1.53932	809905	7.19735e-05	
11903	12804	2792	37	33.7429	2101	29	7	609	11	86	508	5	0.966521	946579	6.84603e-05	
11737	13040	2795	30.4637	27.9747	2109	30	8	650	9	87	506	4	1.48333	1.05429e+06	6.03573e-05	
11948	13171	2726	35.7975	34.504	2044	29	6	614	10	78	522	5	1.37404	847596	6.9377e-05	
12035	12861	2740	32.9514	26.6	2051	31	9	624	28	82	513	5	0.858085	1.2602e+06	6.04595e-05	
12082	13149	2784	30.0929	25.6411	2071	29	5	623	25	85	503	5	1.19736	1.2485e+06	5.70939e-05	
12100	13044	2745	35.6237	34.3506	2089	28	5	608	14	83	520	6	1.02504	945047	6.7815e-05	
11517	12565	2798	35.7539	33.3993	2000	28	6	634	26	82	478	5	1.12378	888611	7.04821e-05	
11968	12842	2797	35.6955	26.0747	2001	31	9	650	3	75	510	5	0.937297	1.17468e+06	6.15612e-05	
11892	13237	2773	35.5674	32.0577	2131	28	5	626	31	84	527	6	1.55714	906920	6.5475e-05	
11912	12851	2734	35.3157	26.2525	2067	29	10	649	14	83	524	5	0.996098	1.13482e+06	6.09347e-05	
11892	13044	2748	35.6237	27.9753	2089	28	5	610	11	86	520	6	1.2826	1.04109e+06	6.23636e-05	
12008	12554	2760	36.4085	29.3608	2135	32	5	618	5	66	528	6	0.498508	1.30526e+06	7.75434e-05	
12100	13257	2785	21.8869	25	2107	30	6	621	10	76	519	5	1.27243	1.66791e+06	5.42241e-05	
11853	13034	2733	36.0057	34.6526	2101	28	8	627	32	74	496	6	1.30986	838997	7.05169e-05	
12034	12715	2745	36.023	33.2711	2031	30	8	600	21	73	496	5	0.672231	1.14064e+06	6.9541e-05	
11975	13029	2786	36.0974	31.7318	2044	29	7	623	29	79	494	4	1.17708	935181	6.63967e-05	
11925	13089	2766	31.5291	26.7693	2031	29	9	632	17	81	504	6	1.30621	1.09778e+06	5.98444e-05	
11980	12624	2754	35.9522	29.9889	2044	31	8	610	19	65	523	6	0.622472	1.26222e+06	6.78702e-05	
12082	13257	2778	28.0719	25.6411	2071	30	7	633	21	87	508	6	1.33686	1.23399e+06	5.65515e-05	
12028	13258	2766	37	34.6841	2079	32	8	638	4	83	489	4	1.41455	828382	7.01557e-05	
12100	13500	2793	21.0217	25	2060	29	6	621	12	75	524	5	1.6022	1.60284e+06	5.34331e-05	
12054	12578	2778	36.7689	25	2160	31	7	650	6	76	497	5	0.475771	1.38208e+06	7.96876e-05	
11997	12783	2769	35.4839	32.3178	2079	31	8	621	18	69	513	5	0.813524	1.07161e+06	6.71051e-05	
11725	12922	2715	36.3812	34.9641	2027	32	6	616	20	70	499	5	1.30715	814554	7.32332e-05	
12010	13226	2790	21.8243	25	2035	30	8	644	17	78	529	4	1.34424	1.6014e+06	5.42329e-05	
11918	13496	2796	32.9349	26.9996	2006	29	7	630	13	79	520	5	1.89685	1.03758e+06	6.0006e-05	
11764	12744	2719	33.2759	31.8636	2110	30	5	649	32	84	529	6	1.0276	1.00628e+06	6.55953e-05	
12053	12578	2714	34.6414	35	2005	31	7	647	12	72	497	5	0.464584	1.17208e+06	9.07441e-05	
11896	13228	2776	37	33.1784	2069	31	8	649	4	89	495	5	1.54237	848440	6.85401e-05	
12079	13500	2800	21	25	2060	29	4	621	12	77	524	5	1.63243	1.60578e+06	5.33001e-05	
11725	13019	2743	36.5832	34.7968	2033	32	6	621	20	67	513	5	1.44975	812515	7.25058e-05	
11915	12785	2786	35.4757	28.1081	2127	29	10	624	21	76	516	5	0.923328	1.12496e+06	6.22665e-05	
12033	13243	2790	26.287	25.3556	2020	29	8	641	15	75	524	5	1.37724	1.28901e+06	5.5605e-05	
12070	13283	2780	29.7286	29.3239	2126	29	4	650	17	85	513	6	1.39384	1.09466e+06	5.95877e-05	
12025	12811	2795	31.1232	28.0244	2131	29	6	649	12	85	520	5	0.817775	1.35256e+06	5.95912e-05	
12092	12552	2727	33.2887	35	2078	28	8	611	15	71	516	6	0.384042	1.0674e+06	0.00013101	
11992	13113	2779	27.7999	26.7709	2134	30	6	617	4	84	529	5	1.25168	1.24224e+06	5.68246e-05	
11982	13228	2750	37	32.9058	2083	31	8	649	5	89	503	5	1.42232	861999	6.78702e-05	
12046	13307	2738	34.0839	30.2923	2155	29	10	642	25	76	516	5	1.44255	948580	6.32711e-05	
12097	12587	2762	36.9214	33.9695	2103	30	8	618	13	65	507	6	0.431159	1.17793e+06	9.40291e-05	
12025	12560	2738	34.5761	35	2066	31	9	627	24	65	506	6	0.479993	1.18363e+06	8.75887e-05	
11984	12691	2765	34.1479	30.96	2029	29	9	627	2	87	515	6	0.706167	1.22971e+06	6.52103e-05	
12055	13350	2765	34.1264	34.1971	2022	29	8	626	21	83	508	4	1.50485	863839	6.74036e-05	
11911	13435	2741	36.0259	32.5094	2079	30	8	612	5	80	518	4	1.78688	855118	6.74491e-05	
12030	12866	2748	36.3991	31.1995	2124	32	7	630	20	61	518	5	0.876547	1.03963e+06	6.68986e-05	
11503	13037	2743	36.7088	34.9641	2099	32	6	615	20	70	513	5	1.73836	792387	7.34107e-05	
12037	12578	2776	35.5724	29.1438	2046	30	10	650	25	75	496	5	0.495966	1.27961e+06	8.00064e-05	
12030	13000	2786	27.7999	26.7709	2134	30	6	617	4	84	529	5	1.05362	1.34601e+06	5.66669e-05	
12100	12550	2728	35.5836	34.0914	2135	28	8	620	23	63	481	5	0.373948	1.09933e+06	0.000120424	
11989	13321	2785	24.9267	25	2076	29	4	624	23	76	524	5	1.52968	1.34266e+06	5.46717e-05	
11996	12550	2743	36.2919	33.5008	2117	32	8	606	15	74	511	6	0.504999	1.22079e+06	7.88208e-05	
11776	12945	2742	29.6126	25.6182	2089	28	8	645	0	74	530	4	1.2796	1.1793e+06	5.76801e-05	
11538	13260	2717	37	34.4242	2088	32	9	643	11	69	512	5	1.97888	781582	7.34268e-05	
12025	12811	2785	31.155	29.2024	2132	29	6	615	12	85	515	5	0.814912	1.31002e+06	6.08976e-05	
11952	12550	2771	36.5335	34.0438	2059	31	4	633	7	82	472	5	0.564889	1.21581e+06	7.37137e-05	
12100	12577	2743	36.4493	34.5035	2135	32	8	606	23	72	481	5	0.41133	1.14824e+06	0.00010142	
11826	12837	2745	34.4508	29.686	2114	29	9	650	10	81	515	4	1.0857	1.01221e+06	6.37064e-05	
11984	13089	2774	34.1479	30.96	2040	29	9	622	3	89	519	6	1.24049	968926	6.38774e-05	
11845	12691	2775	33.24	30.96	2000	29	9	630	23	76	508	6	0.879553	1.09411e+06	6.50153e-05	
11949	12728	2733	33.4116	25	2026	29	8	623	20	76	498	6	0.788031	1.35782e+06	6.03064e-05	
11911	12655	2743	33.5084	27.1606	2005	30	10	613	20	80	452	5	0.742532	1.25911e+06	6.42756e-05	
12042	13283	2788	29.5986	26.2364	2026	28	7	628	11	88	517	4	1.43271	1.15993e+06	5.7006e-05	
12066	12712	2761	36.383	35	2108	31	5	635	18	85	485	5	0.632609	1.1613e+06	7.11136e-05	
12097	12961	2771	34.7816	35	2128	28	6	621	18	69	513	5	0.926046	982762	6.81896e-05	
12037	12554	2763	36.8179	34.0277	2136	29	10	620	17	66	518	6	0.463235	1.19349e+06	8.58885e-05	
11944	13435	2741	35.4808	29.7781	2079	30	8	649	8	86	518	4	1.74616	925108	6.38855e-05	
11979	12703	2751	37	34.2673	2071	32	9	622	7	78	517	4	0.726482	1.05383e+06	6.9979e-05	
11895	13496	2788	35.0477	28.9627	2012	29	8	628	5	70	525	5	1.92227	948548	6.32751e-05	
12100	12738	2728	33.6203	27.3411	2018	30	7	642	3	69	512	5	0.614571	1.38063e+06	6.69568e-05	
12054	12578	2712	35.6632	25.2694	2000	31	9	640	3	72	496	4	0.463824	1.33051e+06	8.34168e-05	
12077	12550	2743	34.6348	34.9957	2138	32	8	615	13	63	516	5	0.403762	1.1137e+06	0.000111907	
12100	13274	2717	34.697	34.7086	2160	31	9	643	7	78	514	5	1.32128	860128	6.83153e-05	
11870	12728	2746	32.3271	25	2026	29	8	623	20	76	507	5	0.886918	1.30626e+06	5.93331e-05	
12100	12598	2740	37	29.993	2056	29	7	632	16	83	496	5	0.43823	1.23254e+06	8.95576e-05	
11787	12821	2728	32.98	26.0004	2052	30	7	620	20	85	523	5	1.10336	1.14012e+06	6.03792e-05	
11907	12550	2769	37	34.0438	2059	31	5	627	7	86	483	5	0.620305	1.16367e+06	7.12048e-05	
12100	12554	2752	36.2386	33.9093	2095	32	8	604	14	76	484	6	0.382827	1.11926e+06	0.000113598	
12037	13376	2751	36.8814	29.5584	2068	29	7	642	25	81	497	6	1.55729	935555	6.46329e-05	
11910	13015	2759	36.0224	33.955	2088	31	8	627	1	68	485	5	1.22693	862876	7.03779e-05	
12011	12625	2799	36.1124	34.2235	2032	30	9	617	22	77	508	4	0.595138	1.20141e+06	7.18649e-05	
11928	12989	2777	27.2642	25.0927	2053	29	4	622	10	81	518	4	1.16014	1.35672e+06	5.58971e-05	
12068	12554	2712	32.4312	34.0914	2128	28	8	621	14	67	513	6	0.412718	1.09731e+06	0.000119289	
12097	12550	2743	36.2919	32.2531	2122	32	8	606	17	65	511	6	0.38018	1.13162e+06	0.000113263	
11746	13019	2743	36.5832	34.7968	2012	32	5	618	17	67	516	5	1.42447	818109	7.24008e-05	
11960	12718	2790	33.506	25	2049	29	8	621	14	81	513	5	0.77759	1.40191e+06	5.92242e-05	
11851	13496	2797	32.9921	29.4183	2006	29	7	635	0	90	522	5	1.9809	966949	6.20347e-05	
11956	12892	2729	31.1101	25	2100	30	10	610	20	70	503	4	0.989083	1.25842e+06	5.88998e-05	
11849	12550	2745	37	30.9757	2046	29	7	618	5	90	502	5	0.685656	1.1661e+06	6.71501e-05	
11858	12609	2746	35.2854	25	2047	31	6	650	20	84	519	5	0.750105	1.36875e+06	6.10091e-05	
11949	12728	2733	32.3271	25	2026	29	8	623	20	76	498	5	0.786551	1.37963e+06	5.99377e-05	
11893	12865	2733	35.5827	32.5051	2053	31	9	606	35	79	462	6	1.03744	921612	6.9701e-05	
11987	13193	2794	37	31.5609	2072	32	9	613	12	89	507	4	1.39052	892204	6.64673e-05	
12000	13019	2743	36.5832	34.9641	2027	32	6	616	18	67	513	5	1.11509	864946	7.13827e-05	
12043	12550	2726	34.896	34.0428	2101	32	8	613	9	68	468	5	0.443292	1.1684e+06	9.53289e-05	
12030	13000	2786	27.7999	26.7709	2134	30	6	617	4	69	529	5	1.05362	1.34106e+06	5.70972e-05	
12082	13163	2777	26.941	26.2545	2080	30	7	632	21	87	498	5	1.20293	1.29289e+06	5.69736e-05	
12026	13396	2762	36.1899	32.924	2156	30	9	626	24	79	508	5	1.60446	861948	6.70331e-05	
12100	12598	2740	37	30.528	2056	30	10	632	19	83	483	5	0.43823	1.21696e+06	8.98715e-05	
11974	13042	2776	35.3024	32.8185	2021	28	7	629	35	62	522	6	1.19114	919352	6.72269e-05	
12011	13350	2790	36.1124	34.2235	2036	30	9	617	22	77	508	4	1.57533	838118	6.87521e-05	
11820	12626	2739	37	25.8206	2071	30	6	612	19	81	526	5	0.817275	1.23838e+06	6.23597e-05	
11784	12896	2712	31.3126	28.2437	2127	30	8	641	13	67	521	5	1.19562	1.06397e+06	6.1954e-05	
11956	13496	2788	32.9921	28.9627	2012	29	8	634	10	70	525	5	1.8442	978309	6.19195e-05	
12097	12550	2753	36.9214	31.7508	2103	30	7	610	8	70	530	6	0.381893	1.1478e+06	0.000109757	
12043	12578	2723	37	33.508	2045	30	8	637	21	71	501	5	0.479956	1.20751e+06	8.17595e-05	
11998	12959	2786	33.5748	29.839	2116	31	6	609	17	72	513	5	1.05139	1.06943e+06	6.30955e-05	
12082	13208	2772	28.0719	25.6411	2071	30	6	623	21	87	503	5	1.26678	1.25719e+06	5.67151e-05	
11990	13200	2787	31.1232	29.3239	2132	29	5	615	14	83	520	5	1.38635	1.06237e+06	6.03573e-05	
12033	13243	2790	21.8243	25	2020	29	9	642	20	73	529	5	1.33886	1.61122e+06	5.41682e-05	
12100	13037	2796	34.282	25.0735	2079	31	8	628	8	83	500	5	1.0334	1.23433e+06	5.89414e-05	
11844	13169	2719	33.2759	26.6762	2083	28	8	645	15	70	525	6	1.49129	1.04959e+06	6.07312e-05	
11923	13104	2745	25.7679	25.2927	2140	29	4	627	11	79	522	4	1.29963	1.34437e+06	5.54385e-05	
11926	13104	2751	30.2044	26.9205	2065	29	5	630	3	83	519	5	1.31536	1.14521e+06	5.86682e-05	
12061	13190	2728	37	34.4242	2088	32	9	616	18	73	519	5	1.26285	841304	7.01804e-05	
12100	12765	2716	37	25.9038	2115	30	5	630	28	70	482	4	0.649426	1.38804e+06	6.41519e-05	
11903	12804	2790	37	33.8534	2101	29	6	609	10	89	508	5	0.965829	948314	6.84932e-05	
11909	13324	2779	35.454	34.1936	2047	30	6	647	21	79	513	5	1.65944	846740	6.84791e-05	
11866	12967	2776	36.6186	31.5634	2150	31	6	636	24	83	511	5	1.22442	928259	6.6357e-05	
12096	12822	2780	35.3378	30.9753	2133	29	7	636	28	64	489	5	0.74454	1.18525e+06	6.5647e-05	
11369	12550	2739	35.5836	34.0914	2135	32	9	619	23	63	481	5	1.25416	821695	7.41125e-05	
12029	13078	2725	37	28.6465	2018	29	9	620	14	87	500	4	1.15089	987560	6.42632e-05	
12080	13369	2721	36.5617	34.5424	2076	32	9	637	8	74	509	5	1.47786	821528	7.0205e-05	
11861	13496	2800	31.3673	29.719	2154	29	7	623	3	89	513	5	1.96797	992916	6.10986e-05	
12100	13104	2774	26.4964	25.0927	2096	30	4	628	9	80	509	5	1.09662	1.44131e+06	5.54816e-05	
11985	13402	2790	29.6012	25.8463	2000	28	8	621	12	75	530	5	1.6708	1.1419e+06	5.70841e-05	
12078	13364	2785	37	33.6516	2150	29	6	636	28	80	510	5	1.5084	863762	6.73083e-05	
12089	12624	2734	36.3016	29.069	2057	31	7	613	16	65	519	6	0.484032	1.28648e+06	8.03923e-05	
11953	12550	2710	36.1423	25.028	2052	29	8	624	24	90	502	6	0.551024	1.41665e+06	6.82967e-05	
11968	13167	2780	28.7502	28.1162	2113	28	5	609	14	85	514	4	1.35906	1.14717e+06	5.84795e-05	
12100	13411	2788	24.6701	25	2073	29	7	623	12	83	529	6	1.51552	1.3532e+06	5.40482e-05	
11960	12586	2733	34.7159	31.4437	2113	30	9	616	20	87	529	5	0.592319	1.26203e+06	6.97204e-05	
11948	12626	2739	37	25.8206	2047	30	6	612	20	85	527	5	0.661451	1.37441e+06	6.3012e-05	
12097	12554	2757	36.4085	29.3608	2135	32	5	618	19	66	519	6	0.387362	1.18593e+06	0.000108648	
11901	13104	2773	30.2044	25	2038	29	4	630	9	83	519	4	1.35676	1.21885e+06	5.70418e-05	
12086	12892	2729	31.1101	26.5965	2115	30	10	633	20	81	495	4	0.829584	1.32659e+06	5.9891e-05	
12100	13241	2774	25.0448	25.0927	2096	30	4	620	10	80	516	4	1.27554	1.41551e+06	5.48095e-05	
12097	12550	2754	35.8191	33.9695	2103	31	8	616	13	65	513	6	0.381412	1.11216e+06	0.000116387	
12064	13101	2786	30.0753	27.9202	2127	28	10	609	15	77	506	5	1.15521	1.16056e+06	5.89379e-05	
12046	12976	2738	33.9476	30.2923	2152	29	10	638	25	74	516	5	0.997162	1.05212e+06	6.33192e-05	
12079	12705	2716	36.431	25	2115	30	7	632	35	67	473	4	0.59735	1.43603e+06	6.59152e-05	
12100	13037	2800	34.282	25.0735	2079	31	8	628	8	83	481	5	1.03487	1.22504e+06	5.95132e-05	
11910	12710	2759	36.0224	33.955	2088	31	7	627	1	68	485	5	0.822286	996515	7.03482e-05	
11879	12591	2704	36.3125	27.6263	2000	31	8	637	3	72	504	6	0.691176	1.23466e+06	6.55652e-05	
11835	12785	2786	29.9581	27.9202	2127	29	10	609	21	77	506	5	1.01406	1.19932e+06	5.99916e-05	
11434	12712	2731	36.383	35	2116	31	7	635	20	87	485	5	1.38422	806308	7.3497e-05	
12011	13228	2753	32.249	29.9261	2072	31	9	644	4	88	480	4	1.38355	977581	6.34437e-05	
12098	13008	2742	30.691	34.0914	2001	28	9	611	12	69	519	6	0.971785	1.03874e+06	6.65336e-05	
12097	12550	2754	31.6635	34.0914	2135	29	8	616	15	79	516	4	0.376597	1.04124e+06	0.000157679	
12088	12554	2721	34.7816	33.4796	2135	31	9	632	18	65	516	6	0.392236	1.11214e+06	0.000114837	
11945	12728	2721	32.3271	25	2007	29	8	624	30	76	498	5	0.787961	1.36931e+06	6.01685e-05	
12095	12838	2736	34.9653	33.5697	2150	29	6	636	24	83	524	4	0.754695	1.13111e+06	6.64761e-05	
12083	12866	2722	36.3991	31.1995	2141	32	7	630	20	67	524	5	0.803203	1.09301e+06	6.6313e-05	
11896	12853	2740	28.781	25.1574	2037	28	5	641	4	85	491	4	1.00918	1.34193e+06	5.76701e-05	
12011	12625	2799	35.5673	31.4922	2032	30	9	650	22	83	521	4	0.594772	1.27131e+06	6.95749e-05	
11737	12758	2743	30.9189	26.861	2039	30	10	613	20	81	519	4	1.0837	1.13334e+06	6.0573e-05	
12089	12624	2727	35.9522	29.069	2050	32	8	606	16	65	512	6	0.482583	1.27961e+06	8.1314e-05	
11028	12712	2730	36.383	34.4355	2099	31	7	635	19	85	485	5	1.84927	785445	7.59255e-05	
11895	12921	2750	36.6857	35	2058	32	9	638	22	67	483	5	1.11634	844362	7.28332e-05	
11893	12882	2739	35.5827	32.5051	2053	31	9	622	34	81	462	6	1.06212	917338	6.94637e-05	
11671	13274	2721	36.5617	35	2075	31	9	643	15	71	514	5	1.84341	787130	7.25689e-05	
12100	12550	2743	35.5836	30.8451	2128	32	8	617	23	66	481	5	0.376004	1.13407e+06	0.00011854	
11908	12808	2725	33.7223	35	2115	30	9	610	14	63	459	6	0.939986	928840	7.21397e-05	
12100	12554	2739	30.691	34.0914	2001	30	7	611	17	76	508	6	0.374083	1.01505e+06	0.000177557	
12007	13004	2729	34.9048	27.9542	2100	28	10	610	21	70	511	4	1.07978	1.05639e+06	6.23986e-05	
11903	13122	2797	34.3768	32.1181	2006	31	8	623	5	86	530	4	1.39743	910817	6.56556e-05	
11640	13310	2784	30.2284	26.2364	2049	28	7	650	11	90	517	4	1.96523	1.08342e+06	5.8782e-05	
11948	12581	2733	37	31.4437	2108	31	7	613	33	87	522	5	0.602054	1.2306e+06	6.8937e-05	
11982	12617	2749	35.1547	34.4604	2021	29	8	640	12	68	516	5	0.609228	1.18387e+06	7.17515e-05	
12008	13254	2780	28.8934	28.5977	2126	29	8	622	14	85	497	6	1.4291	1.0991e+06	5.95026e-05	
11910	12713	2704	34.1448	25	2160	31	6	647	1	71	497	5	0.80824	1.33134e+06	6.08125e-05	
12097	12609	2764	35.8946	33.9695	2023	32	7	634	34	75	513	6	0.459538	1.19362e+06	8.96298e-05	
12100	12577	2743	36.1861	34.0914	2135	32	9	606	21	63	481	5	0.41118	1.14959e+06	0.000102229	
12100	12554	2743	35.2267	35	2043	29	8	611	18	67	516	5	0.380887	1.09397e+06	0.000120034	
11979	12703	2709	37	30.4956	2049	32	9	610	0	81	504	4	0.71539	1.12898e+06	6.73446e-05	
12054	12578	2708	37	26.2808	2061	31	6	640	3	81	499	5	0.463889	1.33791e+06	8.09585e-05	
12011	12598	2737	37	29.5283	2056	30	10	632	19	82	483	5	0.54758	1.28461e+06	7.13776e-05	
11975	13029	2786	37	31.7318	2097	29	7	636	29	79	494	4	1.17757	928036	6.66223e-05	
11923	12566	2746	37	30.4319	2053	31	9	631	20	82	497	5	0.616201	1.22474e+06	6.84463e-05	
11968	12944	2780	28.7502	28.1162	2113	28	5	615	19	84	514	4	1.05648	1.25642e+06	5.84864e-05	
11859	13291	2772	35.4491	30.1292	2000	29	10	638	26	74	522	5	1.67135	909493	6.50026e-05	
11882	13083	2702	33.6966	27.7309	2132	31	8	619	2	90	503	4	1.32288	1.01919e+06	6.22161e-05	
11847	13259	2775	29.1588	28.1973	2052	31	5	610	1	89	526	4	1.63349	1.07532e+06	5.98444e-05	
11847	12894	2729	33.1066	25.1346	2008	29	8	626	0	82	513	5	1.12732	1.16381e+06	5.97372e-05