11504	13387	2717	36.5617	35	2000	31	9	643	9	69	514	5	2.19034	773068	7.41675e-05	
12100	12550	2715	29.1536	32.7072	2131	32	8	620	17	66	491	5	0.361922	909387	0.000253293	
12100	12554	2754	28.5079	34.6952	2114	29	9	623	22	67	513	5	0.370304	865219	0.000289771	
12100	13365	2769	21	25	2107	29	6	640	12	83	529	5	1.40034	1.70184e+06	5.32623e-05	
12100	13411	2759	21	25	2107	29	6	640	12	83	529	5	1.45881	1.66285e+06	5.32425e-05	
11310	13190	2706	36.176	35	2076	32	9	635	24	66	494	5	2.14039	766609	7.59936e-05	
12097	12554	2745	28.5477	34.0914	2124	29	7	608	18	68	511	6	0.37295	885123	0.000271592	
12100	12550	2748	29.0819	34.0914	2124	32	7	603	18	73	515	6	0.366113	905799	0.000257467	
12100	12550	2745	28.7524	34.6952	2107	28	9	621	14	75	513	5	0.364721	872646	0.000285388	
12057	13257	2785	21.8869	25	2075	30	5	637	10	76	524	5	1.32653	1.62941e+06	5.40307e-05	
12100	13401	2754	21.8243	25	2057	29	6	622	17	83	529	5	1.45503	1.55934e+06	5.37288e-05	
12100	12550	2700	32.2632	25	2109	28	7	643	19	71	516	5	0.366524	1.127e+06	0.000148017	
12100	12550	2740	28.8558	34.6246	2135	30	8	618	20	65	515	5	0.364374	876708	0.000276778	
12100	12550	2736	29.4493	33.8241	2090	30	8	613	18	60	494	5	0.365546	929576	0.000234962	
12100	12550	2702	32.9114	26.0582	2152	31	6	637	6	70	509	5	0.367723	1.1312e+06	0.000139997	
12100	12554	2753	29.4743	34.0914	2122	32	7	606	18	70	522	6	0.373053	954563	0.000220313	
12100	13257	2785	21.8869	25	2092	30	5	621	5	76	530	5	1.27243	1.67683e+06	5.39665e-05	
12097	12554	2743	29.4743	34.0914	2124	32	7	606	18	64	511	6	0.375422	960465	0.000213083	
12097	12554	2757	28.9509	34.2823	2000	32	7	610	14	64	504	5	0.375841	922634	0.000241546	
12100	13383	2790	21.8243	25	2065	28	8	621	14	75	526	5	1.4489	1.58259e+06	5.33988e-05	
12100	12550	2743	29.4743	30.7676	2124	32	7	603	18	68	511	6	0.36655	952688	0.000230044	
12100	13411	2752	21.9359	25	2107	29	6	640	12	83	529	5	1.46927	1.54328e+06	5.34788e-05	
12100	12550	2736	30.4776	33.8241	2035	30	8	606	18	60	494	5	0.368074	991197	0.000191571	
12100	12550	2743	29.1536	32.7072	2131	32	8	620	13	87	491	5	0.365655	923836	0.000250564	
12100	12550	2743	29.6267	33.3632	2098	32	9	606	18	60	494	5	0.366956	943841	0.000225073	
12096	12550	2743	30.8177	33.6226	2108	32	8	600	18	70	511	6	0.374712	1.01887e+06	0.000174125	
12100	12550	2740	31.7968	35	2131	32	8	620	20	73	491	5	0.371194	1.03112e+06	0.000160488	
12043	12578	2723	25.6624	33.508	2039	31	8	637	21	71	496	5	0.454604	917350	0.000245179	
12092	12550	2750	29.4743	34.0914	2093	32	7	603	18	74	508	6	0.377437	968904	0.000209952	
12100	12550	2700	31.3258	26.0838	2063	31	7	641	19	71	513	5	0.364942	1.08694e+06	0.00016518	
12100	12554	2757	28.5079	34.6952	2107	28	9	621	14	75	513	5	0.370708	870429	0.000289017	
12094	12550	2731	30.0464	33.4403	2098	32	8	619	18	60	491	5	0.373818	990182	0.000193349	
12094	12989	2800	27.5063	25	2060	29	7	621	12	76	525	5	0.961956	1.48178e+06	5.56855e-05	
12097	12554	2739	30.1661	34.0914	2135	32	7	606	24	65	487	6	0.376623	998165	0.000187512	
11374	13182	2714	36.5617	34.8411	2074	31	9	624	13	78	510	5	2.06255	777766	7.40631e-05	
12097	12550	2757	28.9509	34.2823	2000	32	7	610	14	64	504	6	0.370666	903938	0.000256279	
12100	13120	2785	23.8248	25	2101	30	5	629	7	77	524	5	1.10536	1.5954e+06	5.47825e-05	
12099	12554	2753	30.0062	34.0914	2135	32	7	610	31	64	522	5	0.375671	988040	0.000195848	
11928	12801	2772	26.4964	25	2123	31	9	626	15	82	509	4	0.903353	1.49667e+06	5.76037e-05	
12100	12554	2739	30.691	34.0914	2001	30	7	611	17	76	508	6	0.374083	1.01533e+06	0.000177557	
12100	12550	2748	29.2551	32.7674	2040	30	8	611	19	67	515	6	0.366611	926202	0.000244618	
12097	12551	2753	31.1085	34.0914	2139	32	7	610	20	73	509	6	0.376715	1.02932e+06	0.00016728	
12100	12550	2743	30.8177	34.0914	2108	32	8	600	18	68	511	6	0.369748	1.00615e+06	0.000181225	
11985	13472	2793	21.8243	25	2002	28	8	629	12	77	530	5	1.7199	1.46838e+06	5.38068e-05	
11445	13274	2717	36.5617	35	2000	32	9	643	7	69	514	4	2.10613	769313	7.48335e-05	
12100	13257	2785	21.8869	25	2092	30	5	621	7	76	524	5	1.27243	1.67411e+06	5.41213e-05	
12100	12550	2773	28.8558	34.0914	2135	32	8	618	20	65	515	5	0.368763	884017	0.000274801	
12097	12550	2743	30.0464	33.8241	2096	32	8	606	18	60	494	5	0.371738	979443	0.000199641	
12033	13243	2790	22.0437	25	2020	29	9	642	22	75	529	5	1.34183	1.58496e+06	5.41419e-05	
12100	12550	2736	30.0464	33.8241	2041	30	8	606	18	60	494	5	0.367075	968913	0.00020674	
12100	12550	2743	32.1683	35	2140	30	7	611	5	69	514	6	0.372212	1.03729e+06	0.000154131	
12097	12554	2753	28.9509	34.2823	2012	32	7	610	14	64	504	6	0.375295	921727	0.000241721	
12097	12554	2743	28.5477	34.0914	2124	32	7	606	18	68	511	6	0.372678	882540	0.000272035	
12097	12552	2754	31.908	34.9957	2133	32	8	606	18	65	516	6	0.379602	1.04155e+06	0.000152068	
12097	12554	2747	29.4743	34.0914	2118	32	7	635	18	68	519	6	0.375969	968516	0.000212269	
12100	12554	2743	31.7429	35	2140	31	7	611	18	69	513	6	0.376656	1.0362e+06	0.000156152	
12100	12550	2732	30.1085	31.7732	2134	32	8	609	17	63	517	6	0.366687	983627	0.00020247	
11521	13323	2714	36.5617	35	2000	32	9	646	8	69	529	5	2.08134	774415	7.39973e-05	
12100	13435	2754	21.8243	25	2057	29	6	622	17	82	529	5	1.502	1.53728e+06	5.37403e-05	
11504	13347	2717	36.5617	35	2000	31	9	643	7	69	514	5	2.13603	773502	7.4162e-05	
12100	12550	2737	31.8831	34.0973	2108	28	8	608	19	65	515	5	0.370933	1.03512e+06	0.000158504	
11465	13251	2714	36.5617	34.7706	2000	32	9	650	8	69	474	5	2.0496	766845	7.59936e-05	
11989	13481	2782	21.8243	25.0309	2121	29	5	634	8	76	522	5	1.72076	1.47809e+06	5.37201e-05	
12100	13104	2777	25.0674	25.0927	2096	30	4	627	10	81	516	4	1.08971	1.52102e+06	5.49995e-05	
12099	12550	2743	29.6267	33.3632	2098	32	8	606	18	60	494	5	0.368197	948572	0.000222124	
12100	12554	2743	32.1683	35	2140	31	7	611	18	69	514	6	0.377361	1.04424e+06	0.000149488	
12100	12550	2743	29.4743	34.0914	2124	32	7	603	18	68	511	6	0.36655	933533	0.000232829	
12069	12554	2754	35.7824	34.6952	2118	30	9	628	18	78	503	5	0.421404	1.14615e+06	0.000100361	
11671	13413	2722	37	34.2242	2097	31	9	643	12	72	514	5	2.03304	793148	7.1803e-05	
12049	13318	2769	22.352	25	2107	29	6	631	12	83	521	5	1.41875	1.52751e+06	5.37953e-05	
11985	13383	2790	21.8243	25	2106	28	8	621	12	75	530	5	1.59341	1.51593e+06	5.33874e-05	
11740	13494	2796	37	35	2025	30	5	625	8	89	524	4	2.11775	808705	7.03977e-05	
12100	12550	2748	29.4655	32.7674	2105	31	8	611	19	67	515	6	0.367194	941706	0.000231857	
12097	12550	2752	33.5006	33.5728	2050	32	9	601	16	65	490	4	0.379015	1.0789e+06	0.000133761	
11940	13500	2788	32.9921	28.5123	2006	29	8	635	5	76	526	5	1.86976	990502	6.13234e-05	
12097	12554	2743	30.2817	34.0216	2128	32	8	616	22	65	530	6	0.377443	1.00582e+06	0.000183318	
12100	13331	2752	21.9359	25	2107	29	6	640	12	83	529	5	1.35922	1.60116e+06	5.35246e-05	
12100	12550	2743	31.1765	34.0914	2103	31	7	603	18	68	511	6	0.370469	1.01949e+06	0.000172384	
12100	12554	2743	34.7927	35	2140	29	7	611	18	69	514	6	0.380528	1.08782e+06	0.000122911	
12100	12550	2728	29.5346	26.5012	2063	31	7	639	19	72	504	5	0.364706	994790	0.000223309	
12097	12552	2752	31.908	34.9957	2073	32	8	606	18	65	516	6	0.379326	1.04268e+06	0.000152207	
12088	12554	2763	34.7816	34.0914	2136	31	8	620	15	66	516	6	0.39829	1.11672e+06	0.000114233	
12097	12554	2751	32.8991	34.9957	2128	29	8	612	18	63	517	6	0.383273	1.06296e+06	0.000137005	
11739	13494	2747	37	35	2025	30	5	625	8	77	524	4	2.08185	797707	7.14541e-05	
12100	12550	2700	31.3258	26.0838	2062	31	7	636	19	71	513	5	0.364942	1.08604e+06	0.000165207	
11454	13274	2717	36.5617	35	2000	32	9	646	7	69	514	5	2.09566	770209	7.48167e-05	
12100	13257	2785	22.2709	25	2107	30	6	621	10	76	519	5	1.27743	1.62229e+06	5.41067e-05	
12100	12550	2700	31.8054	25	2113	28	7	643	19	71	501	5	0.365789	1.11453e+06	0.000155352	
12089	12550	2743	29.4743	34.1261	2124	31	7	606	18	68	511	6	0.380198	975665	0.000203087	
11486	13255	2709	36.5617	34.4242	2076	32	9	627	9	64	492	5	2.02678	777067	7.46659e-05	
11891	13426	2790	36.5262	34.0516	2051	30	9	616	20	79	510	4	1.83134	823285	6.91563e-05	
12100	12550	2743	30.8177	31.4135	2108	32	8	600	18	79	508	6	0.369748	1.02435e+06	0.000179244	
11698	12791	2709	34.2791	29.4078	2097	30	9	639	32	78	517	4	1.16414	974026	6.48971e-05	
12025	13500	2800	31.3673	29.719	2154	29	7	623	5	85	509	5	1.76852	1.00771e+06	6.06355e-05	
12100	12598	2722	37	27.03	2059	29	7	632	16	83	496	5	0.435351	1.28211e+06	8.84721e-05	
12100	12550	2706	34.1027	32.9709	2069	31	7	634	29	81	497	6	0.369667	1.08072e+06	0.000131337	
12100	12578	2706	34.3409	35	2000	31	6	647	7	72	513	5	0.405492	1.11248e+06	0.00011157	
11028	12695	2749	36.7422	34.4355	2113	31	10	635	18	84	485	5	1.84014	780315	7.60398e-05	
12100	12550	2743	29.6267	32.758	2088	32	9	606	18	63	494	4	0.366956	947915	0.000224316	
12100	12554	2743	29.4743	34.0914	2124	32	7	606	18	70	511	6	0.371698	951291	0.000220799	
11151	12651	2765	36.3846	33.9733	2009	31	8	634	2	65	466	6	1.65197	787826	7.6365e-05	
12095	12550	2740	33.2888	34.7331	2096	32	9	620	20	73	491	5	0.379584	1.06812e+06	0.00013488	
12097	12554	2754	33.7629	34.6113	2128	32	8	606	18	65	516	6	0.384764	1.08027e+06	0.000128353	
12069	12554	2754	34.6678	34.6952	2118	30	9	629	18	76	503	5	0.420528	1.13403e+06	0.00010513	
12100	12578	2718	36.1233	26.8462	2000	29	6	647	4	64	495	5	0.408673	1.25889e+06	9.89022e-05	
11912	12691	2775	34.7484	30.96	2016	29	9	637	23	76	519	6	0.798582	1.13301e+06	6.51042e-05	
11462	13144	2714	36.5617	34.8411	2076	31	7	624	13	71	509	5	1.90981	783647	7.3779e-05	
12083	12554	2745	32.4885	35	2002	28	8	614	18	70	516	6	0.39923	1.07716e+06	0.000129467	
11493	13274	2717	36.5617	35	2000	32	9	646	12	69	514	5	2.05019	771761	7.4599e-05	
12097	12550	2745	30.0464	34.0914	2125	32	10	606	14	73	488	5	0.372009	981268	0.000199164	
12100	12550	2749	34.9661	34.4604	2092	28	8	631	21	68	516	5	0.376349	1.08974e+06	0.000124131	
12067	13046	2779	24.9594	25.0927	2075	29	8	628	10	79	518	5	1.05244	1.52865e+06	5.53281e-05	
12049	12835	2749	29.2836	25.4044	2070	28	7	642	17	85	493	4	0.801892	1.46107e+06	5.90563e-05	
11951	12894	2750	34.7223	33.2647	2122	32	8	646	2	82	510	4	1.01048	957940	6.73355e-05	
12100	13318	2761	22.8182	25	2084	30	5	621	10	77	530	4	1.35637	1.51866e+06	5.40482e-05	
11028	12742	2730	36.383	35	2099	30	7	635	25	85	485	5	1.88824	778310	7.64117e-05	
11374	13144	2714	36.6574	34.8411	2076	31	9	623	10	78	509	5	2.01185	777351	7.41345e-05	
12083	12550	2731	30.691	34.3328	2054	28	8	600	18	68	505	5	0.38886	1.03487e+06	0.000158907	
11918	13496	2800	32.9349	29.0935	2000	29	7	631	13	79	521	5	1.89956	978426	6.18238e-05	
12033	13243	2790	24.8948	25	2014	29	8	640	15	75	529	5	1.36901	1.36448e+06	5.47855e-05	
12058	12554	2754	28.5079	34.6952	2107	28	9	621	14	69	513	5	0.422558	1.02717e+06	0.000171057	
12100	12550	2743	31.7937	34.0914	2108	32	8	600	18	68	511	6	0.371595	1.03372e+06	0.000160026	
12100	12550	2749	30.0464	31.7618	2126	32	8	605	18	63	491	5	0.368819	982896	0.000204583	
11967	12747	2716	35.9977	27.03	2059	29	7	632	16	83	496	5	0.788151	1.22721e+06	6.27313e-05	
12100	12913	2700	32.9514	25	2048	31	9	622	24	81	529	5	0.833992	1.33876e+06	5.91121e-05	
12100	12552	2743	33.1939	34.7309	2153	29	8	637	18	80	489	5	0.376249	1.06476e+06	0.000138332	
11797	12801	2772	26.4964	25	2112	29	9	634	14	78	509	4	1.06446	1.39249e+06	5.63666e-05	
11028	12712	2734	36.383	35	2108	31	9	635	18	85	485	5	1.85198	775323	7.65111e-05	
12097	12606	2759	34.2893	35	2160	32	8	608	21	65	516	6	0.453494	1.16083e+06	9.64692e-05	
12100	13500	2793	21.0217	25	2060	29	4	621	12	80	524	5	1.6022	1.61531e+06	5.32566e-05	
12054	12550	2700	35.1798	26.2808	2008	31	8	647	34	69	509	5	0.425911	1.26643e+06	9.49848e-05	
12097	12550	2754	34.3521	34.6113	2128	32	8	606	18	65	530	6	0.380214	1.08323e+06	0.00012655	
11763	13469	2733	37	35	2005	29	9	621	10	75	519	4	2.00797	785610	7.18236e-05	
12100	12550	2754	30.8809	34.4784	2050	30	8	610	13	60	506	4	0.371362	1.00912e+06	0.000179662	
11847	12841	2767	35.0058	33.4864	2032	30	8	623	23	75	530	6	1.07449	925916	6.80828e-05	
11964	13307	2738	34.143	28.8421	2080	29	10	642	25	76	519	5	1.54341	966445	6.25861e-05	
11835	12785	2786	37	27.9202	2127	29	10	609	21	76	516	5	1.02322	1.04758e+06	6.35405e-05	
11824	13034	2738	35.4877	34.9392	2101	29	8	619	35	73	508	5	1.34706	834522	7.04821e-05	
11374	12850	2715	35.9349	34.8411	2076	32	10	632	13	79	514	5	1.62434	790262	7.37518e-05	
12100	12550	2754	30.273	34.2152	2135	32	8	606	18	63	515	5	0.370029	982664	0.000197472	
12100	12550	2743	29.1536	32.7072	2131	32	8	620	18	66	491	5	0.365655	914940	0.000251953	
11956	12892	2729	31.1101	25	2098	30	10	649	20	70	503	4	0.989083	1.25424e+06	5.88859e-05	
11936	12866	2797	31.3673	29.719	2035	29	8	623	5	76	524	5	1.00421	1.13435e+06	6.16067e-05	
12026	13396	2762	36.1899	32.924	2111	30	9	626	24	79	508	5	1.60446	860036	6.72405e-05	
11928	13046	2777	24.4885	25.0927	2075	29	8	628	10	79	518	5	1.22157	1.43723e+06	5.51359e-05	
12022	13215	2773	31.9786	26.095	2140	28	7	628	17	86	513	6	1.36164	1.15064e+06	5.78336e-05	
12096	12554	2715	30.691	34.0914	2054	28	8	601	12	68	517	5	0.375719	1.01454e+06	0.000171969	
11956	13496	2788	32.9921	28.9627	2012	29	8	634	10	70	525	5	1.8442	978316	6.19195e-05	
11503	13037	2743	36.7088	34.9641	2099	32	6	615	20	70	513	5	1.73836	792424	7.3416e-05	
11667	13351	2776	36.2692	33.5697	2148	31	7	636	19	83	524	4	1.99173	833041	6.88895e-05	
12100	12567	2751	36.4753	28.246	2053	30	6	647	16	82	516	5	0.399614	1.2159e+06	0.000102733	
12059	12601	2746	37	28.9939	2052	31	9	624	19	82	502	5	0.493933	1.28378e+06	7.75374e-05	
11504	13333	2717	36.5617	35	2000	31	9	643	3	69	514	5	2.11706	773653	7.41455e-05	
11454	13274	2717	36.5617	35	2127	31	10	625	7	69	514	6	2.09566	776455	7.38171e-05	
11699	13188	2741	36.6374	34.9341	2021	31	9	616	22	86	509	4	1.70686	794391	7.19373e-05	
12100	13194	2793	23.7412	25	2060	29	7	621	18	78	524	5	1.20947	1.53352e+06	5.41594e-05	
12033	13243	2790	21.8243	25	2020	29	9	640	15	75	529	5	1.33886	1.61254e+06	5.41008e-05	
11928	12801	2772	26.4964	25	2123	30	9	633	17	82	509	4	0.903353	1.50263e+06	5.73855e-05	
11374	13100	2714	36.5617	34.8411	2090	30	9	624	13	82	516	5	1.95322	783971	7.347e-05	
12100	13120	2785	29.9859	25	2092	30	5	631	10	89	524	5	1.1352	1.31743e+06	5.58347e-05	
12090	13193	2784	30.0929	25.6411	2094	29	5	621	25	88	510	5	1.24761	1.24077e+06	5.66829e-05	
12100	12550	2754	30.273	34.2152	2118	30	8	606	18	63	515	5	0.370029	983545	0.000197394	
12100	13104	2774	26.4964	25.0927	2096	30	4	628	10	81	530	4	1.09662	1.45141e+06	5.48461e-05	
12083	12554	2715	32.6855	34.0914	2054	28	8	602	12	68	508	5	0.39515	1.07744e+06	0.000127812	
11985	12656	2725	32.9349	26.9996	2006	29	7	618	13	79	521	5	0.648119	1.38245e+06	6.45494e-05	
12088	12554	2791	36.8157	34.0862	2090	31	9	624	22	65	530	6	0.403713	1.1496e+06	0.000103875	
12100	12598	2739	37	30.528	2056	30	10	623	19	82	507	5	0.43807	1.21454e+06	8.9815e-05	
11989	13352	2794	25.7928	25	2094	29	9	642	13	76	524	5	1.58318	1.2751e+06	5.48817e-05	
11882	12852	2704	30.6453	26.729	2040	29	8	627	4	72	516	5	1.01623	1.1927e+06	6.01395e-05	
11853	12778	2740	31.4729	25.6915	2074	28	7	637	1	78	530	4	0.969529	1.27294e+06	5.82751e-05	
12097	12554	2738	36.106	34.0914	2135	32	8	618	22	65	507	6	0.384517	1.11805e+06	0.000112841	
11486	12851	2721	37	34.4242	2084	31	9	628	9	64	492	5	1.49954	789307	7.44158e-05	
11766	12696	2746	35.9814	34.4001	2092	32	8	650	4	70	477	4	0.975199	894236	7.21241e-05	
12029	13081	2725	37	28.1845	2018	29	9	620	14	87	500	4	1.15489	999897	6.3861e-05	
11825	13494	2760	37	32.3638	2018	30	9	621	10	77	520	4	1.98711	836455	6.84369e-05	
11851	13489	2788	32.9921	28.5123	2006	29	8	635	5	75	526	5	1.96468	982547	6.17436e-05	
11944	13329	2772	30.9874	30.382	2115	31	5	613	1	89	528	4	1.61301	997074	6.18888e-05	
11949	12835	2742	31.1135	25.6182	2037	28	5	645	20	85	497	4	0.927221	1.32116e+06	5.86166e-05	
12028	13258	2766	37	34.6841	2079	32	8	638	4	83	489	4	1.41455	828374	7.01557e-05	
11810	12641	2741	36.0227	28.3106	2087	31	6	644	0	71	496	5	0.84888	1.12297e+06	6.50237e-05	
12097	12785	2793	36.1272	33.9695	2140	29	8	634	29	76	518	6	0.69784	1.15618e+06	6.77828e-05	
11799	13228	2750	37	33.2421	2082	31	7	643	2	89	502	5	1.64611	837129	6.91706e-05	
12054	12713	2704	34.1448	25.0533	2160	31	7	647	3	71	497	5	0.63375	1.44666e+06	6.39182e-05	
12097	12550	2749	34.9661	35	2086	29	8	631	21	68	516	5	0.380081	1.09011e+06	0.000122249	
12054	12578	2704	35.1798	25.749	2160	28	6	647	3	69	497	5	0.462103	1.32689e+06	8.47745e-05	
11897	12550	2746	33.9553	25	2052	30	6	613	22	84	524	5	0.625122	1.45509e+06	6.391e-05	
12097	12550	2762	36.9214	33.9695	2148	29	8	618	13	65	512	6	0.383142	1.12652e+06	0.000110619	
12010	13226	2790	21.8243	25	2014	29	8	640	15	75	529	5	1.34424	1.60944e+06	5.41375e-05	
12100	12554	2730	37	28.3114	2062	32	8	602	14	78	493	6	0.380157	1.18973e+06	0.00010777	
12100	12550	2773	28.8558	34.5038	2135	29	8	607	18	61	515	5	0.368763	880056	0.000275482	
11830	13283	2799	29.5986	27.9747	2074	29	7	650	8	88	521	4	1.70325	1.06653e+06	5.90145e-05	
12096	12598	2740	37	28.9091	2056	29	7	632	9	83	496	5	0.443189	1.25348e+06	8.77578e-05	
11882	13083	2766	33.471	27.7309	2132	31	8	619	2	90	501	4	1.35395	1.03361e+06	6.13987e-05	
12083	12550	2717	31.2273	34.0914	2061	28	8	649	20	66	511	5	0.387942	1.05111e+06	0.000149343	
12100	12578	2724	36.1233	26.3502	2005	29	7	647	4	64	495	5	0.409576	1.26453e+06	9.85513e-05	
12083	12550	2743	29.6267	35	2098	32	8	641	18	60	496	5	0.388043	998300	0.000186185	
11914	13049	2738	35.4877	34.8222	2101	29	8	619	35	73	496	5	1.2577	849787	7.02593e-05	
11960	12727	2790	30.3712	25	2034	29	8	621	14	81	513	5	0.78416	1.46244e+06	5.88582e-05	
11538	13274	2721	37	34.4242	2076	32	9	643	11	69	512	5	2.00068	781393	7.34538e-05	
11968	12944	2780	28.7502	28.1162	2113	28	5	615	19	84	514	4	1.05648	1.25652e+06	5.84864e-05	
11998	12550	2729	35.5724	29.1438	2011	30	10	632	27	79	498	5	0.499514	1.27381e+06	7.83453e-05	
12100	12550	2743	34.4787	32.8176	2123	32	8	606	13	71	517	5	0.375094	1.09102e+06	0.00012721	
11936	13500	2797	31.3673	29.719	2035	29	7	623	5	88	524	5	1.87816	989197	6.1177e-05	
11990	13500	2795	31.1232	29.3239	2132	29	5	615	14	83	520	5	1.80881	1.02778e+06	6.02627e-05	
12054	12708	2713	35.4912	25.3948	2160	31	6	625	25	71	497	5	0.630574	1.43558e+06	6.40205e-05	
12035	12550	2700	35.5145	26.2808	2149	31	9	638	3	74	497	5	0.449268	1.28603e+06	8.70322e-05	
11858	12609	2738	35.4475	25	2056	31	6	650	20	82	519	5	0.748042	1.3571e+06	6.11845e-05	
12097	12550	2767	33.6299	34.7839	2144	30	8	603	16	65	496	6	0.381234	1.07469e+06	0.000132661	
12077	12554	2743	35.3434	35	2148	32	8	606	18	63	516	5	0.4095	1.12811e+06	0.00010618	
12097	12550	2757	28.9509	35	2000	32	7	610	14	64	499	6	0.370666	900637	0.000257069	
12079	13500	2800	29.5166	25	2057	29	4	621	12	80	526	5	1.69611	1.21941e+06	5.56731e-05	
11950	12957	2800	34.3768	26.7302	2094	30	5	627	5	80	523	5	1.11502	1.15347e+06	5.99449e-05	
11838	12550	2728	32.98	25.7194	2069	30	8	616	20	87	523	5	0.691297	1.39618e+06	6.18085e-05	
12100	13350	2790	34.3764	33.3137	2051	30	9	617	20	79	504	4	1.46199	885752	6.65026e-05	
11990	13500	2800	32.7374	31.2626	2132	29	6	616	14	83	526	5	1.8148	949662	6.26999e-05	
11926	13104	2751	30.2044	26.9205	2065	29	5	630	3	83	519	5	1.31536	1.14523e+06	5.86682e-05	
12054	12640	2713	36.1943	25.4875	2160	31	6	647	14	71	505	5	0.543621	1.43043e+06	6.9633e-05	
12010	12550	2725	33.7223	35	2091	30	9	610	20	63	472	6	0.482425	1.18151e+06	8.91027e-05	
11915	12785	2786	35.4757	28.1081	2127	29	10	624	21	76	516	5	0.923328	1.12525e+06	6.22626e-05	
12100	12554	2709	35.4215	34.0914	2043	28	9	643	20	68	506	5	0.376312	1.09716e+06	0.000119104	
11944	13435	2741	35.4808	29.7781	2079	30	8	649	8	86	518	4	1.74616	925155	6.38855e-05	
11022	13308	2785	27.0905	25	2076	29	4	624	23	78	524	5	1.27743	1.62129e+06	5.41389e-05	
11968	12842	2797	35.6955	26.0747	2001	31	9	650	3	75	510	5	0.937297	1.17447e+06	6.15612e-05	
12100	13411	2800	24.6701	25	2014	29	6	621	5	80	529	4	1.52205	1.35061e+06	5.42064e-05	
11538	13274	2717	37	34.4988	2088	32	9	614	14	69	512	5	1.99774	779535	7.36106e-05	
12077	12550	2743	34.6348	34.9957	2138	32	8	615	13	63	516	5	0.403762	1.11367e+06	0.000111907	
12097	12554	2760	36.4085	29.3608	2135	32	5	618	19	66	528	6	0.387783	1.1863e+06	0.000108578	
12100	12550	2708	31.8054	25.8572	2113	28	7	643	17	73	501	5	0.366873	1.10537e+06	0.000155594	
12038	13147	2797	34.3768	32.1181	2036	29	6	634	5	86	523	5	1.26272	956395	6.43956e-05	
11677	13157	2741	36.2231	34.9341	2021	31	9	616	22	87	497	4	1.69115	796581	7.20617e-05	
12024	12550	2743	36.0471	30.6055	2138	31	6	644	3	75	501	5	0.470355	1.24731e+06	8.38645e-05	
12100	12604	2768	35.4103	34.2332	2107	28	9	618	18	70	512	5	0.449584	1.17452e+06	9.3668e-05	
12021	13317	2794	36.4496	32.5314	2126	29	10	617	12	88	501	4	1.51927	875235	6.62603e-05	
12100	13138	2739	30.6944	25	2017	28	7	626	0	82	512	5	1.14227	1.25166e+06	5.70841e-05	
11964	12600	2796	32.9349	26.9996	2153	29	7	630	13	79	528	5	0.617383	1.40777e+06	6.6357e-05	
12100	13376	2759	27.271	25.5712	2003	29	6	621	12	83	519	4	1.46562	1.23207e+06	5.61482e-05	
12030	12866	2748	36.3991	31.1995	2124	32	7	630	20	61	518	5	0.876547	1.03968e+06	6.68986e-05	
12100	12805	2736	32.9514	25	2039	31	9	622	29	81	529	5	0.703063	1.43398e+06	6.1024e-05	
12054	12550	2704	35.9118	26.8832	2001	31	7	638	4	71	501	5	0.427058	1.26848e+06	9.26612e-05	
11928	12801	2772	26.4964	25	2123	29	9	634	17	82	509	4	0.903353	1.50731e+06	5.71788e-05	
11445	13139	2717	36.5617	35	2000	32	9	643	7	69	513	4	1.92504	771230	7.48615e-05	
11908	12550	2717	36.5115	25.1034	2057	29	8	624	24	88	502	6	0.607209	1.40901e+06	6.45245e-05	
12037	12554	2763	36.8179	35	2136	29	8	620	12	66	518	6	0.463235	1.18499e+06	8.63782e-05	
12068	13402	2790	21.8243	25	2008	28	8	640	12	78	525	5	1.51579	1.53423e+06	5.3697e-05	
12100	13120	2785	25.338	25	2092	30	5	629	10	89	524	5	1.11642	1.49932e+06	5.44573e-05	
11825	13351	2776	36.2692	33.5697	2148	31	7	636	24	83	524	4	1.79905	842892	6.80504e-05	
12065	13034	2730	35.4877	34.9548	2101	29	8	622	33	73	503	5	1.04922	900255	6.95701e-05	
12097	12554	2747	30.1661	34.0914	2135	32	7	606	20	65	487	6	0.377723	999602	0.000187231	
12026	13416	2762	36.1899	32.924	2156	30	9	626	24	79	508	5	1.63215	860548	6.70331e-05	
11858	13223	2750	28.9044	25.0529	2039	30	10	617	20	89	529	5	1.55561	1.15506e+06	5.71559e-05	
12100	12550	2700	31.145	27.1989	2063	31	8	641	6	71	501	5	0.364601	1.06631e+06	0.000169895	
12086	12553	2743	33.1939	34.7309	2145	29	8	611	18	80	516	6	0.394904	1.08269e+06	0.00012577	
12000	12723	2773	36.9387	34.5547	2056	31	8	620	14	77	479	4	0.73251	1.04592e+06	7.07714e-05	
11677	13220	2741	36.2231	34.9341	2021	31	9	616	22	87	497	4	1.77629	794195	7.20617e-05	
12018	12589	2733	36.023	33.2711	2032	30	8	600	15	72	505	4	0.526083	1.22029e+06	7.65404e-05	
11982	12617	2755	35.1547	34.0487	2043	29	8	640	12	68	516	5	0.610557	1.19514e+06	7.12301e-05	
12079	12608	2716	37	25	2056	30	7	632	35	67	475	4	0.472977	1.3852e+06	7.9139e-05	
12100	12554	2743	35.2267	35	2121	29	7	624	18	67	510	5	0.380887	1.09495e+06	0.00011999	
12100	12550	2743	30.0464	32.7072	2135	32	8	609	17	63	491	6	0.368014	977037	0.000205508	
12100	12598	2718	37	28.4964	2067	29	7	632	16	83	496	5	0.434711	1.25046e+06	8.9214e-05	
12079	12600	2716	37	25	2056	30	7	632	35	67	475	4	0.462739	1.37467e+06	8.1103e-05	
12100	12550	2726	31.145	26.5012	2063	31	7	646	19	72	504	5	0.368112	1.08309e+06	0.00016852	
12069	12628	2742	37	26.9013	2124	31	6	610	3	75	499	5	0.515755	1.37334e+06	7.32279e-05	
12095	12925	2740	33.2888	34.7331	2096	32	9	623	20	73	523	5	0.868863	1.02003e+06	6.83013e-05	
12097	12554	2754	34.6348	34.9957	2128	29	8	612	18	65	517	6	0.385651	1.09137e+06	0.000121669	
11445	12618	2717	36.5617	35	2000	32	9	634	4	69	507	4	1.24351	796986	7.50525e-05	
12100	12577	2743	36.4493	34.5035	2135	32	8	606	23	72	481	5	0.41133	1.14845e+06	0.00010142	
11618	12679	2741	37	33.9662	2063	29	6	630	6	86	461	6	1.12926	854261	7.21711e-05	
11893	12882	2739	35.5827	32.5051	2053	31	9	622	34	81	462	6	1.06212	917111	6.94686e-05	
11935	13205	2725	29.1131	27.7132	2160	28	10	609	11	70	507	5	1.4245	1.09661e+06	5.95664e-05	
11751	12851	2734	35.9177	26.2525	2067	29	9	649	15	83	524	5	1.19129	1.0546e+06	6.2081e-05	
12082	13163	2777	26.941	26.2545	2080	30	7	632	21	87	498	5	1.20293	1.29274e+06	5.69736e-05	
11961	12835	2740	30.1902	25.6448	2037	28	6	645	1	81	491	4	0.909857	1.34012e+06	5.85617e-05	
12024	13351	2764	29.8557	31.3057	2154	29	6	645	15	89	520	5	1.53701	1.00137e+06	6.15309e-05	
11761	13199	2754	37	34.1515	2148	31	9	631	19	86	501	5	1.65516	816155	7.02642e-05	
12024	13425	2800	29.8557	32.1967	2096	31	8	644	10	84	527	6	1.66073	964343	6.28062e-05	
12088	12640	2721	34.7816	34.0862	2133	30	8	620	17	65	498	6	0.502436	1.20679e+06	8.2352e-05	
12083	12550	2743	29.6267	33.9764	2098	32	9	606	18	60	490	5	0.388043	999554	0.000185805	
11826	12854	2745	34.4508	28.2868	2118	29	9	650	10	81	515	4	1.10811	1.04346e+06	6.24298e-05	
12100	12550	2763	28.8558	34.5038	2013	29	8	607	11	61	512	5	0.367433	876933	0.000276625	
12053	12578	2714	37	28.0673	2000	29	7	646	18	72	497	5	0.466141	1.29055e+06	8.1473e-05	
12024	12550	2745	37	30.9757	2046	29	7	618	5	76	502	5	0.471205	1.24308e+06	8.20749e-05	
12013	12737	2778	37	29.8755	2087	31	9	634	23	73	500	5	0.736151	1.16656e+06	6.57203e-05	
12100	12554	2752	36.2386	33.9093	2095	31	8	647	14	76	484	6	0.382827	1.12153e+06	0.000113585	
12044	13402	2782	35.1858	25.0754	2003	28	8	621	12	80	529	4	1.6012	1.10086e+06	5.88374e-05	
12094	12950	2800	27.5063	25	2060	29	7	621	12	77	514	5	0.909009	1.50621e+06	5.66027e-05	
11989	13482	2785	25.7928	25	2092	29	4	642	15	76	524	5	1.75968	1.27928e+06	5.48035e-05	
11825	13351	2770	36.2692	33.5697	2148	31	7	636	24	83	513	4	1.79516	840065	6.83948e-05	
12100	13402	2783	22.2705	25	2002	28	8	621	12	75	526	5	1.47759	1.5125e+06	5.38735e-05	
12044	12553	2738	34.9648	34.1927	2018	31	7	622	24	60	506	6	0.447923	1.17499e+06	9.41797e-05	
11876	12899	2711	35.4825	33.7635	2157	30	4	619	24	75	520	4	1.09389	913171	6.86248e-05	
12100	13019	2743	36.5832	34.6763	2038	31	6	621	20	64	513	5	0.991472	914196	7.04126e-05	
12046	13307	2738	36.3387	29.5584	2068	29	10	642	25	76	512	4	1.44433	930835	6.42756e-05	
12054	12550	2708	35.5805	35	2069	30	7	643	26	75	503	5	0.427469	1.14701e+06	9.77135e-05	
12100	12550	2756	36.0963	34.716	2032	28	7	611	22	60	491	5	0.378125	1.10823e+06	0.00011711	
12100	12578	2706	35.5655	26.3502	2000	31	7	647	4	68	495	5	0.406508	1.24809e+06	0.000101215	
12008	12550	2743	36.2919	32.0971	2134	32	8	606	17	75	511	6	0.490223	1.23386e+06	8.03019e-05	
12046	12976	2738	33.9476	30.2923	2152	29	10	638	25	74	516	5	0.997162	1.05216e+06	6.33192e-05	
12100	12554	2709	30.691	34.0914	2043	28	8	643	18	68	506	5	0.369986	1.013e+06	0.00017838	
12100	13104	2797	26.4964	25	2096	30	4	628	10	80	520	5	1.10571	1.45825e+06	5.48426e-05	
11884	13021	2762	36.4424	33.2847	2089	31	10	634	24	88	523	5	1.26852	871711	6.80365e-05	
11964	13307	2746	34.143	28.8421	2080	30	10	642	12	75	519	5	1.54792	964754	6.27431e-05	
12100	13052	2755	37	29.1438	2048	29	10	627	22	83	500	4	1.04032	1.01643e+06	6.40123e-05	
12100	12550	2732	31.145	27.8556	2082	31	7	641	19	87	501	5	0.368922	1.07249e+06	0.000168947	
12052	12628	2721	37	29.1438	2097	31	10	641	28	86	511	5	0.53267	1.29607e+06	7.21189e-05	
12097	12550	2754	33.6299	34.6113	2123	30	8	606	19	65	516	6	0.379443	1.07192e+06	0.00013284	
11851	12955	2735	26.4798	25	2073	29	9	649	1	84	497	6	1.18764	1.30892e+06	5.70223e-05	
11989	13482	2781	24.9267	25	2074	29	4	646	15	76	524	5	1.75181	1.30452e+06	5.46807e-05	
11985	13383	2790	21.8243	25	2065	28	8	621	12	75	526	5	1.59341	1.50858e+06	5.3697e-05	
11960	12586	2733	34.7159	31.4437	2113	30	9	616	20	87	529	5	0.592319	1.26198e+06	6.97204e-05	
12088	12554	2721	34.7816	34.0862	2135	31	8	619	18	65	516	6	0.392236	1.10727e+06	0.000115154	
12054	12816	2704	33.4355	25	2160	31	6	650	10	71	500	5	0.765875	1.40158e+06	6.02337e-05	
12054	12591	2728	36.3125	25.2955	2001	31	8	637	3	71	507	6	0.483652	1.36746e+06	7.84806e-05	
11876	12714	2716	36.6175	33.7635	2160	30	4	627	35	75	491	4	0.856042	976309	6.99937e-05	
12100	12550	2708	30.71	33.1873	2069	30	7	641	25	80	497	5	0.364806	1.01257e+06	0.000184162	
12095	12838	2746	36.1057	33.4969	2150	29	6	636	24	82	521	6	0.758274	1.10946e+06	6.68986e-05	
12054	12816	2726	33.5656	25	2160	31	6	650	10	71	500	5	0.77226	1.40503e+06	6.00204e-05	
11028	12550	2730	37	34.4355	2099	31	7	635	19	82	485	6	1.64075	782135	7.65931e-05	
12076	12670	2748	37	33.8284	2068	31	8	606	15	66	512	6	0.562776	1.20284e+06	7.36323e-05	
12059	13416	2762	36.1899	32.924	2148	30	9	626	24	79	511	5	1.5911	864345	6.68315e-05	
11835	12785	2786	29.9581	27.9202	2127	29	10	609	21	77	506	5	1.01406	1.19955e+06	5.9988e-05	
12086	12892	2729	31.1101	26.5965	2115	30	10	640	20	81	499	4	0.829584	1.3281e+06	5.97729e-05	
12100	12950	2800	27.5063	25	2060	29	7	621	12	77	514	5	0.901409	1.51136e+06	5.67247e-05	
11725	12893	2738	36.5832	34.9641	2027	32	6	614	23	67	508	5	1.28001	820116	7.29874e-05	
12100	12551	2700	34.3779	27.1989	2063	29	7	641	19	71	501	5	0.370386	1.14749e+06	0.000125376	
11858	12581	2743	33.03	25.1004	2095	32	10	613	20	83	530	5	0.7108	1.39255e+06	6.11359e-05	
12097	12580	2717	37	34.233	2128	28	9	624	23	65	511	6	0.415223	1.15327e+06	9.73474e-05	
11989	13482	2785	24.9267	25	2074	29	4	646	15	76	524	5	1.75432	1.30536e+06	5.46388e-05	
12031	13201	2773	33.1569	31.9447	2122	30	7	633	22	79	530	4	1.33299	954606	6.38647e-05	
11936	13500	2797	31.3673	29.719	2035	29	7	623	6	88	524	5	1.87816	989170	6.11808e-05	
12067	12628	2721	37	29.1438	2097	31	10	641	28	86	511	5	0.514262	1.28708e+06	7.43273e-05	
11900	13253	2714	36.6454	35	2098	31	6	634	20	68	495	5	1.5365	808753	7.20046e-05	
11671	12999	2739	36.5617	35	2101	31	9	643	10	71	514	5	1.48569	803790	7.21553e-05	
12097	12550	2739	30.7024	34.0914	2133	32	7	607	24	62	524	6	0.372684	1.00991e+06	0.000179179	
11840	13416	2762	36.1899	32.924	2156	30	9	629	24	79	508	5	1.86142	844843	6.79394e-05	
12100	12550	2737	30.0464	32.8526	2129	32	7	606	20	61	491	5	0.367209	974496	0.000205959	
11960	12718	2790	33.506	25	2049	29	9	621	14	81	513	5	0.77759	1.38983e+06	5.92593e-05	
12076	12569	2748	37	33.8284	2068	32	8	606	15	66	512	6	0.431837	1.17902e+06	9.3006e-05	
12058	12554	2754	28.5079	34.6952	2107	28	9	621	14	75	513	5	0.422558	1.02794e+06	0.000170911	
12079	13500	2800	21	25	2060	29	4	621	12	77	524	5	1.63243	1.6059e+06	5.32992e-05	
12041	12574	2747	36.0227	28.3106	2087	31	5	609	3	71	496	5	0.480971	1.31166e+06	8.0952e-05	
11985	13425	2800	32.343	32.1967	2096	31	8	644	10	84	527	6	1.7148	923995	6.39018e-05	
12100	13120	2783	23.8248	25	2092	28	5	629	14	76	524	5	1.10457	1.60748e+06	5.44455e-05	
12097	12554	2754	30.2817	34.6113	2128	32	8	616	22	65	516	6	0.378957	1.00471e+06	0.000183419	
12100	12550	2752	33.5006	33.5728	2051	32	9	601	7	68	490	4	0.375279	1.07355e+06	0.000136426	
11945	12593	2762	36.4431	29.1438	2023	31	9	625	16	84	509	5	0.627462	1.27009e+06	6.67289e-05	
12004	13274	2721	36.5617	35	2075	31	8	643	14	69	514	5	1.44226	816592	7.08818e-05	
12069	12628	2708	37	26.9013	2122	31	6	610	3	72	499	5	0.50936	1.36584e+06	7.373e-05	
11911	13435	2741	36.0259	32.5094	2079	30	8	612	5	80	518	4	1.78688	855188	6.74491e-05	
12008	12550	2745	36.2919	33.0533	2117	32	8	606	17	74	511	6	0.490581	1.22063e+06	8.08211e-05	
11997	12783	2769	35.4839	32.3178	2079	31	8	621	18	69	513	5	0.813524	1.07166e+06	6.71051e-05	
12061	13190	2728	37	34.4242	2088	32	9	616	18	73	519	5	1.26285	841283	7.01804e-05	
12069	12578	2704	37	26.2808	2122	31	6	645	3	72	499	5	0.444908	1.32258e+06	8.50123e-05	
11961	12778	2739	31.9679	25.6915	2127	28	7	637	0	79	530	4	0.838304	1.36873e+06	5.81531e-05	
12065	12550	2768	36.9214	33.787	2103	29	8	616	34	65	512	6	0.423995	1.17321e+06	9.57396e-05	
12088	12630	2791	37	34.0862	2081	31	8	619	22	65	515	6	0.503652	1.22272e+06	7.95292e-05	
12100	12591	2739	35.9522	33.6233	2033	32	8	625	11	65	508	6	0.428477	1.168e+06	9.70685e-05	
11982	12618	2716	37	25	2115	30	7	632	35	67	473	4	0.604321	1.41205e+06	6.56513e-05	
12054	12591	2704	36.3125	26.2808	2001	31	8	637	3	71	504	6	0.479397	1.33392e+06	7.92896e-05	
11338	12996	2766	36.8951	34.9422	2047	30	8	636	20	70	491	5	1.89278	779260	7.47775e-05	
12024	12550	2758	37	30.9757	2046	29	7	618	5	90	502	5	0.473437	1.24529e+06	8.18599e-05	
12067	13420	2785	24.921	25	2074	29	4	646	15	73	530	5	1.56974	1.34195e+06	5.42829e-05	
11961	12778	2737	31.9679	25.6915	2067	28	7	637	1	79	530	4	0.837692	1.36196e+06	5.84215e-05	
11876	13496	2780	32.908	26.9996	2021	28	7	650	6	86	508	5	1.93791	1.03193e+06	6.0107e-05	
11962	12609	2738	35.4475	25.1054	2056	31	6	650	20	82	518	5	0.621204	1.44471e+06	6.39672e-05	
11993	12560	2736	36.9988	35	2066	29	10	627	24	65	506	6	0.520594	1.18612e+06	7.75434e-05	
12100	12550	2753	34.1944	34.1904	2050	32	9	601	16	65	490	4	0.376182	1.0795e+06	0.000130174	
12100	12550	2743	29.1536	32.7072	2131	30	8	609	18	81	491	5	0.365655	919903	0.000250941	
11847	13259	2775	29.1588	28.1973	2052	31	5	610	1	89	526	4	1.63349	1.07509e+06	5.98408e-05	
12100	13120	2782	33.4436	25	2092	30	9	616	7	77	524	6	1.14019	1.20868e+06	5.79845e-05	
11886	13274	2715	36.5617	34.8411	2076	32	10	626	17	80	512	5	1.5822	802094	7.12606e-05	
11988	12670	2748	37	33.8284	2068	31	8	606	15	65	512	6	0.671596	1.10469e+06	7.06265e-05	
12057	12718	2708	35.3811	26.5745	2011	31	7	647	3	69	517	5	0.638539	1.36662e+06	6.47794e-05	
12100	12609	2764	35.6024	33.9695	2023	29	8	634	33	75	518	5	0.455587	1.18533e+06	9.13409e-05	
11903	13122	2797	34.3768	32.1181	2006	31	8	623	5	86	530	4	1.39743	910860	6.56556e-05	
11858	12590	2746	33.03	25.1004	2095	32	10	613	3	83	530	5	0.723205	1.38801e+06	6.08384e-05	
12032	12550	2778	35.4839	27.9524	2079	31	8	618	17	68	510	6	0.465975	1.28363e+06	8.57412e-05	
11840	13448	2775	36.1124	32.924	2156	30	9	626	22	77	508	5	1.91473	845735	6.78242e-05	
12050	13376	2761	27.1005	25.5712	2009	29	6	621	9	83	529	5	1.52831	1.22894e+06	5.59597e-05	
11926	12550	2733	36.3022	34.0418	2051	32	10	626	18	90	495	4	0.588744	1.1706e+06	7.23903e-05	
12083	12550	2756	36.0963	34.3063	2036	28	7	615	18	69	491	5	0.399312	1.13442e+06	0.000107239	
12100	12579	2746	37	28.9939	2052	31	9	631	19	82	459	5	0.414636	1.22323e+06	9.60523e-05	
12100	12550	2743	31.2486	32.7072	2135	32	8	609	13	63	491	6	0.370608	1.02932e+06	0.000170184	
12088	12554	2721	36.3227	34.0862	2135	31	7	619	18	65	516	6	0.393331	1.12912e+06	0.000107273	
12004	12969	2748	35.7988	28.7488	2130	29	8	638	19	67	510	5	1.04498	1.04837e+06	6.34518e-05	
11994	13500	2794	31.9398	29.719	2035	29	7	623	22	86	522	5	1.80466	984703	6.13422e-05	
12060	12921	2760	35.9746	35	2058	32	9	638	13	69	477	5	0.915992	928367	7.16025e-05	
12097	12666	2736	36.1925	33.7177	2050	32	8	629	11	66	508	6	0.528745	1.21891e+06	7.69882e-05	
12068	12554	2752	34.7816	34.6952	2118	28	9	629	20	76	513	6	0.421567	1.13684e+06	0.000104145	
12100	12550	2728	35.5836	34.0914	2135	28	8	620	23	63	481	5	0.373948	1.09909e+06	0.000120424	
11434	12712	2731	36.383	35	2116	31	7	635	20	87	485	5	1.38422	806321	7.3497e-05	
12088	12605	2721	34.7816	34.0862	2135	30	8	620	17	65	498	6	0.457496	1.17669e+06	9.2081e-05	
11394	12550	2725	34.9447	34.5464	2091	30	9	610	11	63	459	6	1.21826	822506	7.48727e-05	
12069	12554	2754	34.7816	34.6952	2118	28	9	629	18	76	513	5	0.42063	1.1346e+06	0.000104559	
11848	13496	2800	31.3673	29.719	2154	29	7	623	5	89	513	5	1.98411	992074	6.11546e-05	
12079	12550	2738	37	25	2126	30	7	632	35	63	473	4	0.402129	1.3017e+06	9.75895e-05	
12031	13201	2715	33.1569	31.9447	2122	30	7	610	22	79	511	4	1.30511	939900	6.51933e-05	
12100	12692	2737	35.7259	29.1438	2066	30	10	642	23	83	506	5	0.558658	1.30732e+06	7.08767e-05	
12048	13311	2732	32.8205	34.251	2089	31	6	621	12	89	515	4	1.44085	884596	6.69523e-05	
11858	12581	2746	34.3288	26.7125	2072	29	7	613	22	78	530	5	0.713067	1.33618e+06	6.19732e-05	
11907	12804	2736	37	33.7429	2101	29	6	609	11	61	508	5	0.942262	930388	7.02814e-05	
12097	12554	2743	29.4743	34.0914	2124	31	7	606	18	68	511	6	0.375422	962419	0.000212766	
12100	12550	2737	30.0464	32.0735	2136	32	6	606	20	68	495	5	0.367209	982082	0.000204876	
12100	12554	2737	32.9742	35	2140	30	7	611	22	68	518	6	0.377708	1.05762e+06	0.000139315	
12100	12550	2728	35.663	27.3411	2018	30	7	642	3	69	496	5	0.374003	1.17812e+06	0.000116618	
12046	12931	2720	37	28.6465	2079	29	10	620	14	87	500	4	0.933574	1.05947e+06	6.39959e-05	
11949	12561	2709	36.0635	34.0914	2043	28	8	643	18	68	506	5	0.569604	1.18548e+06	7.33407e-05	
11840	13360	2775	36.9122	34.1971	2036	30	9	621	22	86	502	4	1.79279	813409	6.99252e-05	
12100	12550	2736	30.0464	33.8241	2078	30	8	613	18	60	494	5	0.367075	969556	0.000206612	
12100	12554	2754	28.5079	34.6952	2114	28	9	624	14	67	513	5	0.370304	865903	0.000289603	
12100	12550	2743	34.0603	32.8176	2117	32	8	606	17	69	511	6	0.374677	1.08569e+06	0.000130787	
11858	13223	2748	28.9044	25.1004	2039	30	10	613	20	89	527	5	1.55448	1.15319e+06	5.72869e-05	
12079	12605	2721	34.7816	34.6733	2114	30	8	620	17	66	501	6	0.468563	1.17937e+06	8.95255e-05	
12100	12916	2716	33.748	29.006	2025	29	8	629	21	88	479	4	0.84384	1.16892e+06	6.32031e-05	
11737	13040	2795	33.0295	27.9747	2109	30	8	648	9	87	506	4	1.48789	1.01361e+06	6.15082e-05	
12025	12848	2773	31.155	29.2024	2132	29	7	624	5	83	515	5	0.860611	1.26816e+06	6.06171e-05	
12100	12550	2750	29.4743	34.0914	2124	32	7	603	18	73	515	6	0.367485	937224	0.000232234	
11680	12550	2754	36.9387	34.5547	2041	31	8	617	14	77	482	4	0.892659	906263	7.26269e-05	
11948	12626	2739	37	30.2265	2047	30	6	612	20	85	527	5	0.661451	1.22488e+06	6.64011e-05	
12100	13018	2728	35.5836	34.0914	2116	28	8	622	23	63	481	5	0.984113	932876	6.96282e-05	
11987	13317	2794	36.4496	31.5609	2126	29	10	617	12	89	501	4	1.56192	890496	6.54407e-05	
11983	13090	2754	35.4219	34.6952	2149	28	8	622	19	69	505	4	1.23525	867327	6.90322e-05	
12037	12578	2740	35.5724	29.1438	2046	30	10	646	25	76	496	5	0.489534	1.26998e+06	8.05477e-05	
11948	12851	2760	35.6955	28.5535	2076	31	10	650	3	75	517	5	0.961515	1.06948e+06	6.35647e-05	
12097	12805	2748	32.8424	25	2066	31	9	622	29	81	529	5	0.709729	1.43959e+06	6.06575e-05	
12100	13257	2787	29.4841	25	2155	30	8	627	10	76	506	5	1.32296	1.23769e+06	5.63031e-05	
11878	12550	2800	36.0816	29.839	2116	30	6	609	23	65	513	6	0.66287	1.2583e+06	6.61551e-05	
11912	12851	2734	27.2387	26.2525	2067	29	10	649	1	83	518	6	0.979336	1.36244e+06	5.76302e-05	
12100	12550	2754	33.5874	34.5189	2128	28	9	624	18	69	517	5	0.375655	1.06652e+06	0.000135704	
12008	13254	2780	28.8934	28.5977	2126	29	8	622	14	85	497	6	1.4291	1.09923e+06	5.95026e-05	
12054	12550	2700	36.7287	26.2808	2008	31	8	647	34	88	512	5	0.426883	1.27979e+06	9.00414e-05	
11996	13100	2750	35.6074	32.7939	2107	32	7	640	1	66	492	4	1.23103	894964	6.86342e-05	
12055	13211	2732	32.8205	34.251	2075	31	6	621	12	89	515	4	1.29679	902235	6.70017e-05	
11975	13029	2786	36.0974	31.7318	2044	29	7	623	29	79	494	4	1.17708	935230	6.63967e-05	
12059	12601	2712	37	28.9939	2052	31	9	631	7	82	459	5	0.487817	1.27772e+06	7.83638e-05	
12074	12550	2743	35.5836	35	2135	32	8	621	23	63	481	5	0.408244	1.13138e+06	0.000105697	
12054	12816	2710	33.6532	35	2160	31	6	649	0	71	502	5	0.767828	1.0754e+06	6.91515e-05	
11844	13169	2719	33.2759	26.6762	2083	28	8	645	15	70	525	6	1.49129	1.04965e+06	6.07312e-05	
12100	12550	2702	35.7721	26.0582	2160	31	6	644	6	70	512	5	0.370512	1.19462e+06	0.000115848	
11876	13496	2769	32.908	26.9996	2021	28	7	650	5	90	514	5	1.93024	1.03241e+06	5.99592e-05	
12064	12880	2800	35.3755	25.7692	2034	28	5	623	22	78	523	5	0.868427	1.31932e+06	5.92382e-05	
11725	13019	2743	36.5832	34.7968	2033	32	6	621	20	67	513	5	1.44975	812378	7.25058e-05	
11984	12550	2720	36.023	33.5742	2032	30	8	600	21	75	496	6	0.515241	1.21299e+06	7.78331e-05	
12011	12598	2737	37	29.5283	2056	30	10	632	19	82	483	5	0.54758	1.28454e+06	7.13776e-05	
11858	12595	2743	33.03	25.1004	2059	32	10	612	20	83	530	5	0.728872	1.37691e+06	6.09756e-05	
11856	12712	2730	36.383	34.4355	2099	31	7	622	19	85	485	5	0.881966	944020	7.07064e-05	
12039	13329	2717	35.5787	34.6652	2075	32	9	643	7	69	514	5	1.4711	825138	7.02691e-05	
12088	12554	2738	34.7816	34.0914	2135	31	8	619	18	65	516	6	0.394686	1.11115e+06	0.000114784	
11000	12651	2759	36.3846	34.385	2011	31	8	634	2	67	466	6	1.82095	773150	7.77907e-05	
11615	12679	2741	36.1689	33.9662	2063	29	8	630	10	86	461	6	1.1324	857639	7.17927e-05	
12100	12550	2752	33.5006	32.875	2050	32	9	601	16	84	490	4	0.375279	1.07771e+06	0.000135925	
11695	12791	2709	34.2791	28.3611	2097	30	9	639	32	75	517	4	1.16769	998556	6.40861e-05	
11989	13321	2785	24.9267	25	2086	29	4	624	23	76	524	5	1.52968	1.34299e+06	5.46239e-05	
11671	12999	2721	36.5617	35	2075	31	9	643	10	71	514	5	1.47593	799768	7.25531e-05	
11847	12894	2729	33.1066	25.1346	2008	29	8	626	0	82	513	5	1.12732	1.16382e+06	5.97372e-05	
11778	13255	2709	36.5617	35	2076	32	9	628	9	61	495	5	1.68265	784664	7.38334e-05	
12043	13071	2777	36.4605	34.0947	2130	30	9	631	31	72	498	5	1.14558	888017	6.88753e-05	
12097	12550	2743	35.5836	34.0914	2122	32	8	606	23	67	481	5	0.379728	1.10753e+06	0.000118147	
11940	12550	2797	34.8075	28.0456	2064	29	7	636	8	87	511	5	0.583964	1.3604e+06	6.8306e-05	
11995	12550	2743	36.5832	33.9518	2044	32	7	614	18	69	513	5	0.506388	1.2136e+06	7.88084e-05	
12100	13318	2785	24.0068	25.2272	2090	30	5	621	10	77	530	4	1.3794	1.42419e+06	5.42505e-05	
12038	13411	2785	30.1938	25	2014	29	9	621	15	84	529	5	1.61556	1.1591e+06	5.64908e-05	
11923	13104	2745	25.7679	25.2927	2140	29	4	627	11	79	522	4	1.29963	1.34437e+06	5.54385e-05	
12100	12805	2700	32.9514	25	2039	31	9	622	29	81	529	5	0.693813	1.4246e+06	6.14439e-05	
12069	12550	2724	34.1506	34.4817	2016	32	7	646	8	72	503	5	0.41034	1.12022e+06	0.000110448	
12005	12554	2752	34.7816	34.6952	2130	28	9	624	20	76	513	6	0.499614	1.19827e+06	8.2905e-05	
11968	12805	2758	32.8424	25	2066	31	9	600	23	81	523	5	0.872418	1.31969e+06	5.9004e-05	
12069	13154	2763	32.3257	34.0914	2136	29	8	620	16	89	516	6	1.21571	940904	6.56901e-05	
12100	12606	2725	37	27.2984	2038	28	7	623	16	83	496	5	0.446101	1.28629e+06	8.59993e-05	
11862	13500	2800	31.3673	29.909	2154	28	7	623	5	85	509	5	1.97238	987502	6.13271e-05	
11989	13482	2785	23.917	25	2083	29	6	646	15	77	524	5	1.74671	1.33325e+06	5.43567e-05	
11935	13059	2729	29.1131	27.7132	2160	28	10	609	8	70	507	5	1.23098	1.13754e+06	5.95203e-05	
12047	12804	2740	37	33.7429	2117	29	5	611	5	61	507	5	0.771811	1.04435e+06	6.94782e-05	
12025	12811	2785	31.155	29.2024	2132	29	6	615	12	85	515	5	0.814912	1.31063e+06	6.08976e-05	
12100	13376	2759	27.1005	25.5712	2003	29	6	621	12	83	529	5	1.4649	1.24357e+06	5.58566e-05	
12028	13258	2759	37	34.6841	2079	32	8	636	4	82	489	4	1.41097	826667	7.03087e-05	
11928	13104	2773	27.0019	25	2038	29	4	630	9	83	519	4	1.31288	1.3064e+06	5.57476e-05	
12097	12609	2764	35.5162	33.9695	2023	29	8	634	32	75	518	6	0.459277	1.18834e+06	9.06372e-05	
12054	12578	2778	36.7689	25	2160	31	7	650	6	81	497	5	0.475771	1.37927e+06	7.96876e-05	
11677	13220	2741	37	34.9854	2021	31	9	616	22	87	497	4	1.77669	786047	7.25637e-05	
11989	13379	2732	24.9267	25	2061	29	4	624	15	76	530	5	1.57965	1.31628e+06	5.51086e-05	
12100	12554	2759	35.6139	33.8995	2121	32	9	606	31	65	526	5	0.383397	1.11047e+06	0.000116768	
12052	13425	2706	30.81	32.1967	2096	31	8	640	10	84	527	6	1.57302	934392	6.4189e-05	
12097	12550	2753	36.9214	31.7508	2103	30	7	610	8	70	530	6	0.381893	1.14779e+06	0.000109757	
11835	12875	2786	32.4903	28.2327	2127	29	10	609	21	77	506	5	1.13931	1.07638e+06	6.13987e-05	
11896	12878	2765	30.6944	25	2017	28	7	622	0	81	513	5	1.05662	1.27246e+06	5.75971e-05	
12100	12550	2762	36.9214	33.9571	2095	29	8	624	4	65	507	5	0.379392	1.12287e+06	0.000112309	
11923	12566	2746	37	30.4319	2053	31	9	631	20	82	497	5	0.616201	1.22474e+06	6.84463e-05	
11990	13500	2777	28.7142	29.3239	2132	29	5	627	14	83	520	5	1.79106	1.06333e+06	5.94424e-05	
12088	12554	2721	34.7816	34.9665	2059	30	7	621	5	65	516	6	0.392236	1.10235e+06	0.00011562	
11876	13496	2769	34.9443	29.6374	2021	28	7	650	8	90	504	5	1.93247	934044	6.35849e-05	
12054	12641	2747	36.0227	28.3106	2087	31	5	644	3	71	496	5	0.551628	1.3552e+06	7.09522e-05	
11671	13413	2721	36.7191	35	2075	31	9	646	12	72	499	5	2.03216	780785	7.3046e-05	
11849	12550	2745	37	30.9757	2046	29	7	618	5	90	502	5	0.685656	1.16611e+06	6.71501e-05	
11895	13496	2788	35.0477	28.9627	2012	29	8	628	5	70	525	5	1.92227	948750	6.32791e-05	
11976	12554	2763	34.7816	34.6632	2113	28	9	629	18	76	513	5	0.537544	1.21654e+06	7.71664e-05	
12079	13500	2782	21	25	2084	29	4	621	12	78	524	5	1.62193	1.60344e+06	5.3339e-05	
12100	12550	2704	37	26.0582	2154	31	7	645	4	66	496	5	0.371461	1.21891e+06	0.000109397	
11980	12624	2754	35.9522	29.9889	2044	31	8	610	19	65	523	6	0.622472	1.26241e+06	6.78702e-05	
11725	12922	2715	36.3812	34.9641	2027	32	6	616	20	70	499	5	1.30715	814575	7.32332e-05	
11945	12593	2762	33.5718	29.1438	2023	31	9	625	17	84	511	5	0.62504	1.31384e+06	6.73401e-05	
11838	12550	2731	31.0235	25.3552	2069	30	9	620	20	80	511	5	0.688844	1.42803e+06	6.24805e-05	
11895	13496	2788	32.9921	28.9627	2012	29	8	634	5	70	525	5	1.92005	972388	6.21697e-05	
12079	12705	2716	37	26.7854	2115	30	8	632	35	67	473	4	0.597631	1.34967e+06	6.70466e-05	
11989	13500	2785	24.921	25	2074	29	4	646	15	73	524	5	1.77957	1.30299e+06	5.47106e-05	
11995	13113	2779	29.716	26.5383	2143	30	6	614	4	84	514	5	1.25401	1.19487e+06	5.76701e-05	
12061	13496	2728	37	34.4242	2088	32	9	616	12	73	519	5	1.67925	811483	7.01656e-05	
11895	12921	2757	35.9746	33.76	2058	32	9	638	27	67	477	5	1.11877	874461	7.13369e-05	
12097	12550	2723	35.5939	33.8716	2132	31	7	618	16	80	516	6	0.376966	1.10271e+06	0.000118301	
11879	13500	2797	31.3673	28.0456	2064	29	7	636	8	89	516	5	1.94916	1.02861e+06	5.9805e-05	
11807	13071	2767	34.315	27.9818	2040	29	8	640	22	90	515	5	1.43107	1.00345e+06	6.20617e-05	
12043	12550	2726	34.896	34.0428	2101	32	8	613	9	68	468	5	0.443292	1.16843e+06	9.53289e-05	
11883	13364	2739	37	32.8154	2150	29	6	633	27	80	510	5	1.7228	850993	6.8055e-05	
12033	13243	2790	21.8243	25	2048	29	9	642	20	73	529	5	1.33886	1.61509e+06	5.40161e-05	
11910	13015	2759	36.0224	33.955	2088	31	8	627	1	68	485	5	1.22693	862823	7.03779e-05	
11028	12721	2730	37	35	2116	31	7	618	18	85	492	5	1.86126	772115	7.67165e-05	
11884	13500	2781	34.449	32.3189	2016	29	8	635	0	90	529	6	1.93612	882701	6.54965e-05	
11979	13402	2792	28.612	25	2018	28	8	621	15	80	529	4	1.67658	1.19139e+06	5.57787e-05	
11944	13329	2773	31.4085	30.382	2052	31	5	613	1	89	528	4	1.61442	985924	6.23791e-05	
11882	12852	2734	31.9754	26.729	2040	29	8	627	4	76	516	5	1.03001	1.1688e+06	6.02373e-05	
11961	12778	2737	34.4591	25.6915	2067	31	6	637	1	79	530	4	0.840872	1.2988e+06	6.0107e-05	
11996	12550	2743	36.2919	33.5008	2117	31	9	606	19	74	511	5	0.504999	1.21783e+06	7.87464e-05	
12100	13411	2776	24.7301	25	2107	29	6	640	12	83	529	5	1.50942	1.35188e+06	5.392e-05	
12046	13277	2738	35.7815	28.589	2068	29	10	642	19	76	528	5	1.40317	971683	6.26802e-05	
12099	12838	2746	36.1057	33.9657	2150	29	6	636	24	82	521	6	0.753304	1.10254e+06	6.73764e-05	
12086	13500	2743	33.1939	35	2149	29	8	615	18	80	528	6	1.65992	855844	6.7254e-05	
12100	12550	2752	33.2633	33.5728	2050	32	8	617	21	65	490	6	0.374989	1.07309e+06	0.000139005	
11946	12698	2761	35.2299	32.5054	2001	31	9	643	13	86	504	4	0.762247	1.10144e+06	6.73764e-05	
12054	12825	2708	31.1492	25	2160	31	6	642	14	71	500	5	0.775176	1.44178e+06	5.97051e-05	
11538	13257	2717	37	34.4242	2088	32	9	643	15	69	519	5	1.97484	782708	7.3244e-05	
11912	12851	2734	27.2387	26.2525	2066	29	7	649	1	84	518	6	0.979336	1.37798e+06	5.74944e-05	
12017	13243	2778	26.287	25.3556	2020	29	8	641	15	76	524	5	1.39131	1.28002e+06	5.57569e-05	
11671	13075	2721	36.5617	35	2075	31	9	643	10	71	514	5	1.57672	795016	7.25531e-05	
11917	13223	2743	30.0826	25.3864	2050	30	10	613	20	89	527	5	1.48288	1.1333e+06	5.77634e-05	
12097	12550	2773	36.9214	30.9079	2044	29	7	616	7	69	524	5	0.384668	1.16192e+06	0.000108944	
11826	12837	2745	34.4508	29.686	2114	29	9	650	10	81	515	4	1.0857	1.01216e+06	6.37105e-05	
12098	12550	2794	37	31.5609	2126	29	10	617	12	89	501	4	0.386353	1.15141e+06	0.000109027	
12033	13243	2790	26.287	25.3556	2020	29	8	641	15	75	524	5	1.37724	1.28896e+06	5.5605e-05	
12054	12576	2743	35.5644	35	2140	29	7	611	18	69	514	6	0.466478	1.18224e+06	8.82613e-05	
12100	12554	2743	35.0903	35	2124	32	7	606	18	72	511	6	0.380779	1.09247e+06	0.000120919	
12100	12635	2741	35.8191	34.0985	2096	30	9	625	14	64	513	6	0.485572	1.20115e+06	8.37451e-05	
11879	13500	2784	33.5908	28.0456	2064	29	7	638	8	89	516	5	1.94348	997538	6.09905e-05	
12054	12578	2778	36.7689	25.1117	2140	31	7	650	6	77	502	5	0.475771	1.37744e+06	7.97385e-05	
11763	13353	2747	37	34.2509	2001	30	9	621	10	75	519	4	1.8585	800526	7.10783e-05	
12038	13411	2792	30.1877	25	2014	29	6	621	15	84	529	5	1.61961	1.18335e+06	5.62936e-05	
12054	12550	2734	35.7094	35	2095	30	7	634	25	73	494	5	0.431662	1.1551e+06	9.67867e-05	
11987	13410	2800	35.1258	31.5609	2126	31	10	624	35	83	518	4	1.69446	896691	6.48172e-05	
12064	12880	2800	31.8494	25.7692	2034	28	5	627	6	78	523	5	0.864178	1.3973e+06	5.76868e-05	
12005	12691	2765	34.6182	30.96	2029	29	10	629	3	74	515	6	0.680579	1.22909e+06	6.61945e-05	
11907	12578	2760	35.6955	25.668	2001	31	10	650	3	76	517	5	0.653847	1.35873e+06	6.36335e-05	
11874	13360	2748	37	34.1971	2058	30	9	625	5	77	516	4	1.73396	811952	7.0028e-05	
11920	13351	2764	29.8557	31.3057	2154	29	6	645	15	90	520	6	1.66571	988417	6.19502e-05	
12100	13037	2796	34.282	25.0735	2079	31	8	628	8	83	500	5	1.0334	1.23426e+06	5.89414e-05	
11983	12829	2754	36.2395	34.6952	2149	28	10	622	19	69	513	4	0.887552	957559	6.93193e-05	
11895	12921	2757	35.9746	35	2058	32	9	638	27	67	477	5	1.11877	852024	7.26375e-05	
12011	13228	2753	32.249	29.9261	2072	31	9	644	4	88	480	4	1.38355	977587	6.34437e-05	
12100	13410	2800	35.1258	28.1441	2126	29	10	621	24	83	518	4	1.55195	998405	6.07681e-05	
11982	13228	2750	37	32.9058	2083	31	8	649	5	89	503	5	1.42232	862036	6.78702e-05	
11912	12851	2734	35.3157	26.2525	2067	29	10	649	14	83	524	5	0.996098	1.13482e+06	6.09347e-05	
12053	12578	2711	34.2644	35	2000	29	7	646	7	72	507	5	0.463715	1.16708e+06	9.19287e-05	
11949	12728	2733	32.3271	25	2026	29	8	623	20	76	498	5	0.786551	1.37983e+06	5.99377e-05	
11882	12902	2704	30.6453	26.729	2053	29	8	627	4	72	516	5	1.08131	1.16506e+06	6.00565e-05	
12100	13120	2785	25.338	25	2115	30	5	629	10	76	524	5	1.11642	1.49708e+06	5.4612e-05	
12012	12904	2776	35.3024	32.8185	2037	28	7	629	35	77	521	6	0.958028	1.00168e+06	6.62954e-05	
11961	12890	2747	29.1569	25.9167	2044	28	5	645	1	85	491	5	0.982134	1.33249e+06	5.80889e-05	
12079	12705	2708	37	25	2115	30	7	632	35	70	473	4	0.59587	1.42692e+06	6.58285e-05	
12025	12848	2786	31.155	29.2024	2132	29	7	624	13	85	515	5	0.864645	1.27208e+06	6.04303e-05	
11960	12742	2788	31.4062	25.7684	2094	29	8	621	14	81	513	5	0.805671	1.40411e+06	5.87855e-05	
12100	12635	2750	36.1879	33.9695	2103	31	9	616	12	69	510	6	0.487398	1.20619e+06	8.27952e-05	
11538	13260	2717	37	34.4242	2088	32	9	643	11	69	512	5	1.97888	781594	7.34268e-05	
12033	12884	2746	34.7108	34.1501	2074	31	7	611	7	84	504	5	0.894782	995598	6.82547e-05	
11784	12896	2712	31.3126	28.2437	2127	30	8	641	13	67	521	5	1.19562	1.06376e+06	6.1954e-05	
12025	12811	2795	31.1232	29.3239	2132	29	6	615	12	85	520	5	0.817775	1.31072e+06	6.0794e-05	
11953	12550	2710	36.1423	25.028	2052	29	8	624	24	90	502	6	0.551024	1.41656e+06	6.82967e-05	
12100	13500	2783	25.2621	25	2060	29	6	621	12	72	524	5	1.64136	1.30519e+06	5.46807e-05	
12042	13283	2788	29.5986	26.2364	2026	28	7	628	11	88	517	4	1.43271	1.15993e+06	5.7006e-05	
12086	12978	2742	31.1101	26.5965	2100	30	10	633	20	81	495	4	0.947567	1.24809e+06	5.93965e-05	
12034	13292	2785	29.7222	25	2074	29	4	646	15	82	524	5	1.45398	1.23498e+06	5.59409e-05	
11871	12554	2721	32.98	26.0857	2130	30	7	623	20	87	523	5	0.65482	1.41275e+06	6.31194e-05	
12054	12578	2712	35.6632	25.2694	2000	31	9	640	3	72	496	4	0.463824	1.3304e+06	8.34168e-05	
12100	12550	2731	30.691	34.2194	2054	28	8	600	18	70	505	5	0.367864	999812	0.000185082	
11926	13104	2751	33.4937	26.9205	2065	29	5	630	3	85	519	5	1.32102	1.09471e+06	6.01359e-05	
11868	12724	2740	37	33.7429	2119	29	6	609	5	61	508	5	0.886552	951668	7.03383e-05	
11996	13054	2790	32.1734	25	2034	30	8	621	14	81	513	5	1.18232	1.20312e+06	5.80686e-05	
11879	13121	2767	34.315	26.9996	2053	29	8	636	22	90	515	5	1.41056	1.04196e+06	6.08384e-05	
12100	12550	2700	30.5665	27.1989	2063	31	7	639	19	74	501	5	0.363424	1.04415e+06	0.000184706	
12043	13071	2777	36.4605	31.4168	2106	30	9	631	31	83	498	5	1.14558	946479	6.57678e-05	
12082	13172	2770	26.941	26.149	2080	30	6	627	21	90	500	6	1.21217	1.29755e+06	5.6802e-05	
12011	13154	2763	33.5218	34.0914	2136	29	8	620	16	89	516	6	1.2895	905865	6.64408e-05	
12100	12550	2708	35.4405	33.1873	2069	30	7	634	24	80	497	5	0.371104	1.10045e+06	0.000121286	
11486	13190	2721	36.5617	34.4242	2076	32	9	628	9	64	492	5	1.94833	780060	7.44934e-05	
12100	12550	2706	37	25.2898	2094	31	7	644	6	66	496	5	0.371736	1.23906e+06	0.000109027	
11968	12552	2741	35.6955	26.2808	2029	30	4	650	3	72	489	5	0.541221	1.42292e+06	7.09723e-05	
11680	12550	2773	36.9387	34.5547	2041	31	8	628	14	77	479	4	0.898817	909960	7.24323e-05	
11338	12996	2763	36.8951	35	2047	32	8	642	21	70	498	5	1.89073	775680	7.52049e-05	
11907	12804	2740	37	33.7429	2117	29	6	609	5	61	508	5	0.94364	931941	7.01459e-05	
11793	12550	2728	32.98	25.7194	2052	30	6	613	20	87	530	4	0.745545	1.37188e+06	6.07201e-05	
12054	12641	2760	36.0227	28.3106	2120	31	5	644	3	76	496	5	0.554238	1.35916e+06	7.06165e-05	
12048	13238	2730	32.8205	34.251	2111	31	7	615	12	89	515	4	1.34089	892973	6.69703e-05	
11876	13496	2769	32.908	31.8903	2021	28	8	650	5	90	514	5	1.93024	907076	6.45036e-05	
11784	12896	2729	35.0643	34.1496	2127	30	8	643	23	67	521	5	1.20797	868148	6.95894e-05	
11612	13274	2721	35.9597	34.4242	2075	31	9	643	14	71	514	5	1.91296	798666	7.19269e-05	
12100	13095	2779	28.0719	25.6411	2071	30	6	623	21	87	503	5	1.09297	1.33921e+06	5.65995e-05	
11968	12578	2752	35.6955	27.3735	2001	31	10	650	4	75	510	5	0.577003	1.34064e+06	6.85072e-05	
12100	12550	2743	29.1536	32.7072	2131	32	8	620	18	72	491	5	0.365655	917824	0.000251383	
12052	12550	2723	37	32.1719	2083	31	10	641	27	86	511	5	0.433102	1.1886e+06	9.09918e-05	
12097	12609	2764	36.552	32.8424	2027	29	8	634	32	76	517	6	0.459926	1.20727e+06	8.72905e-05	
11960	12773	2792	31.4062	25.2554	2040	29	8	619	14	82	516	5	0.848106	1.39186e+06	5.80788e-05	
11979	13402	2790	28.612	25	2003	28	8	621	12	80	529	4	1.67538	1.1895e+06	5.58659e-05	
11836	13339	2768	36.6186	33.971	2148	29	6	636	24	83	524	4	1.76402	837554	6.83995e-05	
11958	12695	2749	35.9643	34.4355	2113	31	7	635	19	88	485	5	0.740793	1.06713e+06	6.95507e-05	
12100	12550	2704	35.4912	26.0582	2160	31	6	644	6	70	497	5	0.370593	1.19098e+06	0.000117523	
11836	13339	2768	36.3069	33.971	2148	29	6	633	24	83	524	5	1.76385	841181	6.8264e-05	
11892	13044	2774	34.0285	28.8948	2115	28	4	620	11	86	520	6	1.29333	1.04665e+06	6.17246e-05	
11948	13171	2726	35.7975	34.504	2044	29	6	614	10	78	522	5	1.37404	847442	6.9377e-05	
12053	12578	2714	34.6414	35	2005	31	7	647	12	72	497	5	0.464584	1.17194e+06	9.07441e-05	
11838	12550	2728	32.3365	26.3959	2069	30	7	620	20	87	523	5	0.690381	1.38676e+06	6.23169e-05	
11968	12578	2741	35.6955	33.6303	2029	30	4	650	3	90	479	5	0.574697	1.22702e+06	7.2722e-05	
12054	12640	2713	36.1943	25.0819	2160	30	5	647	14	71	511	5	0.543621	1.45649e+06	6.92953e-05	
11984	12691	2765	33.6901	30.96	2033	29	9	627	2	87	515	6	0.705668	1.23984e+06	6.51423e-05	
11936	13500	2763	31.3673	29.719	2035	29	7	623	4	88	522	5	1.85533	982596	6.16105e-05	
12021	12592	2771	37	34.0438	2059	31	5	634	6	86	475	5	0.534101	1.22591e+06	7.5683e-05	
11926	12967	2749	30.2044	27.0549	2149	30	6	628	16	83	519	5	1.13087	1.19372e+06	5.86992e-05	
11293	12713	2759	36.8307	34.8579	2001	31	10	650	20	84	516	5	1.56529	791587	7.42611e-05	
11954	12550	2725	34.9447	35	2114	30	9	610	11	63	459	6	0.552002	1.18049e+06	7.71545e-05	
12100	13411	2788	24.6701	25	2014	29	6	621	12	83	529	5	1.51552	1.35122e+06	5.42977e-05	
11940	12721	2797	35.4765	28.0456	2064	29	7	636	5	87	503	5	0.810438	1.22361e+06	6.20617e-05	
12024	12598	2734	37	30.6762	2107	29	7	632	17	85	496	5	0.531005	1.27899e+06	7.31261e-05	
12097	13229	2764	36.552	33.9695	2023	29	8	634	30	76	518	6	1.28758	869481	6.82314e-05	
11952	13004	2790	33.6358	27.9647	2132	30	7	624	14	79	509	5	1.17138	1.08682e+06	6.10016e-05	
11979	13496	2788	32.9921	28.9627	2013	29	8	634	5	70	525	5	1.8155	981297	6.18085e-05	
12002	13321	2782	24.9267	25	2076	29	4	624	23	77	524	5	1.51181	1.3475e+06	5.46388e-05	
11918	12600	2796	32.9349	26.9996	2153	29	7	630	13	79	528	5	0.674822	1.40836e+06	6.25978e-05	
12021	12590	2711	36.75	33.0511	2148	31	5	635	8	75	520	4	0.519868	1.23401e+06	7.57346e-05	
11928	12801	2772	30.7025	25	2123	31	9	626	15	83	509	4	0.917344	1.34601e+06	5.78336e-05	
11840	12610	2783	37	34.1232	2059	31	5	635	6	86	463	4	0.784773	1.01128e+06	7.07414e-05	
12031	13201	2768	33.1569	31.9447	2122	30	7	632	22	78	530	4	1.33058	953486	6.39672e-05	
11875	13339	2768	37	33.971	2148	29	6	636	29	83	508	4	1.71634	833884	6.88089e-05	
12100	12554	2752	36.2386	33.9093	2095	32	8	604	14	76	484	6	0.382827	1.11948e+06	0.000113598	
12097	13232	2752	36.0839	33.9695	2101	31	6	619	13	81	513	5	1.28581	879209	6.79902e-05	
12100	12552	2703	33.1939	34.9569	2072	29	7	611	26	72	511	5	0.370762	1.05262e+06	0.000139645	
11958	12684	2749	36.8441	33.4661	2113	31	7	635	16	88	497	5	0.726936	1.08883e+06	6.87049e-05	
11858	12581	2732	33.03	25.1004	2095	32	9	644	20	83	530	5	0.70795	1.39877e+06	6.11546e-05	
11960	12718	2790	33.506	25	2049	29	10	624	14	81	513	5	0.77759	1.38145e+06	5.92909e-05	
12082	13149	2786	30.0929	25.6411	2071	29	5	621	25	85	503	5	1.19822	1.24887e+06	5.70744e-05	
11889	12561	2711	37	33.6427	2116	31	4	613	5	75	496	5	0.643024	1.13062e+06	7.09119e-05	
11968	12578	2752	35.6955	26.2808	2001	31	10	650	3	75	510	5	0.577003	1.37112e+06	6.78518e-05	
11979	12703	2751	37	34.2673	2071	32	9	622	7	78	517	4	0.726482	1.05392e+06	6.9979e-05	
12011	13350	2790	36.1124	34.2235	2036	30	9	617	22	77	508	4	1.57533	838149	6.87521e-05	
11680	12550	2773	36.9387	34.5547	2041	31	8	628	14	75	505	4	0.898817	915737	7.17566e-05	
11970	12550	2733	36.023	33.2711	2032	30	8	600	12	73	502	4	0.534843	1.2175e+06	7.55515e-05	
11851	13496	2797	32.9921	29.4183	2006	29	7	635	0	90	522	5	1.9809	967085	6.20347e-05	
11987	13317	2794	36.4496	29.536	2160	29	10	617	12	89	501	4	1.56192	938006	6.34357e-05	
11987	13203	2800	35.1258	31.5609	2011	32	9	636	28	83	518	4	1.40613	908745	6.57203e-05	
11936	13378	2722	36.1205	34.5959	2020	32	10	632	24	79	530	5	1.66644	808338	7.04077e-05	
12100	13052	2755	34.6801	29.1438	2129	29	10	624	22	83	496	4	1.03877	1.05864e+06	6.24844e-05	
11961	12853	2740	28.781	25.1574	2037	28	5	641	4	85	491	4	0.929729	1.40374e+06	5.76004e-05	
11987	13227	2794	34.3486	32.5151	2114	29	10	628	22	90	501	4	1.43555	904358	6.52443e-05	
11721	12744	2719	33.2759	31.8636	2110	30	6	649	32	84	529	6	1.07894	980029	6.58458e-05	
11776	13317	2800	37	33.7296	2055	29	10	623	16	89	495	4	1.82808	821387	6.93193e-05	
12100	13318	2785	23.3276	25.3537	2110	30	6	621	13	77	530	4	1.37335	1.4655e+06	5.41184e-05	
11964	12578	2760	35.6955	25.668	2001	31	10	650	8	76	510	5	0.583621	1.39159e+06	6.70151e-05	
12051	13496	2800	32.3636	26.5499	2006	29	7	631	13	79	521	5	1.73181	1.07697e+06	5.87303e-05	
12058	12550	2739	28.5079	34.6952	2107	28	8	621	7	69	513	5	0.415115	1.01321e+06	0.000178031	
12100	13147	2800	34.3768	32.4733	2041	29	6	634	5	86	523	5	1.18572	970372	6.44247e-05	
12052	12628	2721	37	28.2056	2097	31	10	638	28	82	516	5	0.53267	1.31533e+06	7.15871e-05	
12100	13402	2783	22.3448	25	2002	28	8	621	12	75	526	5	1.4785	1.5054e+06	5.38909e-05	
12052	13496	2800	31.3673	29.719	2154	29	7	623	5	89	513	5	1.72883	1.01244e+06	6.03391e-05	
11486	13255	2710	36.5617	34.4242	2076	32	9	628	9	64	492	5	2.02752	777259	7.46491e-05	
12012	12554	2743	32.1683	35	2140	31	10	611	18	76	514	6	0.486199	1.16545e+06	9.38438e-05	
12100	13104	2774	26.4964	25.0927	2096	30	4	628	10	82	520	5	1.09662	1.4484e+06	5.51116e-05	
11587	12689	2720	36.4511	34.0578	2032	30	8	600	21	75	460	6	1.16982	831221	7.36377e-05	
12066	13307	2700	36.3387	27.8612	2068	29	10	642	25	76	512	4	1.39993	972554	6.31433e-05	
11889	12561	2717	37	33.6427	2116	31	5	603	5	72	496	5	0.644447	1.12253e+06	7.10833e-05	
11903	12804	2790	36.4291	33.8534	2101	29	6	609	15	89	508	5	0.965539	957252	6.81617e-05	
11957	12554	2763	34.7816	34.6952	2118	28	9	629	18	76	513	5	0.561038	1.21527e+06	7.46826e-05	
12100	13080	2700	32.9514	25.6339	2048	31	9	622	23	81	530	5	1.05307	1.18252e+06	5.93824e-05	
12100	13244	2785	24.9532	25	2107	30	6	621	12	76	519	5	1.28412	1.41474e+06	5.46418e-05	
12100	12550	2714	35.5836	34.0914	2149	28	8	620	18	63	497	5	0.372029	1.09366e+06	0.000120685	
12027	12550	2743	36.5832	33.9518	2044	32	7	614	18	69	522	5	0.466959	1.19674e+06	8.5266e-05	
11989	13481	2782	21.8243	25	2136	29	5	634	8	77	522	5	1.72076	1.48132e+06	5.36021e-05	
11858	12609	2750	35.4475	25	2056	30	6	650	24	82	519	5	0.75132	1.36412e+06	6.08236e-05	
12100	13241	2774	25.0448	25.0927	2096	30	4	620	10	80	516	4	1.27554	1.41594e+06	5.48095e-05	
11968	12578	2728	35.6955	33.6303	2029	30	4	650	3	90	479	6	0.571971	1.22448e+06	7.29288e-05	
11916	13166	2750	37	32.7939	2107	32	7	640	1	84	492	4	1.41931	859172	6.86625e-05	
11935	13039	2732	29.1131	27.6944	2116	28	10	609	2	70	514	5	1.20568	1.14385e+06	5.94778e-05	
12097	12609	2764	36.552	33.9695	2023	29	8	634	32	76	518	6	0.459926	1.19444e+06	8.78503e-05	
12097	12591	2739	35.9522	33.6233	2050	32	8	625	11	65	508	6	0.432195	1.17123e+06	9.58957e-05	
11918	13496	2796	32.9349	26.9996	2006	29	7	630	13	79	520	5	1.89685	1.03759e+06	6.0006e-05	
11871	12554	2721	32.98	25.7194	2130	30	7	618	20	87	523	5	0.65482	1.42467e+06	6.2897e-05	
12097	12550	2723	34.6604	34.0914	2132	31	8	618	15	79	516	6	0.376222	1.08558e+06	0.000124595	
11895	12921	2763	35.9746	34.7797	2058	32	9	636	27	66	477	5	1.12121	856792	7.24008e-05	
11907	12550	2769	37	34.0438	2059	31	5	627	7	86	483	5	0.620305	1.16327e+06	7.12048e-05	
12059	12554	2737	32.954	34.9263	2015	29	8	611	15	72	523	6	0.428378	1.11869e+06	0.000110096	
11879	13496	2797	31.3673	28.0456	2064	29	7	636	8	90	511	5	1.94351	1.02733e+06	5.99125e-05	
12059	12554	2732	32.954	34.9263	2015	29	8	611	11	72	523	6	0.427595	1.11717e+06	0.000110193	
12043	13071	2784	36.2749	31.9614	2106	30	9	631	31	83	509	5	1.14836	940716	6.58054e-05	
12097	12550	2743	30.0464	34.0914	2125	32	10	606	17	73	481	5	0.371738	980758	0.000199362	
11991	13402	2778	28.612	25	2018	28	8	621	15	80	529	4	1.65323	1.1906e+06	5.58815e-05	
11882	12852	2732	30.6453	26.729	2040	29	8	627	4	72	514	5	1.02675	1.19798e+06	5.98731e-05	
11834	12644	2752	33.5006	33.5728	2050	29	9	601	16	66	490	4	0.824735	1.0372e+06	6.90226e-05	
12081	12550	2704	35.4912	26.0582	2160	31	6	644	6	70	497	5	0.393824	1.231e+06	0.000105966	
12100	13500	2793	21.0217	25	2060	29	6	621	12	78	524	5	1.6022	1.60347e+06	5.33646e-05	
12100	13037	2800	34.282	25.0735	2079	31	8	628	8	83	481	5	1.03487	1.22498e+06	5.95132e-05	
12100	13402	2783	22.3448	25	2002	28	8	621	12	75	526	5	1.4785	1.5054e+06	5.38909e-05	
12015	13232	2752	36.0839	33.9695	2101	31	6	619	13	77	513	5	1.38756	861490	6.85495e-05	
11918	12656	2725	32.9349	26.9996	2006	29	7	631	13	79	521	5	0.729727	1.33496e+06	6.19118e-05	
12100	12577	2743	36.1861	34.0914	2135	32	9	606	21	63	481	5	0.41118	1.14928e+06	0.000102218	
11923	13104	2733	25.7679	25.2927	2140	29	6	627	11	79	522	4	1.29395	1.32469e+06	5.56143e-05	
12100	13031	2794	36.4496	31.2611	2127	29	10	617	12	87	501	5	1.02616	998021	6.47207e-05	
12004	12969	2748	35.3154	27.0911	2130	29	7	638	19	67	510	5	1.04463	1.11821e+06	6.16751e-05	
12054	12640	2713	36.1943	25.7201	2160	31	6	647	14	71	505	5	0.543621	1.42193e+06	6.97496e-05	
11851	13496	2779	32.9921	33.0407	2006	29	8	635	0	90	524	6	1.96815	880417	6.58718e-05	
11776	13317	2796	35.9518	33.7296	2055	28	10	624	16	89	495	5	1.82489	833651	6.8653e-05	
11918	12600	2800	32.9349	26.9996	2153	29	8	630	16	70	528	5	0.675787	1.39957e+06	6.27392e-05	
12100	13104	2774	26.4964	25.0927	2096	30	4	627	10	81	526	4	1.09662	1.44984e+06	5.49541e-05	
12100	13120	2782	33.2628	25	2092	30	9	616	7	77	524	6	1.13996	1.21215e+06	5.78972e-05	
11374	13100	2714	36.5617	34.8411	2083	31	9	624	13	78	516	5	1.95322	780628	7.38607e-05	
11948	13171	2726	35.7975	34.504	2044	30	6	614	10	78	522	5	1.37404	846174	6.9541e-05	
12012	13500	2800	31.3673	29.719	2154	29	7	623	5	84	509	5	1.78488	1.0059e+06	6.07165e-05	
11907	12578	2750	35.6955	25.668	2001	31	6	650	3	76	513	5	0.651478	1.39764e+06	6.36537e-05	
11975	13378	2726	36.1205	35	2020	32	10	632	20	79	530	5	1.62135	805238	7.05816e-05	
11885	12567	2751	36.4753	28.246	2053	30	6	647	16	82	516	5	0.664896	1.28776e+06	6.47626e-05	
12046	13307	2738	34.0839	29.5584	2068	29	10	642	25	76	516	5	1.44255	960378	6.3004e-05	
12100	12577	2743	36.1861	33.2309	2114	32	9	606	21	63	481	5	0.41118	1.15866e+06	0.000101802	
12048	13222	2733	33.1081	34.251	2089	31	7	621	12	86	515	4	1.32112	891043	6.71998e-05	
12082	13172	2748	26.941	26.149	2080	30	6	627	21	90	500	6	1.20255	1.29238e+06	5.70386e-05	
11920	13351	2764	30.8672	31.3057	2149	29	6	645	15	90	530	6	1.66804	974719	6.21465e-05	
12052	12577	2751	37	29.1438	2097	31	10	641	28	87	511	5	0.472442	1.26409e+06	8.13206e-05	
12100	13194	2743	33.1939	35	2140	29	7	615	16	63	514	6	1.22373	897673	6.83153e-05	
11985	13402	2790	29.6012	25.8463	2000	28	8	621	12	75	530	5	1.6708	1.14196e+06	5.70841e-05	
11718	12757	2711	36.3653	33.7635	2109	30	4	635	35	75	528	4	1.09882	889176	6.99056e-05	
11970	12550	2752	36.023	33.2711	2032	31	8	600	12	73	502	4	0.538561	1.22056e+06	7.54091e-05	
12005	13482	2785	23.917	25	2083	29	6	646	15	76	519	5	1.72672	1.33563e+06	5.4487e-05	
11996	12736	2748	35.6482	33.8284	2068	31	8	603	17	83	512	6	0.747096	1.08143e+06	6.86766e-05	
11968	12805	2758	32.8424	25	2066	31	9	628	29	81	529	5	0.872418	1.3231e+06	5.87027e-05	
12100	12552	2743	33.1939	35	2073	29	8	611	18	80	516	5	0.376249	1.05967e+06	0.000138543	
12060	12921	2760	36.0252	35	2058	32	9	637	13	69	477	5	0.916024	927843	7.16281e-05	
12100	12550	2743	30.6661	32.7072	2131	32	8	620	18	66	491	5	0.369428	1.00975e+06	0.00018457	
11957	12554	2738	34.7816	34.6066	2135	31	8	619	18	65	516	6	0.555962	1.20741e+06	7.54262e-05	
12097	12587	2762	36.9214	33.9695	2103	30	8	618	13	65	507	6	0.431159	1.17738e+06	9.40291e-05	
11782	12550	2728	35.3506	26.4759	2052	30	7	620	20	87	522	5	0.761199	1.26604e+06	6.23053e-05	
12025	12560	2738	34.5761	35	2066	31	9	627	24	65	506	6	0.479993	1.18376e+06	8.75887e-05	
12037	13111	2761	35.5724	29.1438	2047	30	10	650	25	75	496	5	1.19993	983789	6.41807e-05	
11983	13090	2759	35.4398	33.6512	2149	28	5	622	19	69	502	4	1.23751	898824	6.78472e-05	
11974	13113	2768	35.3024	34.3425	2079	28	7	623	34	77	521	6	1.28379	877741	6.80318e-05	
11987	13410	2763	35.1258	31.5609	2126	30	10	618	28	83	515	4	1.67207	892368	6.51551e-05	
11960	12570	2725	34.7159	31.4437	2125	30	9	616	20	87	530	5	0.570084	1.26528e+06	7.12962e-05	
12040	12609	2764	36.552	33.9695	2023	29	6	634	32	82	518	6	0.531037	1.23124e+06	7.5861e-05	
11994	12887	2763	36.7496	35	2091	32	9	617	23	67	474	5	0.954133	898569	7.23798e-05	