12100	13411	2777	21	25	2107	29	6	634	12	82	530	5	1.46832	1.6692e+06	5.30504e-05	
11296	13190	2706	37	35	2100	32	9	637	18	66	494	5	2.15683	759026	7.64643e-05	
11191	13274	2717	36.5617	35	2000	32	8	646	7	71	510	5	2.39825	764722	7.64468e-05	
12100	12550	2700	29.4766	34.2125	2098	31	7	603	18	62	505	6	0.36081	922345	0.000235183	
12100	12554	2754	28.5079	34.6952	2114	29	9	623	22	67	513	5	0.370304	865219	0.000289771	
12100	13365	2769	21	25	2107	29	6	640	12	83	529	5	1.40034	1.70184e+06	5.32623e-05	
11465	13433	2714	36.5617	34.7706	2000	32	8	650	11	69	474	5	2.29597	767401	7.59244e-05	
11504	13387	2717	37	35	2000	31	9	646	9	69	514	5	2.19055	769061	7.44435e-05	
12083	12550	2731	28.1616	34.6528	2127	28	8	600	18	66	508	5	0.381919	887074	0.000264061	
12057	13257	2785	21.8869	25	2075	30	5	637	10	76	524	5	1.32653	1.62941e+06	5.40307e-05	
12100	13257	2796	21.8869	25	2080	30	9	632	6	80	530	5	1.27745	1.65963e+06	5.39636e-05	
12100	12550	2745	28.7524	34.6952	2107	28	9	621	14	75	513	5	0.364721	872646	0.000285388	
12100	13257	2785	21.8869	25	2092	30	5	621	5	76	530	5	1.27243	1.67683e+06	5.39665e-05	
12097	12554	2753	28.9509	34.2823	2012	32	7	610	14	64	504	6	0.375295	921727	0.000241721	
12100	12550	2740	28.8558	35	2094	30	7	618	20	65	523	4	0.364374	875765	0.000277239	
12097	12550	2757	28.9509	35	2000	32	7	610	14	64	499	6	0.370666	900637	0.000257069	
12100	12550	2757	28.9509	34.2823	2000	32	7	610	14	62	504	6	0.366923	887784	0.000269034	
12100	12550	2715	30.21	34.1368	2114	32	8	615	14	66	491	6	0.364644	973945	0.000201248	
12100	12554	2748	29.5993	34.0914	2137	32	7	606	20	65	481	6	0.37271	959138	0.000215471	
12096	12554	2715	30.691	34.0914	2054	28	8	601	12	68	517	5	0.375719	1.01454e+06	0.000171969	
12058	12550	2739	28.5079	34.6952	2107	28	8	621	7	69	513	5	0.415115	1.01321e+06	0.000178031	
12100	12550	2754	30.0292	34.2152	2135	32	8	606	14	65	515	5	0.369448	970473	0.000206398	
12100	13383	2790	21.8243	25.0083	2000	28	8	616	14	75	526	5	1.4489	1.57312e+06	5.37519e-05	
12033	13243	2790	21.8243	25	2048	29	9	642	20	73	529	5	1.33886	1.61509e+06	5.40161e-05	
12100	12554	2743	29.4743	32.6526	2124	32	7	607	18	70	511	6	0.371698	960224	0.000219635	
12099	12550	2743	29.4743	33.3662	2124	32	9	647	18	61	511	4	0.367791	943076	0.000229148	
12100	12550	2721	31.519	31.6977	2136	32	6	606	20	68	496	5	0.368135	1.04051e+06	0.000164393	
12100	13401	2754	21.8243	25	2057	29	6	622	17	83	529	5	1.45503	1.55934e+06	5.37288e-05	
12100	12550	2740	31.7968	35	2120	32	8	620	20	73	491	5	0.371194	1.03103e+06	0.000160488	
12100	13331	2752	21.9359	25	2107	29	6	640	12	83	529	5	1.35922	1.60116e+06	5.35246e-05	
12100	12550	2743	29.6267	33.3632	2098	32	9	606	18	60	494	5	0.366956	943841	0.000225073	
12097	12554	2739	30.1661	34.0914	2135	32	7	606	24	65	487	6	0.376623	998165	0.000187512	
12100	12554	2737	30.1661	34.0914	2135	32	8	608	20	65	487	6	0.372632	988156	0.000193536	
12097	12554	2753	30.0334	34.2823	2012	32	7	610	14	65	504	6	0.378229	994878	0.000191351	
12099	12554	2753	30.0062	34.0914	2135	32	7	610	31	64	522	5	0.375671	988040	0.000195848	
12100	12550	2700	32.6271	26.0838	2062	31	7	628	17	71	513	5	0.36706	1.12192e+06	0.000143719	
11504	13387	2717	36.5617	35	2000	31	9	643	9	69	514	5	2.19034	773063	7.41675e-05	
12100	12554	2757	28.5079	34.6952	2107	28	9	621	19	75	513	5	0.370708	870582	0.000288934	
12043	12578	2708	25.6624	34.4076	2019	31	8	637	15	69	494	5	0.4521	907802	0.00024728	
12100	12550	2700	31.145	27.1989	2063	31	8	641	6	71	501	5	0.364601	1.06631e+06	0.000169895	
12100	12550	2745	28.7524	34.6952	2000	28	9	621	11	75	513	5	0.364721	871500	0.000285878	
11923	12902	2745	25.7679	25.0545	2140	30	4	627	20	79	530	4	1.03009	1.49117e+06	5.55525e-05	
12097	12550	2743	30.0464	33.8241	2096	32	8	606	18	60	494	5	0.371738	979443	0.000199641	
12100	12554	2743	32.1683	35	2140	31	7	611	18	69	514	6	0.377361	1.04424e+06	0.000149488	
12100	13369	2790	21.8243	25	2076	28	8	639	14	75	524	5	1.42937	1.58958e+06	5.33874e-05	
12099	12554	2753	29.0325	34.2823	2012	32	7	610	3	64	504	6	0.373047	920399	0.000243368	
12100	12550	2736	30.0464	33.8241	2094	30	9	606	18	60	494	5	0.367075	968145	0.000206654	
11840	13416	2793	37	34.6515	2095	30	9	629	24	79	508	5	1.88274	808933	7.00624e-05	
12097	12554	2728	29.5227	33.7794	2130	32	8	616	22	65	515	6	0.373498	964180	0.000211015	
12100	13383	2790	21.8243	25	2065	28	8	621	14	75	526	5	1.4489	1.58259e+06	5.33988e-05	
11989	13500	2782	21.8243	25.0309	2132	29	5	634	8	76	520	5	1.74741	1.47292e+06	5.37288e-05	
12088	12554	2721	34.7816	34.0862	2135	31	8	619	18	65	516	6	0.392236	1.10727e+06	0.000115154	
12094	12989	2800	27.5063	25	2060	29	7	621	12	76	525	5	0.961956	1.48178e+06	5.56855e-05	
12097	12554	2745	28.5477	34.0914	2124	29	7	608	18	68	511	6	0.37295	885123	0.000271592	
12097	12554	2743	28.5477	34.0914	2124	32	7	606	18	68	511	6	0.372678	882540	0.000272035	
12100	12550	2754	32.3388	34.4784	2071	30	9	611	14	60	506	6	0.373972	1.04586e+06	0.000151217	
12100	12550	2743	30.8177	34.0914	2108	32	8	600	18	68	511	6	0.369748	1.00615e+06	0.000181225	
12097	12554	2743	29.4743	34.0914	2124	32	7	606	18	64	511	6	0.375422	960465	0.000213083	
12043	12578	2723	25.6624	33.508	2039	31	8	637	15	71	496	5	0.454604	917033	0.000245158	
12094	12550	2743	29.6267	33.9764	2098	32	9	606	18	60	490	5	0.374402	964471	0.000209468	
12100	12550	2773	28.8558	34.0915	2135	31	8	618	20	65	515	5	0.368763	885551	0.00027465	
11969	13496	2795	32.9921	29.4183	2006	29	7	614	12	90	518	5	1.83257	976092	6.18238e-05	
11454	13258	2717	36.5617	35	2000	32	9	646	7	70	516	5	2.0741	771316	7.46826e-05	
11890	13496	2753	33.0335	26.9996	2021	28	7	650	5	90	514	5	1.90212	1.02914e+06	6.01395e-05	
11835	12785	2786	37	27.9202	2127	29	10	609	21	76	516	5	1.02322	1.04758e+06	6.35405e-05	
12100	13435	2784	21.8243	25	2120	29	6	622	17	82	529	5	1.51836	1.55544e+06	5.31237e-05	
12100	12550	2736	31.4212	34.0914	2103	31	7	603	18	68	511	6	0.369986	1.02477e+06	0.000167336	
12100	13411	2752	21.9359	25	2107	29	6	640	12	83	529	5	1.46927	1.54326e+06	5.34788e-05	
12083	12906	2800	27.5063	25	2060	29	7	621	12	77	514	5	0.863391	1.52669e+06	5.75639e-05	
12089	12554	2743	35.2267	35	2121	29	7	624	18	67	510	5	0.394535	1.11072e+06	0.000113148	
12100	12950	2800	27.5063	25	2060	29	7	621	12	77	514	5	0.901409	1.51136e+06	5.67247e-05	
11671	13413	2721	36.7191	35	2075	31	9	646	12	72	499	5	2.03216	780785	7.3046e-05	
12100	12550	2756	36.0963	34.716	2032	28	7	611	22	71	491	5	0.378125	1.1069e+06	0.000117082	
11310	13190	2710	36.176	35	2076	32	9	635	24	69	494	5	2.14356	768414	7.57289e-05	
12099	12550	2743	29.6267	33.3632	2098	32	8	606	18	60	494	5	0.368197	948572	0.000222124	
12043	12578	2723	25.6624	33.508	2039	31	8	639	9	71	502	5	0.454604	917848	0.000244978	
11776	13334	2800	37	33.7296	2055	29	10	626	16	89	495	4	1.8518	820991	6.93001e-05	
11465	13251	2714	36.5617	34.7706	2000	32	9	650	8	69	474	5	2.0496	766845	7.59936e-05	
12097	12550	2753	28.9509	35	2125	32	7	624	12	63	504	6	0.370128	901689	0.000256476	
12100	13120	2785	25.338	25	2092	30	5	629	10	89	524	5	1.11642	1.49932e+06	5.44573e-05	
12066	13472	2793	21.8243	25	2002	28	8	623	17	77	530	5	1.61815	1.50412e+06	5.36049e-05	
12054	12550	2700	35.1798	26.2808	2008	31	8	647	34	69	509	5	0.425911	1.26643e+06	9.49848e-05	
12095	12550	2745	31.5554	34.7331	2097	32	9	618	20	73	491	5	0.377657	1.03584e+06	0.000158003	
12097	12554	2743	30.2817	34.0216	2128	32	8	616	22	65	530	6	0.377443	1.00582e+06	0.000183318	
12100	12550	2702	32.9294	28.9462	2151	31	6	637	6	70	509	5	0.367747	1.09625e+06	0.000141363	
11514	13274	2722	36.5617	35	2000	32	9	643	7	69	514	4	2.02937	772819	7.43439e-05	
12095	12550	2753	33.2888	34.7331	2096	32	9	620	10	73	491	5	0.381385	1.07052e+06	0.000134553	
12100	12550	2742	29.2062	32.3172	2073	30	10	613	17	60	494	5	0.365672	919016	0.000248571	
11935	13039	2732	29.1131	27.6944	2116	28	10	609	2	70	514	5	1.20568	1.14385e+06	5.94778e-05	
11985	13472	2793	21.8243	25	2002	28	8	629	12	77	530	5	1.7199	1.46838e+06	5.38068e-05	
12100	12550	2736	30.4776	34.1652	2035	30	8	606	18	60	495	5	0.368074	989235	0.000191791	
12100	12550	2748	29.4655	32.7674	2105	31	8	611	19	67	515	6	0.367194	941706	0.000231857	
12097	12554	2743	29.4743	34.0914	2124	31	7	606	18	68	511	6	0.375422	962419	0.000212766	
12100	13308	2790	23.1956	25	2065	28	9	621	14	75	526	5	1.36064	1.49308e+06	5.37663e-05	
11374	13144	2715	36.6574	34.8411	2145	30	10	623	10	80	517	5	2.01259	782636	7.33514e-05	
12100	12550	2754	30.273	34.2152	2118	30	8	606	18	63	515	5	0.370029	983545	0.000197394	
12100	13104	2763	25.2155	25.0927	2096	30	5	627	10	81	516	4	1.08517	1.50029e+06	5.51724e-05	
12054	12578	2778	36.7689	25.9759	2160	31	7	650	6	81	497	5	0.475771	1.35133e+06	8.01154e-05	
12100	13411	2770	21	25	2107	29	6	640	10	82	530	5	1.46462	1.6673e+06	5.31124e-05	
12100	13104	2777	25.0674	25.0927	2096	30	4	627	10	81	516	4	1.08971	1.52102e+06	5.49995e-05	
12100	12552	2743	33.1939	34.7309	2153	29	8	637	18	83	489	5	0.376249	1.06467e+06	0.000138313	
12100	12550	2736	31.4212	34.0914	2103	31	7	610	18	74	511	5	0.369986	1.02581e+06	0.00016714	
12100	12550	2715	29.1536	34.1368	2131	32	8	615	18	66	491	6	0.361922	901770	0.000254712	
12100	13435	2754	21.8243	25	2057	29	6	622	11	82	529	5	1.502	1.53808e+06	5.37259e-05	
12088	12554	2763	34.7816	35	2136	31	8	620	15	69	516	6	0.39829	1.10958e+06	0.000114679	
11454	13274	2717	36.5617	35	2000	32	9	646	7	69	514	5	2.09566	770209	7.48167e-05	
12099	12550	2743	29.4743	34.0252	2124	32	6	603	18	61	511	6	0.367791	936134	0.00023015	
12100	12550	2756	30.273	35	2118	30	8	606	21	63	515	5	0.370298	980476	0.000197863	
11945	13329	2772	30.9874	30.382	2115	31	5	613	3	89	528	4	1.61177	996978	6.18774e-05	
11989	13481	2782	21.8243	25.0309	2121	29	5	634	8	76	522	5	1.72076	1.47809e+06	5.37201e-05	
11859	12550	2708	32.9256	25.438	2119	28	7	643	17	73	501	5	0.660957	1.42085e+06	6.28575e-05	
11985	13383	2790	21.8243	25	2106	28	8	613	12	80	530	5	1.59341	1.51763e+06	5.33163e-05	
12100	13120	2776	23.8248	25	2151	29	5	629	14	76	524	5	1.10179	1.60431e+06	5.44811e-05	
12100	12550	2717	31.2273	34.0914	2061	28	8	649	20	66	511	5	0.367055	1.02148e+06	0.000171733	
12100	12550	2700	31.3258	26.5384	2062	29	7	636	20	71	510	5	0.364942	1.08042e+06	0.000165453	
12067	13046	2779	24.9594	25.0927	2075	29	8	628	10	79	518	5	1.05244	1.52865e+06	5.53281e-05	
12100	12550	2736	29.4493	33.8241	2090	30	8	613	18	60	494	5	0.365546	929576	0.000234962	
12100	13435	2778	21.8243	25	2092	29	6	622	17	82	529	5	1.51508	1.54959e+06	5.33191e-05	
12100	12578	2718	36.1233	26.8462	2000	29	6	647	4	64	495	5	0.408673	1.25889e+06	9.89022e-05	
12031	13201	2773	33.1569	31.9447	2122	30	7	633	22	79	530	4	1.33299	954606	6.38647e-05	
12100	12554	2743	29.4743	34.0914	2124	32	7	606	18	70	511	6	0.371698	951291	0.000220799	
12086	12892	2729	31.1101	26.5965	2115	30	10	640	20	81	499	4	0.829584	1.3281e+06	5.97729e-05	
11825	13494	2760	37	32.3638	2018	30	9	621	10	78	525	4	1.98711	837407	6.82874e-05	
11940	13500	2788	32.9921	28.5123	2006	29	8	635	5	76	526	5	1.86976	990502	6.13234e-05	
12024	12550	2755	37	30.9757	2046	29	7	615	5	89	502	4	0.472922	1.24317e+06	8.18867e-05	
11928	13104	2773	27.0019	25	2038	29	4	630	9	83	519	4	1.31288	1.3064e+06	5.57476e-05	
12100	12550	2700	32.5132	26.0838	2062	31	7	636	19	71	519	5	0.366897	1.11961e+06	0.000145201	
11825	13351	2770	36.2692	33.5697	2148	31	7	636	24	83	513	4	1.79516	840065	6.83948e-05	
12100	13387	2717	36.5617	35	2000	31	9	643	9	68	514	5	1.47558	811152	7.10783e-05	
12087	12560	2736	36.9988	35	2066	29	10	627	24	65	506	6	0.404785	1.13895e+06	0.000101574	
12100	12635	2750	36.1879	33.9695	2103	31	9	616	12	69	510	6	0.487398	1.20619e+06	8.27952e-05	
12100	12554	2743	34.7927	35	2140	29	8	610	21	71	514	6	0.380528	1.08672e+06	0.000122911	
12083	12554	2745	32.4885	35	2002	28	8	614	18	70	516	6	0.39923	1.07716e+06	0.000129467	
11740	13494	2796	37	35	2025	30	5	625	8	89	524	4	2.11775	808649	7.03977e-05	
11739	13494	2747	37	35	2025	30	5	625	8	77	524	4	2.08185	797707	7.14541e-05	
12100	12550	2722	29.5346	26.5012	2063	31	7	639	18	72	497	5	0.363904	993152	0.000223664	
12100	13052	2755	37	29.1438	2048	29	10	627	22	83	500	4	1.04032	1.01643e+06	6.40123e-05	
12100	13120	2783	23.8248	25	2142	28	5	629	14	76	524	5	1.10457	1.6105e+06	5.42564e-05	
11990	13500	2795	31.1232	29.3239	2132	29	5	615	14	83	520	5	1.80881	1.02778e+06	6.02627e-05	
11848	13482	2800	31.3673	29.719	2154	29	7	623	5	89	513	5	1.96434	992492	6.11546e-05	
12100	12550	2743	29.4743	34.9025	2124	32	7	603	21	69	512	6	0.36655	931243	0.000233427	
12100	12550	2743	32.0081	34.0914	2108	32	8	600	18	68	511	6	0.371954	1.03949e+06	0.000156372	
12100	12550	2700	31.8054	25	2113	28	7	643	19	71	501	5	0.365789	1.11453e+06	0.000155352	
12079	12705	2716	37	26.7854	2115	30	8	632	35	67	473	4	0.597631	1.34967e+06	6.70466e-05	
12097	12554	2754	33.7629	34.6113	2128	32	8	606	18	65	516	6	0.384764	1.08027e+06	0.000128353	
12100	13120	2783	23.8248	25	2092	28	5	629	14	76	524	5	1.10457	1.60748e+06	5.44455e-05	
11795	13500	2796	37	35	2025	30	5	625	8	75	524	4	2.05854	807837	7.05766e-05	
12029	13081	2725	34.7377	28.6862	2018	29	9	620	14	87	504	5	1.15341	1.02013e+06	6.29445e-05	
12100	12550	2702	32.9114	26.0582	2152	31	6	637	6	70	509	5	0.367723	1.1312e+06	0.000139997	
11985	13383	2790	21.8243	25	2106	28	8	621	12	75	530	5	1.59341	1.51554e+06	5.33874e-05	
12097	12550	2723	35.5939	33.8716	2132	31	7	618	16	80	516	6	0.376966	1.10271e+06	0.000118301	
12100	12550	2749	34.9661	34.4604	2092	28	8	631	23	68	520	5	0.376349	1.08968e+06	0.000124116	
12100	13500	2776	24.7301	25	2107	29	6	640	12	82	529	5	1.6337	1.32615e+06	5.39374e-05	
12100	12550	2700	32.2632	25	2109	28	7	625	19	71	516	5	0.366524	1.12392e+06	0.000148082	
12100	13194	2793	23.7412	25	2060	29	7	621	18	78	524	5	1.20947	1.53352e+06	5.41594e-05	
11504	13347	2713	36.5617	35	2000	31	9	638	7	72	514	5	2.13289	773653	7.40412e-05	
11751	12851	2741	35.9177	26.2525	2067	29	9	649	15	89	524	5	1.19434	1.05781e+06	6.18314e-05	
11587	12689	2720	36.4511	34.0578	2032	30	8	600	21	75	460	6	1.16982	831221	7.36377e-05	
12097	12550	2754	33.6299	34.6113	2123	30	8	606	19	65	516	6	0.379443	1.07192e+06	0.00013284	
12006	13185	2772	25.7928	25	2084	29	5	642	15	76	524	5	1.31994	1.35323e+06	5.49602e-05	
11993	12560	2736	36.9988	35	2066	29	10	627	24	65	506	6	0.520594	1.18612e+06	7.75434e-05	
11677	13220	2741	36.2231	34.9341	2021	31	9	616	22	87	497	4	1.77629	794195	7.20617e-05	
12100	12567	2751	36.4753	28.246	2053	30	6	647	16	82	516	5	0.399614	1.2159e+06	0.000102733	
11825	13351	2776	36.2692	33.5697	2148	31	7	636	24	83	524	4	1.79905	842892	6.80504e-05	
12097	12554	2751	32.8991	34.9957	2128	29	8	612	18	63	517	6	0.383273	1.06296e+06	0.000137005	
12083	12550	2743	29.6267	35	2098	32	8	641	18	60	496	5	0.388043	998300	0.000186185	
12021	12913	2712	32.9514	25	2048	30	9	622	24	81	529	4	0.934338	1.26723e+06	5.87924e-05	
12061	13190	2728	35.9228	34.4242	2088	32	9	616	19	73	515	5	1.26227	851523	6.9735e-05	
12100	12550	2706	32.5132	26.0838	2062	31	7	636	19	71	513	5	0.367712	1.12119e+06	0.000145054	
11840	13416	2762	36.1899	32.924	2156	30	9	629	24	79	508	5	1.86142	844843	6.79394e-05	
11445	13274	2717	36.5617	35	2000	32	9	643	7	69	514	4	2.10613	769313	7.48335e-05	
11951	12894	2750	34.7223	33.2647	2122	32	8	646	2	82	510	4	1.01048	957940	6.73355e-05	
12100	13120	2785	29.9859	25	2092	30	5	631	10	89	524	5	1.1352	1.31743e+06	5.58347e-05	
12100	12550	2744	30.8177	33.3023	2108	32	8	601	18	79	508	6	0.369883	1.0134e+06	0.00018044	
12054	12816	2704	33.4355	25	2160	31	6	650	10	71	500	5	0.765875	1.40158e+06	6.02337e-05	
12097	12550	2757	27.7357	33.4276	2000	32	7	624	6	63	499	6	0.367747	1.09625e+06	0.000141363	
11825	13500	2760	36.754	32.3638	2018	30	9	621	10	79	520	5	1.99535	839837	6.82408e-05	
12054	12578	2712	35.6632	25.2694	2000	31	9	640	3	72	496	4	0.463824	1.3304e+06	8.34168e-05	
12100	12550	2743	34.6678	34.6952	2110	30	9	629	18	76	503	5	0.375269	1.0812e+06	0.000126598	
11961	12778	2737	31.9679	25.6915	2067	28	7	637	1	79	530	4	0.837692	1.36196e+06	5.84215e-05	
12069	12554	2754	35.7824	34.6952	2118	30	9	628	18	78	503	5	0.421404	1.14615e+06	0.000100361	
12026	13396	2762	36.1899	32.924	2111	30	9	626	24	79	508	5	1.60446	860036	6.72405e-05	
12004	12578	2778	36.7689	25.1117	2140	30	7	650	6	77	511	5	0.538259	1.4321e+06	6.97788e-05	
12097	12554	2754	34.6348	34.9957	2128	29	8	612	18	65	517	6	0.385651	1.09137e+06	0.000121669	
12100	12550	2745	29.1873	34.6952	2092	29	9	621	14	75	506	5	0.366018	914426	0.000250125	
11903	12804	2790	36.4291	33.8534	2101	29	6	609	15	89	508	5	0.965539	957252	6.81617e-05	
12083	12550	2731	30.691	34.3328	2054	28	8	600	18	68	505	5	0.38886	1.03487e+06	0.000158907	
12100	12550	2732	29.1536	32.7072	2131	32	8	621	18	66	491	5	0.364188	912804	0.000252461	
12097	12550	2767	33.6299	34.7839	2144	30	8	603	16	65	496	6	0.381234	1.07469e+06	0.000132661	
12024	13351	2764	29.8557	31.3057	2154	29	6	645	15	89	520	5	1.53701	1.00137e+06	6.15309e-05	
12076	12897	2717	37	34.233	2128	29	9	620	23	66	519	6	0.851179	969548	6.95991e-05	
11987	13410	2800	35.1258	31.5609	2126	31	10	624	35	83	518	4	1.69446	896691	6.48172e-05	
12100	12550	2754	30.8809	34.4784	2108	30	8	602	13	60	508	4	0.371362	1.0078e+06	0.000179598	
12100	13411	2747	21.9359	25	2090	29	6	641	12	83	529	5	1.4666	1.53979e+06	5.36136e-05	
11961	12778	2737	34.4591	25.6915	2067	31	6	637	1	79	530	4	0.840872	1.2988e+06	6.0107e-05	
12021	13407	2785	21.8869	25	2080	30	6	621	4	83	530	5	1.57988	1.506e+06	5.3723e-05	
12094	12550	2743	29.6267	33.9867	2098	32	9	602	18	60	490	5	0.374402	964093	0.000209512	
12100	13018	2713	36.0349	34.0914	2116	28	8	622	23	63	481	5	0.978998	923687	7.00624e-05	
12100	12578	2706	34.3409	35	2000	31	6	647	7	72	513	5	0.405492	1.11248e+06	0.00011157	
12080	12571	2743	25.746	35	2108	31	6	641	18	60	496	5	2.05854	807837	7.05766e-05	
11949	12835	2742	31.1135	25.6182	2037	28	5	645	20	85	497	4	0.927221	1.32116e+06	5.86166e-05	
12100	12550	2740	32.6903	35	2151	30	8	615	8	69	514	6	0.372588	1.04634e+06	0.000146725	
11374	13100	2714	37	35	2083	31	9	624	13	78	516	5	1.95343	773800	7.43384e-05	
11840	13448	2775	36.1124	32.924	2156	30	9	626	22	77	508	5	1.91473	845735	6.78242e-05	
11879	13500	2797	31.3673	28.0456	2064	29	7	636	8	89	506	5	1.94916	1.02615e+06	6.00781e-05	
12100	12554	2743	35.2267	35	2127	29	7	624	18	67	510	5	0.380887	1.09477e+06	0.000119976	
12100	13435	2778	21.8243	25	2092	29	6	622	17	86	529	5	1.51508	1.54982e+06	5.3251e-05	
12088	12554	2791	36.8157	34.0862	2090	31	9	624	22	65	530	6	0.403713	1.1496e+06	0.000103875	
12097	12580	2717	37	34.233	2128	28	9	624	23	65	511	6	0.415223	1.15327e+06	9.73474e-05	
11394	12550	2733	34.9447	34.5464	2091	30	9	610	11	63	495	6	1.22184	830626	7.3346e-05	
12035	12550	2700	35.5145	26.2808	2149	31	9	638	3	74	497	5	0.449268	1.28603e+06	8.70322e-05	
12100	12550	2743	29.6267	33.4294	2098	32	9	606	18	67	494	5	0.366956	947472	0.000224568	
12083	12550	2756	36.0963	34.3063	2036	28	7	615	18	69	491	5	0.399312	1.13442e+06	0.000107239	
12100	12550	2736	32.1977	34.0914	2103	31	7	603	14	70	511	6	0.371309	1.04237e+06	0.000153468	
11914	13049	2738	35.4877	34.8222	2101	29	8	619	35	73	496	5	1.2577	849723	7.02593e-05	
12068	13402	2790	21.8243	25	2008	28	8	640	12	78	525	5	1.51579	1.53423e+06	5.3697e-05	
12099	12550	2761	29.6267	34.4734	2098	32	8	604	34	71	494	4	0.370613	950742	0.000221484	
12100	12550	2727	31.2818	35	2062	30	7	603	18	78	511	6	0.368509	1.01496e+06	0.000170999	
12100	12554	2737	32.9742	35	2140	30	7	611	22	68	518	6	0.377708	1.05762e+06	0.000139315	
12024	13425	2778	29.8557	32.1967	2096	31	8	644	10	84	527	5	1.64768	959407	6.30318e-05	
12070	12819	2700	34.4711	25	2048	31	9	622	19	81	530	5	0.75023	1.3645e+06	6.04047e-05	
12100	13318	2785	23.3276	25.3537	2110	30	6	621	13	77	530	4	1.37335	1.4655e+06	5.41184e-05	
12100	12550	2700	31.0743	26.0838	2063	31	7	641	19	70	515	5	0.364465	1.07802e+06	0.000170736	
12078	12550	2734	35.902	35	2095	30	7	634	25	73	494	5	0.40218	1.12711e+06	0.000106372	
11445	13139	2717	36.5617	35	2000	32	9	643	7	69	513	4	1.92504	771230	7.48615e-05	
12100	12550	2743	29.1536	32.7072	2131	30	8	609	18	81	491	5	0.365655	919903	0.000250941	
12054	12591	2704	36.3125	26.2808	2001	31	8	637	3	71	504	6	0.479397	1.33392e+06	7.92896e-05	
12083	12550	2743	29.8782	35	2098	32	8	641	18	61	496	5	0.388688	1.01109e+06	0.000178444	
12025	12848	2773	31.155	29.2024	2132	29	7	624	5	83	515	5	0.860611	1.26816e+06	6.06171e-05	
11903	12994	2766	37	34.6841	2079	32	7	634	4	81	489	4	1.21095	847496	7.08516e-05	
11968	12578	2741	35.6955	33.6303	2029	30	4	650	3	90	479	5	0.574697	1.22702e+06	7.2722e-05	
12037	12578	2740	35.5724	29.1438	2046	30	10	646	25	76	496	5	0.489534	1.26998e+06	8.05477e-05	
12100	12550	2702	32.0509	26.0582	2152	31	6	612	6	70	504	5	0.366463	1.10609e+06	0.000152022	
12081	13383	2743	36.7381	35	2149	29	8	615	18	80	528	6	1.50786	828910	6.8975e-05	
11911	13435	2741	36.0259	32.5094	2079	30	8	612	5	80	518	4	1.78688	855188	6.74491e-05	
11989	13500	2792	21.8243	25.0309	2132	29	5	619	8	76	520	5	1.75369	1.47999e+06	5.36481e-05	
12096	12598	2732	37	28.9091	2056	29	7	632	1	83	496	5	0.441895	1.251e+06	8.78812e-05	
12079	12705	2708	37	25	2115	30	7	632	35	70	473	4	0.59587	1.42692e+06	6.58285e-05	
12100	12550	2700	32.2632	25	2109	28	7	643	17	71	516	5	0.366524	1.12699e+06	0.000148017	
12100	12561	2759	37	27.03	2059	29	7	632	16	83	505	5	0.393262	1.23132e+06	0.000102881	
12100	12578	2706	35.5655	26.3502	2000	31	7	647	4	68	495	5	0.406508	1.24809e+06	0.000101215	
12100	12550	2704	35.4912	26.0582	2160	31	6	644	6	70	497	5	0.370593	1.19098e+06	0.000117523	
12077	12554	2743	35.3434	35	2148	32	8	606	18	63	516	5	0.4095	1.12811e+06	0.00010618	
12069	13500	2784	34.6327	28.0456	2064	29	7	638	8	89	525	5	1.70769	1.00835e+06	6.04705e-05	
12097	12550	2739	30.7024	34.0914	2133	32	7	607	24	62	524	6	0.372684	1.00991e+06	0.000179179	
11891	13426	2739	36.5262	34.0516	2051	30	9	616	18	79	510	4	1.79786	815018	6.98178e-05	
11988	13104	2749	25.3447	25.0791	2140	29	4	627	11	79	522	4	1.21916	1.41733e+06	5.48908e-05	
11936	13500	2763	31.3673	29.719	2035	29	7	623	4	88	522	5	1.85533	982596	6.16105e-05	
11962	12609	2738	35.4475	25.1054	2056	31	6	650	20	82	518	5	0.621204	1.44471e+06	6.39672e-05	
12100	12550	2743	34.4787	32.8176	2123	32	8	606	13	71	517	5	0.375094	1.09102e+06	0.00012721	
11933	12550	2743	37	33.3632	2098	32	8	606	18	60	504	5	0.582687	1.17504e+06	7.2881e-05	
12097	12550	2749	34.9661	35	2086	29	8	631	21	68	516	5	0.380081	1.09011e+06	0.000122249	
12100	12550	2706	34.1027	32.9709	2069	31	7	634	29	81	497	6	0.369667	1.08072e+06	0.000131337	
11944	13435	2741	35.4808	29.7781	2079	30	8	649	8	86	518	4	1.74616	925155	6.38855e-05	
12048	12550	2740	26.756	34.8444	2135	30	8	618	20	65	515	5	0.420829	897522	0.000254388	
11493	13274	2717	36.5617	35	2000	32	9	646	12	69	514	5	2.05019	771761	7.4599e-05	
12097	12554	2747	30.1661	34.0914	2135	32	7	606	20	65	487	6	0.377723	999602	0.000187231	
12100	12608	2716	37	25	2056	30	7	625	35	67	475	4	0.447188	1.35628e+06	8.46024e-05	
11374	12850	2715	35.9349	34.8411	2076	32	10	632	13	79	514	5	1.62434	790262	7.37518e-05	
12100	12550	2740	32.6903	35	2151	30	8	615	5	69	514	6	0.372588	1.04631e+06	0.000146735	
11838	13307	2736	34.389	28.8421	2080	29	10	642	25	76	519	4	1.69597	945337	6.33032e-05	
12100	12577	2730	36.7361	33.2309	2114	32	9	606	21	63	481	5	0.409529	1.16264e+06	0.00010002	
12010	12550	2725	25.4966	35	2091	30	9	610	20	63	472	5	0.458591	900535	0.000249439	
11504	13333	2717	36.5617	35	2000	31	9	643	3	69	514	5	2.11706	773603	7.41455e-05	
11995	13113	2779	29.716	31.031	2123	30	6	614	4	84	514	5	1.25401	1.05533e+06	6.19195e-05	
11824	13034	2738	35.4877	34.9392	2101	29	8	619	35	73	508	5	1.34706	834522	7.04821e-05	
11486	12851	2721	37	34.4242	2077	31	9	628	4	64	492	5	1.49954	789071	7.44435e-05	
11960	12626	2790	33.506	29.9355	2049	29	9	621	14	81	513	5	0.655992	1.30264e+06	6.59283e-05	
12053	12578	2714	37	27.8674	2068	29	7	646	18	72	501	5	0.466141	1.29318e+06	8.12876e-05	
11698	12791	2709	34.2791	29.4078	2097	30	9	639	32	78	517	4	1.16414	974026	6.48971e-05	
12097	12554	2739	28.5069	33.6722	2135	32	7	606	24	65	487	6	0.372002	875224	0.000276472	
12067	13046	2775	24.9594	25.0927	2075	29	8	628	10	79	518	5	1.05093	1.52745e+06	5.53679e-05	
11671	12999	2739	36.5617	35	2101	31	9	643	10	71	514	5	1.48569	803790	7.21553e-05	
11851	13496	2779	32.9921	33.0407	2006	29	8	635	0	90	524	6	1.96815	880417	6.58718e-05	
12100	12550	2743	29.4743	30.7676	2124	32	7	603	18	68	511	6	0.36655	952688	0.000230044	
11975	13378	2726	36.1205	35	2020	32	10	632	20	79	530	5	1.62135	805238	7.05816e-05	
12100	12601	2712	37	28.9939	2052	31	9	628	7	82	459	5	0.437584	1.24118e+06	8.87548e-05	
12100	13104	2797	26.4964	25	2096	30	4	628	10	80	520	5	1.10571	1.45825e+06	5.48426e-05	
11847	12841	2767	35.0058	33.4864	2032	30	8	626	23	75	530	6	1.07449	925722	6.80596e-05	
12004	12969	2748	35.3154	27.0911	2130	29	7	638	19	67	510	5	1.04463	1.11821e+06	6.16751e-05	
11462	13144	2714	36.5617	34.8411	2076	31	7	624	13	71	509	5	1.90981	783647	7.3779e-05	
11961	12890	2747	29.1569	25.9167	2044	28	5	645	1	85	491	5	0.982134	1.33249e+06	5.80889e-05	
11907	12593	2762	35.6955	25.668	2139	31	10	650	-0	76	522	5	0.673813	1.36796e+06	6.23247e-05	
11907	12588	2761	35.6955	26.5382	2139	31	10	621	10	75	522	5	0.667072	1.33776e+06	6.32271e-05	
11985	13383	2790	21.8243	25	2065	28	8	621	12	75	526	5	1.59341	1.50858e+06	5.3697e-05	
12097	12550	2723	34.6604	34.0914	2132	31	8	618	15	79	516	6	0.376222	1.08558e+06	0.000124595	
12059	12601	2746	37	28.9939	2052	31	9	624	19	82	502	5	0.493933	1.28378e+06	7.75374e-05	
12079	12550	2738	37	25	2126	30	7	632	35	63	473	4	0.402129	1.3017e+06	9.75895e-05	
11445	13274	2713	36.5617	35	2072	32	9	643	7	69	516	4	2.10303	772446	7.42997e-05	
11970	12550	2733	36.023	33.2711	2032	30	8	600	12	73	502	4	0.534843	1.2175e+06	7.55515e-05	
12100	12550	2754	33.5874	34.3972	2128	28	9	624	18	69	517	5	0.375655	1.06864e+06	0.000135648	
12097	12805	2748	32.8424	25	2066	31	9	622	29	81	529	5	0.709729	1.43959e+06	6.06575e-05	
11960	12742	2788	31.4062	25.7684	2094	29	8	621	14	81	513	5	0.805671	1.40411e+06	5.87855e-05	
12100	12550	2742	32.1683	35	2051	30	6	611	5	69	509	6	0.372077	1.03907e+06	0.000154273	
12097	12587	2762	36.9214	33.9695	2103	30	8	618	13	65	507	6	0.431159	1.17732e+06	9.40291e-05	
12086	13500	2743	33.1939	35	2149	29	8	615	18	80	528	6	1.65992	855844	6.7254e-05	
11725	12893	2738	36.5832	34.9641	2027	32	6	614	23	67	508	5	1.28001	820116	7.29874e-05	
11882	13083	2766	28.4193	27.9309	2132	30	8	619	2	90	505	4	1.34323	1.12998e+06	5.91156e-05	
12097	12609	2764	36.552	32.8424	2027	29	8	634	32	76	517	6	0.459926	1.20727e+06	8.72905e-05	
12029	13081	2736	37	28.1845	2018	30	9	615	20	87	500	4	1.15955	999042	6.40123e-05	
11907	12804	2736	37	33.7429	2101	29	6	609	11	61	508	5	0.942262	930388	7.02814e-05	
12025	12811	2795	31.1232	29.3239	2132	29	6	615	12	85	520	5	0.817775	1.31072e+06	6.0794e-05	
12069	12628	2708	37	26.9013	2122	31	6	635	3	72	504	5	0.50936	1.36363e+06	7.37137e-05	
12065	12844	2783	36.9214	33.787	2103	29	8	616	34	64	512	6	0.814669	1.02462e+06	6.87238e-05	
12005	12691	2765	34.6182	30.96	2029	29	10	629	3	74	515	6	0.680579	1.22909e+06	6.61945e-05	
11792	12550	2756	37	30.9757	2046	29	7	618	5	66	502	5	0.757851	1.08519e+06	6.7981e-05	
12100	13411	2752	23.9881	25	2107	29	6	640	15	66	529	5	1.49077	1.38542e+06	5.4407e-05	
11853	12778	2740	31.4729	25.6915	2074	28	7	637	1	78	530	4	0.969529	1.27294e+06	5.82751e-05	
12018	12589	2733	36.023	33.2711	2032	30	8	600	15	72	505	4	0.526083	1.22029e+06	7.65404e-05	
12097	12554	2754	30.2817	34.6113	2128	32	8	616	22	65	516	6	0.378957	1.00471e+06	0.000183419	
11961	12835	2736	30.1902	29.9263	2037	28	6	644	10	84	494	4	0.908529	1.20099e+06	6.21311e-05	
11968	12805	2758	32.8424	25	2066	31	9	628	29	81	529	5	0.872418	1.3231e+06	5.87027e-05	
12072	13500	2759	33.0684	35	2149	29	8	615	18	80	528	6	1.68688	859023	6.70556e-05	
12069	12628	2742	37	26.9013	2124	31	6	610	3	77	499	5	0.515755	1.37277e+06	7.32118e-05	
12054	12591	2719	36.3125	27.2657	2001	31	8	637	3	71	504	6	0.482056	1.31334e+06	7.95102e-05	
12100	12550	2715	29.1536	33.1236	2138	32	8	613	20	65	491	5	0.361922	905509	0.000253807	
11028	12721	2730	37	35	2116	31	7	618	18	85	492	5	1.86126	772115	7.67165e-05	
11883	13375	2739	37	34.22	2150	31	6	633	27	85	513	5	1.73786	823862	6.95024e-05	
12049	12835	2749	29.2836	25.4044	2070	28	7	642	17	85	493	4	0.801892	1.46107e+06	5.90563e-05	
11968	12944	2780	28.7502	28.1162	2113	28	5	615	19	84	514	4	1.05648	1.25652e+06	5.84864e-05	
12024	12550	2743	36.0471	30.6055	2138	31	6	644	3	75	501	5	0.470355	1.24731e+06	8.38645e-05	
12054	12550	2700	36.7287	26.2808	2008	31	8	647	29	88	512	5	0.426883	1.27963e+06	9.00414e-05	
11783	13307	2736	34.389	28.8421	2080	29	10	642	25	90	519	4	1.76244	943536	6.31074e-05	
12100	12550	2708	30.71	33.1873	2069	30	7	641	25	80	497	5	0.364806	1.01257e+06	0.000184162	
11945	12550	2747	35.6592	29.2465	2023	31	9	625	23	84	483	5	0.568055	1.2957e+06	7.04523e-05	
12100	13321	2785	24.9267	25	2086	29	4	624	23	69	524	5	1.39043	1.39264e+06	5.44692e-05	
12011	13228	2753	32.249	29.9261	2072	31	9	644	4	88	480	4	1.38355	977587	6.34437e-05	
12097	12897	2717	37	34.233	2128	28	9	624	23	65	511	6	0.825387	986195	6.95943e-05	
12100	12550	2728	37	34.0914	2135	28	8	614	23	63	481	5	0.374758	1.11618e+06	0.000112778	
11793	12550	2728	32.98	25.7194	2052	30	6	613	20	87	530	4	0.745545	1.37188e+06	6.07201e-05	
12100	12550	2725	31.7937	32.5283	2130	32	9	600	18	68	511	6	0.369156	1.03942e+06	0.000159642	
11944	13435	2754	35.4808	29.7781	2079	30	8	649	10	88	518	4	1.75444	927767	6.36699e-05	
12086	12553	2743	35.8275	34.235	2145	29	8	612	6	80	520	6	0.3974	1.12543e+06	0.000108613	
11872	13220	2741	37	35	2021	31	9	618	22	87	497	4	1.54132	801105	7.15052e-05	
12100	13244	2785	24.9532	25	2107	30	6	621	12	76	519	5	1.28412	1.41466e+06	5.46418e-05	
12100	12609	2743	35.9498	35	2140	29	8	611	14	70	514	6	0.452358	1.17315e+06	9.11079e-05	
12097	12785	2793	36.1272	33.9695	2140	29	8	634	29	76	518	6	0.69784	1.15618e+06	6.77828e-05	
12057	13257	2785	24.4797	25	2075	30	5	637	10	76	524	5	1.35281	1.40714e+06	5.45762e-05	
11856	12712	2730	36.383	34.4355	2099	31	7	622	19	85	485	5	0.881966	944020	7.07064e-05	
11776	13317	2796	35.9518	33.7296	2055	28	10	624	16	89	495	5	1.82489	833651	6.8653e-05	
11874	12550	2710	36.1423	25.028	2052	29	8	624	24	90	511	6	0.646414	1.39565e+06	6.29644e-05	
12033	12884	2746	34.7108	34.1501	2074	31	7	611	7	84	504	5	0.894782	995598	6.82547e-05	
12088	12554	2791	37	34.4983	2090	31	9	624	22	64	530	6	0.4038	1.14827e+06	0.00010337	
12100	12550	2723	35.5939	33.8716	2160	29	7	618	16	80	519	6	0.37327	1.09766e+06	0.000120265	
11895	12921	2757	35.9746	34.9907	2058	31	9	638	30	67	477	5	1.11877	855199	7.22961e-05	
11916	13435	2741	37	32.5094	2079	30	8	612	9	80	518	4	1.78129	845573	6.79902e-05	
11671	13064	2719	36.6677	35	2075	31	8	643	10	71	514	5	1.561	796564	7.25795e-05	
12100	12550	2773	28.8558	34.5038	2135	29	8	609	19	60	515	5	0.368763	879717	0.000275558	
11946	12698	2761	35.2299	32.5054	2001	31	9	643	13	86	504	4	0.762247	1.10144e+06	6.73764e-05	
11987	13203	2800	35.1258	31.5609	2011	32	9	636	28	83	518	4	1.40613	908745	6.57203e-05	
12100	13318	2761	22.8182	25	2084	30	5	621	10	77	530	4	1.35637	1.51866e+06	5.40482e-05	
12025	12560	2738	34.5761	35	2066	31	9	627	24	65	506	6	0.479993	1.18376e+06	8.75887e-05	
12054	12550	2734	35.7094	35	2095	30	7	634	25	73	494	5	0.431662	1.1551e+06	9.67867e-05	
11961	12766	2737	31.9679	26.5348	2067	28	7	637	1	76	518	4	0.82201	1.33153e+06	5.95486e-05	
12071	13176	2746	34.143	28.8421	2080	30	7	631	12	75	519	5	1.23779	1.03039e+06	6.21736e-05	
11618	12679	2741	37	33.9662	2063	29	6	630	6	86	461	6	1.12926	854261	7.21711e-05	
12100	13052	2755	34.6801	29.1438	2129	29	10	624	22	83	496	4	1.03877	1.05864e+06	6.24844e-05	
11310	13190	2706	36.176	35	2076	32	9	635	24	63	494	5	2.14039	765152	7.62195e-05	
11858	13223	2750	28.9044	25.0529	2039	30	10	617	20	89	529	5	1.55561	1.15506e+06	5.71559e-05	
11858	12581	2746	34.3288	27.3558	2072	29	6	613	22	78	530	5	0.713067	1.32331e+06	6.24298e-05	
12002	13321	2782	24.9267	25	2076	29	4	624	23	77	524	5	1.51181	1.3475e+06	5.46388e-05	
12100	12552	2728	33.1939	34.7309	2153	29	8	637	18	80	489	5	0.374191	1.06144e+06	0.000138735	
11996	13054	2790	32.1734	25	2034	30	8	621	14	81	513	5	1.18232	1.20312e+06	5.80686e-05	
12069	12578	2704	37	26.2808	2122	29	7	633	3	68	506	5	0.444908	1.31214e+06	8.49545e-05	
12100	13257	2787	29.4841	25	2155	30	8	627	10	76	506	5	1.32296	1.23769e+06	5.63031e-05	
12100	12550	2731	30.691	34.2194	2054	28	8	600	18	70	505	5	0.367864	999812	0.000185082	
11982	12617	2755	35.1547	34.0487	2043	29	8	640	12	66	516	5	0.610557	1.19359e+06	7.13063e-05	
12083	12550	2743	29.6267	33.9764	2101	32	9	606	18	60	491	5	0.388043	999462	0.00018577	
12097	12666	2736	36.1925	33.7177	2050	32	8	629	11	66	508	6	0.528745	1.21891e+06	7.69882e-05	
12059	12601	2712	37	28.9939	2052	31	9	631	7	82	459	5	0.487817	1.27772e+06	7.83638e-05	
11935	13059	2729	29.1131	27.7132	2160	28	10	609	8	70	507	5	1.23098	1.13754e+06	5.95203e-05	
12037	12554	2763	36.8179	35	2136	29	8	620	12	66	518	6	0.463235	1.18499e+06	8.63782e-05	
12026	12737	2778	37	29.8755	2087	30	9	634	28	73	500	5	0.719917	1.18585e+06	6.5548e-05	
11521	13323	2714	36.4147	35	2000	32	9	648	5	69	529	4	2.08126	775592	7.38552e-05	
11778	13255	2709	36.5617	35	2128	32	9	628	9	61	491	5	1.68265	786653	7.36052e-05	
11856	12844	2749	35.1876	33.787	2103	29	8	616	34	64	512	6	1.06064	913633	6.91802e-05	
12100	12550	2743	29.4743	34.0914	2124	32	7	603	18	68	511	6	0.36655	933533	0.000232829	
12033	13243	2790	24.8948	25	2014	29	8	640	15	75	529	5	1.36901	1.36448e+06	5.47855e-05	
12100	12550	2763	28.8558	34.5038	2013	29	8	607	11	61	512	5	0.367433	876933	0.000276625	
11985	13402	2790	29.6012	25.8463	2000	28	8	621	12	75	530	5	1.6708	1.14196e+06	5.70841e-05	
12024	13351	2744	29.8557	32.4364	2132	29	6	647	15	90	520	5	1.52588	969975	6.29921e-05	
11985	13425	2800	32.343	32.1967	2096	31	8	644	10	84	527	6	1.7148	923995	6.39018e-05	
12087	13054	2790	32.1734	25	2034	30	7	621	18	81	513	5	1.06798	1.26234e+06	5.76834e-05	
12053	12578	2711	34.2644	35	2000	29	7	646	7	72	507	5	0.463715	1.16708e+06	9.19287e-05	
12054	12708	2713	35.4912	25.3948	2160	31	6	625	25	71	497	5	0.630574	1.43558e+06	6.40205e-05	
11960	12718	2790	33.506	25	2049	29	9	621	14	81	513	5	0.77759	1.38983e+06	5.92593e-05	
11374	13041	2714	36.5617	34.8411	2083	30	8	624	18	78	516	5	1.87498	784942	7.36431e-05	
12054	12713	2704	34.1448	25.0533	2160	31	7	647	3	71	497	5	0.63375	1.44661e+06	6.39182e-05	
12100	13383	2790	21.8243	25	2075	28	8	621	15	75	530	5	1.4489	1.58578e+06	5.32368e-05	
12022	12850	2773	32.8447	26.095	2158	28	7	624	17	86	513	6	0.869831	1.3392e+06	5.83465e-05	
12100	12550	2715	29.1536	32.7072	2131	32	8	633	17	66	491	5	0.361922	911252	0.0002531	
12100	12550	2708	31.8054	25.8572	2113	28	7	643	17	73	501	5	0.366873	1.10537e+06	0.000155594	
12069	12605	2718	37	26.7136	2122	31	6	645	3	72	499	5	0.481756	1.34673e+06	7.80823e-05	
11776	13317	2800	37	33.7296	2055	29	10	623	16	89	495	4	1.82808	821387	6.93193e-05	
12100	12598	2722	37	27.03	2059	29	7	619	16	83	496	5	0.435351	1.28213e+06	8.84564e-05	
12100	13411	2776	29.3503	25	2107	29	6	638	12	78	529	5	1.53047	1.21424e+06	5.55247e-05	
12055	13211	2732	32.8205	34.251	2075	31	6	621	12	89	515	4	1.29679	902235	6.70017e-05	
11945	12593	2762	33.5718	29.1438	2023	31	9	625	17	84	511	5	0.62504	1.31384e+06	6.73401e-05	
12100	12554	2743	31.7429	35	2140	31	7	611	18	69	513	6	0.376656	1.0362e+06	0.000156152	
12042	13283	2757	29.5986	26.2364	2087	28	7	628	11	88	517	4	1.41678	1.16354e+06	5.70581e-05	
12100	12726	2743	35.5379	34.2841	2128	30	7	611	5	69	514	6	0.604062	1.19942e+06	7.15461e-05	
12100	12550	2739	34.1944	34.1904	2050	32	9	601	16	65	484	4	0.374269	1.0769e+06	0.000130548	
12029	13081	2725	37	28.1845	2018	29	9	620	14	88	500	4	1.15489	1.00018e+06	6.38244e-05	
12100	12550	2733	32.2623	33.9699	2108	32	8	600	18	68	506	6	0.371002	1.04245e+06	0.000152602	
11756	12550	2728	32.1925	25.6796	2081	30	7	620	20	87	526	5	0.788855	1.35638e+06	6.0024e-05	
12100	12550	2737	31.8831	34.0973	2108	28	8	608	19	65	515	5	0.370933	1.03512e+06	0.000158504	
12048	12554	2774	35.6139	33.7728	2121	32	9	612	31	65	526	5	0.450619	1.18546e+06	9.2081e-05	
11853	12778	2747	31.4729	25.6915	2074	28	7	637	1	78	511	4	0.972006	1.26434e+06	5.87061e-05	
12100	12805	2736	32.9514	25	2039	31	9	622	29	81	529	5	0.703063	1.43398e+06	6.1024e-05	
11882	13083	2766	33.471	33.5089	2132	31	8	620	2	90	501	4	1.35395	895270	6.68807e-05	
12074	12550	2743	35.5836	35	2135	32	8	621	23	63	481	5	0.408244	1.13138e+06	0.000105697	
12052	12550	2723	37	32.1719	2083	31	10	641	27	86	511	5	0.433102	1.1886e+06	9.09918e-05	
12100	12554	2754	28.5079	34.6952	2108	28	6	624	14	70	513	5	0.370304	868857	0.000289352	
12010	12550	2725	25.4966	35	2091	29	9	612	19	63	472	5	0.458591	901428	0.000249252	
11842	12706	2794	31.4062	25.2554	2040	29	8	637	2	86	516	5	0.906303	1.33854e+06	5.80114e-05	
12100	13029	2785	26.987	26.099	2110	30	5	623	9	89	524	5	1.00123	1.45343e+06	5.59691e-05	
11454	13274	2717	36.5617	35	2000	32	9	646	7	69	510	5	2.09566	769498	7.494e-05	
12060	12921	2760	35.1421	34.7036	2058	32	9	638	13	74	479	5	0.915394	950431	7.04473e-05	
12012	12904	2776	35.3024	32.8185	2037	28	7	629	35	77	521	6	0.958028	1.00168e+06	6.62954e-05	
11853	12761	2753	31.4729	25.6915	2074	28	7	637	1	78	530	4	0.951787	1.29001e+06	5.81429e-05	
11838	12550	2728	32.3365	26.3959	2069	30	7	620	20	87	523	5	0.690381	1.38676e+06	6.23169e-05	
12100	12550	2706	37	25.2898	2094	31	7	644	6	66	496	5	0.371736	1.23906e+06	0.000109027	
11886	13274	2715	36.5617	34.8411	2076	32	10	626	17	80	512	5	1.5822	802094	7.12606e-05	
11989	13352	2794	25.7928	25	2094	29	9	642	13	85	524	5	1.58318	1.27599e+06	5.46777e-05	
12011	12598	2737	37	29.5283	2056	30	10	632	19	82	483	5	0.54758	1.28454e+06	7.13776e-05	
12033	13243	2766	26.287	25.3556	2020	29	8	643	15	75	524	5	1.3654	1.28346e+06	5.58597e-05	
12100	12692	2737	35.7259	29.1438	2066	30	10	642	23	83	506	5	0.558658	1.30731e+06	7.08767e-05	
11990	13500	2800	32.7374	31.2626	2132	29	6	616	14	83	526	5	1.8148	949662	6.26999e-05	
11858	12595	2743	33.03	25.1004	2059	32	10	612	20	83	530	5	0.728872	1.37691e+06	6.09756e-05	
12057	12718	2708	34.7857	26.5745	2011	31	7	647	3	70	517	5	0.638062	1.37494e+06	6.48214e-05	
11838	12550	2712	32.3365	26.3959	2064	31	8	620	20	87	502	5	0.686332	1.36641e+06	6.31433e-05	
12100	12550	2753	34.1944	34.1904	2050	32	9	601	16	66	491	4	0.376182	1.07911e+06	0.000130174	
11987	13227	2794	34.3486	32.5151	2114	29	10	628	22	90	501	4	1.43555	904358	6.52443e-05	
12100	12554	2743	37	29.2839	2041	32	8	626	11	67	510	5	0.381967	1.17956e+06	0.00010791	
11960	12727	2790	30.3712	25	2034	29	8	621	14	81	513	5	0.78416	1.46244e+06	5.88582e-05	
12042	13283	2788	29.5986	26.2364	2026	28	7	628	11	88	517	4	1.43271	1.15993e+06	5.7006e-05	
12057	12578	2740	35.8021	29.1438	2046	30	9	646	25	75	496	5	0.465001	1.2546e+06	8.52297e-05	
12097	12609	2764	36.9515	31.0288	2027	29	8	634	32	76	515	6	0.460124	1.23357e+06	8.54847e-05	
11998	12550	2743	33.3501	34.6398	2117	31	9	609	23	74	513	5	0.49995	1.19304e+06	8.61178e-05	
11923	13104	2733	25.7679	25.2927	2140	29	6	627	11	79	522	4	1.29395	1.32469e+06	5.56143e-05	
12027	12552	2739	32.9926	34.8743	2153	29	8	637	18	80	489	5	0.465649	1.15714e+06	9.63113e-05	
12054	12651	2708	35.5805	35	2069	30	8	625	26	75	503	5	0.556308	1.18765e+06	7.52276e-05	
12097	12550	2723	36.8452	34.406	2132	31	7	643	16	80	514	5	0.377696	1.11627e+06	0.00011202	
11975	13402	2780	29.6012	25	2000	28	10	633	12	75	530	5	1.67727	1.15151e+06	5.65515e-05	
12069	12605	2754	34.7816	34.6952	2118	28	7	629	17	76	513	5	0.486682	1.19551e+06	8.60141e-05	
12086	12978	2742	31.1101	26.5965	2100	30	10	633	20	81	495	4	0.947567	1.24809e+06	5.93965e-05	
11748	13413	2726	36.7299	34.2242	2097	31	9	643	12	72	514	5	1.94397	800259	7.11551e-05	
12100	13368	2737	32.1683	35	2097	30	7	611	5	81	514	5	1.45605	878924	6.74764e-05	
12100	12551	2700	34.3779	27.1989	2063	29	7	641	19	71	501	5	0.370386	1.14749e+06	0.000125376	
12048	13311	2740	35.6255	34.251	2089	31	6	621	12	89	515	4	1.44792	856434	6.8106e-05	
12100	13435	2742	36.0259	32.5094	2079	30	8	609	5	80	518	4	1.55484	874356	6.65868e-05	
12100	13258	2787	25.4158	25	2155	31	8	627	7	83	506	5	1.30733	1.36979e+06	5.50388e-05	
11858	13338	2734	28.9044	25.1004	2050	30	10	640	19	90	527	4	1.70266	1.13328e+06	5.72607e-05	
11936	12852	2797	31.3673	29.719	2035	29	8	623	5	76	524	5	0.985386	1.14479e+06	6.16105e-05	
12100	12550	2743	32.1683	35	2110	30	8	613	15	81	523	6	0.372212	1.03845e+06	0.000154012	
11954	12550	2725	34.9447	35	2114	30	9	610	11	63	459	6	0.552002	1.18049e+06	7.71545e-05	
12100	12579	2746	37	28.9939	2052	31	9	631	19	82	459	5	0.414636	1.22323e+06	9.60523e-05	
12090	12550	2758	37	30.9757	2027	29	7	640	5	90	502	5	0.391355	1.17107e+06	0.000105319	
11404	12850	2715	37	34.8411	2076	32	10	632	13	79	514	5	1.59022	781976	7.42556e-05	
12079	13500	2800	26.7409	25	2072	29	8	621	12	77	526	5	1.68605	1.24991e+06	5.48426e-05	
12100	12550	2750	29.4743	34.0914	2124	32	7	603	12	73	515	6	0.367485	936653	0.000232234	
12083	12554	2715	32.6855	34.0914	2054	28	8	602	12	68	508	5	0.39515	1.07744e+06	0.000127812	
12100	13120	2778	27.9228	25	2110	30	5	629	14	67	524	6	1.12606	1.37477e+06	5.57414e-05	
11907	12605	2721	35.1179	34.0862	2135	30	8	620	17	65	498	6	0.678764	1.11344e+06	7.04275e-05	
12100	12550	2752	33.5006	33.5728	2051	32	9	601	7	68	490	4	0.375279	1.07355e+06	0.000136426	
12086	12553	2743	36.7464	34.235	2145	29	8	612	6	80	520	6	0.397929	1.13716e+06	0.000104668	
12018	13071	2777	36.4605	34.0947	2105	30	9	631	12	72	495	5	1.17682	878654	6.91467e-05	
12022	13231	2773	32.8447	26.095	2158	28	7	629	17	86	513	6	1.38489	1.13545e+06	5.81734e-05	
12015	13232	2752	36.0839	33.9695	2101	31	6	619	13	77	513	5	1.38756	861490	6.85495e-05	
11907	12804	2740	37	33.7429	2117	29	6	609	5	61	508	5	0.94364	931941	7.01459e-05	
11680	12550	2773	36.9387	34.5547	2041	31	8	628	14	75	505	4	0.898817	915737	7.17566e-05	
11374	13063	2714	36.5617	34.8411	2073	31	9	633	12	78	516	5	1.90411	781336	7.38825e-05	
11699	12882	2741	36.6374	34.9341	2021	31	9	616	24	86	509	4	1.29813	817017	7.19476e-05	
12097	13229	2764	36.552	33.9695	2023	29	8	634	30	76	518	6	1.28758	869481	6.82314e-05	
12100	13037	2796	34.282	25.0735	2079	31	8	628	8	83	500	5	1.0334	1.23426e+06	5.89414e-05	
12100	12554	2743	35.0903	35	2124	32	7	606	18	72	511	6	0.380779	1.09247e+06	0.000120919	
11903	13122	2797	34.3768	32.1181	2006	31	8	623	5	86	530	4	1.39743	910860	6.56556e-05	
12026	13396	2762	36.1899	31.6793	2111	30	9	626	24	79	508	5	1.60446	884942	6.6011e-05	
12054	12825	2708	30.5384	25	2160	31	6	646	14	71	517	5	0.773927	1.4662e+06	5.92874e-05	
12030	12866	2748	36.3991	31.1995	2124	32	7	630	20	61	518	5	0.876547	1.03968e+06	6.68986e-05	
11997	12550	2743	37	35	2121	29	7	624	18	67	510	5	0.504129	1.19959e+06	7.89827e-05	
12100	12578	2724	37	26.3502	2005	29	7	647	9	65	495	5	0.410033	1.27615e+06	9.54745e-05	
12069	12554	2747	36.7201	34.6952	2118	30	10	628	13	78	503	5	0.420879	1.15279e+06	9.72195e-05	
12052	13425	2706	30.81	32.1967	2096	31	8	640	10	84	527	6	1.57302	934392	6.4189e-05	
12100	13411	2776	24.7301	25	2107	29	6	640	12	83	529	5	1.50942	1.35188e+06	5.392e-05	
11858	12581	2732	33.03	25.1004	2095	32	9	644	20	83	530	5	0.70795	1.39877e+06	6.11546e-05	
11923	13104	2745	25.7679	25.2927	2140	29	4	627	11	79	522	4	1.29963	1.34437e+06	5.54385e-05	
11897	12550	2746	33.9553	25	2052	30	6	613	22	84	524	5	0.625122	1.45509e+06	6.391e-05	
11996	12550	2743	36.2919	33.5008	2117	31	9	606	19	74	511	5	0.504999	1.21783e+06	7.87464e-05	
11028	12550	2730	36.7703	34.5177	2128	31	9	635	25	84	485	6	1.64064	781341	7.64059e-05	
11293	12713	2759	36.8307	34.8579	2001	31	10	650	20	84	525	5	1.56529	793252	7.40357e-05	
12100	12550	2708	35.4405	33.1873	2069	30	7	634	24	80	497	5	0.371104	1.10045e+06	0.000121286	
12008	12550	2745	36.2919	33.0533	2117	29	8	606	17	74	511	6	0.490581	1.22128e+06	8.07037e-05	
11961	12739	2747	35.2334	25.9167	2044	28	5	645	-0	66	491	5	0.793515	1.30943e+06	6.16675e-05	
11767	13208	2750	28.0529	25.3864	2050	30	10	613	20	89	527	5	1.64299	1.14947e+06	5.74548e-05	
12054	12640	2713	36.1943	25.4875	2160	31	6	647	14	71	505	5	0.543621	1.43043e+06	6.9633e-05	
12069	12550	2724	36.5967	34.4817	2016	32	7	646	8	72	503	5	0.41218	1.15046e+06	9.96314e-05	
11989	13482	2785	24.9267	25	2074	29	4	646	15	76	525	5	1.75432	1.30472e+06	5.4609e-05	
11936	12866	2797	31.3673	29.7936	2035	29	8	641	8	76	524	5	1.00421	1.13246e+06	6.15915e-05	
12054	12550	2704	35.9118	26.8832	2001	31	7	638	4	71	501	5	0.427058	1.26848e+06	9.26612e-05	
12097	12805	2748	32.8424	25	2066	31	9	622	29	81	518	5	0.709729	1.43716e+06	6.08458e-05	
12100	12550	2752	29.6267	32.758	2088	32	9	621	18	63	494	4	0.36816	952059	0.000223764	
11920	13351	2764	30.8672	31.3057	2149	29	6	645	15	90	530	6	1.66804	974719	6.21465e-05	
12095	12550	2740	33.2888	34.7331	2096	32	9	620	20	69	491	5	0.379584	1.06711e+06	0.000134916	
12100	12550	2743	29.1536	32.7072	2131	32	8	620	18	66	491	5	0.365655	914940	0.000251953	
11936	12913	2797	31.3673	29.719	2035	29	8	623	14	76	515	5	1.06756	1.10102e+06	6.18353e-05	
12097	12550	2746	37	35	2088	29	8	631	21	80	516	5	0.380958	1.11573e+06	0.000111123	
12100	12550	2743	29.4766	34.0914	2098	31	7	603	18	62	501	6	0.366556	932939	0.000233263	
11991	13402	2778	28.612	25	2018	28	8	621	15	80	529	4	1.65323	1.1906e+06	5.58815e-05	
11883	13364	2739	37	32.8154	2150	29	6	633	28	76	510	5	1.7228	849742	6.82221e-05	
11841	12717	2790	33.506	25	2049	29	8	625	11	80	513	5	0.924034	1.28025e+06	5.90877e-05	
12012	12941	2776	35.3024	32.8185	2037	29	7	629	35	77	521	6	1.00765	979044	6.64673e-05	
11538	13257	2717	37	34.4242	2088	32	9	643	15	69	519	5	1.97484	782708	7.3244e-05	
12100	12550	2704	37	26.0582	2154	31	7	645	4	66	496	5	0.371461	1.21891e+06	0.000109397	
12100	12578	2724	36.1233	26.3502	2005	29	7	647	4	64	495	5	0.409576	1.26453e+06	9.85513e-05	
12100	12550	2743	29.1536	32.7072	2131	32	8	620	18	72	491	5	0.365655	917824	0.000251383	
11953	12550	2710	34.539	25.028	2052	29	8	624	24	90	502	6	0.54982	1.41053e+06	7.00084e-05	
12100	12550	2743	34.797	34.0914	2108	32	8	600	18	65	500	6	0.375383	1.08806e+06	0.000125502	
11926	12550	2733	36.3022	34.0418	2051	32	10	626	18	90	495	4	0.588744	1.1706e+06	7.23903e-05	
12100	12554	2709	35.4215	34.0914	2043	28	9	643	19	68	510	5	0.376312	1.09647e+06	0.00011909	
11000	12651	2759	36.3846	34.385	2011	31	8	634	2	67	466	6	1.82095	773150	7.77907e-05	
11547	12967	2717	36.4371	35	2000	32	8	646	7	69	514	5	1.57777	787021	7.41015e-05	
12069	12554	2754	35.973	34.6952	2118	30	9	628	18	78	516	5	0.421529	1.14778e+06	9.96214e-05	
11942	12578	2745	36.8737	25.954	2028	31	6	650	3	76	513	5	0.608125	1.39901e+06	6.52869e-05	
12033	13298	2790	24.8948	25.4022	2014	30	8	640	15	75	529	5	1.44514	1.3195e+06	5.54201e-05	
11944	13426	2741	35.3158	29.7781	2079	30	8	647	10	85	518	4	1.73365	926972	6.38447e-05	
11865	12944	2765	28.7502	28.1162	2027	28	6	615	19	82	514	4	1.17771	1.16482e+06	5.94919e-05	
12100	12550	2773	28.8558	34.5038	2135	29	8	607	18	66	515	5	0.368763	883165	0.000275028	
12034	13292	2785	29.7222	25	2074	29	4	646	15	82	524	5	1.45398	1.23498e+06	5.59409e-05	
11504	13347	2717	36.5617	35	2000	31	9	643	7	69	514	5	2.13603	773502	7.4162e-05	
11985	12656	2725	32.9349	26.9996	2006	29	7	618	13	79	521	5	0.648119	1.38245e+06	6.45494e-05	
12076	12569	2748	37	33.8284	2068	32	8	606	15	66	512	6	0.431837	1.17902e+06	9.3006e-05	
12100	12677	2749	37	34.4355	2113	31	7	635	19	88	485	4	0.542271	1.20998e+06	7.50638e-05	
12069	12554	2754	34.6678	34.6952	2118	30	9	629	18	76	503	5	0.420528	1.13403e+06	0.00010513	
12079	12600	2716	37	25	2056	30	7	632	35	67	475	4	0.462739	1.37467e+06	8.1103e-05	
11310	13190	2706	36.176	35	2076	32	9	635	24	66	494	5	2.14039	766609	7.59936e-05	
11612	13274	2721	35.9597	34.4242	2075	31	9	643	14	71	514	5	1.91296	798666	7.19269e-05	
11923	12566	2746	37	30.4319	2053	31	9	631	20	82	497	5	0.616201	1.22474e+06	6.84463e-05	
12100	13104	2774	29.4778	25.0927	2096	30	4	628	10	81	530	4	1.10764	1.34183e+06	5.58129e-05	
12100	12554	2730	37	28.3114	2062	32	8	602	14	78	493	6	0.380157	1.18973e+06	0.00010777	
12095	13205	2777	25.0674	25.0927	2096	30	5	627	10	81	515	4	1.23393	1.42808e+06	5.48216e-05	
12005	12554	2752	34.7816	34.6952	2130	28	9	624	20	76	513	6	0.499614	1.19827e+06	8.2905e-05	
12069	12628	2700	37	26.8868	2124	31	7	615	3	75	499	5	0.507855	1.35442e+06	7.3828e-05	
11979	12598	2726	37	35	2048	29	7	632	1	81	496	5	0.584513	1.15818e+06	7.3014e-05	
12024	12550	2758	37	30.9757	2046	29	7	618	5	90	502	5	0.473437	1.24529e+06	8.18599e-05	
12057	12670	2700	35.3811	26.5745	2011	31	7	647	3	69	517	5	0.57515	1.38364e+06	6.82175e-05	
12077	12554	2743	37	31.8088	2121	29	7	624	11	67	510	5	0.41049	1.18139e+06	9.81065e-05	
12100	13257	2786	25.4158	25	2155	31	8	627	8	82	510	5	1.30549	1.37165e+06	5.49481e-05	
12025	13500	2800	31.3673	29.719	2154	30	7	623	5	85	517	5	1.76852	1.00682e+06	6.06244e-05	
11987	13410	2763	35.1258	31.5609	2126	30	10	618	28	83	515	4	1.67207	892368	6.51551e-05	
11862	13500	2800	31.3673	29.909	2154	28	7	623	5	85	509	5	1.97238	987502	6.13271e-05	
11917	13223	2743	30.0826	25.3864	2050	30	10	613	20	89	527	5	1.48288	1.1333e+06	5.77634e-05	
12100	12554	2727	35.4215	34.0914	2043	28	9	644	19	68	510	5	0.378813	1.10088e+06	0.000118694	
11912	12851	2734	35.3157	26.2525	2067	29	10	649	14	83	524	5	0.996098	1.13482e+06	6.09347e-05	
11374	13144	2714	36.6574	34.8411	2076	30	10	623	10	78	509	5	2.01185	777460	7.397e-05	
12100	12550	2743	30.6661	32.7072	2131	32	8	620	18	66	491	5	0.369428	1.00975e+06	0.00018457	
11858	12593	2762	36.4431	29.1438	2026	31	9	625	16	84	509	5	0.734421	1.17681e+06	6.53211e-05	
11907	12578	2760	35.6955	25.668	2001	31	10	650	3	76	517	5	0.653847	1.35873e+06	6.36335e-05	
12100	12550	2748	33.5006	33.5728	2051	32	9	601	7	67	490	4	0.374734	1.07258e+06	0.000136537	
12037	12670	2763	36.3925	35	2136	29	8	620	12	66	511	6	0.61413	1.16277e+06	7.17103e-05	
12015	13205	2725	29.1131	27.7132	2160	28	10	609	8	70	507	5	1.32686	1.12084e+06	5.92803e-05	
11945	12737	2762	33.5718	30.0413	2023	31	10	625	22	84	511	5	0.813354	1.15949e+06	6.41355e-05	
11987	13203	2800	37	31.5609	2003	32	9	636	28	83	518	4	1.40732	886814	6.67468e-05	
11882	13083	2766	31.4848	26.9076	2132	31	8	619	2	90	501	5	1.35096	1.09471e+06	5.9805e-05	
12100	12598	2740	37	30.528	2056	30	10	623	17	82	507	5	0.43823	1.21564e+06	8.97908e-05	
12097	12554	2752	32.8991	34.9957	2128	29	8	612	18	63	517	6	0.383412	1.06323e+06	0.000136986	
12100	12550	2743	34.7927	35	2140	29	8	611	20	69	514	6	0.37538	1.0809e+06	0.000125849	
11989	13321	2785	24.9267	25	2086	29	4	624	23	76	524	5	1.52968	1.34299e+06	5.46239e-05	
12100	12554	2754	28.5079	34.6952	2114	28	9	624	14	67	513	5	0.370304	865903	0.000289603	
12100	13120	2772	29.9859	25	2092	30	5	631	12	82	524	5	1.1299	1.30891e+06	5.61419e-05	
11907	13372	2744	36.7191	35	2075	31	9	646	19	72	505	5	1.70748	799773	7.12962e-05	
11884	13500	2781	34.449	32.3189	2016	29	8	635	0	90	529	6	1.93612	882701	6.54965e-05	
12079	12605	2721	34.7816	34.6733	2114	30	8	620	17	66	501	6	0.468563	1.17937e+06	8.95255e-05	
12081	13120	2778	27.9228	25	2110	30	5	629	14	67	524	6	1.14993	1.35972e+06	5.58036e-05	
11538	13260	2717	37	34.4242	2088	32	9	643	11	69	512	5	1.97888	781594	7.34268e-05	
12069	12628	2728	37	26.4685	2124	31	6	610	3	77	499	5	0.513122	1.38253e+06	7.32064e-05	
12063	13081	2730	32.4865	28.1845	2000	29	9	615	14	87	513	4	1.11109	1.08665e+06	6.11098e-05	
11845	12550	2729	35.5724	29.1438	2014	30	10	632	27	74	498	5	0.685678	1.20384e+06	6.63042e-05	
12022	13254	2773	31.9729	26.095	2140	28	7	628	17	83	513	6	1.41514	1.141e+06	5.79005e-05	
12054	12640	2714	36.1943	25.4875	2140	31	6	647	14	71	505	5	0.543821	1.42878e+06	6.96621e-05	
11848	13496	2800	31.3673	29.719	2154	29	7	623	5	89	513	5	1.98411	992074	6.11546e-05	
12100	13318	2785	24.0068	25.2272	2090	30	5	621	10	77	530	4	1.3794	1.42419e+06	5.42505e-05	
11900	13500	2800	32.4927	31.2626	2132	29	6	616	14	83	526	5	1.92702	944841	6.29683e-05	
11445	12618	2717	36.5617	35	2000	32	9	634	4	69	507	4	1.24351	796986	7.50525e-05	
11429	13136	2720	36.5617	35	2066	32	9	643	7	69	514	5	1.94177	774909	7.44435e-05	
11737	13040	2795	33.0295	27.9747	2109	30	8	648	9	87	506	4	1.48789	1.01361e+06	6.15082e-05	
12087	12859	2772	32.8424	25	2066	31	9	628	29	76	515	5	0.800271	1.38886e+06	5.91261e-05	
11849	12550	2745	37	30.9757	2046	29	7	618	5	90	502	5	0.685656	1.16611e+06	6.71501e-05	
12026	13029	2786	36.0974	31.7318	2044	29	7	623	25	79	494	4	1.11331	954574	6.61419e-05	
11785	12675	2733	34.6979	28.053	2113	30	9	616	20	87	529	5	0.919524	1.11893e+06	6.26449e-05	
12100	13095	2779	28.0719	25.6411	2071	30	6	623	21	87	503	5	1.09297	1.33921e+06	5.65995e-05	
11836	13339	2768	36.6186	33.971	2148	29	6	636	24	83	524	4	1.76402	837554	6.83995e-05	
12024	13410	2764	36.9515	31.0288	2035	29	8	634	32	76	515	6	1.6279	892828	6.58935e-05	
11991	13402	2778	29.2827	27.4933	2018	28	9	621	15	80	529	4	1.65527	1.08696e+06	5.83226e-05	
11989	13329	2785	25.848	25	2086	29	7	623	23	82	524	5	1.54644	1.28519e+06	5.48667e-05	
11983	13090	2754	35.4219	34.6952	2149	28	8	622	19	69	505	4	1.23525	867327	6.90322e-05	
12069	12554	2754	34.7816	34.6952	2118	28	9	629	18	76	513	5	0.42063	1.1346e+06	0.000104559	
11958	12695	2749	35.9643	34.4355	2104	31	7	635	19	60	485	5	0.740793	1.04177e+06	7.13572e-05	
12039	13329	2717	35.5787	34.6652	2075	32	9	643	7	69	514	5	1.4711	825138	7.02691e-05	
11503	13037	2728	36.7088	34.9641	2117	32	6	620	20	68	526	5	1.72886	792278	7.32654e-05	
11960	13205	2725	29.1131	27.7132	2160	28	10	609	28	70	507	5	1.39405	1.10214e+06	5.95167e-05	
12054	12825	2708	31.1492	25	2160	31	6	643	14	71	502	5	0.775176	1.4429e+06	5.96481e-05	
11875	13339	2768	37	33.971	2148	29	6	636	29	83	508	4	1.71634	833884	6.88089e-05	
11871	12554	2721	32.98	25.7194	2130	30	7	618	20	87	523	5	0.65482	1.42467e+06	6.2897e-05	
11671	13075	2721	36.5617	35	2075	31	9	643	10	71	514	5	1.57672	795016	7.25531e-05	
12063	12849	2730	32.4865	28.1845	2000	30	9	615	14	87	517	4	0.80411	1.25724e+06	6.16561e-05	
12096	12598	2740	37	28.9091	2056	29	7	632	9	83	496	5	0.443189	1.25348e+06	8.77578e-05	
11851	13496	2797	32.9921	29.4183	2006	29	7	635	0	90	522	5	1.9809	967085	6.20347e-05	
12100	12552	2743	32.1323	35	2131	32	8	615	20	73	491	5	0.374729	1.04059e+06	0.000152393	
12100	13120	2782	33.4436	25	2092	30	9	616	7	77	524	6	1.14019	1.20868e+06	5.79845e-05	
11979	13402	2790	28.612	25	2003	28	8	621	12	80	529	4	1.67538	1.1895e+06	5.58659e-05	
11868	12724	2740	37	33.7429	2119	29	6	609	5	61	508	5	0.886552	951668	7.03383e-05	
12100	13104	2774	26.4964	25.0927	2096	30	4	628	10	81	530	4	1.09662	1.45141e+06	5.48461e-05	
11936	13500	2797	31.3673	31.1578	2035	29	7	623	5	88	524	5	1.87816	953848	6.25939e-05	
12000	12805	2748	37	25	2072	31	9	622	29	76	529	5	0.833458	1.26181e+06	6.11135e-05	
12100	12550	2743	29.1536	32.7072	2131	32	8	620	18	68	491	5	0.365655	915923	0.000251762	
12027	13500	2800	35.0286	31.2626	2132	29	6	616	17	84	526	5	1.77084	926170	6.36335e-05	
11876	13496	2769	34.9443	29.6374	2021	28	7	650	8	90	504	5	1.93247	934044	6.35849e-05	
12048	13311	2732	32.8205	34.251	2089	31	6	621	12	89	515	4	1.44085	884596	6.69523e-05	
11824	13034	2738	35.4877	34.9392	2091	29	9	619	35	73	508	5	1.34706	832284	7.05667e-05	
11876	13496	2769	32.908	31.8903	2021	28	8	650	5	90	514	5	1.93024	907076	6.45036e-05	
12011	13120	2783	23.8248	25	2092	28	5	629	6	76	524	5	1.21624	1.5285e+06	5.40394e-05	
12100	12552	2743	33.1939	35	2073	29	8	611	18	80	516	5	0.376249	1.05967e+06	0.000138543	
11928	12801	2772	30.7025	25	2123	31	9	628	15	83	509	4	0.917344	1.34557e+06	5.78302e-05	
11878	12550	2800	36.0816	29.839	2116	30	6	609	23	65	513	6	0.66287	1.2583e+06	6.61551e-05	
12100	12550	2700	31.3258	26.0838	2063	31	7	641	19	71	513	5	0.364942	1.08694e+06	0.00016518	
12061	13496	2728	37	34.4242	2088	32	9	616	12	73	519	5	1.67925	811483	7.01656e-05	
11989	13496	2788	32.9921	28.9627	2012	29	8	634	10	74	525	5	1.803	983129	6.16105e-05	
12017	13133	2784	36.2749	31.9614	2109	30	9	631	31	83	509	4	1.26548	913712	6.58805e-05	
11968	12552	2741	35.6955	26.2808	2029	30	4	650	3	72	489	5	0.541221	1.42292e+06	7.09723e-05	
11853	12632	2728	37	26.6475	2074	28	7	637	1	78	519	4	0.781868	1.22546e+06	6.26959e-05	
12100	12550	2754	33.5874	34.5189	2128	28	9	624	18	69	517	5	0.375655	1.06652e+06	0.000135704	
11910	13015	2759	36.0224	33.955	2088	31	8	627	5	72	482	5	1.22693	863602	7.02198e-05	
12100	12598	2718	37	28.4964	2067	29	7	632	16	83	496	5	0.434711	1.25046e+06	8.9214e-05	
11984	12691	2765	33.6901	30.96	2033	29	9	627	2	87	515	6	0.705668	1.23984e+06	6.51423e-05	
12083	12578	2718	35.8616	28.1874	2011	29	7	647	4	64	495	5	0.429406	1.24762e+06	9.34842e-05	
12100	12550	2739	31.7937	34.0914	2108	32	8	600	18	68	512	6	0.371053	1.03294e+06	0.000160154	
11994	13500	2794	31.9398	29.719	2035	29	7	623	22	86	522	5	1.80466	984703	6.13422e-05	
12079	12764	2706	37	27.0173	2115	31	8	632	35	67	473	4	0.671437	1.27849e+06	6.55008e-05	
12011	13350	2790	36.1124	34.2235	2036	30	9	617	22	77	508	4	1.57533	838149	6.87521e-05	
12053	12578	2714	34.6414	35	2005	31	7	647	12	72	497	5	0.464584	1.17192e+06	9.07441e-05	
12100	12916	2716	33.748	29.006	2025	29	8	629	21	88	479	4	0.84384	1.16892e+06	6.32031e-05	
12100	12635	2733	35.8191	34.0985	2096	30	9	625	14	64	479	6	0.484155	1.20213e+06	8.41114e-05	
12100	12550	2707	34.1027	32.9709	2069	28	7	634	29	81	497	6	0.369804	1.08069e+06	0.000131268	
11822	13468	2738	36.2411	30.9071	2156	29	9	633	27	76	512	5	1.93863	878396	6.62339e-05	
11763	13469	2733	37	35	2005	29	10	628	10	78	519	4	2.00797	784790	7.16743e-05	
12100	12550	2715	29.1536	32.7072	2131	32	8	620	17	66	491	5	0.361922	909387	0.000253293	
11858	13338	2735	28.9044	25.2109	2050	30	10	640	18	90	527	5	1.70328	1.13266e+06	5.73559e-05	
12090	13193	2784	30.0929	25.6411	2094	29	5	621	25	88	510	5	1.24761	1.24077e+06	5.66829e-05	
11885	12567	2751	36.4753	28.246	2053	30	6	647	16	82	516	5	0.664896	1.28776e+06	6.47626e-05	
12021	12592	2756	37	34.0438	2059	31	5	634	6	86	478	5	0.53121	1.22254e+06	7.58495e-05	
12100	13215	2738	34.143	28.8421	2080	29	10	642	25	76	519	5	1.25097	1.01236e+06	6.19924e-05	
12033	13243	2790	26.287	25.3556	2020	29	8	641	15	75	524	5	1.37724	1.28896e+06	5.5605e-05	
12100	13138	2739	30.6944	25	2017	28	7	626	0	82	512	5	1.14227	1.25166e+06	5.70841e-05	
12005	12691	2765	34.6182	32.38	2029	29	10	629	3	74	522	6	0.680579	1.19817e+06	6.73038e-05	
12013	12737	2778	37	29.8755	2087	31	9	634	23	73	500	5	0.736151	1.16656e+06	6.57203e-05	
11844	12848	2773	33.9079	31.1703	2132	29	7	624	5	83	515	5	1.08877	1.00513e+06	6.43252e-05	
11968	12578	2752	35.6955	26.2808	2001	31	10	650	3	75	510	5	0.577003	1.37112e+06	6.78518e-05	
12100	12550	2700	31.3258	26.0838	2062	31	8	636	19	72	513	5	0.364942	1.08415e+06	0.000165207	
11908	12578	2706	35.5655	26.3502	2000	31	7	645	4	68	505	5	0.639759	1.34392e+06	6.52358e-05	
11918	12656	2725	32.9349	26.9996	2006	29	7	631	13	79	521	5	0.729727	1.33496e+06	6.19118e-05	
12069	12578	2704	37	33.8083	2131	31	5	645	3	73	499	5	0.444908	1.18745e+06	8.86054e-05	
11988	12670	2748	37	33.8284	2068	31	8	606	15	65	512	6	0.671596	1.10469e+06	7.06265e-05	
11945	12593	2762	36.4431	29.1438	2026	31	9	625	16	84	509	5	0.627462	1.27119e+06	6.67156e-05	
11784	12896	2729	35.0643	34.2713	2127	30	8	643	23	67	528	5	1.20797	867516	6.95314e-05	
12100	12552	2703	33.1939	34.9569	2072	29	7	611	26	72	511	5	0.370762	1.05262e+06	0.000139645	
12100	12550	2740	28.8558	35	2135	30	7	618	20	65	515	5	0.364374	876369	0.000277162	
11960	12609	2790	33.506	25	2024	29	9	621	14	81	513	5	0.633619	1.44524e+06	6.39345e-05	
12082	13496	2732	35.4831	32.902	2088	31	9	615	12	72	511	5	1.65493	858149	6.7659e-05	
11813	12601	2708	32.9256	25.438	2119	28	7	643	20	73	501	5	0.781027	1.34229e+06	6.05583e-05	
11844	13169	2721	33.2759	26.6762	2082	28	8	640	17	70	526	6	1.49239	1.04852e+06	6.07017e-05	
12093	12601	2746	37	28.9939	2154	31	9	619	19	82	502	5	0.451766	1.25333e+06	8.58001e-05	
12100	13137	2763	26.4964	25.0927	2096	30	4	628	9	82	530	4	1.13699	1.42359e+06	5.49028e-05	
11979	13496	2788	32.9921	28.9627	2013	29	8	634	5	70	525	5	1.8155	981297	6.18085e-05	
12052	12628	2721	37	29.1438	2097	31	10	641	28	86	511	5	0.53267	1.29607e+06	7.21189e-05	
12028	13258	2766	37	34.6841	2079	32	8	638	4	83	489	4	1.41455	828374	7.01557e-05	
11858	13223	2750	28.091	25.0529	2039	30	10	617	20	83	529	5	1.55295	1.17296e+06	5.69833e-05	
11815	12757	2720	36.3653	33.7635	2109	30	4	635	30	75	528	4	0.98636	930515	6.92473e-05	
12020	12563	2776	36.5967	34.4817	2016	32	7	646	8	72	503	5	0.498262	1.21158e+06	8.07363e-05	
12100	12550	2718	36.6657	28.4964	2067	29	7	632	16	83	496	4	0.373226	1.16975e+06	0.000111907	
12100	12550	2743	32.1683	35	2140	30	7	611	5	69	514	6	0.372212	1.03729e+06	0.000154131	
11868	12724	2718	37	33.7429	2119	29	6	609	11	61	508	5	0.879434	947398	7.06414e-05	
11964	13307	2746	34.143	28.8421	2080	30	10	642	12	75	521	5	1.54792	965191	6.26881e-05	
12000	12723	2773	36.9387	34.6766	2056	31	8	620	12	77	495	4	0.73251	1.04862e+06	7.04027e-05	
11998	12841	2767	35.0058	34.236	2032	30	8	624	22	75	525	6	0.888188	994819	6.82827e-05	
11960	12742	2788	33.04	31.0413	2063	29	8	621	17	78	513	5	0.808283	1.18181e+06	6.38733e-05	
12054	12640	2713	36.1943	25.0819	2160	30	5	647	14	71	511	5	0.543621	1.45649e+06	6.92953e-05	
11935	13205	2725	29.1131	27.7132	2160	28	10	609	11	70	507	5	1.4245	1.09661e+06	5.95664e-05	
12100	12644	2743	34.7927	34.9354	2140	29	7	611	18	69	513	6	0.496806	1.19715e+06	8.41609e-05	
12100	12562	2767	28.9509	34.2823	2000	32	7	610	14	67	504	6	0.38384	946953	0.000225023	
12100	13410	2800	35.1258	28.1441	2126	29	10	621	24	83	518	4	1.55195	998405	6.07681e-05	
11908	12550	2717	36.5115	25.1034	2057	29	8	624	22	88	502	6	0.607209	1.40901e+06	6.45161e-05	
11680	12599	2754	36.9387	34.5547	2040	31	8	617	14	81	511	5	0.956096	893356	7.16589e-05	
11964	13307	2738	34.143	28.8421	2047	29	10	642	25	76	519	5	1.54341	963966	6.27628e-05	
11998	12550	2729	35.5724	29.1438	2011	30	10	632	27	79	498	5	0.499514	1.27381e+06	7.83453e-05	
12028	13258	2759	37	34.6841	2079	32	8	636	4	82	489	4	1.41097	826667	7.03087e-05	
11964	13307	2738	34.143	28.8421	2080	29	10	642	25	76	519	5	1.54341	966445	6.25861e-05	
12100	13350	2790	34.3764	33.3137	2051	30	9	617	20	79	504	4	1.46199	885752	6.65026e-05	
11948	12851	2760	35.6955	28.5535	2076	31	10	650	3	75	517	5	0.961515	1.06948e+06	6.35647e-05	
12012	12718	2790	33.506	25	2064	29	9	621	18	81	513	5	0.712554	1.43654e+06	6.03064e-05	
12052	13496	2800	31.3673	29.719	2154	29	7	623	5	89	513	5	1.72883	1.01244e+06	6.03391e-05	
12086	12553	2743	33.1939	34.7309	2145	29	8	611	18	80	516	6	0.394904	1.08224e+06	0.00012577	
11910	13015	2759	36.0224	33.955	2088	31	8	627	1	68	485	5	1.22693	862823	7.03779e-05	
12100	13037	2800	34.282	25.0735	2079	31	8	628	8	83	481	5	1.03487	1.22498e+06	5.95132e-05	
12100	13029	2785	26.987	26.099	2099	30	5	629	10	89	524	5	1.00123	1.44944e+06	5.59973e-05	
11935	13205	2728	29.1131	27.7132	2160	28	8	609	11	71	507	5	1.42606	1.10648e+06	5.94248e-05	
12046	13307	2738	36.3387	29.5584	2068	29	10	642	25	76	512	4	1.44433	930835	6.42756e-05	
12097	12746	2706	34.1027	32.9709	2069	31	7	634	29	81	497	6	0.624122	1.21982e+06	7.02395e-05	
11752	13446	2755	37	32.3638	2018	30	9	621	15	77	520	4	2.00559	832154	6.8899e-05	
12090	13168	2784	30.0929	26.1254	2094	29	5	621	25	88	507	5	1.21332	1.23145e+06	5.71625e-05	
12043	13071	2777	36.4605	31.4168	2106	30	9	631	31	83	498	5	1.14558	946479	6.57678e-05	
12054	12550	2708	35.5805	35	2069	30	7	643	26	75	503	5	0.427469	1.14701e+06	9.77135e-05	
12079	12600	2730	37	25	2100	30	7	632	29	67	475	4	0.465124	1.3782e+06	8.08342e-05	
11987	13227	2800	34.3486	32.5151	2114	29	10	626	22	90	501	4	1.43863	905332	6.51806e-05	
11884	13021	2762	36.4424	33.2847	2089	31	10	634	24	88	523	5	1.26852	871711	6.80365e-05	
12054	12568	2700	36.5756	26.2808	2008	31	7	647	34	69	502	5	0.449625	1.31868e+06	8.47601e-05	
12100	12550	2736	30.4776	33.8241	2035	30	8	608	17	60	494	5	0.368074	990977	0.000191534	
12100	13244	2785	24.9532	25	2104	30	6	614	12	79	519	5	1.28412	1.41544e+06	5.4603e-05	
12024	12550	2758	37	30.9757	2046	29	7	618	5	90	502	5	0.473437	1.24529e+06	8.18599e-05	
11960	12773	2792	31.4062	25.2554	2040	29	8	619	14	82	516	5	0.848106	1.39186e+06	5.80788e-05	
11882	12902	2704	30.6453	26.729	2053	29	8	627	4	72	516	5	1.08131	1.16506e+06	6.00565e-05	
12004	12628	2721	37	29.1438	2097	31	9	641	24	84	527	5	0.591424	1.28667e+06	6.7627e-05	
12024	13425	2800	31.4493	32.2809	2096	29	6	644	10	84	527	6	1.66424	949026	6.29763e-05	
11949	12728	2733	32.3271	25	2026	29	8	623	20	76	498	5	0.786551	1.37983e+06	5.99377e-05	
11925	13483	2717	34.9443	30.1803	2053	28	7	650	8	90	504	5	1.81911	919372	6.43376e-05	
12100	12942	2782	29.5248	25.0309	2121	29	8	634	8	76	509	5	0.891545	1.44484e+06	5.67827e-05	
11932	12670	2748	37	33.8284	2068	31	8	606	18	66	529	6	0.74043	1.04407e+06	7.01066e-05	
12100	12550	2756	30.273	35	2118	30	8	614	21	63	515	5	0.370298	981581	0.000197785	
12100	13369	2790	21.8243	25	2065	28	9	621	14	75	526	5	1.42937	1.58684e+06	5.34445e-05	
11891	13426	2790	36.5262	34.0516	2051	30	9	616	20	79	510	4	1.83134	823285	6.91563e-05	
12022	13215	2773	32.8447	26.095	2158	28	7	624	17	86	513	6	1.36296	1.13956e+06	5.81971e-05	
11892	13292	2785	29.7222	25	2074	29	5	646	14	82	524	5	1.63092	1.18442e+06	5.65099e-05	
12095	12838	2746	36.1057	33.4969	2108	29	6	640	24	82	504	6	0.758274	1.09972e+06	6.74536e-05	
11996	12593	2761	35.717	25.668	2115	31	10	641	3	76	522	5	0.563747	1.39597e+06	6.81849e-05	
12065	12550	2768	36.9214	33.787	2103	29	8	616	34	65	512	6	0.423995	1.17321e+06	9.57396e-05	
12079	12635	2716	37	25	2097	30	7	632	35	67	475	5	0.507578	1.42229e+06	7.35348e-05	
11917	13223	2743	30.0826	26.4128	2050	30	10	613	20	89	527	5	1.48288	1.099e+06	5.86304e-05	
12100	12594	2743	33.1939	34.7309	2153	32	9	637	18	83	489	5	0.430399	1.12467e+06	0.00010879	
11680	12550	2754	36.9387	34.5547	2041	31	8	617	14	77	482	4	0.892659	906263	7.26269e-05	
12100	13147	2800	34.3768	32.4733	2041	29	6	634	5	86	523	5	1.18572	970372	6.44247e-05	
12100	12550	2700	30.5665	27.1989	2063	31	7	639	19	74	501	5	0.363424	1.04415e+06	0.000184706	
12009	13006	2755	35.1547	32.7496	2043	29	8	650	12	66	516	5	1.09048	939966	6.71141e-05	
12100	13161	2754	37	29.1438	2048	29	10	627	24	83	500	4	1.18702	976807	6.40246e-05	
11912	12691	2775	34.7484	30.96	2016	29	9	637	23	76	519	6	0.798582	1.13301e+06	6.51042e-05	
12100	13376	2759	27.271	25.5712	2003	29	6	621	12	83	519	4	1.46562	1.23207e+06	5.61482e-05	
12100	13120	2778	30.1248	25	2104	30	7	629	14	79	523	6	1.13269	1.29703e+06	5.63e-05	
11538	13274	2717	37	34.4988	2088	32	9	614	14	69	512	5	1.99774	779535	7.36106e-05	
11915	12785	2786	35.4757	28.1081	2127	29	10	624	21	76	516	5	0.923328	1.12525e+06	6.22626e-05	
11928	12694	2772	30.5658	25	2123	31	9	606	19	83	511	4	0.775697	1.44151e+06	5.92663e-05	
12100	13411	2749	32.1185	25	2107	29	7	616	12	84	529	5	1.52152	1.16913e+06	5.69866e-05	