11465	13433	2714	36.5617	34.7706	2000	32	8	650	11	69	474	5	2.29597	767401	7.59244e-05	
12100	12550	2700	28.8981	34.2125	2098	31	7	601	18	65	505	6	0.359181	872102	0.000275634	
12100	12554	2754	28.5079	34.6952	2105	29	9	623	22	67	513	5	0.370304	864990	0.000289855	
12100	13365	2769	21	25	2107	29	6	640	12	83	529	5	1.40034	1.70184e+06	5.32623e-05	
11296	13190	2706	37	35	2100	32	9	637	18	66	494	5	2.15683	759026	7.64643e-05	
12100	13411	2777	21	25	2107	29	6	634	12	82	530	5	1.46832	1.6692e+06	5.30504e-05	
11465	13433	2714	36.5617	34.7706	2000	32	8	650	11	69	474	5	2.29597	767401	7.59244e-05	
11504	13387	2717	37	35	2000	31	9	646	9	75	514	5	2.19055	771613	7.4085e-05	
12057	13257	2785	21.8869	25	2075	30	5	637	10	76	524	5	1.32653	1.62941e+06	5.40307e-05	
12100	12554	2763	28.5477	34.0914	2126	29	7	608	18	68	511	6	0.371645	871922	0.0002849	
12100	13257	2796	21.8869	25	2080	30	9	632	6	80	530	5	1.27745	1.65963e+06	5.39636e-05	
12097	12554	2753	28.9509	34.2823	2012	32	7	610	14	64	504	6	0.375295	921727	0.000241721	
12083	12550	2741	28.1616	34.6707	2125	28	8	600	18	66	519	5	0.383318	889937	0.000263435	
12100	12550	2700	29.4766	34.2125	2098	31	7	603	18	62	505	6	0.36081	922345	0.000235183	
12100	13435	2784	21.8243	25	2120	29	6	622	17	82	529	5	1.51836	1.55544e+06	5.31237e-05	
12097	12550	2757	28.9509	35	2000	32	7	610	14	64	499	6	0.370666	900637	0.000257069	
12097	13240	2790	21.8243	25	2065	28	8	621	14	75	525	5	1.25415	1.69063e+06	5.40307e-05	
12096	12554	2715	30.691	34.0914	2054	28	8	601	12	68	517	5	0.375719	1.01454e+06	0.000171969	
12058	12550	2739	28.5079	34.6952	2107	28	8	621	7	69	513	5	0.415115	1.01321e+06	0.000178031	
12100	13383	2790	21.8243	25	2065	29	8	618	14	75	526	5	1.4489	1.57582e+06	5.36653e-05	
12100	12554	2748	29.5993	34.0914	2137	32	7	606	20	65	481	6	0.37271	959138	0.000215471	
12100	13257	2785	21.8869	25	2092	30	5	621	5	76	530	5	1.27243	1.67683e+06	5.39665e-05	
12033	13243	2790	21.8243	25	2048	29	9	642	20	73	529	5	1.33886	1.61509e+06	5.40161e-05	
12083	12550	2731	28.1616	34.6528	2127	28	8	600	18	66	508	5	0.381919	887074	0.000264061	
12100	12550	2754	29.7291	34.2152	2118	30	8	606	18	63	515	4	0.368695	952201	0.000219394	
12100	12550	2710	34.7927	35	2140	29	8	611	20	71	513	6	0.370864	1.07318e+06	0.00012663	
12100	12550	2715	30.21	34.1368	2114	32	8	615	14	66	491	6	0.364644	973945	0.000201248	
11296	13190	2706	37	35	2100	32	9	636	9	66	494	5	2.15683	759199	7.64175e-05	
12100	12550	2736	30.0464	33.4354	2138	30	10	606	18	60	494	5	0.367075	969556	0.000206313	
12100	12550	2753	28.9509	35	2131	32	7	624	12	63	505	6	0.366391	887853	0.000268889	
12100	12550	2715	34.1944	34.1904	2050	32	9	601	16	66	484	4	0.370989	1.07089e+06	0.00013113	
12100	12550	2754	29.6267	34.6611	2101	32	9	606	11	60	491	5	0.368427	938826	0.000225683	
12096	12550	2736	31.4212	34.8271	2117	31	7	610	18	74	511	5	0.374937	1.02807e+06	0.000161943	
12099	12554	2753	30.0062	34.0914	2139	32	7	610	31	64	512	5	0.375671	987834	0.000195925	
12100	12550	2745	28.7524	34.6952	2000	28	9	621	11	75	513	5	0.364721	871500	0.000285878	
12100	12554	2737	30.1661	34.0914	2135	32	8	608	20	65	487	5	0.372632	987843	0.000193498	
11504	13387	2717	36.5617	35	2000	31	9	643	9	69	514	5	2.19034	773063	7.41675e-05	
12100	12550	2700	32.6271	26.0838	2062	31	7	628	17	71	513	5	0.36706	1.12192e+06	0.000143719	
12099	12550	2743	29.4743	33.3662	2124	32	9	647	18	61	511	4	0.367791	943076	0.000229148	
12100	12550	2702	32.0509	26.0582	2152	31	6	612	6	70	504	5	0.366463	1.10609e+06	0.000152022	
12100	12550	2755	30.4776	33.8241	2034	30	8	608	17	60	494	5	0.37063	995356	0.000190876	
12097	12554	2739	30.1661	34.0914	2135	32	7	603	24	66	487	6	0.376623	997760	0.000187477	
12100	12554	2743	33.6461	35	2140	31	7	610	18	68	514	6	0.379371	1.06896e+06	0.000132275	
12100	12554	2757	28.5079	34.6952	2107	28	9	621	19	75	513	5	0.370708	870582	0.000288934	
12095	12550	2740	33.2888	34.7331	2096	32	9	620	20	69	491	5	0.379584	1.06711e+06	0.000134916	
12099	12554	2753	29.0325	34.2823	2012	32	7	610	3	64	510	6	0.373047	920109	0.00024325	
12100	12550	2708	31.3258	26.1856	2062	29	7	636	18	72	510	5	0.366024	1.08618e+06	0.000164962	
11989	13500	2792	21.8243	25.0309	2132	29	5	619	8	76	520	5	1.75369	1.47999e+06	5.36481e-05	
12100	12550	2736	31.4212	34.4997	2013	31	7	610	18	74	511	5	0.369986	1.02373e+06	0.000167476	
12100	12550	2743	29.4743	34.0914	2124	32	7	603	18	68	511	6	0.36655	933533	0.000232829	
11374	13144	2714	36.6574	34.8411	2076	30	10	623	10	78	509	5	2.01185	777460	7.397e-05	
12097	12550	2743	30.0464	33.8241	2096	32	8	606	18	60	494	5	0.371738	979443	0.000199641	
12100	13194	2793	23.7412	25	2060	29	7	621	18	78	524	5	1.20947	1.53352e+06	5.41594e-05	
12094	12989	2800	27.5063	25	2060	29	7	621	12	76	525	5	0.961956	1.48178e+06	5.56855e-05	
12097	12554	2751	32.8991	34.9957	2128	29	8	612	18	63	517	6	0.383273	1.06296e+06	0.000137005	
12100	12550	2773	28.8558	34.0915	2135	31	8	618	16	65	515	5	0.368763	884959	0.00027465	
11671	13413	2721	36.7191	35	2075	31	9	646	12	72	499	5	2.03216	780785	7.3046e-05	
12100	13411	2770	21	25	2107	29	6	640	10	82	530	5	1.46462	1.6673e+06	5.31124e-05	
12097	12554	2742	28.5477	34.0914	2124	32	7	606	18	68	511	6	0.372542	882146	0.000272109	
12043	12578	2723	25.6624	33.508	2039	31	8	637	15	71	496	5	0.454604	917033	0.000245158	
12100	12550	2724	29.5461	35	2062	30	7	603	18	76	511	6	0.364202	933884	0.000230203	
12100	12550	2737	31.8831	34.0973	2108	28	8	608	19	65	515	5	0.370933	1.03512e+06	0.000158504	
12054	12640	2765	36.1943	25	2160	31	5	647	20	71	510	5	0.554041	1.47255e+06	6.86625e-05	
12100	13308	2779	23.1956	25	2073	28	9	621	14	75	526	5	1.35528	1.49076e+06	5.38387e-05	
12100	12550	2736	30.0464	33.8241	2094	30	9	606	18	60	494	5	0.367075	968145	0.000206654	
12097	12554	2739	35.406	34.0914	2140	32	7	606	24	65	487	6	0.384186	1.11173e+06	0.000116713	
12100	12551	2700	34.3779	27.1989	2063	29	7	641	19	71	501	5	0.370386	1.14749e+06	0.000125376	
11985	13425	2800	32.343	32.1967	2096	31	8	644	10	84	527	6	1.7148	923995	6.39018e-05	
12100	12550	2700	32.5132	35	2062	31	6	636	20	71	519	5	0.366897	1.03895e+06	0.000150173	
12097	12554	2757	28.5477	34.5874	2124	29	6	608	18	68	511	6	0.37458	885638	0.000271444	
12100	12550	2757	28.9509	34.2823	2000	32	7	610	14	62	504	6	0.366923	887784	0.000269034	
12100	12550	2717	35.2374	34.9008	2061	28	8	649	20	66	512	5	0.372185	1.08477e+06	0.000123213	
12048	12550	2727	26.756	34.8444	2102	30	8	618	20	64	515	5	0.418833	893789	0.000255297	
12100	13369	2791	21.8243	25	2098	28	8	639	14	75	524	5	1.42988	1.59322e+06	5.32737e-05	
12100	12550	2743	33.6767	35	2110	30	8	613	15	81	509	6	0.374258	1.063e+06	0.000135391	
11514	13274	2722	36.5617	35	2000	32	9	643	7	69	514	4	2.02937	772819	7.43439e-05	
12100	13411	2747	21.9359	25	2090	29	6	641	12	83	529	5	1.4666	1.53979e+06	5.36136e-05	
12100	12554	2743	31.7429	35	2140	31	7	608	18	67	513	6	0.376656	1.03571e+06	0.000156201	
11776	13334	2784	37	33.7296	2035	30	10	626	16	89	495	4	1.84122	816172	6.97788e-05	
12100	12550	2736	29.4493	33.8241	2090	30	8	613	18	60	494	5	0.365546	929576	0.000234962	
11310	13190	2706	36.176	35	2076	32	9	635	24	63	494	5	2.14039	765152	7.62195e-05	
12043	12578	2708	25.6624	34.4076	2019	31	8	637	15	69	494	5	0.4521	907802	0.00024728	
12100	12550	2736	30.4776	34.1652	2035	30	8	606	18	60	495	5	0.368074	989235	0.000191791	
11985	13383	2790	21.8243	25	2106	28	9	621	12	75	530	5	1.59341	1.51129e+06	5.34245e-05	
12100	12550	2700	31.145	27.1989	2063	31	6	641	6	71	501	5	0.364601	1.06935e+06	0.000169866	
12054	12550	2700	35.1798	26.2808	2008	31	8	647	34	69	509	5	0.425911	1.26643e+06	9.49848e-05	
12097	12554	2743	29.4743	34.0914	2122	32	7	606	18	61	511	6	0.375422	959356	0.000213265	
11985	13413	2790	21.8243	25	2106	28	8	633	20	82	529	5	1.63533	1.49904e+06	5.32879e-05	
12100	12550	2743	32.1683	35	2110	30	8	613	15	81	523	6	0.372212	1.03845e+06	0.000154012	
11465	13251	2714	36.5617	34.7706	2000	32	9	650	8	69	474	5	2.0496	766845	7.59936e-05	
12100	13308	2790	23.1956	25	2065	28	9	621	14	75	526	5	1.36064	1.49299e+06	5.37663e-05	
12100	12550	2702	32.9294	29.4595	2159	31	6	637	6	72	509	5	0.367747	1.09104e+06	0.000141623	
11740	13494	2796	37	35	2025	30	5	625	12	85	524	4	2.11775	807658	7.05169e-05	
12100	12554	2748	27.6739	34.0466	2137	32	7	606	19	65	481	6	0.376859	967849	0.000208855	
12100	12550	2739	31.7937	34.0914	2108	32	8	600	18	68	512	6	0.371053	1.03294e+06	0.000160154	
11840	13448	2775	36.1124	32.924	2156	30	9	626	22	77	508	5	1.91473	845735	6.78242e-05	
11835	12785	2786	37	27.9202	2127	29	10	609	21	76	516	5	1.02322	1.04749e+06	6.35405e-05	
12098	13383	2790	21.8243	25	2065	28	8	621	19	75	526	5	1.45143	1.58025e+06	5.3416e-05	
12043	12578	2723	25.6624	33.508	2039	31	8	639	9	71	502	5	0.454604	917848	0.000244978	
12089	12554	2743	35.2267	35	2139	29	7	624	17	67	510	5	0.394535	1.10962e+06	0.000113135	
12100	12554	2743	29.4743	34.0914	2124	32	7	606	18	70	511	6	0.371698	951291	0.000220799	
12100	12550	2700	33.3799	35	2062	31	7	628	17	73	516	5	0.368045	1.05226e+06	0.000139567	
11969	13496	2795	32.9921	29.4183	2006	29	7	614	12	90	518	5	1.83257	976092	6.18238e-05	
12100	13120	2783	23.8248	25	2142	28	5	629	14	76	524	5	1.10457	1.6105e+06	5.42564e-05	
12100	12550	2743	30.8177	34.0914	2108	32	8	600	18	68	511	6	0.369748	1.00615e+06	0.000181225	
11504	13347	2713	36.5617	35	2000	31	9	638	7	72	514	5	2.13289	773653	7.40412e-05	
12097	12550	2749	34.9661	35	2086	29	8	631	21	68	516	5	0.380081	1.09011e+06	0.000122249	
12100	12550	2742	29.2062	32.3172	2073	30	10	613	17	60	494	5	0.365672	919016	0.000248571	
12100	12554	2737	32.9742	35	2140	30	8	611	22	68	518	6	0.377708	1.0566e+06	0.000139315	
12100	13029	2785	26.987	26.099	2099	30	5	629	10	89	524	5	1.00123	1.44944e+06	5.59973e-05	
12100	12550	2704	37	26.0582	2154	31	7	645	4	66	496	5	0.371461	1.21891e+06	0.000109397	
11940	13500	2788	32.9921	28.5123	2006	29	8	635	5	76	526	5	1.86976	990502	6.13234e-05	
12067	13046	2779	24.9594	25.0927	2075	29	8	628	10	79	518	5	1.05244	1.52865e+06	5.53281e-05	
12100	12550	2754	30.273	34.2152	2118	30	8	606	18	63	515	5	0.370029	983545	0.000197394	
12100	12578	2720	34.3827	35	2000	31	6	647	7	72	513	5	0.40763	1.11699e+06	0.000111037	
11935	13039	2732	29.1131	27.6944	2116	28	10	609	2	70	514	5	1.20568	1.14385e+06	5.94778e-05	
12021	12913	2712	32.9514	25	2048	30	9	622	24	81	529	4	0.934338	1.26723e+06	5.87924e-05	
12054	12550	2700	36.7287	34.1707	2028	31	8	647	29	88	512	5	0.426883	1.16162e+06	9.38438e-05	
11951	12894	2750	34.7223	33.2647	2122	32	8	646	2	82	510	4	1.01048	957940	6.73355e-05	
12097	12785	2793	36.1272	33.9695	2140	29	8	634	29	76	518	6	0.69784	1.15618e+06	6.77828e-05	
11504	13357	2717	36.5617	35	2000	31	9	643	9	69	514	5	2.14959	773429	7.41675e-05	
11538	13274	2717	37	34.4988	2088	32	9	614	14	69	512	5	1.99774	779535	7.36106e-05	
12100	12550	2700	32.2632	25	2109	28	7	625	19	71	516	5	0.366524	1.12392e+06	0.000148082	
12100	12550	2700	32.5132	26.0838	2078	31	7	636	19	71	519	5	0.366897	1.11929e+06	0.00014518	
12100	12550	2702	32.9114	26.0582	2152	31	6	637	6	70	509	5	0.367723	1.1312e+06	0.000139997	
12097	12554	2743	30.2817	34.0216	2128	32	8	616	22	65	530	6	0.377443	1.00582e+06	0.000183318	
12100	12569	2753	28.8558	34.5038	2135	29	8	609	19	60	515	5	0.390663	961093	0.000211282	
12026	12737	2778	37	29.8755	2087	30	9	634	28	73	500	5	0.719917	1.18585e+06	6.5548e-05	
12083	12550	2729	30.691	34.3328	2054	29	8	600	18	76	505	5	0.388575	1.03486e+06	0.000158881	
12100	12550	2756	30.273	35	2118	30	8	606	21	63	515	5	0.370298	980476	0.000197863	
11953	12550	2710	34.539	25.028	2052	29	8	624	24	90	502	6	0.54982	1.41053e+06	7.00084e-05	
12066	13472	2793	21.8243	25	2002	28	8	623	17	77	530	5	1.61815	1.50408e+06	5.36049e-05	
11763	13469	2733	37	35	2005	29	10	628	10	78	519	4	2.00797	784790	7.16743e-05	
11928	13104	2773	27.0019	25	2038	29	4	630	9	83	519	4	1.31288	1.3064e+06	5.57476e-05	
12100	12950	2800	27.5063	25	2060	29	7	621	12	77	514	5	0.901409	1.51136e+06	5.67247e-05	
11960	12727	2790	30.3712	25	2034	29	8	621	14	81	513	5	0.78416	1.46244e+06	5.88582e-05	
12100	12550	2700	31.8054	25	2113	28	7	643	19	71	501	5	0.365789	1.11453e+06	0.000155352	
12100	12578	2718	36.1233	26.8462	2000	29	6	647	4	64	495	5	0.408673	1.25889e+06	9.89022e-05	
11776	13317	2800	37	33.7296	2055	29	10	623	16	89	495	4	1.82808	821387	6.93193e-05	
11445	13139	2717	36.5617	35	2000	32	9	643	7	69	513	4	1.92504	771230	7.48615e-05	
12100	13411	2752	21.9359	25	2107	29	6	640	12	83	529	5	1.46927	1.54326e+06	5.34788e-05	
12100	13369	2790	21.8243	25	2076	28	8	639	14	75	524	5	1.42937	1.58958e+06	5.33874e-05	
12053	12578	2714	37	27.8674	2068	29	7	646	18	72	501	5	0.466141	1.29318e+06	8.12876e-05	
11739	13494	2747	37	35	2025	30	5	618	8	81	524	4	2.08185	798242	7.13776e-05	
12080	12571	2743	25.746	35	2108	31	6	641	18	60	496	5	2.05854	807837	7.05766e-05	
11454	13274	2717	36.5617	35	2000	32	9	646	7	69	514	5	2.09566	770209	7.48167e-05	
11751	12851	2741	35.9177	26.2525	2067	29	9	649	15	89	524	5	1.19434	1.05781e+06	6.18314e-05	
12097	13229	2764	36.552	33.9695	2023	29	8	634	30	76	518	6	1.28758	869481	6.82314e-05	
12100	13018	2713	36.0349	34.0914	2116	28	8	622	23	63	481	5	0.978998	923595	7.00624e-05	
12097	12554	2743	29.4743	33.9946	2124	31	7	603	18	64	511	6	0.375422	960941	0.000212947	
11604	13387	2717	37	35	2029	31	9	630	9	70	514	5	2.07314	773706	7.36431e-05	
12100	12550	2750	31.4212	34.0914	2103	32	7	610	18	74	511	5	0.371879	1.02877e+06	0.000166722	
12100	12550	2700	31.3258	26.5384	2062	29	7	636	20	71	510	5	0.364942	1.08042e+06	0.000165453	
12100	12554	2743	32.1683	35	2130	31	7	615	18	69	514	6	0.377361	1.04501e+06	0.000149477	
11000	12651	2759	36.3846	34.385	2011	31	8	634	2	67	466	6	1.82095	773150	7.77907e-05	
12100	13104	2763	25.2155	25.0927	2096	30	5	627	10	81	516	4	1.08517	1.50029e+06	5.51724e-05	
12100	12635	2733	35.8191	34.0985	2096	30	9	625	14	64	479	6	0.484155	1.20213e+06	8.41114e-05	
12099	12550	2743	29.6267	33.3632	2098	32	8	606	18	60	494	5	0.368197	948572	0.000222124	
11840	13416	2751	31.9647	32.924	2156	30	9	629	24	79	508	5	1.84948	890001	6.59718e-05	
12094	12550	2743	29.3419	34.6784	2118	32	9	605	21	64	490	5	0.373633	941887	0.000223065	
12088	12554	2791	36.8157	34.0862	2090	31	9	624	22	65	530	6	0.403713	1.1496e+06	0.000103875	
12100	12550	2700	33.3719	32.7395	2160	31	7	647	3	71	497	5	0.368036	1.07035e+06	0.000138427	
12100	12550	2742	29.2062	33.7161	2073	30	10	615	21	60	494	5	0.365672	911812	0.000249813	
11902	12778	2737	31.9679	25.6915	2067	28	7	634	1	79	530	4	0.909751	1.30352e+06	5.83908e-05	
12100	13435	2778	21.8243	25	2092	29	6	622	17	86	529	5	1.51508	1.54982e+06	5.3251e-05	
12097	12550	2753	28.9509	35	2125	32	7	624	12	63	504	6	0.370128	901689	0.000256476	
12100	12550	2717	31.2273	34.0914	2061	28	8	649	20	66	511	5	0.367055	1.02148e+06	0.000171733	
12061	12785	2786	32.5688	25.596	2127	29	10	605	21	76	516	5	0.737806	1.42061e+06	5.99125e-05	
11725	12893	2738	36.5832	34.9641	2027	32	6	614	23	67	508	5	1.28001	820116	7.29874e-05	
12100	12550	2743	29.4743	34.9025	2124	32	7	603	21	69	512	6	0.36655	931243	0.000233427	
12100	12550	2740	31.7968	35	2120	32	8	611	20	72	508	5	0.371194	1.02892e+06	0.000160436	
12100	12550	2743	32.1683	35	2140	30	7	611	5	69	514	6	0.372212	1.03729e+06	0.000154131	
12100	12553	2759	37	27.03	2059	29	7	632	16	83	505	5	0.3829	1.21602e+06	0.000107089	
12000	12805	2748	37	25	2072	31	9	622	29	76	529	5	0.833458	1.26181e+06	6.11135e-05	
11374	13052	2713	36.6098	35	2073	31	9	624	17	71	516	5	1.88887	775143	7.4499e-05	
12097	12554	2728	29.5227	33.7794	2130	32	8	616	22	65	515	6	0.373498	964180	0.000211015	
11698	12791	2709	34.2791	29.4078	2097	30	9	639	32	78	517	4	1.16414	974026	6.48971e-05	
12100	12550	2740	32.6903	35	2151	30	8	615	8	69	514	6	0.372588	1.04634e+06	0.000146725	
11853	12761	2753	31.4729	25.6915	2074	28	7	637	1	78	530	4	0.951787	1.29001e+06	5.81429e-05	
12100	12550	2700	31.0743	26.0838	2063	31	7	641	19	70	515	5	0.364465	1.07802e+06	0.000170736	
12079	12600	2730	37	25	2100	30	7	632	29	67	475	4	0.465124	1.3782e+06	8.08342e-05	
11945	12593	2762	36.4431	29.1438	2122	31	9	625	16	84	509	5	0.627462	1.28056e+06	6.62778e-05	
12100	13331	2752	21.9359	25	2090	29	6	640	12	83	529	5	1.35922	1.59867e+06	5.36049e-05	
11824	13034	2738	35.4877	34.9392	2101	29	8	619	35	73	508	5	1.34706	834522	7.04821e-05	
12100	13447	2784	21.8243	25	2120	29	6	622	17	82	526	5	1.53514	1.54654e+06	5.32056e-05	
12052	13496	2800	31.3673	29.719	2154	29	7	623	5	89	513	5	1.72883	1.01244e+06	6.03391e-05	
12100	12598	2722	37	27.03	2059	29	7	619	16	83	496	5	0.435351	1.28213e+06	8.84564e-05	
12083	12550	2743	29.6267	35	2098	32	8	641	18	60	496	5	0.388043	998300	0.000186185	
11985	13383	2790	21.8243	25	2106	28	8	613	12	80	530	5	1.59341	1.51763e+06	5.33163e-05	
12100	12550	2743	29.1536	32.7072	2131	30	8	609	18	81	491	5	0.365655	919903	0.000250941	
12015	13500	2776	24.7301	25	2107	29	6	640	23	82	530	5	1.74011	1.3031e+06	5.42182e-05	
12004	12969	2748	35.3154	27.0911	2130	29	7	638	19	67	510	5	1.04463	1.11821e+06	6.16751e-05	
12070	12819	2700	34.4711	25	2048	31	9	622	15	81	530	5	0.75023	1.36394e+06	6.04011e-05	
12100	13318	2788	23.3276	25.3537	2110	30	6	621	13	77	530	5	1.37483	1.4687e+06	5.41067e-05	
12100	12550	2700	32.2632	25	2109	28	7	643	17	71	516	5	0.366524	1.12699e+06	0.000148017	
12100	13104	2777	25.0674	25.0927	2096	30	4	627	10	81	516	4	1.08971	1.52102e+06	5.49995e-05	
12054	12825	2708	30.5384	25	2160	31	6	646	14	71	517	5	0.773927	1.4662e+06	5.92874e-05	
12088	12554	2719	34.7816	34.0862	2135	31	8	619	18	81	516	6	0.391947	1.10615e+06	0.000115181	
11840	13416	2762	36.1899	32.924	2156	30	9	629	24	79	508	5	1.86142	844843	6.79394e-05	
11853	12778	2747	31.4729	25.6915	2074	28	7	637	1	78	511	4	0.972006	1.26434e+06	5.87061e-05	
12100	12550	2706	32.5132	26.0838	2062	31	7	636	19	71	513	5	0.367712	1.12119e+06	0.000145054	
12100	12942	2782	29.5248	25.0309	2121	29	8	634	8	76	509	5	0.891545	1.44484e+06	5.67827e-05	
12097	12554	2754	30.2817	34.6113	2128	32	8	616	22	65	516	6	0.378957	1.00471e+06	0.000183419	
12099	12550	2761	29.6267	34.4734	2098	32	8	604	34	71	494	4	0.370613	950742	0.000221484	
11587	12689	2720	36.4511	34.0578	2032	30	8	600	21	75	460	5	1.16982	830961	7.35943e-05	
12100	12550	2704	35.4912	26.0582	2160	31	8	644	6	70	497	5	0.370593	1.1823e+06	0.000117523	
11000	12721	2730	37	35	2139	30	7	618	18	86	492	5	1.89275	773532	7.66754e-05	
12100	13104	2771	25.2155	25	2096	30	5	625	10	81	516	4	1.08831	1.50612e+06	5.50206e-05	
12088	12554	2763	34.7816	35	2136	31	8	620	15	69	516	6	0.39829	1.10958e+06	0.000114679	
11486	12851	2721	36.4204	34.9688	2077	31	9	628	4	64	502	5	1.49925	788450	7.43163e-05	
11851	13496	2779	32.9921	33.0407	2006	29	8	635	0	90	524	6	1.96815	880417	6.58718e-05	
12054	12578	2778	36.7689	25.9759	2160	31	7	650	6	81	497	5	0.475771	1.35133e+06	8.01154e-05	
12061	13190	2728	35.9228	34.4242	2088	32	9	616	19	73	515	5	1.26227	851523	6.9735e-05	
11374	12850	2715	35.9349	34.8411	2076	32	10	632	13	79	514	5	1.62434	790262	7.37518e-05	
11876	13496	2769	32.908	31.8903	2021	28	8	650	5	90	514	5	1.93024	907076	6.45036e-05	
12086	12553	2743	35.8275	34.235	2145	29	8	612	6	80	520	6	0.3974	1.12543e+06	0.000108613	
11671	13064	2719	36.6677	35	2075	31	8	643	10	71	514	5	1.561	796564	7.25795e-05	
12100	12550	2752	29.6267	32.758	2088	32	9	621	18	63	494	4	0.36816	952059	0.000223764	
11988	13104	2749	25.3447	25.0791	2140	29	4	627	11	79	522	4	1.21916	1.41733e+06	5.48908e-05	
11841	12717	2787	37	25	2049	29	8	633	11	71	513	4	0.925844	1.19552e+06	6.14968e-05	
12049	12835	2749	29.2836	25.4044	2070	28	7	642	17	85	493	4	0.801892	1.46107e+06	5.90563e-05	
12061	13496	2728	37	34.4242	2088	32	9	616	12	73	519	5	1.67925	811483	7.01656e-05	
12100	12550	2740	32.6903	35	2151	30	8	615	5	69	514	6	0.372588	1.04631e+06	0.000146735	
12053	12578	2711	34.2644	35	2000	29	7	646	7	72	507	5	0.463715	1.16708e+06	9.19287e-05	
12057	12718	2708	34.7857	26.5745	2011	31	7	647	3	70	517	5	0.638062	1.37494e+06	6.48214e-05	
12097	12550	2723	35.5939	33.8716	2132	31	7	618	16	80	516	6	0.376966	1.10271e+06	0.000118301	
12094	12550	2743	29.6267	33.9867	2098	32	9	602	18	60	490	5	0.374402	964093	0.000209512	
11928	12757	2773	29.3844	25	2042	29	4	630	9	69	519	4	0.85615	1.46534e+06	5.77434e-05	
12100	12550	2743	29.6267	33.4294	2098	32	9	606	18	67	494	5	0.366956	947472	0.000224568	
11858	12595	2743	33.03	25.1004	2059	32	10	612	20	83	530	5	0.728872	1.37691e+06	6.09756e-05	
12069	13046	2779	27.4468	25.0927	2075	29	8	628	10	79	518	5	1.06298	1.40281e+06	5.55926e-05	
12100	12550	2702	32.9294	28.9462	2151	31	6	637	6	70	509	5	0.367747	1.09625e+06	0.000141363	
11944	13426	2741	35.3158	29.7781	2079	30	8	647	10	85	518	4	1.73365	926972	6.38447e-05	
12100	12561	2759	37	27.03	2059	29	7	632	16	83	505	5	0.393262	1.23132e+06	0.000102881	
11985	13383	2790	21.8243	25	2106	28	8	621	12	75	530	5	1.59341	1.51554e+06	5.33874e-05	
11912	12851	2734	35.3157	26.2525	2067	29	10	649	14	83	524	5	0.996098	1.13482e+06	6.09347e-05	
12100	13120	2785	29.9859	25	2092	30	5	631	10	89	524	5	1.1352	1.31743e+06	5.58347e-05	
11310	13190	2706	36.176	35	2076	32	9	635	24	66	494	5	2.14039	766609	7.59936e-05	
12083	12906	2750	28.4691	25	2060	29	9	621	14	77	515	5	0.851455	1.47108e+06	5.77567e-05	
12100	12805	2736	32.9514	25.8439	2098	31	8	622	29	81	520	5	0.703063	1.41489e+06	6.14251e-05	
12002	12560	2736	36.9988	35	2079	31	10	627	24	78	508	6	0.509545	1.19267e+06	7.84621e-05	
12065	12550	2768	36.9214	33.787	2103	29	8	616	34	65	512	6	0.423995	1.17321e+06	9.57396e-05	
12100	12635	2750	36.1879	33.9695	2103	31	9	616	12	69	510	6	0.487398	1.20619e+06	8.27952e-05	
12100	12550	2744	30.8177	33.3023	2108	32	8	601	18	79	508	6	0.369883	1.0134e+06	0.00018044	
11838	13307	2736	34.389	28.8421	2080	29	10	642	25	76	519	4	1.69597	945337	6.33032e-05	
12029	13081	2725	34.7377	28.6862	2018	29	9	620	14	87	504	5	1.15341	1.02013e+06	6.29445e-05	
11916	13435	2741	37	32.5094	2079	30	8	612	9	80	518	4	1.78129	845573	6.79902e-05	
12096	12598	2732	37	28.9091	2056	29	7	632	1	83	496	5	0.441895	1.251e+06	8.78812e-05	
12097	12554	2754	34.6348	34.9957	2128	29	8	612	18	65	517	6	0.385651	1.09137e+06	0.000121669	
12086	12553	2743	33.1939	34.7309	2145	29	8	611	18	80	516	6	0.394904	1.08224e+06	0.00012577	
11394	12550	2733	34.9447	34.5464	2091	30	9	610	11	63	495	6	1.22184	830626	7.3346e-05	
12100	12550	2723	35.5939	33.8716	2160	29	7	618	16	80	519	6	0.37327	1.09766e+06	0.000120265	
11968	12944	2780	29.2996	27.2723	2055	28	5	615	19	84	514	4	1.05813	1.26248e+06	5.81869e-05	
12100	12550	2754	30.8809	34.4784	2108	30	8	602	13	60	508	4	0.371362	1.0078e+06	0.000179598	
11878	12550	2800	36.0816	29.839	2116	30	6	609	23	65	513	6	0.66287	1.2583e+06	6.61551e-05	
12083	12550	2743	29.8782	35	2098	32	8	641	18	61	496	5	0.388688	1.01109e+06	0.000178444	
11374	13041	2714	36.5617	34.8411	2083	30	8	624	18	78	516	5	1.87498	784942	7.36431e-05	
11890	13496	2753	33.0335	26.9996	2021	28	7	650	5	90	514	5	1.90212	1.02911e+06	6.01395e-05	
11879	13500	2797	31.3673	28.0456	2064	29	7	636	8	89	506	5	1.94916	1.02615e+06	6.00781e-05	
12054	12705	2704	34.1448	26.2403	2160	31	7	647	-0	71	497	5	0.623473	1.40571e+06	6.52018e-05	
12069	12554	2754	35.973	34.6952	2118	30	9	628	18	78	516	5	0.421529	1.14778e+06	9.96214e-05	
11990	13500	2795	31.1232	29.3239	2132	29	5	615	14	83	520	5	1.80881	1.02778e+06	6.02627e-05	
11825	13494	2760	37	32.3638	2103	30	9	621	10	78	527	4	1.98711	842230	6.77966e-05	
11858	12593	2762	36.4431	29.1438	2026	31	9	625	16	84	509	5	0.734421	1.17681e+06	6.53211e-05	
12100	13383	2790	21.8243	25	2065	28	8	621	14	75	526	5	1.4489	1.58259e+06	5.33988e-05	
11949	13426	2742	37	34.0516	2051	30	9	616	11	77	510	4	1.72917	814808	6.98373e-05	
12100	13104	2797	26.4964	25	2096	30	4	628	10	80	520	5	1.10571	1.45825e+06	5.48426e-05	
11936	13500	2763	31.3673	29.719	2035	29	7	623	4	88	522	5	1.85533	982596	6.16105e-05	
11535	12917	2773	32.8447	26.095	2160	28	7	624	17	86	513	6	1.55421	1.07575e+06	6.0412e-05	
12057	12578	2740	35.8021	29.1438	2046	30	9	646	25	75	496	5	0.465001	1.2546e+06	8.52297e-05	
12100	13075	2800	27.5063	25.2298	2060	29	7	628	12	76	514	5	1.07167	1.39959e+06	5.56452e-05	
11895	12921	2757	35.9746	34.9907	2058	31	9	638	30	67	477	5	1.11877	855199	7.22961e-05	
12099	12550	2743	29.4743	34.0252	2124	32	6	603	18	61	511	6	0.367791	936134	0.00023015	
12022	12850	2766	32.8447	26.095	2158	28	7	629	17	86	513	6	0.867635	1.33763e+06	5.84044e-05	
11985	12656	2725	32.9349	26.9996	2006	29	7	618	13	79	521	5	0.648119	1.38245e+06	6.45494e-05	
12071	13176	2746	34.143	28.8421	2080	30	7	631	12	75	519	5	1.23779	1.03039e+06	6.21736e-05	
12081	13383	2743	35.248	35	2149	29	9	615	14	80	528	6	1.50693	840784	6.82501e-05	
11961	12890	2737	35.6606	25.6915	2067	31	10	637	0	79	530	4	0.98893	1.14968e+06	6.08902e-05	
12052	13425	2706	30.81	32.1967	2096	31	8	640	10	84	527	6	1.57302	934392	6.4189e-05	
11442	13274	2713	36.5617	35	2085	32	9	643	7	69	516	4	2.10651	772923	7.42335e-05	
12100	12550	2727	31.2818	35	2062	30	7	603	18	78	511	6	0.368509	1.01496e+06	0.000170999	
12005	12554	2752	34.7816	34.6952	2130	28	9	624	20	76	513	6	0.499614	1.19827e+06	8.2905e-05	
12100	12601	2712	37	28.9939	2052	31	9	628	7	82	459	5	0.437584	1.24118e+06	8.87548e-05	
12028	13258	2759	37	34.6841	2079	32	8	636	4	82	489	4	1.41097	826667	7.03087e-05	
11838	12550	2712	34.5913	26.3959	2064	31	8	620	20	87	498	5	0.689026	1.3231e+06	6.33834e-05	
11962	12609	2738	35.4475	25.1054	2056	31	6	650	20	82	518	5	0.621204	1.44471e+06	6.39672e-05	
12100	13052	2755	37	29.1438	2048	29	10	627	22	83	500	4	1.04032	1.01643e+06	6.40123e-05	
12024	13425	2778	29.8557	32.1967	2096	31	8	644	10	84	527	5	1.64768	959407	6.30318e-05	
11935	13205	2725	29.1131	27.7132	2160	28	10	609	11	70	507	5	1.4245	1.09661e+06	5.95664e-05	
12100	13500	2747	21.9359	25	2090	29	6	641	12	81	529	5	1.58958	1.49174e+06	5.36394e-05	
12100	12598	2740	37	30.528	2056	30	10	623	17	82	507	5	0.43823	1.21564e+06	8.97908e-05	
12006	13185	2772	25.7928	25	2084	29	5	642	15	76	524	5	1.31994	1.35306e+06	5.49602e-05	
12100	12579	2746	37	28.9939	2052	31	9	631	19	82	459	5	0.414636	1.22323e+06	9.60523e-05	
11991	13402	2778	28.612	25	2018	28	8	621	15	80	529	4	1.65323	1.1906e+06	5.58815e-05	
11923	13104	2730	25.7679	25.2927	2113	29	6	627	11	79	522	4	1.29253	1.32067e+06	5.57724e-05	
11783	13307	2736	34.389	28.8421	2080	29	10	642	25	90	519	4	1.76244	943536	6.31074e-05	
12029	13081	2736	37	28.1845	2018	30	9	615	20	87	500	4	1.15955	999042	6.40123e-05	
12092	13489	2796	37	35	2025	30	8	635	8	89	524	4	1.67209	823156	6.8573e-05	
11987	13227	2794	34.3486	32.5151	2114	29	10	628	22	90	501	4	1.43555	904358	6.52443e-05	
11874	12550	2710	36.1423	25.028	2052	29	8	624	24	90	511	6	0.646414	1.39565e+06	6.29644e-05	
11504	13333	2717	36.5617	35	2000	31	9	643	3	69	514	5	2.11706	773603	7.41455e-05	
11572	13274	2717	36.5617	35	2000	32	9	646	7	71	509	5	1.95761	774950	7.4129e-05	
11858	12581	2746	34.3288	27.3558	2072	29	6	613	22	78	530	5	0.713067	1.32331e+06	6.24298e-05	
11945	13329	2772	30.9874	30.382	2115	31	6	613	3	89	528	4	1.61177	991924	6.18965e-05	
12100	13258	2787	25.4158	25	2155	31	8	627	7	83	506	5	1.30733	1.36979e+06	5.50388e-05	
12097	12554	2747	30.1661	34.0914	2135	32	7	606	20	65	487	6	0.377723	999602	0.000187231	
11987	13345	2800	35.1258	31.5609	2126	31	10	624	35	80	518	4	1.60344	900596	6.49393e-05	
12087	12560	2729	36.9988	35	2066	29	9	649	24	65	520	6	0.40375	1.13853e+06	0.000101688	
12097	12609	2764	36.9515	31.0288	2027	29	8	634	32	76	515	6	0.460124	1.23357e+06	8.54847e-05	
12097	12897	2717	37	34.233	2128	28	9	624	23	65	511	6	0.825387	986195	6.95943e-05	
12100	12578	2706	35.5655	26.3502	2000	31	7	647	4	68	495	5	0.406508	1.24809e+06	0.000101215	
12043	12578	2708	25.6624	34.4686	2019	31	8	637	15	69	494	5	0.4521	907530	0.000247402	
11882	13083	2766	28.4193	27.9309	2132	30	8	619	2	90	505	4	1.34323	1.12998e+06	5.91156e-05	
12029	12550	2725	25.4966	35	2091	30	9	612	19	63	494	5	0.393775	978628	0.000200763	
11908	12578	2706	35.5655	26.3502	2000	31	7	645	4	68	505	5	0.639759	1.34392e+06	6.52358e-05	
12024	12550	2755	37	30.9757	2051	29	7	615	5	89	502	4	0.472922	1.24285e+06	8.188e-05	
12004	12628	2721	37	29.1438	2097	31	9	641	24	84	527	5	0.591424	1.28667e+06	6.7627e-05	
11293	12713	2759	36.8307	34.8579	2001	31	10	650	20	84	525	5	1.56529	793252	7.40357e-05	
12083	12578	2718	35.8616	28.1874	2011	29	7	647	4	64	495	5	0.429406	1.24762e+06	9.34842e-05	
11739	13494	2747	37	35	2025	30	5	625	8	77	524	4	2.08185	797707	7.14541e-05	
11979	12598	2726	37	35	2048	29	7	632	1	81	496	5	0.584513	1.15818e+06	7.3014e-05	
12100	13318	2785	24.0068	25.2272	2090	30	5	621	10	77	530	4	1.3794	1.42419e+06	5.42505e-05	
12088	12595	2791	36.8157	30.6602	2090	31	9	627	22	65	530	6	0.457506	1.23825e+06	8.66101e-05	
12100	12550	2722	29.5346	33.3894	2063	32	7	639	18	72	499	5	0.363904	946463	0.00022941	
12100	12578	2724	36.1233	26.3502	2005	29	7	647	4	64	495	5	0.409576	1.26453e+06	9.85513e-05	
12100	12578	2720	36.1233	30.2722	2000	29	6	644	4	64	497	5	0.408974	1.19623e+06	0.000100533	
11960	12626	2790	33.506	29.9355	2049	29	9	621	14	81	513	5	0.655992	1.30264e+06	6.59283e-05	
12100	13215	2738	34.143	28.8421	2080	29	9	642	25	76	519	5	1.25097	1.01794e+06	6.19425e-05	
12100	12550	2708	30.71	33.1873	2069	30	7	641	25	80	497	5	0.364806	1.01257e+06	0.000184162	
11907	12593	2762	35.6955	25.668	2139	31	10	650	0	76	522	5	0.673813	1.36788e+06	6.23247e-05	
11792	12550	2756	37	30.9757	2046	29	7	618	5	66	502	5	0.757851	1.08519e+06	6.7981e-05	
12100	13037	2787	33.2567	25.0735	2068	31	8	628	8	83	500	5	1.0289	1.24885e+06	5.86098e-05	
11944	13435	2747	35.4808	31.2016	2102	30	8	649	10	88	516	4	1.74998	895038	6.50195e-05	
11374	13100	2714	37	35	2083	31	9	624	13	78	516	5	1.95343	773800	7.43384e-05	
11882	12902	2704	30.6453	26.729	2053	29	8	627	4	72	516	5	1.08131	1.16506e+06	6.00565e-05	
11853	12778	2740	31.4729	25.6915	2074	28	7	637	1	78	530	4	0.969529	1.27294e+06	5.82751e-05	
12100	13120	2778	27.9228	25	2110	30	5	629	14	67	524	6	1.12606	1.37477e+06	5.57414e-05	
12100	13500	2776	24.7301	25	2107	29	6	640	12	82	529	5	1.6337	1.32615e+06	5.39374e-05	
12097	12580	2720	35.5222	34.233	2128	28	9	622	23	65	511	6	0.41483	1.13762e+06	0.000102617	
11493	13274	2717	36.5617	35	2000	32	9	646	12	69	514	5	2.05019	771761	7.4599e-05	
11994	13500	2794	31.9398	29.719	2035	29	7	623	22	86	522	5	1.80466	984703	6.13422e-05	
12100	13120	2783	23.8248	25	2092	28	5	629	14	76	524	5	1.10457	1.60748e+06	5.44455e-05	
12100	13104	2777	26.6662	25.0927	2096	30	4	627	10	81	516	4	1.09862	1.43787e+06	5.52456e-05	
12100	12609	2743	35.9498	35	2140	29	8	611	14	70	514	6	0.452358	1.17315e+06	9.11079e-05	
12069	12578	2704	37	26.2808	2122	29	7	633	3	68	506	5	0.444908	1.31214e+06	8.49545e-05	
12030	12866	2748	36.3991	31.1995	2124	32	7	630	20	61	518	5	0.876547	1.03968e+06	6.68986e-05	
12021	13341	2785	21.8869	25	2080	29	6	636	4	83	530	5	1.48798	1.54703e+06	5.34388e-05	
12054	12591	2704	36.3125	26.2808	2001	31	8	637	3	71	504	6	0.479397	1.33392e+06	7.92896e-05	
12100	12550	2700	31.145	27.1989	2063	31	8	640	6	71	501	5	0.364601	1.06604e+06	0.000169895	
12025	12811	2795	31.1232	29.3239	2132	29	6	615	12	85	520	5	0.817775	1.31072e+06	6.0794e-05	
11911	13435	2744	36.0259	35	2079	30	8	612	5	80	518	4	1.78883	810480	7.00231e-05	
12100	13411	2776	29.3503	25	2107	29	6	638	12	78	529	5	1.53047	1.21424e+06	5.55247e-05	
11968	12578	2741	35.6955	33.6303	2029	30	4	650	3	90	479	5	0.574697	1.22698e+06	7.2722e-05	
12100	13161	2754	37	29.1438	2048	29	10	627	24	83	500	4	1.18702	976807	6.40246e-05	
12100	12598	2718	37	28.4964	2067	29	7	632	16	83	496	5	0.434711	1.25046e+06	8.9214e-05	
12100	13120	2778	30.1248	25	2104	30	7	629	14	79	523	6	1.13269	1.29703e+06	5.63e-05	
12054	12578	2712	35.6632	25.2422	2002	31	9	640	3	72	496	4	0.463824	1.33037e+06	8.34028e-05	
12081	13120	2778	27.9228	25	2110	30	5	629	14	67	524	6	1.14993	1.35972e+06	5.58036e-05	
11987	13203	2800	35.1258	31.5609	2011	32	9	636	28	83	518	4	1.40613	908745	6.57203e-05	
12054	12564	2800	36.7689	25.9759	2160	31	7	650	8	81	497	5	0.461116	1.33999e+06	8.35911e-05	
12087	13054	2790	32.1734	25	2034	30	7	621	18	81	513	5	1.06798	1.26234e+06	5.76834e-05	
11454	13258	2717	36.5617	35	2000	32	9	630	7	70	516	5	2.0741	770221	7.47161e-05	
11903	12804	2790	36.4291	33.8534	2101	29	6	609	15	89	508	5	0.965539	957252	6.81617e-05	
12100	13104	2774	26.4964	25.0927	2096	30	4	628	10	81	530	4	1.09662	1.45141e+06	5.48461e-05	
12083	12550	2743	29.6267	33.9764	2101	32	9	606	18	60	491	5	0.388043	999462	0.00018577	
11907	12578	2760	35.6955	25.668	2001	31	10	650	3	76	517	5	0.653847	1.35873e+06	6.36335e-05	
11999	13436	2763	36.1899	31.8793	2106	30	9	626	24	79	508	5	1.69399	875048	6.63438e-05	
11822	13468	2738	36.2411	30.9071	2156	29	9	633	27	76	512	5	1.93863	878396	6.62339e-05	
12100	13435	2778	30.6143	25	2092	29	6	622	17	82	529	5	1.56818	1.1906e+06	5.60475e-05	
12100	12578	2724	37	26.3502	2005	29	7	647	9	65	495	5	0.410033	1.27615e+06	9.54745e-05	
11960	12742	2788	31.4062	25.7684	2094	29	8	621	14	81	513	5	0.805671	1.40411e+06	5.87855e-05	
11882	13083	2766	35.2694	33.5089	2132	31	8	620	2	90	509	4	1.35572	875512	6.75721e-05	
11825	13351	2770	36.2692	33.5697	2148	31	7	636	24	83	513	4	1.79516	840065	6.83948e-05	
11975	13378	2726	36.1205	35	2020	32	10	632	20	79	530	5	1.62135	805238	7.05816e-05	
12054	12550	2704	35.9118	26.8832	2001	31	7	638	4	71	501	5	0.427058	1.26848e+06	9.26612e-05	
12100	13120	2772	29.9859	25	2092	29	5	631	12	82	524	5	1.1299	1.31404e+06	5.59128e-05	
12100	13331	2752	21.9359	25	2107	29	6	640	12	83	529	5	1.35922	1.60116e+06	5.35246e-05	
12100	12554	2743	35.0903	34.9714	2124	32	7	606	18	72	513	6	0.380779	1.09238e+06	0.000120904	
11876	13338	2767	32.908	31.8903	2021	28	8	650	19	90	514	5	1.70956	913882	6.4587e-05	
12042	13283	2788	29.5986	26.2364	2026	28	7	628	11	88	517	4	1.43271	1.15993e+06	5.7006e-05	
11462	13144	2714	36.5617	34.8411	2076	31	7	624	13	71	509	5	1.90981	783647	7.3779e-05	
12031	13201	2773	33.1569	31.9447	2122	30	7	633	22	79	530	4	1.33299	954606	6.38647e-05	
12015	13205	2725	29.1131	27.7132	2160	28	10	609	8	70	507	5	1.32686	1.12084e+06	5.92803e-05	
11748	13413	2726	36.7299	34.2242	2097	31	9	643	12	72	514	5	1.94397	800259	7.11551e-05	
11923	13104	2733	25.7679	25.2927	2140	29	6	627	11	79	522	4	1.29395	1.32469e+06	5.56143e-05	
12093	12601	2746	37	28.9939	2154	31	9	619	19	82	502	5	0.451766	1.25333e+06	8.58001e-05	
11961	12766	2737	31.9679	26.5348	2067	28	7	637	1	76	518	4	0.82201	1.33153e+06	5.95486e-05	
12027	13500	2800	35.0286	31.2626	2132	29	6	616	17	84	526	5	1.77084	926170	6.36335e-05	
12090	13168	2784	30.0929	26.1254	2094	29	5	621	25	88	507	5	1.21332	1.23145e+06	5.71625e-05	
12079	12705	2708	37	25	2115	30	7	632	35	70	473	4	0.59587	1.42692e+06	6.58285e-05	
12033	12720	2745	33.9668	25.6826	2153	29	8	630	18	83	489	5	0.678273	1.4157e+06	6.20578e-05	
12054	12591	2719	36.3125	27.2657	2001	31	8	637	3	71	504	6	0.482056	1.31334e+06	7.95102e-05	
11928	12801	2772	30.7025	25	2123	31	9	628	15	83	509	4	0.917344	1.34557e+06	5.78302e-05	
12067	13046	2775	24.9594	25.0927	2075	29	8	628	10	79	518	5	1.05093	1.52745e+06	5.53679e-05	
12010	12550	2725	25.4966	35	2091	29	9	612	19	63	472	5	0.458591	901428	0.000249252	
12097	12554	2753	30.0334	34.2636	2012	32	7	610	14	65	504	5	0.378229	994564	0.000191314	
11990	13500	2800	32.7374	31.2626	2132	29	6	616	14	83	526	5	1.8148	949662	6.26999e-05	
11997	12550	2743	37	35	2121	29	7	624	18	67	510	5	0.504129	1.19959e+06	7.89827e-05	
12023	13402	2778	29.2827	28.4325	2018	28	9	621	15	79	529	4	1.61535	1.06533e+06	5.91017e-05	
11824	13034	2738	35.4877	34.9392	2091	29	9	619	35	73	508	5	1.34706	832284	7.05667e-05	
12077	12554	2743	37	31.8088	2121	29	7	624	11	67	510	5	0.41049	1.18139e+06	9.81065e-05	
12100	13257	2787	29.4841	25	2155	30	8	627	10	76	506	5	1.32296	1.23769e+06	5.63031e-05	
12042	13283	2758	29.5986	25.2129	2087	28	7	628	11	88	527	4	1.41729	1.20651e+06	5.59534e-05	
12048	12550	2740	26.756	34.8444	2135	30	8	618	20	65	515	5	0.420829	897522	0.000254388	
12100	12554	2743	37	29.2839	2041	32	8	626	11	67	510	5	0.381967	1.17956e+06	0.00010791	
12100	13257	2785	24.7859	25	2092	30	5	621	7	76	530	5	1.30091	1.4265e+06	5.43124e-05	
11776	12664	2800	37	33.7296	2055	29	10	626	16	89	495	4	0.940136	936002	6.93145e-05	
12100	12550	2743	29.6267	33.3632	2098	32	9	606	18	60	494	5	0.366956	943841	0.000225073	
12018	12589	2733	36.023	33.2711	2032	30	8	600	15	72	505	4	0.526083	1.22029e+06	7.65404e-05	
12100	12550	2731	30.691	34.2194	2054	28	8	600	18	70	505	5	0.367864	999812	0.000185082	
11910	13015	2759	36.0224	33.955	2088	31	8	627	5	72	482	5	1.22693	863602	7.02198e-05	
12059	12601	2746	37	28.1938	2070	31	9	624	19	81	502	5	0.493933	1.29938e+06	7.71367e-05	
12072	13500	2759	33.0684	33.092	2149	29	8	615	16	80	528	6	1.68688	898541	6.4973e-05	
12025	12560	2738	34.5761	35	2066	31	9	627	24	65	506	6	0.479993	1.18376e+06	8.75887e-05	
12011	13228	2753	32.249	29.9261	2072	31	9	644	4	88	480	4	1.38355	977587	6.34437e-05	
12078	12550	2734	35.902	35	2095	30	7	634	25	73	494	5	0.40218	1.12711e+06	0.000106372	
11825	13494	2771	37	32.3638	2018	30	9	621	9	83	525	4	1.99503	840496	6.79579e-05	
12035	12550	2700	35.5145	26.2808	2149	31	9	638	3	74	497	5	0.449268	1.28603e+06	8.70322e-05	
11918	12656	2725	32.9349	26.9996	2006	29	7	631	13	79	521	5	0.729727	1.33496e+06	6.19118e-05	
11884	13500	2781	34.449	32.3189	2016	29	8	635	0	90	529	6	1.93612	882701	6.54965e-05	
12018	13071	2777	36.4605	34.0947	2105	30	9	631	12	72	495	5	1.17682	878654	6.91467e-05	
11903	12994	2766	37	34.6841	2079	32	7	634	4	81	489	4	1.21095	847427	7.08516e-05	
12024	12550	2764	36.9515	31.0288	2118	30	8	634	32	76	523	6	0.474445	1.2444e+06	8.18398e-05	
12097	12550	2739	30.7024	34.0914	2133	32	7	607	24	62	524	6	0.372684	1.00991e+06	0.000179179	
12069	12628	2742	37	26.9013	2124	31	6	610	3	77	499	5	0.515755	1.37277e+06	7.32118e-05	
12069	12550	2724	36.5967	34.4817	2016	32	7	646	8	72	503	5	0.41218	1.15046e+06	9.96314e-05	
11945	12550	2747	35.6592	29.2998	2023	31	10	625	23	84	483	6	0.568055	1.29197e+06	7.05467e-05	
11028	12550	2730	36.7703	34.5177	2128	31	9	635	25	84	485	6	1.64064	781341	7.64059e-05	
11844	13169	2721	33.2759	26.6762	2082	28	8	640	17	70	526	6	1.49239	1.04852e+06	6.07017e-05	
12097	12805	2748	32.8424	25	2066	31	9	622	29	81	529	5	0.709729	1.43959e+06	6.06575e-05	
11989	13352	2786	25.7928	25	2094	29	9	642	13	85	524	5	1.57864	1.27412e+06	5.47585e-05	
12100	12550	2773	28.8558	34.5038	2135	29	8	607	18	66	515	5	0.368763	883165	0.000275028	
11714	13037	2716	36.7088	34.9641	2117	32	6	620	20	62	526	5	1.47245	805719	7.26375e-05	
12024	13351	2753	29.8557	32.4364	2132	29	6	647	14	90	520	5	1.53089	971748	6.28812e-05	
12094	12989	2800	26.579	25	2067	29	7	621	12	76	525	5	0.957851	1.52361e+06	5.5788e-05	
11885	12567	2751	36.4753	28.246	2053	30	6	647	16	82	516	5	0.664896	1.28776e+06	6.47626e-05	
12033	13243	2766	26.287	25.3556	2020	29	8	643	15	75	524	5	1.3654	1.28346e+06	5.58597e-05	
12010	12550	2725	25.4966	35	2091	30	9	610	20	63	472	5	0.458591	900535	0.000249439	
11997	12628	2771	36.7204	26.4685	2124	31	6	610	3	77	502	5	0.610863	1.39633e+06	6.52486e-05	
12100	12552	2728	33.1939	34.7309	2153	29	8	637	18	81	501	5	0.374191	1.06061e+06	0.000138677	
11960	12718	2790	33.506	25	2049	29	9	621	14	81	513	5	0.77759	1.38983e+06	5.92593e-05	
11840	13416	2793	37	34.6515	2095	30	9	629	24	79	508	5	1.88274	808933	7.00624e-05	
11936	13500	2797	31.3673	31.1578	2035	29	7	623	5	88	524	5	1.87816	953848	6.25939e-05	
12100	12578	2706	34.3409	35	2004	31	6	647	7	72	513	5	0.405492	1.11231e+06	0.00011157	
12100	12550	2728	37	34.0914	2135	28	8	614	23	63	481	5	0.374758	1.11618e+06	0.000112778	
12100	12550	2700	29.9487	33.0975	2098	31	7	603	18	62	517	6	0.36201	961652	0.000211238	
11374	13063	2714	36.5617	34.8411	2073	31	9	633	12	78	516	5	1.90411	781336	7.38825e-05	
11858	13338	2734	28.9044	25.1004	2050	30	10	640	19	90	527	4	1.70266	1.13328e+06	5.72607e-05	
12024	12550	2758	37	31.6592	2046	29	7	618	5	90	502	5	0.473437	1.23517e+06	8.21963e-05	
12100	12550	2743	34.6678	34.6952	2110	30	9	629	18	76	503	5	0.375269	1.0812e+06	0.000126598	
12079	12635	2716	37	25	2097	30	7	632	35	67	475	5	0.507578	1.42229e+06	7.35348e-05	
12054	12816	2704	33.4355	25	2160	31	6	650	10	71	500	5	0.765875	1.40158e+06	6.02337e-05	
11787	13220	2741	37	35	2010	30	9	618	22	87	497	4	1.64439	795044	7.17875e-05	
12039	13329	2717	35.5787	34.6652	2075	32	9	643	7	69	514	5	1.4711	825138	7.02691e-05	
11990	13200	2719	31.1232	29.3239	2132	29	5	622	14	83	525	5	1.35253	1.05007e+06	6.09682e-05	
12100	12550	2708	31.8054	25.8572	2113	28	7	643	17	73	501	5	0.366873	1.10537e+06	0.000155594	
11923	12566	2746	37	30.4319	2053	31	9	631	20	82	497	5	0.616201	1.22474e+06	6.84463e-05	
12000	12835	2748	37	25	2076	31	9	622	29	76	529	5	0.872969	1.23573e+06	6.10687e-05	
12079	12705	2718	37	26.7854	2095	30	8	632	35	67	473	4	0.598071	1.34771e+06	6.70916e-05	
12054	12550	2700	36.7287	26.2808	2008	31	8	647	29	88	512	5	0.426883	1.27963e+06	9.00414e-05	
12100	13411	2749	32.1185	25	2107	29	7	616	12	84	529	5	1.52152	1.16913e+06	5.69866e-05	
12100	13435	2778	21.8243	25	2092	29	6	622	17	82	529	5	1.51508	1.54959e+06	5.33191e-05	
11825	13494	2760	37	32.3638	2018	30	9	621	10	78	525	4	1.98711	837407	6.82874e-05	
12069	12554	2754	34.7816	34.6952	2118	28	9	629	18	76	513	5	0.42063	1.1346e+06	0.000104559	
12054	12825	2708	31.1492	25	2160	31	6	643	14	71	502	5	0.775176	1.4429e+06	5.96481e-05	
12079	12705	2716	37	26.7854	2115	30	8	632	35	67	473	4	0.597631	1.34967e+06	6.70466e-05	
12079	12705	2732	37	25	2115	30	7	632	35	70	473	4	0.601151	1.43264e+06	6.55265e-05	
12100	13120	2776	23.8248	25	2151	29	5	629	14	76	524	5	1.10179	1.60431e+06	5.44811e-05	
11445	13274	2713	36.5617	35	2072	32	9	643	7	69	516	4	2.10303	772446	7.42997e-05	
12100	13387	2733	36.5617	35	2000	30	9	643	9	68	528	5	1.48427	818079	7.0141e-05	
11874	12550	2722	36.1423	25.028	2081	30	9	621	24	90	516	6	0.649277	1.38846e+06	6.2822e-05	
11989	13352	2794	25.7928	25	2094	30	9	642	13	85	524	5	1.58318	1.26935e+06	5.49239e-05	
12069	12605	2718	36.2083	27.4736	2119	31	6	645	3	72	499	5	0.481349	1.31864e+06	7.98276e-05	
11680	12550	2773	36.9387	34.5547	2041	31	8	628	14	75	505	4	0.898817	915737	7.17566e-05	
12100	12554	2730	37	28.3114	2062	32	8	602	14	78	493	6	0.380157	1.18973e+06	0.00010777	
12076	12569	2748	37	33.8284	2068	32	8	606	15	66	512	6	0.431837	1.17902e+06	9.3006e-05	
11961	12890	2753	29.1569	25.6108	2039	28	5	645	1	85	491	5	0.98428	1.34469e+06	5.78001e-05	
11538	13257	2717	37	34.4242	2088	32	9	643	15	69	519	5	1.97484	782708	7.3244e-05	
12025	12811	2795	33.5548	29.7126	2108	29	6	615	12	85	520	5	0.821597	1.23025e+06	6.18659e-05	
12083	12906	2800	27.5063	25	2060	29	7	621	12	75	509	5	0.863391	1.52468e+06	5.77101e-05	
12026	13396	2762	36.1899	32.924	2111	30	9	626	24	82	508	5	1.60446	860818	6.71096e-05	
12100	12550	2732	29.1536	32.7072	2131	32	8	621	18	66	491	5	0.364188	912804	0.000252461	
11951	13223	2749	28.9044	25.0529	2039	30	10	617	20	89	530	5	1.44122	1.17856e+06	5.67988e-05	
11767	13208	2750	28.0529	25.3864	2050	30	10	613	20	89	527	5	1.64299	1.14947e+06	5.74548e-05	
11677	13220	2741	36.2231	34.9341	2021	31	9	616	22	87	497	4	1.77629	794195	7.20617e-05	
12005	12691	2765	34.6182	30.96	2029	29	10	629	3	74	515	6	0.680579	1.22909e+06	6.61945e-05	
11961	12778	2737	34.4591	25.6915	2067	31	6	637	1	79	530	4	0.840872	1.2988e+06	6.0107e-05	
11989	13321	2785	24.9267	25	2086	29	4	624	23	76	524	5	1.52968	1.34299e+06	5.46239e-05	
12054	12704	2713	36.1943	25.4875	2160	31	6	647	14	71	517	5	0.625877	1.43487e+06	6.37918e-05	
12004	12578	2778	36.7689	25.1117	2140	30	7	650	6	77	511	5	0.538259	1.4321e+06	6.97788e-05	
12012	12904	2776	35.3024	32.8185	2037	28	7	629	35	77	521	6	0.958028	1.00168e+06	6.62954e-05	
12022	13215	2773	32.8447	26.095	2158	28	7	624	17	86	513	6	1.36296	1.13956e+06	5.81971e-05	
11849	12550	2745	37	30.9757	2046	29	7	618	5	90	502	5	0.685656	1.16611e+06	6.71501e-05	
12100	13383	2790	21.8243	25	2075	28	8	621	15	75	530	5	1.4489	1.58578e+06	5.32368e-05	
11964	13307	2746	34.143	28.8421	2080	30	10	642	12	75	521	5	1.54792	965191	6.26881e-05	
11960	12773	2792	31.4062	25.2554	2040	29	8	619	14	82	516	5	0.848106	1.39186e+06	5.80788e-05	
11445	12618	2717	36.5617	35	2000	32	9	634	4	69	507	4	1.24351	796986	7.50525e-05	
12097	12550	2723	36.8452	34.406	2132	31	7	643	16	80	514	5	0.377696	1.11626e+06	0.00011202	
11933	12550	2743	37	33.3632	2098	32	8	606	18	60	504	5	0.582687	1.17504e+06	7.2881e-05	
12100	13104	2774	29.4778	25.0927	2096	30	4	628	10	81	530	4	1.10764	1.34183e+06	5.58129e-05	
11968	13263	2785	30.0399	27.4933	2018	28	9	621	15	80	528	4	1.49719	1.08712e+06	5.86545e-05	
12033	13243	2790	24.8948	25	2014	29	8	640	15	75	529	5	1.36901	1.36448e+06	5.47855e-05	
11946	12698	2761	35.2299	32.5054	2001	31	9	643	13	86	504	4	0.762247	1.10144e+06	6.73764e-05	
12100	12554	2727	35.4215	34.0914	2043	28	9	644	19	68	510	5	0.378813	1.10088e+06	0.000118694	
12100	12726	2743	35.5379	34.2841	2128	30	7	611	5	69	514	6	0.604062	1.19942e+06	7.15461e-05	
11756	12550	2728	32.1925	25.6796	2081	30	7	620	22	87	526	5	0.788855	1.35594e+06	6.00312e-05	
11028	12721	2730	37	35	2116	31	7	618	18	85	492	5	1.86126	772115	7.67165e-05	
12100	12692	2737	35.7259	29.1438	2066	30	10	642	23	83	506	5	0.558658	1.30731e+06	7.08767e-05	
12069	12628	2728	37	26.4685	2124	31	6	610	3	77	499	5	0.513122	1.38253e+06	7.32064e-05	
12100	13435	2742	36.0259	32.5094	2079	30	8	609	5	80	518	4	1.55484	874356	6.65868e-05	
11892	13292	2785	29.7222	25	2074	29	5	646	14	82	524	5	1.63092	1.18442e+06	5.65099e-05	
12018	13177	2777	36.4605	34.0947	2105	31	9	631	21	72	495	5	1.32124	853871	6.94059e-05	
12037	12578	2778	36.7689	25.1117	2140	30	7	650	6	77	526	5	0.497046	1.39438e+06	7.56888e-05	
11838	12550	2712	32.3365	26.3959	2064	31	8	620	20	87	502	5	0.686332	1.36641e+06	6.31433e-05	
11538	13260	2717	37	34.4242	2088	32	9	643	11	69	512	5	1.97888	781594	7.34268e-05	
12081	13383	2743	36.7381	35	2149	29	8	615	18	80	528	6	1.50786	828910	6.8975e-05	
12086	12553	2743	36.7464	34.235	2145	29	8	612	6	80	520	6	0.397929	1.13716e+06	0.000104668	
11785	12675	2733	34.6979	28.053	2113	30	9	616	20	87	529	5	0.919524	1.11893e+06	6.26449e-05	
12011	13120	2783	23.8248	25	2092	28	5	629	6	76	524	5	1.21624	1.5285e+06	5.40394e-05	
11945	12550	2747	35.6592	29.2465	2023	31	9	625	23	84	483	5	0.568055	1.2957e+06	7.04523e-05	
12100	13095	2779	28.0719	25.6411	2071	30	6	623	21	87	503	5	1.09297	1.33921e+06	5.65995e-05	
11756	12550	2753	32.1925	25.6796	2081	30	7	615	20	89	526	6	0.796084	1.3611e+06	5.97479e-05	
12062	12989	2792	27.5063	25	2060	29	7	621	13	77	530	5	0.999565	1.45197e+06	5.54201e-05	
11928	12694	2772	30.5658	25	2123	31	9	606	19	83	511	4	0.775697	1.44151e+06	5.92663e-05	
11961	12739	2747	35.2334	25.9167	2044	28	5	645	-0	66	491	5	0.793515	1.30943e+06	6.16675e-05	
12040	13039	2732	29.1131	27.6944	2110	28	8	609	2	82	514	5	1.07707	1.22136e+06	5.86889e-05	
11795	13500	2796	37	35	2025	30	5	625	8	75	524	4	2.05854	807837	7.05766e-05	
11882	13083	2766	31.4848	26.9076	2132	31	8	619	2	90	501	5	1.35096	1.09471e+06	5.9805e-05	
12100	12550	2715	29.1536	33.1236	2138	32	8	613	20	65	491	5	0.361922	905509	0.000253807	
12012	12817	2776	35.3024	32.8185	2037	30	7	629	28	77	521	6	0.841913	1.06119e+06	6.66844e-05	
12100	12550	2756	36.0963	34.716	2032	28	7	611	22	71	491	5	0.378125	1.1069e+06	0.000117082	
11779	12553	2723	37	32.1719	2083	31	10	641	27	86	511	5	0.768213	1.03876e+06	6.87616e-05	
11914	13049	2738	36.0673	34.8222	2101	29	8	619	35	73	496	5	1.25809	843073	7.05617e-05	
11968	12578	2752	35.6955	26.2808	2001	31	10	650	3	75	510	5	0.577003	1.37112e+06	6.78518e-05	
12011	13350	2790	36.1124	34.2235	2036	30	9	617	22	77	508	4	1.57533	838149	6.87521e-05	
12100	13390	2776	24.7301	25	2107	29	6	640	20	83	526	5	1.48022	1.35783e+06	5.40365e-05	
12020	12563	2776	36.5967	34.4817	2016	32	7	646	8	72	503	5	0.498262	1.21158e+06	8.07363e-05	
12100	13325	2752	21.9359	25	2107	29	7	640	11	83	529	5	1.35099	1.60522e+06	5.35647e-05	
12100	12550	2708	35.4405	33.1873	2069	30	7	634	24	80	497	5	0.371104	1.10045e+06	0.000121286	
12054	12651	2708	35.5805	35	2069	30	8	625	26	75	503	5	0.556308	1.18765e+06	7.52276e-05	
12100	13369	2790	21.8243	25	2065	28	9	621	14	75	526	5	1.42937	1.58684e+06	5.34445e-05	
11858	13223	2750	28.9044	25.0529	2039	30	10	617	20	89	529	5	1.55561	1.15506e+06	5.71559e-05	
12054	12640	2713	36.1943	25.4875	2160	31	6	647	14	71	505	5	0.543621	1.43043e+06	6.9633e-05	
12077	12554	2743	35.3434	35	2148	32	8	606	18	63	516	5	0.4095	1.12811e+06	0.00010618	
12100	13435	2778	24.0757	25	2092	29	8	615	17	86	529	5	1.53903	1.37373e+06	5.38909e-05	
12100	12550	2706	34.1027	32.9709	2069	31	7	634	29	81	497	6	0.369667	1.08072e+06	0.000131337	
12100	12550	2743	30.6661	32.7072	2131	32	8	620	18	66	491	5	0.369428	1.00975e+06	0.00018457	
11872	13220	2741	37	35	2021	31	9	618	22	87	497	4	1.54132	801105	7.15052e-05	
11635	12791	2709	34.2791	29.4078	2109	30	9	634	32	78	517	4	1.23861	956648	6.51593e-05	
11897	12550	2746	33.9553	25	2052	30	6	613	22	84	524	5	0.625122	1.45509e+06	6.391e-05	
11699	12882	2741	36.6374	34.9341	2021	31	9	616	24	86	509	4	1.29813	817017	7.19476e-05	
12086	12892	2729	31.1101	26.5965	2118	30	10	640	20	81	499	4	0.829584	1.32902e+06	5.97586e-05	
12100	12698	2761	35.2299	32.6386	2001	31	9	629	13	84	504	4	0.571055	1.24391e+06	7.28173e-05	
11936	13500	2796	32.3926	31.1578	2046	29	7	625	5	88	524	5	1.87925	941309	6.29604e-05	
12011	12598	2737	37	29.5283	2056	30	10	632	19	82	483	5	0.54758	1.28454e+06	7.13776e-05	
12033	13243	2790	24.8948	25	2104	29	8	640	15	75	514	5	1.36901	1.3693e+06	5.47825e-05	
12088	12554	2721	34.7816	34.0862	2135	31	8	619	18	65	516	6	0.392236	1.10727e+06	0.000115154	
11454	13274	2717	36.5617	35	2000	32	9	637	6	69	523	5	2.09566	771266	7.45545e-05	
11914	13049	2738	35.4877	34.8222	2101	29	8	619	35	73	496	5	1.2577	849723	7.02593e-05	
11671	12999	2739	36.5617	35	2101	31	9	643	10	71	514	5	1.48569	803790	7.21553e-05	
12033	13243	2790	26.287	25.3556	2020	29	8	641	15	75	524	5	1.37724	1.28896e+06	5.5605e-05	
12100	12577	2730	36.7361	33.2309	2114	32	9	606	21	63	481	5	0.409529	1.16264e+06	0.00010002	
12100	12554	2754	28.5079	34.6952	2108	28	6	624	14	70	513	5	0.370304	868857	0.000289352	
12100	12578	2706	33.1074	35	2000	30	6	647	7	72	504	5	0.404112	1.09471e+06	0.000119746	
12100	12594	2743	33.1939	34.7309	2153	32	9	637	18	83	489	5	0.430399	1.12467e+06	0.00010879	
12100	12794	2714	21.6772	25	2086	29	6	644	12	82	522	5	1.19382	1.22206e+06	5.77001e-05	
11908	12550	2717	36.5115	25.1034	2057	29	8	624	22	88	502	6	0.607209	1.40901e+06	6.45161e-05	
12069	12628	2700	37	26.8868	2124	31	7	615	3	75	499	5	0.507855	1.35442e+06	7.3828e-05	
11996	13054	2790	32.1734	25	2034	30	8	621	14	81	513	5	1.18232	1.20312e+06	5.80686e-05	
12097	12580	2717	37	34.233	2128	28	9	624	23	65	525	6	0.415223	1.1542e+06	9.73236e-05	
12052	12550	2723	37	32.1719	2083	31	10	635	24	86	520	5	0.433102	1.18817e+06	9.09587e-05	
12012	12718	2790	33.506	25	2064	29	9	621	18	81	513	5	0.712554	1.43654e+06	6.03064e-05	
11910	13015	2759	36.0224	33.955	2088	31	8	627	1	68	485	5	1.22693	862823	7.03779e-05	
12100	12550	2715	29.1536	32.7072	2131	32	8	633	17	66	491	5	0.361922	911252	0.0002531	
11945	12593	2762	36.4431	29.1438	2026	31	9	625	16	84	509	5	0.627462	1.27119e+06	6.67156e-05	
11429	13136	2720	36.5617	35	2066	32	9	643	7	69	514	5	1.94177	774909	7.44435e-05	
12100	13120	2785	25.338	25	2092	30	5	629	10	89	524	5	1.11642	1.49932e+06	5.44573e-05	
11911	13435	2741	36.0259	32.5094	2079	30	8	612	5	80	518	4	1.78688	855102	6.74491e-05	
12037	12578	2740	35.5724	29.1438	2046	30	10	646	25	76	496	5	0.489534	1.26998e+06	8.05477e-05	
11944	13435	2741	34.9754	29.7781	2079	29	8	649	10	88	518	4	1.74576	932925	6.33633e-05	
12100	13037	2792	34.282	25.0735	2079	31	8	630	4	83	528	5	1.03192	1.24717e+06	5.82276e-05	
11949	13077	2714	34.6173	34.8411	2076	31	7	624	14	71	509	5	1.24069	857860	7.01459e-05	
11836	13339	2768	36.6186	33.971	2148	29	10	636	11	83	524	4	1.76402	827290	6.84744e-05	
12054	12816	2704	33.4355	25	2160	30	6	638	10	71	500	5	0.765875	1.40863e+06	6.00096e-05	
11964	13307	2738	34.143	28.8421	2047	29	10	642	25	76	519	5	1.54341	963966	6.27628e-05	
12077	12691	2722	34.6182	30.96	2029	29	10	629	3	76	512	6	0.581737	1.26976e+06	7.08366e-05	
12100	12550	2773	28.8558	34.5038	2135	29	8	609	19	60	515	5	0.368763	879717	0.000275558	
11848	13482	2800	31.3673	29.719	2154	29	7	623	5	89	513	5	1.96434	992492	6.11546e-05	
12100	13387	2717	36.5617	35	2000	31	9	643	9	68	514	5	1.47558	811152	7.10783e-05	
12025	12848	2773	31.155	29.2024	2132	29	7	624	5	83	515	5	0.860611	1.26816e+06	6.06171e-05	
12024	13425	2800	31.4493	32.2809	2096	29	6	644	10	84	527	6	1.66424	949026	6.29763e-05	
12096	12598	2740	37	28.9091	2056	29	7	632	9	83	496	5	0.443189	1.25348e+06	8.77578e-05	
12100	13318	2785	23.3276	25.3537	2110	30	6	621	13	77	530	4	1.37335	1.4655e+06	5.41184e-05	
12100	12550	2700	31.3258	26.0838	2062	31	8	636	19	72	513	5	0.364942	1.08415e+06	0.000165207	
11964	12727	2775	33.8398	25	2028	30	8	621	14	81	510	5	0.780709	1.37677e+06	5.9805e-05	
11944	13435	2741	35.4808	29.7781	2079	30	8	649	8	86	518	4	1.74616	925155	6.38855e-05	
12083	12938	2800	27.5063	25	2058	29	7	621	12	76	514	5	0.906675	1.50581e+06	5.66893e-05	
11975	13402	2780	29.6012	25	2000	28	10	633	12	75	530	5	1.67727	1.15151e+06	5.65515e-05	
11907	12603	2762	35.6955	25	2139	31	10	650	0	80	522	5	0.686822	1.38593e+06	6.14553e-05	
12069	12554	2754	35.7824	34.6952	2118	30	9	628	18	78	503	5	0.421404	1.14615e+06	0.000100361	
12086	12978	2742	31.1101	26.5965	2100	30	10	633	20	81	495	4	0.947567	1.24809e+06	5.93965e-05	
12079	12600	2716	37	25	2056	30	7	632	35	67	475	4	0.462739	1.37467e+06	8.1103e-05	
12090	13193	2784	30.0929	25.6411	2094	29	5	621	25	88	510	5	1.24761	1.24077e+06	5.66829e-05	
11858	12581	2732	33.03	25.1004	2095	32	9	644	20	83	530	5	0.70795	1.39877e+06	6.11546e-05	
12100	13120	2783	23.8248	25	2142	28	5	629	14	76	509	5	1.10457	1.60423e+06	5.46627e-05	
11883	12628	2739	37	34.22	2150	31	6	633	27	85	513	5	0.743376	1.04928e+06	6.95749e-05	
12003	12605	2732	37	26.7136	2122	31	6	645	3	72	499	5	0.565404	1.38506e+06	6.80411e-05	
12100	12608	2716	37	25	2056	30	4	625	35	67	530	4	0.447188	1.38754e+06	8.44238e-05	
12088	12554	2763	34.7816	35	2135	31	8	607	15	69	516	6	0.39829	1.10928e+06	0.000114705	
11504	13347	2717	36.5617	35	2000	31	9	643	7	69	514	5	2.13603	773502	7.4162e-05	
11961	12778	2737	31.9679	25.6915	2067	28	7	637	1	79	530	4	0.837692	1.36196e+06	5.84215e-05	
11863	12578	2745	36.8737	25.954	2028	31	6	650	3	76	517	6	0.704658	1.32297e+06	6.32311e-05	
12100	12550	2743	34.7927	35	2140	29	8	611	20	69	514	6	0.37538	1.0809e+06	0.000125849	
12059	12601	2712	37	28.9939	2052	31	9	631	7	82	459	5	0.487817	1.27772e+06	7.83638e-05	
12053	12578	2714	34.6414	35	2003	31	7	647	3	72	497	5	0.464584	1.17202e+06	9.07359e-05	
11935	13039	2744	33.3383	28.1626	2116	28	10	609	0	70	514	5	1.2193	1.04254e+06	6.17093e-05	
12097	12550	2746	37	35	2138	32	8	631	21	64	516	5	0.380958	1.11559e+06	0.000111086	
12100	12550	2736	31.4212	34.0914	2103	31	7	610	18	74	511	5	0.369986	1.02581e+06	0.00016714	
12090	12550	2758	37	30.9757	2027	29	7	640	5	90	502	5	0.391355	1.17107e+06	0.000105319	
11945	12737	2762	33.5718	30.0413	2023	31	10	625	22	84	511	5	0.813354	1.15949e+06	6.41355e-05	
11960	12742	2788	33.04	31.0413	2063	29	8	621	17	78	513	5	0.808283	1.18181e+06	6.38733e-05	
12024	13351	2744	29.8557	31.3209	2132	29	6	647	15	90	520	5	1.52588	996740	6.18429e-05	
12025	13500	2800	31.3673	29.719	2154	30	7	623	5	85	517	5	1.76852	1.00682e+06	6.06244e-05	
11960	12906	2788	31.4062	25.4838	2094	29	8	621	14	81	513	5	1.02488	1.27307e+06	5.77234e-05	
12079	13500	2800	26.7409	25	2072	29	8	621	12	77	526	5	1.68605	1.24991e+06	5.48426e-05	
12100	12550	2715	29.1536	34.1368	2131	32	8	615	18	66	491	6	0.361922	901770	0.000254712	
12029	13081	2725	37	28.1845	2018	29	9	620	14	88	500	4	1.15489	1.00018e+06	6.38244e-05	
11970	12550	2733	36.023	33.2711	2032	30	8	600	12	73	502	4	0.534843	1.2175e+06	7.55515e-05	
11993	12560	2736	36.9988	35	2066	29	10	619	26	65	504	6	0.520594	1.18497e+06	7.75916e-05	
12022	12816	2773	32.8447	26.095	2158	28	7	624	17	87	513	6	0.824599	1.37097e+06	5.85823e-05	
12061	13311	2800	32.8205	34.7776	2059	31	6	621	12	89	515	4	1.4603	886304	6.6769e-05	
12094	12989	2794	27.5063	25	2071	29	7	621	12	76	524	5	0.959894	1.48049e+06	5.57196e-05	
12021	12592	2756	37	34.0438	2059	31	5	634	6	86	478	5	0.53121	1.22254e+06	7.58495e-05	
11677	13220	2741	36.2231	34.9341	2029	31	9	616	20	87	497	4	1.77629	794623	7.20046e-05	
11462	13144	2714	36.5617	34.8411	2076	31	8	624	13	71	500	5	1.90981	779828	7.4096e-05	
12100	13411	2776	24.7301	25	2107	29	6	640	12	83	529	5	1.50942	1.35188e+06	5.392e-05	
12054	12550	2708	35.5805	35	2069	30	7	643	26	75	503	5	0.427469	1.14701e+06	9.77135e-05	
12059	12655	2746	37	28.9939	2052	31	9	643	19	82	502	5	0.563937	1.3053e+06	6.97107e-05	
12094	12550	2743	29.6267	33.9764	2098	32	9	606	18	60	490	5	0.374402	964471	0.000209468	
12100	12554	2743	32.1683	35	2140	31	7	611	18	69	514	6	0.377361	1.04424e+06	0.000149488	
12100	13365	2769	24.3527	25	2107	28	6	640	14	83	529	5	1.43911	1.39218e+06	5.36826e-05	
12095	12838	2746	36.1057	33.4969	2108	29	6	640	24	82	504	6	0.758274	1.09972e+06	6.74536e-05	
12054	12550	2734	35.7094	35	2095	30	7	634	25	73	494	5	0.431662	1.1551e+06	9.67867e-05	
11670	12882	2741	36.6374	32.0513	2021	31	9	616	24	86	509	4	1.33287	860869	6.9185e-05	
12033	12884	2746	34.7108	34.1501	2074	31	7	611	7	84	504	5	0.894782	995598	6.82547e-05	
11989	13402	2790	29.6012	25.8463	2000	28	8	623	12	75	530	5	1.6658	1.14294e+06	5.70581e-05	
12100	13230	2785	25.338	25	2093	30	9	629	8	89	524	5	1.26731	1.39121e+06	5.44603e-05	
12100	13022	2774	36.9958	28.3486	2106	31	8	613	12	80	530	5	1.00693	1.07901e+06	6.2692e-05	
11835	12706	2786	35.4778	27.9202	2127	29	8	609	21	76	516	5	0.917445	1.13565e+06	6.25117e-05	
11964	13307	2738	34.143	28.8421	2080	29	10	642	25	76	519	5	1.54341	966445	6.25861e-05	
11784	12896	2729	35.0643	34.2713	2127	30	8	643	23	67	528	5	1.20797	867516	6.95314e-05	
12087	12560	2736	36.9988	35	2066	29	10	627	24	65	506	6	0.404785	1.13895e+06	0.000101574	
11868	12724	2740	37	33.7429	2119	29	6	609	5	61	508	5	0.886552	951668	7.03383e-05	
11756	12550	2728	32.1925	25.6796	2081	30	7	620	20	87	526	5	0.788855	1.35638e+06	6.0024e-05	
12100	12585	2730	36.7361	33.2309	2114	32	9	606	21	67	481	5	0.419801	1.17017e+06	9.67586e-05	
12087	12859	2772	32.8424	25	2066	31	9	628	29	76	515	5	0.800271	1.38886e+06	5.91261e-05	
12005	12691	2765	34.6182	32.38	2029	29	10	629	3	74	522	6	0.680579	1.19817e+06	6.73038e-05	
12069	12578	2704	37	33.8083	2131	31	5	645	3	73	499	5	0.444908	1.18745e+06	8.86054e-05	
11996	12550	2743	36.2919	33.5008	2117	32	9	602	24	74	511	5	0.504999	1.21714e+06	7.88395e-05	
11719	12584	2717	36.5617	35	2000	32	10	643	16	70	516	4	0.877517	898649	7.32386e-05	
12027	12552	2739	32.9926	34.8743	2153	29	8	637	18	80	489	5	0.465649	1.15714e+06	9.63113e-05	
11907	12605	2721	35.1179	34.0862	2135	30	8	620	17	65	498	6	0.678764	1.11344e+06	7.04275e-05	
11979	13402	2790	28.612	25	2003	28	8	621	12	80	529	4	1.67538	1.1895e+06	5.58659e-05	
12083	12906	2800	27.5063	25	2060	29	7	621	12	77	514	5	0.863391	1.52669e+06	5.75639e-05	
12048	13311	2740	35.6255	34.251	2089	31	6	621	12	89	515	4	1.44792	856434	6.8106e-05	
12022	13231	2773	32.8447	26.095	2158	28	7	629	12	88	513	5	1.38489	1.13354e+06	5.80923e-05	
12054	12816	2704	33.8753	25	2160	31	6	650	10	71	501	5	0.766373	1.39422e+06	6.03391e-05	
12069	13500	2776	36.2047	28.0456	2064	29	7	638	8	77	525	5	1.70397	988118	6.182e-05	
11935	13059	2729	29.1131	27.7132	2160	28	10	609	8	70	507	5	1.23098	1.13754e+06	5.95203e-05	
11778	13255	2709	36.5617	35	2125	32	9	628	9	61	491	5	1.68265	786585	7.36269e-05	
11979	13049	2743	35.4877	34.8222	2113	30	8	601	35	73	496	5	1.18034	866215	7.01311e-05	
12024	13351	2764	29.8557	31.3057	2154	29	6	645	15	89	520	5	1.53701	1.00137e+06	6.15309e-05	
12100	12916	2716	33.748	29.006	2025	29	8	629	21	88	479	4	0.84384	1.16892e+06	6.32031e-05	
12079	12550	2738	37	25	2126	30	7	632	35	63	473	4	0.402129	1.3017e+06	9.75895e-05	
12097	12609	2762	36.552	30.4088	2027	29	8	634	32	81	517	6	0.459593	1.23866e+06	8.61401e-05	
12100	13410	2800	35.1258	28.1441	2126	29	10	621	24	83	518	4	1.55195	998405	6.07681e-05	
12079	12764	2706	37	27.0173	2115	31	8	632	35	67	473	4	0.671437	1.27849e+06	6.55008e-05	
11996	12593	2761	35.717	25.668	2115	31	10	641	3	76	522	5	0.563747	1.39597e+06	6.81849e-05	
12052	12628	2721	37	29.1438	2097	31	10	641	28	86	511	5	0.53267	1.29607e+06	7.21189e-05	
12026	13029	2786	36.0974	31.7318	2044	29	7	623	25	79	494	4	1.11331	954574	6.61419e-05	
12100	12640	2732	35.4215	34.0914	2043	28	9	644	19	68	510	5	0.490154	1.19999e+06	8.35282e-05	
11856	12712	2730	36.383	34.4355	2099	31	7	622	19	85	485	5	0.881966	944020	7.07064e-05	
12100	13369	2790	24.621	25.1048	2076	28	8	642	14	75	515	5	1.4576	1.36129e+06	5.44366e-05	
12100	12550	2715	29.1536	33.8845	2131	32	8	615	18	65	491	6	0.361922	902534	0.000254582	
11987	13410	2800	35.1258	31.5609	2126	31	10	624	35	83	518	4	1.69446	896691	6.48172e-05	
12097	12554	2778	27.5835	28.9172	2124	29	7	608	18	68	511	6	1.6573	777248	7.66401e-05	
11935	13205	2728	29.1131	27.7132	2160	28	8	609	11	71	507	5	1.42606	1.10648e+06	5.94248e-05	
12100	13500	2769	32.908	31.8903	2021	28	8	650	5	90	514	5	1.65774	927086	6.35243e-05	
12100	13201	2773	33.0471	31.9447	2097	30	8	633	11	79	520	4	1.2465	968954	6.391e-05	
12097	12554	2756	27.3616	34.1063	2124	32	7	615	18	64	511	5	1.48219	849444	6.77736e-05	
11926	12550	2733	36.3022	34.0418	2051	32	10	626	18	90	495	4	0.588744	1.1706e+06	7.23903e-05	
11401	13144	2715	36.3818	34.8411	2145	30	10	648	6	80	517	5	1.98123	788292	7.29022e-05	
11958	12695	2749	35.9643	34.4355	2104	31	7	635	19	60	485	5	0.740793	1.04177e+06	7.13572e-05	
12100	13147	2800	34.3768	32.4733	2041	29	6	634	5	86	523	5	1.18572	970372	6.44247e-05	
12100	12550	2715	29.1536	32.7072	2131	32	8	620	17	66	491	5	0.361922	909387	0.000253293	
11845	12550	2729	35.5724	29.1438	2014	30	10	632	27	74	498	5	0.685678	1.20384e+06	6.63042e-05	
12100	12892	2726	31.1101	26.5965	2124	30	10	640	20	74	499	4	0.811412	1.33826e+06	6.01251e-05	
11825	13351	2776	36.2692	33.5697	2148	31	7	636	24	83	524	4	1.79905	842892	6.80504e-05	
12069	13500	2784	34.6327	28.0456	2064	29	7	638	8	89	525	5	1.70769	1.00835e+06	6.04705e-05	
12059	12550	2708	35.6632	28.8183	2000	31	10	640	3	73	499	4	0.421421	1.21152e+06	9.63113e-05	
11984	12691	2765	33.6901	30.96	2033	29	9	627	2	87	515	6	0.705668	1.23984e+06	6.51423e-05	
11975	13378	2737	36.1205	35	2020	30	10	632	27	75	524	5	1.62789	810129	7.02346e-05	
11989	13329	2785	25.848	25	2086	29	7	623	23	82	524	5	1.54644	1.28519e+06	5.48667e-05	
11891	13426	2739	36.5262	34.0516	2051	30	9	616	18	79	510	4	1.79786	815018	6.98178e-05	
12100	13215	2738	34.143	28.8421	2080	29	10	642	25	76	519	5	1.25097	1.01236e+06	6.19924e-05	
12100	13052	2755	34.6801	29.1438	2129	29	10	624	22	83	496	4	1.03877	1.05864e+06	6.24844e-05	
11907	13372	2744	36.7191	35	2075	31	9	646	19	72	505	5	1.70748	799773	7.12962e-05	
12054	12568	2700	36.5756	26.2808	2008	31	7	647	34	69	502	5	0.449625	1.31868e+06	8.47601e-05	
11996	12550	2743	36.2919	33.5008	2117	31	9	606	19	74	511	5	0.504999	1.21783e+06	7.87464e-05	
11837	13039	2732	29.1131	27.6944	2123	28	10	649	2	70	514	5	1.3247	1.10376e+06	5.96908e-05	
11936	12866	2797	31.3673	29.7936	2035	29	8	641	8	76	524	5	1.00421	1.13246e+06	6.15915e-05	
11987	13203	2800	37	31.5609	2003	32	9	636	28	83	518	4	1.40732	886814	6.67468e-05	
11958	12695	2749	36.3545	34.4355	2104	31	7	635	16	60	485	5	0.741027	1.03361e+06	7.15461e-05	
11865	12944	2765	28.7502	28.1162	2027	28	6	615	19	82	514	4	1.17771	1.16482e+06	5.94919e-05	
11916	13435	2796	37	32.5094	2079	30	8	612	9	87	518	4	1.81703	856156	6.70601e-05	
12097	12805	2740	32.8424	26.524	2037	31	9	638	28	80	518	5	0.707663	1.37503e+06	6.21234e-05	
11907	12804	2740	33.4037	33.7429	2138	29	6	607	3	61	508	5	0.94076	992781	6.81245e-05	
11842	12706	2794	31.4062	25.2554	2040	29	8	637	2	86	516	5	0.906303	1.33854e+06	5.80114e-05	
11776	13334	2800	37	33.7296	2055	29	10	626	16	89	495	4	1.8518	820991	6.93001e-05	
12015	13232	2752	36.0839	33.9695	2106	31	6	619	22	77	516	5	1.38756	861826	6.8465e-05	
12100	12567	2751	36.4753	28.246	2053	30	6	647	16	82	516	5	0.399614	1.2159e+06	0.000102733	
11932	12670	2748	37	33.8284	2068	31	8	606	18	66	529	6	0.74043	1.04407e+06	7.01066e-05	
12089	12616	2707	37	26.9013	2122	31	6	635	0	72	504	5	0.469386	1.3282e+06	8.03536e-05	
12100	12554	2709	35.4215	34.0914	2043	28	9	643	19	68	510	5	0.376312	1.09647e+06	0.00011909	
11903	12804	2735	36.4291	33.8534	2103	29	6	609	15	83	508	5	0.946505	944580	6.90369e-05	
11825	13500	2760	36.754	32.3638	2018	30	9	621	10	79	520	5	1.99535	839837	6.82408e-05	
12100	12805	2736	32.4618	25	2039	31	8	622	30	81	529	5	0.702372	1.45181e+06	6.1121e-05	
12100	12552	2743	33.1939	35	2073	29	8	611	18	80	516	5	0.376249	1.05967e+06	0.000138543	
12009	13006	2755	35.1547	32.7496	2043	29	8	650	12	66	516	5	1.09048	939966	6.71141e-05	
12100	13350	2790	34.3764	33.3137	2051	30	9	617	20	79	504	4	1.46199	885752	6.65026e-05	
11853	12632	2728	37	26.6475	2074	28	7	637	1	78	519	4	0.781868	1.22546e+06	6.26959e-05	
12086	12895	2743	37	34.235	2153	29	8	612	6	80	520	6	0.844286	997395	6.84791e-05	
11579	12761	2713	36.6428	35	2000	32	9	617	7	75	514	5	1.26924	801925	7.39153e-05	
12057	12670	2700	35.3811	26.5745	2011	31	7	647	3	69	517	5	0.57515	1.38364e+06	6.82175e-05	
12065	12844	2783	36.9214	33.787	2135	29	8	616	34	64	512	6	0.814669	1.02716e+06	6.85683e-05	
11987	13410	2763	35.1258	31.5609	2126	30	10	618	28	83	515	4	1.67207	892368	6.51551e-05	
12100	12554	2743	31.7429	35	2140	31	7	611	18	69	513	6	0.376656	1.0362e+06	0.000156152	
11886	13274	2715	36.5617	34.8411	2076	32	10	626	17	80	512	5	1.5822	802094	7.12606e-05	
11982	12617	2755	35.1547	34.0487	2043	29	8	640	12	66	516	5	0.610557	1.19359e+06	7.13063e-05	
11848	13496	2800	31.3673	29.719	2154	29	7	623	5	89	513	5	1.98411	992074	6.11546e-05	
12042	13283	2757	29.5986	26.2364	2087	28	7	628	11	88	517	4	1.41678	1.16354e+06	5.70581e-05	
12074	12550	2743	35.5836	35	2135	32	8	621	23	63	481	5	0.408244	1.13138e+06	0.000105697	
12097	12554	2745	28.5477	34.0914	2124	29	7	608	18	68	511	6	0.37295	885123	0.000271592	
11976	12816	2783	36.9214	33.787	2103	29	8	637	34	64	512	6	0.888644	972528	6.90417e-05	
12100	12554	2743	34.7927	35	2140	29	8	610	21	71	514	6	0.380528	1.08672e+06	0.000122911	
11793	12550	2728	32.98	25.8557	2052	30	7	616	10	87	530	4	0.745545	1.35744e+06	6.08199e-05	
11770	12737	2778	37	35	2087	30	9	634	28	73	500	5	1.03638	870768	7.15871e-05	
12024	13351	2744	29.8557	32.4364	2132	29	6	647	15	90	520	5	1.52588	969975	6.29921e-05	
12010	12554	2743	35.2267	35	2127	29	7	642	18	67	504	5	0.49219	1.19487e+06	8.34864e-05	
11960	13205	2725	29.1131	27.7132	2160	28	10	609	28	70	507	5	1.39405	1.10214e+06	5.95167e-05	