12100	12554	2719	28.5079	34.4272	2111	31	6	610	14	68	515	5	0.365598	857525	0.000291886	
11305	13347	2713	36.5617	35	2000	31	9	628	7	72	514	4	2.36316	766508	7.52785e-05	
12100	12550	2700	28.8981	35	2112	31	6	601	18	63	505	6	0.359181	867805	0.000276549	
12100	13435	2793	21.8243	25	2092	28	6	622	17	86	529	5	1.52327	1.56077e+06	5.28793e-05	
11296	13128	2702	37	35	2057	32	9	631	9	66	494	5	2.07123	756874	7.67754e-05	
12100	13365	2769	21	25	2107	29	6	631	12	87	529	5	1.40034	1.70535e+06	5.32056e-05	
11296	13240	2706	37	35	2100	32	9	624	9	65	492	5	2.22368	757766	7.6558e-05	
12100	12550	2758	28.741	34.6836	2000	31	9	610	12	62	504	6	0.366412	860276	0.000288434	
12100	13317	2778	21.8581	25	2107	29	6	640	10	83	530	5	1.35163	1.62967e+06	5.32425e-05	
12079	13257	2785	21.8869	25	2092	29	5	621	5	76	530	5	1.29887	1.66597e+06	5.35992e-05	
12100	13260	2791	21.8243	25	2098	28	8	639	14	75	524	5	1.27846	1.68034e+06	5.36913e-05	
12100	12550	2715	30.21	34.1368	2114	32	8	615	14	66	491	6	0.364644	973945	0.000201248	
12100	12550	2702	29.3553	30.6202	2159	31	6	617	5	72	510	5	0.36075	941557	0.000237869	
12100	12550	2736	30.4776	34.1652	2035	30	8	606	19	60	495	5	0.368074	989066	0.000191791	
12100	12550	2720	30.691	34.9258	2048	28	8	600	4	70	501	5	0.366383	993152	0.000185977	
12100	12550	2700	30.8447	27.1989	2063	31	8	645	3	71	501	5	0.364007	1.05584e+06	0.000177117	
12097	12554	2742	28.5477	34.3945	2124	31	7	606	11	68	514	6	0.372542	881039	0.000272257	
12100	12558	2715	28.8981	34.3736	2106	31	6	600	18	63	514	6	0.37137	913883	0.000243191	
12100	12550	2743	29.0729	34.6784	2118	32	9	605	26	64	482	5	0.365421	893776	0.000260417	
12083	12550	2731	28.1616	34.6528	2127	28	8	600	18	66	507	5	0.381919	886845	0.000264061	
12100	12550	2741	30.0464	33.4354	2138	30	10	606	18	60	494	5	0.367746	970534	0.000206101	
12100	12550	2739	31.7937	35	2108	32	8	600	18	68	512	5	0.371053	1.02731e+06	0.000160668	
12048	12550	2714	26.756	34.8444	2100	30	9	623	13	64	516	5	0.416836	891481	0.00025582	
12096	12554	2715	30.691	34.4774	2087	28	8	602	12	68	517	5	0.375719	1.01295e+06	0.000172147	
12100	12550	2753	28.9509	35	2131	32	7	624	12	63	505	6	0.366391	887853	0.000268889	
12099	12550	2704	30.2541	34.0914	2123	32	7	607	19	68	511	6	0.364491	977810	0.000197628	
12092	12550	2743	33.4976	35	2110	30	8	613	15	81	530	6	0.383976	1.07285e+06	0.000130242	
11504	13387	2717	37	35	2000	31	9	646	9	75	514	5	2.19055	771613	7.4085e-05	
12100	12550	2700	31.6128	35	2152	31	6	642	7	70	509	5	0.365459	1.02034e+06	0.000164853	
12100	12558	2715	28.8981	35	2106	31	6	600	18	63	505	6	0.37137	910381	0.000243843	
12093	12550	2714	33.5117	35	2140	29	8	610	20	71	502	6	0.378705	1.06344e+06	0.000131735	
12100	12550	2743	34.7927	35	2140	29	8	611	20	69	514	6	0.37538	1.0809e+06	0.000125849	
12100	12550	2710	34.7927	35	2140	29	8	611	20	71	513	6	0.370864	1.07318e+06	0.00012663	
12100	12551	2761	33.6461	35	2140	31	7	610	18	68	521	6	0.377974	1.06888e+06	0.000134391	
12097	12550	2743	28.5477	34.3945	2124	31	7	606	11	68	521	5	0.367529	859696	0.00029163	
12100	12550	2706	34.7342	25.893	2062	31	7	630	19	71	513	4	0.370265	1.17156e+06	0.000122594	
12043	12578	2708	25.6624	34.4076	2019	31	8	637	15	69	494	5	0.4521	907802	0.00024728	
12100	12550	2700	28.8981	34.2125	2097	30	7	601	18	65	523	6	0.359181	873364	0.000275255	
12100	12550	2700	32.5132	35	2062	31	6	636	20	71	519	5	0.366897	1.03895e+06	0.000150173	
12100	12550	2700	28.9738	34.2125	2098	30	7	601	18	65	501	6	0.359405	881729	0.000269179	
11296	13190	2706	37	35	2100	32	9	636	9	66	494	5	2.15683	759199	7.64175e-05	
11374	13255	2713	36.6098	35	2073	30	10	623	19	71	516	5	2.15969	772301	7.43329e-05	
12100	12550	2700	31.2389	26.1346	2094	28	10	633	19	72	501	5	0.36478	1.07815e+06	0.000167056	
11555	13433	2707	37	34.7706	2004	32	8	623	11	69	474	5	2.18538	765491	7.56773e-05	
11310	13190	2706	36.176	35	2076	32	9	635	28	63	494	5	2.14039	765096	7.62428e-05	
12100	12550	2743	29.4743	34.0914	2124	32	7	603	18	68	511	6	0.36655	933533	0.000232829	
12100	13411	2770	21	25	2107	29	5	640	10	85	530	4	1.46462	1.67193e+06	5.3011e-05	
12094	12989	2778	27.3989	25	2067	29	7	621	12	76	525	5	0.953963	1.48143e+06	5.58847e-05	
12100	12550	2715	29.9908	32.7072	2131	32	8	621	17	76	491	5	0.364124	974822	0.00020803	
12099	12550	2750	30.2541	34.0914	2124	32	7	607	18	68	511	6	0.370692	987483	0.000195886	
12100	12989	2792	27.5063	25	2060	29	7	621	13	77	530	5	0.951628	1.4885e+06	5.56917e-05	
12100	12592	2700	32.3528	35	2062	31	6	636	17	71	528	5	0.419953	1.09979e+06	0.000116754	
12100	12550	2727	31.3492	35	2118	30	7	603	18	78	495	6	0.368635	1.01679e+06	0.000169549	
11671	13375	2716	36.8377	35	2005	31	9	646	11	72	507	5	1.9768	777709	7.33622e-05	
12100	13411	2770	21.3714	25	2107	28	6	640	10	82	530	5	1.47072	1.62296e+06	5.29437e-05	
12100	12550	2700	36.7275	34.466	2101	31	8	600	18	62	499	6	0.370784	1.10428e+06	0.00011489	
12100	12550	2702	32.9294	29.8394	2157	31	6	637	7	72	509	5	0.367747	1.08725e+06	0.000141824	
11671	13413	2721	36.7191	35	2075	32	9	646	12	72	499	5	2.03216	778576	7.33353e-05	
12100	12550	2724	29.5461	35	2062	30	7	603	19	76	511	6	0.364202	933554	0.000230203	
12100	12550	2736	29.5863	33.3597	2070	30	9	606	18	65	494	5	0.365913	942306	0.00022686	
12100	12550	2700	29.4766	34.466	2105	31	8	603	18	62	499	6	0.36081	920433	0.000235516	
11504	13347	2703	36.5617	35	2001	31	9	638	9	68	530	5	2.12502	773416	7.39645e-05	
12100	12550	2700	32.6271	35	2062	31	7	628	17	71	513	5	0.36706	1.03996e+06	0.000148677	
11438	13251	2714	36.5617	34.7706	2000	32	9	650	8	69	474	5	2.08098	766143	7.61615e-05	
11671	13413	2716	36.7191	35	2075	31	9	646	12	72	499	5	2.02842	779978	7.31154e-05	
12100	12550	2722	29.5346	32.7127	2063	32	7	639	16	72	483	5	0.363904	948336	0.0002292	
12100	12550	2702	28.9499	26.0582	2145	31	6	637	6	70	509	5	0.359601	943604	0.000261438	
12100	13331	2752	21.9359	25	2090	29	6	640	12	87	529	5	1.35922	1.59834e+06	5.35389e-05	
12100	13104	2771	25.2155	25	2096	30	5	625	10	81	516	4	1.08831	1.50612e+06	5.50206e-05	
11465	13251	2714	36.5617	34.7706	2000	32	9	650	8	69	474	5	2.0496	766845	7.59936e-05	
12097	12554	2743	29.4743	34.0914	2134	32	7	606	18	61	511	6	0.375422	959279	0.00021322	
11447	13205	2717	36.8814	35	2080	32	9	646	8	69	506	5	2.01117	770270	7.47384e-05	
11401	12606	2702	36.3818	34.8411	2140	30	10	648	6	80	517	5	1.27205	811862	7.31101e-05	
12100	12550	2700	33.3719	27.1168	2160	31	7	621	3	71	497	5	0.368036	1.12296e+06	0.000135501	
12079	13104	2777	25.0674	25.0927	2096	29	4	627	10	81	516	4	1.11608	1.50986e+06	5.47046e-05	
12100	12550	2702	31.6128	26.0582	2138	31	6	642	7	74	509	5	0.36573	1.09734e+06	0.000159337	
12017	13383	2735	36.7381	35	2149	30	8	619	18	80	498	6	1.58234	815967	7.01804e-05	
12100	12554	2748	29.5993	34.0914	2137	32	7	606	20	65	481	6	0.37271	959138	0.000215471	
12083	12550	2741	28.1616	34.6707	2125	28	8	600	18	84	519	5	0.383318	892697	0.00026295	
12100	12550	2743	32.1683	35	2110	30	8	613	15	81	523	6	0.372212	1.03845e+06	0.000154012	
12100	12550	2740	32.0324	35	2151	30	8	615	10	69	505	6	0.371587	1.03456e+06	0.000156397	
12084	12550	2700	29.4766	33.1615	2132	31	8	603	18	62	506	6	0.380346	984308	0.000193424	
12100	12550	2715	31.9785	34.1904	2050	32	8	605	16	66	484	4	0.368109	1.0321e+06	0.000157953	
11968	12578	2752	35.6955	26.2808	2001	31	10	650	3	75	510	5	0.577003	1.37112e+06	6.78518e-05	
11504	13333	2717	36.5617	35	2000	31	9	643	3	69	514	5	2.11706	773603	7.41455e-05	
12021	13341	2785	21.6632	25	2091	29	7	638	7	83	530	5	1.48483	1.56769e+06	5.33874e-05	
12100	13500	2747	21.9359	25	2090	29	6	641	12	81	529	5	1.58958	1.49174e+06	5.36394e-05	
12015	13500	2776	24.7301	25	2107	29	6	640	23	82	530	5	1.74011	1.3031e+06	5.42182e-05	
12100	12550	2720	30.0564	34.2194	2054	28	7	600	6	70	519	5	0.364952	967244	0.000206569	
11879	13472	2797	31.3673	26.7534	2064	29	7	636	8	89	506	5	1.90968	1.06501e+06	5.89866e-05	
12100	13317	2768	21.8581	25	2107	29	6	640	10	83	530	5	1.34677	1.62658e+06	5.33447e-05	
12100	12550	2700	33.3719	32.7395	2160	31	7	647	3	71	523	5	0.368036	1.06903e+06	0.000138332	
12100	13435	2784	21.8243	25	2120	29	6	622	17	82	529	5	1.51836	1.55544e+06	5.31237e-05	
11541	13387	2717	37	35	2000	31	8	646	9	75	514	5	2.14723	775016	7.37953e-05	
11694	13413	2716	36.7191	35	2076	31	9	646	12	72	491	5	2.00113	779469	7.3244e-05	
12067	13058	2775	24.9594	25	2075	29	8	628	10	79	518	5	1.06718	1.5229e+06	5.51694e-05	
12039	13500	2800	31.595	29.719	2154	30	7	623	5	85	517	5	1.7513	1.00484e+06	6.06649e-05	
12100	13411	2770	21.3714	25	2107	29	6	640	10	82	530	5	1.47072	1.61646e+06	5.3166e-05	
11469	13266	2713	36.5617	35	2085	32	9	641	7	69	516	4	2.06436	774123	7.40686e-05	
12100	12550	2702	33.1192	26.0582	2154	31	6	642	7	72	509	5	0.367995	1.13726e+06	0.000137533	
12100	12550	2742	29.2062	32.3172	2073	30	10	613	17	60	494	5	0.365672	918723	0.000248571	
12100	12550	2702	32.0509	26.0582	2152	31	6	612	6	70	504	5	0.366463	1.10609e+06	0.000152022	
12094	12989	2800	27.5063	25	2048	29	8	621	14	76	527	5	0.961956	1.47954e+06	5.5732e-05	
12100	13369	2790	22.4247	25	2076	28	8	639	14	75	524	5	1.43711	1.52552e+06	5.35103e-05	
12100	13331	2757	21.9359	25	2085	29	7	640	16	83	529	5	1.36169	1.59388e+06	5.36308e-05	
12100	12550	2754	29.6267	34.6611	2101	32	9	606	11	60	491	5	0.368427	938826	0.000225683	
12100	12550	2705	31.7115	26.0643	2079	30	6	641	6	71	503	5	0.366307	1.10147e+06	0.000157555	
12052	13496	2800	31.3673	29.719	2154	29	7	623	5	89	513	5	1.72883	1.01244e+06	6.03391e-05	
11994	13500	2794	31.9398	29.719	2035	29	7	623	22	86	522	5	1.80466	984703	6.13422e-05	
12100	12569	2753	28.8558	34.0886	2135	29	9	609	8	62	515	5	0.390663	963713	0.000210881	
12100	12550	2743	30.8177	35	2116	32	8	600	18	68	511	6	0.369748	1.00102e+06	0.000181818	
12079	12705	2708	37	25	2115	30	7	632	35	70	473	4	0.59587	1.42692e+06	6.58285e-05	
12085	12550	2749	34.9661	35	2086	29	8	631	21	68	516	5	0.394998	1.10755e+06	0.000114495	
11840	13297	2793	37	34.7239	2013	30	9	635	21	79	508	5	1.71679	809085	7.05318e-05	
11776	13379	2784	37	33.7296	2062	30	10	626	22	90	512	4	1.90377	818645	6.92281e-05	
11883	13482	2800	31.0073	30.4843	2154	29	7	623	2	90	513	5	1.92014	981166	6.15764e-05	
12100	12805	2733	31.9679	25.6915	2136	28	8	636	1	78	530	4	0.700829	1.44747e+06	6.08865e-05	
12061	12785	2786	32.5688	25.596	2127	29	10	605	24	77	516	5	0.737806	1.42136e+06	5.9891e-05	
11776	13334	2784	37	33.7296	2035	30	10	626	16	89	495	4	1.84122	816172	6.97788e-05	
12100	12550	2737	32.9742	35	2140	31	8	611	22	68	518	6	0.372571	1.05086e+06	0.000143266	
12100	12550	2715	34.1944	34.1904	2050	32	9	601	16	66	484	4	0.370989	1.07089e+06	0.00013113	
12100	12666	2751	37	27.03	2028	29	6	632	16	68	505	5	0.52833	1.37887e+06	7.20098e-05	
12100	12550	2702	32.0509	26.0582	2152	31	6	612	6	72	503	5	0.366463	1.10619e+06	0.000151999	
12100	12550	2753	30.273	34.2152	2116	30	8	630	18	63	515	5	0.369895	987436	0.0001972	
12100	13104	2762	25.2155	25.0927	2077	30	5	627	10	81	515	4	1.08478	1.49605e+06	5.53036e-05	
11783	13307	2786	34.389	28.8421	2080	29	10	639	25	90	519	4	1.79465	952204	6.25195e-05	
12100	13018	2713	36.0349	33.4539	2108	28	9	614	23	65	492	5	0.978998	937374	6.8956e-05	
12100	12554	2743	29.4743	34.0914	2124	32	7	606	18	70	511	6	0.371698	951291	0.000220799	
11844	13203	2700	35.1258	31.5609	2110	32	9	630	28	83	518	4	1.52798	877970	6.70062e-05	
11994	13482	2800	32.8003	32.8754	2145	29	7	623	11	89	513	5	1.78445	908990	6.43791e-05	
11848	12906	2750	28.4691	25	2065	28	9	621	14	90	515	5	1.14066	1.2804e+06	5.66636e-05	
11493	13274	2717	36.5617	35	2000	32	9	646	19	69	514	5	2.05019	771631	7.46324e-05	
12096	12598	2740	37	28.9091	2056	29	7	632	9	83	496	5	0.443189	1.25282e+06	8.77578e-05	
11442	13266	2713	36.5617	35	2085	32	9	641	7	69	516	4	2.09574	772962	7.42335e-05	
12100	12578	2706	35.5655	26.3502	2000	31	7	647	4	68	495	5	0.406508	1.24809e+06	0.000101215	
12100	12581	2761	36.5635	25.0829	2059	29	7	632	16	83	505	5	0.419284	1.30208e+06	9.44198e-05	
12097	12550	2743	30.1983	33.8241	2096	32	8	611	14	61	502	5	0.3721	987716	0.000194099	
11442	13274	2713	36.5617	35	2085	32	9	643	7	69	516	4	2.10651	772923	7.42335e-05	
12100	12554	2743	25.354	35	2132	31	7	620	18	68	514	6	1.30632	1.23633e+06	5.60915e-05	
12100	12600	2759	37	27.03	2013	29	6	632	16	68	505	5	0.443868	1.30527e+06	8.7184e-05	
12097	12805	2748	32.8424	25	2066	31	9	622	29	81	529	5	0.709729	1.43959e+06	6.06575e-05	
12100	12550	2754	30.8809	34.4784	2108	30	8	602	13	60	508	4	0.371362	1.0078e+06	0.000179598	
12094	12550	2743	29.6267	33.9764	2098	32	9	606	18	60	490	5	0.374402	964471	0.000209468	
12100	12550	2700	31.8054	32.3196	2113	29	7	643	19	71	491	5	0.365789	1.0436e+06	0.000159821	
12069	12550	2724	36.5967	34.4817	2016	32	7	646	8	72	503	5	0.41218	1.15046e+06	9.96314e-05	
12100	13420	2772	22.0209	25.0214	2092	29	8	614	10	87	529	5	1.49359	1.53399e+06	5.34445e-05	
12097	12550	2754	29.6267	33.7053	2103	29	9	611	11	60	489	5	0.372166	958649	0.000216169	
12020	12569	2718	36.1248	30.4172	2030	29	6	647	4	64	495	5	0.495251	1.26791e+06	7.87402e-05	
11756	12550	2728	32.1925	25.6796	2081	30	7	620	22	87	526	5	0.788855	1.35594e+06	6.00312e-05	
12100	12550	2700	37	34.5613	2000	31	7	639	29	88	518	5	0.370911	1.10772e+06	0.000113649	
12054	12816	2704	33.4355	25	2160	31	6	650	10	71	500	5	0.765875	1.40158e+06	6.02337e-05	
12062	12989	2792	27.5063	25	2060	29	7	621	11	72	530	5	0.999565	1.4517e+06	5.55463e-05	
11763	13469	2733	37	35	2005	29	10	628	10	78	519	4	2.00797	784790	7.16743e-05	
12100	12550	2743	29.1536	32.7072	2119	30	8	609	18	81	491	5	0.365655	919567	0.000250941	
12100	13411	2777	21	25	2107	29	6	634	12	82	530	5	1.46832	1.6692e+06	5.30504e-05	
12052	13496	2800	31.3673	29.719	2154	28	7	623	5	88	523	5	1.72883	1.01538e+06	6.0006e-05	
12100	12550	2706	32.5067	29.9578	2160	31	7	621	3	71	497	5	0.367703	1.07524e+06	0.000147362	
11928	13104	2773	27.0019	25	2038	29	4	630	9	83	519	4	1.31288	1.3064e+06	5.57476e-05	
12100	12577	2718	36.1233	26.8462	2015	29	6	646	4	64	495	5	0.407395	1.25588e+06	9.93443e-05	
12100	13104	2771	27.0915	25	2138	30	5	613	10	81	516	4	1.09817	1.41785e+06	5.52517e-05	
11445	12758	2752	36.5617	35	2000	32	9	634	4	69	507	4	1.44228	790116	7.45545e-05	
12100	13318	2785	23.3276	25.3537	2110	30	6	621	13	77	530	4	1.37335	1.4655e+06	5.41184e-05	
12100	12550	2738	37	28.6034	2124	32	7	603	6	79	512	6	0.376132	1.18042e+06	0.000109938	
11447	13167	2717	37	35	2010	32	9	646	7	69	514	5	1.96033	768039	7.50638e-05	
12005	12691	2765	34.6182	30.96	2029	29	10	629	3	74	515	6	0.680579	1.22909e+06	6.61945e-05	
12100	12550	2743	29.4743	34.9025	2124	32	7	603	21	69	502	5	0.36655	929603	0.000233536	
12054	12825	2708	31.1492	25	2160	31	6	643	14	71	502	5	0.775176	1.4429e+06	5.96481e-05	
12100	12550	2704	35.4912	26.0582	2160	31	8	644	6	70	497	5	0.370593	1.1823e+06	0.000117523	
11486	12851	2721	36.4204	34.9688	2077	31	9	628	4	64	502	5	1.49925	788450	7.43163e-05	
12100	13371	2776	24.7301	25	2107	29	6	640	20	83	526	5	1.45383	1.36431e+06	5.40394e-05	
12100	12561	2761	37	27.03	2064	29	7	632	22	82	505	5	0.393547	1.23173e+06	0.000102838	
12063	12560	2736	36.9988	35	2075	31	10	627	24	78	508	6	0.434439	1.16219e+06	9.24813e-05	
11385	13052	2713	36.7674	35	2061	31	9	629	17	75	516	5	1.87624	775356	7.43771e-05	
12100	13435	2742	36.0259	32.5094	2079	30	8	609	5	80	518	4	1.55484	874356	6.65868e-05	
12100	13102	2793	25.6197	25	2060	30	7	621	18	78	527	5	1.09668	1.47731e+06	5.49179e-05	
12067	13046	2775	24.9594	25.0927	2075	29	8	628	10	79	518	5	1.05093	1.52745e+06	5.53679e-05	
12059	12601	2746	37	28.1938	2070	31	9	624	19	81	502	5	0.493933	1.29938e+06	7.71367e-05	
11445	12623	2717	36.5617	35	2000	28	9	634	18	73	507	4	1.24992	806164	7.38116e-05	
12100	13120	2783	24.6091	25	2098	28	5	609	6	76	524	5	1.11074	1.55446e+06	5.43006e-05	
12062	12989	2792	27.5063	25	2060	29	7	621	13	77	530	5	0.999565	1.45197e+06	5.54201e-05	
12100	12550	2702	32.9294	28.9462	2151	31	6	637	6	70	509	5	0.367747	1.09625e+06	0.000141363	
12026	12638	2778	36.1329	29.8755	2020	30	9	640	28	73	501	5	0.589009	1.28853e+06	6.92281e-05	
12018	13120	2783	23.8248	25	2142	28	6	629	14	76	524	5	1.20749	1.5333e+06	5.38677e-05	
11879	13488	2797	31.3673	25.2778	2055	29	7	636	8	89	506	5	1.93223	1.11278e+06	5.78536e-05	
11856	12712	2730	36.383	34.4355	2099	31	7	622	19	85	485	5	0.881966	944020	7.07064e-05	
12100	12550	2702	32.9294	33.7488	2157	31	6	637	7	72	509	5	0.367747	1.05385e+06	0.000143947	
11783	13307	2736	34.389	28.8421	2080	29	10	642	25	90	519	4	1.76244	943536	6.31074e-05	
12100	13435	2778	21.8243	25	2092	29	6	622	17	86	529	5	1.51508	1.54982e+06	5.3251e-05	
12087	13054	2790	32.1734	25	2034	30	7	621	15	81	513	5	1.06798	1.26261e+06	5.76768e-05	
12040	12550	2740	32.6679	35	2120	32	8	611	4	72	508	5	0.446769	1.13435e+06	0.000104275	
12027	12685	2716	37	25	2038	30	4	631	35	71	530	4	0.635515	1.45651e+06	6.32391e-05	
11842	12706	2794	31.4062	25.2554	2040	29	8	637	2	86	516	5	0.906303	1.33854e+06	5.80114e-05	
12100	12550	2743	30.8177	34.0914	2108	32	8	600	18	68	511	6	0.369748	1.00615e+06	0.000181225	
11504	13238	2717	36.8928	35	2013	31	9	646	10	75	514	5	1.98903	775083	7.39426e-05	
11911	13435	2744	36.0559	31.8606	2092	30	8	627	5	80	518	4	1.78885	869057	6.65735e-05	
11975	12923	2780	29.6012	25	2000	28	10	635	12	75	530	5	1.02202	1.32259e+06	5.65835e-05	
12086	12550	2757	30.0539	34.6836	2000	31	8	610	12	62	504	6	0.387368	1.01292e+06	0.000178063	
12038	13395	2789	21.8243	25	2106	28	8	621	12	75	529	5	1.54319	1.53908e+06	5.32765e-05	
11905	13345	2784	37	31.5566	2062	30	10	626	22	90	492	4	1.69745	865539	6.68896e-05	
12020	12563	2776	36.5967	34.4817	2016	32	7	646	8	72	503	5	0.498262	1.21158e+06	8.07363e-05	
11993	12560	2719	36.9988	35	2082	29	10	619	26	64	504	6	0.517359	1.18138e+06	7.78271e-05	
12100	12550	2700	29.4766	34.2082	2098	31	7	603	18	75	516	6	0.36081	927482	0.000234357	
12100	12550	2700	32.2632	25	2109	28	7	643	17	71	516	5	0.366524	1.12699e+06	0.000148017	
12054	12704	2713	36.1943	25.4875	2160	31	6	647	14	71	517	5	0.625877	1.43487e+06	6.37918e-05	
12100	13369	2790	21.8243	25	2076	28	8	639	14	75	524	5	1.42937	1.58958e+06	5.33874e-05	
12100	12550	2700	32.4507	26.0838	2063	31	7	611	20	68	525	5	0.366805	1.11463e+06	0.000146177	
11914	13049	2738	36.0673	34.8222	2101	29	8	619	35	73	496	5	1.25809	843073	7.05617e-05	
11903	12881	2766	37	34.1462	2079	32	7	631	4	81	489	4	1.05977	888292	7.03185e-05	
12100	13500	2776	24.7301	25	2107	29	6	640	12	82	529	5	1.6337	1.32615e+06	5.39374e-05	
12100	12555	2710	35.1148	35	2140	29	8	611	21	71	530	6	0.377489	1.08577e+06	0.000120773	
12004	12969	2748	35.3154	27.0911	2130	29	7	638	19	67	510	5	1.04463	1.11821e+06	6.16751e-05	
12100	12550	2702	32.9114	26.0582	2152	31	6	637	6	68	509	5	0.367723	1.13036e+06	0.000140017	
11849	12696	2745	37	30.9757	2046	29	9	618	5	90	502	5	0.874781	1.01904e+06	6.68092e-05	
12100	13489	2792	35.9808	35	2097	28	8	645	8	85	524	4	1.65904	837772	6.74946e-05	
12100	13500	2774	21.8243	25	2120	29	6	622	32	85	526	5	1.60368	1.51405e+06	5.32992e-05	
12021	12913	2712	32.9514	25	2048	30	9	622	23	81	530	4	0.934338	1.26817e+06	5.87648e-05	
11961	12550	2710	34.7927	35	2140	29	8	611	18	71	513	5	0.540351	1.19733e+06	7.67578e-05	
12094	12550	2743	29.3419	34.6784	2118	32	9	605	21	64	490	5	0.373633	941887	0.000223065	
12097	12554	2778	27.5835	28.9172	2124	29	7	608	18	68	511	6	1.6573	777248	7.66401e-05	
12086	13435	2782	21.8243	25	2138	29	6	622	17	82	530	5	1.53488	1.54886e+06	5.30701e-05	
11961	12739	2747	35.2334	25.9167	2044	28	5	645	-0	66	491	5	0.793515	1.30943e+06	6.16675e-05	
12088	12595	2791	36.8157	30.6602	2090	31	9	627	22	65	530	6	0.457506	1.23825e+06	8.66101e-05	
11996	13090	2793	26.4964	25.0927	2066	30	10	627	10	81	530	4	1.21587	1.33656e+06	5.5325e-05	
12100	12550	2740	35.9997	34.7477	2151	30	8	618	12	69	523	6	0.37587	1.09922e+06	0.000117911	
12100	12550	2724	29.7825	34.3853	2063	30	7	603	19	76	511	6	0.364814	953612	0.000218007	
12043	13308	2790	23.1956	25	2065	28	9	619	14	75	530	5	1.43244	1.45481e+06	5.38155e-05	
12043	12578	2700	25.6624	34.4686	2019	31	8	637	15	69	494	5	0.450764	906177	0.000247709	
12048	12556	2720	26.756	34.8444	2102	31	8	618	20	64	515	5	0.425416	922070	0.000234632	
12100	12550	2743	29.4743	34.9025	2124	32	7	603	21	69	512	6	0.36655	931243	0.000233427	
11993	12560	2736	36.9988	35	2066	29	10	619	26	65	504	6	0.520594	1.18497e+06	7.75916e-05	
11958	13469	2741	37	35	2005	29	9	628	6	78	519	4	1.77676	799672	7.04871e-05	
12100	12550	2743	32.1683	35	2140	30	7	611	5	69	514	6	0.372212	1.03729e+06	0.000154131	
12100	13383	2790	21.8243	25	2075	28	8	621	15	75	530	5	1.4489	1.58578e+06	5.32368e-05	
12083	12906	2750	28.4691	25	2085	29	9	621	14	77	515	5	0.851455	1.47575e+06	5.76469e-05	
12004	12578	2778	36.7689	25.1117	2140	30	7	650	6	77	511	5	0.538259	1.4321e+06	6.97788e-05	
11961	12890	2724	34.549	25.6915	2067	31	10	637	13	79	530	4	0.983341	1.16611e+06	6.04558e-05	
12093	12577	2758	36.6613	28.9939	2154	31	10	615	19	83	492	5	0.422425	1.22273e+06	9.47598e-05	
12059	12550	2708	35.6632	28.8183	2055	30	10	638	3	73	499	4	0.421421	1.20847e+06	9.62557e-05	
12100	13052	2755	34.6801	29.1438	2129	29	10	624	22	83	496	4	1.03877	1.05864e+06	6.24844e-05	
11636	13251	2714	36.5617	34.7706	2000	32	9	647	8	69	480	5	1.84912	776376	7.4744e-05	
12100	12550	2700	33.8268	35	2062	31	5	635	16	71	520	5	0.368557	1.06176e+06	0.000135026	
12054	12550	2700	37	34.1707	2000	31	8	641	29	88	518	5	0.42701	1.16342e+06	9.31012e-05	
12100	12550	2717	34.7927	35	2137	29	7	611	17	71	524	6	0.371821	1.07553e+06	0.000126454	
12094	12550	2743	29.6267	33.9867	2098	32	9	602	18	60	490	5	0.374402	964093	0.000209512	
12100	12550	2702	35.4703	29.8394	2157	31	6	637	7	67	509	5	0.370304	1.13475e+06	0.00011956	
11744	13500	2724	36.7191	35	2075	32	9	650	1	72	502	5	2.06655	781223	7.27379e-05	
12100	12550	2706	32.5132	26.0838	2062	31	7	636	19	71	513	5	0.367712	1.12088e+06	0.000145054	
11671	13064	2719	36.6677	35	2075	31	8	643	10	71	514	5	1.561	796564	7.25795e-05	
12100	12550	2702	32.9294	29.4595	2159	31	6	637	6	72	509	5	0.367747	1.09104e+06	0.000141623	
11975	13345	2800	36.3137	33.7296	2059	29	10	626	16	89	495	4	1.61932	844282	6.7861e-05	
12100	12578	2724	37	26.3502	2005	29	7	647	9	65	495	5	0.410033	1.27615e+06	9.54745e-05	
12099	12550	2736	29.5863	33.3597	2070	30	9	606	18	74	494	5	0.367151	949621	0.000223464	
12100	12550	2700	33.3799	34.6653	2062	31	10	628	17	72	516	5	0.368045	1.05311e+06	0.000139412	
12100	12550	2732	29.1536	32.7072	2134	32	8	621	18	70	491	5	0.364188	914957	0.00025208	
12100	12550	2756	30.9202	35	2118	32	8	606	21	63	512	5	0.371713	1.00812e+06	0.000178795	
11960	12727	2790	30.3712	25	2034	29	8	621	19	81	513	5	0.78416	1.46212e+06	5.8872e-05	
12054	12550	2700	36.7287	26.2808	2008	31	9	647	29	88	512	5	0.426883	1.27347e+06	9.00495e-05	
12100	12550	2754	29.7291	34.2152	2108	30	8	606	18	63	515	4	0.368695	952089	0.000219443	
12028	13258	2759	37	34.6841	2079	32	8	636	4	82	489	4	1.41097	826667	7.03087e-05	
12100	12550	2734	29.5863	33.3597	2070	30	10	606	18	72	502	5	0.365646	945439	0.000226449	
12100	12550	2743	30.6661	31.8296	2146	32	8	620	18	66	491	5	0.369428	1.01477e+06	0.000183959	
12100	13369	2791	21.8243	25	2098	28	8	639	14	75	524	5	1.42988	1.59322e+06	5.32737e-05	
12097	13290	2789	27.5835	28.5521	2091	29	7	608	18	68	530	6	1.36707	1.16363e+06	5.85138e-05	
12093	12601	2746	37	28.9939	2154	30	9	625	17	82	502	5	0.451766	1.25298e+06	8.57927e-05	
12100	13120	2783	24.2884	25	2098	28	5	609	9	77	524	5	1.10834	1.57609e+06	5.43242e-05	
12100	12550	2715	29.1536	34.2855	2131	32	8	610	20	65	491	6	0.361922	899521	0.000254972	
12100	12805	2736	32.9514	25.8439	2098	31	8	622	29	81	520	5	0.703063	1.41489e+06	6.14251e-05	
11841	12578	2714	37	35	2003	31	7	647	6	72	497	5	0.723224	1.00232e+06	7.27855e-05	
11445	13139	2717	36.5617	35	2000	32	9	643	7	69	513	4	1.92504	771230	7.48615e-05	
12100	13500	2784	21.8243	25	2120	29	6	622	17	85	526	5	1.60946	1.51906e+06	5.31519e-05	
12087	12560	2729	36.9988	35	2054	29	9	622	14	65	520	6	0.40375	1.13681e+06	0.000101688	
12054	12564	2800	36.7689	25.9759	2160	31	7	650	8	81	497	5	0.461116	1.33999e+06	8.35911e-05	
12100	12550	2700	31.0743	26.0838	2063	31	7	641	17	70	524	5	0.364465	1.07849e+06	0.000170648	
11840	13416	2794	37	34.6515	2076	30	9	629	24	79	508	5	1.88342	808258	7.01459e-05	
12052	12550	2723	37	32.1719	2083	31	10	635	24	86	520	5	0.433102	1.18817e+06	9.09587e-05	
12061	12742	2742	34.3242	25.596	2124	29	10	604	21	76	516	5	0.672017	1.40409e+06	6.20232e-05	
11908	12578	2708	35.5655	25.3761	2043	31	7	645	4	83	505	5	0.640232	1.39419e+06	6.37999e-05	
11739	12550	2746	34.7386	35	2127	32	8	631	21	64	516	5	0.817654	980776	7.12251e-05	
12006	13185	2772	25.7928	25	2084	29	5	642	15	76	524	5	1.31994	1.35306e+06	5.49602e-05	
12100	13120	2783	23.8248	25	2142	28	5	624	14	72	513	5	1.10457	1.6065e+06	5.46269e-05	
12097	12550	2754	29.6267	34.6611	2103	32	9	611	11	60	491	5	0.372166	952641	0.00021725	
12100	13161	2754	37	29.1438	2048	29	10	627	24	83	500	4	1.18702	976807	6.40246e-05	
11928	12801	2772	30.7025	25	2123	31	9	628	15	83	509	4	0.917344	1.34557e+06	5.78302e-05	
12100	13411	2752	21.9359	25	2107	29	6	640	12	83	529	5	1.46927	1.54326e+06	5.34788e-05	
12087	12567	2736	36.9988	35	2068	29	10	627	24	73	501	6	0.413781	1.14652e+06	9.8668e-05	
12007	12695	2741	34.6553	29.0606	2108	31	7	635	20	89	487	5	0.677447	1.28619e+06	6.49266e-05	
11903	12994	2766	37	34.6841	2079	32	7	634	4	81	484	4	1.21095	846456	7.10076e-05	
11872	13220	2741	37	35	2021	31	9	618	22	87	497	4	1.54132	801105	7.15052e-05	
12100	12550	2700	31.3258	26.5384	2062	29	7	636	20	71	510	5	0.364942	1.08042e+06	0.000165453	
11916	13435	2796	37	32.5094	2079	30	9	620	6	87	518	4	1.81703	853175	6.69882e-05	
12090	13117	2784	30.0929	27.9345	2097	29	5	624	25	88	502	5	1.14356	1.18976e+06	5.88062e-05	
12097	12552	2743	29.4743	34.0914	2134	32	7	611	18	62	511	6	0.372847	951883	0.000218388	
12100	12578	2720	36.1233	30.2722	2000	29	6	644	4	64	497	5	0.408974	1.19605e+06	0.000100533	
12097	12554	2743	29.4743	33.9946	2124	31	7	603	18	64	511	6	0.375422	960941	0.000212947	
11718	12550	2710	34.7927	35	2140	29	8	613	19	69	513	6	0.831945	966485	7.10328e-05	
11848	13500	2800	32.6483	29.719	2154	29	7	622	5	86	513	5	1.99191	973087	6.18238e-05	
11587	12689	2720	36.4511	34.0578	2032	30	8	600	21	75	460	5	1.16982	830961	7.35943e-05	
12054	12578	2712	35.6682	25.2422	2002	31	9	640	3	72	496	4	0.463828	1.33073e+06	8.33889e-05	
12100	12550	2707	31.8754	26.0582	2152	31	6	612	6	70	498	5	0.366855	1.10262e+06	0.000154775	
11858	12581	2732	33.03	25.1004	2095	32	9	644	20	83	530	5	0.70795	1.39877e+06	6.11546e-05	
12100	12756	2778	35.8817	25.1471	2104	30	7	629	14	81	523	5	0.651704	1.45869e+06	6.20925e-05	
12035	12550	2758	37	31.6592	2046	28	7	618	5	90	505	5	0.459788	1.22451e+06	8.50051e-05	
12100	12550	2727	31.2818	35	2062	30	7	603	18	78	511	6	0.368509	1.01496e+06	0.000170999	
11882	12902	2704	30.6453	26.729	2053	29	8	627	4	72	516	5	1.08131	1.16506e+06	6.00565e-05	
11908	12990	2761	37	34.2152	2108	30	8	627	20	63	515	4	1.19725	856164	7.02247e-05	
12097	12550	2723	35.5939	35	2158	31	7	618	16	80	520	6	0.376966	1.0935e+06	0.000118835	
12100	12550	2720	27.192	35	2054	29	8	600	6	70	501	5	0.363544	1.05046e+06	0.000182682	
12087	13030	2790	32.1734	25	2034	30	7	621	18	81	513	5	1.03534	1.27929e+06	5.76868e-05	
12097	12550	2720	29.5227	33.7794	2026	28	8	621	19	62	504	6	0.367297	947583	0.000222222	
11935	13059	2729	29.1131	27.7132	2160	28	10	609	8	70	507	5	1.23098	1.13754e+06	5.95203e-05	
12100	12550	2700	28.8981	34.2125	2098	30	7	601	18	65	501	6	0.359181	871471	0.000275558	
11680	12550	2773	36.9387	34.5547	2041	31	8	628	14	75	505	4	0.898817	915737	7.17566e-05	
12100	13075	2800	27.5063	25.2298	2060	29	7	628	12	76	514	5	1.07167	1.39959e+06	5.56452e-05	
11268	13106	2703	36.176	35	2076	32	9	618	24	72	494	5	2.07435	767571	7.59013e-05	
12086	12953	2729	31.1101	26.5965	2097	30	10	640	20	81	503	4	0.910006	1.27037e+06	5.93261e-05	
12004	12628	2721	37	29.7573	2097	31	9	645	24	84	527	5	0.591424	1.27198e+06	6.8055e-05	
12100	12550	2700	29.4766	34.2125	2098	31	7	603	18	62	509	6	0.36081	922658	0.000235128	
12087	12859	2772	34.4073	25	2066	31	9	628	32	76	514	5	0.802107	1.35321e+06	5.96623e-05	
12100	12553	2759	37	27.03	2059	29	7	632	16	83	505	5	0.3829	1.21602e+06	0.000107089	
11836	13339	2768	36.6186	33.51	2148	29	10	636	11	81	524	4	1.76402	834590	6.80689e-05	
12100	12550	2720	30.691	34.2194	2054	28	8	600	6	70	501	5	0.366383	996762	0.000185529	
12100	12550	2743	37	30.477	2041	32	8	625	11	70	510	5	0.376818	1.15615e+06	0.00011073	
12100	13037	2787	33.2567	25.0735	2068	31	7	628	15	83	500	5	1.0289	1.25778e+06	5.85857e-05	
11709	13206	2717	37	35	2027	32	9	646	9	69	524	5	1.70432	783295	7.30941e-05	
12047	12550	2700	36.7287	34.1707	2028	31	8	647	29	65	514	5	0.435401	1.16794e+06	9.15164e-05	
11961	12778	2737	34.4591	25.7843	2067	31	6	637	3	79	530	4	0.840872	1.2954e+06	6.01866e-05	
12100	13103	2737	37	27.8364	2048	30	10	627	17	79	494	4	1.10176	1.02341e+06	6.3674e-05	
11518	12638	2707	36.3818	34.5665	2143	30	10	645	21	76	517	5	1.17954	829965	7.22439e-05	
11719	13396	2716	36.7191	35	2076	31	9	637	12	72	491	5	1.94826	780573	7.31101e-05	
12100	12578	2718	36.1233	26.8462	2000	29	6	647	4	64	495	5	0.408673	1.25889e+06	9.89022e-05	
12077	13104	2753	27.9754	25.0791	2140	29	5	626	14	79	522	4	1.12316	1.36176e+06	5.54354e-05	
12059	12601	2712	37	28.9939	2052	31	9	631	7	82	459	5	0.487817	1.27772e+06	7.83638e-05	
12012	12718	2790	33.506	25	2064	29	9	621	18	81	513	5	0.712554	1.43654e+06	6.03064e-05	
12100	13435	2774	30.6143	25	2092	28	7	622	21	79	529	5	1.56592	1.18346e+06	5.60036e-05	
11987	12785	2794	37	32.5151	2111	30	9	628	20	88	514	4	0.836973	1.04524e+06	6.65513e-05	
11857	13469	2739	37	35	2005	29	9	628	6	78	519	4	1.89866	792792	7.10379e-05	
12012	13345	2800	33.4877	33.2143	2126	31	10	624	29	80	518	4	1.57037	889324	6.56901e-05	
11876	12823	2781	32.908	31.8903	2021	29	8	632	21	90	526	5	1.01784	1.02905e+06	6.4433e-05	
11999	13436	2763	36.1599	35	2093	30	9	611	24	79	508	5	1.69397	816372	6.97107e-05	
12100	13186	2777	25.6197	25	2060	29	7	621	18	78	530	5	1.20503	1.41564e+06	5.4606e-05	
12100	13104	2777	25.0674	25.0927	2096	30	4	627	10	81	516	4	1.08971	1.52102e+06	5.49995e-05	
11979	12598	2726	37	35	2048	29	7	632	1	81	496	5	0.584513	1.15818e+06	7.3014e-05	
12100	12550	2704	37	33.1489	2154	31	8	643	4	65	496	4	0.371461	1.11705e+06	0.000112765	
12097	12554	2756	27.3616	34.1063	2124	32	7	615	18	64	511	5	1.48219	849444	6.77736e-05	
12011	12598	2737	37	29.5283	2056	30	10	632	19	82	483	5	0.54758	1.28454e+06	7.13776e-05	
11908	12578	2706	35.5655	26.3502	2000	31	7	645	4	68	505	5	0.639759	1.34392e+06	6.52358e-05	
12037	12578	2740	35.5724	29.1438	2046	30	10	646	25	76	496	5	0.489534	1.26998e+06	8.05477e-05	
11028	12721	2730	37	35	2116	31	7	618	18	85	492	5	1.86126	772115	7.67165e-05	
12079	12705	2732	37	25	2115	29	7	612	35	70	473	4	0.601151	1.43324e+06	6.5368e-05	
12024	13425	2767	35.4247	33.9013	2096	31	8	644	10	76	523	5	1.64957	850164	6.76636e-05	
12097	12580	2717	37	34.233	2128	28	9	621	23	65	518	6	0.415223	1.15332e+06	9.73331e-05	
12067	13046	2779	24.9594	25.0927	2075	29	8	628	8	79	518	5	1.05244	1.52883e+06	5.5322e-05	
12054	12550	2700	36.7287	34.1707	2028	31	8	647	9	90	512	5	0.426883	1.1608e+06	9.38262e-05	
12100	12595	2743	34.7927	35	2140	30	8	611	20	69	514	6	0.433396	1.14485e+06	0.000100351	
11910	13015	2759	36.0224	33.955	2088	31	8	627	5	72	482	5	1.22693	863602	7.02198e-05	
12100	12598	2718	37	28.4964	2067	29	7	632	16	83	496	5	0.434711	1.25046e+06	8.9214e-05	
11000	12651	2759	36.3846	34.385	2011	31	8	636	2	71	466	6	1.82095	775173	7.75194e-05	
12100	12550	2740	32.6903	35	2151	30	8	615	5	69	514	6	0.372588	1.04631e+06	0.000146735	
11970	12550	2733	36.023	33.2711	2032	30	8	600	12	73	502	4	0.534843	1.2175e+06	7.55515e-05	
12048	12550	2727	26.756	34.8444	2102	30	8	618	20	64	515	5	0.418833	893789	0.000255297	
12100	12950	2800	29.2174	25	2086	29	7	621	12	77	529	5	0.907289	1.46294e+06	5.60727e-05	
12079	13257	2785	24.0082	25	2124	29	5	621	5	77	530	5	1.32146	1.4727e+06	5.37288e-05	
11951	12894	2750	34.7223	33.2647	2122	29	7	646	1	89	505	4	1.01048	969949	6.6569e-05	
11961	13383	2798	21.8243	25	2106	28	9	621	12	75	530	5	1.62805	1.50188e+06	5.34131e-05	
11858	12593	2762	36.4431	29.1438	2026	31	9	625	16	84	509	5	0.734421	1.17681e+06	6.53211e-05	
12054	12591	2704	36.3125	26.2808	2001	31	8	637	3	71	504	6	0.479397	1.33392e+06	7.92896e-05	
11809	12893	2727	36.5832	34.9641	2034	32	6	614	23	75	508	5	1.17406	839486	7.21449e-05	
12100	13369	2783	21.8243	25	2084	28	8	639	14	75	524	5	1.42578	1.5885e+06	5.34188e-05	
11526	12606	2702	36.3818	34.3128	2143	30	10	645	6	76	517	5	1.12725	842336	7.19321e-05	
12015	13205	2725	29.1131	27.7132	2160	28	10	609	8	70	507	5	1.32686	1.12084e+06	5.92803e-05	
12100	12601	2712	37	28.6388	2052	31	9	628	7	82	470	5	0.437584	1.24467e+06	8.85426e-05	
12100	12594	2743	33.1939	34.7309	2153	32	9	637	18	83	489	5	0.430399	1.12467e+06	0.00010879	
11903	12993	2790	36.4291	33.8534	2101	29	10	609	15	89	500	5	1.21981	876035	6.84369e-05	
12054	12550	2734	35.7094	35	2095	30	7	634	25	73	494	5	0.431662	1.1551e+06	9.67867e-05	
12100	13257	2792	22.3849	25	2092	30	8	613	13	85	530	5	1.28203	1.61363e+06	5.37346e-05	
12096	12554	2715	30.691	34.0914	2054	28	8	601	12	68	517	5	0.375719	1.01454e+06	0.000171969	
12079	12705	2718	37	26.2046	2095	30	8	632	35	67	473	4	0.598071	1.3687e+06	6.67022e-05	
11997	12550	2759	35.4875	33.8894	2121	29	9	622	20	67	510	5	0.506182	1.21482e+06	8.01475e-05	
11884	13500	2781	34.449	32.3189	2025	29	8	635	11	90	529	6	1.93612	883458	6.54664e-05	
12059	12550	2714	37	28.8183	2055	30	10	640	3	73	495	4	0.423105	1.22463e+06	9.19118e-05	
12100	12550	2708	35.4405	33.1873	2069	30	7	634	24	80	497	5	0.371104	1.10045e+06	0.000121286	
12040	12584	2739	35.5716	35	2120	32	7	622	8	72	508	5	0.493385	1.1951e+06	8.28089e-05	
11894	12776	2755	37	30.9757	2069	29	7	615	5	69	502	4	0.927862	999119	6.71276e-05	
11953	12550	2715	34.539	25.028	2057	29	8	624	24	90	502	6	0.550834	1.41197e+06	6.99301e-05	
11851	13496	2779	32.9921	33.0407	2006	29	8	634	0	90	524	6	1.96815	880338	6.58805e-05	
11985	13383	2790	21.8243	25	2106	28	8	621	12	75	530	5	1.59341	1.51554e+06	5.33874e-05	
11374	13052	2713	37	35	2061	31	8	627	15	69	516	5	1.88905	772143	7.48727e-05	
12100	13194	2793	25.6197	25	2060	29	7	621	18	78	527	5	1.22299	1.41251e+06	5.45167e-05	
12033	12884	2746	34.7108	34.1501	2074	31	7	611	7	84	504	5	0.894782	995598	6.82547e-05	
11961	12890	2737	35.6606	25.6915	2067	31	10	637	0	79	530	4	0.98893	1.14968e+06	6.08902e-05	
12100	12550	2700	32.5132	26.0838	2078	31	7	636	19	71	519	5	0.366897	1.11929e+06	0.00014518	
11776	13345	2784	37	33.7296	2062	30	10	626	22	90	495	4	1.85649	817027	6.96282e-05	
12100	13230	2785	25.338	25	2093	30	9	629	8	89	524	5	1.26731	1.39121e+06	5.44603e-05	
12070	12673	2700	34.4711	25	2048	31	7	624	15	81	530	5	0.562393	1.42962e+06	6.9056e-05	
12100	13325	2752	21.9359	25	2107	29	7	640	11	83	529	5	1.35099	1.60522e+06	5.35647e-05	
12100	13302	2758	32.1683	25.7499	2110	30	8	613	18	81	523	6	1.37648	1.14755e+06	5.80248e-05	
11996	12811	2795	31.1232	25	2135	29	6	617	12	79	520	5	0.854184	1.43791e+06	5.71363e-05	
12100	13080	2777	25.0674	25	2096	30	4	627	7	79	516	4	1.05709	1.54197e+06	5.51876e-05	
12043	13411	2770	34.1219	25	2079	29	6	640	10	82	530	5	1.60706	1.1358e+06	5.79408e-05	
12100	12585	2730	36.7361	33.2309	2114	32	9	606	21	67	481	5	0.419801	1.17017e+06	9.67586e-05	
12100	12554	2743	27.5306	35	2140	29	8	610	21	71	514	6	1.14956	1.2346e+06	5.82004e-05	
12100	12578	2723	25.6624	33.508	2095	31	8	632	14	66	501	5	0.372886	1.09904e+06	0.000122294	
11997	12550	2746	35.4875	33.8894	2121	29	7	622	20	67	510	5	0.503797	1.21536e+06	8.03277e-05	
11945	12593	2762	36.4431	29.1438	2122	31	8	627	4	84	509	5	0.627462	1.28682e+06	6.62164e-05	
11944	13435	2741	34.9754	29.7781	2079	29	8	649	10	88	518	4	1.74576	932925	6.33633e-05	
12087	12560	2735	36.9988	35	2066	29	9	649	25	65	520	6	0.404637	1.13993e+06	0.000101574	
12079	12550	2746	36.5491	33.8894	2121	30	7	622	23	79	510	5	0.403084	1.14505e+06	0.00010337	
12100	12756	2700	32.536	32.3196	2113	29	7	643	19	71	492	5	0.630026	1.25428e+06	7.0082e-05	
12085	13435	2741	36.7677	32.5094	2079	31	8	616	6	80	518	4	1.57327	862184	6.71998e-05	
12100	13371	2776	31.4787	25	2108	29	6	640	20	83	526	5	1.47977	1.18617e+06	5.63603e-05	
12024	13425	2800	31.4493	32.2809	2096	29	6	644	10	84	527	6	1.66424	949026	6.29763e-05	
11969	13496	2795	33.8592	29.4183	2017	29	7	614	12	90	518	5	1.83364	965417	6.21813e-05	
11903	12994	2745	36.3024	34.6841	2079	32	7	634	3	81	489	4	1.2014	851481	7.07614e-05	
11763	13235	2733	37	35	2007	29	10	628	10	78	519	4	1.68875	792209	7.1664e-05	
11985	13425	2800	32.343	32.1967	2096	31	8	644	10	84	527	6	1.7148	923995	6.39018e-05	
12032	12772	2763	36.3846	34.385	2146	32	8	650	2	83	450	6	0.754371	1.04224e+06	7.07064e-05	
12100	12550	2744	27.5124	33.976	2071	32	8	601	18	79	508	6	0.968393	1.42473e+06	5.56576e-05	
12100	13366	2796	22.1473	25	2091	30	10	639	6	80	530	5	1.43257	1.54006e+06	5.35992e-05	
12054	12643	2710	35.5805	35	2071	30	7	642	26	65	503	5	0.546469	1.19275e+06	7.62777e-05	
12069	12605	2718	36.2083	27.4736	2119	28	6	645	1	67	499	5	0.481349	1.31795e+06	7.97512e-05	
12100	12553	2779	36.9738	27.03	2014	29	7	632	15	84	505	5	0.385664	1.22101e+06	0.000106815	
12100	13411	2742	24.7301	25.0529	2107	29	6	634	12	83	529	5	1.49094	1.34301e+06	5.43213e-05	
12087	12560	2735	35.9518	35	2066	29	9	648	25	65	520	6	0.404072	1.12878e+06	0.000105608	
11985	13425	2800	31.1322	32.1967	2101	31	8	644	10	84	527	6	1.71265	939934	6.33955e-05	
12098	13383	2785	21.8243	25	2065	28	8	621	19	75	526	5	1.44883	1.57882e+06	5.34645e-05	
11975	13402	2774	31.6517	25.363	2000	30	10	633	12	75	530	5	1.67816	1.09536e+06	5.83669e-05	
11751	12851	2741	35.9177	26.2525	2067	29	9	649	15	89	524	5	1.19434	1.05781e+06	6.18314e-05	
12100	13037	2787	33.2567	25.0735	2068	31	8	628	8	83	500	5	1.0289	1.24885e+06	5.86098e-05	
12069	12584	2724	36.5967	34.4817	2016	32	9	646	8	72	503	5	0.455692	1.17863e+06	8.80359e-05	
12077	12554	2743	37	31.8088	2121	29	7	624	11	67	510	5	0.41049	1.18139e+06	9.81065e-05	
12100	12550	2705	31.8306	27.1989	2074	30	6	650	6	71	501	5	0.366509	1.09334e+06	0.000156128	
12097	12864	2748	37	25	2066	31	9	622	29	81	529	5	0.791137	1.31193e+06	6.0595e-05	
12022	12850	2754	33.025	26.095	2158	28	7	631	22	86	511	6	0.864115	1.32886e+06	5.86786e-05	
12006	13119	2780	25.7928	25	2084	29	5	642	15	76	524	5	1.23354	1.39278e+06	5.48847e-05	
12100	13411	2770	21	25	2107	29	6	640	10	82	530	5	1.46462	1.6673e+06	5.31124e-05	
12069	12628	2728	37	26.4685	2124	31	6	610	3	77	499	5	0.513122	1.38253e+06	7.32064e-05	
12048	12550	2746	26.756	34.8444	2100	30	8	618	20	65	515	4	0.421751	897518	0.000254259	
12100	12598	2726	37	27.03	2059	29	7	619	16	82	491	5	0.435991	1.28305e+06	8.84017e-05	
12005	12691	2765	34.6182	32.38	2029	29	10	629	3	74	522	6	0.680579	1.19817e+06	6.73038e-05	
11776	13334	2800	37	33.7296	2055	29	10	626	16	89	495	4	1.8518	820991	6.93001e-05	
11961	12778	2727	31.9679	25.6915	2055	28	7	637	1	79	530	4	0.834631	1.35808e+06	5.85823e-05	
12100	13318	2788	23.3276	25.3537	2110	30	6	621	13	77	530	5	1.37483	1.4687e+06	5.41067e-05	
11985	12763	2736	32.9349	26.9996	2084	29	7	618	13	79	521	5	0.789832	1.31565e+06	6.05144e-05	
12100	13222	2790	24.621	25.1048	2077	28	8	643	14	75	515	5	1.25375	1.44336e+06	5.44544e-05	
12002	13385	2789	29.8557	32.1967	2096	32	9	612	24	88	527	5	1.62586	955743	6.34437e-05	
12086	12550	2714	35.5939	34.8908	2160	29	8	618	15	84	516	6	0.389221	1.1079e+06	0.000112334	
12100	12896	2729	35.6935	34.2713	2138	30	8	643	23	65	528	5	0.823278	1.02113e+06	6.84322e-05	
12100	12550	2700	31.8054	25	2113	28	10	641	19	72	501	5	0.365789	1.10903e+06	0.000155352	
12097	12897	2717	37	34.2335	2128	31	9	623	23	69	523	6	0.825387	985983	6.95991e-05	
11948	13383	2790	21.8243	25	2106	28	9	621	12	75	530	5	1.63961	1.49344e+06	5.35303e-05	
12053	12578	2711	34.2644	35	2000	29	7	646	7	72	507	5	0.463715	1.16708e+06	9.19287e-05	
12079	12550	2730	37	25	2126	30	7	604	35	63	500	4	0.400954	1.29092e+06	9.7704e-05	
12092	13489	2796	35.9808	34.7741	2025	30	8	645	8	89	524	4	1.67153	836791	6.77415e-05	
11975	13402	2784	30.8678	25	2022	28	10	633	10	75	530	5	1.68269	1.13283e+06	5.69282e-05	
12002	12570	2736	36.9988	33.624	2079	31	10	627	24	83	508	6	0.522397	1.21363e+06	7.60746e-05	
12054	12695	2800	36.7689	25.9759	2160	31	7	650	8	81	497	5	0.634299	1.42044e+06	6.36335e-05	
11975	13419	2726	36.1205	35	2013	32	10	632	20	79	530	5	1.67733	802520	7.06314e-05	
12097	12897	2700	36.0462	34.107	2128	28	8	623	23	66	523	6	0.819723	1.01033e+06	6.87521e-05	
11504	12741	2724	36.5617	35	2000	30	9	643	3	71	519	5	1.33656	802190	7.35078e-05	
11944	13435	2747	35.4808	31.2016	2102	30	8	649	10	88	516	4	1.74998	895038	6.50195e-05	
12069	12578	2704	37	25.6214	2103	29	7	633	5	68	506	5	0.444908	1.32716e+06	8.46668e-05	
12009	13104	2749	25.3447	25	2140	30	4	630	11	79	522	4	1.19325	1.4293e+06	5.49874e-05	
12079	13500	2800	26.7409	25	2072	29	8	621	12	77	526	5	1.68605	1.24972e+06	5.48426e-05	
12100	12578	2706	34.3409	35	2004	31	6	647	7	72	513	5	0.405492	1.11231e+06	0.00011157	
12002	12560	2736	36.9988	35	2079	31	10	627	24	78	508	6	0.509545	1.19267e+06	7.84621e-05	
12100	12569	2753	28.8558	34.5038	2135	29	8	609	8	60	515	5	0.390663	960630	0.000211282	
11960	12773	2792	31.4062	25.2554	2040	29	8	619	14	82	516	5	0.848106	1.39186e+06	5.80788e-05	
12100	13383	2790	21.8243	25	2065	28	8	621	14	75	526	5	1.4489	1.58259e+06	5.33988e-05	
11953	12881	2750	37	34.1462	2079	31	7	631	4	81	489	4	0.992305	910522	7.00378e-05	
11851	13496	2779	32.9921	33.0407	2006	29	8	635	0	90	524	6	1.96815	880417	6.58718e-05	
12022	12850	2766	32.8447	26.095	2158	28	7	629	17	86	513	6	0.867635	1.33763e+06	5.84044e-05	
12100	13215	2738	34.143	28.8421	2080	29	9	642	25	76	519	5	1.25097	1.01794e+06	6.19425e-05	
12100	12550	2743	29.6267	33.3632	2098	32	9	606	18	60	494	5	0.366956	943841	0.000225073	
11841	13375	2716	36.8377	35	2005	31	9	646	11	72	507	5	1.7738	786467	7.2427e-05	
11985	13383	2790	21.8243	25	2106	28	8	613	12	80	530	5	1.59341	1.51763e+06	5.33163e-05	
12100	13120	2783	23.8248	25	2142	28	5	629	14	76	524	5	1.10457	1.6105e+06	5.42564e-05	
11960	13205	2725	29.1131	27.7132	2160	28	10	609	28	71	507	6	1.39405	1.10293e+06	5.95132e-05	
12100	12725	2718	36.1233	26.8462	2000	29	6	646	4	64	495	5	0.597646	1.38167e+06	6.68717e-05	
12100	13384	2722	21.8243	25	2092	28	6	622	18	86	530	5	1.41495	1.57402e+06	5.35877e-05	
12081	12597	2716	37	25	2056	30	4	625	29	71	530	4	0.456447	1.39662e+06	8.2176e-05	
12021	12550	2756	37	34.0438	2059	31	5	634	6	86	478	5	0.476811	1.21234e+06	8.29256e-05	
12100	12550	2720	30.691	34.2194	2054	28	8	623	6	70	501	5	0.366383	1.00016e+06	0.000185254	
12100	12550	2700	31.145	27.1989	2063	31	8	640	6	71	501	5	0.364601	1.06604e+06	0.000169895	
12078	12550	2734	35.902	35	2095	30	7	634	25	73	494	5	0.40218	1.12711e+06	0.000106372	
12071	13176	2746	34.143	28.8421	2080	30	7	631	12	75	519	5	1.23779	1.03039e+06	6.21736e-05	
12100	12569	2747	28.8558	34.7906	2063	29	8	609	8	60	515	5	0.389811	958663	0.000212044	
12050	12550	2728	37	30.1602	2135	28	7	614	23	66	481	5	0.436356	1.23032e+06	8.92459e-05	
11793	12550	2728	32.98	25.8557	2052	30	7	616	10	87	530	4	0.745545	1.35744e+06	6.08199e-05	
11933	12550	2743	37	33.3632	2098	32	8	606	18	60	504	5	0.582687	1.17504e+06	7.2881e-05	
12070	12819	2700	34.4711	25	2048	31	8	622	15	81	530	5	0.75023	1.37746e+06	6.03537e-05	
11985	13413	2790	21.8243	25	2106	28	8	633	20	82	529	5	1.63533	1.49904e+06	5.32879e-05	
12011	13350	2790	36.1124	34.2235	2103	30	9	617	19	74	508	4	1.57533	840523	6.85401e-05	
11776	13317	2800	37	33.7296	2055	29	10	623	16	89	495	4	1.82808	821387	6.93193e-05	
12040	12550	2740	34.1252	35	2120	32	8	611	6	72	508	5	0.448548	1.15207e+06	9.72195e-05	
12024	13425	2778	29.8557	32.1967	2096	31	8	644	10	84	527	5	1.64768	959407	6.30318e-05	
11908	12591	2706	35.5655	28.1652	2000	31	8	645	20	68	505	6	0.656309	1.26147e+06	6.6357e-05	
12021	12550	2700	36.7287	34.1707	2028	30	8	647	29	88	512	5	0.466996	1.18692e+06	8.42815e-05	
12100	12550	2722	29.5346	33.3894	2063	32	7	639	18	72	499	5	0.363904	946463	0.00022941	
12077	12554	2743	35.3434	35	2148	32	8	606	18	63	516	5	0.4095	1.12811e+06	0.00010618	
11908	12550	2720	36.5115	25.1034	2057	29	8	624	22	88	502	6	0.607879	1.41e+06	6.44787e-05	
12100	13031	2777	29.9859	25	2092	30	5	631	7	89	524	5	1.01113	1.38266e+06	5.59503e-05	
11883	13482	2800	32.0394	30.3891	2133	29	7	623	2	89	513	5	1.92205	967760	6.2027e-05	
12097	13383	2753	36.7381	34.9706	2149	29	8	615	18	80	528	6	1.49345	833351	6.8738e-05	
11840	13416	2793	37	34.6515	2095	30	9	629	24	79	508	5	1.88274	808933	7.00624e-05	
11827	13139	2717	36.5617	35	2000	32	9	643	7	72	513	4	1.47336	798008	7.249e-05	
12009	12885	2710	34.7927	35	2069	29	8	610	20	71	513	6	0.913669	947828	6.99105e-05	
11973	13500	2766	31.3673	30.7479	2035	29	8	623	4	88	524	5	1.81159	958851	6.24298e-05	
12029	13081	2725	34.7377	28.6862	2018	29	9	620	14	87	504	5	1.15341	1.02013e+06	6.29445e-05	
12100	13232	2771	25.2155	25	2096	30	5	630	10	81	517	4	1.26292	1.40786e+06	5.47645e-05	
11987	13154	2773	33.1569	27.5841	2120	30	7	628	21	79	530	4	1.32358	1.07255e+06	5.99916e-05	
12100	13120	2778	30.1248	25	2104	30	7	629	14	79	523	6	1.13269	1.29703e+06	5.63e-05	
12100	12550	2754	29.7291	34.1221	2108	30	8	606	18	63	523	4	0.368695	952243	0.000219298	
12100	12598	2740	37	30.528	2056	30	10	623	17	82	507	5	0.43823	1.21564e+06	8.97908e-05	
11698	12791	2709	34.2791	29.4078	2097	30	9	639	32	78	517	4	1.16414	974026	6.48971e-05	
11936	12866	2797	31.3673	29.7936	2035	29	8	641	8	76	524	5	1.00421	1.13246e+06	6.15915e-05	
11903	12994	2766	37	34.6841	2079	32	7	634	4	81	489	4	1.21095	847427	7.08516e-05	
12100	12550	2742	29.2062	33.7161	2050	30	10	610	23	60	494	5	0.365672	911083	0.000249938	
11857	13469	2741	37	35	2160	29	9	628	6	78	519	4	1.90005	798725	7.02938e-05	
12094	13001	2750	28.4691	25	2061	29	9	621	14	77	515	5	0.964292	1.40488e+06	5.65259e-05	
12018	12589	2733	37	32.7897	2032	30	8	600	15	72	505	4	0.526603	1.2233e+06	7.5392e-05	
12022	12850	2766	32.8447	26.095	2158	28	7	631	22	86	511	6	0.867635	1.33566e+06	5.84693e-05	
11429	13136	2720	36.5617	35	2066	32	9	643	7	69	514	5	1.94177	774909	7.44435e-05	
12100	12550	2715	29.1536	33.8845	2131	32	8	615	18	65	491	6	0.361922	902534	0.000254582	
12058	12567	2742	37	29.8755	2087	30	9	613	28	73	500	5	0.450592	1.23936e+06	8.6103e-05	
12100	13318	2785	24.9965	25.6201	2110	30	6	624	13	77	530	5	1.38674	1.35149e+06	5.47945e-05	
12081	13383	2743	36.7381	35	2149	29	8	615	18	80	528	6	1.50786	828910	6.8975e-05	
12100	12550	2700	31.2434	25	2109	28	7	625	21	70	514	5	0.364788	1.09273e+06	0.000166223	
12054	12698	2713	36.3911	27.5787	2160	31	6	647	14	71	505	5	0.618259	1.34887e+06	6.57289e-05	
11725	12893	2738	36.5832	34.9641	2027	32	6	616	14	67	508	5	1.28001	820410	7.29554e-05	
11962	12609	2738	35.4475	25.1054	2056	31	6	650	20	82	518	5	0.621204	1.44471e+06	6.39672e-05	
12100	13387	2717	36.5617	35	2000	31	9	643	9	68	514	5	1.47558	811152	7.10783e-05	
12097	13383	2743	36.7381	34.9706	2149	29	8	615	18	80	528	6	1.48802	831708	6.88705e-05	
12100	12550	2700	32.6271	26.0838	2062	31	7	628	17	71	513	5	0.36706	1.12192e+06	0.000143719	
12100	12550	2742	29.2062	34.3278	2050	30	10	610	21	60	494	4	0.365672	907775	0.000250501	
12027	13500	2800	35.0286	31.2626	2132	29	6	616	17	84	526	5	1.77084	926170	6.36335e-05	
11907	12603	2762	35.6955	25	2139	31	10	650	0	80	522	5	0.686822	1.38593e+06	6.14553e-05	
12100	12692	2737	35.7259	29.1438	2066	30	10	642	23	83	506	5	0.558658	1.30731e+06	7.08767e-05	
12015	13205	2725	34.072	27.7132	2160	29	10	609	8	70	507	5	1.33595	1.02636e+06	6.17703e-05	
12100	12551	2743	33.6461	35	2140	31	7	610	18	68	521	6	0.37551	1.0649e+06	0.000134862	
12025	13500	2800	31.3673	29.719	2154	30	7	623	5	85	517	5	1.76852	1.00682e+06	6.06244e-05	
11858	12593	2762	36.5127	29.7813	2026	31	9	627	16	82	509	5	0.734458	1.15638e+06	6.59674e-05	
11933	12550	2740	37	33.3632	2092	32	8	618	18	60	504	5	0.58205	1.17403e+06	7.29129e-05	
12100	12550	2700	30.6227	26.0838	2063	31	7	612	19	66	515	5	0.363544	1.05046e+06	0.000182682	
12100	13309	2743	35.248	35	2149	29	9	615	14	80	528	6	1.38208	852103	6.81617e-05	
12100	13269	2770	35.8629	34.7984	2055	29	10	619	15	89	495	5	1.34109	850312	6.86577e-05	
12065	12844	2783	36.9214	33.787	2135	29	8	616	34	64	512	6	0.814669	1.02716e+06	6.85683e-05	
11850	12793	2761	36.2646	34.4144	2156	30	8	629	24	79	508	5	1.00588	912870	6.94637e-05	
12100	13383	2790	32.8095	25	2075	28	8	621	15	74	530	5	1.50614	1.15873e+06	5.70646e-05	
11776	12664	2800	37	33.7296	2055	29	10	626	16	89	495	4	0.940136	936002	6.93145e-05	
12003	12550	2732	37	26.7136	2129	31	6	645	3	72	499	5	0.494751	1.35942e+06	7.57117e-05	
11968	13146	2780	29.2996	26.0421	2037	28	5	615	19	84	514	4	1.33199	1.20304e+06	5.7205e-05	
12012	12879	2763	34.9661	35	2086	29	8	631	22	67	516	5	0.91998	961877	6.91372e-05	
11985	13425	2793	31.0203	32.1967	2101	31	8	644	10	84	527	6	1.70815	940192	6.34357e-05	
12100	12550	2744	30.8177	33.3023	2108	32	8	601	18	79	508	6	0.369883	1.0134e+06	0.00018044	
12033	13243	2766	26.287	25.3556	2020	29	8	643	15	75	524	5	1.3654	1.28346e+06	5.58597e-05	
12100	12550	2715	29.7962	33.1236	2138	32	8	613	20	65	492	5	0.363643	955139	0.000217344	
12024	12550	2755	37	30.9757	2051	29	7	615	5	89	502	4	0.472922	1.24285e+06	8.188e-05	
12042	13283	2757	31.8878	25.6308	2129	28	7	628	11	88	517	4	1.42168	1.15145e+06	5.73526e-05	
12086	12895	2743	37	34.235	2153	29	8	612	6	80	520	5	0.844286	996496	6.84463e-05	
11762	12606	2773	36.9387	34.5547	2041	31	8	628	14	75	505	4	0.872159	935303	7.13063e-05	
11496	13144	2714	36.5617	34.8411	2076	31	9	624	18	71	500	5	1.8702	779254	7.397e-05	
12017	12785	2793	36.1272	33.9695	2140	29	8	634	24	76	518	6	0.798596	1.06209e+06	6.75265e-05	
11964	12727	2775	33.8398	25	2028	30	8	621	14	81	510	5	0.780709	1.37677e+06	5.9805e-05	
11835	12608	2716	37	33.06	2056	30	4	625	35	67	530	4	0.769331	1.03749e+06	6.95217e-05	
11943	12550	2737	36.8452	34.406	2117	30	7	637	16	80	510	5	0.569121	1.18972e+06	7.29235e-05	
11936	13500	2779	31.3673	30.7479	2035	29	8	623	4	88	524	5	1.86607	958037	6.24259e-05	
11802	12965	2796	37	35	2030	30	5	625	8	75	524	4	1.30992	841152	7.05169e-05	
11961	12719	2737	34.0693	25.9414	2067	31	10	640	0	79	530	5	0.763523	1.31909e+06	6.0757e-05	
11960	12626	2786	33.506	29.9355	2112	29	9	621	23	87	514	5	0.655051	1.30851e+06	6.56599e-05	
11945	12550	2747	35.6592	29.2998	2023	31	10	625	23	84	483	6	0.568055	1.29197e+06	7.05467e-05	
12100	12635	2736	35.8191	34.0985	2145	30	6	625	14	68	482	6	0.484686	1.20808e+06	8.39067e-05	
12026	13396	2753	36.6264	32.924	2111	30	9	628	21	82	505	5	1.59948	854097	6.75174e-05	
12100	13152	2754	37	29.1438	2048	29	10	625	24	83	513	4	1.17483	982448	6.37105e-05	
12100	12726	2743	35.5379	34.2841	2128	30	7	611	5	69	514	6	0.604062	1.19942e+06	7.15461e-05	
12100	12550	2702	37	29.7097	2159	31	6	637	24	72	509	5	0.371186	1.15976e+06	0.000111173	
12100	12550	2724	29.5461	35	2120	30	7	603	18	80	511	4	0.364202	933777	0.000229938	
11445	13274	2709	36.5617	35	2072	32	9	643	7	69	516	4	2.09993	771844	7.43605e-05	
12100	12550	2715	29.1536	32.7072	2131	32	8	633	17	66	491	5	0.361922	911252	0.0002531	
12095	12838	2746	36.1057	28.9277	2130	29	6	643	24	82	512	6	0.758274	1.2391e+06	6.29327e-05	
12100	13120	2785	29.9859	25	2058	30	5	631	12	89	524	5	1.1352	1.31323e+06	5.6013e-05	
11879	12712	2730	37	34.4355	2099	31	7	622	19	80	485	5	0.854405	946793	7.11946e-05	
11882	13083	2766	28.4193	27.9309	2132	30	8	644	2	90	505	4	1.34323	1.12791e+06	5.90772e-05	
12097	13010	2717	37	34.233	2128	28	9	624	23	65	511	6	0.974065	916582	6.95749e-05	
11874	12550	2710	36.1423	25.028	2052	29	8	624	24	90	511	6	0.646414	1.39565e+06	6.29644e-05	
12100	13104	2774	29.4778	25.0927	2096	30	4	628	10	81	530	4	1.10764	1.34183e+06	5.58129e-05	
12083	12550	2731	28.1616	34.6528	2127	28	8	600	18	77	507	5	0.381919	890012	0.000263574	
12079	12600	2716	37	25	2067	30	7	633	35	67	475	4	0.462739	1.37393e+06	8.10964e-05	
11445	13274	2713	36.5617	35	2072	32	9	643	7	69	516	4	2.10303	772446	7.42997e-05	
11965	12944	2756	29.5674	28.1162	2039	28	6	615	25	82	514	4	1.05343	1.2042e+06	5.94919e-05	
12092	13489	2796	37	35	2025	30	8	635	8	89	524	4	1.67209	823156	6.8573e-05	
12100	12550	2723	35.5939	33.8716	2160	29	8	618	15	84	516	6	0.37327	1.09671e+06	0.000120265	
12100	12550	2700	31.0743	26.0838	2063	31	7	641	19	70	515	5	0.364465	1.07802e+06	0.000170736	
11776	13317	2799	37	33.7296	2055	29	10	623	16	89	495	4	1.82743	821247	6.93337e-05	
12100	13369	2790	24.621	25.1048	2079	28	8	642	14	75	515	5	1.4576	1.36196e+06	5.44218e-05	
12090	12550	2758	37	30.9757	2027	29	7	640	5	90	502	5	0.391355	1.17107e+06	0.000105319	
12100	13303	2773	36.1899	32.7436	2126	30	9	626	21	82	508	5	1.38957	887353	6.63658e-05	
12100	13230	2785	25.338	25	2093	29	8	627	8	89	524	5	1.26731	1.40703e+06	5.41888e-05	
12048	13311	2740	35.6255	34.251	2089	31	6	621	12	89	515	4	1.44792	856434	6.8106e-05	
12100	12609	2743	35.9498	35	2140	29	8	611	14	70	514	6	0.452358	1.17315e+06	9.11079e-05	
11447	13167	2717	37	35	2010	32	9	646	7	69	524	5	1.96033	770126	7.47608e-05	
11853	12761	2753	31.4729	25.6915	2074	28	7	637	2	78	530	4	0.951787	1.28994e+06	5.81429e-05	
12100	12552	2756	30.273	35	2118	30	8	606	19	63	512	4	0.372884	985494	0.000193648	
12024	13130	2767	35.4247	33.9013	2096	31	8	644	10	84	527	6	1.2444	892228	6.72585e-05	
11756	12550	2753	32.3305	25.6796	2081	30	8	615	20	82	526	6	0.796299	1.34853e+06	5.9988e-05	
12087	12859	2772	32.8424	25	2066	31	9	628	29	76	515	5	0.800271	1.38886e+06	5.91261e-05	
12097	12550	2723	36.8452	34.406	2132	31	7	643	16	80	514	5	0.377696	1.11516e+06	0.000112007	
12082	12550	2700	36.7287	34.1707	2028	31	8	647	27	88	514	5	0.392762	1.12901e+06	0.000105197	
12086	12978	2742	31.1101	26.5965	2100	30	10	633	20	81	495	4	0.947567	1.24809e+06	5.93965e-05	
12038	12550	2704	35.614	25.997	2160	30	8	644	2	70	497	4	0.446352	1.29368e+06	8.74585e-05	
11960	13205	2725	29.1131	26.9367	2160	28	10	609	28	70	507	5	1.39405	1.12592e+06	5.88132e-05	
11958	12695	2749	35.9643	34.4355	2104	31	7	635	19	60	485	5	0.740793	1.04177e+06	7.13572e-05	
11868	12724	2740	37	33.7429	2119	29	6	609	5	61	508	5	0.886552	951668	7.03383e-05	
12092	13489	2796	37	35	2025	29	8	635	8	89	524	4	1.67209	824486	6.84182e-05	
12100	12942	2782	29.0571	25.0309	2121	29	8	632	10	76	509	5	0.890216	1.46082e+06	5.67666e-05	
12024	12550	2743	37	30.9757	2051	29	7	615	8	81	502	4	0.470862	1.24091e+06	8.20749e-05	
11987	13203	2800	35.1258	31.5609	2011	32	9	636	28	83	518	4	1.40613	908745	6.57203e-05	
12010	12550	2725	25.4966	35	2066	29	9	612	19	63	472	5	0.458591	901295	0.000249252	
12021	13341	2785	21.8869	25	2080	29	6	636	4	83	530	5	1.48798	1.54703e+06	5.34388e-05	
11445	12618	2717	36.5617	35	2000	32	9	634	4	69	507	4	1.24351	796986	7.50525e-05	
12086	12553	2743	36.7464	34.235	2145	29	8	612	6	80	520	6	0.397929	1.13716e+06	0.000104668	
11976	12816	2783	36.9214	33.787	2103	29	8	637	34	64	512	6	0.888644	972528	6.90417e-05	
11984	12776	2737	35.6606	25.6915	2061	31	10	637	0	79	530	4	0.811051	1.26018e+06	6.09088e-05	
11310	13190	2706	36.176	35	2076	32	9	635	24	63	494	5	2.14039	765152	7.62195e-05	
11969	13496	2795	32.9921	29.4183	2006	29	7	614	12	90	518	5	1.83257	976092	6.18238e-05	
12021	13341	2785	21.6632	25	2091	29	7	636	4	83	530	5	1.48483	1.56843e+06	5.33789e-05	
12100	13024	2797	25.5717	25	2096	29	4	627	10	80	520	5	0.991431	1.57479e+06	5.54017e-05	
12054	12640	2765	36.1943	25	2160	31	5	647	20	71	510	5	0.554041	1.47255e+06	6.86625e-05	
12067	12969	2759	35.3154	28.5291	2089	29	7	638	10	77	510	4	0.970575	1.11094e+06	6.21968e-05	
11858	12595	2743	33.03	25.1004	2059	32	10	612	20	83	530	5	0.728872	1.37691e+06	6.09756e-05	
11847	12737	2781	37	35	2087	30	9	633	28	73	499	5	0.942923	907103	7.11693e-05	
12085	13435	2726	36.7677	32.5094	2079	31	8	616	6	80	518	5	1.56467	861214	6.74127e-05	
11857	12880	2739	37	35	2005	29	9	638	6	78	519	4	1.10409	854290	7.09673e-05	
11964	13307	2746	34.143	28.8421	2080	30	10	642	12	75	521	5	1.54792	965191	6.26881e-05	
12100	12594	2735	33.1939	34.7309	2153	32	9	637	15	83	491	5	0.429144	1.1229e+06	0.000108956	
12100	13500	2776	24.7301	25	2107	29	6	640	12	82	524	5	1.6337	1.32391e+06	5.40833e-05	
11961	12778	2737	34.4591	25.6915	2067	31	6	637	1	79	530	4	0.840872	1.2988e+06	6.0107e-05	
12100	13120	2783	23.8248	25	2142	28	5	629	12	76	524	5	1.10457	1.61057e+06	5.42535e-05	
12100	12927	2790	29.1949	25	2065	28	9	621	11	75	526	5	0.872944	1.46665e+06	5.6638e-05	
11940	13500	2788	32.9921	28.5123	2006	29	8	635	5	76	526	5	1.86976	990502	6.13234e-05	
12100	12550	2701	31.145	27.1989	2063	31	8	640	6	71	501	5	0.364736	1.06628e+06	0.000169866	
12100	13258	2787	25.4158	25	2155	31	9	627	7	83	523	5	1.30733	1.37179e+06	5.45554e-05	
11784	12737	2778	37	33.9808	2087	30	9	634	28	74	501	5	1.01924	895383	7.03631e-05	
11911	13329	2744	36.0559	34.5642	2092	30	8	623	5	80	518	4	1.64334	823709	6.93818e-05	
11943	12550	2737	36.8452	34.406	2140	30	7	637	16	80	514	5	0.569121	1.19181e+06	7.27908e-05	
11671	13064	2702	36.6677	35	2058	31	8	644	9	70	503	5	1.55124	790982	7.33084e-05	
11961	12913	2726	34.549	25.3287	2067	31	10	637	13	79	530	4	1.0143	1.16584e+06	6.01323e-05	
11960	13205	2740	29.1131	26.9367	2160	28	10	609	28	70	513	5	1.40173	1.13065e+06	5.84659e-05	
11776	12664	2773	37	33.7296	2055	29	10	626	16	70	495	4	0.93107	920928	7.05667e-05	
12024	13165	2788	32.9921	27.8078	2077	29	8	635	5	76	526	5	1.29929	1.07262e+06	5.99628e-05	
12100	12550	2754	29.6267	33.5325	2101	31	9	606	11	60	522	5	0.368427	947536	0.000224266	
12021	13341	2785	21.6632	25	2091	29	6	636	4	83	530	5	1.48483	1.57327e+06	5.33419e-05	
11935	13039	2732	29.1131	27.6944	2116	28	10	609	14	66	514	5	1.20568	1.1424e+06	5.96623e-05	
12100	12550	2700	33.3799	35	2062	31	7	628	17	73	516	5	0.368045	1.05226e+06	0.000139567	
12100	13325	2752	21.9359	25	2107	29	7	640	18	83	529	5	1.35099	1.60382e+06	5.35906e-05	
11840	13241	2775	36.1124	32.924	2156	30	9	624	22	77	530	5	1.62816	858657	6.72993e-05	
12100	12554	2743	37	29.2839	2041	32	8	626	11	70	510	5	0.381967	1.1785e+06	0.00010791	
12024	13425	2800	33.5589	32.6139	2096	29	6	644	7	84	512	5	1.66744	912664	6.45203e-05	
11975	13378	2726	36.1205	35	2020	32	10	632	20	79	530	5	1.62135	805238	7.05816e-05	
12100	12550	2700	31.2434	25	2109	28	7	625	21	71	514	5	0.364788	1.09386e+06	0.000166196	
12098	13383	2790	21.8243	25	2065	28	8	621	19	75	526	5	1.45143	1.58025e+06	5.3416e-05	
12054	12591	2704	36.3125	25.7349	2001	31	8	637	5	71	504	6	0.479397	1.34909e+06	7.90514e-05	
11884	13500	2781	34.449	32.3189	2016	29	8	635	0	90	529	6	1.93612	882701	6.54965e-05	
12100	12554	2730	37	28.3114	2062	32	8	602	14	78	493	6	0.380157	1.18973e+06	0.00010777	
12100	12550	2722	35.5939	33.8716	2160	29	10	618	15	84	516	6	0.373133	1.09415e+06	0.000120294	
12100	13263	2776	31.6199	34.1081	2089	29	8	607	20	67	515	5	1.33077	925344	6.63262e-05	
12089	12616	2707	37	26.9013	2122	31	6	635	0	72	504	5	0.469386	1.3282e+06	8.03536e-05	
12083	13033	2750	28.4691	25	2086	29	9	621	14	77	515	5	1.02079	1.37286e+06	5.62936e-05	
12065	12550	2768	36.9214	33.787	2103	29	8	616	34	65	512	6	0.423995	1.17321e+06	9.57396e-05	
12100	12550	2715	29.1536	33.1236	2138	32	9	613	20	72	491	5	0.361922	908327	0.000253229	
12042	13283	2758	29.5986	25.2129	2087	28	7	628	11	88	527	4	1.41729	1.20651e+06	5.59534e-05	
12048	12550	2720	26.756	34.8444	2102	31	8	618	20	64	515	5	0.417758	892074	0.000255754	
12083	12906	2750	28.4691	25	2060	29	9	621	14	77	515	5	0.851455	1.47108e+06	5.77567e-05	
11960	12742	2788	31.4062	25.7684	2094	29	8	621	14	81	513	5	0.805671	1.40411e+06	5.87855e-05	
11880	12550	2736	35.5939	33.8716	2092	29	7	618	16	76	511	6	0.644967	1.15518e+06	7.00329e-05	
12079	12705	2718	37	26.2046	2095	29	8	632	35	68	476	5	0.598071	1.37467e+06	6.64275e-05	
11969	13478	2795	33.8592	29.4183	2017	30	8	616	12	89	518	5	1.80828	959199	6.24532e-05	
11429	13136	2720	36.5617	35	2066	32	9	643	7	71	514	5	1.94177	775636	7.43163e-05	
11854	12550	2700	32.5132	34.9949	2062	31	7	636	20	71	503	5	0.664417	1.14833e+06	7.15001e-05	
11944	13435	2741	35.4808	29.7781	2079	30	8	649	8	86	518	4	1.74616	925155	6.38855e-05	
12100	13350	2790	34.3764	33.3137	2051	30	9	617	20	79	504	4	1.46199	885752	6.65026e-05	
12022	13018	2713	36.0349	33.3527	2116	28	8	622	23	63	481	5	1.07445	903950	6.96185e-05	
12069	13500	2772	36.2047	28.0456	2093	29	7	638	8	77	525	5	1.70151	989104	6.1736e-05	
11876	13304	2717	36.5617	35	2017	32	8	646	7	69	514	5	1.63594	795949	7.22387e-05	
12100	12550	2714	29.1536	33.1236	2138	32	8	621	20	65	491	5	0.361789	906558	0.000253743	
12100	13120	2766	23.8248	25	2142	28	5	624	14	74	513	5	1.09782	1.60176e+06	5.47615e-05	
12100	12550	2726	29.1536	32.7072	2131	32	7	632	17	66	491	5	0.363389	914017	0.000252589	
12097	12550	2736	36.8452	34.2527	2132	31	7	639	16	68	514	5	0.379499	1.11937e+06	0.000111632	
12029	13081	2737	33.4661	28.1845	2018	31	9	611	20	70	516	4	1.15717	1.04337e+06	6.27746e-05	
12006	12550	2758	37	31.6592	2035	29	7	615	14	90	502	5	0.495745	1.24864e+06	7.82901e-05	
12027	12560	2732	36.9988	32.2965	2066	29	10	623	26	65	504	6	0.47811	1.22112e+06	8.14067e-05	
12100	12550	2702	33.1192	26.0582	2152	31	9	642	7	70	502	5	0.367995	1.13114e+06	0.000137589	
12100	13052	2755	37	29.1438	2048	29	10	627	22	83	500	4	1.04032	1.01643e+06	6.40123e-05	
11960	13224	2721	29.1131	26.9367	2160	28	10	600	27	70	507	6	1.41755	1.12298e+06	5.8931e-05	
11889	12550	2734	35.5939	33.8716	2091	29	7	618	16	80	519	6	0.633559	1.16866e+06	7.00427e-05	
12010	12550	2725	25.4966	35	2091	30	9	610	20	63	472	5	0.458591	900535	0.000249439	
12019	12773	2792	31.4062	25.2554	2040	29	8	619	14	82	516	5	0.774241	1.4455e+06	5.89727e-05	
12054	12825	2708	30.5384	25	2160	31	6	646	14	71	517	5	0.773927	1.4662e+06	5.92874e-05	
11688	12761	2700	31.3258	26.5384	2095	28	7	636	20	71	515	5	1.12931	1.12925e+06	6.06649e-05	
12025	13007	2778	31.155	29.2024	2132	29	7	622	0	83	515	5	1.07563	1.13964e+06	6.03318e-05	
12100	12608	2716	37	25	2056	30	4	625	35	67	530	4	0.447188	1.38754e+06	8.44238e-05	
12098	13383	2790	21.8243	25	2065	28	8	621	19	75	528	5	1.45143	1.58132e+06	5.33561e-05	
12100	12550	2754	29.6267	33.5325	2101	31	9	606	11	60	491	5	0.368427	945294	0.000224669	
12100	12553	2768	36.9738	27.03	2014	30	7	629	15	80	505	5	0.384137	1.21965e+06	0.000107032	
12100	12550	2715	29.1536	33.1236	2138	32	8	613	20	65	491	5	0.361922	905509	0.000253807	
12004	12598	2740	37	28.9091	2056	29	7	632	8	88	496	5	0.556794	1.3142e+06	6.97642e-05	
12079	12705	2736	37	26.2046	2095	30	8	632	35	86	473	4	0.602031	1.3758e+06	6.58501e-05	
11876	13274	2717	36.5617	35	2017	32	9	646	7	69	514	5	1.59544	794751	7.23223e-05	
12100	12554	2709	35.4215	34.0914	2043	28	9	643	19	68	510	5	0.376312	1.09647e+06	0.00011909	
12100	12550	2744	30.691	34.2194	2054	28	8	623	6	68	495	5	0.369616	1.00563e+06	0.000184536	
12100	12578	2720	34.3827	35	2000	31	6	647	7	71	514	5	0.40763	1.11686e+06	0.000111037	
12025	13006	2786	31.155	29.2024	2132	28	7	624	5	83	515	5	1.07737	1.14361e+06	6.00709e-05	
11853	12778	2747	31.4729	25.6915	2074	28	7	634	1	78	530	4	0.972006	1.27466e+06	5.82106e-05	
12083	12550	2741	28.1616	34.6707	2125	28	8	600	18	66	519	5	0.383318	889937	0.000263435	
11958	12695	2749	35.9643	29.0606	2104	31	7	635	19	89	485	5	0.740793	1.20966e+06	6.45745e-05	
12100	12608	2711	37	25	2056	30	4	625	18	67	530	4	0.446365	1.38485e+06	8.44951e-05	
12100	13103	2737	37	27.7433	2048	29	10	627	17	79	500	4	1.10176	1.03126e+06	6.31672e-05	
12100	13435	2789	21.8243	25	2092	29	6	614	17	86	529	5	1.52108	1.55499e+06	5.31745e-05	
11849	12696	2745	36.1735	30.9757	2046	29	9	613	5	90	502	5	0.87435	1.03344e+06	6.63482e-05	
11949	13077	2714	34.6173	34.8411	2076	31	7	624	14	71	509	5	1.24069	857860	7.01459e-05	
12044	13500	2794	31.9398	33.279	2035	29	9	623	22	86	522	5	1.74186	901678	6.48004e-05	
11965	12944	2765	29.5674	28.1162	2027	28	6	615	19	82	514	4	1.05687	1.20539e+06	5.94354e-05	
11841	12717	2787	35.8855	25.3628	2040	29	8	633	11	71	513	4	0.925225	1.202e+06	6.10986e-05	
12100	12569	2747	28.8558	33.9189	2063	32	7	609	8	60	515	5	0.389811	963073	0.00021164	
12097	13010	2717	37	34.233	2128	28	10	624	28	65	508	6	0.974065	913820	6.97107e-05	
12079	12550	2723	37	32.1719	2083	31	10	635	24	86	520	5	0.399926	1.15818e+06	0.000101327	
12100	13120	2785	29.9859	25	2092	30	5	631	10	89	524	5	1.1352	1.31743e+06	5.58347e-05	
12100	13352	2784	23.3653	25	2145	29	6	622	17	82	518	5	1.42041	1.46114e+06	5.3697e-05	
12029	13081	2737	37	28.1845	2018	30	9	611	20	87	516	4	1.15998	1.00274e+06	6.3674e-05	
11840	12550	2700	36.7287	34.1707	2028	31	8	647	29	88	514	5	0.685054	1.07078e+06	7.07914e-05	
12079	12764	2706	32.4498	27.0173	2115	31	8	632	17	67	473	4	0.667321	1.36694e+06	6.51763e-05	
12011	13228	2753	32.249	29.9261	2072	31	9	644	4	88	480	4	1.38355	977587	6.34437e-05	
12047	12695	2749	35.9643	30.8645	2074	31	7	635	19	60	485	5	0.630967	1.23252e+06	6.91037e-05	
11848	13469	2800	35.1712	29.719	2154	29	7	630	5	89	513	5	1.95097	944644	6.30199e-05	
12021	13341	2785	21.8869	25	2080	29	6	636	8	83	530	5	1.48798	1.54647e+06	5.34531e-05	
12100	13365	2765	21.6372	25	2107	29	6	640	12	83	529	5	1.40839	1.61454e+06	5.33134e-05	
12045	12550	2700	32.5132	35	2062	31	7	636	20	71	503	5	0.433946	1.11933e+06	0.000108483	
11751	12793	2741	35.9177	26.2525	2051	29	9	650	15	89	524	5	1.11814	1.07369e+06	6.1908e-05	
12100	12554	2722	30.691	34.216	2087	28	8	600	12	68	519	5	0.371761	1.00742e+06	0.000178253	
11504	13387	2712	37	35	2000	31	9	641	7	75	514	5	2.18652	770340	7.4151e-05	
12019	12809	2726	35.3895	35	2062	29	8	627	0	81	496	5	0.807793	1.00707e+06	6.97301e-05	
12020	12563	2744	36.5967	34.4817	2016	32	7	642	8	72	503	5	0.492518	1.20356e+06	8.12216e-05	
12019	12736	2726	37	35	2048	29	7	632	0	81	496	5	0.713723	1.05283e+06	7.06364e-05	
11947	13006	2755	35.1547	25.837	2043	29	10	650	19	66	516	5	1.16699	1.09278e+06	6.11509e-05	
12100	13224	2792	35.9808	35	2115	28	8	645	14	85	524	4	1.2896	870883	6.744e-05	
12100	13411	2776	24.7301	25	2107	29	6	640	12	83	529	5	1.50942	1.35188e+06	5.392e-05	
12093	12550	2710	34.7927	35	2096	29	8	615	20	70	513	6	0.379446	1.08391e+06	0.00012161	
11907	12550	2740	35.5939	33.8716	2060	29	7	621	16	80	488	6	0.613003	1.1782e+06	7.12708e-05	
12061	13470	2772	32.5688	25.596	2127	28	9	626	19	76	514	5	1.66597	1.10573e+06	5.79005e-05	
11874	12550	2722	36.1423	25.028	2081	30	9	621	24	90	516	6	0.649277	1.38846e+06	6.2822e-05	
11903	12804	2790	36.4291	33.8534	2101	29	6	609	15	89	508	5	0.965539	957252	6.81617e-05	