11678	13000	2735	34.2933	30.8526	2088	32	6	638	26	71	495	4	1.47481	907573	6.749e-05	
12016	12959	2718	35.4781	34.7975	2070	28	6	620	21	68	498	5	1.00553	912625	7.00869e-05	
11636	12775	2746	36.4094	30.4681	2083	29	7	631	24	72	479	6	1.23496	913187	6.832e-05	
12070	13167	2780	28.2608	29.3239	2132	28	5	609	14	85	514	4	1.22998	1.16599e+06	5.90249e-05	
11771	13183	2754	32.1697	31.6653	2029	29	10	609	1	77	521	5	1.61669	915462	6.53509e-05	
11584	12859	2711	30.7753	32.788	2068	28	6	608	10	73	492	5	1.38276	919930	6.76361e-05	
11631	12599	2793	32.6586	32.3784	2010	31	10	649	30	84	491	4	1.02538	974634	6.76682e-05	
11908	12871	2729	32.941	25.1034	2008	31	8	626	26	81	513	5	1.02293	1.20299e+06	6.00384e-05	
12034	12887	2741	36.7496	34.4558	2108	32	9	617	23	67	474	5	0.897273	928708	7.18133e-05	
11848	12591	2738	32.2694	32.2951	2036	29	8	624	22	67	464	6	0.733436	1.16032e+06	6.85495e-05	
11844	13438	2711	23.9156	25.991	2078	29	9	605	2	77	512	5	1.81546	1.25294e+06	5.69638e-05	
11916	12928	2775	34.3635	28.2246	2088	32	7	617	22	71	511	5	1.10822	1.06035e+06	6.31114e-05	
11874	13068	2769	35.2981	25.5479	2049	28	5	636	25	86	497	4	1.34675	1.11154e+06	6.05473e-05	
12015	13310	2729	29.6986	34.8478	2115	31	7	624	20	68	510	5	1.47242	907441	6.76407e-05	
12079	12822	2780	35.3378	30.9753	2141	32	7	636	20	61	486	5	0.765905	1.15317e+06	6.65912e-05	
11573	12904	2794	34.2725	33.4909	2060	30	9	647	23	66	502	4	1.50428	854601	6.97156e-05	
11863	13389	2791	29.9326	30.9887	2024	32	7	610	31	83	521	5	1.80594	963776	6.35122e-05	
12072	13092	2800	29.8567	30.1546	2053	30	7	604	31	62	485	6	1.13802	1.10116e+06	6.30955e-05	
11434	13133	2782	35.1798	34.3111	2031	29	9	630	18	78	516	5	1.97507	816708	7.09824e-05	
12050	12959	2796	33.1986	25.0735	2109	31	8	628	8	83	468	5	0.989308	1.25312e+06	5.95983e-05	
12078	12821	2759	36.3946	26.8578	2031	29	10	620	10	65	482	5	0.760738	1.2389e+06	6.35243e-05	
11992	13217	2738	32.7593	34.541	2087	30	6	604	6	63	487	4	1.38523	876130	6.9377e-05	
11575	12859	2783	33.9647	30.57	2042	31	5	623	13	76	529	6	1.43532	940827	6.57246e-05	
11881	12771	2793	33.2122	33.2645	2092	31	6	611	11	78	516	5	0.946956	1.02448e+06	6.65247e-05	
11976	12739	2740	36.8748	29.0235	2105	32	10	633	4	61	499	5	0.774111	1.1229e+06	6.64761e-05	
12058	13259	2766	29.373	27.5989	2154	30	4	635	18	62	521	5	1.36791	1.15411e+06	5.87786e-05	
11944	13213	2773	31.4085	30.1627	2052	31	5	607	1	89	528	4	1.45483	1.00507e+06	6.22626e-05	
11514	13174	2729	33.0726	30.5812	2068	29	9	645	25	72	525	5	1.8966	905020	6.59761e-05	
11882	12879	2708	29.1777	28.6683	2118	30	9	641	7	64	516	5	1.04929	1.15046e+06	6.15044e-05	
11911	12718	2713	35.0781	25.4408	2110	31	7	619	34	72	485	4	0.817015	1.26076e+06	6.23053e-05	
11770	12754	2768	29.9167	33.5068	2089	32	7	618	17	68	524	5	1.04586	1.01678e+06	6.68047e-05	
11855	13027	2743	30.7798	33.5577	2107	30	6	635	13	77	521	6	1.29625	943661	6.60197e-05	
11989	13442	2782	21.0217	25.0309	2014	29	4	621	12	76	524	5	1.65374	1.56825e+06	5.40249e-05	
11853	12720	2711	35.4825	33.7635	2160	31	4	627	35	75	520	4	0.889173	981724	6.88705e-05	
12086	13427	2756	27.9034	28.3784	2115	28	6	646	19	74	490	5	1.55438	1.11143e+06	5.93261e-05	
12046	13483	2751	36.8814	29.5584	2068	29	5	642	25	76	516	5	1.69392	945559	6.4156e-05	
11626	12786	2732	35.5728	33.8522	2127	32	5	626	22	87	503	5	1.25438	863432	7.02198e-05	
11948	12581	2733	32.98	31.4437	2027	32	7	613	20	87	522	5	0.598644	1.2739e+06	7.10278e-05	
11802	12742	2722	36.6214	30.9324	2049	32	9	610	0	81	519	4	0.983389	956710	6.77415e-05	
12086	13281	2783	32.2974	30.9534	2120	30	9	603	34	63	494	5	1.37774	974684	6.42632e-05	
11809	12941	2783	35.9618	28.9907	2008	30	8	616	17	67	525	5	1.26231	968729	6.48761e-05	
12012	12916	2716	33.748	26.1382	2025	29	9	629	21	88	496	4	0.951607	1.18612e+06	6.06061e-05	
11827	12739	2798	32.3542	26.7544	2137	32	10	629	20	65	491	5	0.971722	1.17097e+06	6.17551e-05	
11773	13266	2755	29.8557	31.3057	2158	31	8	645	20	70	527	5	1.72321	960371	6.36335e-05	
11662	13234	2768	24.4041	25.8162	2044	31	7	623	15	83	502	5	1.79742	1.22915e+06	5.78102e-05	
12097	12554	2754	34.7816	34.0914	2135	32	8	606	18	65	516	6	0.385783	1.10141e+06	0.00012025	
12039	13016	2744	33.3625	32.4407	2071	28	5	640	23	61	495	5	1.06065	992825	6.64894e-05	
11594	13220	2701	33.5203	34.2686	2001	31	9	650	8	88	501	4	1.84562	820648	7.07764e-05	
11320	13083	2763	35.8924	34.7777	2015	31	8	624	12	74	504	6	2.02842	789854	7.38934e-05	
11811	13034	2738	35.4877	34.6526	2101	29	8	619	35	69	506	5	1.36279	836405	7.04871e-05	
11985	13343	2700	31.2434	33.0318	2039	28	6	605	17	73	481	6	1.54092	909091	6.71096e-05	
12059	13057	2748	33.6987	25.9271	2141	28	7	634	20	74	476	5	1.09274	1.17074e+06	6.02337e-05	
11911	12655	2728	33.2822	27.1606	2005	30	10	613	20	71	452	5	0.738197	1.25547e+06	6.4834e-05	
12013	13485	2798	35.3409	33.657	2128	30	7	606	23	86	472	6	1.76627	858134	6.78702e-05	
11748	13089	2765	28.8578	28.9846	2076	28	6	648	27	82	511	6	1.51599	1.06218e+06	6.06907e-05	
11808	12936	2760	31.2577	26.2747	2079	29	7	647	15	61	524	6	1.24076	1.13541e+06	5.96944e-05	
11394	12797	2779	29.1853	30.6253	2110	28	9	647	3	85	523	4	1.55773	992619	6.32151e-05	
11871	12949	2753	35.8113	33.9908	2087	32	4	640	12	67	516	5	1.18368	887021	6.96767e-05	
11726	12830	2795	32.1086	27.0681	2089	32	7	638	31	85	460	4	1.21618	1.07182e+06	6.28378e-05	
11863	12735	2775	28.6089	30.8326	2042	28	6	646	16	68	511	6	0.905595	1.23616e+06	6.259e-05	
11542	13469	2748	36.9185	29.9058	2081	31	6	623	5	83	495	5	0.934606	1.14418e+06	6.22859e-05	
11878	12759	2786	35.4757	27.9202	2116	29	6	609	23	76	516	5	0.934606	1.14418e+06	6.22859e-05	
11945	13047	2748	35.2381	25.6508	2082	30	8	611	1	64	512	6	1.22142	1.10949e+06	6.14477e-05	
11688	12578	2747	31.8551	26.1479	2038	29	5	616	28	69	512	5	0.911816	1.2512e+06	6.07497e-05	
11963	13378	2717	34.6036	34.5959	2123	32	4	632	11	79	520	5	1.62946	847743	6.88279e-05	
11843	12710	2752	31.0393	32.1391	2049	29	9	631	3	79	465	6	0.895983	1.08595e+06	6.64717e-05	
11711	12672	2708	31.5476	25.274	2158	30	6	635	33	71	505	5	0.991231	1.23837e+06	6.00168e-05	
11635	13405	2722	36.4725	29.3398	2126	30	6	622	25	87	521	4	2.06457	912020	6.57851e-05	
11613	13348	2720	30.9401	26.7402	2046	28	8	648	26	83	493	5	2.00503	1.03011e+06	6.14515e-05	
11651	12892	2772	29.3768	27.6084	2079	31	8	610	6	71	519	5	1.3738	1.08646e+06	6.09162e-05	
11698	12684	2708	35.0183	29.2043	2078	30	7	614	8	87	523	5	1.02639	1.01818e+06	6.48256e-05	
12007	12962	2729	31.1101	27.9542	2100	28	10	610	21	70	507	4	1.01903	1.15483e+06	6.06134e-05	
12004	13334	2744	36.713	30.7827	2038	31	7	612	33	64	491	6	1.53642	896745	6.78702e-05	
11961	12835	2740	29.2836	25.6182	2037	28	5	645	1	85	491	4	0.907526	1.38416e+06	5.81734e-05	
11671	12915	2703	34.721	31.0354	2136	30	4	646	14	82	462	6	1.35491	915844	6.81245e-05	
11722	12844	2733	24.0112	26.0068	2046	29	7	650	1	81	522	6	1.18038	1.40712e+06	5.68958e-05	
11811	12838	2704	34.3681	28.6931	2106	32	6	650	29	84	503	5	1.08864	1.03112e+06	6.43045e-05	
11910	12801	2768	33.7018	31.8184	2104	29	7	647	8	66	472	6	0.943055	1.02951e+06	6.69568e-05	
11924	13144	2726	35.4751	32.673	2090	32	6	617	22	63	480	4	1.36682	873405	6.99447e-05	
11892	13237	2767	35.6237	33.2096	2088	28	5	626	33	85	525	6	1.55381	878706	6.69434e-05	
11615	12591	2776	31.5544	30.9946	2036	31	8	617	1	85	512	5	1.0262	1.03618e+06	6.50681e-05	
11760	13165	2762	36.2617	26.7694	2076	31	7	638	6	81	523	4	1.61453	1.00177e+06	6.27471e-05	
11471	12590	2723	31.6584	33.7134	2055	28	9	624	32	70	505	4	1.17478	904677	6.9377e-05	
11840	13350	2775	36.1124	34.1971	2036	30	9	626	22	77	508	4	1.77851	820822	6.96961e-05	
11981	13107	2794	30.8893	27.5072	2016	30	7	635	27	72	495	4	1.27286	1.10183e+06	6.05804e-05	
11737	12998	2794	30.4637	27.2675	2109	29	8	650	9	88	506	4	1.42569	1.08606e+06	5.95238e-05	
11918	13496	2797	32.9349	26.9996	2006	29	7	631	13	79	521	5	1.89752	1.03779e+06	5.99628e-05	
11882	13083	2702	33.6966	27.7309	2132	31	8	619	2	90	503	4	1.32288	1.01919e+06	6.22161e-05	
11917	12711	2795	32.5608	26.3425	2136	32	7	620	15	81	471	4	0.822074	1.30955e+06	6.11135e-05	
12043	13496	2778	36.8304	29.8755	2020	30	8	634	31	83	499	5	1.73249	914855	6.48929e-05	
12031	13090	2794	30.556	34.8795	2122	29	7	632	30	78	530	4	1.18615	970999	6.55996e-05	
12093	12895	2756	35.8365	27.5988	2133	29	9	614	30	84	465	6	0.83892	1.18872e+06	6.2897e-05	
11776	12781	2759	36.0224	33.955	2097	31	9	628	0	68	485	5	1.07938	879503	7.1048e-05	
12029	12955	2761	36.5134	28.6465	2106	29	9	615	10	87	489	4	1.0006	1.05542e+06	6.34437e-05	
11764	13116	2751	33.4224	31.852	2051	31	8	629	1	85	459	6	1.53455	892668	6.78748e-05	
12068	12951	2705	33.5926	31.3008	2081	30	6	637	12	87	477	6	0.925143	1.06056e+06	6.54322e-05	
11885	12598	2740	36.4431	29.1438	2053	31	9	639	19	82	509	5	0.702175	1.2e+06	6.55609e-05	
11935	13020	2795	33.7646	26.3304	2038	29	7	603	16	89	505	6	1.2166	1.12575e+06	5.99305e-05	
11813	12648	2797	32.8194	25.1386	2109	30	4	606	3	78	469	4	0.868591	1.338e+06	6.02083e-05	
11627	12557	2789	34.3311	32.7517	2126	29	5	618	23	88	457	5	0.975721	975274	6.85166e-05	
11928	13104	2772	26.4964	25.0927	2031	30	4	628	10	81	521	4	1.31006	1.3137e+06	5.59624e-05	
12035	12675	2726	27.053	34.9374	2055	32	5	611	35	89	501	5	0.59662	1.21559e+06	9.22084e-05	
11976	13119	2769	27.2579	27.2327	2021	29	10	602	31	76	515	5	1.27303	1.1954e+06	5.8459e-05	
11627	13359	2798	33.6434	28.5068	2080	29	7	604	2	79	499	4	2.06518	965604	6.32471e-05	
11089	12625	2793	24.2754	34.5658	2054	32	6	603	21	77	523	4	1.11445	983871	6.50745e-05	
11866	12880	2797	34.3768	32.1181	2034	28	5	627	4	86	523	5	1.11445	983871	6.50745e-05	
11719	12922	2712	36.6566	30.1825	2081	29	5	643	9	76	494	6	1.31298	923487	6.73491e-05	
11843	12669	2709	31.5651	28.7767	2017	30	8	646	21	75	496	6	0.830275	1.2e+06	6.35951e-05	
11570	12881	2798	36.8722	33.9616	2119	31	8	622	14	67	521	6	1.48095	827626	7.10429e-05	
11954	12579	2776	35.3388	31.1887	2115	30	9	600	7	63	463	6	0.600466	1.24921e+06	7.07414e-05	
11992	13088	2773	36.6954	30.8821	2081	30	8	638	21	82	485	5	1.23067	932750	6.61463e-05	
11854	12557	2789	34.826	31.9759	2142	30	6	604	35	86	450	5	0.698194	1.17811e+06	6.79902e-05	
11799	13228	2750	35.2843	32.7939	2079	31	8	649	4	86	495	4	1.64508	856431	6.81153e-05	
11910	12922	2762	36.4424	33.2847	2130	32	5	634	26	85	504	5	1.10397	918211	6.82547e-05	
11061	13377	2797	22.8716	30.0831	2121	28	4	622	5	89	525	6	1.26134	1.28538e+06	5.65323e-05	
12082	13208	2770	26.941	25.6411	2071	30	7	639	21	88	500	6	1.26134	1.28538e+06	5.65323e-05	
11698	13288	2790	24.625	26.0127	2133	30	8	647	10	69	494	5	1.84415	1.22796e+06	5.76535e-05	
11678	13000	2735	34.2933	30.8526	2088	32	6	638	26	71	495	4	1.47481	907573	6.749e-05	
11626	12786	2725	35.5728	33.8522	2119	32	5	626	23	87	503	5	1.25116	861491	7.03581e-05	
11924	13144	2717	35.4751	32.673	2091	32	6	617	22	63	480	4	1.36231	872001	7.00574e-05	
11994	12887	2763	36.7496	35	2091	32	9	617	23	67	474	5	0.954133	898528	7.23785e-05	
11916	12936	2764	34.3635	28.2246	2088	32	7	609	22	71	511	5	1.11452	1.05575e+06	6.32831e-05	
11382	13178	2739	31.0375	25.2165	2102	31	8	641	13	79	496	5	1.29578	945623	6.58155e-05	
11855	13027	2742	30.7798	33.5577	2151	30	6	635	13	77	521	6	1.29578	945623	6.58155e-05	
11748	13089	2765	28.8578	32.0626	2009	28	6	648	27	82	511	6	1.51599	981524	6.40779e-05	
11664	13348	2720	30.9401	26.6387	2046	28	8	648	29	83	493	5	1.94465	1.03778e+06	6.11509e-05	
12068	12951	2705	33.5926	31.3008	2081	30	6	637	12	87	477	6	0.925143	1.06103e+06	6.54279e-05	
11866	13165	2758	36.3543	26.7694	2056	28	7	638	2	81	530	4	1.48308	1.02408e+06	6.16029e-05	
11697	13434	2773	31.9786	27.8142	2033	28	8	625	17	86	527	6	2.06388	1.01026e+06	6.08606e-05	
11849	13086	2733	35.6188	30.767	2046	29	9	618	5	88	502	6	1.38384	910654	6.59979e-05	
11320	13083	2763	35.8924	34.7777	2000	31	8	624	12	76	504	6	2.02842	790234	7.3888e-05	
11575	12859	2778	33.9647	30.57	2042	31	5	623	16	76	524	6	1.43274	938647	6.59022e-05	
11847	13034	2738	35.4877	34.6526	2101	29	8	619	35	73	496	5	1.31919	841901	7.04027e-05	
12070	13158	2780	28.2608	29.3239	2132	28	5	618	11	85	508	4	1.21767	1.16885e+06	5.90807e-05	
11948	12581	2733	32.98	31.4437	2113	32	7	613	20	87	522	5	0.598644	1.27985e+06	7.06914e-05	
11896	13162	2733	29.4263	30.767	2046	29	9	618	8	88	502	6	1.41913	1.00032e+06	6.29366e-05	
11947	12738	2757	32.1249	34.6092	2087	31	7	646	33	65	460	4	0.808728	1.06158e+06	7.05916e-05	
11650	13204	2717	36.8436	32.6864	2060	30	8	612	33	65	491	4	1.77159	818832	7.14745e-05	
11935	13495	2716	37	28.2371	2097	30	10	603	35	80	502	4	1.82406	926593	6.47333e-05	
11766	13034	2738	35.4877	34.6526	2101	29	8	619	35	69	506	5	1.41712	830240	7.07164e-05	
11911	12718	2716	35.0781	25.4408	2110	31	7	619	34	72	482	4	0.817919	1.25997e+06	6.23752e-05	
11625	12744	2729	33.2759	31.9444	2110	30	8	649	13	68	520	6	1.19728	929558	6.71637e-05	
11652	13331	2747	35.2043	28.9118	2123	30	9	638	14	74	513	6	1.96077	926567	6.48887e-05	
12039	13016	2720	33.3625	32.99	2071	28	5	640	25	63	495	5	1.05137	974759	6.72631e-05	
12100	12937	2784	30.8452	28.7661	2140	31	7	641	32	70	477	5	0.888619	1.24958e+06	6.18582e-05	
11722	12995	2773	31.4085	28.1498	2052	31	5	607	1	86	528	4	1.43112	1.04871e+06	6.13422e-05	
12100	13155	2784	30.8452	29.4313	2140	31	6	635	31	73	477	5	1.18462	1.0889e+06	6.21427e-05	
11374	13326	2738	36.5617	32.8811	2054	32	9	643	9	69	512	5	2.27615	804154	7.24953e-05	
11876	12720	2711	35.4825	33.7635	2160	30	4	627	35	75	520	4	0.861505	1.00011e+06	6.86012e-05	
11657	12833	2713	28.1907	30.0485	2157	31	4	617	8	70	529	5	1.25686	1.0772e+06	6.25e-05	
11762	12603	2706	30.9582	31.7097	2077	30	6	640	12	81	501	5	0.840598	1.13561e+06	6.55781e-05	
11813	12648	2792	32.8194	26.2444	2109	30	4	612	12	75	469	4	0.867039	1.28747e+06	6.12557e-05	
11134	12651	2765	34.9908	33.9733	2009	31	9	624	3	65	466	6	1.67059	799851	7.55458e-05	
12086	13281	2783	32.2974	30.9534	2129	31	9	603	34	63	494	5	1.37774	971557	6.45203e-05	
11698	13288	2790	29.655	26.0127	2133	30	8	647	10	72	494	5	1.86689	1.09895e+06	5.93437e-05	
11778	13110	2733	35.6188	29.425	2067	29	9	618	5	88	502	6	1.50169	930398	6.50068e-05	
12072	13284	2796	31.2729	30.1546	2053	30	7	604	31	62	485	6	1.40423	1.01312e+06	6.36618e-05	
11690	12712	2779	35.216	26.4251	2150	28	7	601	8	81	510	5	1.10013	1.10938e+06	6.16561e-05	
11802	12742	2722	31.4773	29.216	2049	32	9	610	0	81	519	4	0.977831	1.0942e+06	6.34679e-05	
12070	13231	2780	28.2608	29.3239	2132	28	4	609	17	85	515	4	1.31777	1.14665e+06	5.89831e-05	
11881	12695	2793	33.2122	33.2645	2092	31	6	611	25	78	516	6	0.845914	1.08627e+06	6.66134e-05	
11503	13019	2743	35.2684	33.7429	2101	29	6	612	11	83	516	5	1.71341	836687	7.00427e-05	
11764	13116	2746	32.4368	31.852	2059	31	8	629	1	83	457	6	1.53042	903330	6.76453e-05	
12055	12664	2726	34.4118	34.0135	2075	32	4	620	18	89	520	5	0.57458	1.2373e+06	7.3497e-05	
11000	13199	2719	24.8008	29.1205	2004	29	10	639	20	78	522	4	1.07925	882108	7.09371e-05	
11776	12781	2759	35.8239	33.955	2097	31	9	628	0	68	485	5	1.07925	882108	7.09371e-05	
11885	12550	2740	36.4431	29.1438	2053	31	9	639	19	82	520	5	0.640351	1.25198e+06	6.63218e-05	
12006	12739	2798	32.3542	26.7544	2137	31	10	629	20	65	491	5	0.748509	1.35346e+06	6.18774e-05	
12060	12630	2739	28.0898	34.0428	2112	32	8	642	14	76	464	5	0.514361	1.15667e+06	0.000111185	
11783	13083	2763	35.8924	34.7777	2022	31	8	624	12	74	504	6	1.47575	821420	7.12555e-05	
12013	13305	2758	28.8562	27.5761	2116	29	4	630	23	81	514	5	1.48131	1.14006e+06	5.82954e-05	
12046	13442	2751	36.8814	29.5584	2068	29	5	642	25	74	528	5	1.63716	949916	6.39304e-05	
11882	12852	2708	29.1777	29.2098	2118	30	9	641	7	64	516	5	1.01412	1.15124e+06	6.20309e-05	
11945	13047	2748	35.2381	25.6508	2014	30	8	611	1	64	512	5	1.22142	1.09771e+06	6.18276e-05	
11908	12871	2729	32.3271	25.1034	2008	29	8	624	26	80	513	5	1.02205	1.22498e+06	5.92031e-05	
11702	13364	2776	36.6186	31.5634	2150	31	6	636	24	83	510	5	1.96749	871860	6.72721e-05	
11840	13448	2775	36.1124	33.4984	2149	30	9	626	22	77	508	5	1.91473	835254	6.84416e-05	
11853	12720	2711	35.4825	33.7635	2160	31	4	613	35	75	508	5	0.889173	977917	6.93001e-05	
11843	12669	2720	31.3838	28.7767	2017	30	8	600	21	75	496	6	0.833318	1.20729e+06	6.348e-05	
11911	12718	2713	35.0781	25.4408	2013	31	7	619	34	72	485	4	0.817015	1.2483e+06	6.28733e-05	
11688	12578	2734	31.8551	26.1479	2122	29	5	616	28	69	512	5	0.9075	1.25809e+06	6.04778e-05	
12067	12754	2771	30.3456	29.0295	2074	29	8	637	14	63	526	5	0.681179	1.36853e+06	6.61813e-05	
11885	12598	2751	36.4431	29.1438	2053	31	9	639	16	82	509	5	0.704994	1.20251e+06	6.54108e-05	
11743	12811	2786	27.5773	27.1206	2101	28	4	614	7	83	494	6	1.15417	1.25404e+06	5.8572e-05	
11988	13089	2780	28.8578	28.9846	2076	28	6	643	27	85	511	6	1.22807	1.1421e+06	5.94884e-05	
11318	13083	2763	35.8924	34.7777	2015	31	5	625	12	83	504	6	2.03076	801458	7.33084e-05	
11908	12871	2729	30.6944	25.1034	2008	31	8	626	26	81	513	5	1.01909	1.25143e+06	5.90075e-05	
11976	13119	2776	27.2579	27.2327	2021	29	10	602	31	75	515	5	1.27625	1.1967e+06	5.8418e-05	
11566	12915	2703	34.721	31.0354	2107	30	4	646	14	82	462	6	1.47824	899732	6.88184e-05	
12013	13305	2758	28.0406	27.5761	2120	29	4	638	15	80	501	5	1.4786	1.1523e+06	5.83976e-05	
11606	13210	2793	37	34.8873	2097	32	4	623	1	76	509	5	1.88294	809015	7.18391e-05	
11961	12835	2740	29.2836	25.6182	2037	28	6	645	1	85	491	4	0.907526	1.37455e+06	5.82072e-05	
11686	13349	2739	30.3514	31.0654	2146	30	9	646	26	69	507	4	1.93202	938162	6.4658e-05	
11989	13442	2782	21.8243	25.0309	2014	29	4	621	12	76	524	5	1.66615	1.48724e+06	5.42035e-05	
12028	13281	2740	32.485	29.362	2071	32	7	634	25	62	505	5	1.4284	990058	6.40328e-05	
12059	13057	2748	33.6987	25.9271	2141	28	7	644	20	74	476	5	1.09274	1.16956e+06	6.02519e-05	
11205	13292	2720	37	33.0226	2068	31	7	640	12	61	491	6	2.40947	789743	7.50638e-05	
11670	13067	2786	31.283	27.7163	2017	28	8	628	10	73	485	4	1.59868	1.02374e+06	6.19963e-05	
11717	12791	2708	35.7467	25.2468	2010	29	9	634	32	75	513	4	1.14238	1.07532e+06	6.25626e-05	
12043	13496	2778	36.8304	31.4168	2020	30	8	631	31	83	499	5	1.73249	879953	6.63262e-05	
11698	13288	2790	24.625	26.0127	2133	30	7	642	10	69	480	5	1.84415	1.2276e+06	5.81598e-05	
11518	12607	2768	23.6576	25.7145	2115	28	10	641	23	66	503	5	1.12579	1.4523e+06	5.74944e-05	
11770	12754	2758	29.9167	33.5068	2089	32	7	618	18	66	524	5	1.04208	1.01329e+06	6.70511e-05	
12007	13144	2726	35.4751	32.673	2090	30	5	624	21	63	472	4	1.26557	897101	6.92233e-05	
11720	12734	2709	35.6938	30.5824	2067	28	7	606	8	64	476	5	1.06553	946812	6.84229e-05	
11866	12880	2800	34.3768	27.0212	2034	28	5	627	4	86	523	5	1.11564	1.13593e+06	6.02991e-05	
11976	13119	2769	27.2579	27.2327	2021	29	10	602	31	76	507	5	1.27303	1.19302e+06	5.8682e-05	
11773	13266	2799	29.8557	31.3057	2096	31	8	645	20	70	527	5	1.75073	963845	6.35042e-05	
11490	12565	2797	35.7539	32.7624	2000	28	6	638	34	90	478	5	1.15587	895600	6.97593e-05	
11911	12655	2743	33.5084	27.1606	2005	30	10	613	20	80	452	5	0.742532	1.2591e+06	6.42756e-05	
11959	12662	2720	30.9348	33.3096	2039	29	6	625	6	84	458	6	0.683	1.23094e+06	6.97156e-05	
11954	12550	2776	34.9657	30.0608	2115	30	9	600	10	63	463	6	0.562351	1.29435e+06	7.25742e-05	
11835	13276	2736	33.0457	26.1005	2096	30	8	607	3	74	501	4	1.65594	1.05348e+06	6.09385e-05	
11776	12781	2753	36.0224	33.7489	2097	31	9	628	0	68	483	5	1.07703	881824	7.09874e-05	
11689	13183	2748	32.1697	31.6653	2029	29	10	609	1	77	521	5	1.71202	906416	6.57895e-05	
11989	13500	2785	21.0217	25.0309	2060	29	4	621	12	76	524	5	1.73687	1.55279e+06	5.3749e-05	
11851	13228	2750	35.2843	32.7939	2079	31	8	649	4	86	495	4	1.58183	861645	6.78518e-05	
11166	12959	2727	35.018	34.6237	2045	28	6	616	21	68	498	5	2.01334	796907	7.4239e-05	
11888	12664	2719	34.8719	34.1873	2085	32	4	642	16	89	520	4	0.776822	1.06639e+06	6.86719e-05	
12013	12918	2741	36.7496	34.4558	2108	32	9	617	23	67	474	5	0.964142	901012	7.19062e-05	
12087	12577	2736	31.8197	28.6804	2138	31	6	638	7	86	510	5	0.421474	1.15477e+06	0.000118371	
11811	12803	2704	35.2679	28.7702	2106	30	5	650	31	80	503	5	1.04405	1.03937e+06	6.44995e-05	
12069	12871	2729	32.941	25.1034	2008	31	7	626	34	81	513	5	0.82593	1.35921e+06	5.95877e-05	
12050	12895	2741	35.8365	27.5988	2133	29	9	614	30	84	465	6	0.887565	1.14502e+06	6.32471e-05	
12028	13195	2740	32.485	29.8132	2092	32	7	639	24	64	505	5	1.31178	995103	6.41478e-05	
11878	12759	2786	35.4757	27.9202	2116	30	6	609	23	76	516	5	0.934606	1.14064e+06	6.24727e-05	
11918	13261	2742	32.5215	27.6699	2153	29	6	619	6	79	495	5	1.53735	1.04338e+06	6.0957e-05	
11711	12672	2708	31.5476	25.274	2151	30	6	637	33	71	505	5	0.991231	1.23713e+06	6.00528e-05	
11871	12949	2753	35.8113	33.9908	2087	32	4	640	12	70	501	5	1.18368	884587	6.99496e-05	
12039	13016	2744	33.3625	33.5417	2071	28	5	640	23	63	510	5	1.06065	969594	6.70421e-05	
11933	12712	2779	33.1197	28.5022	2141	28	7	601	8	81	506	5	0.799637	1.26838e+06	6.15574e-05	
11605	13090	2794	32.6522	32.8024	2131	29	7	632	30	78	530	4	1.71605	897279	6.60589e-05	
11615	12591	2776	31.5544	30.9946	2036	31	8	640	1	85	512	5	1.0262	1.03768e+06	6.49899e-05	
11911	12718	2713	35.0781	25.4408	2110	31	7	619	34	72	489	4	0.817015	1.26318e+06	6.21659e-05	
11315	12705	2765	34.6675	30.0072	2112	29	10	627	24	61	511	5	1.53098	898336	6.78058e-05	
11925	12865	2734	36.2535	32.5051	2053	31	6	630	34	81	462	6	0.999279	940802	6.95362e-05	
11320	13083	2763	35.8924	34.7777	2100	31	8	624	11	74	493	6	2.02842	791858	7.37137e-05	
12029	12955	2761	37	28.6465	2018	29	9	615	8	87	500	4	1.00084	1.04269e+06	6.3857e-05	
12082	13208	2770	26.941	26.149	2080	30	7	632	21	89	500	6	1.26134	1.2685e+06	5.68666e-05	
11854	12622	2782	34.826	31.9759	2142	30	6	604	35	86	472	5	0.781549	1.11589e+06	6.68405e-05	
11799	13228	2750	36.5323	32.7939	2079	31	8	649	4	89	495	4	1.64589	844509	6.86719e-05	
11120	13169	2713	32.7844	35	2002	31	10	628	12	60	469	5	2.33084	787773	7.66401e-05	
12015	13135	2729	30.5123	34.8478	2115	31	7	624	20	68	510	5	1.23829	927355	6.79117e-05	
11948	12581	2733	32.98	25.7194	2052	30	6	613	20	87	522	5	0.598644	1.42951e+06	6.70871e-05	
11737	13040	2794	30.4637	27.2675	2109	29	8	650	9	88	506	4	1.4828	1.07849e+06	5.95238e-05	
11776	12557	2789	34.3311	32.1151	2126	28	5	624	23	88	467	5	0.793857	1.1162e+06	6.67156e-05	
12012	12953	2716	33.748	26.1382	2025	29	9	629	21	88	505	4	1.0002	1.16398e+06	6.03282e-05	
11866	13147	2797	34.3768	32.1181	2034	28	5	627	4	86	523	5	1.47777	923965	6.50703e-05	
11615	12679	2790	34.771	33.0464	2125	31	5	635	5	86	463	4	1.1516	910654	6.91754e-05	
12066	13051	2748	34.0301	27.2784	2080	32	7	642	26	78	473	5	1.07638	1.1019e+06	6.2751e-05	
12043	12602	2750	27.9242	34.0428	2101	32	8	610	16	76	464	5	0.500586	1.134e+06	0.00011989	
11587	13050	2763	30.7522	28.449	2128	29	6	644	10	62	524	5	1.66122	1.02171e+06	6.18965e-05	
11843	12669	2709	31.5651	29.671	2017	30	8	646	21	75	514	6	0.830275	1.18196e+06	6.3861e-05	
11995	13100	2716	29.0379	30.6773	2030	29	8	628	8	71	482	4	1.20643	1.04618e+06	6.38529e-05	
11924	13144	2726	32.7611	32.673	2111	30	6	630	22	63	480	5	1.36401	911587	6.79163e-05	
11635	13405	2722	36.4725	29.3323	2126	30	6	616	25	87	526	5	2.06457	914276	6.57462e-05	
12038	13248	2717	31.4356	32.6864	2036	30	8	612	33	64	491	4	1.358	923722	6.71637e-05	
11764	13116	2751	36.0575	31.852	2051	31	8	624	1	73	479	6	1.53691	863442	6.92473e-05	
11981	13107	2794	31.5662	27.5072	2011	30	7	626	27	72	495	4	1.27418	1.09163e+06	6.09013e-05	
11843	12905	2725	29.553	25	2045	31	8	616	35	64	509	4	1.1382	1.21298e+06	5.93754e-05	
11954	12579	2776	35.3388	31.1887	2101	30	9	600	7	63	463	6	0.600466	1.24793e+06	7.07914e-05	
11799	13228	2750	35.0457	32.7939	2079	31	8	640	4	81	495	4	1.64489	857285	6.82314e-05	
11806	12902	2719	31.344	25.0361	2045	31	7	645	35	65	509	4	1.18024	1.16357e+06	6.02918e-05	
11701	13083	2700	35.8924	34.7777	2015	31	8	624	12	72	504	6	1.53932	801491	7.27008e-05	
11687	13129	2771	33.9147	31.3008	2081	30	6	637	12	87	477	6	1.65751	907703	6.65159e-05	
12067	13128	2776	30.3456	29.0295	2090	29	8	613	11	63	521	5	1.18469	1.11146e+06	6.06759e-05	
11728	12844	2733	26.0654	26.0068	2046	29	6	635	7	81	522	6	1.18661	1.29886e+06	5.74515e-05	
11994	13259	2726	31.9133	32.673	2090	32	8	617	22	63	480	4	1.43209	904531	6.81896e-05	
11470	12590	2723	35.0519	33.7134	2055	28	7	624	32	70	505	4	1.18016	860123	7.11693e-05	
11938	13239	2794	34.9211	30.3472	2145	30	8	626	3	82	481	5	1.51392	938569	6.44579e-05	
12054	12578	2704	35.1798	26.2808	2001	31	6	647	3	71	497	5	0.462103	1.32404e+06	8.52442e-05	
12039	13016	2744	32.7441	28.4603	2071	28	4	641	23	77	495	5	1.05984	1.12998e+06	6.14439e-05	
11904	13333	2787	27.8811	31.9068	2060	31	9	619	14	89	512	5	1.66828	992877	6.30398e-05	
11976	12739	2745	36.8748	29.673	2105	32	10	633	4	61	495	5	0.775524	1.10323e+06	6.71321e-05	
11636	12775	2741	36.4094	29.8186	2083	29	7	631	22	72	479	6	1.23271	927785	6.7769e-05	
11805	12641	2797	32.8194	25.1386	2099	30	5	621	3	78	474	4	0.869219	1.32279e+06	6.01034e-05	
11545	13234	2768	24.4041	25.8162	2044	31	7	623	15	83	502	5	1.93796	1.21538e+06	5.82377e-05	
12097	12550	2754	34.7816	33.9695	2050	32	8	606	18	65	511	6	0.380614	1.09755e+06	0.000123084	
11725	12962	2729	31.1101	27.9542	2100	28	10	610	21	66	507	4	1.36056	1.03366e+06	6.18965e-05	
11828	12823	2718	36.3795	32.8119	2152	31	5	617	2	65	472	4	1.0558	908496	7.05866e-05	
11629	12666	2769	30.5934	27.2624	2016	28	7	622	29	76	499	6	1.10288	1.13516e+06	6.11845e-05	
11320	13121	2763	35.4699	34.7777	2008	31	6	624	12	74	511	6	2.07955	799669	7.33514e-05	
11811	13035	2738	35.4877	34.6526	2101	29	8	619	35	69	506	5	1.36413	836362	7.04871e-05	
11627	13170	2798	33.6434	28.5068	2080	29	7	604	8	80	497	4	1.80294	971270	6.32751e-05	
11658	13300	2737	24.2964	25.8959	2124	28	6	628	2	79	492	4	1.87085	1.23747e+06	5.7346e-05	
11895	13058	2744	34.504	26.962	2049	30	7	640	35	65	469	5	1.2949	1.03538e+06	6.40123e-05	
12086	13241	2783	32.2974	30.9534	2131	30	9	603	34	63	494	5	1.32255	983976	6.42013e-05	
11892	13237	2748	35.6237	33.2096	2089	28	5	610	33	86	520	6	1.54314	874467	6.74127e-05	
11727	13170	2759	32.4417	30.0481	2055	30	10	636	4	67	505	6	1.65572	937423	6.49351e-05	
11882	12879	2708	29.1777	28.6683	2118	30	10	641	7	64	516	5	1.04929	1.14517e+06	6.15661e-05	
12096	12822	2780	35.3378	30.9753	2133	29	7	636	28	64	489	5	0.74454	1.18503e+06	6.56426e-05	
12076	12895	2756	33.7088	27.7565	2137	32	9	614	27	81	465	6	0.858203	1.199e+06	6.28733e-05	
11961	12903	2740	29.2836	25.6182	2021	28	8	643	9	84	484	4	0.997165	1.29705e+06	5.84761e-05	
12079	12822	2780	37	30.9753	2141	32	7	636	20	61	486	5	0.766913	1.11795e+06	6.74354e-05	
12054	12641	2700	35.1798	27.4101	2019	30	5	640	3	73	497	5	0.541605	1.36798e+06	7.19891e-05	
11802	12742	2722	36.6214	30.9324	2049	32	9	608	0	81	519	4	0.983389	956552	6.77645e-05	
11938	13202	2796	36.7609	30.3472	2145	30	9	601	5	82	481	5	1.46511	917771	6.56987e-05	
11672	12922	2708	37	30.1825	2081	29	5	646	9	76	486	6	1.36688	908841	6.81524e-05	
11878	12759	2786	36.4008	28.6518	2116	30	6	609	23	76	513	5	0.935207	1.09814e+06	6.37511e-05	
11702	13364	2772	35.6934	32.0838	2150	29	6	636	24	83	513	5	1.96409	873094	6.68717e-05	
11702	13293	2776	36.6186	32.8154	2150	31	6	636	24	83	524	5	1.86928	851566	6.81477e-05	
11867	12739	2798	32.3542	26.7544	2137	32	10	629	20	65	491	4	0.922133	1.20327e+06	6.15764e-05	
12100	12586	2726	27.053	34.9374	2079	32	6	611	35	89	501	5	1.27303	1.19302e+06	5.8682e-05	
11976	13119	2769	27.2579	27.2327	2021	29	10	602	31	76	507	5	1.27303	1.19302e+06	5.8682e-05	
12054	12669	2704	35.1798	27.4473	2001	31	5	641	3	71	504	5	0.578226	1.37611e+06	6.87427e-05	
12046	13483	2738	34.0839	29.5584	2068	29	5	642	25	76	516	5	1.68386	971870	6.27786e-05	
11914	12811	2748	36.8304	29.8755	2020	30	8	634	31	86	499	5	0.946958	1.02047e+06	6.58068e-05	
11836	13500	2736	28.3016	25.4784	2091	28	10	637	33	75	469	5	1.951	1.1164e+06	5.92685e-05	
12033	12577	2701	30.5432	31.0905	2147	31	6	625	9	82	459	5	0.479428	1.18774e+06	0.000100908	
12097	12554	2754	34.7816	34.0914	2135	32	8	621	18	65	510	6	0.385783	1.10202e+06	0.000120236	
11816	13364	2776	36.6186	32.8154	2150	31	6	636	24	79	510	5	1.82831	853124	6.80266e-05	
11618	12786	2732	35.5728	33.8522	2127	32	6	626	17	87	503	5	1.26388	858358	7.02889e-05	
12054	12641	2760	35.1798	28.3106	2120	31	5	644	3	72	497	5	0.55364	1.35891e+06	7.15512e-05	
11762	12744	2706	33.21	31.8802	2047	30	6	633	13	81	486	6	1.02498	978244	6.73582e-05	
12070	13219	2787	26.8732	27.362	2030	30	6	615	1	78	527	5	1.29903	1.2315e+06	5.74911e-05	
12053	13218	2783	32.2974	30.9534	2120	30	9	603	34	66	494	6	1.33235	980124	6.42508e-05	
12097	12554	2743	30.0062	34.0914	2135	32	8	606	18	65	516	6	0.376789	991751	0.00019216	
11747	12684	2708	32.5461	28.5017	2078	30	7	614	8	70	523	5	0.965473	1.10547e+06	6.31473e-05	
11980	13123	2786	31.8153	32.85	2086	28	5	622	20	72	502	5	1.29408	962089	6.51169e-05	
12013	13305	2758	27.1162	27.6616	2095	29	4	635	23	81	501	5	1.47497	1.17165e+06	5.82886e-05	
11921	13083	2702	33.6394	27.2691	2132	31	8	619	9	81	503	4	1.27591	1.04258e+06	6.19348e-05	
11879	13496	2797	32.9921	26.9996	2006	29	7	636	5	90	515	5	1.94615	1.03554e+06	5.99449e-05	
11917	12711	2795	32.5608	26.3425	2136	32	7	620	15	81	470	4	0.822074	1.30883e+06	6.11509e-05	
11838	13415	2775	36.1124	34.1971	2102	30	9	626	20	77	508	4	1.8712	821037	6.93577e-05	
11584	12859	2711	30.7753	32.788	2068	28	6	608	10	73	487	5	1.38276	918983	6.77874e-05	
12037	13156	2787	26.8732	27.362	2030	30	6	639	1	78	527	6	1.25393	1.24444e+06	5.7501e-05	
11843	12916	2719	24.2214	25.0361	2045	31	8	616	35	64	509	4	1.12527	1.4361e+06	5.76136e-05	
11487	12878	2712	31.1056	28.7819	2142	30	9	611	28	86	484	5	1.52222	980734	6.4156e-05	
12014	12916	2716	33.748	28.7648	2098	29	9	629	21	88	496	4	0.949167	1.10751e+06	6.24376e-05	
11573	12904	2788	31.671	33.4909	2059	30	9	647	24	66	500	4	1.49748	886037	6.85871e-05	
12007	12962	2729	31.1101	27.9542	2073	28	10	609	16	70	507	4	1.01903	1.15293e+06	6.07497e-05	
12051	12598	2740	37	29.1438	2070	31	10	639	19	83	496	5	0.498865	1.28124e+06	7.67636e-05	
11762	13116	2751	33.4224	31.852	2051	30	8	630	1	85	459	6	1.53697	895216	6.76178e-05	
11843	12710	2752	33.8839	32.2847	2049	29	9	639	8	79	465	6	0.900286	1.01664e+06	6.7861e-05	
11843	12710	2752	32.1197	32.1391	2049	29	9	631	3	76	466	6	0.897925	1.05691e+06	6.70241e-05	
11896	13411	2713	35.614	31.3236	2016	29	7	648	34	65	528	6	1.7538	881571	6.68762e-05	
11337	13033	2751	34.082	32.9483	2103	30	9	627	12	88	520	5	1.93113	849540	6.92329e-05	
11857	13229	2790	35.2548	28.3416	2112	29	4	637	18	74	522	5	1.59878	1.0091e+06	6.22704e-05	
11679	13366	2781	30.2275	26.8292	2038	32	4	624	6	89	507	5	1.99347	1.0756e+06	6.03646e-05	
11518	12607	2768	21.6789	25.7145	2083	28	9	641	25	64	503	5	1.10342	1.65186e+06	5.8459e-05	
11539	12873	2795	35.7253	25.5268	2118	29	7	627	33	73	529	5	1.50537	1.05714e+06	6.182e-05	
11518	13211	2770	31.2165	25.336	2011	29	7	633	14	85	507	6	1.96787	1.08035e+06	6.00709e-05	
11847	12856	2778	28.5417	25.3576	2028	31	7	608	12	78	465	5	1.08685	1.26482e+06	5.96338e-05	
12089	13051	2748	33.8216	27.2784	2080	32	7	642	26	78	470	5	1.0476	1.11679e+06	6.26841e-05	
11961	12807	2721	30.0397	31.4031	2067	29	10	604	4	64	463	5	0.866674	1.14397e+06	6.62691e-05	
11438	12677	2703	36.0263	28.0131	2047	29	7	632	1	85	495	6	1.3203	951198	6.65247e-05	
12013	13305	2758	28.0406	27.5761	2120	29	4	638	23	81	501	5	1.4786	1.15297e+06	5.84044e-05	
11711	12842	2714	28.6092	28.6246	2126	31	8	607	1	77	474	6	1.20638	1.09202e+06	6.28812e-05	
11741	13181	2712	27.5171	27.7529	2115	29	9	641	14	75	506	6	1.61318	1.09077e+06	6.01178e-05	
11629	12666	2767	30.5934	25.5598	2009	29	4	622	29	79	492	6	1.10208	1.21177e+06	6.00601e-05	
11483	12823	2750	33.1847	32.6241	2092	31	8	606	18	70	457	4	1.47895	867175	7.06964e-05	
11205	13292	2720	36.8777	33.0226	2068	31	7	640	12	62	497	6	2.40942	792671	7.46882e-05	
11747	12933	2793	28.6718	27.3179	2063	31	7	638	35	89	493	6	1.32005	1.12769e+06	6.0107e-05	
12066	12937	2784	30.8452	28.7661	2140	31	7	641	31	73	477	5	0.931394	1.21641e+06	6.17742e-05	
12007	13161	2700	21.4862	27.0847	2073	29	4	636	12	83	485	5	1.2132	1.59706e+06	5.81091e-05	
11381	13142	2780	32.934	26.2554	2132	28	6	637	27	71	510	6	2.0464	1.0393e+06	6.18888e-05	
11682	12798	2745	34.504	26.962	2049	30	6	640	35	65	469	5	1.20822	1.03757e+06	6.49477e-05	
11876	12970	2745	28.4506	27.7904	2108	32	9	637	9	81	461	4	1.1894	1.12489e+06	6.19886e-05	
11750	13119	2711	33.7399	31.1785	2011	28	5	639	3	67	469	4	1.53328	907917	6.78472e-05	
12054	12641	2704	35.1798	27.4694	2001	31	5	644	3	71	497	5	0.542407	1.36986e+06	7.21657e-05	
11733	12971	2743	23.8038	26.932	2099	29	7	647	25	80	527	6	1.33784	1.33072e+06	5.71527e-05	
11979	12654	2744	25.4837	34.8525	2097	29	5	627	29	85	517	4	0.634317	1.22724e+06	9.48947e-05	
11599	13381	2712	34.7016	33.9978	2035	28	7	642	16	72	490	4	2.06557	817058	7.10631e-05	
11738	13170	2753	32.4417	30.0481	2078	30	10	619	4	67	505	6	1.63884	940005	6.48466e-05	
12067	12754	2776	30.3456	29.0295	2082	30	8	637	11	63	516	5	0.682408	1.3672e+06	6.63878e-05	
11416	12786	2725	33.2759	25.4986	2110	30	8	649	13	68	520	6	1.49553	1.05171e+06	6.23247e-05	
12097	13041	2799	24.6246	28.9801	2111	28	8	621	28	71	476	6	1.01291	1.44055e+06	5.997e-05	
11790	12943	2710	32.7529	31.3731	2012	28	10	625	1	62	461	6	1.25141	925424	6.83948e-05	
11748	12903	2708	28.3016	25.4784	2118	28	10	637	33	75	469	5	1.23825	1.17677e+06	5.98122e-05	
11835	13494	2736	33.0457	26.1005	2096	30	8	613	3	74	501	4	1.9544	1.04229e+06	6.0905e-05	
11633	13263	2715	26.7086	26.4395	2136	29	6	600	28	75	493	6	1.84975	1.14553e+06	5.9312e-05	
11795	13185	2718	29.8079	34.5988	2095	31	10	644	7	61	486	4	1.56474	880081	6.99399e-05	
11363	12875	2782	29.507	30.2112	2124	28	8	617	12	77	519	4	1.70114	988052	6.33433e-05	
11415	12800	2724	30.9668	30.2293	2066	29	9	643	10	78	512	6	1.51069	952546	6.52061e-05	
11890	13128	2748	25.295	27.581	2077	29	4	608	9	66	498	6	1.37099	1.24462e+06	5.88824e-05	
11892	13312	2771	34.75	32.8108	2033	32	5	633	8	67	477	4	1.6585	869215	6.93241e-05	
11947	12991	2757	32.1249	34.6092	2087	31	7	646	30	65	464	4	1.14419	914423	7.03185e-05	
11705	13176	2768	32.9129	33.4218	2083	29	6	641	6	70	527	6	1.69667	881589	6.71998e-05	
11542	13342	2713	33.1565	34.2574	2133	29	5	626	14	74	530	5	2.07874	843311	6.93241e-05	
11805	13207	2703	28.8217	34.7139	2018	31	8	630	17	77	484	4	1.5708	892125	6.93577e-05	
12089	12882	2721	31.6532	34.7334	2100	28	6	608	8	62	522	6	0.811356	1.10751e+06	6.76911e-05	
11498	12560	2760	30.6251	31.4942	2055	30	8	644	2	63	502	6	1.11778	991903	6.6769e-05	
11386	12869	2778	28.7878	29.648	2021	32	8	642	23	90	528	5	1.6614	999468	6.35445e-05	
11446	12993	2795	36.4401	32.6528	2092	32	7	608	11	69	495	4	1.77971	832247	7.11339e-05	
11961	12602	2750	27.9242	34.0428	2101	32	8	642	16	76	464	5	0.601807	1.24623e+06	8.54555e-05	
11720	13384	2790	23.4357	26.9258	2127	28	6	615	26	63	513	6	1.941	1.27313e+06	5.7006e-05	
11182	12577	2796	31.8847	33.6056	2150	31	10	613	31	88	474	4	1.53187	868687	7.03383e-05	
11844	12631	2773	28.1662	31.5125	2027	30	8	601	16	87	459	5	0.790067	1.28357e+06	6.60982e-05	
11843	12905	2719	31.344	25.0361	2045	31	8	616	35	64	509	4	1.13969	1.17125e+06	6.02773e-05	
11868	13026	2756	31.092	25.9799	2039	30	6	638	9	61	474	5	1.2858	1.13002e+06	6.13723e-05	
12066	13205	2772	29.9445	30.3335	2140	30	7	610	27	76	479	5	1.28834	1.05063e+06	6.24961e-05	
11995	13094	2716	29.0379	30.6773	2030	29	8	628	5	71	482	5	1.19845	1.04946e+06	6.38692e-05	
12011	13177	2769	34.6596	29.679	2073	31	9	610	1	62	461	4	1.32484	956462	6.64849e-05	
12037	13156	2787	26.8732	27.362	2030	30	6	615	1	78	527	6	1.25393	1.24471e+06	5.76269e-05	
11951	12867	2714	33.2475	28.1861	2040	29	4	628	14	83	489	5	0.960411	1.14969e+06	6.24532e-05	
11068	13178	2702	25.6576	34.7382	2122	29	8	607	22	86	522	5	1.91968	1.04155e+06	6.15915e-05	
11535	13196	2770	28.3741	28.6427	2045	28	7	608	14	88	491	6	1.91968	1.04155e+06	6.15915e-05	
11853	13112	2738	34.6104	27.2574	2128	32	6	636	23	72	490	6	1.41556	1.02176e+06	6.34075e-05	
11928	12953	2754	29.4475	26.8511	2013	30	4	622	20	79	453	5	1.10986	1.19646e+06	6.13459e-05	
11675	13179	2720	36.3598	31.6511	2087	31	7	601	17	84	509	5	1.7101	859167	6.86106e-05	
11595	12615	2799	25.0175	28.1547	2048	28	7	613	14	88	524	4	1.06633	1.36872e+06	5.84761e-05	
11658	12585	2706	26.1661	25.9838	2027	29	4	635	22	65	455	5	0.925109	1.39397e+06	6.14364e-05	
11509	12743	2787	30.567	25.2301	2144	30	4	605	35	86	499	4	1.35662	1.16622e+06	5.92944e-05	
11713	13134	2747	30.2445	34.1131	2060	29	7	614	16	79	493	5	1.6126	895351	6.77966e-05	
11562	13086	2799	33.3357	28.138	2009	28	9	621	13	76	521	5	1.76671	975914	6.27825e-05	
11665	12640	2734	23.3175	27.4488	2061	29	5	632	28	66	522	5	0.97722	1.52666e+06	6.01866e-05	
11606	13210	2793	36.1074	34.0326	2097	32	5	617	1	76	509	4	1.88246	827311	7.04622e-05	
11469	12643	2730	33.482	30.3696	2123	31	9	603	6	72	509	6	1.25105	935080	6.69299e-05	
11028	12681	2742	33.2331	30.2444	2121	29	8	631	0	82	529	4	1.91968	1.04155e+06	6.15915e-05	
11112	12899	2728	25.2576	27.2654	2000	32	7	629	11	90	529	6	1.72101	1.07353e+06	6.07423e-05	
11733	13240	2733	29.3644	27.7335	2115	31	4	611	7	79	508	6	1.72101	1.07353e+06	6.07423e-05	
12025	12909	2762	30.0005	33.3056	2153	28	9	628	7	67	506	5	0.935771	1.10669e+06	6.49604e-05	
11702	13364	2776	36.6186	32.8154	2150	31	6	636	24	83	510	5	1.96749	846793	6.84838e-05	
11908	13276	2795	26.3368	28.8974	2024	29	7	628	6	64	482	6	1.5821	1.12109e+06	6.0983e-05	
11425	13331	2760	33.5063	34.8767	2126	31	7	644	12	66	490	4	2.23874	813389	7.21657e-05	
11778	13302	2733	35.6188	30.767	2046	29	9	618	5	88	502	6	1.76075	886659	6.6357e-05	
11564	12865	2734	36.2535	32.5051	2053	31	6	629	34	78	462	6	1.4328	846631	7.16589e-05	
11265	12766	2736	35.7856	30.025	2129	29	7	648	5	62	506	6	1.65302	884872	6.91515e-05	
11473	12626	2757	34.3084	28.4737	2125	31	8	619	14	73	484	4	1.23746	972540	6.58675e-05	
11270	13438	2748	35.1204	32.793	2003	31	8	643	20	79	459	4	2.5585	812486	7.3244e-05	
11762	12744	2706	30.9582	31.8802	2047	30	6	640	13	81	501	6	1.02137	1.02587e+06	6.59022e-05	
12003	12632	2752	29.8421	31.8515	2048	30	5	633	24	74	463	5	0.595255	1.29391e+06	7.81739e-05	
11587	13050	2763	31.345	26.9183	2128	29	6	612	10	60	524	5	1.66241	1.05862e+06	6.09905e-05	
11028	12712	2730	36.383	32.8366	2108	31	7	635	17	85	485	6	1.84927	810479	7.42666e-05	
11938	13202	2796	36.7609	30.3472	2145	30	9	601	5	82	481	5	1.46511	917857	6.56987e-05	
11507	12712	2779	35.216	26.4251	2150	28	7	601	8	81	506	5	1.32073	1.04466e+06	6.27038e-05	
12076	12827	2759	30.1417	31.1586	2090	29	5	637	1	84	483	6	0.762847	1.29902e+06	6.44496e-05	
11546	12823	2718	36.3795	32.5626	2152	31	5	614	2	61	472	4	1.39081	847859	7.21449e-05	
11583	13434	2762	32.0383	27.3443	2033	28	8	625	17	86	527	6	2.19286	1.01308e+06	6.11396e-05	
11503	13019	2743	35.2684	33.7429	2101	29	6	612	25	83	516	6	1.71341	837203	7.01066e-05	
11061	13269	2746	21.7201	33.4203	2026	28	6	616	21	80	529	6	1.04699	1.31911e+06	5.85446e-05	
11833	12811	2795	27.5773	27.1662	2101	28	4	609	7	82	485	6	1.04699	1.31911e+06	5.85446e-05	
11205	12807	2707	26.3359	25.4991	2016	28	9	616	21	71	526	5	1.73581	1.14796e+06	5.97015e-05	
11670	13067	2786	31.283	27.7163	2017	28	8	635	10	73	479	4	1.59868	1.02169e+06	6.22316e-05	
12028	13281	2740	32.485	29.8132	2071	32	7	639	25	64	505	5	1.4284	977334	6.43087e-05	
11880	13093	2781	22.3789	26.9214	2101	28	8	630	28	65	509	6	1.32662	1.47537e+06	5.66283e-05	
11969	12958	2719	25.8485	28.2076	2071	29	8	647	10	67	524	6	1.0385	1.32932e+06	5.90947e-05	
12039	13041	2745	25.9374	29.696	2125	29	4	635	21	72	523	5	1.07337	1.30184e+06	5.93895e-05	
11914	13276	2772	34.1635	32.6454	2019	30	4	600	0	65	462	5	1.58179	895286	6.89655e-05	
11791	12733	2749	22.9323	26.3992	2152	31	7	635	19	80	512	5	0.948073	1.59169e+06	6.13384e-05	
11842	13064	2717	35.8819	27.0821	2003	30	8	623	21	82	483	5	1.35512	994578	6.42921e-05	
11468	12666	2735	29.7479	26.271	2013	29	8	623	17	62	456	5	1.27753	1.08902e+06	6.3597e-05	
11966	12920	2705	25.919	28.2021	2074	30	8	618	33	68	510	6	0.98744	1.34077e+06	6.01757e-05	
11643	13411	2706	29.9078	25.0296	2025	30	5	627	11	81	497	4	2.04238	1.10882e+06	5.98158e-05	
11720	12734	2709	35.6938	30.5824	2067	28	7	606	8	64	476	5	1.06553	946963	6.84229e-05	
12016	12602	2707	30.1766	29.392	2004	28	5	606	22	74	459	5	0.532216	1.28139e+06	8.67152e-05	
11980	13123	2786	31.8153	32.85	2086	28	5	622	20	72	502	5	1.29408	962165	6.51169e-05	
11711	12721	2712	26.8453	29.0238	2014	31	7	649	7	88	503	5	1.04205	1.20346e+06	6.19579e-05	
11720	12941	2748	27.2123	29.5206	2004	30	5	602	19	78	509	5	1.33664	1.09839e+06	6.19771e-05	
11959	12686	2720	30.9348	32.7503	2039	29	6	623	6	82	458	6	0.71393	1.2206e+06	6.8348e-05	
12041	12833	2800	29.8712	31.5609	2151	29	10	609	33	89	464	4	0.825764	1.24307e+06	6.39182e-05	
12079	12705	2716	23.6187	25.7849	2115	30	7	630	31	64	473	4	0.557899	1.08581e+06	0.00019279	
11158	12615	2719	33.2988	33.9768	2083	31	5	621	13	81	526	4	1.56764	844384	7.15973e-05	
11828	13044	2776	35.0939	27.3748	2150	28	7	645	6	73	476	5	1.37407	1.02318e+06	6.28378e-05	
11038	12664	2728	34.4118	34.0135	2072	32	4	643	18	89	520	4	1.29019	1.09261e+06	6.2027e-05	
11389	12605	2744	28.0575	28.267	2146	30	8	633	29	68	512	5	1.29019	1.09261e+06	6.2027e-05	
11696	12784	2736	34.3867	29.5307	2073	32	4	620	25	79	513	4	1.16909	995345	6.52699e-05	
12011	13177	2769	34.6596	29.679	2073	31	9	610	1	62	465	4	1.32484	956972	6.63042e-05	
11794	12669	2709	31.5651	28.7767	2058	30	8	641	21	75	492	6	0.888948	1.15534e+06	6.36132e-05	
12054	12641	2704	35.1798	27.4694	2000	31	5	644	3	71	497	5	0.542407	1.36925e+06	7.21709e-05	
11386	12869	2788	28.7878	29.9413	2058	32	8	626	23	84	530	5	1.66738	996846	6.35687e-05	
12015	13310	2729	26.6734	30.1529	2132	31	7	624	20	62	510	5	1.46183	1.08869e+06	6.18429e-05	
11979	12615	2741	25.4837	34.8525	2097	29	6	627	29	77	517	4	0.583132	1.17068e+06	0.00011241	
11711	12778	2714	28.6092	28.6246	2126	31	8	611	1	85	474	6	1.1232	1.11789e+06	6.25704e-05	
11636	13287	2766	28.5145	27.1977	2096	29	5	643	4	79	485	5	1.92093	1.08541e+06	6.02918e-05	
11670	13050	2786	29.4121	27.7163	2017	28	8	635	19	73	479	4	1.5712	1.05699e+06	6.14666e-05	
11783	12773	2789	34.826	31.9759	2142	30	6	609	31	86	450	5	1.07095	957615	6.77645e-05	
11976	13161	2700	21.4862	27.0847	2065	29	4	636	12	83	485	5	1.25073	1.56904e+06	5.79408e-05	
11770	12754	2773	29.9167	33.0341	2089	32	7	618	13	74	529	5	1.04775	1.0326e+06	6.58025e-05	
12008	12651	2700	23.6196	30.2747	2011	28	5	630	2	76	506	4	0.571863	1.10397e+06	0.000166445	
11381	13142	2780	32.934	26.2554	2109	28	6	637	21	71	509	6	2.0464	1.03729e+06	6.19886e-05	
11720	12734	2709	35.6938	28.5809	2067	28	7	606	8	64	476	5	1.06553	999591	6.65292e-05	
11490	13492	2713	30.9401	28.7417	2046	28	8	648	26	86	493	5	2.34004	967036	6.38244e-05	
12016	13103	2707	30.1766	28.6755	2004	28	5	606	23	74	468	5	1.18385	1.09817e+06	6.25626e-05	
11063	13148	2780	32.0591	28.8	2151	30	10	612	7	83	523	6	1.70374	1.05604e+06	6.09422e-05	
11574	13089	2733	28.2087	28.7965	2157	28	6	640	21	69	522	4	1.70374	1.05604e+06	6.09422e-05	
11916	13411	2763	36.1599	30.1292	2027	28	7	648	35	65	528	6	1.76187	916146	6.50364e-05	
11879	13068	2719	35.2981	25.5479	2049	29	5	636	25	86	497	4	1.31639	1.10064e+06	6.12858e-05	
11720	13081	2748	33.4049	29.5206	2004	30	5	602	14	78	509	5	1.53885	963237	6.46162e-05	
11949	13392	2724	31.5715	34.4123	2007	28	5	645	2	72	489	6	1.66581	876321	6.83107e-05	
12046	13483	2751	36.8814	29.5584	2068	29	5	634	10	76	516	5	1.69392	946317	6.4156e-05	
11969	12958	2724	25.8485	28.2076	2071	29	7	647	12	67	524	6	1.04041	1.33527e+06	5.89901e-05	
11416	12786	2723	33.2759	25.4986	2123	30	8	649	17	70	520	6	1.49444	1.05203e+06	6.22161e-05	
11672	13089	2757	28.8578	28.9846	2076	28	7	648	17	82	504	6	1.60337	1.04508e+06	6.13083e-05	
11675	13179	2720	36.3598	31.6511	2097	31	7	604	17	84	494	4	1.7101	856816	6.88516e-05	
11859	12951	2705	33.5926	25	2081	30	6	637	12	87	477	6	1.1781	1.14888e+06	6.0957e-05	
11720	13384	2787	23.4357	26.9258	2066	28	6	617	26	63	513	6	1.93891	1.26657e+06	5.73592e-05	
11738	13170	2753	29.0752	30.0481	2056	30	7	619	4	76	505	6	1.6316	1.00388e+06	6.29208e-05	
11446	12937	2795	34.934	31.4851	2124	32	7	608	11	69	495	4	1.70279	874801	6.88231e-05	
11606	13210	2793	33.0492	34.0326	2097	32	5	617	1	76	509	4	1.87954	858059	6.88279e-05	
11906	13334	2744	29.7553	30.7827	2038	31	8	612	33	76	491	6	1.64725	967873	6.44164e-05	
11265	12766	2736	35.7856	31.7008	2129	29	7	648	6	65	517	6	1.65302	854219	7.03136e-05	
11652	13174	2729	33.0726	30.5812	2068	31	9	643	25	72	515	5	1.73346	907578	6.61244e-05	
11658	12585	2711	27.1518	25.9838	2027	29	4	635	22	65	457	5	0.931376	1.3472e+06	6.14742e-05	
11748	12903	2704	28.3016	25.4784	2118	28	10	637	35	75	478	5	1.23643	1.18035e+06	5.94636e-05	
11471	12550	2723	31.6584	30.273	2055	28	9	624	30	70	505	4	1.1236	989041	6.57117e-05	
11584	12846	2711	30.7753	32.788	2068	30	6	618	14	73	492	5	1.36583	916825	6.80226e-05	
11704	13117	2716	27.6865	28.6906	2081	29	10	645	28	64	494	5	1.57482	1.05023e+06	6.23286e-05	
12100	12995	2709	35.8653	26.628	2155	30	5	604	11	84	456	5	0.947152	1.17e+06	6.28812e-05	
11698	13288	2791	24.625	26.0127	2133	30	8	625	10	69	494	5	1.84481	1.23186e+06	5.75871e-05	
11563	13261	2742	31.0367	26.3431	2153	29	6	634	1	79	495	5	1.96221	1.06282e+06	6.06318e-05	
11827	12715	2798	31.5331	26.7544	2137	32	10	629	20	67	482	5	0.938379	1.20809e+06	6.16067e-05	
11997	12909	2743	30.0005	33.8663	2153	28	8	628	3	67	506	5	0.963835	1.0672e+06	6.58631e-05	
11509	12743	2776	31.1605	25.2301	2144	30	4	650	35	86	492	4	1.35251	1.14648e+06	6.00673e-05	
11120	12550	2700	31.5468	30.8001	2142	31	7	611	2	81	463	5	1.51427	909385	6.92857e-05	
11507	12636	2756	27.3529	30.3169	2057	29	8	626	28	66	504	4	1.19421	1.08445e+06	6.36659e-05	
11130	12577	2736	33.7577	30.8001	2143	31	7	613	2	82	463	5	1.56095	884976	7.00133e-05	
11578	13163	2706	33.5203	34.2686	2030	31	9	650	8	88	501	4	1.79173	824116	7.06015e-05	
11469	12643	2722	33.482	30.3696	2123	31	9	612	14	72	509	6	1.24738	933195	6.70062e-05	
11914	13276	2772	34.1635	32.6454	2028	30	4	600	3	65	462	5	1.58179	895773	6.89227e-05	
11912	13145	2754	31.4081	33.2711	2015	32	5	615	6	88	455	5	1.39191	912453	6.81292e-05	
11470	12802	2731	29.9168	28.7819	2039	30	6	650	17	73	495	5	1.45056	1.01263e+06	6.39959e-05	
11503	13019	2743	34.3269	33.7429	2094	29	6	612	25	83	516	6	1.71259	847073	6.95797e-05	
12007	12962	2728	31.0233	27.9542	2100	28	8	602	23	70	450	5	1.01849	1.14708e+06	6.27077e-05	
11535	13196	2770	28.3741	28.6427	2045	28	7	608	14	88	501	6	1.91968	1.04439e+06	6.13008e-05	
11741	13181	2712	27.5171	27.7529	2115	29	9	641	14	75	496	6	1.61318	1.08648e+06	6.04705e-05	
11543	12873	2795	35.7253	25.5268	2118	29	7	630	33	78	530	5	1.50055	1.05938e+06	6.16181e-05	
11882	13458	2777	30.7317	34.8904	2090	30	6	641	17	81	529	5	1.87147	883405	6.66223e-05	
11345	12708	2774	36.807	31.8012	2041	30	4	634	11	89	482	5	1.50613	865932	7.05567e-05	
11830	13176	2759	29.4656	33.4218	2095	29	6	641	6	70	520	6	1.53255	944087	6.54108e-05	
11920	12602	2742	30.1766	29.392	2020	28	5	606	22	74	459	5	0.65692	1.35245e+06	6.87191e-05	
11331	12774	2783	28.004	29.2659	2041	29	9	650	14	86	526	6	1.60003	1.03867e+06	6.22123e-05	
11951	12867	2714	33.2475	28.9911	2029	29	4	628	14	83	486	5	0.960411	1.12005e+06	6.33232e-05	
11994	13485	2798	35.3409	33.657	2128	30	6	606	23	86	472	6	1.79014	859838	6.79071e-05	
11606	13210	2793	34.4435	33.4733	2097	32	6	619	1	76	509	4	1.88115	851579	6.89798e-05	
11980	13123	2772	31.8153	33.7919	2086	28	5	626	20	75	488	5	1.28757	935344	6.65735e-05	
11599	13381	2712	34.7016	33.0559	2035	28	7	638	16	73	504	4	2.06557	836064	6.95652e-05	
11733	13240	2733	29.3644	27.7335	2115	31	5	604	7	79	508	4	1.72101	1.0631e+06	6.07903e-05	
11770	12754	2728	29.9167	32.741	2089	32	8	618	16	68	524	5	1.03075	1.02179e+06	6.6569e-05	
11879	13276	2772	34.1635	32.6454	2019	30	4	605	8	65	469	6	1.62496	891849	6.88705e-05	
11995	12922	2775	36.4424	33.2847	2094	32	5	634	26	85	508	5	1.00373	958293	6.77553e-05	
11910	12801	2768	33.7018	28.7243	2104	29	9	638	8	66	472	6	0.943055	1.10255e+06	6.40533e-05	
12007	12962	2729	30.12	31.5762	2100	28	8	619	21	70	507	4	1.0169	1.08533e+06	6.36578e-05	
11888	13119	2754	27.2579	27.2327	2021	29	10	602	31	76	517	5	1.37428	1.15674e+06	5.88685e-05	
11748	13092	2800	29.8567	30.1546	2105	30	7	604	31	63	485	6	1.54211	1.00661e+06	6.38692e-05	
11539	13119	2709	36.6516	32.2529	2074	31	6	641	12	88	450	6	1.78337	829178	7.18494e-05	
11790	13411	2713	32.8911	31.3236	2053	31	7	648	34	65	530	6	1.87845	901369	6.62866e-05	
11963	13378	2717	34.6036	30.8435	2123	32	4	627	11	79	520	5	1.62946	931801	6.50407e-05	
12082	13208	2770	26.941	31.3653	2071	32	7	639	21	88	500	6	1.26134	1.10427e+06	6.2282e-05	
11541	13135	2751	32.8698	34.4385	2128	30	5	647	13	83	514	6	1.82683	854403	6.90703e-05	
11562	13086	2799	33.3357	28.138	2009	28	9	621	11	76	521	5	1.76671	976057	6.27786e-05	
11679	13099	2781	30.2275	26.8292	2038	32	5	624	6	89	507	5	1.62615	1.08241e+06	6.0412e-05	
11613	12823	2718	27.2426	29.5118	2152	31	5	622	1	63	530	5	1.29461	1.10054e+06	6.20232e-05	
11954	12579	2776	35.3388	31.1887	2115	30	9	600	10	62	463	6	0.600466	1.24823e+06	7.08065e-05	
11628	12711	2715	31.6332	34.1227	2089	28	4	640	16	71	495	5	1.14253	926255	6.90369e-05	
11696	12784	2784	34.3867	29.5307	2063	30	5	620	17	79	456	4	1.1896	985819	6.60458e-05	
12073	12979	2748	33.8216	27.2784	2075	32	7	642	26	78	470	5	0.971202	1.14601e+06	6.27865e-05	
12092	12899	2759	30.1417	31.1586	2090	29	5	637	1	84	483	6	0.838421	1.24988e+06	6.31792e-05	
12041	12833	2800	29.8712	31.5609	2131	29	10	609	33	89	464	4	0.825764	1.24173e+06	6.39959e-05	
11061	13269	2746	21	32.703	2026	28	6	616	21	80	529	6	0.817015	1.26933e+06	6.22432e-05	
11911	12718	2713	35.0781	25.4408	2110	31	6	619	32	72	485	4	0.817015	1.26933e+06	6.22432e-05	
11835	13494	2736	33.0457	26.1005	2096	30	8	608	11	76	495	4	1.9544	1.04119e+06	6.10426e-05	
11890	12754	2748	25.295	27.581	2077	30	4	633	9	66	498	6	0.873776	1.48439e+06	6.16523e-05	
12029	12675	2726	24.9987	34.9374	2055	32	6	626	29	89	494	5	0.593066	1.1674e+06	0.000116347	
12008	13022	2793	31.2726	31.9464	2001	29	6	631	19	66	487	6	1.12339	1.0234e+06	6.52699e-05	
11961	12807	2721	30.0397	31.4031	2051	30	10	604	4	64	463	5	0.866674	1.13701e+06	6.66978e-05	
11720	12941	2748	27.2123	27.2646	2004	30	5	602	19	78	509	5	1.33664	1.16453e+06	5.98372e-05	
11969	12958	2719	25.8485	30.6252	2071	29	8	647	10	67	524	6	1.0385	1.2555e+06	6.14931e-05	
11831	13198	2795	26.3368	28.8974	2024	29	7	628	6	64	482	6	1.56975	1.11689e+06	6.12407e-05	
11584	12899	2711	30.137	32.788	2087	28	6	608	10	73	492	5	1.43356	926531	6.7254e-05	
11728	12945	2737	34.3267	27.5644	2098	30	7	643	9	70	460	6	1.34302	1.00205e+06	6.5028e-05	
11733	12971	2792	23.8038	27.5685	2099	29	7	647	25	80	527	6	1.36174	1.32363e+06	5.71886e-05	
11979	12654	2744	26.2723	35	2097	28	5	627	29	85	513	4	0.638632	1.24427e+06	8.74814e-05	
11732	12704	2712	28.9738	34.5974	2077	30	5	621	9	75	506	6	1.00293	1.0234e+06	6.80828e-05	
11498	12560	2760	30.6251	31.4942	2055	30	8	644	2	63	502	6	1.11778	991903	6.6769e-05	
11438	12677	2703	36.0263	28.0131	2047	29	7	632	5	85	495	6	1.3203	950830	6.65425e-05	
12076	12827	2759	30.1417	31.1586	2105	29	5	637	1	84	471	6	0.762847	1.29521e+06	6.47207e-05	
11882	12879	2708	29.1777	28.6683	2118	30	9	630	32	64	516	5	1.04929	1.14987e+06	6.15915e-05	
11841	13497	2736	27.6718	26.3461	2006	30	7	612	5	80	478	5	1.93854	1.11383e+06	5.98265e-05	
12089	13051	2748	33.8216	27.2784	2080	32	7	648	26	78	470	5	1.0476	1.1161e+06	6.27038e-05	
11331	12845	2727	34.9588	33.5767	2051	29	7	641	31	75	500	5	1.67405	825069	7.18804e-05	
11985	13343	2700	31.2434	33.0318	2039	28	6	605	17	73	494	6	1.54092	911156	6.67022e-05	
11306	12599	2730	32.6429	30.3096	2144	30	7	627	25	61	502	4	1.38279	929331	6.74445e-05	
12087	12669	2736	31.8197	28.7576	2138	29	5	634	7	86	512	5	0.540258	1.30677e+06	7.99233e-05	
11796	13185	2718	29.8079	34.3455	2095	31	10	636	7	61	486	5	1.56355	885470	6.96864e-05	
11359	12639	2704	33.1485	29.0313	2016	32	8	624	22	80	468	6	1.36058	928767	6.8334e-05	
11969	12958	2719	25.8485	28.4607	2071	29	6	646	10	67	509	6	1.0385	1.32415e+06	5.96872e-05	
11949	13402	2719	30.3666	34.4123	2156	28	7	637	9	67	504	6	1.67396	893109	6.71276e-05	
11573	13092	2800	35.5669	30.5153	2053	30	10	647	23	66	502	4	1.76442	881168	6.75219e-05	
11633	12915	2703	34.721	31.0354	2136	30	4	646	14	82	462	6	1.39968	909967	6.83293e-05	
11614	13255	2732	35.5728	33.8522	2127	32	5	621	22	87	512	5	1.89232	831349	7.00918e-05	
12016	12695	2754	32.055	31.939	2143	30	9	616	19	69	522	5	0.666285	1.26714e+06	6.76498e-05	
11882	13128	2751	29.2359	27.581	2077	29	4	608	9	66	498	6	1.39911	1.12654e+06	6.02736e-05	
11530	13119	2769	27.2579	27.2327	2021	29	10	605	31	76	515	5	1.81587	1.09141e+06	6.00745e-05	
11979	12564	2744	26.7667	34.8525	2097	29	5	627	29	85	517	4	0.524596	1.12969e+06	0.000120977	
12011	13093	2769	34.6596	29.679	2073	31	9	610	1	62	461	4	1.21063	974238	6.64849e-05	
11952	12991	2757	30.5415	34.6092	2087	31	7	646	30	65	464	4	1.13503	946856	6.97058e-05	
11956	13068	2779	35.2981	25.5479	2033	28	5	636	25	86	497	4	1.25007	1.13903e+06	6.01034e-05	
11541	13177	2751	32.8698	34.4385	2062	30	5	647	13	83	514	6	1.88366	850113	6.93818e-05	
11791	12746	2749	24.3629	27.0803	2152	31	6	635	19	80	512	5	0.977773	1.4862e+06	5.88408e-05	
11839	13203	2716	23.9156	25.991	2078	29	9	605	3	77	512	5	1.50698	1.29469e+06	5.69314e-05	
11089	12625	2793	23.9799	33.6312	2088	32	5	603	21	78	523	4	1.8966	904407	6.60589e-05	
11966	12608	2744	22.6437	31.5669	2052	31	5	629	16	85	503	5	1.8966	904407	6.60589e-05	
11514	13174	2729	33.0726	30.5812	2068	29	9	645	25	70	525	5	1.8966	904407	6.60589e-05	
11587	13050	2763	31.345	27.3721	2055	29	6	612	8	64	524	5	1.66241	1.04084e+06	6.16067e-05	
11854	13222	2789	34.826	31.9242	2160	30	6	604	35	86	450	5	1.5919	896695	6.73219e-05	
11159	12550	2779	30.0601	28.7741	2136	29	7	639	18	68	509	4	1.51027	1.00752e+06	6.39182e-05	
12100	12675	2726	27.053	34.9374	2054	32	5	611	34	89	504	5	0.51665	1.12202e+06	0.000123411	
11595	12589	2800	25.0175	28.1547	2077	29	8	613	24	88	524	4	1.03241	1.38514e+06	5.86992e-05	
11828	13044	2787	35.0939	27.3748	2140	28	7	636	6	73	486	5	1.37952	1.02809e+06	6.23752e-05	
11518	12607	2756	21.6789	25.7145	2083	29	9	637	25	64	503	5	1.09864	1.64246e+06	5.88201e-05	
11889	13361	2752	22.8479	25.8028	2058	31	6	640	22	61	513	6	1.67176	1.34186e+06	5.71331e-05	
12079	12729	2716	23.6187	25.7849	2115	30	7	630	30	64	482	4	0.588888	1.1902e+06	0.000153163	
11131	13458	2744	35.0122	33.6495	2057	31	9	601	3	71	462	4	2.74205	794588	7.48335e-05	
12087	12669	2736	31.8197	28.7576	2138	29	5	634	7	86	510	5	0.540258	1.30681e+06	7.99297e-05	
12042	12730	2769	23.9362	33.0536	2100	31	4	646	19	75	485	5	0.650648	1.23574e+06	0.000113289	
11961	12602	2750	27.9242	34.0428	2101	32	8	642	16	76	464	5	0.601807	1.24625e+06	8.54555e-05	
12013	12761	2708	22.1792	32.6955	2131	31	9	648	16	84	484	6	0.693994	1.2159e+06	0.000133976	
11963	12614	2734	23.833	27.4604	2116	29	5	607	8	85	480	5	0.588278	1.1987e+06	0.000141804	
11789	12683	2758	24.12	25.6334	2010	32	7	622	23	78	487	4	0.898935	1.54314e+06	6.18544e-05	
11270	13438	2748	35.1204	32.793	2003	31	8	643	20	79	459	4	2.5585	812752	7.3244e-05	
12019	12640	2738	29.736	26.1168	2145	31	9	632	0	69	459	5	0.582626	1.38347e+06	7.72977e-05	
11819	12730	2769	23.9362	28.6848	2100	31	4	646	27	75	485	5	0.92617	1.49094e+06	6.27628e-05	
11270	13438	2748	35.1204	32.793	2003	31	7	643	20	79	459	4	2.5585	815569	7.31689e-05	
11171	13494	2745	29.7235	27.6233	2141	28	9	621	32	76	520	5	2.73868	1.01476e+06	6.23791e-05	
11454	13499	2713	29.9273	33.8872	2100	29	7	641	5	83	520	5	2.38927	882116	6.78472e-05	
11901	12651	2701	25.4007	34.4277	2108	30	9	634	21	73	527	6	0.714136	1.30125e+06	7.72798e-05	
11521	12653	2709	22.8421	26.6797	2156	29	8	643	9	82	482	5	1.14936	1.43937e+06	5.90982e-05	
11607	12753	2759	23.2842	25.5222	2109	30	5	620	22	77	460	4	1.20346	1.4286e+06	5.8713e-05	
12067	12713	2776	30.3456	29.0295	2082	30	8	637	4	63	515	5	0.628228	1.35573e+06	7.11997e-05	
11665	12670	2735	23.3175	27.4709	2061	29	5	632	28	66	530	5	1.01639	1.51174e+06	5.92335e-05	
12079	12772	2710	27.1533	30.0027	2140	32	7	620	35	68	508	6	0.66481	1.35092e+06	7.54546e-05	
11799	12653	2716	25.7522	29.2358	2085	29	9	640	10	78	458	5	0.845471	1.37656e+06	6.43252e-05	
11092	13145	2752	32.676	33.9075	2157	31	8	646	20	61	460	6	2.36372	822043	7.43163e-05	
11551	13415	2718	25.2208	26.4554	2038	31	6	627	15	86	507	5	2.14649	1.15267e+06	5.93437e-05	
11063	13148	2785	28.2955	28.4531	2160	30	10	604	8	83	526	6	0.898935	1.54314e+06	6.18544e-05	
11570	12971	2743	23.8038	26.932	2099	29	7	646	25	80	527	6	1.53268	1.26486e+06	5.77467e-05	
11904	12689	2735	27.8811	30.7224	2112	31	9	619	15	89	496	6	0.780426	1.32206e+06	6.47752e-05	
11410	13340	2775	31.0794	28.9409	2057	28	6	627	14	79	491	6	2.27731	977705	6.37186e-05	
11860	12679	2790	25.6342	29.9956	2125	31	5	635	5	88	521	5	0.826878	1.43106e+06	6.41108e-05	
12004	13299	2795	23.5718	28.5825	2018	29	8	607	30	75	515	5	1.4751	1.28168e+06	5.81801e-05	
11616	13411	2706	29.9078	25.0296	2051	30	5	624	11	81	493	4	2.07416	1.10994e+06	5.99233e-05	
11455	12603	2739	28.5917	33.2532	2049	31	7	603	5	82	488	4	1.20984	969153	6.79856e-05	
11360	13188	2744	34.336	32.6885	2027	31	10	626	31	78	462	4	2.10815	824398	7.20669e-05	
12096	12849	2781	28.3832	30.8714	2076	30	5	629	5	73	493	5	0.768106	1.35345e+06	6.51806e-05	
12004	13276	2760	26.3368	28.8974	2024	29	7	628	13	64	482	6	1.44381	1.13835e+06	6.10986e-05	
11607	12585	2706	26.3614	26.0853	2027	29	4	635	23	65	455	5	0.986123	1.3317e+06	6.16067e-05	
11542	13418	2717	36.9185	29.9058	2081	31	6	637	5	83	495	5	2.18822	879976	6.82967e-05	
11890	13097	2748	25.3624	27.581	2077	29	4	608	9	66	491	6	1.32965	1.25038e+06	5.91471e-05	
11789	12718	2713	35.0781	25.4408	2110	31	7	617	34	70	493	4	0.963705	1.15817e+06	6.26606e-05	
11657	12833	2713	27.2137	33.1769	2157	31	5	617	8	70	529	5	1.25317	1.02362e+06	6.54965e-05	
11331	13308	2780	33.4975	28.511	2009	31	10	608	4	87	489	6	2.33432	925477	6.59674e-05	
11054	12607	2766	26.5049	26.2851	2103	31	9	613	15	72	499	6	1.68553	1.11955e+06	6.16371e-05	
11802	13310	2740	29.6986	34.8478	2115	31	7	624	20	68	510	5	1.73829	885720	6.83107e-05	
11483	12823	2769	33.1847	32.6241	2091	31	8	622	18	70	450	4	1.48917	868706	7.07714e-05	
11636	13287	2766	28.5145	27.1977	2096	29	5	643	4	79	485	5	1.92093	1.08543e+06	6.02918e-05	
11437	12759	2724	27.182	25.335	2055	30	7	603	20	74	503	6	1.4205	1.1745e+06	5.9609e-05	
12038	13194	2706	24.5833	26.6798	2097	30	8	633	3	66	473	6	1.25405	1.31018e+06	5.92452e-05	
11843	12716	2713	26.7216	35	2150	31	7	638	32	71	459	5	0.877692	1.16655e+06	6.95459e-05	
11546	13383	2721	22.8304	26.2432	2092	30	6	638	16	81	524	6	2.09167	1.2734e+06	5.74367e-05	
11563	13261	2742	32.7997	31.8647	2153	29	6	619	1	79	495	5	1.96516	896724	6.67067e-05	
11875	12785	2800	29.8712	31.5609	2160	29	9	609	33	88	477	4	0.969277	1.12936e+06	6.3484e-05	
11331	12774	2783	28.004	30.0709	2030	29	9	650	14	85	526	6	1.60003	1.01892e+06	6.30795e-05	
12008	13022	2793	32.2584	31.9464	2001	30	6	631	19	66	494	6	1.12512	1.00347e+06	6.5716e-05	
11733	12971	2749	23.8038	26.932	2103	29	7	647	25	76	527	6	1.34077	1.33234e+06	5.71527e-05	
11698	12895	2741	26.8992	29.684	2081	32	5	617	20	75	471	5	1.2974	1.0944e+06	6.36983e-05	
11221	12807	2707	26.3359	25.4991	2011	31	9	616	21	67	526	5	1.71764	1.13233e+06	6.07903e-05	
11678	13291	2734	34.2933	30.8526	2088	32	6	638	22	71	495	4	1.86525	892047	6.74809e-05	
11737	13104	2772	26.4964	26.5085	2031	30	4	628	10	81	483	4	1.54436	1.17955e+06	5.90667e-05	
11307	13103	2742	22.4731	25.2403	2079	29	6	614	6	72	506	4	2.0038	1.3203e+06	5.75672e-05	
11044	12772	2736	31.1353	34.861	2033	31	9	624	6	84	488	4	1.90736	829655	7.31529e-05	
11222	12981	2743	36.4568	31.2006	2111	31	6	626	19	65	495	5	1.99108	842929	7.16589e-05	
11539	13129	2790	35.7253	25.5268	2118	29	7	627	33	73	529	5	1.84983	1.04199e+06	6.18774e-05	
11711	12721	2712	26.8453	29.0238	2018	31	6	649	15	88	503	5	1.04205	1.20873e+06	6.19195e-05	
12003	13073	2752	29.8421	31.8515	2048	30	5	633	24	74	463	5	1.17839	1.02401e+06	6.5548e-05	
11366	13178	2738	31.0375	25.2165	2146	28	8	641	10	79	496	5	2.07831	1.07686e+06	6.06612e-05	
11521	13454	2725	27.1828	29.3143	2133	31	7	619	32	82	509	6	2.25071	1.03271e+06	6.22859e-05	
11628	12711	2715	28.6173	34.081	2088	28	4	640	16	71	513	5	1.13532	997672	6.71772e-05	
11675	13179	2720	36.3598	31.6511	2087	31	7	600	17	84	509	5	1.7101	859182	6.86248e-05	
11812	13354	2710	37	30.8238	2083	30	9	609	20	67	452	5	1.77628	854325	7.0279e-05	
11521	12661	2709	22.8421	26.6797	2156	29	8	643	9	82	482	5	1.15961	1.43319e+06	5.90912e-05	
11583	13351	2722	32.4676	33.6267	2075	30	10	631	28	72	476	5	2.04866	839475	7.04275e-05	
11595	12615	2774	25.0175	28.9251	2086	28	7	613	14	88	524	4	1.0568	1.34226e+06	5.92874e-05	
12100	13081	2770	29.4947	33.5889	2071	30	8	615	4	71	480	5	1.07491	1.03753e+06	6.62032e-05	
11721	12704	2712	28.9738	34.5974	2054	30	5	638	9	75	506	6	1.01601	1.01574e+06	6.82035e-05	
11843	12716	2750	27.1228	34.772	2150	32	7	638	32	71	459	5	0.891446	1.15602e+06	6.91659e-05	
11633	12945	2715	24.6493	27.2696	2122	30	5	614	27	77	493	6	1.4151	1.22511e+06	5.95593e-05	
11671	12709	2719	22.5141	28.2319	2123	29	8	635	29	85	473	5	1.04532	1.50138e+06	6.1237e-05	
11335	13334	2788	36.126	28.908	2128	29	8	635	3	76	521	5	2.37475	911410	6.62515e-05	
11890	13128	2748	24.3028	28.0125	2077	29	4	608	12	66	498	6	1.36419	1.27822e+06	5.90005e-05	
11583	13342	2713	33.3327	31.698	2111	29	5	626	14	74	530	5	2.03086	894535	6.6538e-05	
11879	13436	2747	25.9009	29.3937	2049	29	5	608	17	63	524	4	1.80755	1.10614e+06	6.04157e-05	
11076	12708	2795	33.9774	32.1046	2155	32	10	608	34	76	456	5	1.83058	844553	7.21293e-05	
12071	12754	2776	29.53	29.0295	2090	30	8	637	11	63	503	5	0.675353	1.37739e+06	6.81732e-05	
11574	13089	2733	27.6147	29.1435	2157	28	6	640	21	69	522	4	1.70157	1.06008e+06	6.10352e-05	
11464	13423	2780	33.7929	29.6152	2145	30	8	628	30	69	503	5	2.3368	919720	6.56513e-05	
11430	13325	2732	34.0326	32.8907	2136	30	8	648	16	62	519	5	2.20261	843010	6.97399e-05	
11220	12564	2776	30.0802	31.5421	2102	31	9	633	4	81	486	5	1.45606	936980	6.73627e-05	
12089	13459	2734	23.4873	29.1708	2089	28	9	645	17	66	508	5	1.55624	1.23801e+06	5.89414e-05	
11134	12695	2743	30.7798	33.5577	2107	30	9	635	13	79	520	6	1.7086	876928	6.96379e-05	
11387	12878	2729	31.9879	28.7819	2114	30	9	611	28	86	484	5	1.65007	956586	6.50237e-05	
11671	12709	2713	22.5141	28.2319	2123	29	8	635	29	85	473	5	1.04301	1.49974e+06	6.13083e-05	
11374	13326	2738	36.5617	31.0532	2054	32	9	643	9	69	512	5	2.27615	835374	7.07314e-05	
11267	12673	2723	26.6002	27.8708	2148	28	8	608	29	65	490	6	1.50261	1.10223e+06	6.2162e-05	
11372	13179	2751	36.3598	31.6511	2084	31	7	601	17	84	509	5	2.08883	844694	6.99888e-05	
11842	13064	2717	35.8819	27.0821	2003	30	8	623	21	82	483	5	1.35512	994646	6.42921e-05	
11586	12791	2707	31.0129	25.2468	2010	29	7	634	30	75	454	5	1.2906	1.09722e+06	6.27471e-05	
11437	12759	2714	27.182	25.335	2055	30	7	608	20	86	483	6	1.41528	1.16422e+06	6.00781e-05	
11604	13497	2722	31.4938	31.0499	2058	29	4	621	6	82	480	6	2.22172	929579	6.60066e-05	
11747	12992	2794	26.6304	28.5069	2143	30	8	606	16	65	503	5	1.39235	1.15025e+06	6.01359e-05	
11170	12912	2716	33.1298	33.7111	2056	31	6	627	29	78	477	5	1.93699	826885	7.29874e-05	
11170	12912	2726	33.1298	33.7111	2076	31	6	620	29	78	477	4	1.94412	828803	7.26797e-05	
11747	13478	2713	33.0359	33.2705	2125	29	7	601	11	68	486	5	2.02135	857550	6.89085e-05	
11937	13081	2757	29.4947	33.5889	2071	30	8	615	4	71	468	5	1.27186	960799	6.73945e-05	
11656	12969	2783	25.4352	28.2144	2150	31	9	641	2	89	508	4	1.4602	1.17e+06	5.91436e-05	
11552	13011	2711	35.6648	29.3262	2068	28	7	648	10	82	459	6	1.62588	906631	6.78476e-05	
11945	13177	2769	34.6596	29.7011	2073	31	9	610	1	62	461	4	1.40671	942003	6.67824e-05	
11999	13375	2751	23.6705	29.4527	2068	29	5	642	25	76	516	5	1.56317	1.22547e+06	5.89414e-05	
11539	13119	2709	36.6516	31.5302	2074	31	6	641	12	88	470	6	1.78337	848143	7.03977e-05	
12033	12899	2728	25.2576	30.7738	2000	32	7	629	7	90	523	6	0.882346	1.37934e+06	6.39836e-05	
11151	12640	2745	34.6633	30.1356	2139	32	6	611	18	71	519	5	1.6245	897994	6.88468e-05	
11912	13145	2754	31.4081	32.2663	2015	32	4	615	6	88	455	5	1.39191	938422	6.70691e-05	
11508	12880	2732	28.3586	27.3589	2004	31	5	640	14	70	510	5	1.50428	1.08219e+06	6.19157e-05	
11921	13473	2706	28.2052	30.8247	2110	31	8	636	13	77	459	4	1.79027	978186	6.49182e-05	
11539	13104	2708	31.5625	25.5231	2089	31	7	631	7	79	480	4	1.75741	1.05518e+06	6.21118e-05	
11672	13405	2719	33.0708	28.4626	2067	29	9	631	26	84	455	6	2.01543	943176	6.52869e-05	
11151	12640	2731	34.0022	30.1356	2139	32	6	611	18	71	519	5	1.61557	904036	6.85683e-05	
12100	13017	2741	25.9996	31.4485	2143	30	9	616	19	77	522	5	0.964622	1.30564e+06	6.16903e-05	
11854	12962	2762	25.4652	29.7805	2050	31	8	623	2	76	510	6	1.19957	1.20334e+06	6.11845e-05	
11448	12697	2783	36.1534	28.2836	2085	28	5	600	29	83	465	5	1.37394	962935	6.65159e-05	
11502	13185	2770	30.1417	31.2869	2140	31	9	623	5	62	507	5	1.94909	933671	6.58675e-05	
11430	13353	2763	31.8217	32.8907	2139	30	7	648	14	62	519	5	2.26316	878105	6.80596e-05	
11588	13240	2733	29.3644	27.7335	2143	31	4	611	7	79	508	6	1.89383	1.05944e+06	6.1192e-05	
11672	13401	2719	33.0708	29.7871	2081	29	9	626	26	84	455	6	2.00998	913560	6.63834e-05	
11213	13205	2705	23.9509	25.4566	2142	31	5	621	4	77	530	5	2.23378	1.2325e+06	5.83908e-05	
11558	13453	2739	30.3514	31.0654	2114	30	9	646	26	69	514	4	2.22712	928259	6.51933e-05	
11516	12553	2731	28.7636	27.6217	2109	32	7	613	32	62	500	6	1.07108	1.14332e+06	6.2905e-05	
11469	13344	2773	26.7605	29.5421	2062	31	8	622	24	88	513	5	2.19768	1.03643e+06	6.21427e-05	
11696	12784	2784	34.3867	29.5307	2063	32	4	620	17	79	456	4	1.1896	987864	6.65557e-05	
11574	12648	2800	26.7435	31.2524	2063	28	7	625	9	61	517	4	1.14549	1.13208e+06	6.30636e-05	
11357	12784	2734	27.0111	30.4655	2090	30	6	626	23	89	508	5	1.55085	1.03022e+06	6.36618e-05	
11520	12867	2754	29.8871	33.463	2127	30	9	650	21	90	509	5	1.48939	919858	6.68003e-05	
11070	12553	2711	33.4555	29.7759	2020	29	6	604	8	68	500	4	1.58331	902326	6.91419e-05	
12001	13289	2776	27.4832	32.019	2090	30	6	635	6	60	495	5	1.47901	1.02878e+06	6.39918e-05	
11771	12986	2758	26.4254	26.7063	2064	32	5	618	11	63	491	6	1.33628	1.2059e+06	6.02591e-05	
12029	12985	2724	33.2224	32.3956	2119	31	5	634	16	66	458	6	1.02397	988794	6.83434e-05	
11726	12721	2795	25.6764	27.0681	2089	32	7	638	31	85	460	4	1.04953	1.32637e+06	6.06208e-05	
11516	12553	2734	28.7636	27.6217	2109	32	7	613	32	64	500	6	1.07225	1.14502e+06	6.27549e-05	
11381	13142	2780	31.6509	26.2554	2132	28	6	637	27	71	503	6	2.04438	1.05497e+06	6.13535e-05	
11078	12607	2766	26.5049	26.2851	2102	31	9	613	15	72	499	6	1.65806	1.12195e+06	6.15309e-05	
11446	13229	2795	32.2576	29.1105	2112	29	4	644	18	74	522	5	2.09875	982503	6.32151e-05	
11720	12734	2709	35.6938	30.5824	2067	28	7	606	8	64	476	5	1.06553	947023	6.84229e-05	
11541	13177	2751	32.8698	34.4385	2128	30	5	647	13	83	514	6	1.88366	853102	6.90703e-05	
11658	13300	2737	24.2964	25.8667	2124	29	6	628	8	79	489	4	1.87085	1.23268e+06	5.76768e-05	
11932	13289	2776	29.6739	32.019	2090	30	6	635	6	60	495	5	1.57191	967107	6.49857e-05	
11581	12941	2760	33.2068	30.8353	2082	30	7	604	25	90	478	6	1.52454	922461	6.6379e-05	
11980	13364	2740	26.0883	31.0864	2146	32	8	617	30	73	522	4	1.58164	1.06157e+06	6.20232e-05	
11995	13094	2716	29.0379	30.6773	2030	29	8	628	5	71	482	5	1.19845	1.0495e+06	6.38733e-05	
11845	12918	2772	25.6093	29.3675	2092	30	9	606	11	60	528	5	1.15682	1.23658e+06	6.0551e-05	
11693	12993	2799	34.8154	30.3989	2031	32	6	628	32	63	471	5	1.48195	916994	6.8362e-05	