12100	13455	2793	21.8243	25	2092	28	6	626	17	86	529	5	1.55134	1.54793e+06	5.28653e-05	
11296	13399	2711	37	35	2113	32	10	631	9	65	492	5	2.44242	757167	7.64526e-05	
12100	12554	2719	28.5079	34.4272	2111	31	6	610	14	68	515	5	0.365598	857525	0.000291886	
12100	12550	2700	28.8981	35	2112	31	6	601	18	63	505	6	0.359181	867805	0.000276549	
11296	13128	2702	37	35	2057	32	9	631	9	66	494	5	2.07123	756874	7.67754e-05	
12100	13365	2769	21	25	2107	29	6	631	12	87	529	5	1.40034	1.70535e+06	5.32056e-05	
11305	13347	2713	36.5617	35	2000	31	9	628	7	72	514	4	2.36316	766508	7.52785e-05	
11296	13240	2706	37	35	2100	32	9	624	9	65	492	5	2.22368	757766	7.6558e-05	
12100	12550	2758	28.741	34.6836	2000	31	9	610	12	62	504	6	0.366412	860276	0.000288434	
12100	13317	2778	21.8581	25	2107	29	6	640	10	83	530	5	1.35163	1.62966e+06	5.32425e-05	
12079	13257	2785	21.8869	25	2092	29	5	621	5	76	530	5	1.29887	1.66597e+06	5.35992e-05	
12100	13260	2791	21.8243	25	2098	28	8	639	14	75	524	5	1.27846	1.68e+06	5.36913e-05	
12100	12550	2736	30.4776	34.1652	2035	30	8	606	19	60	495	5	0.368074	989066	0.000191791	
12100	12550	2720	30.691	34.9258	2048	28	8	600	4	70	501	5	0.366383	993152	0.000185977	
12097	12554	2742	28.5477	34.3945	2124	31	7	606	11	68	514	6	0.372542	881039	0.000272257	
12100	12550	2761	30.0539	34.6836	2021	31	8	610	12	62	504	6	0.370448	971931	0.000206016	
12100	12558	2715	28.8981	34.0649	2106	31	6	600	21	61	514	6	0.37137	914997	0.000243072	
12100	12550	2702	29.3553	30.6202	2159	31	6	617	5	72	510	6	0.36075	941346	0.000237925	
12100	12550	2715	30.21	34.1368	2112	31	8	614	18	63	491	6	0.364644	973509	0.000201369	
12100	13122	2785	24.0082	25	2124	29	5	650	3	77	530	5	1.10963	1.5888e+06	5.41947e-05	
12100	12550	2752	28.9738	34.2125	2095	31	8	600	11	65	505	6	0.366326	889900	0.000266667	
12100	12550	2700	30.9315	26.5384	2062	30	7	635	20	71	502	5	0.364182	1.06695e+06	0.00017449	
12100	12550	2743	29.0729	34.6784	2147	31	9	605	26	68	482	5	0.365421	896641	0.000259808	
12048	12550	2711	26.756	34.8444	2102	30	8	621	25	64	515	5	0.416375	891050	0.000255951	
11504	13387	2717	37	35	2000	31	9	646	9	75	514	5	2.19055	771613	7.4085e-05	
12100	12550	2700	31.2389	26.1346	2094	28	10	633	19	72	501	5	0.36478	1.07815e+06	0.000167056	
12083	12550	2731	28.1616	34.6528	2127	28	8	600	18	66	507	5	0.381919	886845	0.000264061	
12100	12559	2700	31.1612	34.9553	2105	31	8	603	18	61	499	6	0.376037	1.02097e+06	0.000161812	
11541	13387	2717	37	35	2000	31	8	646	9	75	514	5	2.14723	775016	7.37953e-05	
12097	12550	2743	28.5477	34.3945	2124	31	7	606	11	68	521	5	0.367529	859696	0.00029163	
12099	12550	2700	29.4766	35	2098	31	7	603	18	75	516	6	0.362031	928761	0.000231911	
12099	12554	2727	29.4743	35	2134	31	7	607	15	61	511	6	0.370764	944249	0.000219829	
11671	13413	2716	36.7191	35	2075	31	9	646	12	72	499	5	2.02842	779978	7.31154e-05	
12100	12550	2700	29.3097	34.2125	2097	30	7	601	18	65	523	6	0.360358	911700	0.000244678	
12100	13372	2757	21.9359	25	2115	28	7	634	16	83	530	5	1.41811	1.58014e+06	5.32056e-05	
12100	12550	2700	31.6128	35	2152	31	6	642	7	76	509	5	0.365459	1.02247e+06	0.000164745	
11504	13347	2703	36.5617	35	2001	31	9	638	9	68	530	5	2.12502	773414	7.39645e-05	
12100	12550	2700	28.9738	34.2125	2098	30	8	603	11	65	501	6	0.359405	881080	0.000269107	
12100	12550	2700	28.8981	34.2125	2097	30	7	601	18	65	523	6	0.359181	873364	0.000275255	
12100	12550	2727	31.3492	35	2118	30	7	603	18	78	495	6	0.368635	1.01679e+06	0.000169549	
11296	13190	2716	36.5642	35	2100	32	9	636	8	70	494	5	2.16459	766703	7.5683e-05	
12100	12589	2700	27.3274	35	2098	31	6	606	18	72	509	6	0.403204	897992	0.00025227	
11555	13433	2707	37	34.7706	2004	32	8	623	11	69	474	5	2.18538	765491	7.56773e-05	
12100	13411	2770	21	25	2107	29	5	640	10	85	530	4	1.46462	1.67193e+06	5.3011e-05	
12100	12550	2700	29.3241	26.0838	2063	31	7	645	17	70	527	5	0.360398	978541	0.000235627	
12100	12550	2707	33.9166	26.0838	2046	31	7	645	19	71	513	5	0.369609	1.15512e+06	0.000129383	
12100	12550	2702	30.6622	31.0806	2159	31	6	617	5	72	506	5	0.363897	1.01475e+06	0.000184536	
12042	13283	2757	31.8878	25.6308	2129	28	7	628	11	88	517	4	1.42168	1.15145e+06	5.73526e-05	
12100	13435	2793	21.8243	25	2092	28	6	622	17	86	529	5	1.52327	1.56077e+06	5.28793e-05	
12100	13331	2752	21.9359	25	2090	29	6	640	12	87	529	5	1.35922	1.59834e+06	5.35389e-05	
11744	13500	2701	36.7191	35	2075	32	9	650	1	80	512	5	2.0491	782008	7.22804e-05	
12096	12554	2713	30.691	34.4774	2118	29	8	602	12	71	515	5	0.375442	1.01272e+06	0.000172147	
12038	13395	2787	21.8243	25	2118	28	8	621	17	77	529	5	1.54208	1.53902e+06	5.32113e-05	
12100	12550	2700	28.9738	33.2495	2114	31	7	601	20	65	501	6	0.359405	884864	0.00026824	
12100	12550	2700	30.6227	26.0838	2060	31	7	612	19	66	515	5	0.363544	1.05044e+06	0.000182682	
12100	12592	2700	32.3528	35	2062	31	6	636	17	71	528	5	0.419953	1.09979e+06	0.000116754	
12097	12550	2720	29.5227	33.7794	2026	28	8	620	19	64	504	6	0.367297	948785	0.000222124	
12043	12578	2706	25.6624	34.5525	2130	30	8	637	15	69	498	5	0.451766	907081	0.000246853	
12097	12554	2743	29.4743	34.0914	2134	32	7	606	18	61	511	6	0.375422	959279	0.00021322	
12100	12550	2700	30.8447	26.0554	2063	31	8	645	3	71	500	5	0.364007	1.06668e+06	0.000176367	
12100	12555	2710	35.1148	35	2140	29	8	611	21	71	530	6	0.377489	1.08577e+06	0.000120773	
12087	12560	2729	36.9988	35	2054	29	9	622	14	65	520	6	0.40375	1.13681e+06	0.000101688	
12100	13411	2770	21.3714	25	2107	29	6	640	10	82	530	5	1.47072	1.61646e+06	5.3166e-05	
11268	13106	2703	36.176	35	2076	32	9	618	24	72	497	5	2.07435	767782	7.58093e-05	
11442	13266	2713	36.5617	35	2085	32	9	641	7	69	516	4	2.09574	772962	7.42335e-05	
12100	12550	2742	29.2062	34.3278	2050	30	10	611	23	60	494	4	0.365672	907658	0.000250438	
12100	12550	2706	34.7342	29.7412	2062	31	7	630	19	71	513	4	0.370265	1.11839e+06	0.000124533	
12094	12550	2743	29.6267	33.9867	2098	32	9	602	18	60	490	5	0.374402	964093	0.000209512	
12100	12550	2716	34.6221	35	2130	32	8	600	17	68	512	5	0.371534	1.07066e+06	0.000127861	
12093	12550	2710	34.7927	35	2096	29	8	615	20	74	513	6	0.379446	1.08382e+06	0.000121595	
12100	12551	2743	33.6461	35	2140	31	7	610	18	68	521	6	0.37551	1.0649e+06	0.000134862	
12079	13104	2777	25.0674	25.0927	2096	29	4	627	10	81	516	4	1.11608	1.50986e+06	5.47046e-05	
12100	12554	2748	29.5993	34.0914	2147	32	7	606	20	65	481	6	0.37271	959077	0.000215471	
12083	12550	2728	28.1616	34.2799	2125	28	8	600	12	84	519	5	0.3815	891743	0.000263227	
12100	12550	2700	29.4766	28.4414	2105	30	8	603	5	63	499	6	0.36081	956657	0.000230203	
12100	12555	2710	33.5735	35	2017	29	8	611	20	71	501	6	0.375996	1.06194e+06	0.000133014	
11296	13190	2706	37	35	2100	32	9	636	9	66	494	5	2.15683	759199	7.64175e-05	
11975	13345	2800	36.3137	33.7296	2059	29	10	626	16	89	495	4	1.61932	844282	6.7861e-05	
12100	12550	2702	29.3553	30.6202	2159	31	6	617	5	72	510	5	0.36075	941557	0.000237869	
12100	12550	2715	31.9785	34.1904	2050	32	8	605	16	66	484	4	0.368109	1.0321e+06	0.000157953	
11504	13333	2717	36.5617	35	2000	31	9	643	3	69	514	5	2.11706	773603	7.41455e-05	
12100	13080	2777	25.0674	25	2096	30	4	627	7	79	516	4	1.05709	1.54197e+06	5.51876e-05	
12100	13384	2722	25.0765	26.1847	2107	28	6	622	12	75	530	5	1.44555	1.29768e+06	5.5537e-05	
11962	12609	2738	35.4475	25.1054	2056	28	6	650	20	82	518	5	0.621204	1.45021e+06	6.35243e-05	
12100	12550	2702	31.6128	26.0582	2138	31	6	642	8	74	509	5	0.36573	1.09723e+06	0.000159337	
12100	12550	2738	37	28.6034	2124	32	7	603	6	79	512	6	0.376132	1.18042e+06	0.000109938	
11776	13334	2758	37	33.7296	2055	29	10	626	16	89	495	4	1.82402	814171	6.98519e-05	
12068	12550	2703	36.7275	34.466	2101	31	8	600	18	62	505	6	0.410287	1.14731e+06	9.90884e-05	
12100	13420	2772	22.0209	25.0214	2092	29	8	614	10	87	529	5	1.49359	1.53399e+06	5.34445e-05	
11840	13416	2793	37	34.6515	2095	30	9	629	24	79	508	5	1.88274	808933	7.00624e-05	
12100	12550	2700	33.3719	32.7395	2160	31	7	647	3	71	523	5	0.368036	1.06903e+06	0.000138332	
12094	12550	2743	29.2559	33.9867	2103	32	9	602	18	61	481	5	0.373392	938113	0.000227635	
11469	13266	2713	36.5617	35	2085	32	9	641	7	69	516	4	2.06436	774123	7.40686e-05	
12087	12859	2772	32.8424	25	2066	31	9	628	29	76	515	5	0.800271	1.38886e+06	5.91261e-05	
12100	12550	2700	34.7342	25.893	2045	31	7	642	14	71	513	4	0.369444	1.17215e+06	0.00012273	
12100	12552	2756	29.9171	35	2118	30	8	603	19	63	512	4	0.372026	966589	0.000206654	
12100	12550	2702	28.9499	25.9417	2132	31	6	611	7	67	509	5	0.359601	936306	0.000262123	
12100	12550	2700	36.7413	35	2091	31	6	601	17	64	505	6	0.370791	1.10276e+06	0.000115062	
12100	12569	2753	28.8558	34.5038	2135	29	8	609	8	60	515	5	0.390663	960630	0.000211282	
11908	12591	2758	35.5655	28.1652	2000	31	8	645	20	68	505	6	0.668921	1.27383e+06	6.5703e-05	
12100	13371	2776	24.7301	25	2107	29	6	640	20	83	526	5	1.45383	1.36431e+06	5.40394e-05	
12100	12550	2701	29.5821	34.466	2105	31	8	603	21	72	499	6	0.361221	932032	0.000229095	
12100	12550	2700	32.6271	35	2062	31	7	628	17	71	513	5	0.36706	1.03943e+06	0.000148677	
12100	12550	2700	30.1581	26.0643	2079	30	6	641	6	71	503	5	0.362509	1.03564e+06	0.000197122	
11694	13413	2716	36.7191	35	2076	31	9	646	12	72	491	5	2.00113	779469	7.3244e-05	
11671	13375	2716	36.8377	35	2005	31	9	646	11	72	507	5	1.9768	777709	7.33622e-05	
12086	12978	2742	31.1101	26.5965	2100	30	10	633	20	81	495	4	0.947567	1.24809e+06	5.93965e-05	
12099	12550	2750	30.2541	34.0914	2124	32	8	607	18	68	511	6	0.370692	986743	0.000195886	
12021	13341	2785	21.6632	25	2091	29	7	643	4	83	530	5	1.48483	1.56666e+06	5.33789e-05	
12097	13010	2717	37	34.233	2128	28	9	624	23	65	511	6	0.974065	916582	6.95749e-05	
11776	13379	2784	37	33.7296	2062	30	10	626	22	90	512	4	1.90377	818645	6.92281e-05	
12100	12550	2743	32.1683	35	2110	30	8	613	15	81	523	6	0.372212	1.03845e+06	0.000154012	
12018	12589	2742	37	32.7897	2032	30	8	600	15	72	505	4	0.528337	1.22558e+06	7.52615e-05	
12054	12550	2700	37	34.1707	2000	31	8	641	29	88	518	5	0.42701	1.16342e+06	9.31012e-05	
12079	12705	2732	37	25	2115	29	7	612	35	70	473	4	0.601151	1.43324e+06	6.5368e-05	
12100	12550	2700	34.1387	32.5104	2057	31	7	647	3	70	523	4	0.368884	1.08165e+06	0.000130839	
12100	13435	2784	21.8243	25	2120	29	6	622	17	82	529	5	1.51836	1.55544e+06	5.31237e-05	
12100	12550	2754	29.6267	34.6611	2101	32	9	606	11	60	491	5	0.368427	938755	0.000225683	
12097	12550	2743	30.1983	33.8241	2067	32	9	611	14	61	502	5	0.3721	987585	0.000194212	
12043	13308	2790	23.1956	25	2065	28	9	619	14	75	530	5	1.43244	1.45481e+06	5.38155e-05	
12093	12550	2714	33.5117	35	2140	29	8	610	20	71	502	6	0.378705	1.06344e+06	0.000131735	
11844	13203	2700	35.1258	31.5609	2110	32	9	630	28	83	518	4	1.52798	877970	6.70062e-05	
12100	12550	2722	33.6461	35	2092	31	7	612	14	68	530	6	0.371358	1.05893e+06	0.000136295	
12100	13500	2772	36.2047	28.0456	2093	29	7	638	8	77	504	5	1.66267	990420	6.21311e-05	
12100	12550	2700	31.8498	26.0838	2062	31	7	636	19	71	513	6	0.365864	1.10165e+06	0.000155352	
12017	13383	2735	36.7381	35	2149	30	8	619	18	80	498	6	1.58234	815967	7.01804e-05	
12100	12550	2702	32.2425	30.6202	2159	31	7	617	5	72	506	5	0.366764	1.06169e+06	0.00015163	
12100	12578	2720	36.1233	30.2722	2000	29	7	644	4	64	497	5	0.408974	1.19236e+06	0.000100543	
12100	13500	2774	21.8243	25	2120	29	6	622	32	85	526	5	1.60368	1.51405e+06	5.32992e-05	
11906	12591	2705	34.6824	28.1652	2000	31	8	645	20	68	508	6	0.657776	1.27652e+06	6.60895e-05	
12100	12550	2700	30.4286	34.1707	2028	30	8	647	29	88	515	5	0.363123	997997	0.000193162	
12100	12550	2700	31.3258	26.5384	2062	29	7	636	20	71	510	5	0.364942	1.08042e+06	0.000165453	
12100	13257	2792	22.3849	25	2092	30	8	613	13	85	530	5	1.28203	1.61363e+06	5.37346e-05	
11493	13274	2717	36.5617	35	2000	32	9	646	19	69	514	5	2.05019	771556	7.46324e-05	
12100	12558	2715	28.8981	35	2106	31	6	600	18	63	505	6	0.37137	910381	0.000243843	
12100	13411	2770	21.3714	25	2107	28	6	640	10	80	530	5	1.47072	1.62232e+06	5.29773e-05	
12045	12550	2700	32.5132	35	2062	31	7	636	20	71	503	5	0.433946	1.11933e+06	0.000108483	
12100	12550	2743	37	30.477	2041	32	8	625	11	70	510	5	0.376818	1.15615e+06	0.00011073	
12100	13411	2777	21	25	2107	29	6	634	12	82	530	5	1.46832	1.6692e+06	5.30504e-05	
11826	13314	2733	37	35	2007	29	8	623	10	78	519	4	1.71995	796407	7.1286e-05	
12100	13104	2762	25.2155	25.0927	2077	30	5	627	10	81	515	4	1.08478	1.49605e+06	5.53036e-05	
12094	12989	2778	27.3989	25	2067	29	7	621	12	76	525	5	0.953963	1.48143e+06	5.58847e-05	
12100	12550	2740	32.0324	35	2151	30	8	615	10	69	505	6	0.371587	1.03456e+06	0.000156397	
11776	13334	2784	37	33.7296	2035	30	10	626	16	89	495	4	1.84122	816172	6.97788e-05	
12100	12569	2747	28.8558	34.7906	2063	29	8	609	8	60	515	5	0.389811	958663	0.000212044	
11978	12767	2754	32.2398	28.2942	2120	30	7	638	22	78	511	6	0.80791	1.28305e+06	6.13685e-05	
11889	13339	2745	36.6186	33.51	2148	29	9	636	11	81	517	4	1.68481	836233	6.82175e-05	
11974	13292	2775	24.9594	25.0927	2075	29	8	628	10	79	527	5	1.50303	1.31928e+06	5.48576e-05	
12048	12556	2720	26.756	34.8444	2112	31	8	619	11	75	514	5	0.425416	926235	0.000233754	
12093	12601	2748	37	30.188	2145	30	9	624	17	76	502	5	0.452095	1.2351e+06	8.6326e-05	
12100	13500	2784	21.8243	25	2120	29	6	622	17	85	526	5	1.60946	1.51906e+06	5.31519e-05	
12100	12561	2761	37	27.03	2110	29	7	632	21	86	505	5	0.393547	1.2305e+06	0.000102828	
11993	12560	2719	36.9988	35	2088	29	10	619	26	64	504	6	0.517359	1.18132e+06	7.78089e-05	
12100	13208	2783	24.2884	25	2098	28	5	609	9	77	524	5	1.22887	1.50593e+06	5.39171e-05	
11802	12965	2796	37	35	2030	30	5	625	8	75	524	4	1.30992	841152	7.05169e-05	
12100	12598	2718	37	28.4964	2067	29	7	632	16	83	496	5	0.434711	1.25046e+06	8.9214e-05	
11465	13264	2714	37	34.7706	2000	32	9	650	8	71	474	4	2.0673	763356	7.6063e-05	
12100	12550	2754	30.8809	34.4784	2108	30	8	602	13	60	508	4	0.371362	1.0078e+06	0.000179598	
11993	12560	2736	36.9988	35	2066	29	10	619	26	65	504	6	0.520594	1.18497e+06	7.75916e-05	
12100	12550	2702	33.1192	25	2154	31	6	642	7	71	509	5	0.367995	1.15354e+06	0.000136968	
11504	13238	2717	36.8928	35	2013	31	9	646	10	75	514	5	1.98903	775083	7.39426e-05	
12077	12554	2743	35.3434	35	2148	32	8	606	18	63	516	5	0.4095	1.12811e+06	0.00010618	
12100	12550	2704	37	33.1489	2154	31	8	643	4	65	496	4	0.371461	1.11705e+06	0.000112765	
12100	12550	2700	28.8981	34.2125	2098	30	7	601	18	65	501	6	0.359181	871471	0.000275558	
12100	12550	2702	32.9114	26.0582	2152	31	6	637	6	68	509	5	0.367723	1.13036e+06	0.000140017	
12100	12550	2700	28.8981	35	2112	31	6	601	18	64	505	6	0.359181	868540	0.000276396	
11719	13396	2724	35.9506	35	2076	31	9	637	9	78	494	5	1.95357	791815	7.20929e-05	
12100	12570	2740	37	28.9091	2056	29	6	632	19	83	496	5	0.402138	1.21567e+06	9.98602e-05	
11987	12785	2794	37	32.5151	2111	30	8	628	20	88	514	4	0.836973	1.04865e+06	6.65203e-05	
12047	12695	2749	35.9643	30.8645	2074	31	7	635	19	60	485	5	0.630967	1.23252e+06	6.91037e-05	
12005	12691	2765	34.6182	30.96	2029	29	10	629	3	74	515	6	0.680579	1.22909e+06	6.61945e-05	
12033	12550	2723	37	32.1719	2071	31	10	633	27	86	529	5	0.456404	1.20407e+06	8.53024e-05	
12052	12550	2723	37	32.1719	2083	31	10	635	24	86	520	5	0.433102	1.18817e+06	9.09587e-05	
12005	12557	2726	36.4017	29.8394	2132	31	6	637	7	72	509	5	0.499874	1.28308e+06	7.71307e-05	
12099	12550	2736	29.5863	33.3597	2070	30	9	606	18	74	494	5	0.367151	949621	0.000223464	
12100	12550	2721	29.7825	34.9095	2063	30	7	600	19	76	511	6	0.364412	950110	0.000218627	
12079	12600	2716	37	25	2067	30	7	633	35	67	475	4	0.462739	1.37393e+06	8.10964e-05	
11907	12550	2740	35.5939	33.8716	2060	29	7	621	16	80	488	6	0.613003	1.17768e+06	7.12708e-05	
12100	13318	2785	24.9965	25.6201	2110	30	6	624	13	77	530	5	1.38674	1.35149e+06	5.47945e-05	
12100	12553	2779	36.9738	27.03	2014	29	7	632	15	84	505	5	0.385664	1.22101e+06	0.000106815	
11916	13435	2796	37	32.5094	2079	30	9	620	6	87	518	4	1.81703	853175	6.69882e-05	
12100	12551	2716	29.5124	34.7392	2140	31	7	619	13	68	521	6	0.364317	935757	0.000228885	
12006	13185	2772	25.7928	25	2084	29	5	642	15	76	524	5	1.31994	1.35306e+06	5.49602e-05	
12100	12550	2704	30.2541	34.0914	2123	32	7	612	19	67	511	6	0.363268	975267	0.00019976	
12100	12578	2706	34.3409	35	2004	31	6	647	7	72	513	5	0.405492	1.11231e+06	0.00011157	
11876	13274	2717	36.5617	35	2017	32	9	646	7	69	514	5	1.59544	794751	7.23223e-05	
11848	13500	2800	32.6483	29.719	2154	29	7	622	5	86	513	5	1.99191	973087	6.18238e-05	
12100	13120	2766	23.8248	25	2142	28	5	624	14	74	513	5	1.09782	1.60176e+06	5.47615e-05	
12100	12600	2759	37	27.03	2013	29	6	632	16	68	505	5	0.443868	1.30527e+06	8.7184e-05	
12015	13205	2725	34.072	27.7132	2160	29	10	609	8	70	507	5	1.33595	1.02636e+06	6.17703e-05	
12100	12550	2720	32.2998	34.2194	2113	28	7	600	15	70	519	5	0.369295	1.03874e+06	0.000152369	
12059	12601	2712	37	28.9939	2052	31	9	631	7	82	459	5	0.487817	1.27772e+06	7.83638e-05	
12086	12895	2743	37	34.235	2153	29	8	612	6	80	520	5	0.844286	996496	6.84463e-05	
11636	13251	2714	36.5617	34.7706	2000	32	9	647	8	69	480	5	1.84912	776376	7.4744e-05	
12094	12550	2743	29.6267	33.9764	2098	32	9	606	18	60	490	5	0.374402	964471	0.000209468	
11385	13052	2713	36.7674	35	2061	31	9	629	17	75	516	5	1.87624	775356	7.43771e-05	
12079	12550	2730	37	25	2126	30	7	604	35	63	500	4	0.400954	1.29092e+06	9.7704e-05	
12100	13230	2785	25.338	25	2093	29	8	627	8	89	524	5	1.26731	1.40703e+06	5.41888e-05	
12100	12800	2717	37	34.2335	2128	31	9	623	23	71	523	6	0.695108	1.08817e+06	6.97156e-05	
12100	13435	2793	21.8243	25.7115	2092	28	6	628	17	86	529	5	1.52327	1.53186e+06	5.34445e-05	
12100	12550	2715	30.21	34.1368	2114	32	8	615	14	66	491	6	0.364644	973945	0.000201248	
12021	13341	2785	21.6632	25	2091	29	6	636	5	83	530	5	1.48483	1.57318e+06	5.33447e-05	
12043	12578	2700	25.6624	34.9918	2019	31	8	637	15	69	494	5	0.450764	902730	0.000248385	
12048	12550	2746	26.756	34.8444	2100	30	8	618	20	65	515	4	0.421751	897518	0.000254259	
12026	12638	2780	36.1329	29.6235	2020	30	8	640	26	71	501	5	0.589433	1.30093e+06	6.90417e-05	
12100	12550	2720	30.691	34.2194	2057	28	8	600	6	70	501	5	0.366383	996422	0.000185494	
12097	12897	2700	36.0462	34.107	2128	28	8	623	23	66	523	6	0.819723	1.01033e+06	6.87521e-05	
11401	12606	2702	36.3818	34.8411	2140	30	10	648	6	80	517	5	1.27205	811862	7.31101e-05	
12052	13496	2800	31.3673	29.719	2154	29	7	623	5	89	513	5	1.72883	1.01244e+06	6.03391e-05	
12100	12575	2779	36.9738	27.03	2014	28	7	632	15	84	505	5	0.41438	1.26038e+06	9.61538e-05	
11928	12801	2772	30.7025	25	2123	31	9	628	15	83	509	4	0.917344	1.34557e+06	5.78302e-05	
12100	13257	2785	24.0082	25	2124	29	5	650	3	77	530	5	1.29502	1.48493e+06	5.36078e-05	
12100	12550	2702	28.9499	26.0582	2132	31	6	637	7	70	509	5	0.359601	942446	0.000261506	
12100	12550	2702	30.1948	30.6202	2159	31	6	617	5	72	506	5	0.362862	995167	0.000199124	
12100	12550	2744	30.8177	33.3023	2108	32	8	601	18	79	508	6	0.369883	1.0134e+06	0.00018044	
12100	12942	2782	29.0571	25.0309	2121	29	8	632	10	76	509	5	0.890216	1.46082e+06	5.67666e-05	
12056	13120	2781	23.8248	25	2142	28	6	630	27	76	524	5	1.15905	1.56465e+06	5.39986e-05	
12100	12550	2743	32.1683	35	2140	30	7	611	5	69	514	6	0.372212	1.03729e+06	0.000154131	
12100	12550	2700	32.5132	34.5977	2056	31	6	636	18	72	519	5	0.366897	1.04215e+06	0.000149948	
12100	13435	2778	21.8243	25	2092	29	6	622	17	86	529	5	1.51508	1.54979e+06	5.3251e-05	
12011	13350	2790	36.1124	34.2235	2103	30	9	617	19	74	508	4	1.57533	840523	6.85401e-05	
11756	12550	2728	32.1925	25.6796	2081	30	7	620	22	87	526	5	0.788855	1.35594e+06	6.00312e-05	
11968	13146	2780	29.2996	26.0421	2037	28	5	615	19	84	514	4	1.33199	1.20304e+06	5.7205e-05	
12100	13407	2793	21.8243	25	2092	28	6	622	17	86	529	5	1.48403	1.57914e+06	5.28849e-05	
12100	12550	2700	29.4766	34.466	2105	31	8	603	18	62	499	6	0.36081	920433	0.000235516	
12087	12553	2735	34.4895	35	2066	29	9	600	25	65	520	6	0.393941	1.09891e+06	0.000117178	
12084	12550	2700	29.4766	33.1615	2149	31	8	603	11	62	504	6	0.380346	984172	0.000193386	
12079	12550	2746	36.5491	34.3591	2121	30	7	622	23	79	511	5	0.403084	1.14003e+06	0.000103595	
12007	13500	2794	31.9293	29.6607	2035	29	7	623	22	86	524	5	1.78834	988136	6.11845e-05	
11945	12550	2747	35.6592	29.2998	2023	31	10	625	23	84	483	6	0.568055	1.29197e+06	7.05467e-05	
12096	12598	2740	37	28.9091	2056	29	7	632	9	83	496	5	0.443189	1.25282e+06	8.77578e-05	
11993	13383	2798	21.8243	25	2129	28	9	621	12	75	525	5	1.58794	1.51825e+06	5.33533e-05	
12100	12550	2702	35.4703	29.8394	2157	31	6	637	8	67	518	5	0.370304	1.13391e+06	0.000119531	
12028	13258	2759	37	34.6841	2079	32	8	636	4	82	489	4	1.41097	826667	7.03087e-05	
11848	12906	2750	28.4691	25	2065	28	9	621	14	90	515	5	1.14066	1.2804e+06	5.66636e-05	
12100	12550	2702	32.9294	30.2839	2151	31	6	637	6	70	509	5	0.367747	1.08237e+06	0.000142106	
12061	12742	2742	34.3242	25.596	2124	29	10	604	21	76	516	5	0.672017	1.40409e+06	6.20232e-05	
12100	12550	2700	33.3719	27.1168	2160	31	7	621	3	71	497	5	0.368036	1.12286e+06	0.000135501	
12100	12550	2702	32.9294	33.7488	2157	31	6	637	7	72	509	5	0.367747	1.05381e+06	0.000143947	
12100	12550	2706	32.5132	26.0838	2062	31	7	636	19	71	513	5	0.367712	1.12088e+06	0.000145054	
12100	12550	2703	32.9294	28.9462	2151	31	6	637	6	70	509	5	0.367883	1.09583e+06	0.000141343	
11465	13228	2714	36.5617	35	2000	32	9	642	8	69	479	5	2.0187	764782	7.60109e-05	
12021	12550	2756	37	34.0438	2059	31	5	634	6	86	478	5	0.476811	1.21234e+06	8.29256e-05	
12100	12550	2700	37	35	2062	31	6	636	20	71	530	5	0.370911	1.10621e+06	0.000113779	
11783	13307	2786	34.389	28.8421	2080	29	10	639	25	90	519	4	1.79465	952204	6.25195e-05	
12100	12550	2706	32.5067	29.9578	2160	31	7	621	3	71	497	5	0.367703	1.07524e+06	0.000147362	
12011	12550	2715	37	32.7072	2131	32	8	621	17	79	484	5	0.481919	1.21686e+06	8.06907e-05	
12100	13037	2787	33.2567	25.0735	2068	31	7	628	15	83	500	5	1.0289	1.25778e+06	5.85857e-05	
12100	13305	2785	24.9965	25.6201	2124	30	8	624	13	77	530	5	1.36872	1.3533e+06	5.48035e-05	
11851	13496	2779	32.9921	33.3599	2000	29	8	633	0	90	524	6	1.96815	873291	6.62559e-05	
12097	12550	2754	29.6267	33.7053	2103	29	9	611	11	60	489	5	0.372166	958649	0.000216169	
11908	12550	2720	36.5115	25.1034	2057	29	8	624	22	88	502	6	0.607879	1.41e+06	6.44787e-05	
12021	13013	2712	32.9514	25	2048	30	9	622	23	81	530	4	1.06577	1.19981e+06	5.87406e-05	
12100	12550	2740	35.9997	34.7477	2151	30	8	618	12	69	523	6	0.37587	1.09922e+06	0.000117911	
12067	13046	2775	25.3215	25.0927	2075	29	8	630	17	79	518	5	1.05326	1.50659e+06	5.53434e-05	
12100	13317	2768	21.8581	25	2107	29	6	640	10	83	530	5	1.34677	1.62658e+06	5.33447e-05	
12100	12550	2715	29.7962	33.1236	2138	32	8	613	20	65	492	5	0.363643	955139	0.000217344	
12100	12550	2715	29.9908	32.7072	2131	32	8	621	17	72	491	5	0.364124	973204	0.000208203	
12100	12558	2715	28.8981	34.3736	2106	31	6	600	18	63	514	6	0.37137	913883	0.000243191	
11526	12606	2702	36.3818	34.3128	2143	30	10	645	6	76	517	5	1.12725	842336	7.19321e-05	
12086	12550	2700	36.7287	34.1707	2028	30	8	647	29	88	515	5	0.387881	1.12466e+06	0.000107135	
11841	12717	2787	35.8855	25.3628	2040	29	8	633	11	71	513	4	0.925225	1.202e+06	6.10986e-05	
11985	13425	2800	32.343	32.1967	2096	31	8	644	10	84	527	6	1.7148	923995	6.39018e-05	
12048	12550	2727	26.756	34.8444	2102	30	8	618	20	64	515	5	0.418833	893789	0.000255297	
11999	13436	2763	36.1599	35	2093	30	9	611	24	79	508	5	1.69397	816372	6.97107e-05	
12094	12550	2743	29.3419	34.6784	2130	32	9	604	21	64	503	5	0.373633	942003	0.000222816	
12100	12550	2756	30.9202	35	2118	32	8	606	18	63	512	5	0.371713	1.00799e+06	0.000178795	
11857	13469	2739	37	35	2005	29	9	628	6	78	519	4	1.89866	792792	7.10379e-05	
11841	12578	2714	37	35	2003	31	7	647	6	72	497	5	0.723224	1.00232e+06	7.27855e-05	
11442	13274	2713	36.8452	35	2086	32	9	643	6	70	516	4	2.10665	770925	7.43384e-05	
12006	13119	2780	25.7928	25	2084	29	5	642	15	76	524	5	1.23354	1.39275e+06	5.48847e-05	
12100	12550	2700	30.8447	27.1989	2063	31	8	645	3	71	501	5	0.364007	1.05584e+06	0.000177117	
12100	12906	2750	28.4691	25	2085	29	9	621	14	77	515	5	0.830314	1.4888e+06	5.80788e-05	
12100	13104	2777	25.0674	25.0927	2107	30	4	627	10	81	516	4	1.08971	1.52193e+06	5.49511e-05	
12080	12696	2762	37	31.5496	2046	29	9	618	5	82	502	5	0.594702	1.24331e+06	6.94396e-05	
12100	12550	2740	32.0324	34.4594	2136	30	10	615	10	69	505	6	0.371587	1.03653e+06	0.000156104	
12100	12550	2715	29.9908	32.7072	2145	32	9	621	17	78	491	5	0.364124	974879	0.000207943	
12090	13117	2784	30.0929	27.9345	2097	29	5	624	25	88	502	5	1.14356	1.18976e+06	5.88062e-05	
12100	12578	2724	37	26.3502	2005	29	7	647	9	65	495	5	0.410033	1.27615e+06	9.54745e-05	
12087	13030	2790	32.1734	25.0617	2034	30	7	621	18	81	515	5	1.03534	1.27774e+06	5.76801e-05	
11809	12893	2727	36.5832	34.9641	2034	32	6	616	23	75	508	5	1.17406	839394	7.21293e-05	
12032	12960	2778	31.155	29.2024	2049	29	8	622	0	83	515	5	1.00351	1.16146e+06	6.0757e-05	
12100	12550	2700	32.5132	35	2062	31	6	636	20	71	519	5	0.366897	1.03895e+06	0.000150173	
11872	13220	2741	37	35	2021	31	9	618	22	87	497	4	1.54132	801105	7.15052e-05	
12100	13369	2790	24.621	25.1048	2079	28	8	642	14	75	515	5	1.4576	1.36196e+06	5.44218e-05	
12100	13120	2785	29.9859	25	2058	30	5	631	12	89	524	5	1.1352	1.31323e+06	5.6013e-05	
11948	13383	2790	21.8243	25	2106	28	9	621	12	75	530	5	1.63961	1.49344e+06	5.35303e-05	
12100	13371	2776	31.4787	25	2108	29	6	640	20	83	526	5	1.47977	1.18617e+06	5.63603e-05	
12100	12550	2700	36.7275	34.1395	2101	31	8	600	15	64	505	6	0.370784	1.10577e+06	0.000114718	
12100	13167	2785	24.0082	25	2124	29	5	650	12	77	530	5	1.17122	1.55408e+06	5.38184e-05	
12099	13104	2762	25.2155	25.0927	2077	30	5	627	15	79	514	4	1.08603	1.4926e+06	5.53894e-05	
11958	13469	2741	37	35	2005	29	9	628	6	78	519	4	1.77676	799672	7.04871e-05	
12100	12550	2700	31.8054	32.3196	2113	29	7	643	19	71	491	5	0.365789	1.0436e+06	0.000159821	
12100	12550	2700	31.8054	32.8867	2113	29	7	643	22	71	491	5	0.365789	1.0398e+06	0.000160154	
12100	12550	2700	30.8447	26.7324	2063	31	8	645	3	71	501	5	0.364007	1.0607e+06	0.000176803	
12100	12550	2754	29.6267	33.5325	2101	31	9	606	11	60	491	5	0.368427	945294	0.000224669	
11671	13375	2716	36.8377	35	2005	31	8	646	11	72	507	4	1.9768	778862	7.32601e-05	
12058	12662	2713	35.6891	25.4875	2160	31	6	647	15	71	517	5	0.566638	1.44164e+06	6.76544e-05	
12054	12591	2704	36.3125	25.7349	2001	31	8	637	5	71	504	6	0.479397	1.34909e+06	7.90514e-05	
11908	12578	2706	35.5655	26.3502	2000	30	7	645	4	68	505	5	0.639759	1.3474e+06	6.49604e-05	
12002	12570	2736	36.9988	33.624	2079	31	10	627	24	83	508	6	0.522397	1.21363e+06	7.60746e-05	
12004	12969	2748	35.3154	27.0911	2130	29	7	638	19	67	510	5	1.04463	1.11821e+06	6.16751e-05	
12094	12989	2800	29.8265	25	2048	29	8	621	14	76	529	5	0.969503	1.39479e+06	5.60947e-05	
11783	13307	2736	34.389	28.8421	2080	29	10	642	25	90	519	4	1.76244	943536	6.31074e-05	
11996	13090	2793	26.4964	25.0927	2066	30	10	627	10	81	530	4	1.21587	1.33656e+06	5.5325e-05	
12055	12550	2734	35.7094	34.6975	2095	30	7	634	25	73	494	5	0.43043	1.15733e+06	9.70214e-05	
11979	12590	2726	37	35	2048	29	7	632	1	81	496	5	0.574245	1.16514e+06	7.34538e-05	
12097	12550	2723	35.5939	35	2158	31	7	618	16	80	520	6	0.376966	1.0935e+06	0.000118835	
11911	13329	2744	36.0559	34.5642	2092	30	8	623	5	80	518	4	1.64334	823709	6.93818e-05	
11975	12923	2780	29.6012	25	2000	28	10	635	12	75	530	5	1.02202	1.32259e+06	5.65835e-05	
12100	13317	2778	23.1584	25	2107	29	6	640	10	83	530	5	1.36687	1.49918e+06	5.34702e-05	
11751	12851	2741	35.9177	26.2525	2067	29	9	649	15	89	524	5	1.19434	1.05781e+06	6.18314e-05	
12100	12550	2700	37	34.5613	2000	31	7	639	29	88	518	5	0.370911	1.10772e+06	0.000113649	
12100	12550	2754	29.6267	33.5325	2101	31	9	606	11	60	522	5	0.368427	947536	0.000224266	
12100	12550	2736	29.5863	33.3597	2070	30	9	605	18	65	494	5	0.365913	941916	0.00022686	
11776	13345	2784	37	33.7296	2062	30	10	626	22	90	495	4	1.85649	817027	6.96282e-05	
12099	12550	2746	30.2541	34.0914	2124	32	8	607	18	68	511	6	0.370153	985717	0.00019604	
12100	12550	2718	37	28.4964	2067	29	7	630	16	80	496	5	0.373384	1.17702e+06	0.000110327	
11903	12993	2790	36.4291	33.8534	2101	29	10	609	15	89	500	5	1.21981	876035	6.84369e-05	
12100	13102	2788	25.6197	25	2060	30	8	621	18	78	527	5	1.09472	1.47393e+06	5.50116e-05	
11879	13472	2797	32.5438	26.7534	2139	29	7	636	8	89	506	5	1.91167	1.06237e+06	5.91856e-05	
12002	13385	2789	29.8557	32.1967	2096	32	9	612	24	88	527	5	1.62586	955743	6.34437e-05	
12100	12550	2748	30.8177	34.339	2108	32	8	601	18	79	508	5	0.370422	1.00832e+06	0.000180963	
11763	13469	2733	37	35	2005	29	10	628	10	78	519	4	2.00797	784790	7.16743e-05	
11958	12695	2749	35.9643	34.4355	2104	31	7	635	19	60	485	5	0.740793	1.04177e+06	7.13572e-05	
11960	12727	2790	30.3712	25	2034	29	8	621	19	81	513	5	0.78416	1.46212e+06	5.8872e-05	
11496	13144	2714	36.5617	34.8411	2076	31	9	624	18	71	500	5	1.8702	779254	7.397e-05	
12097	12554	2743	29.4743	33.9946	2124	31	7	603	18	64	511	6	0.375422	960941	0.000212947	
11975	13378	2712	36.1205	35	2020	32	10	632	4	79	530	5	1.61302	803373	7.07414e-05	
12100	12554	2743	25.354	35	2132	31	7	620	18	68	514	6	1.30632	1.23633e+06	5.60915e-05	
12095	12838	2746	37	28.9277	2130	30	6	643	24	82	512	6	0.758746	1.2178e+06	6.35203e-05	
12060	12989	2789	27.5063	25	2060	29	7	624	11	72	530	5	1.00101	1.44785e+06	5.55617e-05	
12100	12550	2727	31.2818	35	2062	30	7	603	18	78	511	6	0.368509	1.01496e+06	0.000170999	
12100	13230	2785	25.338	25	2093	30	9	629	8	89	524	5	1.26731	1.39121e+06	5.44603e-05	
12004	12578	2778	36.7689	25.1117	2140	30	7	650	4	77	511	4	0.538259	1.42874e+06	6.97642e-05	
12100	12550	2700	29.4766	34.2125	2098	31	7	603	18	62	509	6	0.36081	922658	0.000235128	
11933	12550	2740	37	33.3632	2092	32	8	618	18	60	504	5	0.58205	1.17403e+06	7.29129e-05	
12100	13120	2783	23.8248	25	2142	28	5	624	14	72	513	5	1.10457	1.6065e+06	5.46269e-05	
12097	12805	2748	32.8424	25	2066	31	9	622	34	82	529	5	0.709729	1.43938e+06	6.06465e-05	
11936	13500	2779	31.3673	30.7479	2035	29	8	623	4	88	524	5	1.86607	958037	6.24259e-05	
11992	12558	2707	36.9988	33.6164	2077	29	10	619	17	72	504	5	0.513748	1.20241e+06	7.6858e-05	
11963	12550	2700	33.1192	26.0582	2154	31	7	632	5	72	509	5	0.534168	1.36609e+06	7.48111e-05	
11486	12851	2721	36.4204	34.9688	2077	31	9	628	16	64	502	5	1.49925	788224	7.43605e-05	
12100	13489	2792	35.9808	35	2097	28	8	645	8	85	524	4	1.65904	837772	6.74946e-05	
12100	12550	2712	34.6846	35	2140	29	7	611	19	71	522	6	0.371042	1.07274e+06	0.000127389	
12099	12550	2750	30.871	34.0914	2119	32	8	607	18	68	511	6	0.372047	1.01361e+06	0.000177809	
11738	13206	2717	37	35	2027	32	9	646	19	69	524	5	1.66977	785011	7.29661e-05	
12086	12553	2743	36.7464	34.235	2145	29	8	615	6	80	520	6	0.397929	1.13653e+06	0.000104668	
12100	13435	2742	36.0259	32.5094	2079	30	8	609	5	80	518	4	1.55484	874356	6.65868e-05	
12043	12578	2700	25.6624	34.4686	2019	31	8	637	15	69	494	5	0.450764	906177	0.000247709	
11916	12648	2702	33.1192	26.0582	2154	31	8	628	22	79	509	5	0.715992	1.36473e+06	6.17284e-05	
12100	13080	2777	30.5143	25	2108	30	4	638	2	79	516	4	1.07879	1.33138e+06	5.64366e-05	
12100	12550	2700	32.6271	25	2100	29	7	628	17	71	513	5	0.36706	1.13522e+06	0.000143041	
12085	13435	2741	36.7677	32.5094	2079	31	8	616	6	80	518	4	1.57327	862184	6.71998e-05	
12047	12550	2700	36.7287	34.1707	2045	31	8	638	25	65	514	5	0.435401	1.16778e+06	9.14829e-05	
12067	13058	2775	24.9594	25	2075	29	8	628	10	79	518	5	1.06718	1.5229e+06	5.51694e-05	
12100	12550	2724	29.7825	34.2075	2113	30	7	603	19	71	515	5	0.364814	953084	0.000217865	
12100	12959	2734	29.4743	25.5227	2091	28	7	603	18	68	511	5	0.898529	1.40222e+06	5.76668e-05	
12100	12838	2740	32.6903	35	2151	30	8	615	5	69	514	5	0.747071	1.1316e+06	6.83854e-05	
12100	12553	2768	36.9738	27.03	2014	30	7	629	15	80	505	5	0.384137	1.21965e+06	0.000107032	
11964	13307	2746	34.143	28.8421	2080	30	10	642	12	75	521	5	1.54792	965191	6.26881e-05	
12067	13046	2779	24.9594	25.0927	2075	29	8	628	8	79	518	5	1.05244	1.52883e+06	5.5322e-05	
12007	12695	2741	34.6553	29.0606	2108	31	7	635	20	89	487	5	0.677447	1.28619e+06	6.49266e-05	
12074	13211	2752	25.5049	25	2090	29	6	640	12	87	529	5	1.2598	1.38816e+06	5.4487e-05	
12100	12550	2715	29.1536	33.1236	2138	32	8	613	20	65	491	5	0.361922	905509	0.000253807	
11961	12890	2724	34.549	25.6915	2067	31	10	637	13	79	530	4	0.983341	1.16611e+06	6.04558e-05	
11985	13424	2790	21.8243	25	2125	28	8	617	10	80	530	5	1.65073	1.50334e+06	5.32056e-05	
12015	13205	2725	29.1131	27.7132	2160	28	10	609	8	70	507	5	1.32686	1.12084e+06	5.92803e-05	
12100	12550	2720	29.4956	34.2194	2054	28	9	600	6	66	501	5	0.363533	928149	0.000232992	
11989	12550	2700	36.7287	34.1707	2028	31	8	647	32	65	514	5	0.505789	1.19626e+06	7.86349e-05	
11987	13203	2800	35.1258	31.5609	2011	32	9	636	28	83	518	4	1.40613	908726	6.57203e-05	
11776	13362	2799	37	33.7296	2055	29	10	632	16	89	509	4	1.89024	822501	6.89513e-05	
11961	12890	2733	35.6606	25.6915	2061	31	10	637	0	79	510	4	0.987485	1.1403e+06	6.14931e-05	
12100	12550	2700	32.4507	26.0838	2063	31	7	611	20	68	525	5	0.366805	1.11463e+06	0.000146177	
12071	13176	2746	34.143	28.8421	2080	30	7	631	12	75	519	5	1.23779	1.03039e+06	6.21736e-05	
11587	12689	2720	36.4511	34.0578	2032	30	8	600	21	75	460	5	1.16982	830961	7.35943e-05	
12018	12589	2733	37	32.7897	2032	30	8	600	15	72	505	4	0.526603	1.2233e+06	7.5392e-05	
11447	13167	2717	37	35	2010	32	9	646	7	69	514	5	1.96033	768039	7.50638e-05	
11903	12993	2739	36.4291	33.9677	2101	29	10	609	15	89	500	5	1.19751	864978	6.92137e-05	
12020	12563	2776	36.5967	30.635	2016	32	7	646	8	72	503	5	0.498262	1.26985e+06	7.8604e-05	
12082	12553	2741	36.7464	34.235	2145	29	8	617	6	80	520	6	0.402593	1.14139e+06	0.000102849	
11776	12664	2773	37	33.7296	2055	29	10	626	16	70	495	4	0.93107	920928	7.05667e-05	
12022	12850	2800	33.025	26.095	2158	28	7	631	22	86	511	6	0.878548	1.3392e+06	5.81666e-05	
11961	12719	2737	34.0405	25.9414	2067	31	10	640	0	79	523	5	0.763492	1.3164e+06	6.09013e-05	
12085	12784	2701	36.9613	25	2115	30	7	631	35	71	473	4	0.688653	1.36762e+06	6.32671e-05	
12063	12560	2736	36.9988	35	2075	31	10	627	24	78	508	6	0.434439	1.16219e+06	9.24813e-05	
12100	12550	2702	33.1192	26.0582	2154	31	6	642	7	72	509	5	0.367995	1.13726e+06	0.000137533	
11922	12812	2747	35.4808	31.1872	2102	30	8	649	10	88	516	4	0.937323	1.02838e+06	6.51339e-05	
11958	12695	2749	35.9643	29.0606	2104	31	7	635	19	89	485	5	0.740793	1.20966e+06	6.45745e-05	
12100	12550	2715	29.1536	34.2855	2131	32	8	610	20	65	491	6	0.361922	899521	0.000254972	
12100	13120	2783	23.8248	25	2132	28	5	628	19	65	522	5	1.10457	1.60911e+06	5.45822e-05	
12095	12838	2746	34.8049	28.9277	2129	29	6	646	24	82	512	6	0.757316	1.26571e+06	6.24142e-05	
12100	13500	2776	24.7301	25	2107	29	6	640	12	82	529	5	1.6337	1.32615e+06	5.39374e-05	
12087	12560	2735	35.9518	35	2066	29	9	648	25	65	520	6	0.404072	1.12878e+06	0.000105608	
12100	12598	2726	37	27.03	2089	29	7	619	16	86	529	5	0.435991	1.2809e+06	8.83236e-05	
11836	13339	2754	36.7277	33.51	2140	29	10	639	11	81	524	4	1.75515	831048	6.83293e-05	
11698	12791	2709	34.2791	29.4078	2097	30	9	639	32	78	517	4	1.16414	974026	6.48971e-05	
11783	12857	2786	34.389	31.369	2080	29	10	611	5	90	519	4	1.18151	953736	6.50533e-05	
11883	13482	2800	31.0073	30.4843	2154	29	7	623	2	90	513	5	1.92014	981166	6.15764e-05	
11879	13488	2797	31.3673	25.2778	2055	29	7	636	8	89	506	5	1.93223	1.11278e+06	5.78536e-05	
12100	12550	2700	29.4766	28.4414	2098	30	8	629	18	62	507	6	0.36081	961923	0.000229885	
12100	12550	2700	29.4766	34.2125	2098	30	7	603	18	75	516	6	0.36081	927726	0.000234302	
11950	12555	2710	35.1148	34.2919	2140	29	8	609	19	71	530	6	0.560306	1.20367e+06	7.40302e-05	
11982	12628	2759	37	26.4685	2124	31	6	626	3	77	499	5	0.626908	1.37931e+06	6.46831e-05	
12079	12600	2716	37	30.7966	2067	30	7	633	35	75	475	4	0.462739	1.23842e+06	8.37591e-05	
11447	13205	2717	36.8814	35	2067	32	9	646	8	69	504	5	2.01117	769375	7.48951e-05	
12096	12554	2718	30.691	34.1528	2054	28	9	601	12	68	517	5	0.376134	1.01423e+06	0.00017191	
11992	13435	2774	30.6143	25	2092	29	7	622	21	79	529	5	1.70089	1.15923e+06	5.66187e-05	
11858	12595	2743	33.03	25.1004	2059	32	10	612	20	83	530	5	0.728872	1.37691e+06	6.09756e-05	
12100	12595	2743	34.7927	35	2140	30	8	611	20	69	514	6	0.433396	1.14485e+06	0.000100351	
12040	12550	2743	32.6679	35	2120	32	9	611	5	72	508	5	0.447259	1.134e+06	0.000104232	
12100	13387	2717	36.5617	35	2000	31	9	643	9	68	514	5	1.47558	811152	7.10783e-05	
11841	13375	2716	36.8377	35	2005	31	9	646	11	72	507	5	1.7738	786467	7.2427e-05	
12100	12550	2743	29.0729	34.6784	2118	32	9	605	26	64	482	5	0.365421	893776	0.000260417	
12012	13366	2738	34.143	28.5652	2080	29	7	642	25	76	519	6	1.56503	992322	6.20194e-05	
12081	12597	2716	37	25	2056	30	4	625	29	71	530	4	0.456447	1.39662e+06	8.2176e-05	
11928	12801	2772	28.6769	25	2125	31	9	628	16	82	509	4	0.912001	1.41086e+06	5.7346e-05	
11997	12550	2746	35.4875	33.8894	2121	29	7	622	20	67	510	5	0.503797	1.21536e+06	8.03277e-05	
12089	13359	2743	36.7381	35	2155	29	7	615	18	78	521	6	1.46504	833650	6.91085e-05	
12010	12553	2740	36.7464	34.235	2145	29	8	612	5	80	508	6	0.491325	1.20785e+06	8.04376e-05	
12100	12550	2700	31.8054	34.3171	2113	29	7	643	15	71	491	5	0.365789	1.02988e+06	0.000160979	
12100	12550	2706	34.7342	25.893	2160	31	7	630	19	69	513	5	0.370265	1.17105e+06	0.000122579	
12012	12879	2763	34.9661	35	2086	29	8	630	22	67	515	5	0.91998	961608	6.91706e-05	
12094	12989	2800	27.5063	25	2048	29	8	621	14	76	527	5	0.961956	1.47954e+06	5.5732e-05	
11975	13419	2726	36.1205	35	2013	32	10	632	20	79	530	5	1.67733	802520	7.06314e-05	
12028	12560	2719	36.9988	35	2082	29	10	619	26	64	504	6	0.474612	1.18234e+06	8.33472e-05	
11960	12626	2786	33.506	29.9355	2112	29	9	621	23	87	514	5	0.655051	1.30851e+06	6.56599e-05	
12100	12550	2743	34.7927	35	2140	29	8	611	7	69	514	6	0.37538	1.08061e+06	0.000125849	
12032	12772	2763	36.3846	34.385	2146	32	8	650	2	83	450	6	0.754371	1.04224e+06	7.07064e-05	
12100	12550	2715	29.7962	32.7295	2138	32	8	613	20	68	492	5	0.363643	958711	0.000216873	
12012	13228	2738	34.143	28.8421	2080	29	7	642	25	76	519	5	1.37721	998907	6.22432e-05	
12065	12550	2768	36.9214	33.787	2103	29	8	616	34	65	512	6	0.423995	1.17321e+06	9.57396e-05	
11908	12578	2706	35.5655	26.3502	2000	31	7	645	4	68	505	5	0.639759	1.34392e+06	6.52358e-05	
12040	12550	2740	34.1252	35	2120	32	8	611	6	72	508	5	0.448548	1.15207e+06	9.72195e-05	
12100	12550	2700	32.5132	26.3979	2078	31	8	636	19	71	519	5	0.366897	1.11268e+06	0.00014537	
12058	12567	2742	37	29.8755	2087	30	9	613	28	73	500	5	0.450592	1.23936e+06	8.6103e-05	
12100	12554	2722	30.691	34.216	2087	28	8	600	12	68	519	5	0.371761	1.00742e+06	0.000178253	
12024	12550	2743	37	30.9757	2051	29	7	615	8	81	502	4	0.470862	1.24091e+06	8.20749e-05	
12092	13489	2767	35.9808	33.451	2007	30	8	640	8	90	524	4	1.6542	855610	6.68449e-05	
12086	13435	2782	21.8243	25	2138	29	6	622	17	82	530	5	1.53488	1.54886e+06	5.30701e-05	
12100	13317	2768	21.8581	25	2107	29	6	640	8	83	528	5	1.34677	1.62533e+06	5.33931e-05	
12100	12550	2744	27.5124	33.976	2071	32	8	601	18	79	508	6	0.968393	1.42473e+06	5.56576e-05	
11921	13497	2800	32.8003	32.8754	2145	29	7	623	11	89	513	5	1.89704	902239	6.46914e-05	
12048	12550	2714	26.756	34.8444	2100	30	9	623	13	64	516	5	0.416836	891050	0.00025582	
12100	12550	2732	29.0729	34.6784	2118	32	9	605	26	65	482	5	0.363955	892207	0.000260892	
12100	12906	2729	28.4691	25	2085	29	9	619	13	77	515	5	0.823973	1.48301e+06	5.83124e-05	
11975	12904	2780	29.6012	25.3861	2000	28	10	635	13	77	530	5	0.996518	1.32489e+06	5.68602e-05	
12100	13303	2773	36.1899	32.7436	2126	30	9	626	21	82	508	5	1.38957	887353	6.63658e-05	
12100	13325	2752	21.9359	25	2107	29	7	640	11	83	529	5	1.35099	1.60522e+06	5.35647e-05	
12054	12550	2700	36.7287	34.1707	2028	31	8	647	9	90	512	5	0.426883	1.1608e+06	9.38262e-05	
11979	12557	2702	34.6479	29.8394	2157	31	6	637	7	72	509	5	0.525732	1.28917e+06	7.54148e-05	
11756	12550	2753	32.3305	25.6796	2081	30	8	615	20	82	526	6	0.796299	1.34853e+06	5.9988e-05	
12079	12565	2747	36.7757	29.5283	2056	30	10	632	19	83	483	5	0.422689	1.21501e+06	9.41886e-05	
12005	12691	2765	33.9281	30.96	2021	28	10	629	7	74	515	6	0.679887	1.24659e+06	6.60284e-05	
11903	12881	2766	37	34.1462	2079	32	7	631	4	81	489	4	1.05977	888292	7.03185e-05	
12054	12550	2700	36.7287	26.7495	2023	31	9	647	17	88	512	5	0.426883	1.26412e+06	9.02446e-05	
12100	12550	2710	34.7927	35	2140	29	8	611	19	71	522	6	0.370864	1.07303e+06	0.000126614	
12100	13103	2737	37	27.8364	2048	30	10	627	17	79	494	4	1.10176	1.02341e+06	6.3674e-05	
12004	12628	2721	37	29.7573	2097	31	9	645	24	84	527	5	0.591424	1.27198e+06	6.8055e-05	
11787	13314	2758	34.389	28.8421	2080	29	10	638	25	87	519	4	1.78136	946774	6.29168e-05	
11429	13136	2720	36.5617	35	2066	32	9	643	7	71	514	5	1.94177	775636	7.43163e-05	
12100	12927	2790	29.1949	25	2065	28	9	621	11	75	526	5	0.872944	1.46665e+06	5.6638e-05	
12100	12550	2716	33.3799	35	2062	31	7	628	20	73	516	5	0.370226	1.05612e+06	0.00013914	
11969	12761	2779	35.3559	33.0407	2006	29	8	635	0	83	524	6	0.822047	1.06788e+06	6.672e-05	
12022	12850	2766	32.8447	26.095	2158	28	7	631	22	86	511	6	0.867635	1.33566e+06	5.84693e-05	
11943	12994	2745	36.3024	34.6438	2101	32	7	634	3	81	489	6	1.15244	866489	7.04622e-05	
12100	12550	2752	30.0539	34.6836	2021	31	8	610	12	62	504	6	0.36924	970023	0.000206356	
12100	13024	2797	25.5717	25	2096	29	4	627	10	80	520	5	0.991431	1.57479e+06	5.54017e-05	
12022	12850	2766	32.8447	26.095	2158	28	7	629	17	86	513	6	0.867635	1.33763e+06	5.84044e-05	
12100	12550	2702	29.8875	30.908	2159	31	6	617	9	72	513	5	0.362129	977309	0.000211282	
12100	12550	2742	29.2062	33.7161	2050	30	10	610	23	60	494	5	0.365672	911083	0.000249938	
12087	12567	2736	37	35	2068	29	10	627	24	73	501	6	0.413781	1.14563e+06	9.8668e-05	
11975	13402	2774	31.6517	25.363	2000	30	10	633	17	75	530	5	1.67816	1.09502e+06	5.83771e-05	
12100	12550	2700	31.8054	25	2113	28	10	641	19	72	501	5	0.365789	1.10903e+06	0.000155352	
11486	13246	2713	36.5617	35	2095	32	9	637	7	70	516	4	2.01767	775817	7.38389e-05	
12093	12601	2746	37	28.9939	2154	30	9	625	17	82	502	5	0.451766	1.25298e+06	8.57927e-05	
12048	12556	2720	26.756	34.8444	2102	31	8	618	20	64	515	5	0.425416	922070	0.000234632	
12100	12550	2700	31.2434	25	2109	28	7	625	21	70	514	5	0.364788	1.09273e+06	0.000166223	
12100	13331	2757	21.9359	25	2115	28	7	634	16	83	530	5	1.36169	1.611e+06	5.32368e-05	
12033	12884	2746	34.7108	34.1501	2074	31	7	611	7	84	504	5	0.894782	995598	6.82547e-05	
12100	12692	2737	35.7259	29.1438	2066	30	10	642	23	83	506	5	0.558658	1.30731e+06	7.08767e-05	
12100	12550	2700	30.1196	26.0838	2063	31	7	641	15	70	515	5	0.362418	1.03166e+06	0.00019857	
12100	13037	2787	33.2567	25.0735	2063	31	7	628	15	83	494	5	1.0289	1.25386e+06	5.88028e-05	
12083	13033	2750	28.4691	25	2086	29	9	621	14	77	515	5	1.02079	1.37286e+06	5.62936e-05	
12007	13294	2800	33.032	32.1967	2096	30	8	644	10	84	527	6	1.50497	933114	6.38774e-05	
11914	13049	2738	34.98	34.8222	2101	29	8	619	26	73	496	5	1.25731	855592	6.99741e-05	
11776	13317	2800	37	33.7296	2055	29	10	623	16	89	495	4	1.82808	821387	6.93193e-05	
12070	12819	2700	34.4711	25	2048	31	8	622	15	81	530	5	0.75023	1.37746e+06	6.03537e-05	
12100	12552	2756	30.273	35	2118	30	8	606	19	63	512	4	0.372884	985494	0.000193648	
12066	12550	2700	36.4994	25.1026	2062	31	6	637	20	71	530	5	0.412153	1.3024e+06	9.45269e-05	
12100	12550	2715	29.1536	32.7072	2131	32	8	633	17	66	491	5	0.361922	911252	0.0002531	
11985	13413	2790	21.8243	25	2106	28	8	633	20	82	529	5	1.63533	1.49904e+06	5.32879e-05	
11469	13194	2713	36.5617	35	2085	32	9	641	18	69	516	4	1.96775	774853	7.41125e-05	
12083	12906	2750	28.4691	25	2060	29	9	621	14	77	515	5	0.851455	1.47108e+06	5.77567e-05	
12100	13318	2785	23.3276	25.3537	2110	30	6	633	13	77	530	4	1.37335	1.46336e+06	5.40862e-05	
12100	12598	2740	37	30.528	2056	30	10	623	17	82	507	5	0.43823	1.21564e+06	8.97908e-05	
11840	13241	2775	36.1124	32.924	2156	30	9	624	22	77	530	5	1.62816	858657	6.72993e-05	
12100	12550	2710	32.777	34.4842	2027	32	9	622	16	66	484	4	0.36863	1.04696e+06	0.000146434	
12081	13383	2743	36.7381	35	2149	29	8	615	18	80	528	6	1.50786	828910	6.8975e-05	
11979	12598	2726	37	35	2048	29	7	632	1	81	496	5	0.584513	1.15818e+06	7.3014e-05	
11868	12724	2740	37	33.7429	2119	29	6	609	5	61	508	5	0.886552	951668	7.03383e-05	
12067	13046	2775	24.9594	25.0927	2075	29	8	628	10	79	518	5	1.05093	1.52745e+06	5.53679e-05	
11882	12693	2704	35.4989	26.729	2053	29	8	627	4	72	516	6	0.817404	1.20713e+06	6.26723e-05	
12018	13120	2786	23.8248	25	2142	28	9	629	14	76	530	5	1.20879	1.52509e+06	5.37663e-05	
12100	12949	2800	29.2174	25	2086	29	7	621	14	77	530	5	0.905933	1.4638e+06	5.60695e-05	
11835	12608	2716	37	33.06	2056	30	4	625	35	67	530	4	0.769331	1.03749e+06	6.95217e-05	
11858	12593	2762	35.1125	29.7813	2026	31	9	626	16	82	509	5	0.733521	1.18574e+06	6.53296e-05	
12035	12550	2758	37	31.6592	2046	28	7	618	5	90	505	5	0.459788	1.22451e+06	8.50051e-05	
12004	12960	2748	35.3154	27.0911	2130	29	7	638	19	67	510	5	1.03265	1.12236e+06	6.16751e-05	
12100	12989	2795	27.5063	25	2116	29	9	621	14	76	528	5	0.952651	1.48686e+06	5.55432e-05	
12100	12550	2700	31.0743	26.0838	2063	31	7	641	17	70	524	5	0.364465	1.07849e+06	0.000170648	
12100	12550	2700	30.6227	25	2065	31	7	612	17	66	515	5	0.363544	1.06196e+06	0.000181951	
12012	12550	2736	36.9988	35	2046	31	10	627	21	78	508	6	0.484417	1.18804e+06	8.18733e-05	
11908	12591	2706	35.5655	28.1652	2000	31	8	645	20	68	505	6	0.656309	1.26147e+06	6.6357e-05	
11961	13015	2724	32.6911	25.6915	2067	31	10	637	13	79	530	4	1.14607	1.13569e+06	5.94813e-05	
12100	13215	2738	34.143	28.8421	2080	29	9	642	25	76	519	5	1.25097	1.01794e+06	6.19425e-05	
11985	12763	2736	32.9349	26.9996	2084	29	7	618	13	79	521	5	0.789832	1.31565e+06	6.05144e-05	
12100	13341	2782	31.3673	26.7534	2064	29	7	636	6	89	506	5	1.44109	1.11165e+06	5.82683e-05	
12069	12584	2724	36.5967	34.4817	2016	32	9	646	8	72	503	5	0.455692	1.17863e+06	8.80359e-05	
11983	12801	2772	30.7025	32.7655	2123	31	7	628	15	83	509	4	0.849174	1.16713e+06	6.46454e-05	
12003	12689	2720	36.4511	34.0578	2036	30	8	600	22	75	460	5	0.670675	1.08982e+06	7.17566e-05	
11836	13339	2768	36.6186	33.51	2148	29	10	636	11	81	524	4	1.76402	834590	6.80689e-05	
12079	12980	2773	32.9921	27.8078	2077	29	8	635	5	76	528	5	0.972848	1.18927e+06	5.98802e-05	
12079	12705	2708	37	25	2115	30	7	632	35	70	473	4	0.59587	1.42692e+06	6.58285e-05	
12100	12989	2792	27.5063	25	2060	29	7	621	11	77	530	5	0.951628	1.48836e+06	5.56917e-05	
12024	12550	2743	37	31.6275	2051	29	7	615	12	83	502	4	0.470862	1.23004e+06	8.23995e-05	
12012	13345	2800	33.4877	33.2143	2126	31	10	624	29	80	518	4	1.57037	889324	6.56901e-05	
12100	13230	2785	29.3322	25	2093	30	9	629	8	89	524	5	1.28436	1.24487e+06	5.57289e-05	
12097	12864	2748	37	25	2066	31	9	622	29	81	529	5	0.791137	1.31193e+06	6.0595e-05	
11961	13383	2798	21.8243	25	2106	28	9	621	12	75	530	5	1.62805	1.50188e+06	5.34131e-05	
11973	13500	2800	31.812	29.719	2142	28	7	622	5	76	517	5	1.83467	995670	6.10203e-05	
12100	13120	2783	24.2884	25	2098	28	5	609	9	77	524	5	1.10834	1.57609e+06	5.43242e-05	
12100	13411	2768	23.1863	25.2085	2107	29	5	640	10	85	530	4	1.49222	1.4382e+06	5.36452e-05	
11445	12758	2752	36.5617	35	2000	32	9	634	4	69	507	4	1.44228	790116	7.45545e-05	
11968	12578	2752	35.6955	26.2808	2105	31	10	639	3	75	510	5	0.577003	1.37504e+06	6.74491e-05	
12021	12550	2729	37	34.3028	2059	31	5	625	6	86	467	5	0.47214	1.2015e+06	8.35492e-05	
11961	12778	2727	31.9679	25.6915	2055	28	7	637	1	79	530	4	0.834631	1.35808e+06	5.85823e-05	
12100	12550	2717	34.7927	34.3402	2143	29	8	615	17	71	530	5	0.371821	1.07861e+06	0.000126072	
12100	13500	2774	21.8243	25	2132	29	6	622	32	85	527	5	1.60368	1.51619e+06	5.32141e-05	
12029	13081	2737	37	28.1845	2018	30	9	611	20	87	516	4	1.15998	1.00274e+06	6.3674e-05	
11961	12739	2747	35.2334	25.9167	2044	28	5	645	-0	66	491	5	0.793515	1.30943e+06	6.16675e-05	
11988	12578	2706	36.8717	30.1969	2000	31	7	647	4	68	495	5	0.543782	1.26891e+06	7.25426e-05	
11961	12913	2726	34.549	25.3287	2067	31	10	637	13	79	530	4	1.0143	1.16584e+06	6.01323e-05	
12028	13291	2767	37	34.6841	2086	32	8	636	12	82	489	4	1.46037	824649	7.01951e-05	
12069	12918	2704	37	25.8961	2084	29	10	633	5	81	510	4	0.883053	1.17878e+06	6.15953e-05	
11903	12804	2790	36.4291	33.8534	2101	29	6	609	15	89	508	5	0.965539	957252	6.81617e-05	
12100	12560	2735	37	35	2066	29	9	648	25	65	520	6	0.388556	1.12357e+06	0.000107643	
11469	12970	2713	36.5617	35	2085	32	9	641	7	70	518	4	1.67054	781618	7.39481e-05	
11776	13362	2797	37	33.7296	2050	29	10	632	16	90	509	4	1.88889	822297	6.89655e-05	
11960	13205	2725	29.1131	27.7132	2160	28	10	609	28	71	507	6	1.39405	1.10293e+06	5.95132e-05	
12100	12582	2759	37	27.6001	2059	30	7	632	16	83	503	5	0.420492	1.25639e+06	9.3835e-05	
12100	12756	2778	35.8817	25.1471	2104	30	7	629	14	81	523	5	0.651704	1.45869e+06	6.20925e-05	
11985	13425	2793	31.0203	32.1967	2101	31	8	644	10	84	527	6	1.70815	940120	6.34357e-05	
11949	13077	2714	34.6173	34.8411	2076	31	7	624	14	71	509	5	1.24069	857860	7.01459e-05	
12022	12850	2754	33.025	26.095	2158	28	7	631	22	86	511	6	0.864115	1.32886e+06	5.86786e-05	
12100	12550	2700	31.2434	25	2109	28	7	625	21	71	514	5	0.364788	1.09386e+06	0.000166196	
11349	13052	2713	36.7674	35	2061	31	10	629	15	75	516	5	1.91777	772548	7.46547e-05	
11976	12560	2735	37	35	2066	29	9	649	25	66	520	6	0.541244	1.18363e+06	7.5523e-05	
12010	12550	2731	25.4966	35	2066	29	9	612	19	63	472	5	0.459601	902582	0.000249004	
12099	12550	2704	30.2541	34.0914	2123	32	7	607	19	68	511	6	0.364491	977810	0.000197628	
11974	13292	2774	26.1348	25.0927	2075	29	8	628	12	79	527	5	1.50945	1.27337e+06	5.52273e-05	
12100	12550	2715	34.1944	34.1904	2050	32	9	601	16	66	484	4	0.370989	1.07089e+06	0.00013113	
12100	12550	2700	30.1196	25.4034	2063	31	7	641	19	70	515	5	0.362418	1.03898e+06	0.000198059	
12100	13171	2745	31.0943	26.0582	2152	30	9	642	2	71	502	5	1.19014	1.17508e+06	5.85892e-05	
11401	12606	2702	34.571	34.6143	2140	30	10	648	6	83	517	5	1.27074	836784	7.16178e-05	
11907	12603	2762	35.6955	25	2139	31	10	650	0	80	522	5	0.686822	1.38593e+06	6.14553e-05	
12100	12550	2740	32.6903	35	2151	30	8	615	5	69	514	6	0.372588	1.04631e+06	0.000146735	
12090	12577	2718	36.1233	26.8462	2048	29	6	646	7	64	504	5	0.41969	1.26856e+06	9.5039e-05	
12024	13425	2778	29.8557	32.1967	2096	31	8	644	10	84	527	5	1.64768	959407	6.30318e-05	
11953	12550	2715	35.9305	25.028	2078	29	8	624	24	90	502	6	0.55191	1.41807e+06	6.83574e-05	
12100	13186	2777	25.6197	25	2060	29	7	621	18	78	530	5	1.20503	1.41564e+06	5.4606e-05	
12027	12550	2746	35.4875	33.8726	2121	29	7	620	21	64	507	5	0.466788	1.19406e+06	8.76194e-05	
12100	12550	2737	32.9742	35	2140	31	8	611	22	68	518	6	0.372571	1.05086e+06	0.000143266	
11858	12595	2743	31.7945	25.1004	2059	32	10	623	20	83	530	5	0.727006	1.4014e+06	6.08754e-05	
12054	12704	2713	34.8512	25.4875	2160	31	6	647	14	75	517	4	0.624918	1.4436e+06	6.39182e-05	
12064	12989	2795	27.5063	25.6039	2053	29	9	619	19	80	528	5	0.998117	1.42181e+06	5.59722e-05	
12100	13006	2705	35.6935	34.2713	2138	30	9	643	23	65	528	5	0.960102	937554	6.87663e-05	
11973	12923	2775	29.6012	25	2010	29	10	635	12	75	530	5	1.02266	1.31614e+06	5.68602e-05	
12035	12577	2741	37	31.6592	2046	28	7	618	5	89	505	5	0.491713	1.24456e+06	7.88146e-05	
12100	13411	2742	24.7301	25.0529	2107	29	6	634	12	83	529	5	1.49094	1.34301e+06	5.43213e-05	
12100	13120	2783	26.7867	25	2098	28	6	609	9	77	524	5	1.12339	1.42621e+06	5.46926e-05	
11725	12893	2738	36.5832	34.9641	2027	32	6	616	14	67	508	5	1.28001	820410	7.29554e-05	
12024	13130	2767	35.4247	33.9013	2096	31	8	644	10	84	527	6	1.2444	892228	6.72585e-05	
12019	13190	2706	36.176	35	2076	32	9	637	25	71	494	5	1.30342	821679	7.17412e-05	
12100	12550	2702	32.9294	29.4595	2159	31	6	637	6	72	509	5	0.367747	1.09104e+06	0.000141623	
11880	12550	2736	35.5939	33.8716	2092	29	7	618	16	76	511	6	0.644967	1.15518e+06	7.00329e-05	
12091	12959	2743	29.4743	25.5227	2124	28	7	601	18	67	510	6	0.912655	1.40686e+06	5.74614e-05	
12100	13186	2777	30.9305	25	2054	29	7	621	18	78	530	5	1.22421	1.23585e+06	5.65131e-05	
12097	12550	2723	36.8452	34.406	2132	31	7	643	16	80	514	5	0.377696	1.11516e+06	0.000112007	
12003	12550	2732	37	26.7136	2129	31	6	645	3	72	499	5	0.494751	1.35942e+06	7.57117e-05	
12100	12578	2720	36.1233	30.2722	2000	28	6	640	4	64	499	5	0.408974	1.19499e+06	0.000100523	
11776	13334	2800	37	33.7296	2055	29	10	626	16	89	495	4	1.8518	820991	6.93001e-05	
12100	12550	2700	31.0743	25.1134	2063	31	6	641	17	70	530	5	0.364465	1.09195e+06	0.000169981	
12100	12950	2800	29.2174	25	2086	29	7	621	12	77	529	5	0.907289	1.46294e+06	5.60727e-05	
12010	12550	2716	25.1822	34.466	2102	28	8	603	21	72	530	6	0.366191	1.05412e+06	0.000157406	
12086	12550	2743	29.0729	35	2118	32	9	605	26	64	471	5	0.382789	953309	0.000215517	
11858	12581	2732	31.8549	25.1004	2095	31	9	644	20	83	530	5	0.706194	1.42333e+06	6.10426e-05	
12100	13224	2792	35.9808	35	2115	28	8	645	14	85	524	4	1.2896	870883	6.744e-05	
12004	12628	2786	37	29.7573	2097	31	9	629	24	86	527	5	0.605552	1.28756e+06	6.72224e-05	
12100	12550	2715	34.9395	34.1904	2050	32	9	601	16	80	484	4	0.371672	1.08117e+06	0.000125125	
11447	13167	2717	37	35	2010	32	9	646	7	69	524	5	1.96033	770126	7.47608e-05	
12100	12554	2743	27.5306	35	2140	29	8	610	21	71	514	6	1.14956	1.2346e+06	5.82004e-05	
12012	13194	2791	33.4877	33.2143	2126	31	10	624	29	80	512	4	1.35626	906481	6.59544e-05	
11879	13472	2797	31.3673	26.7534	2064	29	7	636	8	89	506	5	1.90968	1.06501e+06	5.89866e-05	
12056	12825	2708	31.1492	25	2160	31	6	640	14	71	502	5	0.772735	1.44524e+06	5.96872e-05	
11374	13255	2713	36.6098	35	2073	30	10	623	19	71	516	5	2.15969	772301	7.43329e-05	
11998	13387	2717	34.7416	35	2000	31	8	646	6	77	514	5	1.59921	821489	7.00378e-05	
12018	13120	2783	23.8248	25	2142	28	6	629	14	76	524	5	1.20749	1.5333e+06	5.38677e-05	
11987	13186	2760	35.1258	31.5609	2014	32	9	624	28	83	496	4	1.3629	899517	6.68583e-05	
12042	12550	2737	37	34.466	2111	30	8	600	18	60	503	6	0.447661	1.18193e+06	8.87548e-05	
11973	13500	2776	31.3673	30.7479	2035	29	8	623	4	88	524	5	1.81814	960785	6.23131e-05	
11783	13284	2738	36.5567	28.8421	2107	29	10	642	23	90	519	4	1.73402	921920	6.42756e-05	
12100	12585	2730	36.7361	33.2309	2114	32	9	606	21	67	481	5	0.419801	1.17017e+06	9.67586e-05	
12025	13006	2786	31.155	29.2024	2132	28	7	624	5	83	515	5	1.07737	1.14361e+06	6.00709e-05	
11969	13496	2795	32.9921	29.4183	2006	29	7	614	12	90	518	5	1.83257	976092	6.18238e-05	
11958	13217	2750	35.7025	35	2005	29	8	627	11	73	519	4	1.43618	829776	6.9891e-05	
12100	12550	2700	33.6645	27.1989	2063	31	8	640	20	71	511	5	0.368377	1.12945e+06	0.000132538	
12054	12591	2704	36.3125	26.2808	2001	31	8	637	3	71	504	6	0.479397	1.33392e+06	7.92896e-05	
11445	13139	2717	36.5617	35	2000	32	9	643	7	69	513	4	1.92504	771230	7.48615e-05	
12100	13224	2792	35.9808	35	2160	28	8	645	14	85	524	5	1.2896	873784	6.73038e-05	
12100	12550	2743	29.6267	33.9764	2098	31	9	601	18	60	521	5	0.366956	941326	0.000225175	
12054	12816	2704	33.4355	25	2160	31	6	650	10	71	500	5	0.765875	1.40158e+06	6.02337e-05	
11445	13139	2722	36.5617	35	2000	32	9	643	7	69	513	4	1.92858	772060	7.47943e-05	
11874	12550	2710	36.1423	25.028	2052	29	8	624	24	90	511	6	0.646414	1.39565e+06	6.29644e-05	
12100	12550	2705	34.4236	26.0643	2079	30	6	641	6	71	503	5	0.369846	1.16971e+06	0.000125109	
12011	12598	2737	37	29.5283	2056	30	10	632	19	82	483	5	0.54758	1.28454e+06	7.13776e-05	
12100	12550	2702	31.8838	30.6998	2159	31	6	617	7	72	514	5	0.366191	1.05412e+06	0.000157406	
12079	13120	2783	23.8248	25	2142	28	8	641	14	74	524	5	1.13099	1.5757e+06	5.41712e-05	
12100	12959	2743	29.4743	25.5227	2124	28	7	603	18	68	511	6	0.901487	1.4136e+06	5.74416e-05	
11541	12766	2713	37	35	2000	31	8	646	9	75	506	5	1.32045	797664	7.40905e-05	
12100	13325	2752	21.9359	25	2107	29	7	640	18	83	529	5	1.35099	1.60382e+06	5.35906e-05	
12020	12569	2726	36.1248	32.4379	2030	29	6	647	9	64	492	5	0.496708	1.23597e+06	7.97639e-05	
12062	12989	2792	27.5063	25	2060	29	7	621	13	77	530	5	0.999565	1.45197e+06	5.54201e-05	
11910	13143	2720	36.4511	34.9259	2032	30	9	600	21	75	460	5	1.38006	809947	7.2881e-05	
11776	13345	2784	37	33.7296	2070	30	10	626	22	90	495	4	1.85649	817464	6.95894e-05	
11445	12623	2717	36.5617	35	2000	28	9	634	18	73	507	4	1.24992	806164	7.38116e-05	
12100	12550	2700	32.2632	25	2109	28	7	643	17	71	516	5	0.366524	1.12699e+06	0.000148017	
12100	12550	2700	33.3799	35	2062	31	7	628	17	73	516	5	0.368045	1.05226e+06	0.000139567	
11719	13396	2716	36.7191	35	2076	31	9	637	12	72	491	5	1.94826	780573	7.31101e-05	
12054	12825	2708	31.1492	25	2160	31	6	643	14	71	502	5	0.775176	1.4429e+06	5.96481e-05	
12093	12577	2758	36.6613	28.9939	2154	31	10	617	19	83	527	5	0.422425	1.22084e+06	9.47149e-05	
12079	13257	2785	24.0082	25	2124	29	5	624	5	77	525	5	1.32146	1.46912e+06	5.38503e-05	
12100	12550	2702	33.1192	26.0582	2152	31	9	642	7	70	502	5	0.367995	1.13114e+06	0.000137589	
12100	12550	2702	30.872	34.1904	2050	32	8	605	16	66	478	4	0.364332	999554	0.000181653	
11833	12994	2766	37	34.6841	2079	32	7	627	6	81	484	5	1.29689	831545	7.14337e-05	
12015	13500	2776	24.7301	25	2107	29	6	640	23	82	530	5	1.74011	1.3031e+06	5.42182e-05	
12100	12756	2778	35.8817	25.1471	2111	29	7	629	15	81	523	5	0.651704	1.45994e+06	6.19425e-05	
12012	12718	2790	33.506	25	2064	29	9	621	18	81	513	5	0.712554	1.43654e+06	6.03064e-05	
12085	12705	2701	36.9613	25	2115	30	7	632	35	71	473	4	0.58699	1.43e+06	6.62559e-05	
12077	13104	2753	27.9754	25.0791	2140	29	5	626	14	79	522	4	1.12316	1.36176e+06	5.54354e-05	
12100	12550	2740	32.6679	35	2120	32	8	609	4	72	508	5	0.372557	1.04539e+06	0.00014708	
12027	13500	2800	35.0286	31.2626	2132	29	6	616	17	84	526	5	1.77084	926170	6.36335e-05	
12021	12913	2712	32.9514	25	2048	30	9	622	23	81	530	4	0.934338	1.26817e+06	5.87648e-05	
11739	12550	2746	34.7386	35	2127	32	8	631	21	64	516	5	0.817654	980776	7.12251e-05	
12010	12550	2725	25.4966	35	2091	30	9	610	20	63	472	5	0.458591	900535	0.000249439	
12100	12550	2717	34.7927	35	2137	29	8	615	17	71	524	6	0.371821	1.07468e+06	0.000126438	
11961	12550	2710	34.7927	35	2140	29	8	611	18	71	513	5	0.540351	1.19733e+06	7.67578e-05	
11300	13216	2706	37	35	2100	32	9	636	18	66	494	5	2.18699	758971	7.64351e-05	
12017	13500	2747	28.222	25	2090	29	6	644	12	81	529	5	1.7368	1.19909e+06	5.57103e-05	
11950	12903	2710	35.1148	35	2140	29	8	609	19	71	528	6	1.00909	908883	6.96427e-05	
12022	12850	2754	33.025	28.2942	2120	28	7	631	22	78	511	6	0.864115	1.23437e+06	6.08643e-05	
12069	12578	2704	37	25.6214	2103	29	7	633	5	68	506	5	0.444908	1.32716e+06	8.46668e-05	
11842	12610	2770	37	26.944	2055	29	7	638	5	90	503	5	0.778654	1.2295e+06	6.28062e-05	
11751	12793	2741	35.9177	26.2525	2051	29	9	650	15	84	524	5	1.11814	1.07186e+06	6.20463e-05	
12100	13331	2752	21.9359	25	2097	29	6	640	12	87	529	5	1.35922	1.59875e+06	5.35045e-05	
11903	12994	2766	37	34.6841	2079	32	7	634	4	81	484	4	1.21095	846416	7.10076e-05	
12100	12608	2716	37	25	2056	30	4	625	35	67	530	4	0.447188	1.38754e+06	8.44238e-05	
12100	12550	2700	31.6128	35	2152	31	6	642	7	70	509	5	0.365459	1.02034e+06	0.000164853	
12020	12569	2718	36.1248	30.4172	2030	29	6	647	4	64	495	5	0.495251	1.26791e+06	7.87402e-05	
12021	12550	2703	36.7287	34.1707	2028	30	8	647	29	87	514	5	0.467515	1.18753e+06	8.42318e-05	
12100	13120	2778	30.1248	25	2104	30	7	629	14	79	523	6	1.13269	1.29703e+06	5.63e-05	
12077	12554	2743	37	32.2464	2048	30	7	624	8	68	510	5	0.41049	1.17725e+06	9.83671e-05	
12097	12552	2743	29.4743	34.0914	2134	32	7	611	18	62	511	6	0.372847	951883	0.000218388	
12100	13411	2770	21	25	2107	29	6	640	10	82	530	5	1.46462	1.6673e+06	5.31124e-05	
11883	13482	2800	32.0394	30.3891	2133	29	7	623	2	89	513	5	1.92205	967760	6.2027e-05	
11968	12578	2752	35.6955	26.2808	2001	31	10	650	3	75	510	5	0.577003	1.37112e+06	6.78518e-05	
12100	13204	2800	27.4483	25	2100	29	4	627	10	86	520	5	1.24886	1.36008e+06	5.46837e-05	
12045	12550	2700	32.5412	35	2062	31	7	636	20	71	505	5	0.433986	1.1199e+06	0.000108295	
12080	12850	2725	33.7153	28.2942	2097	28	8	625	22	78	507	6	0.784623	1.25963e+06	6.18429e-05	
12100	12725	2718	36.1233	26.8462	2000	29	6	646	4	64	495	5	0.597646	1.38167e+06	6.68717e-05	
12100	13222	2790	24.621	25.1048	2077	28	8	643	14	75	515	5	1.25375	1.44336e+06	5.44544e-05	
11763	13235	2733	37	35	2007	29	10	628	10	78	519	4	1.68875	792209	7.1664e-05	
11296	12729	2716	36.5642	34.5623	2100	31	9	629	9	70	494	5	1.55798	784914	7.49513e-05	
12100	12925	2723	37	26.3502	2066	29	7	643	9	65	495	5	0.860314	1.19799e+06	6.27865e-05	
12038	12550	2704	35.614	25.997	2160	30	8	644	2	70	497	4	0.446352	1.29368e+06	8.74585e-05	
12012	12550	2736	36.9988	35	2027	31	10	624	25	74	507	6	0.484417	1.18749e+06	8.19874e-05	
11953	12851	2721	36.4204	35	2077	31	9	628	4	64	495	5	0.942291	896912	7.21085e-05	
12039	13500	2800	31.9828	29.719	2148	30	7	623	5	85	517	6	1.75198	1.00116e+06	6.0884e-05	
11992	12923	2775	29.6012	25	2010	29	10	640	12	75	530	5	0.999037	1.33359e+06	5.67924e-05	
12044	13217	2780	34.143	29.5002	2080	30	7	631	8	77	519	5	1.3432	1.00002e+06	6.23947e-05	
12100	12550	2712	28.9738	34.2125	2098	30	8	603	15	64	501	5	0.361002	882148	0.000268601	
11936	13500	2779	31.3673	30.7479	2035	29	10	628	4	88	524	5	1.86607	950760	6.2461e-05	
11973	13500	2766	31.3673	30.7479	2035	29	8	623	4	88	524	5	1.81159	958851	6.24298e-05	
12083	12906	2750	29.992	25	2106	29	9	622	14	77	510	5	0.855798	1.42966e+06	5.75506e-05	
11445	13274	2713	36.5617	35	2072	32	9	643	7	69	516	4	2.10303	772446	7.42997e-05	
12082	12550	2700	36.7287	34.1707	2028	31	8	647	27	88	514	5	0.392762	1.12901e+06	0.000105197	
12100	12805	2736	32.9514	25.8439	2098	31	8	622	29	81	520	5	0.703063	1.41489e+06	6.14251e-05	
12054	12704	2713	36.1943	25.4875	2160	31	6	647	14	71	517	5	0.625877	1.43487e+06	6.37918e-05	
12047	12550	2700	36.7287	34.8992	2045	31	8	638	25	65	521	5	0.435401	1.15958e+06	9.18358e-05	
12083	13153	2777	25.0674	25.0927	2096	29	4	627	10	81	516	4	1.17785	1.47482e+06	5.45881e-05	
12027	12685	2716	37	25	2038	30	4	631	35	71	530	4	0.635515	1.45651e+06	6.32391e-05	
11858	12595	2770	33.03	25.1004	2059	32	10	612	20	83	530	5	0.736046	1.38401e+06	6.06649e-05	
12038	12550	2715	35.614	25.997	2160	30	8	644	2	70	497	4	0.448168	1.2962e+06	8.72753e-05	
11985	13383	2790	21.7741	25	2106	28	8	613	12	80	530	5	1.59271	1.52221e+06	5.33049e-05	
12054	12640	2765	37	25.498	2160	31	5	647	20	71	510	5	0.554462	1.45613e+06	6.82221e-05	
12089	12616	2707	37	26.9013	2122	31	6	635	0	72	504	5	0.469386	1.3282e+06	8.03536e-05	
12012	12718	2790	33.506	30.5628	2064	29	9	621	18	74	513	5	0.712554	1.25574e+06	6.47165e-05	
11882	12902	2704	31.4438	26.729	2064	29	9	628	4	75	516	5	1.08288	1.14202e+06	6.02809e-05	
12067	13041	2791	29.5509	25.4879	2075	29	8	628	8	74	518	5	1.07032	1.31033e+06	5.66572e-05	
11922	13119	2780	25.7928	25	2084	29	5	642	11	78	524	5	1.33802	1.34128e+06	5.50964e-05	
11884	13500	2781	34.449	32.3189	2016	29	8	635	0	90	529	6	1.93612	882701	6.54965e-05	
12100	12967	2702	32.7056	25.8728	2152	31	6	616	13	72	505	5	0.90486	1.28495e+06	5.97621e-05	
12079	13257	2785	24.0082	25	2124	29	5	621	5	77	530	5	1.32146	1.4727e+06	5.37288e-05	
12100	12550	2704	30.2541	34.0914	2123	32	7	616	19	67	511	6	0.363268	975918	0.00019972	
11975	13345	2700	36.3137	33.7296	2059	30	10	632	16	89	495	4	1.56149	826233	6.93049e-05	
11913	13254	2733	37	34.8835	2005	29	10	628	10	78	519	4	1.53296	805835	7.07514e-05	
11849	12696	2745	36.1735	30.9757	2046	29	9	613	5	90	502	5	0.87435	1.03344e+06	6.63482e-05	
12015	13395	2787	21.8243	25	2107	28	8	621	8	77	529	5	1.57091	1.52565e+06	5.33021e-05	
11944	13435	2741	35.4808	29.7781	2079	30	8	649	8	86	518	4	1.74616	925155	6.38855e-05	
12069	13129	2769	27.6208	25.0927	2096	29	4	627	10	78	516	4	1.17229	1.35792e+06	5.5537e-05	
11951	12894	2750	34.7223	33.2647	2122	29	7	646	1	89	505	4	1.01048	969949	6.6569e-05	
12100	12550	2736	29.5863	33.3597	2080	30	9	606	18	63	494	5	0.365913	941629	0.000226963	
12100	13194	2793	25.6197	25	2060	29	7	621	18	78	527	5	1.22299	1.41251e+06	5.45167e-05	
12100	13052	2755	34.6801	29.1438	2129	29	10	624	22	83	496	4	1.03877	1.05864e+06	6.24844e-05	
12058	12550	2758	37	31.6592	2046	30	8	620	4	86	505	5	0.431208	1.2026e+06	9.21489e-05	
11908	12990	2761	37	34.2152	2108	30	8	627	20	63	515	4	1.19725	856164	7.02247e-05	
12100	12554	2743	37	29.2839	2041	32	8	626	11	70	510	5	0.381967	1.1785e+06	0.00010791	
12025	13007	2778	31.155	29.2024	2132	29	7	622	0	83	515	5	1.07563	1.13964e+06	6.03318e-05	
12061	12785	2786	32.5688	25.596	2115	29	10	606	24	75	516	5	0.737806	1.41918e+06	5.99844e-05	
11994	13482	2800	32.8003	32.8754	2145	29	7	623	11	89	513	5	1.78445	908936	6.43791e-05	
12100	12550	2720	29.4956	34.2194	2054	29	9	600	6	66	501	5	0.363533	927819	0.000233046	
12100	12550	2704	35.4912	26.0582	2160	31	8	644	6	70	497	5	0.370593	1.1823e+06	0.000117523	
12100	13018	2713	36.0349	33.4539	2108	28	9	614	23	65	492	5	0.978998	937374	6.8956e-05	
12069	12605	2718	36.2083	27.4736	2127	28	6	645	1	67	499	5	0.481349	1.31829e+06	7.97448e-05	
12027	12685	2716	37	25.4359	2038	30	4	631	34	71	530	4	0.635515	1.43535e+06	6.35284e-05	
11903	12994	2745	36.3024	34.6841	2079	32	7	634	3	81	489	4	1.2014	851481	7.07614e-05	
11889	12550	2734	35.5939	33.8716	2091	29	7	618	16	80	519	6	0.633559	1.16866e+06	7.00427e-05	
12100	13339	2768	34.3607	33.8099	2138	29	9	636	11	81	524	4	1.43526	883787	6.59544e-05	
11960	13205	2740	29.1131	26.9367	2160	28	10	609	28	70	513	5	1.40173	1.13065e+06	5.84659e-05	
11879	12610	2736	37	26.944	2055	29	7	638	8	90	506	5	0.724192	1.26469e+06	6.31951e-05	
12100	12578	2706	25.9245	34.4076	2057	31	8	637	15	78	515	5	1.51508	1.54534e+06	5.32907e-05	
11762	12606	2773	36.9387	34.5547	2041	31	8	628	14	75	505	4	0.872159	935303	7.13063e-05	
11526	12694	2715	36.3818	34.3128	2143	30	10	645	6	76	512	5	1.24566	827537	7.18856e-05	
12100	12550	2715	29.1536	33.1236	2138	32	9	613	20	72	491	5	0.361922	908327	0.000253229	
12072	13103	2737	37	27.8364	2054	30	10	627	17	79	524	4	1.1364	1.01951e+06	6.29723e-05	
11969	13478	2795	33.8592	29.4183	2017	30	8	616	12	89	518	5	1.80828	959199	6.24532e-05	
11862	13413	2721	36.7191	34.9838	2075	32	9	646	12	72	499	5	1.80345	788635	7.22804e-05	
11847	12737	2781	37	35	2087	30	9	633	28	73	499	5	0.942923	907103	7.11693e-05	
11977	12598	2737	33.6843	29.5283	2108	30	10	632	19	72	499	5	0.586777	1.30376e+06	7.01853e-05	
12100	12550	2700	32.6271	26.0838	2062	31	7	625	15	71	518	5	0.36706	1.12142e+06	0.000143719