11296	13353	2700	37	35	2071	32	9	624	9	65	492	5	2.3704	755179	7.68462e-05	
12091	13455	2793	21	25	2093	28	6	631	17	86	529	5	1.54987	1.64086e+06	5.27093e-05	
12100	12550	2700	28.7344	30.685	2123	31	7	600	17	70	506	6	0.358686	875161	0.000286615	
11296	13399	2711	37	35	2113	32	10	631	9	65	492	5	2.44242	757167	7.64526e-05	
12100	13260	2791	21.8243	25	2098	28	7	639	15	81	524	5	1.27846	1.68164e+06	5.35647e-05	
12100	12554	2719	28.5079	34.4272	2111	31	7	610	14	68	518	5	0.365598	857198	0.000291886	
11349	13347	2713	36.5617	35	2000	31	10	628	15	74	514	4	2.31259	767077	7.49681e-05	
12100	12550	2700	28.8981	35	2112	31	6	601	17	63	505	6	0.359181	867674	0.000276549	
11296	13240	2706	37	35	2100	32	9	624	9	65	492	5	2.22368	757939	7.65521e-05	
11296	13353	2734	37	35	2096	32	9	624	10	66	492	5	2.40025	761841	7.61093e-05	
12100	13260	2791	22.0156	25	2098	28	7	639	15	81	521	5	1.28105	1.6595e+06	5.35647e-05	
11442	13446	2712	36.9776	35	2029	31	8	641	35	69	513	5	2.33891	768729	7.47887e-05	
12100	12550	2758	28.741	34.6836	2000	31	9	610	12	62	504	6	0.366412	859885	0.000288434	
11296	13399	2708	37	35	2113	32	10	630	9	65	492	5	2.43972	756740	7.64994e-05	
12100	12550	2700	29.1522	34.7016	2086	30	8	613	11	62	501	6	0.359919	894907	0.000256082	
12100	12550	2743	29.0729	34.6784	2118	32	9	605	26	64	482	5	0.365421	893776	0.000260417	
12100	13411	2770	21	25	2107	28	6	637	10	85	530	4	1.46462	1.67569e+06	5.28262e-05	
12023	13120	2781	23.8248	25	2142	28	6	630	27	76	524	5	1.20037	1.53634e+06	5.39287e-05	
11296	13190	2706	37	35	2113	32	9	636	10	66	494	5	2.15683	759978	7.63359e-05	
12100	12550	2701	30.1591	33.0851	2050	28	8	600	4	73	501	5	0.362645	973960	0.000202593	
11300	13216	2706	37	35	2100	32	9	636	18	66	494	5	2.18699	758971	7.64351e-05	
12100	12550	2700	30.0703	34.5608	2041	30	7	642	14	71	510	4	0.362302	969804	0.000206569	
12100	13425	2793	21.9993	25	2092	28	6	624	17	86	529	5	1.51163	1.54785e+06	5.29129e-05	
11305	13347	2713	36.5617	35	2000	31	9	628	7	72	514	4	2.36316	766508	7.52785e-05	
12100	12550	2700	29.7485	27.1168	2160	31	7	625	3	72	516	5	0.361514	996036	0.000214408	
12100	12550	2700	31.6128	35	2152	31	6	642	7	76	509	5	0.365459	1.02247e+06	0.000164745	
12100	13359	2786	21.8243	25	2090	28	7	620	24	86	525	5	1.4134	1.60197e+06	5.31604e-05	
12100	12550	2716	29.3341	34.2501	2117	31	7	605	13	66	517	6	0.362561	915897	0.000242365	
12087	12550	2720	29.4956	34.8027	2054	29	9	600	6	66	501	5	0.379526	972212	0.000199442	
12100	12550	2700	28.9738	33.2495	2114	31	7	601	20	65	501	6	0.359405	884864	0.00026824	
12097	12550	2743	28.5477	34.3945	2124	31	7	606	11	68	521	5	0.367529	859696	0.00029163	
12100	12550	2700	28.9738	34.2125	2098	30	8	603	11	60	501	6	0.359405	878221	0.000269614	
12096	12554	2713	30.691	35	2092	29	8	602	12	74	515	5	0.375442	1.01043e+06	0.000172473	
12100	12550	2700	29.3248	29.1585	2098	30	8	629	18	62	507	5	0.3604	943044	0.000239234	
12100	12584	2705	27.3274	34.9493	2098	31	6	603	18	68	514	6	0.397587	869937	0.000272851	
12100	13425	2793	21.0355	25	2092	28	6	627	17	86	529	5	1.49701	1.66532e+06	5.27232e-05	
12100	12589	2700	27.6833	35	2098	31	6	606	18	72	509	6	0.40459	934698	0.000225327	
12100	12550	2700	30.435	25.712	2078	31	8	636	19	71	519	5	0.363137	1.0492e+06	0.000187582	
12100	13359	2757	21.9359	25	2115	28	7	636	16	83	529	5	1.4002	1.5894e+06	5.32425e-05	
12100	12550	2700	28.9738	30.685	2114	31	7	601	17	66	501	5	0.359405	899532	0.000265604	
12100	13372	2757	21.9359	25	2115	28	7	634	16	83	530	5	1.41811	1.58014e+06	5.32056e-05	
12100	12559	2700	31.1612	34.9553	2105	31	8	603	18	61	499	6	0.376037	1.02097e+06	0.000161812	
12079	13104	2777	25.0674	25.0927	2096	29	4	627	10	81	516	4	1.11608	1.50986e+06	5.47046e-05	
12100	13325	2793	21.8243	25	2122	29	8	622	16	86	528	5	1.36959	1.63168e+06	5.31124e-05	
12043	12578	2706	25.6624	34.5525	2130	30	8	637	15	69	498	4	0.451766	906937	0.000246853	
12100	12550	2700	33.9376	26.3164	2063	31	7	634	12	63	524	5	0.368676	1.14962e+06	0.00012955	
12100	12589	2700	27.3274	35	2098	31	6	606	18	72	509	6	0.403204	897992	0.00025227	
12100	13359	2786	22.7421	25	2092	28	7	620	17	85	525	6	1.42477	1.51537e+06	5.33533e-05	
12100	12550	2702	29.8875	30.908	2145	31	6	617	10	72	510	5	0.362129	977056	0.000211327	
12100	12550	2700	26.0505	33.2495	2114	31	7	601	26	67	501	6	0.368635	1.01677e+06	0.000169463	
12099	12550	2700	29.4766	34.8227	2095	31	7	603	18	75	511	6	0.362031	928012	0.000231803	
12100	12550	2702	30.4157	30.908	2159	31	6	617	7	67	513	5	0.363363	1.00391e+06	0.000191939	
12039	13063	2797	25.5717	25	2086	29	4	627	10	80	530	5	1.12164	1.49518e+06	5.43301e-05	
11555	13445	2707	37	34.7706	2004	32	9	630	8	71	482	5	2.20171	764755	7.52899e-05	
12100	12550	2700	29.9537	26.0643	2079	30	6	617	5	71	503	5	0.362022	1.01881e+06	0.00020517	
12093	12550	2700	29.3097	34.2125	2097	30	7	600	18	65	523	6	0.368909	939555	0.000222767	
11541	13387	2717	37	35	2000	31	8	646	9	75	514	5	2.14723	775016	7.37953e-05	
12100	12551	2743	33.6461	35	2140	31	7	610	18	68	521	6	0.37551	1.0649e+06	0.000134862	
12100	12589	2704	27.7509	35	2098	31	8	602	18	75	509	6	0.405442	939859	0.000220848	
12056	13120	2781	23.8248	25	2142	28	6	630	27	76	524	5	1.15905	1.56465e+06	5.39986e-05	
12100	12550	2700	32.6271	35	2063	31	7	628	17	60	513	5	0.36706	1.03866e+06	0.000148876	
12100	12550	2705	30.0202	34.2494	2098	31	7	609	22	62	509	5	0.362853	960191	0.000208899	
12100	12550	2700	29.3097	34.2125	2097	30	7	601	18	65	523	6	0.360358	911700	0.000244678	
12100	13120	2783	24.2884	25	2066	28	5	609	9	69	524	5	1.10834	1.57185e+06	5.46269e-05	
12100	12550	2700	33.6645	28.457	2063	31	8	644	20	73	511	5	0.368377	1.11402e+06	0.000133174	
12018	13205	2725	34.072	27.7132	2160	29	10	633	4	70	507	5	1.33228	1.02521e+06	6.16219e-05	
12100	12550	2700	31.2389	26.1346	2094	28	10	633	19	72	501	5	0.36478	1.07815e+06	0.000167056	
11296	13240	2706	37	35	2100	32	9	624	9	65	492	5	2.22368	757766	7.6558e-05	
12100	13466	2781	21.9359	25	2115	28	7	634	16	83	530	5	1.5616	1.52895e+06	5.29437e-05	
12094	12550	2743	29.2559	33.9867	2103	32	9	602	18	60	496	5	0.373392	937725	0.000227324	
12100	12550	2704	31.8838	30.6998	2159	31	6	613	7	77	515	5	0.366462	1.05443e+06	0.000157307	
12100	12550	2700	30.3575	26.0643	2079	30	6	641	5	70	503	5	0.362965	1.04526e+06	0.000190367	
12100	12550	2700	35.0446	32.5104	2052	31	7	647	3	70	523	4	0.369705	1.09748e+06	0.000123747	
12100	13104	2777	25.0674	25	2107	30	4	627	10	81	516	4	1.08971	1.52597e+06	5.48787e-05	
12100	12550	2702	33.1192	25	2154	31	6	642	7	71	509	5	0.367995	1.15354e+06	0.000136968	
11296	13128	2717	37	35	2064	31	9	631	9	66	494	5	2.08273	761910	7.62021e-05	
12100	12550	2701	31.9459	27.1989	2091	31	7	645	3	71	502	5	0.366158	1.0917e+06	0.000154345	
11961	12719	2781	34.0405	25.9414	2067	30	10	640	0	79	523	5	0.775766	1.33319e+06	6.01395e-05	
12100	12550	2712	34.6221	35	2138	32	8	600	17	68	513	5	0.370987	1.06987e+06	0.000127959	
12100	12550	2720	29.4956	34.2194	2054	29	9	600	6	66	501	5	0.363533	927819	0.000233046	
12100	13122	2785	24.0082	25	2124	29	5	650	3	77	530	5	1.10963	1.5888e+06	5.41947e-05	
12100	12584	2700	28.8981	35	2123	31	9	601	13	63	505	6	0.40231	996536	0.000180832	
12100	12550	2700	33.3719	32.7395	2160	31	7	647	3	71	523	5	0.368036	1.06903e+06	0.000138332	
11504	13341	2717	36.5617	35	2000	31	10	643	3	69	514	5	2.1279	772095	7.42115e-05	
12100	12550	2700	30.7355	34.9553	2105	31	8	607	18	61	499	6	0.363782	988625	0.00018577	
12100	12550	2700	31.8054	25.475	2113	28	10	641	19	67	508	5	0.365789	1.10171e+06	0.00015569	
12100	13103	2737	37	27.8364	2048	30	10	627	17	79	494	4	1.10176	1.02341e+06	6.3674e-05	
12100	12550	2700	29.4766	28.4414	2105	30	8	603	5	63	499	6	0.36081	956464	0.000230203	
12100	12550	2715	29.7962	32.7295	2105	32	8	610	20	68	501	5	0.363643	957838	0.000216779	
11962	12609	2738	35.4475	25.1054	2056	28	6	650	20	82	518	5	0.621204	1.45021e+06	6.35243e-05	
12079	13257	2791	24.0083	25	2124	29	5	621	5	77	530	5	1.32431	1.47401e+06	5.36653e-05	
12100	12550	2700	36.7413	35	2091	31	8	601	13	64	505	6	0.370791	1.09882e+06	0.000115075	
11936	13500	2779	31.3673	30.7479	2035	29	10	628	4	88	524	5	1.86607	950760	6.2461e-05	
11982	12628	2759	36.1756	26.4685	2088	31	8	626	3	73	499	5	0.626476	1.36679e+06	6.49942e-05	
12100	12550	2700	30.9315	26.5384	2062	30	7	635	20	71	502	5	0.364182	1.06695e+06	0.00017449	
12100	13317	2778	23.1584	25	2107	29	6	640	10	83	530	5	1.36687	1.49918e+06	5.34702e-05	
12100	13500	2776	24.7301	25	2107	29	6	640	12	82	529	5	1.6337	1.32615e+06	5.39374e-05	
12018	13120	2783	23.8248	25	2142	28	6	629	14	76	524	5	1.20749	1.5333e+06	5.38677e-05	
11921	13497	2800	32.8003	32.8754	2145	29	7	623	11	89	513	5	1.89704	902239	6.46914e-05	
11975	13378	2712	36.1205	35	2020	32	10	632	4	79	530	5	1.61302	803139	7.07364e-05	
12100	13435	2793	21.8243	25	2092	28	6	622	17	86	529	5	1.52327	1.56077e+06	5.28793e-05	
12027	13167	2785	24.0082	25	2105	29	5	647	12	77	530	5	1.26295	1.49e+06	5.39607e-05	
12048	12550	2740	26.756	34.8444	2076	31	8	618	20	65	515	4	0.420829	895832	0.000254777	
12043	13308	2790	23.1956	25	2065	28	9	620	14	75	530	5	1.43244	1.45471e+06	5.38126e-05	
12100	12584	2700	27.3274	35	2098	31	6	603	18	72	514	6	0.396852	870290	0.000272851	
12100	12598	2718	37	28.4964	2067	29	7	632	16	83	496	5	0.434711	1.25046e+06	8.9214e-05	
11555	13179	2707	36.876	34.7706	2060	32	9	623	11	69	474	4	1.8433	770934	7.52106e-05	
11636	13270	2714	36.5617	34.7706	2000	32	9	647	8	66	480	5	1.87468	774698	7.50019e-05	
12084	12550	2700	29.0858	33.7888	2149	31	8	600	11	65	500	6	0.379266	958573	0.000209732	
12100	12554	2743	25.354	35	2132	31	7	620	18	68	514	6	1.30632	1.23633e+06	5.60915e-05	
11493	13274	2717	36.5617	35	2000	32	9	646	19	69	514	5	2.05019	771556	7.46324e-05	
11848	13500	2800	32.6483	29.719	2154	29	7	622	5	86	513	5	1.99191	973087	6.18238e-05	
12083	12906	2750	28.4691	25	2060	29	9	621	14	77	515	5	0.851455	1.47108e+06	5.77567e-05	
12100	13194	2793	25.6197	25	2060	29	7	621	18	78	527	5	1.22299	1.41251e+06	5.45167e-05	
12100	12550	2700	35.0383	26.136	2157	31	7	637	17	76	527	5	0.3697	1.1699e+06	0.000120613	
12100	12587	2700	36.7413	35	2091	31	8	601	13	64	505	4	0.417731	1.14543e+06	9.73141e-05	
12100	12550	2742	29.2062	34.3278	2050	30	10	611	23	60	494	4	0.365672	907627	0.000250438	
12095	13074	2800	24.867	25	2048	28	8	620	15	76	527	5	1.06262	1.55264e+06	5.47345e-05	
12099	12551	2716	29.5124	34.7392	2140	31	7	619	13	68	521	6	0.365547	939566	0.000225938	
11776	13345	2784	37	33.7296	2065	30	10	626	22	90	495	4	1.85649	817110	6.96136e-05	
12100	12575	2779	36.9738	27.03	2014	28	7	632	15	84	505	5	0.41438	1.26038e+06	9.61538e-05	
12100	13104	2777	25.0674	25.0927	2107	30	4	627	10	81	516	4	1.08971	1.52193e+06	5.49511e-05	
12069	12584	2714	36.5967	34.4817	2019	32	9	646	8	72	505	5	0.454019	1.17574e+06	8.81834e-05	
12093	12550	2707	29.3097	34.2125	2097	30	7	600	18	65	523	6	0.369865	941570	0.000222469	
11840	13416	2793	37	34.6515	2095	30	9	629	24	79	508	5	1.88274	808933	7.00624e-05	
12099	12550	2704	30.2541	34.0914	2123	32	7	607	19	68	511	6	0.364491	977810	0.000197628	
12100	12550	2700	30.9315	28.4974	2052	30	7	629	20	71	503	5	0.364182	1.04684e+06	0.000175809	
11636	12870	2714	36.5617	34.7706	2000	32	9	647	8	66	480	5	1.34424	794649	7.50019e-05	
12100	12550	2740	35.9997	34.7477	2151	32	8	618	12	70	523	4	0.37587	1.09804e+06	0.000117883	
12100	12550	2712	34.6846	35	2140	29	8	616	20	73	522	5	0.371042	1.07133e+06	0.000127356	
11969	13496	2795	32.9921	29.4183	2006	29	7	614	12	90	518	5	1.83257	976092	6.18238e-05	
12100	12550	2716	33.3799	35	2062	31	7	628	20	73	516	5	0.370226	1.05606e+06	0.00013914	
12100	12550	2701	30.9404	34.9258	2098	28	8	621	4	70	515	5	0.364335	1.00072e+06	0.00017963	
12043	12578	2700	25.6624	34.9918	2019	31	8	637	15	69	494	5	0.450764	902730	0.000248385	
12100	12550	2700	30.2983	34.2125	2098	31	7	603	12	62	509	6	0.362831	973012	0.000198807	
11783	13307	2786	34.389	28.8421	2080	29	10	639	25	90	519	4	1.79465	952204	6.25195e-05	
12100	13352	2793	21.8243	25	2092	28	6	622	17	86	526	5	1.40719	1.61596e+06	5.2997e-05	
12100	12589	2700	28.4151	35	2098	31	7	606	16	73	509	6	0.407156	988537	0.000188573	
12100	12551	2700	28.9738	34.7048	2098	30	8	603	8	65	501	6	0.360671	882844	0.000265322	
12100	12550	2700	32.1307	25.475	2113	28	10	640	19	67	508	5	0.366318	1.11036e+06	0.000150376	
12100	12600	2787	37	27.0913	2013	29	8	638	23	68	505	5	0.448373	1.2978e+06	8.67679e-05	
11993	12560	2736	36.9988	35	2066	29	10	619	26	65	504	6	0.520594	1.18497e+06	7.75916e-05	
11504	13333	2717	36.5617	35	2000	31	9	643	3	69	514	5	2.11706	773603	7.41455e-05	
12043	12578	2778	36.7689	25.1117	2140	30	7	650	4	76	527	4	0.48954	1.38204e+06	7.69941e-05	
12010	12550	2725	25.4966	35	2091	30	9	610	20	63	472	5	0.458591	900535	0.000249439	
11876	13274	2717	36.5617	35	2017	32	9	646	7	69	514	5	1.59544	794751	7.23223e-05	
12028	12550	2723	37	32.1719	2110	31	10	635	4	86	518	5	0.46253	1.20812e+06	8.3956e-05	
12100	13260	2791	21.8243	25	2098	28	8	639	14	75	524	5	1.27846	1.68e+06	5.36913e-05	
12100	12550	2700	31.3048	34.2746	2086	30	8	601	18	65	526	4	0.364903	1.01077e+06	0.000171028	
12100	12550	2722	28.1616	34.6528	2127	30	8	600	11	65	507	5	0.361177	876460	0.000274574	
12100	12551	2716	29.5124	34.7392	2140	28	7	619	14	77	521	6	0.364317	940133	0.000228415	
12100	12550	2702	32.9294	31.045	2151	31	6	637	11	70	509	5	0.367747	1.076e+06	0.000142511	
12099	12554	2727	29.4743	35	2134	31	7	607	15	61	511	6	0.370764	944249	0.000219829	
11858	12581	2732	31.8549	25.1004	2095	31	9	644	20	83	530	5	0.706194	1.42301e+06	6.10426e-05	
11526	12606	2702	36.3818	34.3128	2143	30	10	645	6	76	517	5	1.12725	842336	7.19321e-05	
12100	13317	2780	21.8581	25	2092	29	9	638	10	83	530	5	1.3526	1.61902e+06	5.33988e-05	
11419	12803	2734	35.3665	35	2083	32	9	641	10	70	492	5	1.52126	796988	7.4107e-05	
12100	13303	2773	36.1899	32.7436	2126	30	9	626	21	82	508	5	1.38957	887353	6.63658e-05	
12086	13044	2782	28.2288	25	2138	29	6	622	9	82	530	5	1.043	1.41789e+06	5.49602e-05	
12100	13336	2790	24.621	25.2771	2115	28	6	642	14	75	515	5	1.41164	1.37927e+06	5.43272e-05	
12100	12550	2700	32.5132	25.7863	2078	31	8	638	19	71	516	5	0.366897	1.12091e+06	0.000145033	
12100	12550	2700	30.6326	28.9321	2136	31	6	642	7	76	530	5	0.363565	1.03494e+06	0.000183554	
11997	13435	2768	30.0816	25	2092	29	7	622	21	79	511	5	1.68978	1.16199e+06	5.69314e-05	
11876	13274	2710	36.5617	35	2017	32	9	646	7	69	514	5	1.59133	793680	7.24218e-05	
12100	13052	2755	34.6801	29.1438	2129	29	10	624	22	83	496	4	1.03877	1.05864e+06	6.24844e-05	
12100	12550	2700	29.3097	25	2097	30	7	601	18	65	522	6	0.360358	976884	0.000236463	
12100	12550	2700	31.8054	34.3171	2113	32	7	643	15	68	491	5	0.365789	1.02943e+06	0.00016116	
12100	13435	2793	21	25	2092	28	6	622	17	86	529	5	1.51042	1.66409e+06	5.27204e-05	
12100	12550	2700	31.8498	26.0838	2062	31	7	636	19	71	513	6	0.365864	1.10165e+06	0.000155352	
12100	12550	2706	32.2998	34.2194	2128	28	7	600	15	70	523	5	0.367394	1.03541e+06	0.000152742	
12058	12567	2742	37	29.8755	2087	30	9	613	28	73	500	5	0.450592	1.23936e+06	8.6103e-05	
12100	12550	2702	32.9294	33.7488	2152	31	6	637	7	72	509	5	0.367747	1.05381e+06	0.000143947	
11885	13038	2784	37	33.7296	2062	30	10	626	22	90	495	4	1.30072	852906	6.90417e-05	
12100	12550	2702	29.8875	30.908	2159	31	6	617	7	72	513	5	0.362129	977222	0.000211282	
11862	13238	2724	36.036	33.5648	2067	31	9	635	2	80	530	4	1.56759	836326	6.88468e-05	
11882	12693	2704	35.4989	26.729	2053	29	8	627	4	72	516	6	0.817404	1.20713e+06	6.26723e-05	
11555	13440	2707	37	35	2004	32	8	623	11	69	474	5	2.1949	762075	7.59186e-05	
12015	13500	2776	24.7301	25	2107	29	6	640	23	82	530	5	1.74011	1.3031e+06	5.42182e-05	
11907	12550	2740	35.5939	35	2097	30	7	621	16	77	488	6	0.613003	1.15172e+06	7.24218e-05	
12100	12906	2778	29.2355	25	2060	29	9	618	14	71	515	5	0.841137	1.46556e+06	5.78336e-05	
12087	12550	2729	37	27.845	2059	31	5	625	2	86	467	5	0.390941	1.22786e+06	0.000102923	
12099	12554	2727	28.7862	35	2134	31	7	607	15	61	503	6	0.368786	886879	0.000262743	
12100	12550	2743	34.9004	35	2140	30	8	611	20	67	514	5	0.375472	1.0816e+06	0.000125047	
12100	12692	2737	35.7152	29.1438	2066	30	10	642	23	83	506	5	0.558651	1.3073e+06	7.08868e-05	
12100	13120	2783	23.8248	25	2132	28	5	628	19	67	530	5	1.10457	1.61383e+06	5.43331e-05	
12005	12691	2765	33.9281	30.96	2021	28	10	629	7	74	515	6	0.679887	1.24659e+06	6.60284e-05	
12084	12552	2733	37	35	2066	29	9	649	25	66	513	6	0.397785	1.13232e+06	0.000103864	
12100	12550	2700	31.3258	26.5384	2062	29	7	636	20	71	510	5	0.364942	1.08042e+06	0.000165453	
12092	13489	2767	35.9808	33.451	2007	30	8	640	8	90	524	4	1.6542	855610	6.68449e-05	
11791	13486	2789	37	34.6515	2095	30	7	629	24	79	530	5	2.03861	811690	6.97934e-05	
12085	12554	2719	28.7862	35	2134	30	7	612	7	77	503	6	0.384919	951935	0.000215936	
11906	12591	2705	34.6824	28.1652	2122	31	8	643	20	68	508	6	0.657776	1.29083e+06	6.54065e-05	
12100	12550	2715	29.1536	33.1236	2138	32	8	613	20	65	491	5	0.361922	905509	0.000253807	
12100	12550	2717	29.7962	34.9606	2105	32	8	610	17	68	494	5	0.363911	946862	0.000218531	
12100	12550	2700	34.1387	32.5104	2057	31	7	647	3	70	523	4	0.368884	1.08165e+06	0.000130839	
12100	12550	2702	28.9499	27.9402	2119	31	6	611	7	67	507	5	0.359601	919858	0.000264201	
12100	12550	2700	30.3975	26.3164	2063	31	7	634	12	65	524	5	0.363054	1.04083e+06	0.00018943	
11469	13266	2713	36.5617	35	2085	32	9	644	9	69	516	4	2.06436	774004	7.40741e-05	
12100	12550	2702	32.2425	30.6202	2159	31	7	617	10	72	529	5	0.366764	1.06158e+06	0.000151561	
12100	12550	2700	30.1581	26.0643	2079	30	6	641	6	71	503	5	0.362509	1.03564e+06	0.000197122	
12100	12959	2734	29.4743	25.5227	2091	28	7	603	18	68	511	5	0.898529	1.40222e+06	5.76668e-05	
11996	13090	2793	26.4964	26.4861	2066	30	10	627	6	81	530	4	1.21587	1.28606e+06	5.64908e-05	
12100	13208	2788	30.7147	25	2098	29	5	609	9	77	530	5	1.25886	1.26205e+06	5.6123e-05	
12100	12550	2701	30.1591	34.9258	2048	28	8	600	4	70	515	5	0.362645	964376	0.000203915	
12080	12696	2762	37	31.5496	2061	29	9	618	5	83	502	5	0.594702	1.24362e+06	6.93626e-05	
12100	13222	2790	24.621	25.1048	2077	28	8	643	14	75	515	5	1.25375	1.44336e+06	5.44544e-05	
12100	13455	2793	21.8243	25	2092	28	6	626	17	86	529	5	1.55134	1.54793e+06	5.28653e-05	
12058	12662	2713	35.6891	25.4875	2160	31	6	647	15	71	517	5	0.566638	1.44164e+06	6.76544e-05	
11961	12866	2733	35.6606	25	2061	31	10	621	8	79	510	4	0.955906	1.18154e+06	6.1024e-05	
11831	12550	2700	33.9085	26.0643	2071	30	6	641	5	70	503	5	0.69367	1.35203e+06	6.30159e-05	
11875	13283	2757	30.6836	25.6308	2129	28	7	628	11	88	517	4	1.6253	1.1332e+06	5.74812e-05	
11826	13314	2733	37	35	2007	29	8	623	10	78	519	4	1.71995	796407	7.1286e-05	
12100	12550	2740	34.8683	35	2151	31	8	615	0	69	514	5	0.375034	1.08019e+06	0.000125345	
12030	12550	2700	37	26.7495	2023	31	9	647	17	88	497	5	0.456194	1.2948e+06	8.24674e-05	
12097	12805	2748	32.8424	25	2066	31	9	622	34	82	529	5	0.709729	1.43938e+06	6.06465e-05	
11268	13106	2703	36.176	35	2076	32	9	618	24	72	497	5	2.07435	767782	7.58093e-05	
12021	12550	2703	36.7287	34.1707	2028	30	8	647	29	87	514	5	0.467515	1.18753e+06	8.42318e-05	
12006	12550	2700	36.7287	34.1707	2045	30	9	638	25	65	514	5	0.485193	1.19336e+06	8.12084e-05	
12100	12550	2700	30.9852	34.2125	2097	30	7	601	18	65	530	6	0.364289	1.00301e+06	0.000178412	
12057	13435	2782	22.8438	25.1082	2138	29	5	622	17	82	530	5	1.58377	1.44518e+06	5.34502e-05	
12100	12550	2700	30.4286	34.1707	2028	30	8	647	29	88	515	5	0.363123	997997	0.000193162	
12024	13285	2781	23.8248	25	2124	28	8	638	27	76	524	5	1.4256	1.41559e+06	5.39753e-05	
11913	13254	2733	37	34.8835	2005	29	10	628	10	78	519	4	1.53296	805835	7.07514e-05	
12100	13387	2717	36.5617	35	2000	31	9	643	9	68	514	5	1.47558	811152	7.10783e-05	
11961	12710	2700	33.0938	25	2061	31	10	621	6	77	510	4	0.740527	1.36163e+06	6.09719e-05	
12100	13257	2792	23.5063	25	2092	30	8	613	13	85	530	5	1.29389	1.50594e+06	5.38793e-05	
12079	12705	2732	37	25	2115	29	7	612	35	70	473	4	0.601151	1.43324e+06	6.5368e-05	
12100	12550	2713	31.1612	35	2105	31	8	603	18	61	499	6	0.366388	1.00513e+06	0.000174581	
11442	13266	2712	36.5617	35	2085	32	9	641	7	69	513	4	2.09497	772565	7.43329e-05	
12100	12669	2742	37	30.8032	2041	30	8	625	3	70	509	5	0.530498	1.27255e+06	7.38552e-05	
12100	12550	2700	29.1522	34.7016	2098	30	8	617	11	62	501	6	0.359919	895718	0.000255951	
12100	12657	2718	37	28.4964	2067	32	7	630	11	80	496	5	0.510414	1.31459e+06	7.48391e-05	
12086	12550	2700	36.7287	34.1707	2028	30	8	647	29	88	515	5	0.387881	1.12466e+06	0.000107135	
12056	12560	2736	36.9988	35	2065	31	10	627	24	78	508	6	0.443077	1.16678e+06	9.0269e-05	
11944	13435	2741	36.1175	28.5385	2056	30	8	649	8	86	518	4	1.74658	947728	6.32831e-05	
12100	13407	2793	21.8243	25	2077	28	6	622	17	86	525	5	1.48403	1.57303e+06	5.30645e-05	
12100	12550	2700	35.8873	28.4797	2146	31	7	622	5	74	510	6	0.370312	1.15531e+06	0.000116442	
12093	12550	2710	34.7927	35	2096	29	8	615	20	74	513	6	0.379446	1.08382e+06	0.000121595	
11964	13307	2745	32.2337	28.3698	2106	31	9	642	13	75	521	5	1.54491	1.006e+06	6.14515e-05	
12100	13331	2757	21.9359	25	2115	28	7	634	16	83	530	5	1.36169	1.611e+06	5.32368e-05	
12100	12550	2710	34.7927	35	2140	29	8	611	19	71	522	6	0.370864	1.07303e+06	0.000126614	
12089	12550	2703	36.7275	25.6864	2101	31	8	605	18	62	505	6	0.384646	1.24249e+06	0.000104471	
12008	12604	2703	36.7275	34.466	2101	31	8	610	18	62	505	6	0.551933	1.17532e+06	7.5092e-05	
12100	12550	2702	30.9226	31.0806	2157	31	6	617	5	72	506	5	0.364434	1.02454e+06	0.000177588	
11950	12589	2742	37	32.7897	2032	30	8	600	17	75	505	4	0.611907	1.17302e+06	7.05617e-05	
11671	13375	2706	36.9715	35	2082	31	8	646	13	73	507	5	1.96958	780256	7.2998e-05	
12100	13411	2742	24.7301	25.0529	2107	29	6	634	12	83	529	5	1.49094	1.34301e+06	5.43213e-05	
12100	13120	2785	29.9859	25	2058	30	5	631	12	89	524	5	1.1352	1.31323e+06	5.6013e-05	
12004	12578	2778	36.7689	25.1117	2140	30	7	650	4	77	511	4	0.538259	1.42874e+06	6.97642e-05	
12018	12589	2733	37	32.7897	2032	30	8	600	15	72	505	4	0.526603	1.2233e+06	7.5392e-05	
12100	12550	2740	32.6903	35	2151	30	8	615	5	69	514	6	0.372588	1.04631e+06	0.000146735	
11969	13478	2792	33.8592	29.4183	2017	30	8	616	12	89	518	5	1.80634	958550	6.24883e-05	
11903	12993	2739	36.4291	33.9677	2101	29	10	609	15	89	500	5	1.19751	864978	6.92137e-05	
12100	12550	2717	34.7927	35	2137	29	9	615	19	72	524	6	0.371821	1.07377e+06	0.000126438	
12083	12550	2731	28.1616	34.6528	2127	28	8	600	18	66	507	5	0.381919	886845	0.000264061	
12100	13317	2778	21.8581	25	2107	29	6	640	10	83	530	5	1.35163	1.62966e+06	5.32425e-05	
12086	12978	2742	31.1101	26.5965	2100	30	10	633	20	81	495	4	0.947567	1.24809e+06	5.93965e-05	
12089	13497	2793	21.8243	25	2092	28	6	621	17	86	529	5	1.62434	1.52217e+06	5.29045e-05	
12100	12550	2702	29.3553	30.6202	2159	31	6	617	4	72	510	5	0.36075	941460	0.000237869	
12100	12572	2735	35.9518	35	2066	29	9	648	26	65	517	6	0.403409	1.12771e+06	0.000106078	
11968	12578	2752	35.6955	26.2808	2105	31	10	639	3	75	510	5	0.577003	1.37504e+06	6.74491e-05	
12100	12550	2700	34.7342	25.893	2045	31	7	642	14	84	513	4	0.369444	1.16942e+06	0.000122699	
12004	12601	2741	37	29.7573	2097	31	9	631	24	86	526	5	0.56087	1.28884e+06	6.98519e-05	
12100	12550	2701	29.5821	34.466	2105	31	8	603	21	72	499	6	0.361221	932032	0.000229095	
12094	12989	2800	27.5063	25	2048	29	8	621	14	76	527	5	0.961956	1.47954e+06	5.5732e-05	
12100	12550	2703	32.9294	28.9462	2160	31	6	637	6	70	509	5	0.367883	1.0955e+06	0.000141323	
12100	12550	2700	30.8447	35	2063	31	8	645	4	71	501	5	0.364007	1.0008e+06	0.000182216	
12100	12550	2702	32.9294	30.2839	2151	31	6	637	6	70	509	5	0.367747	1.08237e+06	0.000142106	
11787	13314	2758	34.389	28.8421	2080	29	10	638	25	87	519	4	1.78136	946774	6.29168e-05	
12100	12923	2730	37	27.1823	2114	32	9	606	22	76	481	5	0.859888	1.14564e+06	6.40861e-05	
11961	12719	2737	33.264	25.9414	2067	31	10	640	4	81	526	5	0.762601	1.33616e+06	6.05473e-05	
12085	12705	2701	36.9613	25	2115	30	7	632	35	71	473	4	0.58699	1.43e+06	6.62559e-05	
12099	12550	2746	30.2541	34.0914	2124	32	8	607	18	68	511	6	0.370153	985717	0.00019604	
12093	12601	2748	37	28.853	2145	29	9	624	16	78	502	5	0.452095	1.25549e+06	8.56898e-05	
12007	13294	2729	32.7594	32.1967	2096	31	5	644	10	84	527	6	1.46644	933290	6.4704e-05	
12100	12550	2715	29.1536	32.6655	2131	32	8	630	17	66	491	5	0.361922	911076	0.0002531	
11961	13238	2724	34.549	32.5738	2067	31	9	635	17	79	530	4	1.44631	882114	6.66622e-05	
12097	12550	2733	30.1983	33.8241	2078	32	9	611	14	61	493	5	0.370744	985603	0.000194666	
11812	12550	2700	36.7287	34.7275	2066	31	8	638	25	65	514	5	0.718491	1.00861e+06	7.23903e-05	
12015	13404	2776	24.7301	25	2107	29	6	640	22	83	530	5	1.60609	1.3227e+06	5.41976e-05	
11992	12719	2741	34.0405	25.1691	2067	31	10	640	0	79	523	5	0.726548	1.37637e+06	6.07275e-05	
12100	12850	2766	32.8447	26.095	2158	28	7	629	17	86	517	6	0.770316	1.4152e+06	5.90005e-05	
12100	13317	2768	21.8581	25	2107	29	6	640	10	83	530	5	1.34677	1.62658e+06	5.33447e-05	
12100	12550	2702	28.9499	26.0582	2132	31	6	637	7	70	509	5	0.359601	942446	0.000261506	
11928	12801	2769	30.7025	25	2123	30	10	628	15	83	509	4	0.916351	1.34109e+06	5.76568e-05	
12100	13037	2780	33.2567	25.0735	2068	31	7	628	15	83	502	5	1.02632	1.25735e+06	5.86029e-05	
12100	13167	2785	24.0082	25	2124	29	5	650	12	77	530	5	1.17122	1.55408e+06	5.38184e-05	
12100	12550	2700	29.4766	34.2125	2160	31	7	603	18	75	516	6	0.36081	928933	0.000234192	
11971	13435	2774	30.6143	25	2112	29	7	640	21	79	530	5	1.727	1.1634e+06	5.65227e-05	
12100	13317	2778	22.532	25	2119	29	6	640	10	83	530	5	1.36013	1.55811e+06	5.32822e-05	
12100	12989	2795	27.5063	25	2116	29	9	621	14	76	528	5	0.952651	1.48686e+06	5.55432e-05	
12100	12550	2702	35.8873	28.4797	2159	31	6	622	5	74	510	6	0.370587	1.15899e+06	0.000116387	
12100	12550	2700	29.4766	28.4414	2098	30	8	629	18	62	507	6	0.36081	961923	0.000229885	
11958	13217	2750	35.7025	35	2005	29	8	627	11	73	519	4	1.43618	829776	6.9891e-05	
11738	13206	2717	37	35	2027	32	9	646	19	69	524	5	1.66977	785011	7.29661e-05	
11994	13413	2716	36.7191	35	2076	30	9	620	12	72	498	5	1.6402	801258	7.12809e-05	
12022	12850	2800	33.025	26.095	2154	28	7	631	22	86	511	6	0.878548	1.33884e+06	5.81835e-05	
12100	12550	2700	33.3719	28.282	2160	31	7	621	3	71	497	5	0.368036	1.10951e+06	0.000136129	
12100	12550	2724	29.7825	34.2075	2088	30	7	612	19	71	515	5	0.364814	955087	0.00021777	
12100	13317	2778	27.7654	25	2107	29	7	640	10	83	530	5	1.39591	1.27683e+06	5.48216e-05	
11867	12597	2763	36.8418	25	2079	31	10	627	23	82	511	6	0.729063	1.31837e+06	6.2054e-05	
11783	12857	2786	34.389	31.369	2080	29	10	611	5	90	519	4	1.18151	953736	6.50533e-05	
12100	12550	2700	31.2434	25	2109	28	7	625	21	70	514	5	0.364788	1.09273e+06	0.000166223	
12035	12589	2742	37	32.7897	2032	30	8	600	17	80	505	4	0.507371	1.22789e+06	7.74174e-05	
12030	13133	2771	24.5531	25	2142	28	6	630	27	76	524	5	1.21075	1.4767e+06	5.41565e-05	
12097	12550	2733	30.1983	34.9684	2078	32	9	611	14	61	493	5	0.370744	979338	0.000195465	
12100	13369	2790	24.621	25.1048	2079	28	8	642	14	75	515	5	1.4576	1.36164e+06	5.44218e-05	
12087	12859	2772	30.3713	25	2066	31	9	628	29	76	518	5	0.795792	1.44764e+06	5.8924e-05	
11442	13276	2712	36.8536	35	2085	31	9	641	35	69	513	4	2.10857	770867	7.43826e-05	
12018	13120	2786	23.8248	25	2142	28	9	629	14	76	530	5	1.20879	1.52509e+06	5.37663e-05	
11429	13136	2720	36.5617	35	2066	32	9	642	7	71	514	5	1.94177	775587	7.43163e-05	
12100	12552	2700	37	33.1086	2066	31	9	649	25	66	513	6	0.373445	1.12148e+06	0.000111744	
11883	13482	2800	32.0394	30.3891	2133	29	7	623	2	89	513	5	1.92205	967760	6.2027e-05	
12100	12554	2713	30.691	35	2092	29	8	602	12	74	515	5	0.370532	1.00232e+06	0.000178987	
12100	12576	2792	37	25	2080	30	8	611	10	85	530	5	0.417643	1.30472e+06	9.44376e-05	
11928	12801	2772	28.6769	25	2125	31	9	628	16	82	509	4	0.912001	1.41086e+06	5.7346e-05	
12097	12550	2723	36.8452	34.406	2132	31	7	643	16	80	514	5	0.377696	1.11516e+06	0.000112007	
11923	12691	2765	32.6086	30.7568	2035	28	10	630	5	74	515	6	0.779667	1.20201e+06	6.41108e-05	
12100	12550	2707	32.2998	34.2194	2128	28	7	600	15	70	523	5	0.36753	1.03568e+06	0.000152718	
12054	12550	2700	36.7287	34.1707	2028	31	8	647	9	90	512	5	0.426883	1.1608e+06	9.38262e-05	
12063	12738	2713	37	28.4964	2090	32	7	630	11	80	496	5	0.659146	1.26468e+06	6.58025e-05	
12024	13130	2767	35.4247	33.9013	2096	31	8	644	10	84	527	6	1.2444	892228	6.72585e-05	
11868	12724	2740	37	32.218	2119	29	6	609	13	61	519	5	0.886552	989480	6.84697e-05	
11992	12982	2741	34.0405	32.895	2067	31	10	639	-0	79	520	5	1.07287	949869	6.66667e-05	
12100	12550	2700	32.6271	30.4099	2100	29	7	632	17	71	514	5	0.36706	1.07391e+06	0.000146049	
11908	12550	2718	36.5115	25.1034	2090	29	8	634	22	88	493	6	0.607432	1.40868e+06	6.45578e-05	
11694	13413	2716	36.7191	35	2076	31	9	646	12	72	491	5	2.00113	779469	7.3244e-05	
12100	12550	2702	28.9499	25.9417	2132	31	6	611	7	67	509	5	0.359601	936306	0.000262123	
12100	12559	2700	34.528	35	2105	32	8	603	18	61	499	6	0.380664	1.08363e+06	0.000122429	
12094	12989	2800	28.132	25	2048	28	8	628	14	76	529	5	0.964334	1.46008e+06	5.54754e-05	
12100	12550	2700	37	35	2062	31	6	636	20	71	530	5	0.370911	1.10613e+06	0.000113779	
11884	13500	2781	34.449	32.3189	2016	29	8	635	0	90	529	6	1.93612	882701	6.54965e-05	
11504	13347	2703	36.5617	35	2022	31	10	637	9	68	530	5	2.12502	772624	7.39098e-05	
11751	12851	2741	35.1801	25.1554	2069	29	9	649	17	90	524	5	1.19382	1.10756e+06	6.04814e-05	
12032	12772	2763	36.3846	34.385	2146	32	8	650	2	83	450	6	0.754371	1.04224e+06	7.07064e-05	
12100	12948	2730	37	32.2557	2114	32	9	606	22	76	481	5	0.892893	982931	6.86577e-05	
12048	12556	2720	26.756	34.8444	2112	31	8	619	11	75	514	5	0.425416	926235	0.000233754	
12100	12558	2715	30.21	34.1368	2087	32	8	615	14	66	491	4	0.374837	997369	0.00018498	
12021	12550	2729	37	34.3028	2059	31	5	625	6	86	467	5	0.47214	1.2015e+06	8.35492e-05	
12060	12989	2789	28.4989	25.3202	2058	29	7	624	11	72	530	5	1.00464	1.3952e+06	5.60538e-05	
12100	13024	2797	25.5717	25	2096	29	4	627	10	80	520	5	0.991431	1.57479e+06	5.54017e-05	
12053	12597	2723	37	32.1719	2071	31	10	633	4	86	529	5	0.492033	1.22675e+06	7.89204e-05	
12079	12565	2747	36.7757	29.5283	2056	30	10	632	19	83	483	5	0.422689	1.21501e+06	9.41886e-05	
11296	13190	2700	37	35	2100	32	9	645	9	64	494	5	2.15205	757465	7.66695e-05	
11401	12606	2702	36.5259	34.6677	2140	30	10	648	16	80	524	5	1.27213	814052	7.28916e-05	
12067	13500	2776	31.3673	30.7479	2035	30	6	621	4	88	524	5	1.70083	975846	6.21118e-05	
11445	13139	2722	36.5617	35	2000	32	9	643	7	69	513	4	1.92858	772060	7.47943e-05	
11836	13339	2768	36.6186	33.51	2136	29	10	639	11	81	524	4	1.76402	834242	6.81013e-05	
11933	12550	2742	37	32.0269	2092	32	8	618	18	60	510	5	0.582475	1.20513e+06	7.1623e-05	
11960	13205	2740	29.1131	26.9367	2160	28	10	609	28	70	513	5	1.40173	1.13065e+06	5.84659e-05	
12017	13500	2747	28.222	25	2090	29	6	644	12	81	529	5	1.7368	1.19909e+06	5.57103e-05	
12027	12685	2716	36.3633	25	2061	30	4	633	35	71	529	4	0.635197	1.46577e+06	6.31074e-05	
11744	13488	2701	36.7191	35	2075	32	9	650	3	80	512	5	2.03275	782216	7.22909e-05	
12061	12742	2742	34.3242	25.596	2124	29	10	604	21	76	516	5	0.672017	1.40409e+06	6.20232e-05	
12062	12989	2792	27.5063	25	2060	29	7	621	13	77	530	5	0.999565	1.45197e+06	5.54201e-05	
12069	12601	2704	37	25.6214	2103	29	7	632	5	68	498	5	0.474178	1.35982e+06	7.86782e-05	
12100	12550	2700	31.8054	32.3196	2113	29	7	643	19	72	491	5	0.365789	1.04373e+06	0.000159795	
12100	12550	2723	31.9168	35	2127	29	8	610	6	77	494	6	0.369092	1.02873e+06	0.000158806	
12048	12550	2746	26.756	34.8444	2100	30	8	618	20	65	515	4	0.421751	897462	0.000254259	
12004	12564	2741	37	29.7573	2097	31	9	631	24	86	526	5	0.513165	1.28221e+06	7.45879e-05	
12100	12842	2713	36.4925	32.6467	2110	28	6	617	26	65	491	5	0.748452	1.08855e+06	6.83434e-05	
11973	13500	2776	31.3673	30.7479	2035	29	8	623	4	88	524	5	1.81814	960785	6.23131e-05	
12082	12550	2716	36.718	34.1707	2028	32	8	647	8	88	512	5	0.395084	1.13272e+06	0.000104921	
11976	12560	2735	37	35	2066	29	9	649	25	66	520	6	0.541244	1.18363e+06	7.5523e-05	
12094	12550	2738	37	28.6034	2124	32	7	623	6	79	512	6	0.383564	1.19078e+06	0.00010661	
12071	13176	2746	34.143	28.8421	2080	30	7	631	12	76	519	5	1.23779	1.03115e+06	6.21311e-05	
12097	12550	2724	35.5939	34.7931	2158	32	7	618	16	81	520	6	0.377105	1.09532e+06	0.000118708	
12100	12559	2700	29.0022	34.9553	2105	31	8	603	18	61	516	6	0.370893	919126	0.000234687	
12100	12550	2715	31.9785	34.1904	2050	32	8	605	16	66	484	4	0.368109	1.0321e+06	0.000157953	
12079	12600	2716	37	25	2067	30	7	633	35	67	491	4	0.462739	1.36843e+06	8.10045e-05	
12010	12550	2731	25.4966	35	2066	29	9	612	19	63	472	5	0.459601	902582	0.000249004	
11961	12719	2737	34.0405	25.9414	2067	31	10	640	0	79	523	5	0.763492	1.3164e+06	6.09013e-05	
11879	13472	2797	32.5438	26.7534	2139	29	7	636	8	89	506	5	1.91167	1.06237e+06	5.91856e-05	
12100	12774	2718	36.1233	26.4617	2000	29	6	646	4	64	495	6	0.661125	1.36437e+06	6.42591e-05	
12100	12550	2702	31.6128	26.0582	2138	31	6	642	8	74	512	5	0.36573	1.09744e+06	0.000159312	
12086	12550	2743	29.0729	35	2118	30	9	614	26	64	471	5	0.382789	955042	0.000215193	
12100	13173	2716	36.7674	35	2061	31	9	609	16	75	516	5	1.18658	845813	7.05866e-05	
12093	12550	2710	36.6985	35	2096	29	8	615	20	74	513	6	0.380726	1.10872e+06	0.000111062	
12036	12560	2719	36.9988	35	2088	29	10	619	11	64	504	6	0.464823	1.17741e+06	8.51064e-05	
12096	12598	2740	37	27.4269	2056	29	7	633	9	83	488	5	0.443189	1.28271e+06	8.70853e-05	
12100	13208	2788	24.2884	25	2098	29	5	609	9	77	527	5	1.23108	1.50234e+06	5.40161e-05	
12094	13058	2800	28.7212	25	2048	29	8	627	14	76	527	5	1.06039	1.37298e+06	5.56266e-05	
12047	12550	2706	36.7287	34.1707	2045	29	8	638	25	65	514	5	0.436369	1.16901e+06	9.13325e-05	
12100	12550	2700	32.308	25.1586	2063	29	6	641	14	79	529	5	0.366592	1.13019e+06	0.000147406	
12070	12819	2700	34.4711	25	2048	31	7	622	15	81	530	5	0.75023	1.38908e+06	6.03136e-05	
12100	13420	2784	21.8243	25	2131	29	6	636	5	85	526	5	1.49739	1.56368e+06	5.30504e-05	
12100	12550	2700	28.9738	34.2125	2100	30	8	604	11	65	501	6	0.359405	880182	0.000269107	
11810	12785	2794	37	31.4272	2111	32	8	628	20	88	509	4	1.05704	950671	6.68807e-05	
11961	12949	2724	29.3303	25.6915	2067	31	10	637	13	79	530	4	1.05202	1.25183e+06	5.80316e-05	
12100	12550	2732	29.0729	34.6784	2118	32	9	605	26	65	482	5	0.363955	892207	0.000260892	
12100	12576	2792	22.3849	25	2092	30	8	613	10	85	530	5	0.363897	1.01754e+06	0.000184332	
11776	13379	2784	37	33.7296	2062	30	10	626	22	90	515	4	1.90377	819149	6.91659e-05	
12100	12756	2778	35.8817	25.1471	2104	30	7	629	14	81	523	5	0.651704	1.45869e+06	6.20925e-05	
12100	13037	2790	33.2567	25.0735	2063	31	7	626	15	83	494	5	1.03001	1.25485e+06	5.87717e-05	
12100	13489	2792	35.9808	35	2097	28	8	645	8	85	524	4	1.65904	837772	6.74946e-05	
12087	12560	2735	35.9518	35	2066	29	9	648	25	65	520	6	0.404072	1.12878e+06	0.000105608	
11879	13472	2800	32.5438	26.7534	2091	29	7	639	8	89	506	5	1.91372	1.05236e+06	5.93542e-05	
12099	12550	2720	36.9214	33.787	2103	29	8	616	19	65	512	6	0.374854	1.1168e+06	0.000112575	
11841	13375	2716	36.8377	35	2005	31	9	646	11	72	507	5	1.7738	786467	7.2427e-05	
12025	13006	2786	31.155	29.2024	2132	28	7	624	5	83	515	5	1.07737	1.14361e+06	6.00709e-05	
12100	12550	2700	33.3799	35	2062	31	7	628	17	73	516	5	0.368045	1.05226e+06	0.000139567	
12077	12554	2743	37	32.2464	2058	31	7	624	8	65	510	5	0.41049	1.17862e+06	9.83574e-05	
12100	12989	2795	27.5063	25	2094	30	9	621	14	76	528	5	0.952651	1.47658e+06	5.58815e-05	
11879	13488	2797	31.3673	25.2778	2055	29	7	636	8	89	506	5	1.93223	1.11278e+06	5.78536e-05	
11841	12550	2714	36.8756	34.6361	2074	31	7	647	6	71	497	5	0.687474	1.04733e+06	7.20357e-05	
12100	12989	2753	29.8265	25	2048	29	8	621	14	76	523	5	0.945756	1.38567e+06	5.67505e-05	
12089	13325	2793	21.8243	25	2113	29	8	622	16	86	528	5	1.38348	1.62122e+06	5.31689e-05	
11908	12578	2706	35.5655	26.3502	2000	31	7	645	4	68	505	5	0.639759	1.34392e+06	6.52358e-05	
12097	13010	2717	37	34.233	2128	28	9	624	23	65	511	6	0.974065	916582	6.95749e-05	
12100	12671	2763	35.7259	29.1438	2066	31	10	639	23	83	511	4	0.536457	1.29874e+06	7.36323e-05	
12100	13295	2742	36.0259	32.5094	2079	30	8	609	8	76	518	4	1.36303	889288	6.67512e-05	
11843	12550	2700	33.6645	28.457	2066	31	8	635	20	73	518	5	0.679058	1.27424e+06	6.5028e-05	
12100	12550	2700	33.6645	27.1989	2063	31	8	640	20	71	511	5	0.368377	1.12945e+06	0.000132538	
12100	12550	2707	32.2016	35	2062	31	7	636	21	71	503	5	0.367379	1.03422e+06	0.000154631	
12100	12550	2702	30.6622	31.0806	2159	31	6	617	5	72	506	5	0.363897	1.01475e+06	0.000184536	
11921	13497	2798	29.4965	28.4238	2145	29	7	623	11	89	513	5	1.88901	1.06323e+06	5.89623e-05	
12100	12550	2700	31.8498	35	2062	31	7	636	19	71	523	6	0.365864	1.0261e+06	0.000160565	
12100	12550	2700	30.3975	26.3164	2063	31	7	641	12	73	524	5	0.363054	1.04507e+06	0.000189072	
11914	12850	2727	36.5389	29.1905	2034	32	6	632	19	75	508	5	0.990589	1.02622e+06	6.58805e-05	
12100	12550	2700	29.4766	34.2125	2098	31	7	603	18	62	509	6	0.36081	922658	0.000235128	
12093	12550	2714	31.9168	35	2140	29	8	603	7	77	502	6	0.376467	1.03649e+06	0.000150625	
11962	12609	2738	37	25.1054	2056	28	6	650	20	82	518	5	0.622115	1.43575e+06	6.34075e-05	
12096	12867	2790	32.1734	25.0617	2034	30	7	621	18	75	515	5	0.80384	1.42548e+06	5.86648e-05	
11844	13203	2700	35.1258	30.0962	2090	32	9	630	28	83	518	4	1.52798	907337	6.57505e-05	
12027	12685	2716	37	25	2038	30	4	631	35	71	530	4	0.635515	1.45625e+06	6.32351e-05	
11465	13215	2714	36.9441	35	2000	32	9	642	8	69	479	5	2.00145	761486	7.62486e-05	
11989	12550	2700	36.7287	28.7609	2028	31	8	642	30	67	513	5	0.505789	1.29454e+06	7.52445e-05	
12045	12550	2700	32.3974	35	2062	31	7	636	20	71	503	5	0.433776	1.11773e+06	0.00010923	
12094	12906	2778	28.4691	25	2060	28	7	619	15	77	515	5	0.846309	1.50392e+06	5.74515e-05	
12011	13435	2774	30.6143	25	2092	29	7	622	21	79	529	5	1.67724	1.16221e+06	5.65451e-05	
11791	13321	2793	37	34.6515	2113	30	7	629	24	79	530	5	1.81061	817949	6.96573e-05	
12100	12550	2701	30.1591	34.9258	2048	28	8	600	1	70	503	5	0.362645	964172	0.000203998	
11442	13266	2713	36.5617	35	2085	32	9	641	7	69	516	4	2.09574	772962	7.42335e-05	
12052	12859	2725	37	31.5171	2076	31	10	637	24	86	520	5	0.83334	1.04528e+06	6.64673e-05	
12079	12705	2732	36.7081	25	2115	30	7	612	6	70	473	4	0.601013	1.43752e+06	6.54922e-05	
12100	12590	2700	37	35	2062	31	6	631	20	71	515	5	0.421663	1.15557e+06	9.54381e-05	
12061	13213	2786	24.0082	25.3585	2124	29	5	650	2	77	530	5	1.28393	1.47212e+06	5.40044e-05	
11961	13015	2724	32.6911	25.6915	2067	31	10	637	13	79	530	4	1.14607	1.13569e+06	5.94813e-05	
11783	13284	2738	36.5567	28.8421	2107	29	10	642	23	90	519	4	1.73402	921920	6.42756e-05	
11994	12559	2725	37	35	2043	29	7	632	1	81	496	5	0.515999	1.19328e+06	7.75795e-05	
12100	12550	2743	33.6461	35	2140	31	7	610	18	68	521	6	0.374223	1.06408e+06	0.00013574	
12097	12805	2755	35.327	25	2066	31	9	622	34	82	529	5	0.714155	1.40052e+06	6.06428e-05	
12093	12550	2714	33.5117	35	2140	29	8	610	20	71	502	6	0.378705	1.06344e+06	0.000131735	
12100	12653	2707	34.6824	35	2122	31	8	643	20	68	508	6	0.501709	1.1919e+06	8.30496e-05	
12100	12550	2700	28.8981	34.2125	2098	30	7	601	18	65	501	6	0.359181	871471	0.000275558	
12024	12550	2743	37	30.9757	2051	29	7	615	8	81	502	4	0.470862	1.24091e+06	8.20749e-05	
11713	13436	2716	37	35	2076	29	9	643	13	72	491	5	2.01003	780528	7.28651e-05	
12100	13257	2785	24.0082	25	2124	29	5	650	3	77	530	5	1.29502	1.48493e+06	5.36078e-05	
12083	12906	2786	28.4691	25	2060	29	9	615	14	77	515	5	0.862602	1.48116e+06	5.73789e-05	
12100	13371	2776	24.7301	25	2107	29	6	640	20	83	510	5	1.45383	1.35674e+06	5.45464e-05	
12100	13317	2768	21.8581	25	2107	29	6	640	8	83	528	5	1.34677	1.62533e+06	5.33931e-05	
12100	13411	2768	23.1863	25.2085	2107	29	5	640	10	85	530	4	1.49222	1.4382e+06	5.36452e-05	
12086	12550	2743	29.0729	35	2118	32	9	605	26	64	471	5	0.382789	953306	0.000215517	
11729	13413	2716	36.7191	35	2076	31	9	620	12	72	491	5	1.95949	780793	7.30941e-05	
12097	12550	2743	30.1983	33.8241	2067	32	9	611	14	61	502	5	0.3721	987585	0.000194212	
12049	12552	2700	36.7287	26.7495	2023	31	9	647	17	88	512	5	0.435502	1.27131e+06	8.79275e-05	
11836	13339	2754	36.7277	31.9102	2126	28	10	639	11	81	524	4	1.75515	860710	6.66533e-05	
11296	13353	2700	37	35	2096	32	9	624	9	65	492	5	2.3704	756122	7.66695e-05	
12054	12550	2707	36.7287	26.7495	2023	31	9	647	14	88	512	5	0.42799	1.26572e+06	9.01226e-05	
12004	12601	2743	37	28.7376	2097	31	9	631	24	86	526	5	0.561279	1.31166e+06	6.91659e-05	
11787	13314	2767	34.389	29.2271	2080	29	10	638	25	87	519	4	1.78717	939156	6.31592e-05	
12100	12598	2740	37	30.528	2056	30	10	623	17	82	507	5	0.43823	1.21564e+06	8.97908e-05	
11988	12666	2745	37	35	2066	29	10	619	26	65	504	6	0.665663	1.0809e+06	7.17103e-05	
12043	12578	2700	25.6624	34.4686	2019	31	8	637	15	69	494	5	0.450764	906177	0.000247709	
12100	13024	2797	25.5717	25	2096	29	4	627	10	80	524	5	0.991431	1.57759e+06	5.53128e-05	
11883	13482	2797	31.0073	30.4843	2154	29	7	623	2	88	513	5	1.91809	980047	6.16561e-05	
12100	12550	2700	32.5132	26.3979	2078	31	8	636	19	71	519	5	0.366897	1.11268e+06	0.00014537	
12020	12563	2776	36.5967	30.635	2022	32	7	646	8	72	503	5	0.498262	1.26968e+06	7.85916e-05	
12100	12561	2761	37	27.03	2110	29	7	632	21	86	505	5	0.393547	1.2305e+06	0.000102828	
12100	12550	2702	30.872	34.1904	2050	32	8	605	16	66	478	4	0.364332	999554	0.000181653	
12100	13411	2770	21.3714	25	2107	28	6	640	10	80	530	5	1.47072	1.62232e+06	5.29773e-05	
11719	12824	2724	35.9506	35	2076	31	9	637	9	78	494	5	1.18992	833332	7.20981e-05	
12059	12601	2712	37	28.9939	2052	31	9	631	7	82	459	5	0.487817	1.27772e+06	7.83638e-05	
12099	12554	2727	29.4743	35	2106	31	8	607	15	61	511	6	0.370764	942745	0.000219925	
11503	13227	2702	36.5617	35	2085	32	9	641	7	69	513	4	1.96434	773885	7.41015e-05	
12028	12560	2719	36.9988	35	2082	29	9	619	26	71	504	6	0.474612	1.18296e+06	8.32639e-05	
12083	13033	2750	28.1007	25	2086	29	9	637	14	78	515	5	1.01954	1.38723e+06	5.61262e-05	
12012	12550	2723	37	32.1719	2085	31	10	635	17	86	520	5	0.482116	1.22106e+06	8.0289e-05	
12100	12550	2700	35.3372	31.6666	2047	31	7	642	18	71	513	4	0.369932	1.11075e+06	0.000121359	
12007	13252	2800	30.1205	33.2205	2104	29	8	644	10	84	527	6	1.44123	963750	6.35647e-05	
12087	12560	2729	36.9988	34.4586	2054	29	9	622	14	65	520	6	0.40375	1.14188e+06	0.00010142	
12011	12598	2737	37	29.5283	2056	30	10	632	19	82	483	5	0.54758	1.28454e+06	7.13776e-05	
11729	12961	2721	36.7191	35	2076	31	8	620	12	74	491	5	1.35678	806968	7.28438e-05	
12087	13102	2741	32.1734	25.0617	2061	30	7	621	18	83	513	5	1.11355	1.22566e+06	5.80619e-05	
12022	12850	2766	32.8447	26.095	2160	28	7	629	17	86	530	6	0.867635	1.34712e+06	5.80013e-05	
11964	13307	2745	34.143	28.8421	2106	30	10	642	12	75	521	5	1.54736	967113	6.25508e-05	
12100	12550	2700	36.8592	34.8104	2062	30	6	650	23	69	530	5	0.370847	1.10683e+06	0.000114338	
11917	12785	2794	37	32.5151	2111	30	8	628	20	88	514	4	0.924398	991324	6.68583e-05	
11908	12550	2722	36.5115	25.1034	2057	29	8	626	22	88	502	6	0.608326	1.41144e+06	6.44496e-05	
12087	13030	2790	32.1734	25.0617	2034	30	7	621	18	84	515	5	1.03534	1.27895e+06	5.75904e-05	
12100	12550	2720	31.3016	34.2194	2054	30	9	600	11	69	508	5	0.3676	1.01514e+06	0.000170474	
11960	12727	2790	30.3712	25	2034	29	8	621	19	81	513	5	0.78416	1.46212e+06	5.8872e-05	
11713	13436	2734	36.3086	35	2076	28	9	643	15	72	491	5	2.02299	790938	7.20461e-05	
11975	13345	2800	36.3137	33.7296	2053	29	10	626	16	89	495	4	1.61932	844179	6.78887e-05	
12079	12550	2730	37	25	2126	29	7	604	35	63	518	4	0.400954	1.28584e+06	9.76849e-05	
12042	13283	2757	31.8878	25.5045	2129	28	7	642	11	88	517	4	1.42168	1.15512e+06	5.72148e-05	
12068	12550	2703	36.7275	34.466	2101	31	8	600	18	62	505	6	0.410287	1.14731e+06	9.90884e-05	
12054	12816	2704	33.4355	25	2151	31	6	650	10	71	503	5	0.765875	1.39855e+06	6.01866e-05	
11685	13136	2720	36.5617	35	2128	32	9	643	7	71	505	5	1.6408	792214	7.2685e-05	
12099	12965	2800	37	35	2030	30	7	625	8	75	517	5	0.94011	943960	6.92665e-05	
12063	13240	2706	37	35	2101	32	9	624	9	65	492	5	1.31707	814829	7.22909e-05	
11756	12550	2744	32.1925	25	2115	30	7	620	22	69	526	5	0.793481	1.37742e+06	5.96659e-05	
11671	13375	2716	36.8377	35	2005	31	8	646	11	72	507	4	1.9768	778862	7.32601e-05	
12100	12550	2737	32.9742	35	2140	31	8	611	22	68	518	6	0.372571	1.05086e+06	0.000143266	
12100	12550	2715	34.1944	34.1904	2148	31	9	601	16	66	494	4	0.370989	1.06859e+06	0.000131027	
12100	13090	2754	26.4964	25.0927	2066	30	10	627	10	81	530	4	1.06984	1.41398e+06	5.54723e-05	
12026	12638	2780	36.1329	29.6235	2020	30	8	640	26	71	501	5	0.589433	1.30093e+06	6.90417e-05	
11636	13251	2714	36.5617	34.7706	2000	32	9	647	8	69	480	5	1.84912	776376	7.4744e-05	
11763	13235	2700	36.0941	34.8089	2007	29	10	628	17	78	519	4	1.66789	798420	7.1398e-05	
12100	12550	2700	29.3241	26.0838	2066	31	7	636	17	70	530	5	0.360398	975839	0.000235682	
12100	12550	2700	31.0743	25.1134	2063	31	6	641	17	70	530	5	0.364465	1.09195e+06	0.000169981	
11776	13362	2797	37	33.7296	2050	29	10	632	16	90	509	4	1.88889	822297	6.89655e-05	
12093	12601	2748	37	30.188	2145	30	9	624	16	76	502	5	0.452095	1.23508e+06	8.6326e-05	
11958	13343	2741	37	34.6625	2005	29	9	628	4	78	518	4	1.60367	811466	7.01459e-05	
12079	13257	2785	24.0082	25	2124	29	5	624	5	77	525	5	1.32146	1.46912e+06	5.38503e-05	
12082	12550	2700	36.7287	34.1707	2028	31	8	647	27	88	514	5	0.392762	1.12901e+06	0.000105197	
11913	13267	2718	36.3776	34.8835	2054	29	10	618	10	78	511	4	1.54176	808996	7.06215e-05	
11917	13203	2700	35.1258	30.0962	2090	32	9	633	28	83	524	4	1.4404	918010	6.52316e-05	
11975	13345	2700	36.3137	33.7296	2059	30	10	632	16	89	495	4	1.56149	826233	6.93049e-05	
12100	12555	2710	35.1148	35	2127	29	8	616	21	71	530	6	0.377489	1.0857e+06	0.000120773	
12100	12558	2705	28.8981	35	2106	31	6	600	18	63	505	6	0.370002	908621	0.00024432	
11802	12965	2796	37	35	2030	30	5	625	8	75	524	4	1.30992	841152	7.05169e-05	
11889	13339	2745	36.6186	33.51	2148	29	9	636	11	81	517	4	1.68481	836233	6.82175e-05	
12024	12550	2742	37	25	2010	29	8	641	19	72	505	4	0.47069	1.36065e+06	7.94281e-05	
11964	13307	2746	34.143	28.8421	2080	30	10	642	12	75	521	5	1.54792	965191	6.26881e-05	
12019	13002	2790	36.1124	27.6717	2103	30	10	617	15	75	508	4	1.08705	1.06024e+06	6.23014e-05	
11401	13240	2706	37	35	2100	32	9	624	9	71	486	5	2.10308	763244	7.56716e-05	
11802	13488	2796	31.3673	25.2778	2055	29	7	636	8	89	505	5	2.02688	1.10404e+06	5.82208e-05	
12083	12906	2778	28.4691	25	2060	29	9	621	14	77	515	5	0.860125	1.47864e+06	5.74515e-05	
11504	13238	2710	36.8928	35	2013	31	8	648	10	75	514	5	1.9839	776236	7.39754e-05	
12048	12556	2720	26.756	34.8829	2112	31	8	612	11	75	521	5	0.425416	924928	0.000233918	
12100	12959	2743	29.4743	25.5227	2124	28	8	601	17	67	509	6	0.901487	1.40494e+06	5.75705e-05	
12085	13435	2741	36.7677	32.5094	2079	31	8	616	6	80	518	4	1.57327	862184	6.71998e-05	
12097	12693	2755	35.327	25	2094	31	9	622	34	82	528	5	0.567091	1.42663e+06	6.8171e-05	
12057	12589	2748	37	32.7897	2056	30	8	600	18	75	505	4	0.481244	1.21939e+06	8.1473e-05	
12100	13455	2793	22.4416	25.0994	2113	28	6	626	21	86	529	5	1.55929	1.48965e+06	5.30026e-05	
11879	13350	2761	32.5438	26.7534	2139	29	7	636	8	89	506	5	1.71818	1.06234e+06	5.95877e-05	
12100	13208	2788	24.2884	25	2098	29	5	609	9	77	524	5	1.23108	1.50055e+06	5.40921e-05	
12099	12644	2719	36.9214	33.787	2103	29	8	616	19	65	512	6	0.49508	1.21111e+06	7.98085e-05	
12100	13018	2713	36.0349	33.4539	2108	28	9	614	23	65	492	5	0.978998	937374	6.8956e-05	
11809	12893	2727	36.5832	34.9641	2034	32	6	616	23	75	508	5	1.17406	839394	7.21293e-05	
12026	12786	2792	36.5432	29.6235	2020	30	8	640	28	74	501	5	0.788586	1.15343e+06	6.48466e-05	
12090	12577	2718	36.1233	26.8462	2048	29	6	646	7	64	504	5	0.41969	1.26856e+06	9.5039e-05	
12100	13230	2783	25.338	25	2105	30	7	629	8	89	524	5	1.2664	1.40749e+06	5.43478e-05	
12100	13325	2752	21.9359	25	2107	29	7	640	11	83	529	5	1.35099	1.60522e+06	5.35647e-05	
12100	13167	2794	24.0082	25	2124	29	5	650	12	77	530	5	1.17501	1.55634e+06	5.37259e-05	
12100	12950	2800	29.2174	25	2086	29	7	621	12	77	529	5	0.907289	1.46294e+06	5.60727e-05	
12082	12550	2736	37	31.6592	2078	28	7	618	6	88	505	5	0.398127	1.16835e+06	0.000102176	
12100	12550	2700	32.9766	28.9321	2136	31	6	642	7	76	524	5	0.367538	1.09632e+06	0.000140746	
12100	13224	2792	35.9808	35	2115	28	8	645	14	85	524	4	1.2896	870883	6.744e-05	
12018	13383	2735	36.7381	35	2138	30	8	615	18	84	499	6	1.58112	816508	7.00525e-05	
11526	12606	2702	35.6239	34.3128	2143	31	10	645	6	76	511	5	1.12678	848635	7.17978e-05	
12100	12550	2700	31.8054	32.8867	2113	29	7	643	21	71	491	5	0.365789	1.0397e+06	0.000160154	
11583	12567	2736	36.641	35	2068	29	10	627	24	73	501	6	1.02397	853369	7.29714e-05	
12074	13211	2752	28.5889	25	2090	29	6	640	12	87	529	5	1.27342	1.27533e+06	5.54693e-05	
11988	12578	2706	36.8717	32.7505	2000	31	7	647	4	68	495	5	0.543782	1.2119e+06	7.44103e-05	
12100	12550	2700	35.4703	29.8193	2157	31	8	637	20	63	512	5	0.37003	1.12889e+06	0.000119603	
12100	12550	2736	35.9997	34.9456	2151	32	8	618	12	74	523	4	0.375321	1.09579e+06	0.000118064	
12054	12550	2732	36.7287	26.7495	2023	31	9	647	17	67	512	5	0.431943	1.27826e+06	8.967e-05	
11943	12994	2745	34.8154	32.2938	2101	32	7	634	18	79	489	6	1.15137	930741	6.75037e-05	
12002	12550	2736	36.9988	33.624	2079	31	10	630	26	83	508	6	0.496703	1.21174e+06	7.90889e-05	
12100	13120	2783	23.8248	25	2132	28	5	628	19	65	522	5	1.10457	1.60911e+06	5.45822e-05	
12021	12550	2756	37	34.0438	2059	31	5	634	6	86	478	5	0.476811	1.21234e+06	8.29256e-05	
11922	12812	2747	35.4808	31.1872	2102	30	8	649	10	88	516	4	0.937323	1.02838e+06	6.51339e-05	
12100	12585	2730	37	33.2309	2114	32	9	606	21	67	479	5	0.419925	1.17372e+06	9.59509e-05	
11275	12868	2700	37	35	2096	32	9	624	9	65	492	5	1.75251	761299	7.68108e-05	
12100	12608	2716	37	25	2056	30	4	625	35	67	530	4	0.447188	1.38754e+06	8.44238e-05	
12095	12989	2800	29.8265	25	2048	29	8	621	14	76	529	5	0.968237	1.3957e+06	5.60947e-05	
11943	12994	2745	36.3024	34.6438	2101	32	7	634	3	81	489	6	1.15244	866489	7.04622e-05	
12100	12550	2700	30.8447	26.7324	2063	28	8	645	3	71	501	5	0.364007	1.05962e+06	0.000176678	
12021	13013	2712	32.9514	25	2048	30	9	622	23	81	530	4	1.06577	1.19981e+06	5.87406e-05	
12100	12550	2700	30.0202	34.2494	2098	31	7	603	22	62	509	5	0.362183	958621	0.000209205	
11960	12736	2787	30.5086	25	2034	29	8	622	17	84	513	5	0.795569	1.45233e+06	5.85686e-05	
11836	13343	2768	36.6186	33.51	2136	30	10	639	12	81	524	4	1.76954	832933	6.82547e-05	
12079	12980	2773	32.9921	27.8078	2077	29	8	635	5	76	528	5	0.972848	1.18927e+06	5.98802e-05	
11486	13246	2713	36.5617	35	2095	32	9	637	7	70	516	4	2.01767	775817	7.38389e-05	
11836	13339	2741	35.1749	34.9172	2126	29	10	634	11	81	526	4	1.74587	819676	6.9185e-05	
12100	12550	2712	28.9738	34.2125	2098	30	8	603	15	64	501	5	0.361002	882148	0.000268601	
12100	12550	2700	32.6271	25	2100	29	7	628	17	71	513	5	0.36706	1.13522e+06	0.000143041	
12100	12550	2700	35.4584	28.457	2069	31	8	639	20	73	518	5	0.370021	1.14682e+06	0.000119019	
11974	13394	2798	23.3887	25	2129	28	9	622	16	78	525	5	1.64524	1.38454e+06	5.3749e-05	
12100	12551	2716	29.3341	34.2501	2117	31	7	605	13	66	521	6	0.363835	921264	0.000238949	
12100	12550	2702	32.2538	30.3933	2132	31	6	611	7	67	509	5	0.366781	1.06475e+06	0.000151446	
11996	13090	2793	26.4964	25.0927	2066	30	10	627	10	81	530	4	1.21587	1.33656e+06	5.5325e-05	
12066	12550	2700	36.4994	25.1026	2062	31	6	637	20	71	530	5	0.412153	1.3024e+06	9.45269e-05	
11760	13436	2716	37	35	2076	29	9	643	13	74	491	5	1.95399	783303	7.24848e-05	
12100	12906	2729	28.4691	25	2085	29	9	619	13	77	515	5	0.823973	1.48301e+06	5.83124e-05	
12100	12559	2700	31.1612	34.9553	2110	31	8	611	18	61	499	6	0.376037	1.02144e+06	0.00016176	
12064	12989	2795	27.5063	25.6039	2053	29	9	619	19	80	528	5	0.998117	1.42181e+06	5.59722e-05	
12100	12550	2700	28.8981	34.2125	2097	30	7	601	18	65	523	6	0.359181	873364	0.000275255	
12052	13120	2781	23.8248	25	2142	28	6	630	27	74	524	4	1.16406	1.55766e+06	5.40015e-05	
12100	12719	2741	34.0405	25.1691	2067	31	10	642	0	79	523	5	0.593182	1.41991e+06	6.69613e-05	
11992	13435	2774	30.6143	25	2092	29	7	622	21	79	529	5	1.70089	1.15923e+06	5.66187e-05	
12069	12550	2715	34.1944	34.1904	2148	31	9	601	16	66	494	4	0.409029	1.11785e+06	0.000110217	
12018	12550	2742	37	25	2032	29	8	641	15	72	505	4	0.478087	1.36887e+06	7.79849e-05	
11486	12851	2721	36.4204	34.9688	2077	30	10	628	16	64	502	5	1.49925	788377	7.41565e-05	
12087	12567	2736	37	35	2068	29	10	627	24	73	501	6	0.413781	1.14563e+06	9.8668e-05	
12054	12550	2700	37	34.1939	2000	31	8	618	33	85	521	4	0.42701	1.1608e+06	9.30665e-05	
12096	12550	2730	37	32.1719	2076	31	10	636	17	86	527	5	0.379973	1.13682e+06	0.000109565	
12003	12705	2732	37	25	2115	29	8	612	35	70	473	4	0.694655	1.34976e+06	6.30955e-05	
11671	13375	2716	36.8377	35	2005	31	9	646	11	72	507	4	1.9768	776918	7.33245e-05	
11975	12671	2798	36.3137	33.7296	2059	31	10	626	16	89	495	4	0.701084	1.12373e+06	6.86908e-05	
12100	12550	2700	36.7275	34.1395	2101	31	8	600	15	64	505	6	0.370784	1.10577e+06	0.000114718	
11504	13126	2734	36.8928	35	2013	31	9	646	10	75	514	5	1.85057	780050	7.37028e-05	
11960	13191	2740	29.1131	26.9367	2160	28	10	610	20	70	514	5	1.3828	1.13451e+06	5.84146e-05	
12100	13251	2714	36.9207	34.7706	2000	32	10	647	8	69	477	5	1.29034	816374	7.27484e-05	
12100	12558	2720	28.8981	34.3736	2106	31	6	600	18	62	514	6	0.372054	914396	0.000243013	
11979	12590	2725	37	35	2048	29	7	632	1	81	496	5	0.574034	1.16478e+06	7.347e-05	
12007	12699	2710	34.6553	32.7291	2117	31	7	635	21	87	503	5	0.67493	1.18336e+06	6.79394e-05	
11980	13424	2782	24.8702	25	2125	29	8	617	10	80	530	5	1.68212	1.30594e+06	5.43419e-05	
12100	12550	2700	37	33.7444	2024	31	7	639	29	88	518	5	0.370911	1.1151e+06	0.000113237	
11776	12664	2773	37	33.7296	2055	29	10	626	16	70	495	4	0.93107	920784	7.05667e-05	
11966	13015	2721	32.6911	25.6915	2067	31	10	637	13	68	530	4	1.13872	1.13229e+06	5.99772e-05	
12100	12906	2750	28.4691	25	2085	29	9	621	16	75	530	4	0.830314	1.48799e+06	5.78202e-05	
12083	13072	2763	28.4691	25	2086	29	9	621	15	77	515	5	1.0782	1.34514e+06	5.61325e-05	
12100	13128	2794	27.5063	25.2455	2053	29	9	619	19	80	518	5	1.1419	1.34873e+06	5.56174e-05	
11465	13264	2714	37	34.7706	2000	32	9	650	8	71	474	4	2.0673	763356	7.6063e-05	
11802	13070	2796	37	35	2030	30	5	625	11	75	523	4	1.45279	828869	7.05418e-05	
12087	13011	2790	32.1734	25.0617	2035	30	7	626	22	81	504	5	1.00953	1.28554e+06	5.79945e-05	
12100	13120	2783	23.8248	25	2142	28	5	624	14	72	513	5	1.10457	1.6065e+06	5.46269e-05	
12100	12550	2700	30.8447	27.1989	2063	31	8	645	3	70	513	5	0.364007	1.05403e+06	0.000177054	
11836	13357	2768	36.6186	33.51	2136	31	10	639	12	81	530	4	1.78888	831874	6.82967e-05	
12100	12551	2716	29.5124	34.7392	2140	31	7	619	13	68	521	6	0.364317	935757	0.000228885	
12100	13352	2793	21.8243	25.2957	2130	28	6	622	17	86	526	5	1.40719	1.60926e+06	5.30729e-05	
11985	13425	2793	31.0203	32.1967	2101	31	8	644	10	84	527	6	1.70815	940120	6.34357e-05	
11960	12745	2785	33.506	27.6857	2110	29	8	621	23	87	511	5	0.811986	1.28017e+06	6.06575e-05	
11504	13238	2710	36.8928	35	2013	31	8	632	10	75	506	5	1.9839	773653	7.4228e-05	
11882	12902	2704	31.4438	26.729	2064	29	9	628	4	75	516	5	1.08288	1.14202e+06	6.02809e-05	
12072	13103	2737	37	27.8364	2054	30	10	627	17	79	524	4	1.1364	1.01951e+06	6.29723e-05	
11800	13345	2784	37	33.7296	2063	30	10	626	20	90	495	4	1.82703	818685	6.9483e-05	
11776	13259	2746	37	33.7296	2063	29	10	632	16	90	509	4	1.71371	818648	6.95749e-05	
11447	13205	2717	37	35	2066	32	9	646	8	69	504	5	2.01122	768041	7.49794e-05	
12047	12550	2700	36.7287	34.8992	2045	31	8	638	25	65	521	5	0.435401	1.15958e+06	9.18358e-05	
12100	12965	2744	37	26.7969	2030	30	9	624	8	75	517	6	0.920066	1.14754e+06	6.23752e-05	
12085	13435	2741	36.7677	33.2776	2079	31	8	616	6	80	520	6	1.57327	850373	6.7981e-05	
12100	13407	2793	21.8243	25	2092	28	6	622	17	86	529	5	1.48403	1.57914e+06	5.28849e-05	
12100	13500	2772	35.8771	33.8792	2093	29	8	630	8	80	504	5	1.66247	851114	6.74582e-05	
11483	13266	2713	36.5617	35	2085	32	9	630	7	71	516	4	2.04806	774995	7.38825e-05	
12009	12785	2794	37	32.9246	2111	30	8	628	20	88	514	4	0.809391	1.06074e+06	6.68271e-05	
12052	13496	2800	31.3673	29.719	2154	29	7	623	5	89	513	5	1.72883	1.01244e+06	6.03391e-05	
12100	13059	2778	29.2355	25	2060	29	9	632	14	71	522	5	1.04742	1.34156e+06	5.62936e-05	
12045	12550	2700	32.5412	35	2062	31	7	636	20	71	505	5	0.433986	1.1199e+06	0.000108295	
11869	12560	2744	32.1925	25	2115	30	7	621	26	69	526	5	0.669375	1.45843e+06	6.23714e-05	
11973	13183	2776	31.3673	30.7479	2035	29	8	623	9	88	524	5	1.37923	995192	6.23247e-05	
11756	12550	2728	32.1925	25.6796	2081	30	7	620	22	87	526	5	0.788855	1.35594e+06	6.00312e-05	
12100	12550	2702	36.7413	35	2091	31	6	601	17	64	496	6	0.371066	1.10325e+06	0.000115048	
12018	13120	2786	36.3154	25.8038	2142	28	9	629	14	74	530	5	1.24738	1.10489e+06	5.973e-05	
11719	13396	2716	36.7191	35	2076	31	9	637	12	72	491	5	1.94826	780573	7.31101e-05	
12029	13081	2737	33.6984	27.9663	2018	29	6	611	14	87	516	4	1.15745	1.08113e+06	6.12858e-05	
12039	13500	2747	28.222	25	2090	29	6	644	12	76	530	5	1.70961	1.20264e+06	5.57289e-05	
12021	13130	2767	36.1475	33.9013	2096	31	8	624	10	84	527	6	1.24862	881590	6.77966e-05	
11958	13469	2741	37	35	2005	29	9	628	6	78	519	4	1.77676	799672	7.04871e-05	
12100	12550	2700	31.2389	25.2834	2094	28	10	633	19	72	501	5	0.36478	1.08762e+06	0.0001665	
12099	12550	2750	30.2541	34.0914	2124	32	8	607	18	68	511	6	0.370692	986533	0.000195886	
11961	12913	2726	34.549	25.3287	2067	31	10	637	13	79	530	4	1.0143	1.16584e+06	6.01323e-05	
12022	12850	2754	33.025	26.095	2158	28	7	631	7	86	511	6	0.864115	1.33025e+06	5.86304e-05	
12100	12550	2700	37	33.1086	2066	31	9	649	25	66	513	6	0.370911	1.11908e+06	0.000112892	
12089	12616	2707	37	26.9013	2122	31	6	635	0	72	504	5	0.469386	1.3282e+06	8.03536e-05	
11445	13274	2713	36.5617	35	2072	32	9	643	7	69	516	4	2.10303	772446	7.42997e-05	
12058	12550	2758	37	31.6592	2046	30	8	620	4	86	505	5	0.431208	1.2026e+06	9.21489e-05	
11974	13292	2775	24.9594	25.0554	2084	29	8	628	10	79	527	5	1.50303	1.32148e+06	5.47795e-05	
11916	12648	2702	33.1192	26.0582	2158	31	8	628	22	79	502	5	0.715992	1.3627e+06	6.18812e-05	
12096	12598	2740	37	28.9091	2056	29	7	632	9	83	496	5	0.443189	1.25282e+06	8.77578e-05	
11961	12890	2733	35.6606	25.6915	2061	31	10	637	0	79	510	4	0.987485	1.1403e+06	6.14931e-05	
12100	12550	2711	28.8981	35	2112	31	6	601	17	63	505	6	0.360644	870622	0.000275938	
12100	12550	2700	35.4703	29.8193	2157	31	5	637	20	65	518	5	0.37003	1.13798e+06	0.000119574	
12018	13120	2783	23.8248	25	2148	28	6	629	14	76	524	5	1.20749	1.53434e+06	5.38445e-05	
12100	12550	2724	29.7825	34.2075	2034	30	7	612	19	71	514	5	0.364814	954683	0.000217865	
11791	13486	2793	37	34.721	2095	30	9	629	24	79	530	5	2.04153	806294	6.98812e-05	
12100	12927	2790	29.1949	25	2065	28	9	621	11	75	526	5	0.872944	1.46665e+06	5.6638e-05	
12043	12578	2700	25.6624	34.4686	2019	31	8	637	15	69	494	5	0.450764	905902	0.00024777	
12067	13193	2708	36.9802	35	2113	32	10	630	11	64	489	5	1.25026	820994	7.23956e-05	
12100	12550	2700	32.4222	28.6148	2105	31	8	603	5	63	499	6	0.366763	1.08292e+06	0.000148214	
12053	12597	2738	37	32.1719	2081	31	10	633	4	86	529	5	0.494743	1.23107e+06	7.86782e-05	
12100	12550	2752	29.2062	34.3278	2052	29	10	611	18	60	493	5	0.367006	910198	0.000249875	
12057	12589	2742	37	32.7897	2028	30	8	604	17	75	505	4	0.480194	1.21813e+06	8.1606e-05	
11719	13396	2724	35.9506	35	2076	31	9	637	9	78	494	5	1.95357	791617	7.20929e-05	
12100	13080	2777	30.5143	25	2108	30	4	643	2	79	516	4	1.07879	1.33105e+06	5.64302e-05	
12097	12898	2748	32.8424	25	2066	31	9	624	34	82	530	5	0.832514	1.36603e+06	5.85103e-05	
11756	12550	2753	32.3305	25.6796	2081	30	8	615	20	82	526	6	0.796299	1.34853e+06	5.9988e-05	
12009	13284	2781	34.143	28.8421	2080	30	10	642	12	75	530	5	1.47976	983137	6.18391e-05	
11858	12595	2770	33.03	25.1004	2059	32	10	612	20	83	530	5	0.736046	1.38401e+06	6.06649e-05	
11848	12906	2750	28.4691	25	2065	28	9	621	14	90	515	5	1.14066	1.2804e+06	5.66636e-05	
11907	12603	2762	35.6955	25	2139	31	10	650	0	80	522	5	0.686822	1.38589e+06	6.14515e-05	
12100	13359	2786	21.8243	25	2092	28	7	620	17	86	525	5	1.4134	1.60325e+06	5.31293e-05	
12081	12597	2716	37	25	2160	30	4	625	29	71	530	4	0.456447	1.39241e+06	8.20883e-05	
12100	12550	2700	32.9164	26.1805	2160	31	7	619	3	71	521	5	0.367458	1.12265e+06	0.000140076	
12007	12699	2741	34.6553	29.0606	2108	31	7	635	20	89	487	5	0.682651	1.28265e+06	6.48088e-05	
12100	13305	2785	28.709	26.508	2124	30	8	624	17	77	530	5	1.38609	1.19035e+06	5.67505e-05	
12069	12578	2704	37	26.025	2103	29	7	636	7	67	516	4	0.444908	1.31326e+06	8.48104e-05	
11903	13106	2790	36.4291	34.6822	2101	29	10	616	15	89	500	5	1.37361	841361	6.92233e-05	
11908	12591	2706	35.5655	28.1652	2054	31	8	645	19	68	505	6	0.656309	1.26686e+06	6.60371e-05	
11907	12576	2735	35.6955	34.8386	2139	31	10	650	0	82	522	5	0.645352	1.13724e+06	7.04473e-05	
12069	12578	2704	37	25.6214	2103	29	7	633	5	68	506	5	0.444908	1.32716e+06	8.46668e-05	
12094	12550	2735	31.4985	34.774	2097	30	9	602	18	61	493	4	0.377416	1.03117e+06	0.000158303	
12054	12550	2700	36.7287	26.7495	2023	29	10	647	14	88	512	5	0.426883	1.25994e+06	9.02039e-05	
12100	12550	2700	32.9164	27.1168	2160	31	7	619	3	71	497	5	0.367458	1.11218e+06	0.000140667	
12097	12550	2723	35.5939	35	2158	31	7	618	16	80	520	6	0.376966	1.0935e+06	0.000118835	
12100	12550	2700	30.4286	34.1707	2028	30	8	647	29	75	515	5	0.363123	993271	0.000193498	
12006	13185	2772	25.7928	25	2084	29	5	642	15	76	524	5	1.31994	1.35306e+06	5.49602e-05	
11776	13379	2784	37	33.7296	2062	30	10	626	22	90	512	4	1.90377	818645	6.92281e-05	
12012	12718	2790	33.506	25	2064	29	9	621	18	81	513	5	0.712554	1.43654e+06	6.03064e-05	
11945	12570	2733	36.9988	29.698	2035	31	9	625	24	83	508	5	0.591584	1.25714e+06	6.86577e-05	
12086	13435	2782	29.4599	25	2088	29	6	622	17	85	530	5	1.58521	1.20701e+06	5.55216e-05	
12100	12550	2700	32.6285	30.7114	2159	31	7	617	10	72	529	5	0.367062	1.0681e+06	0.000146199	
11748	12966	2743	34.7927	35	2140	29	6	611	7	69	521	4	1.35021	845352	7.00771e-05	
12021	12589	2733	37	32.7897	2032	30	8	600	4	72	505	4	0.522917	1.2252e+06	7.57346e-05	
11937	13425	2793	31.0203	32.1967	2092	31	8	645	10	84	528	6	1.76812	935006	6.36618e-05	
11504	13387	2717	37	35	2000	31	9	637	10	75	514	5	2.19055	770932	7.4107e-05	
12011	12550	2715	37	25.8097	2104	32	8	621	17	78	495	5	0.481919	1.35436e+06	7.72917e-05	
12084	12550	2700	29.4766	33.7888	2149	31	8	605	11	65	500	6	0.380346	981490	0.000193761	
12100	12558	2715	28.8981	34.3736	2106	31	6	600	18	63	514	6	0.37137	913883	0.000243191	
12100	12800	2717	37	34.2335	2128	31	5	623	23	71	527	6	0.695108	1.10696e+06	6.94396e-05	
12100	12550	2700	31.1429	26.6165	2065	31	7	612	17	75	515	5	0.364597	1.07043e+06	0.000169607	
11879	13500	2797	30.0943	26.7534	2064	29	7	636	7	89	505	5	1.9464	1.08286e+06	5.84898e-05	
12100	12551	2700	32.6271	35	2065	31	7	628	17	60	513	5	0.368327	1.04075e+06	0.000147776	
12021	13238	2717	34.549	32.5738	2067	31	9	625	17	79	530	4	1.36949	890170	6.65557e-05	
12100	13317	2780	21.8581	25	2092	29	8	638	10	83	530	5	1.3526	1.62361e+06	5.33618e-05	
11879	13400	2797	31.3673	26.5571	2067	29	7	630	8	88	512	5	1.80852	1.07751e+06	5.86717e-05	
12100	12550	2702	29.3553	30.6202	2159	31	6	617	5	64	510	6	0.36075	937867	0.000238379	
11698	12791	2709	34.2791	29.4078	2097	30	9	639	32	78	517	4	1.16414	974026	6.48971e-05	
12100	12558	2715	28.8981	35	2106	31	6	601	20	65	520	6	0.37137	912085	0.000243546	
12023	12882	2781	28.5593	25	2142	28	6	630	27	76	524	5	0.904395	1.48201e+06	5.60695e-05	
11974	13292	2775	24.9594	25.0554	2084	29	8	632	10	79	526	5	1.50303	1.32073e+06	5.48005e-05	
11465	13228	2714	37	35	2000	32	9	642	8	69	479	5	2.01891	760795	7.62835e-05	
11973	13177	2779	32.9611	29.719	2051	29	9	622	6	74	520	5	1.37507	989738	6.24961e-05	
11975	13419	2726	36.1205	35	2013	32	10	633	23	79	524	5	1.67733	801662	7.07764e-05	
12011	13350	2790	36.1124	34.2235	2103	30	9	617	19	74	508	4	1.57533	840523	6.85401e-05	
11951	12889	2724	34.549	32.5738	2067	31	9	635	17	80	530	4	0.994209	971535	6.668e-05	
11698	12791	2715	34.2791	29.4078	2097	29	9	639	23	78	530	4	1.16672	981806	6.42426e-05	
11837	13106	2790	36.4291	35	2101	29	10	616	15	81	500	6	1.45536	825018	7.02395e-05	
11944	13241	2741	35.4808	29.7781	2079	30	8	649	8	86	518	5	1.48101	941871	6.39141e-05	
12100	12965	2800	37	35	2030	30	7	625	8	75	517	6	0.938843	945831	6.93001e-05	
12100	12550	2700	28.8981	35	2112	31	6	601	18	64	505	6	0.359181	868540	0.000276396	
12100	12550	2722	30.691	34.4586	2099	28	8	600	12	68	519	5	0.366652	995419	0.00018546	
11584	13032	2713	36.7674	35	2061	31	10	629	17	75	507	5	1.6179	784509	7.34592e-05	
12063	12560	2736	36.7126	35	2075	31	10	627	24	78	508	6	0.434304	1.1599e+06	9.32662e-05	
12100	12949	2800	29.2174	25	2086	29	7	621	14	77	530	5	0.905933	1.4638e+06	5.60695e-05	
11541	13099	2717	37	35	2000	31	8	620	9	74	509	5	1.75983	777989	7.4085e-05	
12097	12552	2743	29.4743	34.0914	2134	32	7	611	18	62	511	6	0.372847	951883	0.000218388	
12020	12563	2776	37	30.635	2022	32	8	646	23	72	503	5	0.49846	1.26561e+06	7.80518e-05	
12096	12600	2759	37	27.03	2038	29	6	632	23	68	505	5	0.448861	1.31125e+06	8.5918e-05	
12011	12550	2715	37	32.7072	2131	32	8	621	17	79	484	5	0.481919	1.21686e+06	8.06907e-05	
11793	12929	2750	28.4691	25.415	2105	29	9	621	14	77	502	5	1.23807	1.21572e+06	5.79206e-05	
11836	13339	2754	36.7265	31.9102	2126	28	9	644	11	81	524	4	1.75515	863538	6.66001e-05	
11783	13307	2786	32.6433	28.8421	2155	29	10	639	25	90	519	4	1.79254	980803	6.12632e-05	
11791	13486	2793	37	34.6515	2095	30	9	629	24	79	530	5	2.04153	807471	6.9808e-05	
11960	12626	2786	33.506	29.9355	2112	29	9	621	23	87	514	5	0.655051	1.30851e+06	6.56599e-05	
11587	12734	2720	37	34.0578	2032	30	8	600	21	77	460	5	1.22826	818182	7.38171e-05	
11486	12851	2721	36.4204	34.8862	2077	31	9	625	22	64	508	5	1.49925	790313	7.41125e-05