12100	13425	2793	21.0355	25	2114	28	6	627	6	86	529	5	1.49701	1.66993e+06	5.25984e-05	
12100	12550	2700	28.7344	30.685	2123	31	7	604	16	70	506	6	0.358686	875855	0.000286451	
12100	13411	2770	21	25	2107	28	6	637	10	85	530	4	1.46462	1.67569e+06	5.28262e-05	
11296	13403	2710	37	35	2113	30	10	631	10	65	492	5	2.44695	760174	7.59648e-05	
12100	12554	2713	28.5079	34.4272	2111	31	7	610	14	68	518	5	0.364792	855959	0.000292227	
11296	13391	2701	37	34.8469	2056	32	10	627	9	65	492	4	2.42259	754380	7.68049e-05	
12099	12550	2727	28.7862	34.9274	2134	31	7	602	16	61	503	6	0.363667	865057	0.000280584	
12100	13435	2782	21	25	2092	28	6	622	17	86	530	5	1.50447	1.66114e+06	5.28039e-05	
11505	13438	2714	37	35	2021	31	10	646	9	75	512	5	2.25637	769761	7.41015e-05	
12091	13455	2793	21	25	2093	28	6	631	17	86	529	5	1.54987	1.64079e+06	5.27093e-05	
11277	13339	2700	37	35	2091	32	9	624	9	65	492	5	2.3732	755364	7.68285e-05	
12100	13466	2781	21	25	2115	28	7	634	16	83	530	5	1.54728	1.63934e+06	5.27482e-05	
11358	13353	2700	36.8298	35	2137	32	9	640	13	65	492	5	2.29941	762051	7.59071e-05	
12100	13264	2791	22.3576	25	2099	28	7	639	15	81	524	5	1.29093	1.62018e+06	5.33732e-05	
12100	12573	2743	27.6898	35	2132	32	5	620	18	61	514	5	0.390416	861441	0.000283527	
11308	13335	2700	37	35	2091	32	9	624	9	68	492	5	2.33246	757576	7.64059e-05	
12100	12589	2700	27.0733	35	2098	31	7	611	13	72	519	6	0.402154	863998	0.000277701	
12100	13278	2778	23.1584	25	2107	29	9	639	10	83	530	4	1.31301	1.51266e+06	5.35762e-05	
12100	12550	2734	28.741	34.5255	2000	31	8	610	12	62	504	6	0.363224	856706	0.000289519	
11349	13384	2713	36.5617	35	2012	31	10	628	15	62	514	4	2.36275	762151	7.57289e-05	
11357	13353	2700	37	35	2137	32	9	629	13	61	492	5	2.30064	758510	7.63359e-05	
11671	13375	2716	36.8377	35	2005	31	9	646	11	72	507	4	1.9768	776918	7.33245e-05	
11308	13339	2700	37	35	2091	32	9	624	9	65	492	5	2.33785	756356	7.66225e-05	
12100	12589	2700	27.6833	35	2098	31	6	606	18	72	509	6	0.40459	934690	0.000225327	
12100	13202	2786	24.1594	25.3585	2124	29	5	650	2	77	530	5	1.22093	1.50256e+06	5.39549e-05	
11785	13488	2796	31.3673	25.2778	2055	29	7	641	8	89	505	5	2.04784	1.10191e+06	5.82988e-05	
12094	12550	2735	31.4985	34.774	2097	30	10	602	18	62	491	4	0.377416	1.03082e+06	0.000158278	
12100	12567	2700	28.4151	35	2100	31	8	606	3	73	509	6	0.379225	906480	0.00024558	
12043	12578	2700	25.6624	34.601	2130	30	8	612	15	69	498	4	0.450764	901759	0.000247586	
12100	12850	2713	34.0506	26.095	2157	31	7	629	19	82	517	6	0.756995	1.36956e+06	6.0412e-05	
12100	12589	2700	27.3274	35	2098	31	6	606	18	72	509	6	0.403204	897992	0.00025227	
12097	13120	2783	23.8248	25	2049	28	5	628	13	69	530	5	1.10834	1.60008e+06	5.45911e-05	
12100	12550	2700	29.5483	26.0643	2090	30	6	641	6	71	504	5	0.360999	995933	0.000223314	
11670	13388	2718	37	35	2005	31	9	635	11	72	507	4	1.9972	774811	7.34214e-05	
12100	13059	2785	29.9859	25	2088	30	7	643	14	89	524	5	1.05207	1.34612e+06	5.59378e-05	
12089	12550	2704	29.3097	34.2125	2097	30	7	601	15	65	523	6	0.374346	956084	0.000211909	
12100	12550	2701	32.2998	34.3553	2102	28	8	600	15	70	523	5	0.366716	1.03297e+06	0.000152999	
12100	12550	2700	29.7485	26.5111	2160	31	7	636	3	72	515	5	0.361514	1.00398e+06	0.000213767	
11555	13440	2707	37	35	2004	32	8	623	10	69	474	5	2.1949	762079	7.59129e-05	
11749	13348	2754	36.1403	32.0615	2126	28	10	640	9	81	524	4	1.87286	857541	6.68986e-05	
12100	12550	2700	31.7892	25.505	2031	31	7	633	13	75	523	5	0.365762	1.10738e+06	0.000155958	
12100	12550	2700	33.0241	29.2311	2103	30	8	629	17	62	507	5	0.3676	1.09108e+06	0.000140607	
12100	12550	2721	33.0987	35	2155	29	9	615	19	84	524	6	0.370556	1.05012e+06	0.000142045	
12048	12556	2720	26.756	34.8444	2112	31	8	619	11	75	514	5	0.425416	926235	0.000233754	
12099	12550	2700	29.4766	34.8227	2095	31	7	603	18	75	511	6	0.362031	928012	0.000231803	
12100	12774	2718	36.1233	26.4617	2000	29	6	646	4	64	495	6	0.661125	1.36437e+06	6.42591e-05	
12100	12550	2700	34.4313	35	2084	31	8	601	11	64	505	6	0.369169	1.06633e+06	0.00012987	
12018	13064	2783	23.8248	25	2142	28	8	629	15	73	524	5	1.13121	1.56872e+06	5.43213e-05	
12100	12550	2742	29.2062	34.3278	2050	30	10	611	23	60	494	4	0.365672	907627	0.000250438	
12100	12550	2700	29.0669	30.685	2120	31	7	600	17	70	506	6	0.359675	910538	0.000257998	
12099	12560	2700	29.5746	34.2125	2098	30	8	603	11	60	511	6	0.374962	968738	0.000201248	
12100	12550	2701	30.1591	34.9258	2048	28	8	600	1	70	503	5	0.362645	964172	0.000203998	
12100	12550	2735	29.0729	34.4134	2118	32	9	605	24	65	492	5	0.364355	894182	0.000260078	
12100	13359	2786	22.7421	25	2092	28	7	620	17	85	525	6	1.42477	1.51537e+06	5.33533e-05	
12100	12550	2700	31.3048	34.2746	2093	30	8	601	18	65	521	4	0.364903	1.01062e+06	0.000171028	
11460	13341	2719	36.8634	35	2113	31	10	642	3	73	514	5	2.18099	774584	7.37028e-05	
11921	13497	2798	29.4321	28.4238	2138	29	7	623	10	89	513	5	1.88883	1.06405e+06	5.89657e-05	
11504	13341	2717	37	35	2000	31	10	646	4	69	514	5	2.12811	768145	7.44879e-05	
12100	13435	2793	21.8243	25	2092	28	6	622	17	86	529	5	1.52327	1.56077e+06	5.28793e-05	
12100	12550	2700	29.4766	28.4414	2105	30	8	603	5	63	499	6	0.36081	956464	0.000230203	
12057	12589	2742	37	32.7897	2033	30	8	604	17	75	505	4	0.480194	1.21798e+06	8.15993e-05	
12093	12550	2707	29.3097	34.2125	2097	30	7	600	18	65	523	6	0.369865	940999	0.000222469	
12100	12550	2732	29.0729	34.6784	2118	32	9	605	26	65	482	5	0.363955	892207	0.000260892	
12100	12550	2700	32.6271	25	2100	29	7	628	17	71	513	5	0.36706	1.13522e+06	0.000143041	
11960	12876	2709	30.3712	25	2034	29	9	621	17	81	517	5	0.954567	1.30974e+06	5.80248e-05	
11304	13228	2714	37	35	2002	32	9	642	8	69	479	5	2.20496	754775	7.73036e-05	
12100	13120	2783	23.8248	25	2132	28	6	628	17	66	530	5	1.10457	1.60786e+06	5.43803e-05	
12070	12819	2700	34.4711	25	2048	31	8	616	15	81	530	6	0.75023	1.38113e+06	6.04157e-05	
12099	12550	2700	29.5746	34.2125	2089	29	8	603	11	60	511	6	0.36229	932694	0.000226809	
12100	13455	2800	21.8243	25	2084	28	6	626	13	84	529	5	1.55523	1.54997e+06	5.28513e-05	
12100	12550	2740	35.9997	34.7477	2151	32	8	618	12	70	523	4	0.37587	1.09779e+06	0.000117883	
12100	12550	2700	33.3817	25.893	2045	31	7	642	14	84	503	4	0.368047	1.14213e+06	0.000134644	
12099	12550	2700	29.4766	34.8227	2105	31	7	603	18	71	511	6	0.362031	926865	0.000231911	
12079	12550	2730	37	25	2126	29	7	604	35	63	518	4	0.400954	1.28584e+06	9.76849e-05	
12100	12550	2700	28.7344	30.685	2123	31	7	600	15	70	501	6	0.358686	874703	0.000286697	
11713	13447	2734	36.3086	35	2076	28	9	643	17	72	497	5	2.03811	791524	7.18597e-05	
12049	12567	2700	36.7287	25.6808	2018	31	9	647	14	88	512	5	0.454518	1.31539e+06	8.29876e-05	
12099	12560	2727	28.7862	35	2134	31	7	607	15	61	503	6	0.376467	916102	0.000240442	
12100	12550	2700	29.7485	30.5437	2160	30	7	625	3	72	516	5	0.361514	970618	0.000217014	
12100	12550	2716	37	25	2067	30	7	633	35	68	491	4	0.373109	1.24501e+06	0.000108696	
12100	12550	2722	28.1616	34.6528	2127	30	8	600	11	65	507	5	0.361177	876460	0.000274574	
11465	13264	2714	37	35	2000	32	9	650	8	72	474	4	2.0673	760681	7.62311e-05	
12100	12584	2705	27.3274	34.9493	2098	31	8	602	18	67	514	6	0.397587	867854	0.000273	
12011	12550	2715	37	32.7072	2131	32	8	621	17	79	484	5	0.481919	1.21686e+06	8.06907e-05	
11713	13436	2734	36.3086	35	2122	28	9	643	15	74	510	5	2.02299	795670	7.11744e-05	
12100	12550	2740	33.5495	35	2148	31	8	615	0	69	499	5	0.373701	1.06124e+06	0.000136818	
12100	12550	2712	32.2998	34.3553	2102	28	8	600	15	70	523	5	0.368209	1.03543e+06	0.000152672	
12100	13296	2793	22.4416	25	2127	28	5	626	15	86	529	5	1.33723	1.60414e+06	5.28793e-05	
12100	13317	2778	22.532	25	2119	29	6	645	10	83	530	5	1.36013	1.55594e+06	5.32822e-05	
12087	12550	2700	29.4956	34.8027	2076	29	9	600	6	66	501	5	0.376736	967812	0.00020016	
12100	12550	2758	28.741	34.6836	2000	31	9	610	12	62	504	6	0.366412	859885	0.000288434	
12011	13412	2772	32.2751	27.0953	2101	29	7	614	21	78	529	5	1.64713	1.07096e+06	5.90982e-05	
12094	12989	2800	29.3095	25	2038	28	8	628	14	72	529	5	0.968101	1.41367e+06	5.5841e-05	
11555	13400	2707	37	35	2004	32	10	623	11	69	474	4	2.14058	758530	7.60341e-05	
11812	13357	2768	36.6186	33.51	2136	31	10	621	12	81	530	4	1.81826	829269	6.85589e-05	
12100	12550	2700	34.3823	31.6666	2047	31	7	640	18	76	520	4	0.369123	1.09338e+06	0.000128353	
12098	12550	2700	29.3097	34.2125	2097	30	7	601	17	65	523	6	0.362802	920110	0.000237925	
12100	13120	2778	23.8248	25	2132	28	5	628	19	67	530	5	1.10258	1.61229e+06	5.43833e-05	
11469	13266	2713	36.5617	35	2085	32	9	644	9	69	516	4	2.06436	774004	7.40741e-05	
12100	12550	2702	29.8875	30.3886	2159	31	5	615	10	71	513	6	0.362129	981968	0.000210926	
12100	12550	2701	31.9459	27.1989	2091	31	7	645	3	71	502	5	0.366158	1.0917e+06	0.000154345	
11879	13500	2797	30.0943	26.7534	2064	29	7	636	7	89	505	5	1.9464	1.08286e+06	5.84898e-05	
12100	13475	2800	21.8243	25	2101	28	6	626	13	84	529	5	1.58342	1.54125e+06	5.27732e-05	
11713	13493	2742	36.3086	35	2063	28	9	643	15	72	503	5	2.10759	792539	7.16178e-05	
12100	12550	2700	31.8069	34.2746	2086	30	9	623	17	72	526	4	0.365792	1.02563e+06	0.000160875	
12068	12550	2700	36.7564	33.9506	2097	31	8	600	18	66	505	6	0.409846	1.15213e+06	9.87947e-05	
12100	12550	2702	28.9499	25.9417	2132	31	6	611	7	67	509	5	0.359601	936306	0.000262123	
11961	12711	2781	34.0405	25.9414	2042	30	10	640	0	79	523	5	0.765191	1.33591e+06	6.03719e-05	
12099	12564	2700	29.4766	34.8227	2074	31	7	603	18	78	505	5	0.379776	977514	0.000196194	
12100	13411	2768	25.8465	25	2129	29	6	644	15	71	530	4	1.51204	1.30483e+06	5.44573e-05	
12056	13120	2773	23.8248	25	2142	28	7	630	27	77	524	5	1.15571	1.56048e+06	5.40921e-05	
12100	12550	2700	35.4584	28.457	2069	31	8	639	20	73	518	5	0.370021	1.14682e+06	0.000119019	
11442	13266	2713	36.5617	35	2085	32	9	641	7	69	516	4	2.09574	772962	7.42335e-05	
12087	12567	2736	36.4287	35	2068	29	10	626	24	73	525	6	0.413497	1.14018e+06	0.000100563	
12100	12550	2700	31.2389	27.3267	2094	28	10	633	19	72	501	5	0.36478	1.06572e+06	0.000167813	
12100	12550	2700	29.1522	34.7016	2086	30	8	613	11	62	501	6	0.359919	894802	0.000256082	
12100	13478	2784	31.3402	25	2131	29	6	636	5	85	518	5	1.63328	1.17514e+06	5.62461e-05	
12100	13317	2786	23.1584	25	2108	29	6	639	10	83	530	4	1.3708	1.50008e+06	5.33646e-05	
11555	13363	2707	37	35	2004	32	10	623	11	69	474	5	2.09047	759154	7.60803e-05	
11636	12870	2714	36.5617	34.7706	2000	32	8	647	8	67	509	5	1.34424	802336	7.37735e-05	
11370	13266	2700	37	34.997	2124	32	9	643	7	68	513	4	2.16884	765429	7.50525e-05	
12100	13038	2795	26.5125	25	2116	29	9	621	14	76	528	5	1.01486	1.49321e+06	5.49874e-05	
12100	13122	2783	24.0082	25.0248	2124	28	5	644	5	80	530	5	1.10884	1.59353e+06	5.39957e-05	
12100	12550	2700	30.3975	26.5392	2073	31	7	634	13	65	524	5	0.363054	1.03838e+06	0.000189573	
12052	13496	2800	31.3673	29.719	2154	29	7	623	5	89	513	5	1.72883	1.01244e+06	6.03391e-05	
11296	13128	2717	37	35	2064	31	9	624	11	66	494	5	2.08273	761642	7.62079e-05	
12100	12550	2716	33.3799	35	2057	31	7	625	20	79	516	5	0.370226	1.05591e+06	0.000139121	
11943	13409	2763	33.4297	33.6236	2136	31	10	639	12	81	501	4	1.72338	862902	6.70916e-05	
12011	12990	2774	30.6143	25.7447	2115	29	7	622	19	79	530	5	1.0675	1.27841e+06	5.70255e-05	
12097	12805	2748	32.8424	25	2066	31	9	622	34	82	529	5	0.709729	1.43938e+06	6.06465e-05	
11982	12628	2759	36.1756	25.3318	2077	31	8	626	3	71	505	5	0.626476	1.40879e+06	6.4255e-05	
12100	12550	2701	30.1591	27.2494	2050	28	8	600	4	73	501	5	0.362645	1.01482e+06	0.000198334	
11960	13205	2740	29.1131	26.9367	2160	28	10	609	28	70	513	5	1.40173	1.13065e+06	5.84659e-05	
11717	13275	2733	37	35	2137	32	10	624	13	69	483	5	1.79812	781094	7.35348e-05	
12100	13147	2781	24.0082	25.0248	2124	29	6	650	3	80	530	5	1.14218	1.5644e+06	5.39695e-05	
12100	12550	2702	30.9226	31.0806	2157	31	6	617	5	72	506	5	0.364434	1.02454e+06	0.000177588	
12099	12644	2719	36.9214	33.787	2103	29	8	616	19	65	512	6	0.49508	1.21111e+06	7.98085e-05	
12100	12550	2700	29.0669	30.685	2123	31	6	614	17	70	506	6	0.359675	914810	0.000257599	
12100	12550	2702	30.435	25.6285	2081	31	8	636	19	71	519	5	0.363406	1.05024e+06	0.000187441	
12099	12554	2727	28.7862	35	2134	31	7	607	15	61	503	6	0.368786	886879	0.000262743	
12085	12705	2701	36.9613	25	2115	30	7	632	35	71	473	4	0.58699	1.42954e+06	6.62559e-05	
12100	12550	2701	30.5816	29.1266	2048	28	8	600	1	70	503	5	0.363591	1.01899e+06	0.000185943	
12100	12550	2700	29.4766	34.2125	2124	31	7	603	18	62	509	6	0.36081	923082	0.000235073	
11800	13345	2784	37	33.7296	2063	30	10	626	20	90	495	4	1.82703	818685	6.9483e-05	
12019	13120	2775	23.8248	25	2148	28	6	632	12	76	524	5	1.20277	1.53318e+06	5.39142e-05	
12100	13388	2770	21.8243	25	2101	28	7	626	13	84	529	5	1.44545	1.58475e+06	5.31237e-05	
12100	12550	2727	28.7862	34.9142	2134	31	7	602	16	64	503	6	0.362433	860677	0.000285144	
12021	12596	2729	37	34.3028	2059	31	5	625	6	83	467	5	0.531145	1.20538e+06	7.62602e-05	
11969	13478	2792	33.8592	33.7562	2016	32	8	616	8	89	518	5	1.80634	857400	6.72948e-05	
12100	12550	2700	31.1449	25.475	2110	28	10	642	19	67	508	5	0.364601	1.08195e+06	0.000168691	
12100	12584	2705	27.3274	34.9493	2098	31	6	603	18	68	514	6	0.397587	869937	0.000272851	
12068	12550	2700	31.2032	35	2128	28	7	618	15	70	509	5	0.40376	1.06017e+06	0.000135759	
12100	12550	2700	35.8873	29.294	2146	31	7	622	5	74	510	6	0.370312	1.14486e+06	0.000116836	
12100	12601	2717	37	35	2027	32	9	646	22	69	523	5	0.438391	1.16312e+06	9.14997e-05	
11467	13370	2717	37	35	2000	31	9	637	10	76	518	5	2.21063	771031	7.41785e-05	
12100	12590	2733	37	34.9684	2078	32	9	611	14	61	493	5	0.426817	1.1602e+06	9.49037e-05	
11913	13267	2718	35.719	34.8835	2059	29	10	618	10	78	511	4	1.54135	815470	7.02494e-05	
12018	12589	2733	37	32.7897	2032	30	8	600	15	72	505	4	0.526603	1.2233e+06	7.5392e-05	
12058	12550	2729	37	31.6592	2046	30	8	620	4	86	505	5	0.426674	1.19542e+06	9.26526e-05	
12056	12596	2729	37	34.3028	2152	31	5	621	6	80	467	5	0.488141	1.21046e+06	8.10701e-05	
12100	12550	2700	31.3102	25	2050	28	8	622	4	73	501	5	0.364913	1.0947e+06	0.000164908	
12062	13075	2792	27.5063	25.5604	2060	29	7	621	13	77	530	5	1.11655	1.35963e+06	5.56483e-05	
12100	12550	2712	34.6846	35	2140	29	8	616	20	73	522	5	0.371042	1.07133e+06	0.000127356	
11729	13413	2709	36.8193	35	2071	31	9	620	12	72	491	5	1.95449	778315	7.32815e-05	
12100	12550	2700	30.754	34.2746	2086	30	9	623	18	72	526	4	0.36382	998312	0.00018406	
12100	12587	2700	33.0456	35	2091	31	8	601	13	64	510	4	0.414567	1.10007e+06	0.000114771	
11376	13325	2706	37	34.997	2078	32	9	643	7	68	513	4	2.24611	763685	7.52389e-05	
12055	13038	2795	26.5125	25	2131	29	10	621	12	76	528	5	1.07167	1.44613e+06	5.47765e-05	
11355	12560	2719	36.9988	35	2082	29	9	619	26	70	504	6	1.27475	795756	7.48335e-05	
11504	13341	2706	37	35	2000	31	10	646	4	69	514	5	2.11949	766389	7.46436e-05	
12100	12550	2700	30.3575	26.0643	2079	30	6	641	5	70	503	5	0.362965	1.04526e+06	0.000190367	
11713	13436	2716	37	35	2076	29	9	643	15	72	496	5	2.01003	780932	7.27114e-05	
12100	12550	2711	30.4765	34.998	2098	31	7	609	21	64	513	5	0.364708	981690	0.000192827	
12100	12551	2700	32.6271	35	2065	31	7	628	17	60	513	5	0.368327	1.04075e+06	0.000147776	
12100	12550	2700	31.5609	34.9258	2098	28	8	621	4	70	515	5	0.365368	1.01575e+06	0.000165893	
12100	13230	2783	25.338	25	2105	30	7	622	8	89	527	5	1.2664	1.41051e+06	5.42947e-05	
12083	12550	2731	28.1616	34.6528	2127	28	8	600	18	66	507	5	0.381919	886845	0.000264061	
11837	12550	2700	35.3274	29.8511	2066	31	8	635	20	73	518	5	0.68778	1.19355e+06	6.64584e-05	
12100	12608	2716	37	25	2056	30	4	625	35	67	530	4	0.447188	1.38754e+06	8.44238e-05	
11889	13339	2745	37	33.4463	2148	29	9	636	11	80	519	4	1.685	833459	6.83714e-05	
12100	12550	2700	31.4254	26.0643	2090	31	6	641	6	71	504	5	0.365125	1.09178e+06	0.000163159	
12100	12593	2718	37	28.4964	2058	29	7	632	13	75	496	5	0.428312	1.24685e+06	9.09091e-05	
12100	13407	2793	21.8243	25	2092	28	6	622	17	86	529	5	1.48403	1.57914e+06	5.28849e-05	
12100	12550	2700	28.9738	33.2495	2114	31	7	601	20	65	501	6	0.359405	884864	0.00026824	
12100	12550	2700	30.8447	26.7324	2063	28	8	645	3	71	501	5	0.364007	1.05962e+06	0.000176678	
12100	13455	2793	21.8243	25	2092	28	6	626	17	86	529	5	1.55134	1.54793e+06	5.28653e-05	
11962	12609	2735	35.4475	25.1054	2056	28	6	646	20	82	518	5	0.620523	1.44919e+06	6.35647e-05	
12097	12552	2743	29.4743	34.0914	2134	32	7	611	18	62	511	6	0.372847	951883	0.000218388	
11879	13492	2797	31.3673	25.2778	2056	29	7	636	9	89	506	5	1.93787	1.11222e+06	5.78536e-05	
12100	13365	2787	31.8429	25	2131	29	6	636	5	84	518	5	1.47793	1.1869e+06	5.64589e-05	
12100	12551	2701	30.3564	35	2094	31	7	629	20	60	513	5	0.364364	978227	0.000195084	
12100	12550	2702	30.872	34.1904	2050	32	8	605	16	66	478	4	0.364332	999554	0.000181653	
12100	12556	2702	31.319	35	2128	28	7	600	15	70	509	5	0.372808	1.01967e+06	0.00016239	
12096	12554	2713	30.691	35	2092	29	8	602	12	74	515	5	0.375442	1.01043e+06	0.000172473	
12100	13411	2770	21	25	2102	28	6	637	10	85	530	4	1.46462	1.6728e+06	5.28485e-05	
12053	12597	2723	37	32.1719	2071	31	10	633	4	86	529	5	0.492033	1.22675e+06	7.89204e-05	
12100	12550	2701	29.5821	34.466	2103	31	7	603	20	72	508	6	0.361221	934364	0.00022899	
12100	12550	2701	28.9738	31.8584	2114	30	6	603	20	65	514	6	0.359538	895240	0.000266454	
12100	12558	2715	30.21	34.1368	2087	32	8	615	14	66	491	4	0.374837	997369	0.00018498	
11555	13179	2701	36.8471	34.7706	2060	32	9	614	10	65	474	4	1.8392	769404	7.56144e-05	
11865	12714	2754	34.0405	25.9414	2067	30	10	640	0	79	523	5	0.879483	1.23207e+06	6.03865e-05	
12100	12550	2700	30.435	25.712	2078	31	8	636	19	71	519	5	0.363137	1.0492e+06	0.000187582	
12100	13317	2778	23.1584	25	2107	29	6	639	10	83	530	4	1.36687	1.49738e+06	5.34502e-05	
12100	12550	2760	28.741	34.6968	2000	31	9	610	12	60	504	6	0.366678	859312	0.000288684	
11968	12578	2752	35.6955	26.2808	2105	31	10	639	3	75	510	5	0.577003	1.37481e+06	6.74491e-05	
12079	12565	2747	36.7757	29.5283	2056	30	10	632	19	83	483	5	0.422689	1.21501e+06	9.41886e-05	
12100	12550	2700	30.4286	31.0245	2028	30	9	647	24	75	515	5	0.363123	1.01039e+06	0.000191314	
12100	12550	2700	28.8835	29.3968	2115	30	7	605	19	64	523	6	0.359138	899349	0.000271518	
12100	12550	2700	30.8242	30.5437	2160	30	7	618	3	72	516	5	0.363965	1.02306e+06	0.000179727	
12100	12816	2771	32.8447	26.095	2158	28	7	629	17	86	521	6	0.726509	1.44108e+06	5.99053e-05	
12100	12714	2787	37	27.0913	2013	30	8	638	23	70	505	5	0.598709	1.37063e+06	6.65868e-05	
11823	12550	2700	35.8873	28.4797	2146	31	7	622	5	72	510	6	0.704892	1.22135e+06	6.52316e-05	
12100	13372	2757	21.9359	25	2115	28	7	634	16	83	530	5	1.41811	1.58014e+06	5.32056e-05	
11729	12961	2721	36.7191	35	2076	31	8	620	12	74	491	5	1.35678	806968	7.28438e-05	
12100	12550	2700	29.3097	34.2125	2097	30	7	601	17	65	523	6	0.360358	910980	0.000244678	
12083	13317	2778	22.532	25	2119	29	6	645	10	83	530	5	1.38149	1.54346e+06	5.33191e-05	
12100	12553	2739	37	34.5795	2114	32	8	606	21	69	479	5	0.380125	1.11932e+06	0.000111136	
12100	12550	2700	29.3248	29.2311	2098	30	8	629	17	62	507	5	0.3604	942204	0.000239292	
12085	12550	2738	37	29.0723	2124	32	7	623	6	79	512	6	0.394706	1.20122e+06	0.000102291	
12100	12550	2710	35.5582	35	2103	29	8	611	19	71	522	6	0.371463	1.08417e+06	0.000121374	
12100	12550	2723	29.7217	34.4134	2035	32	9	613	20	71	500	5	0.364525	946477	0.000221239	
12100	13195	2787	24.0082	25.0248	2124	29	7	650	3	80	530	5	1.21051	1.52577e+06	5.36769e-05	
12100	12550	2702	32.2538	30.3933	2132	31	6	611	7	67	509	5	0.366781	1.06475e+06	0.000151446	
12100	12550	2700	29.9537	26.0643	2079	30	6	617	5	71	496	5	0.362022	1.01834e+06	0.000205212	
12100	12550	2700	34.1387	32.5104	2055	31	7	647	5	70	523	4	0.368884	1.08161e+06	0.000130839	
12100	12550	2707	33.3719	32.7395	2160	31	7	647	3	71	530	5	0.36899	1.07094e+06	0.000138122	
12100	12550	2700	31.2389	25.2834	2094	28	10	633	19	72	501	5	0.36478	1.08762e+06	0.0001665	
12100	12550	2700	28.8981	27.2706	2097	30	7	614	18	65	530	6	0.359181	918362	0.000267738	
12082	12550	2734	37	35	2071	28	7	618	7	88	505	5	0.397836	1.13379e+06	0.000103842	
11950	13435	2772	30.6143	31.9454	2099	29	7	617	21	79	529	5	1.75179	950844	6.32351e-05	
12100	12550	2700	31.8054	32.3196	2043	29	8	641	21	72	501	5	0.365789	1.04271e+06	0.000159795	
12061	13213	2786	24.0082	25.3585	2124	29	5	650	2	77	530	5	1.28393	1.47212e+06	5.40044e-05	
12100	12550	2700	28.8835	34.2125	2097	30	7	601	19	64	523	6	0.359138	871609	0.000276625	
12062	12550	2700	36.8592	34.8104	2051	30	6	650	23	70	502	5	0.417205	1.1528e+06	9.6609e-05	
11800	13348	2784	37	34.6122	2084	30	9	626	22	90	515	4	1.8312	810341	6.97983e-05	
12100	12965	2800	37	35	2030	30	7	625	8	75	517	6	0.938843	945831	6.93001e-05	
12100	12550	2702	30.4157	30.908	2159	31	6	617	7	67	513	5	0.363363	1.00391e+06	0.000191939	
11975	13345	2800	36.3137	33.7296	2053	29	10	626	16	89	495	4	1.61932	844179	6.78887e-05	
11300	13240	2706	37	35	2100	32	9	624	9	65	493	5	2.2191	758164	7.64935e-05	
12100	13018	2713	36.0349	33.4539	2108	28	9	614	23	66	492	5	0.978998	937809	6.88942e-05	
12089	12550	2703	36.7275	25.6864	2101	31	8	605	18	62	505	6	0.384646	1.24249e+06	0.000104471	
12100	13024	2791	25.5717	25	2112	29	4	627	10	80	520	5	0.989304	1.5739e+06	5.54017e-05	
11836	13357	2768	36.6186	33.51	2136	31	10	639	12	81	530	4	1.78888	831874	6.82967e-05	
12100	13317	2754	22.7278	25	2119	29	6	646	10	83	530	5	1.35058	1.53004e+06	5.35647e-05	
12100	12983	2790	27.5063	25	2116	29	9	621	14	76	528	5	0.94282	1.49022e+06	5.56886e-05	
12082	12550	2700	36.7287	34.4401	2027	31	8	622	24	88	517	5	0.392762	1.12578e+06	0.000105319	
12100	12989	2700	32.5132	25.7863	2128	31	8	637	17	71	516	5	0.932736	1.26114e+06	5.9499e-05	
12097	12550	2733	29.0746	34.4554	2078	29	9	611	14	61	504	5	0.367803	909533	0.000248385	
12100	12550	2700	31.1429	26.6165	2065	31	7	612	17	75	515	5	0.364597	1.07043e+06	0.000169607	
12024	13130	2765	35.4344	32.0516	2096	31	8	644	10	84	527	6	1.24351	930653	6.54151e-05	
12100	12550	2700	32.308	26.9456	2063	29	6	641	14	69	530	5	0.366592	1.1057e+06	0.0001485	
12069	12637	2704	37	25.3126	2051	29	9	632	5	68	495	5	0.520101	1.3918e+06	7.16589e-05	
12100	13425	2793	21.0355	25	2114	28	6	627	17	86	529	5	1.49701	1.66841e+06	5.2626e-05	
12093	13466	2700	24.0853	25	2115	28	7	634	16	83	527	5	1.54653	1.35056e+06	5.4407e-05	
12030	13133	2763	24.5531	25	2142	28	6	630	25	82	524	5	1.20725	1.47506e+06	5.41213e-05	
12100	12550	2705	35.7813	35	2100	31	7	609	22	62	509	5	0.370929	1.0888e+06	0.000120163	
12094	12948	2730	37	32.2557	2125	32	8	609	25	86	481	5	0.900303	990036	6.79856e-05	
11921	13497	2800	32.8003	32.8754	2145	29	7	623	10	90	513	5	1.89704	902475	6.46663e-05	
11467	13387	2717	37	35	2000	31	9	637	10	75	512	5	2.23373	769686	7.43882e-05	
11903	13106	2790	36.4291	34.6822	2101	29	10	616	15	89	500	5	1.37361	841361	6.92233e-05	
12100	13497	2793	21.8243	25	2092	28	6	621	17	86	529	5	1.61044	1.52758e+06	5.28737e-05	
12100	13029	2795	28.9538	25	2075	29	9	621	14	76	530	5	1.01211	1.3905e+06	5.56297e-05	
11296	13399	2701	36.9344	35	2113	32	10	624	9	65	492	5	2.43338	756171	7.65521e-05	
11913	13267	2700	36.3776	34.8835	2054	29	10	618	10	78	511	4	1.53154	806036	7.08667e-05	
12100	12550	2700	29.7485	33.9155	2160	30	7	625	3	72	509	5	0.361514	951088	0.000219732	
11578	12791	2715	34.2791	29.4078	2097	29	9	639	23	78	530	4	1.30853	949061	6.48719e-05	
12100	12550	2702	31.2032	35	2128	28	7	600	15	70	509	5	0.364983	1.0054e+06	0.000173551	
12060	12989	2789	28.4989	25.3202	2058	29	7	624	11	72	530	5	1.00464	1.39509e+06	5.60507e-05	
12061	12550	2708	33.9705	35	2062	31	7	628	19	80	509	5	0.417519	1.11869e+06	0.000107828	
11783	13307	2786	32.6433	28.8421	2155	29	10	639	25	90	519	4	1.79254	980803	6.12632e-05	
11916	12648	2702	33.1192	26.0582	2158	31	8	628	22	79	502	5	0.715992	1.3627e+06	6.18812e-05	
11962	13378	2715	37	35	2000	32	8	632	4	79	530	5	1.63106	798397	7.12454e-05	
12100	13120	2783	23.8248	25	2132	28	5	628	13	67	530	5	1.10457	1.61471e+06	5.43183e-05	
12100	12554	2743	25.354	35	2132	31	7	620	18	68	514	6	1.30632	1.23633e+06	5.60915e-05	
12093	13044	2782	26.0832	25	2138	29	6	622	9	82	530	5	1.0249	1.51907e+06	5.46508e-05	
12100	12550	2700	31.162	28.0402	2064	30	6	617	5	71	503	5	0.364634	1.05812e+06	0.000170126	
12100	12550	2700	32.6302	32.3538	2146	32	8	617	21	65	491	5	0.367065	1.05663e+06	0.000147384	
11756	12550	2714	33.3692	25.6796	2072	31	8	615	15	72	526	6	0.786432	1.29977e+06	6.14666e-05	
12100	12550	2700	32.1307	25.475	2113	28	10	640	19	67	508	5	0.366318	1.11036e+06	0.000150376	
12100	12550	2705	30.0202	35	2102	31	7	609	22	62	509	5	0.362853	956662	0.000209468	
11555	13363	2731	37	35	2005	32	10	624	11	69	473	5	2.10901	762978	7.57633e-05	
12089	12616	2707	37	26.9013	2122	31	6	635	0	72	504	5	0.469386	1.3282e+06	8.03536e-05	
12099	13489	2777	35.9808	32.759	2007	30	8	640	8	90	524	4	1.65138	871118	6.59892e-05	
12100	12550	2700	33.6645	28.457	2063	31	8	644	20	73	511	5	0.368377	1.11402e+06	0.000133174	
12100	13167	2785	24.0082	25	2124	29	5	650	12	77	530	5	1.17122	1.55408e+06	5.38184e-05	
12100	13328	2791	34.8276	25	2098	28	8	647	14	75	524	5	1.43232	1.14232e+06	5.7971e-05	
12100	13423	2793	21.9993	25	2092	28	6	624	17	86	525	5	1.50882	1.54569e+06	5.30279e-05	
12022	12850	2766	32.8447	26.095	2160	28	7	629	17	88	530	6	0.867635	1.34661e+06	5.79643e-05	
12100	12550	2701	28.7344	30.1857	2125	31	7	600	17	70	506	6	0.358819	877915	0.000285959	
11883	13482	2793	32.0394	30.3891	2142	29	7	623	2	89	513	5	1.91725	966388	6.20771e-05	
11994	12550	2725	36.8099	35	2043	29	7	632	1	81	496	5	0.504401	1.19596e+06	7.90264e-05	
12100	12550	2700	35.0446	32.5104	2052	31	8	647	3	70	523	4	0.369705	1.09595e+06	0.000123747	
12100	12559	2720	29.4956	34.2194	2035	29	9	600	9	66	501	5	0.375023	963338	0.000208247	
12100	12550	2711	28.8981	35	2112	31	6	601	17	63	505	6	0.360644	869666	0.000275938	
12100	12550	2700	30.9315	26.5384	2062	30	7	635	20	71	502	5	0.364182	1.06695e+06	0.00017449	
12086	12550	2743	29.0729	35	2118	30	9	614	26	62	474	5	0.382789	952994	0.000215239	
11517	13387	2717	37	35	2032	31	10	637	10	75	518	5	2.17535	771823	7.3779e-05	
12100	12555	2710	35.1148	35	2127	29	8	616	21	71	530	6	0.377489	1.0857e+06	0.000120773	
12100	12550	2700	30.2048	34.9553	2105	31	8	607	17	61	502	6	0.362617	964403	0.000202758	
11961	12719	2781	34.0405	25.9414	2067	30	10	640	0	79	524	5	0.775766	1.33299e+06	6.01178e-05	
12007	13294	2732	29.3917	32.1967	2096	31	5	644	10	84	527	6	1.46131	984343	6.33673e-05	
11996	13090	2798	26.4964	25.0927	2066	30	10	627	10	81	530	4	1.21805	1.33771e+06	5.5273e-05	
11836	13030	2800	36.7277	32.031	2126	28	9	634	11	77	513	4	1.35801	890072	6.65956e-05	
12100	13208	2788	30.7147	25	2098	29	5	609	9	77	530	5	1.25886	1.26205e+06	5.6123e-05	
12008	12604	2703	37	29.197	2103	31	8	610	18	62	505	6	0.55206	1.29027e+06	7.09925e-05	
12019	12616	2785	36.1124	27.9138	2028	30	10	621	15	75	508	4	0.570324	1.33876e+06	6.90369e-05	
12027	12685	2716	36.3633	25	2061	30	4	633	35	71	529	4	0.635197	1.46577e+06	6.31074e-05	
11958	13217	2750	35.7025	35	2005	29	8	627	11	73	519	4	1.43618	829776	6.9891e-05	
12100	12551	2715	33.8485	35	2137	31	7	626	13	68	528	5	0.371902	1.06173e+06	0.000133547	
12100	12550	2702	30.4286	34.3207	2034	30	8	650	27	75	515	5	0.363392	993408	0.000193461	
12100	13317	2778	22.7278	25	2119	29	6	646	10	83	530	5	1.36235	1.53705e+06	5.3322e-05	
11802	13488	2796	31.3673	25.2778	2055	29	7	636	8	89	505	5	2.02688	1.10404e+06	5.82208e-05	
12100	13011	2791	33.2567	25	2051	31	7	628	15	83	502	5	0.995045	1.28032e+06	5.8524e-05	
11950	13413	2716	36.7191	34.9654	2091	31	9	620	13	71	504	5	1.69371	797327	7.15001e-05	
11800	12908	2790	37	34.6122	2063	30	9	630	22	90	520	4	1.23266	850731	6.96961e-05	
12057	12589	2733	37	25	2032	30	8	600	18	72	505	4	0.478618	1.37264e+06	7.80518e-05	
12100	12550	2701	30.9871	34.9258	2098	28	8	621	4	67	515	5	0.364428	1.00148e+06	0.000178508	
12086	12550	2711	36.7287	34.1707	2028	30	8	638	29	88	515	5	0.389461	1.12634e+06	0.000106906	
11955	13267	2718	35.719	34.8835	2059	29	10	616	10	78	516	4	1.4904	820307	6.99496e-05	
12100	12567	2736	36.4287	35	2081	30	10	626	24	73	525	6	0.39741	1.12455e+06	0.000106485	
11917	13412	2772	30.4053	27.0953	2111	29	7	614	21	78	529	5	1.76015	1.08642e+06	5.85754e-05	
11954	12576	2757	34.6621	25.8274	2139	31	10	628	2	82	522	5	0.591903	1.39847e+06	6.63174e-05	
12100	12554	2743	29.13	35	2132	31	7	620	18	61	514	6	0.370735	919610	0.000240964	
12036	12666	2719	36.9988	26.6821	2088	29	10	650	11	64	508	6	0.600725	1.34426e+06	6.61332e-05	
11756	12550	2744	32.1925	25	2115	30	7	620	22	69	526	5	0.793481	1.37742e+06	5.96659e-05	
11837	13203	2700	35.1258	30.0962	2096	32	9	623	28	83	517	4	1.53635	906534	6.57981e-05	
12100	13024	2790	25.5717	25	2108	29	4	627	19	80	520	5	0.98895	1.5727e+06	5.54508e-05	
12100	12550	2700	32.308	27.5198	2063	29	6	630	14	69	530	5	0.366592	1.09744e+06	0.000148876	
12100	12558	2705	28.8981	35	2106	31	6	600	18	63	505	6	0.370002	908621	0.00024432	
11296	13353	2700	37	35	2096	32	9	621	9	78	492	5	2.3704	761406	7.58495e-05	
12100	12564	2700	30.8447	34.8447	2063	31	8	645	4	71	526	5	0.381752	1.02821e+06	0.000160643	
12024	12550	2742	37	25	2010	29	8	641	8	72	506	4	0.47069	1.36015e+06	7.94155e-05	
12100	12550	2700	29.3248	29.2311	2098	30	6	629	17	67	500	5	0.3604	947522	0.000238949	
12099	12554	2727	28.7862	35	2144	31	7	607	15	62	510	6	0.368786	888097	0.000262467	
11481	12606	2700	36.5259	34.6677	2140	31	10	648	13	80	524	5	1.17876	825818	7.25689e-05	
12100	12550	2700	28.8981	34.2125	2097	30	7	601	18	65	523	6	0.359181	873364	0.000275255	
12100	13500	2772	35.8771	33.8792	2093	29	8	630	8	80	504	5	1.66247	851114	6.74582e-05	
11794	12907	2733	37	35	2137	32	8	624	13	69	481	5	1.21339	821796	7.30887e-05	
12100	12550	2700	33.8603	28.457	2063	31	8	635	20	71	511	5	0.368593	1.11739e+06	0.000131337	
11998	12709	2701	36.9649	25.6389	2059	30	7	648	35	74	473	4	0.69795	1.30839e+06	6.40985e-05	
12100	12550	2700	28.8835	28.9862	2092	30	7	611	19	67	523	5	0.359138	903958	0.000270709	
12012	12718	2790	33.506	25	2064	29	9	621	18	81	513	5	0.712554	1.43654e+06	6.03064e-05	
12079	12564	2747	36.7757	29.5553	2056	30	10	632	19	83	483	5	0.421399	1.21393e+06	9.45895e-05	
12100	12600	2787	37	27.0913	2013	29	8	638	23	68	505	5	0.448373	1.2978e+06	8.67679e-05	
12066	12816	2771	34.5736	26.095	2158	28	7	629	18	86	521	6	0.771075	1.38035e+06	5.93648e-05	
12018	13064	2783	23.8248	25	2136	28	6	629	14	76	524	5	1.13121	1.57716e+06	5.4227e-05	
11776	12664	2773	37	33.7296	2055	29	10	626	16	70	495	4	0.93107	920784	7.05667e-05	
12100	13359	2786	33.2741	25	2074	28	7	626	17	86	525	5	1.47118	1.15778e+06	5.70744e-05	
12100	12558	2715	28.8981	35	2106	31	6	601	20	65	520	6	0.37137	912085	0.000243546	
12100	12816	2739	32.8447	26.095	2158	28	7	616	17	86	521	6	0.718119	1.43226e+06	6.03318e-05	
12100	12681	2735	35.8817	26.2688	2131	30	7	623	14	85	515	5	0.544085	1.39317e+06	7.04821e-05	
11942	12550	2700	37	33.7444	2016	31	7	641	29	69	518	5	0.562704	1.17958e+06	7.35673e-05	
12001	12628	2759	36.1756	25.3318	2087	31	8	626	3	71	505	5	0.602967	1.42007e+06	6.52827e-05	
11296	13183	2706	37	35	2100	32	9	632	14	64	493	5	2.14749	758073	7.66225e-05	
12100	12550	2702	29.8875	26.3507	2119	31	6	613	10	73	513	5	0.362129	1.01198e+06	0.000207857	
12100	12906	2709	30.0867	25	2094	31	9	619	9	77	515	5	0.82244	1.42125e+06	5.86682e-05	
12082	12550	2736	37	25.4778	2078	28	7	618	6	88	505	5	0.398127	1.2694e+06	9.92457e-05	
12100	12550	2700	36.8592	34.8104	2062	30	6	650	23	69	530	5	0.370847	1.10683e+06	0.000114338	
11996	13090	2793	29.0337	26.4861	2057	30	10	627	6	82	530	5	1.22569	1.19801e+06	5.74053e-05	
12087	12560	2729	36.9988	34.4586	2054	29	9	622	14	65	520	6	0.40375	1.14188e+06	0.00010142	
12100	12550	2740	34.8683	35	2151	31	8	615	0	69	514	5	0.375034	1.08019e+06	0.000125345	
12100	12550	2700	31.8498	25.3362	2062	31	7	636	13	71	513	6	0.365864	1.11132e+06	0.000154895	
12100	12550	2700	30.4286	34.3207	2028	31	8	647	27	75	515	5	0.363123	991915	0.000193648	
12053	12671	2738	36.9964	25.1054	2106	28	6	638	20	82	518	5	0.590438	1.45338e+06	6.4792e-05	
12100	12685	2716	37	25	2061	30	4	633	35	71	529	4	0.546062	1.4802e+06	6.85401e-05	
12100	12550	2700	30.9315	27.6273	2052	30	7	629	20	84	503	5	0.364182	1.05762e+06	0.000174978	
12100	12568	2718	37	28.4964	2058	29	7	632	13	83	496	5	0.396354	1.20917e+06	0.000101	
11960	12727	2790	30.3712	25	2034	29	8	621	19	81	513	5	0.78416	1.46212e+06	5.8872e-05	
12100	12550	2718	36.9585	26.3406	2126	29	8	614	19	67	522	6	0.373365	1.20692e+06	0.000109469	
12100	12550	2702	29.7485	29.3729	2158	31	7	630	20	69	509	5	0.361782	979044	0.000216263	
11937	13425	2793	31.0203	32.1967	2092	31	8	645	10	84	528	6	1.76812	935006	6.36618e-05	
12039	12550	2706	36.7287	34.1707	2045	29	10	615	25	62	489	5	0.446119	1.17459e+06	8.90076e-05	
11998	12709	2701	36.0993	25.6389	2059	30	7	648	35	74	473	4	0.697498	1.32471e+06	6.37389e-05	
12099	12550	2704	36.7677	34.0914	2131	32	7	607	19	68	510	6	0.372577	1.10965e+06	0.000113792	
11883	13482	2800	32.0394	30.3891	2133	29	7	623	11	89	513	5	1.92205	967400	6.20424e-05	
12100	12589	2707	33.5256	35	2092	30	8	602	17	77	512	6	0.418781	1.11136e+06	0.000110339	
12100	12558	2708	29.7322	35	2084	31	6	600	18	63	512	6	0.372712	967320	0.000202102	
12049	12552	2700	36.7287	25.6808	2023	31	9	647	15	88	512	5	0.435502	1.29583e+06	8.74279e-05	
12100	13264	2791	22.3576	25	2098	28	7	640	15	75	524	5	1.29093	1.61971e+06	5.34874e-05	
12094	12550	2743	29.2559	35	2103	32	9	602	18	60	493	6	0.373392	932486	0.000228258	
12100	12589	2704	27.7509	35	2098	31	8	602	18	75	509	6	0.405442	939859	0.000220848	
12100	12550	2716	29.7962	35	2110	31	8	608	17	68	494	5	0.363777	946501	0.000218531	
12100	12550	2700	31.8054	25.475	2113	28	10	641	19	67	508	5	0.365789	1.10171e+06	0.00015569	
12100	12550	2700	32.4211	35	2062	31	7	636	19	71	499	6	0.366762	1.03664e+06	0.000151607	
12100	12550	2700	32.4607	32.5498	2146	32	8	617	21	65	491	5	0.36682	1.05155e+06	0.000149858	
11503	13227	2702	36.5617	35	2085	32	9	641	7	69	513	4	1.96434	773885	7.41015e-05	
12041	12584	2758	36.5967	30.5637	2019	30	6	643	8	72	505	5	0.496196	1.27262e+06	7.85855e-05	
12087	12550	2720	29.4956	34.8027	2054	29	9	600	6	66	501	5	0.379526	972212	0.000199442	
12100	12550	2700	30.754	32.3397	2086	30	8	623	18	72	526	4	0.36382	1.00973e+06	0.000182782	
12100	13194	2793	25.6197	25	2060	29	7	621	18	78	527	5	1.22299	1.41251e+06	5.45167e-05	
12100	13317	2778	27.7654	25	2107	29	7	640	10	83	530	5	1.39591	1.27683e+06	5.48216e-05	
12100	12589	2700	28.4151	35	2098	31	7	606	18	73	522	6	0.407156	988590	0.000188466	
12099	12867	2782	31.7656	25.0617	2108	30	7	621	18	75	515	5	0.797076	1.45072e+06	5.8418e-05	
12100	12550	2700	34.937	32.7395	2122	31	7	647	3	71	523	4	0.369617	1.09226e+06	0.000124595	
12100	13015	2724	32.6911	29.5929	2072	31	10	637	13	78	530	4	0.975708	1.09781e+06	6.23791e-05	
12062	13120	2781	23.8248	25	2131	28	8	630	22	79	524	5	1.15152	1.56232e+06	5.4057e-05	
12100	12550	2716	29.3341	34.2501	2117	30	7	612	8	68	521	6	0.362561	918501	0.000242014	
11958	13469	2741	37	35	2005	29	9	628	6	78	519	4	1.77676	799672	7.04871e-05	
12100	12550	2700	30.9315	28.4974	2077	30	8	628	20	71	503	5	0.364182	1.04527e+06	0.000175809	
12096	12598	2740	37	27.4269	2056	29	7	633	9	83	488	5	0.443189	1.28271e+06	8.70853e-05	
12100	12550	2701	28.9738	31.8584	2114	30	7	603	20	65	501	6	0.359538	894121	0.000266667	
12100	12550	2700	28.9738	34.6034	2098	30	8	610	12	60	501	4	0.359405	876904	0.000269833	
12100	12550	2700	30.8447	35	2063	31	8	645	4	71	504	5	0.364007	1.0003e+06	0.000182183	
12100	12946	2733	37	25.324	2078	32	9	624	14	62	490	5	0.891228	1.19134e+06	6.32631e-05	
12100	12550	2700	35.8873	28.4797	2146	31	7	622	5	74	510	6	0.370312	1.15531e+06	0.000116442	
12100	12550	2700	33.2309	25.9446	2045	31	7	641	14	84	513	4	0.367863	1.13773e+06	0.000136258	
12100	12550	2700	34.8796	26.4855	2157	31	7	637	17	76	527	5	0.369569	1.16185e+06	0.000121907	
12010	12550	2725	25.4966	35	2091	30	9	610	20	63	472	5	0.458591	900535	0.000249439	
12056	13120	2781	23.8248	25	2142	28	7	630	27	79	524	5	1.15905	1.56309e+06	5.39782e-05	
11526	12606	2702	35.6239	34.3128	2143	31	10	645	6	76	511	5	1.12678	848635	7.17978e-05	
12086	12550	2743	29.0729	34.8137	2118	30	9	614	26	64	471	5	0.382789	954863	0.000215054	
12082	12550	2701	35.1872	35	2071	28	7	618	7	88	506	5	0.39194	1.10376e+06	0.0001126	
12036	12560	2719	36.9988	35	2088	29	10	619	11	64	504	6	0.464823	1.17741e+06	8.51064e-05	
12099	12554	2727	29.4743	35	2134	31	7	607	15	61	511	6	0.370764	944249	0.000219829	
12039	13063	2797	25.5717	25	2086	29	4	627	10	80	530	5	1.12164	1.49518e+06	5.43301e-05	
12100	12550	2700	29.1522	34.7016	2052	30	9	636	11	66	504	6	0.359919	900908	0.000255428	
12100	12550	2700	29.9264	25.9829	2079	30	6	638	8	69	503	5	0.361956	1.02125e+06	0.000206058	
12100	12550	2730	37	25	2139	29	8	604	35	63	493	4	0.375033	1.23895e+06	0.000108401	
12100	12550	2700	30.9599	26.3164	2068	28	7	645	12	75	524	5	0.364239	1.07407e+06	0.00017331	
12100	12550	2700	29.3241	26.0838	2066	31	7	636	17	70	530	5	0.360398	975839	0.000235682	
12052	12784	2704	36.5761	31.5171	2073	31	10	637	24	86	520	5	0.729508	1.12437e+06	6.66889e-05	
11995	12665	2735	35.4475	25.1054	2056	28	6	646	20	82	526	5	0.652447	1.44454e+06	6.20424e-05	
12053	12577	2723	37	32.1719	2071	31	10	633	4	67	529	5	0.466406	1.21251e+06	8.34655e-05	
11904	12635	2716	36.8377	35	2005	32	9	642	11	72	510	5	0.720666	1.01108e+06	7.24375e-05	
12100	12927	2790	29.1949	25	2065	28	9	621	11	75	518	5	0.872944	1.46452e+06	5.68117e-05	
12100	12554	2713	28.9577	34.4272	2111	31	7	610	14	68	518	5	0.36618	903282	0.000253036	
12100	12550	2700	29.4766	34.2125	2124	31	7	603	18	72	509	6	0.36081	926528	0.000234467	
11308	12568	2700	37	35	2091	31	9	624	9	65	492	5	1.32977	779292	7.63359e-05	
11296	13190	2704	37	35	2113	32	9	636	10	66	518	5	2.15524	763920	7.56144e-05	
12100	13317	2778	27.7654	25	2107	29	7	641	10	79	530	5	1.39591	1.27557e+06	5.49119e-05	
12054	12550	2716	33.3799	35	2057	31	7	625	20	77	516	5	0.426657	1.12244e+06	0.000107434	
12018	13120	2785	23.8248	25	2142	28	9	628	14	76	528	5	1.20836	1.52351e+06	5.383e-05	
12097	12550	2733	29.0746	34.4554	2078	32	9	611	14	61	493	5	0.367803	907208	0.000249066	
12009	13443	2742	36.3086	35	2076	28	9	630	15	72	510	5	1.67852	812773	6.98861e-05	
12099	12550	2704	30.2541	34.0914	2123	32	7	607	19	68	511	6	0.364491	977810	0.000197628	
12100	13037	2770	33.2567	25.0735	2056	31	7	635	12	83	502	5	1.02262	1.25362e+06	5.87579e-05	
11879	13500	2797	33.1516	26.7534	2064	30	7	636	7	89	505	5	1.952	1.03806e+06	6.00528e-05	
11885	13038	2784	37	33.7296	2099	30	10	626	18	90	495	4	1.30072	854793	6.88563e-05	
12099	12626	2720	36.9214	33.787	2103	29	8	616	19	71	512	6	0.472135	1.19978e+06	8.35911e-05	
12100	12550	2700	29.2277	26.0598	2078	30	6	642	6	71	522	5	0.360131	973328	0.000241488	
12005	13209	2800	32.6701	29.719	2154	29	7	622	5	86	513	5	1.38907	1.02034e+06	6.11733e-05	
12100	12550	2703	30.9404	34.9258	2098	28	8	621	4	70	515	5	0.364605	1.00101e+06	0.000179533	
12062	13435	2782	22.8438	25.0097	2138	29	5	622	16	81	530	5	1.5775	1.45171e+06	5.33703e-05	
12083	12979	2786	28.6541	25	2060	29	9	615	14	77	515	5	0.961612	1.41592e+06	5.63126e-05	
12100	12550	2726	29.3341	34.9508	2117	31	7	605	13	66	517	6	0.363896	914711	0.000242542	
11296	13240	2706	37	35	2100	32	9	624	9	65	492	5	2.22368	757766	7.6558e-05	
11952	12948	2786	36.1756	25.3318	2077	31	8	626	4	86	510	5	1.09623	1.1508e+06	6.05437e-05	
12028	12560	2719	36.9988	35	2082	29	9	619	26	71	504	6	0.474612	1.18296e+06	8.32639e-05	
11671	13375	2709	36.9715	35	2082	30	8	646	13	73	507	5	1.97177	782276	7.27431e-05	
12100	12601	2729	37	28.4964	2067	29	7	632	16	83	496	5	0.440327	1.2567e+06	8.80592e-05	
12081	12679	2780	21.8581	25	2092	29	9	619	5	83	530	5	0.557344	1.28428e+06	7.06964e-05	
12100	12589	2707	27.7509	35	2098	30	8	604	19	77	509	6	0.405892	940957	0.000220556	
12100	12550	2700	30.3975	26.3164	2063	31	7	641	12	73	524	5	0.363054	1.04507e+06	0.000189072	
12099	12596	2733	36.7757	29.5553	2056	31	10	632	19	83	483	6	0.435668	1.2281e+06	9.04977e-05	
12100	12550	2700	30.3491	32.1306	2094	28	8	633	19	75	502	5	0.362946	997975	0.000194704	
12100	12550	2700	34.0666	32.5104	2052	31	7	643	3	70	523	4	0.36881	1.0802e+06	0.000131492	
12098	12859	2732	35.5008	31.2711	2076	31	10	603	24	85	516	5	0.777857	1.12381e+06	6.56211e-05	
12100	13411	2750	25.8465	25.2085	2129	29	6	644	13	71	530	4	1.50221	1.29309e+06	5.48095e-05	
12100	12550	2700	30.8447	26.13	2063	28	8	634	3	72	501	5	0.364007	1.06381e+06	0.000176336	
12100	12919	2700	31.9591	25.7524	2094	28	10	633	15	72	501	5	0.840354	1.32195e+06	5.93577e-05	
11906	12551	2700	35.8873	28.4797	2066	31	7	627	5	60	510	6	0.606719	1.2884e+06	6.79071e-05	
12100	13059	2778	29.2355	25	2060	29	9	632	14	71	522	5	1.04742	1.34156e+06	5.62936e-05	
12100	12550	2700	31.2389	26.1346	2094	28	10	627	19	72	501	5	0.36478	1.07637e+06	0.000167084	
11895	13395	2716	36.7191	35	2076	30	9	620	8	71	504	5	1.73582	794541	7.16538e-05	
12007	13292	2732	29.3917	32.0518	2096	31	5	644	10	80	527	6	1.45859	987013	6.33633e-05	
12100	13435	2786	21	25	2092	28	6	622	17	86	530	5	1.50663	1.66233e+06	5.27621e-05	
12100	12550	2700	32.8484	33.3672	2122	31	7	647	3	71	523	4	0.367367	1.05444e+06	0.000144718	
11467	13387	2717	37	35	2000	31	9	637	10	75	518	5	2.23373	770497	7.4228e-05	
12023	13120	2781	23.8248	25	2142	28	6	630	27	76	524	5	1.20037	1.53634e+06	5.39287e-05	
12093	12601	2748	37	28.853	2145	29	9	624	16	78	502	5	0.452095	1.25549e+06	8.56898e-05	
11884	13500	2779	34.449	34.9371	2045	29	8	635	6	85	530	6	1.93473	832531	6.82734e-05	
12086	13044	2782	28.2288	25	2138	29	6	622	9	82	530	5	1.043	1.41789e+06	5.49602e-05	
12055	12550	2734	37	35	2071	28	6	618	7	88	505	5	0.431154	1.16559e+06	9.31359e-05	
12018	13120	2786	36.3154	25.8038	2142	28	9	629	14	74	530	5	1.24738	1.10489e+06	5.973e-05	
12100	12564	2700	30.845	34.6014	2127	31	8	645	2	71	524	5	0.381752	1.02884e+06	0.000160436	
12085	12554	2719	28.7862	35	2134	30	7	612	7	77	503	6	0.384919	951935	0.000215936	
12100	12800	2712	34.6846	34.8761	2140	29	8	613	20	71	523	5	0.692311	1.12593e+06	6.93049e-05	
12100	12550	2716	36.5562	35	2050	30	10	624	23	60	494	4	0.372895	1.09975e+06	0.000115647	
12062	12989	2792	27.5063	25	2076	29	7	621	13	77	530	5	0.999565	1.45561e+06	5.53434e-05	
12100	12550	2710	34.7927	35	2140	29	8	611	19	71	522	6	0.370864	1.07303e+06	0.000126614	
12100	12584	2700	28.8981	35	2125	31	9	605	12	65	505	6	0.40231	997521	0.000180701	
11636	12927	2714	36.5617	34.7706	2015	32	9	618	14	64	482	5	1.41884	790533	7.49963e-05	
11296	13399	2708	36.8719	35	2083	29	10	630	18	65	492	5	2.43966	760874	7.58898e-05	
12100	13388	2770	21.8243	25	2101	28	6	626	13	84	529	5	1.44545	1.58644e+06	5.30898e-05	
12083	12906	2750	28.4691	25	2060	29	9	621	14	77	515	5	0.851455	1.47108e+06	5.77567e-05	
12075	12653	2708	36.9802	35	2122	32	9	630	11	64	489	5	0.534008	1.17295e+06	7.69882e-05	
12056	13115	2773	26.4369	25	2141	28	7	630	27	77	520	5	1.166	1.40334e+06	5.47345e-05	
12036	12561	2719	36.9988	35	2088	29	10	612	11	65	508	6	0.4661	1.17878e+06	8.4832e-05	
12094	12693	2759	37	25.0195	2094	31	9	624	18	82	530	5	0.572667	1.42991e+06	6.6357e-05	
12041	12604	2714	36.5967	30.5637	2019	30	9	624	11	72	504	5	0.513836	1.25954e+06	7.56487e-05	
11843	12550	2700	33.6645	28.457	2066	31	8	635	20	73	518	5	0.679058	1.27424e+06	6.5028e-05	
12100	12550	2704	36.5802	34.8536	2101	31	7	600	18	73	503	5	0.37126	1.0988e+06	0.000115701	
12100	12550	2700	29.4766	28.3008	2098	30	8	626	18	62	524	6	0.36081	962181	0.000229516	
12100	12550	2706	37	33.2309	2112	32	8	606	22	67	479	6	0.371736	1.1207e+06	0.000112892	
11862	13238	2724	36.036	33.5648	2088	31	9	635	4	83	530	5	1.56759	838865	6.86483e-05	
12100	12550	2700	31.2389	26.1346	2094	28	10	633	19	72	501	5	0.36478	1.07814e+06	0.000167056	
11982	12663	2759	36.1756	26.3523	2057	31	8	635	3	87	498	5	0.672127	1.34735e+06	6.32751e-05	
11836	13339	2754	36.7277	31.9102	2126	28	10	639	11	81	524	4	1.75515	860710	6.66533e-05	
12007	13294	2729	32.7594	32.1967	2096	31	5	644	10	78	527	6	1.46644	931524	6.49308e-05	
11521	12560	2702	35.6239	33.0908	2143	31	10	643	6	76	512	5	1.07413	880523	7.05219e-05	
12100	12590	2700	35.8873	28.4797	2153	31	7	622	-0	74	510	6	0.421064	1.22583e+06	9.57396e-05	
12100	13208	2788	24.2884	25	2098	29	6	636	9	77	530	5	1.23108	1.49415e+06	5.38619e-05	
12100	12550	2715	29.1536	33.1236	2138	32	8	613	20	65	491	5	0.361922	905509	0.000253807	
12100	13391	2786	24.0082	25.1093	2114	29	5	650	0	87	530	5	1.48144	1.40535e+06	5.35074e-05	
12100	12550	2700	29.9537	26.0643	2079	30	6	614	5	71	521	5	0.362022	1.01878e+06	0.000205086	
11916	12609	2707	33.1192	29.3544	2158	31	8	628	25	79	502	5	0.667475	1.28731e+06	6.55652e-05	
11503	13428	2717	37	35	2000	31	9	637	8	75	514	5	2.24756	770555	7.41015e-05	
12100	12584	2700	28.8981	35	2123	31	9	601	13	63	505	6	0.40231	996536	0.000180832	
12096	13120	2781	23.8248	25	2131	28	8	630	22	79	524	5	1.10881	1.5912e+06	5.43213e-05	
11445	13139	2722	36.9215	35	2000	32	10	642	7	69	513	4	1.92875	767095	7.50976e-05	
12100	13170	2783	24.0082	25.0248	2129	28	6	644	5	80	530	5	1.17449	1.55341e+06	5.35647e-05	
12095	12906	2786	28.4691	25	2065	28	9	615	14	77	515	5	0.847486	1.49786e+06	5.74383e-05	
11776	13379	2784	37	34.6122	2062	30	10	626	22	90	515	4	1.90377	804939	7.00722e-05	
12100	13296	2787	22.4416	25	2127	30	5	626	15	86	530	5	1.33436	1.58799e+06	5.33419e-05	
12100	12550	2705	30.0202	34.2494	2098	31	7	609	22	62	509	5	0.362853	960191	0.000208899	
12100	12550	2702	29.8875	30.8002	2159	31	6	615	10	71	513	5	0.362129	977099	0.000211238	
12008	12604	2703	36.7275	29.197	2103	31	8	610	18	62	505	6	0.551933	1.29387e+06	7.10934e-05	
12063	12646	2736	36.7126	26.9924	2049	31	10	628	16	79	522	6	0.545165	1.35217e+06	7.01213e-05	
12100	12585	2737	37	28.3476	2114	32	9	606	21	67	526	5	0.421001	1.23746e+06	9.33445e-05	
12100	12927	2790	29.1949	25	2065	28	9	621	11	75	516	5	0.872944	1.46327e+06	5.68569e-05	
11791	13321	2793	37	34.6515	2113	30	7	629	24	80	530	5	1.81061	818259	6.96185e-05	
12057	12883	2722	33.419	25.6915	2050	31	10	637	10	68	518	4	0.854879	1.2634e+06	6.04668e-05	
12085	12554	2719	28.7862	35	2134	30	7	612	7	62	503	5	0.384919	947402	0.000216638	
12085	12882	2701	36.9613	25	2122	30	7	632	35	73	473	4	0.815643	1.27259e+06	6.24727e-05	
12100	12550	2701	30.1591	28.2749	2050	28	8	600	4	73	505	5	0.362645	1.00579e+06	0.000199045	
12100	12965	2744	37	26.7969	2030	30	9	624	8	75	517	6	0.920066	1.14754e+06	6.23752e-05	
12049	12550	2703	37	32.6349	2086	31	8	600	16	62	515	6	0.433576	1.18886e+06	9.05469e-05	
12100	12550	2702	31.6128	26.0582	2138	31	6	642	8	74	512	5	0.36573	1.09744e+06	0.000159312	
11961	12710	2701	33.0938	25	2080	29	9	621	2	77	512	4	0.740801	1.38276e+06	6.02991e-05	
12100	12550	2700	32.9164	26.1805	2160	31	7	619	3	71	521	5	0.367458	1.12265e+06	0.000140076	
12082	12550	2713	37	25.681	2093	31	7	617	5	88	505	5	0.39478	1.2617e+06	9.97805e-05	
12077	12550	2702	31.2032	35	2128	28	7	600	15	70	509	5	0.393079	1.04534e+06	0.000144363	
11961	12719	2737	34.0405	25.9414	2067	31	10	640	0	79	523	5	0.763492	1.3164e+06	6.09013e-05	
12100	12615	2740	37	34.5795	2114	32	8	606	21	69	479	4	0.460183	1.18724e+06	8.68131e-05	
12083	13033	2750	28.1007	25	2086	29	9	637	14	78	515	5	1.01954	1.38723e+06	5.61262e-05	
12054	12550	2707	36.7287	26.7495	2023	31	9	647	14	88	512	5	0.42799	1.26572e+06	9.01226e-05	
12028	12550	2723	37	32.1719	2110	31	10	635	4	86	518	5	0.46253	1.20812e+06	8.3956e-05	
11296	13399	2711	37	35	2113	32	10	631	9	65	492	5	2.44242	757167	7.64526e-05	
12018	13383	2735	36.7381	35	2138	30	8	615	18	84	499	6	1.58112	816508	7.00525e-05	
12100	12550	2700	33.6645	27.147	2076	29	6	640	11	74	511	5	0.368377	1.13357e+06	0.00013245	
12048	12550	2716	33.3799	35	2082	31	8	625	20	77	523	5	0.434002	1.1285e+06	0.000104515	
11917	12785	2794	37	32.5151	2111	30	8	628	20	86	517	4	0.924398	991204	6.68583e-05	
12100	12948	2730	37	32.2557	2114	32	9	609	22	85	481	5	0.892893	988250	6.81199e-05	
12100	12550	2700	26.3137	33.2495	2110	31	6	601	20	75	501	6	0.3697	1.17571e+06	0.000120482	
12100	13466	2781	21.9359	25	2115	28	7	634	16	83	530	5	1.5616	1.52895e+06	5.29437e-05	
12044	13291	2710	37	35	2000	32	9	646	8	73	474	4	1.41077	800229	7.30034e-05	
12092	13442	2767	37	33.451	2007	30	8	619	11	90	524	4	1.58928	847721	6.76133e-05	
12100	12550	2700	30.1581	26.0643	2078	30	6	642	6	71	522	5	0.362509	1.03648e+06	0.000196928	
12100	13167	2786	26.6258	25	2070	29	5	650	13	77	530	5	1.18818	1.39672e+06	5.46329e-05	
11907	12715	2717	36.5617	35	2000	31	8	643	3	69	514	5	0.820161	952712	7.18804e-05	
11986	12550	2700	35.8873	28.4797	2146	31	7	622	5	74	510	6	0.508948	1.30865e+06	7.53409e-05	
12100	13303	2773	36.1899	32.7436	2126	30	9	623	21	79	508	5	1.38957	886309	6.65159e-05	
11990	13387	2703	37	35	2000	31	7	646	9	75	514	5	1.60213	801224	7.14235e-05	
11939	12585	2730	36.0583	33.7439	2114	32	9	606	27	67	479	4	0.617008	1.14554e+06	7.23327e-05	
11939	12601	2741	37	29.7573	2099	31	9	631	24	86	526	5	0.64064	1.24045e+06	6.63658e-05	
11908	12591	2706	35.5655	28.1652	2054	31	8	645	19	68	505	6	0.656309	1.26686e+06	6.60371e-05	
12081	13071	2740	32.6903	35	2151	30	8	623	14	70	505	6	1.0798	936012	6.82082e-05	
12004	12601	2727	37	29.4337	2097	31	9	631	24	86	526	5	0.558005	1.29231e+06	6.98275e-05	
12100	12550	2700	29.3248	26.9751	2098	30	6	617	17	67	500	5	0.3604	962300	0.000237135	
11907	12603	2762	35.6955	25	2139	31	10	650	0	80	522	5	0.686822	1.38589e+06	6.14515e-05	
11961	12710	2700	33.0938	25.4993	2076	31	9	621	4	77	512	4	0.740527	1.35486e+06	6.11621e-05	
12100	12550	2700	29.621	34.7016	2052	30	7	631	11	62	504	6	0.361188	934998	0.000227531	
12006	13185	2772	25.7928	25	2095	29	5	642	15	76	524	5	1.31994	1.35415e+06	5.49058e-05	
12085	13435	2741	36.7677	32.5094	2079	31	8	616	6	80	518	4	1.57327	862184	6.71998e-05	
11713	13436	2716	37	35	2076	29	9	643	9	72	491	5	2.01003	780457	7.28491e-05	
12100	12957	2800	29.2174	25	2086	29	7	621	12	76	529	5	0.91678	1.45689e+06	5.6013e-05	
12011	13435	2772	30.6143	27.0953	2099	29	7	614	21	79	529	5	1.67603	1.09394e+06	5.83397e-05	
11823	12550	2700	34.8756	25.893	2046	31	7	642	14	84	520	4	0.704145	1.32981e+06	6.25626e-05	
12100	13455	2793	22.4416	25.0994	2113	28	6	626	21	86	529	5	1.55929	1.48965e+06	5.30026e-05	
12100	12550	2700	29.2158	26.0179	2079	30	6	600	8	69	503	6	0.360098	961586	0.000243368	
11555	13179	2706	36.8471	34.7706	2060	32	9	614	10	65	474	4	1.84261	770244	7.55458e-05	
12100	12574	2700	36.7275	33.1507	2075	31	8	600	15	64	505	6	0.401216	1.15226e+06	0.000101854	
11975	13345	2705	36.462	33.6904	2053	29	10	631	16	89	495	4	1.56446	827725	6.91324e-05	
12100	12559	2700	31.1612	34.9498	2110	31	8	611	18	61	499	6	0.376037	1.02143e+06	0.00016176	
11917	13203	2712	35.1258	30.0962	2090	32	8	633	28	83	524	4	1.4468	924660	6.50322e-05	
11401	12581	2702	37	34.6677	2140	32	10	648	16	80	524	5	1.24055	808864	7.35889e-05	
12100	12550	2700	28.8981	35	2112	31	6	601	18	64	505	6	0.359181	868540	0.000276396	
11907	12550	2740	35.5939	35	2097	30	7	621	16	77	488	6	0.613003	1.15172e+06	7.24218e-05	
12098	12867	2790	32.1734	25.0617	2034	30	7	621	18	75	512	5	0.801316	1.42585e+06	5.87648e-05	
11783	13284	2738	36.5567	28.8421	2107	29	10	642	23	90	519	4	1.73402	921920	6.42756e-05	
12100	12550	2700	31.5367	30.5375	2080	31	9	628	10	65	501	5	0.365325	1.04409e+06	0.000163988	
12100	12664	2729	37	28.4964	2073	29	7	632	16	90	503	5	0.521521	1.32083e+06	7.31904e-05	
12100	12982	2800	28.132	25	2048	28	8	628	14	77	529	5	0.947218	1.47251e+06	5.5571e-05	
12100	13425	2793	21.0355	25	2092	28	6	627	17	86	529	5	1.49701	1.66523e+06	5.27232e-05	
12020	13264	2784	37	33.7296	2063	30	10	626	20	90	495	4	1.44205	845799	6.83387e-05	
12033	12550	2729	37	25.4778	2078	28	7	618	6	88	505	5	0.45741	1.34191e+06	8.2021e-05	
12093	13466	2781	24.0853	25	2115	28	7	634	16	83	530	5	1.59293	1.37189e+06	5.34874e-05	
12079	13257	2785	24.0082	25	2124	29	5	624	5	77	525	5	1.32146	1.46912e+06	5.38503e-05	
12083	12906	2786	28.4691	25	2106	29	9	618	14	77	515	5	0.862602	1.48835e+06	5.71723e-05	
12083	12843	2786	34.1329	25	2056	29	9	615	14	77	513	5	0.789502	1.38487e+06	5.90982e-05	
12072	13208	2788	31.0068	25.1519	2085	31	7	609	18	77	524	5	1.29476	1.20322e+06	5.72705e-05	
12048	12560	2719	36.9988	35	2071	29	8	619	10	64	500	6	0.450129	1.17272e+06	8.82145e-05	
12100	12550	2700	28.9738	34.6034	2098	30	8	610	12	70	501	4	0.359405	881864	0.000268889	
12100	13500	2772	31.029	33.8792	2093	29	7	630	7	80	504	5	1.65638	909493	6.53381e-05	
11917	12905	2794	37	32.5151	2111	30	8	628	21	86	514	4	1.0854	933017	6.69165e-05	
12006	13448	2700	36.7388	34.1707	2045	30	9	638	25	65	518	5	1.66346	810671	7.05467e-05	
11748	12966	2743	34.7927	35	2140	29	6	611	7	69	521	4	1.35021	845352	7.00771e-05	
12100	13435	2793	21	25	2092	28	6	622	17	86	529	5	1.51042	1.66409e+06	5.27204e-05	
12100	12550	2743	29.0729	34.6784	2118	32	9	605	26	64	482	5	0.365421	893776	0.000260417	
12006	12657	2705	37	29.4054	2067	32	7	630	30	83	494	6	0.622592	1.25084e+06	6.76911e-05	
11961	12653	2737	37	25.7052	2072	31	10	640	4	81	526	5	0.679978	1.32947e+06	6.27353e-05	
12100	12550	2700	29.1522	34.7016	2052	30	9	631	11	62	504	6	0.359919	897069	0.000255885	
11930	13483	2800	32.0394	30.3891	2138	29	7	623	1	89	513	5	1.86486	972161	6.18123e-05	
12060	12979	2774	28.6541	25	2127	29	9	615	14	77	515	5	0.986274	1.40181e+06	5.60632e-05	
12100	12551	2700	28.9738	34.7048	2098	30	8	603	8	65	501	6	0.360671	882844	0.000265322	
12093	12617	2748	37	30.188	2159	30	9	624	16	76	496	5	0.472821	1.25294e+06	8.19605e-05	
11526	12606	2702	35.6239	34.3128	2143	31	10	645	3	76	504	5	1.12678	847122	7.19891e-05	
12100	12585	2706	37	33.2309	2112	32	8	606	21	67	479	6	0.416233	1.17026e+06	9.63948e-05	
12100	13128	2794	27.5063	25.2455	2053	29	9	619	19	80	518	5	1.1419	1.34873e+06	5.56174e-05	
12100	13210	2783	25.338	25.6972	2105	30	10	624	6	89	527	5	1.23889	1.37556e+06	5.49571e-05	
12100	13051	2790	29.1949	25	2065	28	9	621	11	72	518	5	1.04094	1.35678e+06	5.59848e-05	
12017	13244	2705	36.5617	35	2058	32	9	640	7	68	515	5	1.37776	812484	7.15512e-05	
11961	12873	2733	31.0185	29.0122	2061	31	10	621	8	79	510	6	0.959232	1.14603e+06	6.22587e-05	
11928	12801	2769	30.7025	25	2123	30	10	628	15	83	509	4	0.916351	1.34109e+06	5.76568e-05	
12100	12671	2777	36.9269	29.1438	2066	31	10	639	23	83	511	4	0.539866	1.3066e+06	7.20461e-05	
12100	12550	2700	28.8981	27.2706	2097	31	7	614	6	65	530	6	0.359181	916816	0.000267881	
11961	12817	2724	34.549	32.5738	2067	31	9	635	17	79	530	4	0.887788	1.02214e+06	6.66889e-05	
12075	13201	2785	34.8276	25	2098	28	8	647	14	79	524	5	1.28533	1.16247e+06	5.80215e-05	
12011	12964	2774	30.6143	25	2115	29	7	622	21	79	529	5	1.03251	1.32883e+06	5.64653e-05	
12100	12550	2700	29.7485	27.1168	2158	31	7	618	22	72	509	5	0.361514	995058	0.000214546	
11787	13314	2758	34.389	28.8421	2080	29	10	629	25	87	519	4	1.78136	946690	6.29525e-05	
12100	12550	2702	32.9294	33.7488	2152	31	6	637	7	72	509	5	0.367747	1.05381e+06	0.000143947	
11917	13203	2716	35.1258	30.0962	2090	32	8	633	25	83	524	4	1.44894	925596	6.49688e-05	
12100	13328	2786	31.0291	25	2098	29	8	647	14	67	512	5	1.42444	1.18507e+06	5.70939e-05	
11944	13435	2741	36.1175	28.5385	2056	30	8	649	8	87	518	4	1.74658	947965	6.32511e-05	
12083	12745	2765	33.506	27.6857	2110	29	8	621	23	87	507	5	0.653248	1.37678e+06	6.42839e-05	
12085	12550	2707	28.7862	35	2134	30	7	606	7	72	507	6	0.378139	930890	0.000227894	
12039	13063	2795	25.8856	25	2086	29	4	627	10	80	530	5	1.12264	1.47779e+06	5.44188e-05	
12094	12550	2735	28.8555	34.695	2097	30	9	601	18	61	485	4	0.371133	899690	0.000253421	
11988	12666	2745	37	35	2066	29	10	619	26	65	504	6	0.665663	1.0809e+06	7.17103e-05	
12100	12906	2749	28.4691	25	2085	29	9	621	16	75	525	4	0.830012	1.4867e+06	5.7924e-05	
11980	13500	2713	24.8702	25	2125	29	9	617	10	80	530	5	1.74417	1.272e+06	5.50964e-05	
12019	13120	2770	23.8248	25	2148	28	6	629	14	76	524	5	1.2006	1.53207e+06	5.39753e-05	
12015	13500	2776	24.7301	25	2107	29	6	640	23	82	530	5	1.74011	1.3031e+06	5.42182e-05	
12086	12550	2700	36.7287	34.1707	2028	30	8	647	29	88	515	5	0.387881	1.12458e+06	0.000107135	
12048	12550	2746	26.756	34.8444	2100	30	8	618	20	65	515	4	0.421751	897462	0.000254259	
12100	12550	2700	29.1522	35	2098	30	8	618	11	89	503	6	0.359919	902248	0.000254777	
12082	12550	2716	36.718	34.1707	2028	32	8	647	8	88	512	5	0.395084	1.13272e+06	0.000104921	
12100	12850	2766	32.8447	26.095	2158	28	7	629	4	76	517	6	0.770316	1.40936e+06	5.91926e-05	
12100	12580	2700	32.4211	35	2000	31	7	621	19	71	501	6	0.40481	1.08254e+06	0.000124378	
11889	13339	2745	36.6186	33.51	2148	29	9	636	11	81	517	4	1.68481	836233	6.82175e-05	
11800	13307	2786	32.6433	28.8421	2137	29	10	639	24	90	529	4	1.77165	983275	6.1024e-05	
12100	13120	2785	29.9859	25	2090	30	7	631	12	89	524	5	1.1352	1.3027e+06	5.59253e-05	
11858	12595	2770	33.03	25.1004	2059	32	10	612	20	83	530	5	0.736046	1.38401e+06	6.06649e-05	
12017	12616	2800	37	25	2030	30	7	625	8	75	517	6	0.576389	1.45469e+06	6.63174e-05	
12068	12550	2706	37	32.6349	2101	31	9	600	18	62	505	6	0.41087	1.16956e+06	9.7229e-05	
12100	13257	2785	24.0082	25	2124	29	5	650	3	77	530	5	1.29502	1.48493e+06	5.36078e-05	
12100	12550	2700	29.322	27.1168	2160	31	7	625	3	72	516	5	0.360392	965320	0.000236686	
12093	12568	2710	34.7927	35	2096	29	8	615	23	74	504	6	0.402348	1.11009e+06	0.000110656	
12100	13455	2800	34.1141	34.5885	2130	28	6	627	13	84	529	5	1.61427	875193	6.60415e-05	
12100	13054	2776	30.5078	25	2107	29	6	640	20	76	510	5	1.04313	1.32754e+06	5.66444e-05	
11401	12606	2702	36.5259	34.6677	2140	30	10	648	16	80	524	5	1.27213	814052	7.28916e-05	
12100	13489	2792	35.9808	35	2097	28	8	645	8	85	524	4	1.65904	837772	6.74946e-05	
11865	12734	2754	34.0405	25.2441	2067	30	7	640	2	79	523	5	0.905684	1.26475e+06	5.96766e-05	
12100	13257	2791	23.3165	25	2124	29	5	621	5	78	530	5	1.29164	1.54377e+06	5.34302e-05	
11858	12581	2732	31.8549	25.1004	2106	31	9	644	20	83	530	5	0.706194	1.42425e+06	6.09905e-05	
12075	12550	2700	36.3893	33.9506	2097	31	8	600	18	66	505	6	0.401124	1.13923e+06	0.000103103	
12093	12601	2751	37	28.853	2145	29	9	623	16	69	502	5	0.452589	1.25854e+06	8.56311e-05	
12100	13018	2707	36.4488	34.2319	2104	28	9	614	23	66	485	5	0.977071	913173	7.02839e-05	
12083	12550	2731	28.1616	34.6528	2014	28	8	600	18	66	513	5	0.381919	886753	0.00026448	
12018	12866	2733	34.9883	31.0341	2052	31	10	621	8	75	500	4	0.885544	1.04201e+06	6.62076e-05	
12096	12550	2716	36.718	34.1707	2028	32	8	647	8	69	512	5	0.377893	1.11467e+06	0.000112108	
12100	12589	2700	28.4151	35	2100	31	8	606	16	73	509	6	0.407156	987397	0.000188573	
12100	12550	2704	32.787	34.9258	2098	31	8	621	4	67	515	5	0.367827	1.04091e+06	0.000146477	
12017	13274	2705	36.5617	35	2058	32	9	638	7	69	514	5	1.41799	809605	7.15154e-05	
12037	12589	2733	37	32.4617	2048	30	10	629	0	69	498	4	0.503245	1.22534e+06	7.78452e-05	
12100	12550	2702	35.8873	28.4797	2159	31	6	622	5	74	510	6	0.370587	1.15899e+06	0.000116387	
12100	12550	2700	31.3258	26.5384	2062	29	8	636	19	71	510	5	0.364942	1.07907e+06	0.000165453	
12100	12550	2700	30.0703	34.5608	2041	30	8	642	14	68	484	4	0.416541	1.23444e+06	9.37471e-05	
12100	12550	2703	31.0066	34.9258	2084	29	8	621	4	70	513	5	0.364737	1.00213e+06	0.000177968	
12100	12550	2700	34.7342	26.0074	2045	31	7	630	12	84	513	4	0.369444	1.16641e+06	0.00012279	
12100	13222	2798	24.621	25.1048	2077	28	8	643	14	75	515	5	1.25734	1.44544e+06	5.43715e-05	
12100	13039	2724	32.8715	29.2597	2072	29	10	637	13	78	530	4	1.0078	1.09566e+06	6.15953e-05	
11541	13387	2714	37	35	2021	31	10	646	9	75	514	5	2.14486	771615	7.3828e-05	
12100	12550	2715	30.7835	34.1904	2050	32	8	600	16	66	484	4	0.365903	998199	0.00018352	
12099	12550	2700	33.2856	34.6876	2094	30	8	603	11	60	511	6	0.369152	1.05145e+06	0.000139723	
12096	12554	2707	30.6893	34.8792	2092	29	8	602	12	74	515	5	0.374608	1.00994e+06	0.000172652	
12100	12550	2700	28.959	29.1168	2081	30	7	611	19	64	522	5	0.359361	910020	0.000264901	
12041	12604	2714	36.5967	33.5632	2034	30	9	624	11	72	504	5	0.513836	1.20927e+06	7.74954e-05	
12100	13080	2777	30.5143	25	2108	30	4	643	2	79	516	4	1.07879	1.33105e+06	5.64302e-05	
12100	12753	2773	35.799	27.8957	2013	30	8	638	23	70	505	5	0.646509	1.33109e+06	6.51721e-05	
11465	13215	2714	36.9441	35	2000	32	9	642	8	69	479	5	2.00145	761486	7.62486e-05	
12100	12550	2727	28.7862	34.7083	2134	31	7	602	16	61	503	6	0.362433	859961	0.000285225	
11996	13004	2798	26.7222	25.0927	2085	30	10	630	7	82	530	4	1.10177	1.39443e+06	5.52425e-05	
11503	13227	2702	36.5617	35	2129	32	9	617	14	69	513	4	1.96434	775196	7.39153e-05	
12100	12550	2700	29.3097	25	2098	30	7	602	18	65	522	5	0.360358	976414	0.000236407	
12100	13222	2790	24.621	25.1048	2077	28	8	646	14	75	515	5	1.25375	1.44178e+06	5.44603e-05	
11376	13266	2700	37	34.997	2124	32	10	643	18	68	513	4	2.16195	763848	7.51258e-05	
12093	12550	2707	31.4289	34.2125	2097	30	7	600	18	65	523	6	0.374651	1.02977e+06	0.000158554	
11841	13375	2716	36.8377	35	2005	31	9	646	11	72	507	5	1.7738	786467	7.2427e-05	
11950	13435	2717	30.6143	33.5231	2099	29	7	635	20	79	529	5	1.71703	906581	6.54536e-05	
11907	12603	2762	35.6955	25	2139	31	8	633	16	82	522	5	0.686822	1.40656e+06	6.13949e-05	
11508	12870	2714	36.5617	34.7706	2000	30	9	645	11	66	492	5	1.49459	787664	7.45823e-05	
12061	12742	2742	34.3242	25.596	2124	29	10	604	21	76	516	5	0.672017	1.40409e+06	6.20232e-05	
12094	12989	2800	28.132	25	2048	28	8	628	14	76	529	5	0.964334	1.46008e+06	5.54754e-05	
12083	12745	2785	33.506	27.1058	2110	29	8	621	16	76	511	5	0.657973	1.39858e+06	6.37836e-05	
11983	12801	2772	28.6769	25	2125	31	9	628	14	82	509	4	0.843831	1.4595e+06	5.80619e-05	
12100	12550	2700	31.9401	34.5608	2041	30	9	642	14	68	484	4	0.366013	1.03042e+06	0.000158983	
11776	13379	2785	37	33.1777	2073	30	10	626	20	90	515	4	1.90445	829173	6.85401e-05	
11996	13385	2793	26.4964	25	2066	30	9	621	10	81	526	4	1.62362	1.23933e+06	5.53159e-05	
12100	12550	2700	30.2983	34.2125	2098	31	7	603	12	62	509	6	0.362831	973012	0.000198807	
12064	12564	2747	36.7757	29.5553	2082	30	10	632	19	83	496	5	0.440002	1.22978e+06	8.9222e-05	
12100	13254	2771	32.8447	26.095	2158	28	7	629	17	86	516	6	1.31795	1.15649e+06	5.77968e-05	
12100	12550	2700	32.6271	29.5255	2100	29	7	632	17	71	514	5	0.36706	1.08198e+06	0.00014556	
11961	12773	2737	33.9131	25.7052	2076	32	10	640	4	74	524	5	0.833783	1.26797e+06	6.06833e-05	
11885	13038	2784	37	26.0124	2062	30	10	626	22	90	503	4	1.30072	1.03598e+06	6.19387e-05	
11960	12873	2709	30.3712	26.2118	2034	29	9	621	17	79	517	5	0.950656	1.2644e+06	5.90912e-05	
12065	13011	2790	32.1734	25.039	2067	30	7	631	22	81	504	5	1.03726	1.27021e+06	5.78804e-05	
11445	13139	2722	36.5617	35	2000	31	9	643	7	69	512	4	1.92858	774186	7.44768e-05	
11961	12866	2733	35.6606	25	2061	31	10	621	8	79	510	4	0.955906	1.18154e+06	6.1024e-05	
12100	13359	2746	23.293	25	2092	28	7	620	17	85	525	6	1.40993	1.45832e+06	5.38909e-05	
12079	12620	2718	36.3633	25	2061	30	4	633	35	71	529	4	0.488388	1.42353e+06	7.71664e-05	
11995	12550	2712	34.6221	34.9562	2148	30	8	600	15	72	521	5	0.499292	1.19013e+06	8.26583e-05	
11357	12550	2700	37	34.9773	2137	32	9	629	13	65	492	5	1.25088	787804	7.60052e-05	
12100	13167	2779	30.2846	25	2103	29	6	650	12	77	530	5	1.19766	1.2733e+06	5.58628e-05	
12100	12550	2700	34.8756	25.893	2046	31	7	642	14	84	520	4	0.369566	1.17221e+06	0.000121669	
12100	12906	2743	28.4691	25	2085	29	8	619	19	77	515	5	0.828201	1.49504e+06	5.81395e-05	
12100	13167	2795	24.0082	25	2127	29	9	650	8	77	530	5	1.17542	1.5392e+06	5.38271e-05	
12100	12550	2714	34.6221	35	2148	31	8	600	15	67	513	4	0.37126	1.06864e+06	0.000127877	
11376	13266	2701	37	34.997	2124	32	9	643	7	69	513	4	2.16275	766221	7.494e-05	
12100	13359	2757	33.5593	25	2097	29	7	636	16	83	529	5	1.45621	1.14921e+06	5.75407e-05	
11985	13425	2793	31.0203	32.1967	2101	31	8	644	10	84	527	6	1.70815	940120	6.34357e-05	
11296	13128	2717	37	35	2077	31	9	624	11	66	494	5	2.08273	762127	7.61267e-05	
11738	13206	2717	37	35	2035	32	9	646	20	69	512	5	1.66977	783698	7.32815e-05	
11791	13321	2793	37	34.6515	2113	30	7	629	24	79	530	5	1.81061	817949	6.96573e-05	
12006	13500	2800	31.2376	29.719	2154	29	7	632	5	86	513	5	1.79217	1.00772e+06	6.04741e-05	
11917	12785	2794	37	32.5151	2111	30	8	628	20	86	514	4	0.924398	990157	6.69254e-05	
12100	12550	2700	37	33.7444	2016	31	7	639	29	78	518	5	0.370911	1.11477e+06	0.000113225	
12085	12561	2761	37	27.03	2110	29	7	633	18	86	505	5	0.412277	1.25617e+06	9.59693e-05	
12100	12575	2768	36.9738	25.9084	2014	28	7	632	15	84	513	5	0.41274	1.28147e+06	9.58222e-05	
12100	12551	2700	28.9738	34.7048	2098	30	8	603	8	65	490	4	0.360671	881678	0.000265534	
11961	12719	2775	34.0405	25.9414	2067	30	10	640	0	79	523	5	0.774093	1.33179e+06	6.02083e-05	
12020	13327	2784	37	33.7296	2063	30	10	626	15	90	495	4	1.52923	840112	6.83247e-05	
12056	13138	2782	25.1317	25	2142	28	6	630	27	76	524	5	1.19378	1.46183e+06	5.41243e-05	
11744	13488	2701	36.5661	35	2059	32	9	650	3	80	512	5	2.03267	782725	7.23066e-05	
11320	13403	2720	37	35	2113	30	10	631	8	65	494	5	2.42837	763138	7.55744e-05	
12100	12550	2700	33.3719	32.7395	2160	31	7	647	3	71	523	5	0.368036	1.06903e+06	0.000138332	
11862	13238	2724	36.036	33.5648	2067	31	9	635	4	79	530	4	1.56759	835997	6.88895e-05	
11862	12878	2724	36.036	33.5648	2067	31	9	635	4	79	530	4	1.08887	893886	6.8899e-05	
12007	13468	2793	32.0394	29.9233	2154	29	7	621	2	89	513	5	1.74283	992457	6.10948e-05	
12100	13120	2778	33.7219	25	2132	28	5	628	19	67	527	5	1.13888	1.2491e+06	5.75871e-05	
12098	12550	2700	29.3774	34.2125	2097	30	7	607	8	65	523	6	0.362987	925448	0.000233918	
12079	13257	2791	24.0083	25	2124	29	5	621	3	77	530	5	1.32431	1.47419e+06	5.36625e-05	
11744	13488	2701	36.7191	35	2075	32	9	647	3	80	512	5	2.03275	782026	7.22961e-05	
12047	12550	2706	36.7287	34.1707	2045	29	8	638	25	65	514	5	0.436369	1.16901e+06	9.13325e-05	
12100	12550	2700	31.5367	30.5375	2125	31	9	604	17	65	501	5	0.365325	1.04111e+06	0.000164069	
11916	12648	2702	32.3896	26.613	2160	31	8	628	22	78	502	5	0.714984	1.35627e+06	6.22587e-05	
11296	13190	2704	37	35	2113	32	9	636	13	66	518	5	2.15524	763518	7.56258e-05	
12100	12550	2700	34.7342	25.5216	2045	31	7	630	16	84	513	4	0.369444	1.17521e+06	0.000122549	
11943	13391	2763	33.4297	33.6236	2136	31	10	639	12	81	501	4	1.69847	864019	6.70916e-05	