12016	12959	2718	35.4781	34.7975	2070	28	6	620	21	68	498	5	1.00553	912625	7.00869e-05	
12070	13167	2780	28.2608	29.3239	2132	28	5	609	14	85	514	4	1.22998	1.16599e+06	5.90249e-05	
11771	13183	2754	32.1697	31.6653	2029	29	10	609	1	77	521	5	1.61669	915462	6.53509e-05	
11631	12599	2793	32.6586	32.3784	2010	31	10	649	30	84	491	4	1.02538	974634	6.76682e-05	
11908	12871	2729	32.941	25.1034	2008	31	8	626	26	81	513	5	1.02293	1.20299e+06	6.00384e-05	
12034	12887	2741	36.7496	34.4558	2108	32	9	617	23	67	474	5	0.897273	928708	7.18133e-05	
11844	13438	2711	23.9156	25.991	2078	29	9	605	2	77	512	5	1.81546	1.25294e+06	5.69638e-05	
12079	12822	2780	35.3378	30.9753	2141	32	7	636	20	61	486	5	0.765905	1.15317e+06	6.65912e-05	
11434	13133	2782	35.1798	34.3111	2031	29	9	630	18	78	516	5	1.97507	816708	7.09824e-05	
12050	12959	2796	33.1986	25.0735	2109	31	8	628	8	83	468	5	0.989308	1.25312e+06	5.95983e-05	
12078	12821	2759	36.3946	26.8578	2031	29	10	620	10	65	482	5	0.760738	1.2389e+06	6.35243e-05	
11881	12771	2793	33.2122	33.2645	2092	31	6	611	11	78	516	5	0.946956	1.02448e+06	6.65247e-05	
11976	12739	2740	36.8748	29.0235	2105	32	10	633	4	61	499	5	0.774111	1.1229e+06	6.64761e-05	
11944	13213	2773	31.4085	30.1627	2052	31	5	607	1	89	528	4	1.45483	1.00507e+06	6.22626e-05	
11911	12718	2713	35.0781	25.4408	2110	31	7	619	34	72	485	4	0.817015	1.26076e+06	6.23053e-05	
11855	13027	2743	30.7798	33.5577	2107	30	6	635	13	77	521	6	1.29625	943661	6.60197e-05	
11989	13442	2782	21.0217	25.0309	2014	29	4	621	12	76	524	5	1.65374	1.56825e+06	5.40249e-05	
11853	12720	2711	35.4825	33.7635	2160	31	4	627	35	75	520	4	0.889173	981724	6.88705e-05	
12086	13427	2756	27.9034	28.3784	2115	28	6	646	19	74	490	5	1.55438	1.11143e+06	5.93261e-05	
12046	13483	2751	36.8814	29.5584	2068	29	5	642	25	76	516	5	1.69392	945559	6.4156e-05	
11626	12786	2732	35.5728	33.8522	2127	32	5	626	22	87	503	5	1.25438	863432	7.02198e-05	
11948	12581	2733	32.98	31.4437	2027	32	7	613	20	87	522	5	0.598644	1.2739e+06	7.10278e-05	
11802	12742	2722	36.6214	30.9324	2049	32	9	610	0	81	519	4	0.983389	956710	6.77415e-05	
12086	13281	2783	32.2974	30.9534	2120	30	9	603	34	63	494	5	1.37774	974684	6.42632e-05	
11809	12941	2783	35.9618	28.9907	2008	30	8	616	17	67	525	5	1.26231	968729	6.48761e-05	
12012	12916	2716	33.748	26.1382	2025	29	9	629	21	88	496	4	0.951607	1.18612e+06	6.06061e-05	
11773	13266	2755	29.8557	31.3057	2158	31	8	645	20	70	527	5	1.72321	960371	6.36335e-05	
12097	12554	2754	34.7816	34.0914	2135	32	8	606	18	65	516	6	0.385783	1.10141e+06	0.00012025	
12039	13016	2744	33.3625	32.4407	2071	28	5	640	23	61	495	5	1.06065	992825	6.64894e-05	
11320	13083	2763	35.8924	34.7777	2015	31	8	624	12	74	504	6	2.02842	789854	7.38934e-05	
11811	13034	2738	35.4877	34.6526	2101	29	8	619	35	69	506	5	1.36279	836405	7.04871e-05	
12059	13057	2748	33.6987	25.9271	2141	28	7	634	20	74	476	5	1.09274	1.17074e+06	6.02337e-05	
11911	12655	2728	33.2822	27.1606	2005	30	10	613	20	71	452	5	0.738197	1.25547e+06	6.4834e-05	
12013	13485	2798	35.3409	33.657	2128	30	7	606	23	86	472	6	1.76627	858134	6.78702e-05	
11808	12936	2760	31.2577	26.2747	2079	29	7	647	15	61	524	6	1.24076	1.13541e+06	5.96944e-05	
11871	12949	2753	35.8113	33.9908	2087	32	4	640	12	67	516	5	1.18368	887021	6.96767e-05	
11542	13469	2748	36.9185	29.9058	2081	31	6	623	5	83	495	5	0.934606	1.14418e+06	6.22859e-05	
11878	12759	2786	35.4757	27.9202	2116	29	6	609	23	76	516	5	0.934606	1.14418e+06	6.22859e-05	
11945	13047	2748	35.2381	25.6508	2082	30	8	611	1	64	512	6	1.22142	1.10949e+06	6.14477e-05	
11688	12578	2747	31.8551	26.1479	2038	29	5	616	28	69	512	5	0.911816	1.2512e+06	6.07497e-05	
11963	13378	2717	34.6036	34.5959	2123	32	4	632	11	79	520	5	1.62946	847743	6.88279e-05	
11698	12684	2708	35.0183	29.2043	2078	30	7	614	8	87	523	5	1.02639	1.01818e+06	6.48256e-05	
12007	12962	2729	31.1101	27.9542	2100	28	10	610	21	70	507	4	1.01903	1.15483e+06	6.06134e-05	
11961	12835	2740	29.2836	25.6182	2037	28	5	645	1	85	491	4	0.907526	1.38416e+06	5.81734e-05	
11722	12844	2733	24.0112	26.0068	2046	29	7	650	1	81	522	6	1.18038	1.40712e+06	5.68958e-05	
11811	12838	2704	34.3681	28.6931	2106	32	6	650	29	84	503	5	1.08864	1.03112e+06	6.43045e-05	
11910	12801	2768	33.7018	31.8184	2104	29	7	647	8	66	472	6	0.943055	1.02951e+06	6.69568e-05	
11892	13237	2767	35.6237	33.2096	2088	28	5	626	33	85	525	6	1.55381	878706	6.69434e-05	
11615	12591	2776	31.5544	30.9946	2036	31	8	617	1	85	512	5	1.0262	1.03618e+06	6.50681e-05	
11471	12590	2723	31.6584	33.7134	2055	28	9	624	32	70	505	4	1.17478	904677	6.9377e-05	
11840	13350	2775	36.1124	34.1971	2036	30	9	626	22	77	508	4	1.77851	820822	6.96961e-05	
11981	13107	2794	30.8893	27.5072	2016	30	7	635	27	72	495	4	1.27286	1.10183e+06	6.05804e-05	
11737	12998	2794	30.4637	27.2675	2109	29	8	650	9	88	506	4	1.42569	1.08606e+06	5.95238e-05	
11918	13496	2797	32.9349	26.9996	2006	29	7	631	13	79	521	5	1.89752	1.03779e+06	5.99628e-05	
11882	13083	2702	33.6966	27.7309	2132	31	8	619	2	90	503	4	1.32288	1.01919e+06	6.22161e-05	
11917	12711	2795	32.5608	26.3425	2136	32	7	620	15	81	471	4	0.822074	1.30955e+06	6.11135e-05	
12043	13496	2778	36.8304	29.8755	2020	30	8	634	31	83	499	5	1.73249	914855	6.48929e-05	
12031	13090	2794	30.556	34.8795	2122	29	7	632	30	78	530	4	1.18615	970999	6.55996e-05	
12093	12895	2756	35.8365	27.5988	2133	29	9	614	30	84	465	6	0.83892	1.18872e+06	6.2897e-05	
11776	12781	2759	36.0224	33.955	2097	31	9	628	0	68	485	5	1.07938	879503	7.1048e-05	
12029	12955	2761	36.5134	28.6465	2106	29	9	615	10	87	489	4	1.0006	1.05542e+06	6.34437e-05	
12068	12951	2705	33.5926	31.3008	2081	30	6	637	12	87	477	6	0.925143	1.06056e+06	6.54322e-05	
11885	12598	2740	36.4431	29.1438	2053	31	9	639	19	82	509	5	0.702175	1.2e+06	6.55609e-05	
11935	13020	2795	33.7646	26.3304	2038	29	7	603	16	89	505	6	1.2166	1.12575e+06	5.99305e-05	
11813	12648	2797	32.8194	25.1386	2109	30	4	606	3	78	469	4	0.868591	1.338e+06	6.02083e-05	
11627	12557	2789	34.3311	32.7517	2126	29	5	618	23	88	457	5	0.975721	975274	6.85166e-05	
11928	13104	2772	26.4964	25.0927	2031	30	4	628	10	81	521	4	1.31006	1.3137e+06	5.59624e-05	
11976	13119	2769	27.2579	27.2327	2021	29	10	602	31	76	515	5	1.27303	1.1954e+06	5.8459e-05	
11089	12625	2793	24.2754	34.5658	2054	32	6	603	21	77	523	4	1.11445	983871	6.50745e-05	
11866	12880	2797	34.3768	32.1181	2034	28	5	627	4	86	523	5	1.11445	983871	6.50745e-05	
11843	12669	2709	31.5651	28.7767	2017	30	8	646	21	75	496	6	0.830275	1.2e+06	6.35951e-05	
11570	12881	2798	36.8722	33.9616	2119	31	8	622	14	67	521	6	1.48095	827626	7.10429e-05	
11954	12579	2776	35.3388	31.1887	2115	30	9	600	7	63	463	6	0.600466	1.24921e+06	7.07414e-05	
11992	13088	2773	36.6954	30.8821	2081	30	8	638	21	82	485	5	1.23067	932750	6.61463e-05	
11854	12557	2789	34.826	31.9759	2142	30	6	604	35	86	450	5	0.698194	1.17811e+06	6.79902e-05	
11910	12922	2762	36.4424	33.2847	2130	32	5	634	26	85	504	5	1.10397	918211	6.82547e-05	
11061	13377	2797	22.8716	30.0831	2121	28	4	622	5	89	525	6	1.26134	1.28538e+06	5.65323e-05	
12082	13208	2770	26.941	25.6411	2071	30	7	639	21	88	500	6	1.26134	1.28538e+06	5.65323e-05	
11698	13288	2790	24.625	26.0127	2133	30	8	647	10	69	494	5	1.84415	1.22796e+06	5.76535e-05	
11626	12786	2725	35.5728	33.8522	2119	32	5	626	23	87	503	5	1.25116	861491	7.03581e-05	
11994	12887	2763	36.7496	35	2091	32	9	617	23	67	474	5	0.954133	898528	7.23785e-05	
11916	12936	2764	34.3635	28.2246	2088	32	7	609	22	71	511	5	1.11452	1.05575e+06	6.32831e-05	
11382	13178	2739	31.0375	25.2165	2102	31	8	641	13	79	496	5	1.29578	945623	6.58155e-05	
11855	13027	2742	30.7798	33.5577	2151	30	6	635	13	77	521	6	1.29578	945623	6.58155e-05	
12068	12951	2705	33.5926	31.3008	2081	30	6	637	12	87	477	6	0.925143	1.06103e+06	6.54279e-05	
11866	13165	2758	36.3543	26.7694	2056	28	7	638	2	81	530	4	1.48308	1.02408e+06	6.16029e-05	
11697	13434	2773	31.9786	27.8142	2033	28	8	625	17	86	527	6	2.06388	1.01026e+06	6.08606e-05	
11849	13086	2733	35.6188	30.767	2046	29	9	618	5	88	502	6	1.38384	910654	6.59979e-05	
11320	13083	2763	35.8924	34.7777	2000	31	8	624	12	76	504	6	2.02842	790234	7.3888e-05	
11847	13034	2738	35.4877	34.6526	2101	29	8	619	35	73	496	5	1.31919	841901	7.04027e-05	
12070	13158	2780	28.2608	29.3239	2132	28	5	618	11	85	508	4	1.21767	1.16885e+06	5.90807e-05	
11948	12581	2733	32.98	31.4437	2113	32	7	613	20	87	522	5	0.598644	1.27985e+06	7.06914e-05	
11896	13162	2733	29.4263	30.767	2046	29	9	618	8	88	502	6	1.41913	1.00032e+06	6.29366e-05	
11650	13204	2717	36.8436	32.6864	2060	30	8	612	33	65	491	4	1.77159	818832	7.14745e-05	
11766	13034	2738	35.4877	34.6526	2101	29	8	619	35	69	506	5	1.41712	830240	7.07164e-05	
11911	12718	2716	35.0781	25.4408	2110	31	7	619	34	72	482	4	0.817919	1.25997e+06	6.23752e-05	
11625	12744	2729	33.2759	31.9444	2110	30	8	649	13	68	520	6	1.19728	929558	6.71637e-05	
12100	12937	2784	30.8452	28.7661	2140	31	7	641	32	70	477	5	0.888619	1.24958e+06	6.18582e-05	
11876	12720	2711	35.4825	33.7635	2160	30	4	627	35	75	520	4	0.861505	1.00011e+06	6.86012e-05	
11762	12603	2706	30.9582	31.7097	2077	30	6	640	12	81	501	5	0.840598	1.13561e+06	6.55781e-05	
11813	12648	2792	32.8194	26.2444	2109	30	4	612	12	75	469	4	0.867039	1.28747e+06	6.12557e-05	
11134	12651	2765	34.9908	33.9733	2009	31	9	624	3	65	466	6	1.67059	799851	7.55458e-05	
12086	13281	2783	32.2974	30.9534	2129	31	9	603	34	63	494	5	1.37774	971557	6.45203e-05	
11690	12712	2779	35.216	26.4251	2150	28	7	601	8	81	510	5	1.10013	1.10938e+06	6.16561e-05	
11802	12742	2722	31.4773	29.216	2049	32	9	610	0	81	519	4	0.977831	1.0942e+06	6.34679e-05	
12070	13231	2780	28.2608	29.3239	2132	28	4	609	17	85	515	4	1.31777	1.14665e+06	5.89831e-05	
11000	13199	2719	24.8008	29.1205	2004	29	10	639	20	78	522	4	1.07925	882108	7.09371e-05	
11776	12781	2759	35.8239	33.955	2097	31	9	628	0	68	485	5	1.07925	882108	7.09371e-05	
11885	12550	2740	36.4431	29.1438	2053	31	9	639	19	82	520	5	0.640351	1.25198e+06	6.63218e-05	
12006	12739	2798	32.3542	26.7544	2137	31	10	629	20	65	491	5	0.748509	1.35346e+06	6.18774e-05	
12060	12630	2739	28.0898	34.0428	2112	32	8	642	14	76	464	5	0.514361	1.15667e+06	0.000111185	
11783	13083	2763	35.8924	34.7777	2022	31	8	624	12	74	504	6	1.47575	821420	7.12555e-05	
12013	13305	2758	28.8562	27.5761	2116	29	4	630	23	81	514	5	1.48131	1.14006e+06	5.82954e-05	
12046	13442	2751	36.8814	29.5584	2068	29	5	642	25	74	528	5	1.63716	949916	6.39304e-05	
11882	12852	2708	29.1777	29.2098	2118	30	9	641	7	64	516	5	1.01412	1.15124e+06	6.20309e-05	
11945	13047	2748	35.2381	25.6508	2014	30	8	611	1	64	512	5	1.22142	1.09771e+06	6.18276e-05	
11702	13364	2776	36.6186	31.5634	2150	31	6	636	24	83	510	5	1.96749	871860	6.72721e-05	
11840	13448	2775	36.1124	33.4984	2149	30	9	626	22	77	508	5	1.91473	835254	6.84416e-05	
11853	12720	2711	35.4825	33.7635	2160	31	4	613	35	75	508	5	0.889173	977917	6.93001e-05	
11843	12669	2720	31.3838	28.7767	2017	30	8	600	21	75	496	6	0.833318	1.20729e+06	6.348e-05	
11911	12718	2713	35.0781	25.4408	2013	31	7	619	34	72	485	4	0.817015	1.2483e+06	6.28733e-05	
11688	12578	2734	31.8551	26.1479	2122	29	5	616	28	69	512	5	0.9075	1.25809e+06	6.04778e-05	
11885	12598	2751	36.4431	29.1438	2053	31	9	639	16	82	509	5	0.704994	1.20251e+06	6.54108e-05	
11988	13089	2780	28.8578	28.9846	2076	28	6	643	27	85	511	6	1.22807	1.1421e+06	5.94884e-05	
11976	13119	2776	27.2579	27.2327	2021	29	10	602	31	75	515	5	1.27625	1.1967e+06	5.8418e-05	
12013	13305	2758	28.0406	27.5761	2120	29	4	638	15	80	501	5	1.4786	1.1523e+06	5.83976e-05	
11606	13210	2793	37	34.8873	2097	32	4	623	1	76	509	5	1.88294	809015	7.18391e-05	
11961	12835	2740	29.2836	25.6182	2037	28	6	645	1	85	491	4	0.907526	1.37455e+06	5.82072e-05	
11989	13442	2782	21.8243	25.0309	2014	29	4	621	12	76	524	5	1.66615	1.48724e+06	5.42035e-05	
12059	13057	2748	33.6987	25.9271	2141	28	7	644	20	74	476	5	1.09274	1.16956e+06	6.02519e-05	
12043	13496	2778	36.8304	31.4168	2020	30	8	631	31	83	499	5	1.73249	879953	6.63262e-05	
11866	12880	2800	34.3768	27.0212	2034	28	5	627	4	86	523	5	1.11564	1.13593e+06	6.02991e-05	
11976	13119	2769	27.2579	27.2327	2021	29	10	602	31	76	507	5	1.27303	1.19302e+06	5.8682e-05	
11490	12565	2797	35.7539	32.7624	2000	28	6	638	34	90	478	5	1.15587	895600	6.97593e-05	
11911	12655	2743	33.5084	27.1606	2005	30	10	613	20	80	452	5	0.742532	1.2591e+06	6.42756e-05	
11954	12550	2776	34.9657	30.0608	2115	30	9	600	10	63	463	6	0.562351	1.29435e+06	7.25742e-05	
11835	13276	2736	33.0457	26.1005	2096	30	8	607	3	74	501	4	1.65594	1.05348e+06	6.09385e-05	
11776	12781	2753	36.0224	33.7489	2097	31	9	628	0	68	483	5	1.07703	881824	7.09874e-05	
11989	13500	2785	21.0217	25.0309	2060	29	4	621	12	76	524	5	1.73687	1.55279e+06	5.3749e-05	
11851	13228	2750	35.2843	32.7939	2079	31	8	649	4	86	495	4	1.58183	861645	6.78518e-05	
11888	12664	2719	34.8719	34.1873	2085	32	4	642	16	89	520	4	0.776822	1.06639e+06	6.86719e-05	
12013	12918	2741	36.7496	34.4558	2108	32	9	617	23	67	474	5	0.964142	901012	7.19062e-05	
11811	12803	2704	35.2679	28.7702	2106	30	5	650	31	80	503	5	1.04405	1.03937e+06	6.44995e-05	
12069	12871	2729	32.941	25.1034	2008	31	7	626	34	81	513	5	0.82593	1.35921e+06	5.95877e-05	
12050	12895	2741	35.8365	27.5988	2133	29	9	614	30	84	465	6	0.887565	1.14502e+06	6.32471e-05	
11918	13261	2742	32.5215	27.6699	2153	29	6	619	6	79	495	5	1.53735	1.04338e+06	6.0957e-05	
11871	12949	2753	35.8113	33.9908	2087	32	4	640	12	70	501	5	1.18368	884587	6.99496e-05	
12039	13016	2744	33.3625	33.5417	2071	28	5	640	23	63	510	5	1.06065	969594	6.70421e-05	
11933	12712	2779	33.1197	28.5022	2141	28	7	601	8	81	506	5	0.799637	1.26838e+06	6.15574e-05	
11615	12591	2776	31.5544	30.9946	2036	31	8	640	1	85	512	5	1.0262	1.03768e+06	6.49899e-05	
11911	12718	2713	35.0781	25.4408	2110	31	7	619	34	72	489	4	0.817015	1.26318e+06	6.21659e-05	
11925	12865	2734	36.2535	32.5051	2053	31	6	630	34	81	462	6	0.999279	940802	6.95362e-05	
11320	13083	2763	35.8924	34.7777	2100	31	8	624	11	74	493	6	2.02842	791858	7.37137e-05	
12029	12955	2761	37	28.6465	2018	29	9	615	8	87	500	4	1.00084	1.04269e+06	6.3857e-05	
12082	13208	2770	26.941	26.149	2080	30	7	632	21	89	500	6	1.26134	1.2685e+06	5.68666e-05	
11854	12622	2782	34.826	31.9759	2142	30	6	604	35	86	472	5	0.781549	1.11589e+06	6.68405e-05	
11799	13228	2750	36.5323	32.7939	2079	31	8	649	4	89	495	4	1.64589	844509	6.86719e-05	
11948	12581	2733	32.98	25.7194	2052	30	6	613	20	87	522	5	0.598644	1.42951e+06	6.70871e-05	
11737	13040	2794	30.4637	27.2675	2109	29	8	650	9	88	506	4	1.4828	1.07849e+06	5.95238e-05	
11776	12557	2789	34.3311	32.1151	2126	28	5	624	23	88	467	5	0.793857	1.1162e+06	6.67156e-05	
12012	12953	2716	33.748	26.1382	2025	29	9	629	21	88	505	4	1.0002	1.16398e+06	6.03282e-05	
11866	13147	2797	34.3768	32.1181	2034	28	5	627	4	86	523	5	1.47777	923965	6.50703e-05	
12066	13051	2748	34.0301	27.2784	2080	32	7	642	26	78	473	5	1.07638	1.1019e+06	6.2751e-05	
11843	12669	2709	31.5651	29.671	2017	30	8	646	21	75	514	6	0.830275	1.18196e+06	6.3861e-05	
12038	13248	2717	31.4356	32.6864	2036	30	8	612	33	64	491	4	1.358	923722	6.71637e-05	
11981	13107	2794	31.5662	27.5072	2011	30	7	626	27	72	495	4	1.27418	1.09163e+06	6.09013e-05	
11954	12579	2776	35.3388	31.1887	2101	30	9	600	7	63	463	6	0.600466	1.24793e+06	7.07914e-05	
11701	13083	2700	35.8924	34.7777	2015	31	8	624	12	72	504	6	1.53932	801491	7.27008e-05	
12067	13128	2776	30.3456	29.0295	2090	29	8	613	11	63	521	5	1.18469	1.11146e+06	6.06759e-05	
11728	12844	2733	26.0654	26.0068	2046	29	6	635	7	81	522	6	1.18661	1.29886e+06	5.74515e-05	
11470	12590	2723	35.0519	33.7134	2055	28	7	624	32	70	505	4	1.18016	860123	7.11693e-05	
11938	13239	2794	34.9211	30.3472	2145	30	8	626	3	82	481	5	1.51392	938569	6.44579e-05	
12054	12578	2704	35.1798	26.2808	2001	31	6	647	3	71	497	5	0.462103	1.32404e+06	8.52442e-05	
12039	13016	2744	32.7441	28.4603	2071	28	4	641	23	77	495	5	1.05984	1.12998e+06	6.14439e-05	
11976	12739	2745	36.8748	29.673	2105	32	10	633	4	61	495	5	0.775524	1.10323e+06	6.71321e-05	
11805	12641	2797	32.8194	25.1386	2099	30	5	621	3	78	474	4	0.869219	1.32279e+06	6.01034e-05	
12097	12550	2754	34.7816	33.9695	2050	32	8	606	18	65	511	6	0.380614	1.09755e+06	0.000123084	
11725	12962	2729	31.1101	27.9542	2100	28	10	610	21	66	507	4	1.36056	1.03366e+06	6.18965e-05	
11629	12666	2769	30.5934	27.2624	2016	28	7	622	29	76	499	6	1.10288	1.13516e+06	6.11845e-05	
11811	13035	2738	35.4877	34.6526	2101	29	8	619	35	69	506	5	1.36413	836362	7.04871e-05	
11627	13170	2798	33.6434	28.5068	2080	29	7	604	8	80	497	4	1.80294	971270	6.32751e-05	
11658	13300	2737	24.2964	25.8959	2124	28	6	628	2	79	492	4	1.87085	1.23747e+06	5.7346e-05	
11892	13237	2748	35.6237	33.2096	2089	28	5	610	33	86	520	6	1.54314	874467	6.74127e-05	
12096	12822	2780	35.3378	30.9753	2133	29	7	636	28	64	489	5	0.74454	1.18503e+06	6.56426e-05	
12076	12895	2756	33.7088	27.7565	2137	32	9	614	27	81	465	6	0.858203	1.199e+06	6.28733e-05	
11961	12903	2740	29.2836	25.6182	2021	28	8	643	9	84	484	4	0.997165	1.29705e+06	5.84761e-05	
12079	12822	2780	37	30.9753	2141	32	7	636	20	61	486	5	0.766913	1.11795e+06	6.74354e-05	
11802	12742	2722	36.6214	30.9324	2049	32	9	608	0	81	519	4	0.983389	956552	6.77645e-05	
11878	12759	2786	36.4008	28.6518	2116	30	6	609	23	76	513	5	0.935207	1.09814e+06	6.37511e-05	
11702	13364	2772	35.6934	32.0838	2150	29	6	636	24	83	513	5	1.96409	873094	6.68717e-05	
11702	13293	2776	36.6186	32.8154	2150	31	6	636	24	83	524	5	1.86928	851566	6.81477e-05	
11867	12739	2798	32.3542	26.7544	2137	32	10	629	20	65	491	4	0.922133	1.20327e+06	6.15764e-05	
12100	12586	2726	27.053	34.9374	2079	32	6	611	35	89	501	5	1.27303	1.19302e+06	5.8682e-05	
11976	13119	2769	27.2579	27.2327	2021	29	10	602	31	76	507	5	1.27303	1.19302e+06	5.8682e-05	
12054	12669	2704	35.1798	27.4473	2001	31	5	641	3	71	504	5	0.578226	1.37611e+06	6.87427e-05	
12046	13483	2738	34.0839	29.5584	2068	29	5	642	25	76	516	5	1.68386	971870	6.27786e-05	
11914	12811	2748	36.8304	29.8755	2020	30	8	634	31	86	499	5	0.946958	1.02047e+06	6.58068e-05	
11836	13500	2736	28.3016	25.4784	2091	28	10	637	33	75	469	5	1.951	1.1164e+06	5.92685e-05	
11816	13364	2776	36.6186	32.8154	2150	31	6	636	24	79	510	5	1.82831	853124	6.80266e-05	
11618	12786	2732	35.5728	33.8522	2127	32	6	626	17	87	503	5	1.26388	858358	7.02889e-05	
12054	12641	2760	35.1798	28.3106	2120	31	5	644	3	72	497	5	0.55364	1.35891e+06	7.15512e-05	
11762	12744	2706	33.21	31.8802	2047	30	6	633	13	81	486	6	1.02498	978244	6.73582e-05	
12070	13219	2787	26.8732	27.362	2030	30	6	615	1	78	527	5	1.29903	1.2315e+06	5.74911e-05	
12053	13218	2783	32.2974	30.9534	2120	30	9	603	34	66	494	6	1.33235	980124	6.42508e-05	
12097	12554	2743	30.0062	34.0914	2135	32	8	606	18	65	516	6	0.376789	991751	0.00019216	
11980	13123	2786	31.8153	32.85	2086	28	5	622	20	72	502	5	1.29408	962089	6.51169e-05	
11921	13083	2702	33.6394	27.2691	2132	31	8	619	9	81	503	4	1.27591	1.04258e+06	6.19348e-05	
11879	13496	2797	32.9921	26.9996	2006	29	7	636	5	90	515	5	1.94615	1.03554e+06	5.99449e-05	
11917	12711	2795	32.5608	26.3425	2136	32	7	620	15	81	470	4	0.822074	1.30883e+06	6.11509e-05	
11838	13415	2775	36.1124	34.1971	2102	30	9	626	20	77	508	4	1.8712	821037	6.93577e-05	
12037	13156	2787	26.8732	27.362	2030	30	6	639	1	78	527	6	1.25393	1.24444e+06	5.7501e-05	
11843	12916	2719	24.2214	25.0361	2045	31	8	616	35	64	509	4	1.12527	1.4361e+06	5.76136e-05	
12014	12916	2716	33.748	28.7648	2098	29	9	629	21	88	496	4	0.949167	1.10751e+06	6.24376e-05	
12007	12962	2729	31.1101	27.9542	2073	28	10	609	16	70	507	4	1.01903	1.15293e+06	6.07497e-05	
11843	12710	2752	33.8839	32.2847	2049	29	9	639	8	79	465	6	0.900286	1.01664e+06	6.7861e-05	
11843	12710	2752	32.1197	32.1391	2049	29	9	631	3	76	466	6	0.897925	1.05691e+06	6.70241e-05	
12076	12895	2756	34.8893	29.3092	2137	32	9	614	27	81	465	6	0.859378	1.12377e+06	6.47459e-05	
11843	12710	2752	32.1197	30.0651	2049	29	9	631	3	76	466	6	0.897925	1.1105e+06	6.49604e-05	
11607	13067	2786	33.4398	27.7163	2017	28	8	628	10	73	485	4	1.67844	984621	6.33874e-05	
11954	12579	2776	35.3388	31.1887	2100	30	10	600	8	63	463	6	0.600466	1.24408e+06	7.08416e-05	
11835	13276	2738	33.0457	26.1005	2097	30	8	607	3	74	501	4	1.65715	1.05286e+06	6.09107e-05	
11320	13083	2764	35.8924	34.7777	2087	31	8	627	11	74	493	6	2.02915	791443	7.37681e-05	
11908	12871	2729	32.941	25.1034	2019	31	8	628	26	81	509	5	1.02293	1.20196e+06	6.0082e-05	
11730	12738	2713	35.4453	33.1733	2084	29	8	631	2	85	473	5	1.0602	901470	6.97691e-05	
12086	13276	2783	32.2515	30.9534	2061	30	9	604	11	63	494	5	1.37076	971981	6.45786e-05	
11737	12744	2706	35.4077	31.9449	2047	30	6	640	10	81	471	6	1.05686	927758	6.9185e-05	
11381	13142	2780	32.934	26.2554	2115	28	10	618	21	71	509	6	2.0464	1.01308e+06	6.21195e-05	
12059	12895	2756	35.8365	27.5988	2133	29	5	633	31	84	465	6	0.88124	1.18726e+06	6.28812e-05	
12012	12916	2717	33.748	26.1382	2025	29	9	636	21	88	508	4	0.951957	1.19241e+06	6.02228e-05	
11907	12887	2700	33.7496	34.4558	2108	32	9	617	23	67	474	5	1.03504	898048	7.1495e-05	
11938	12803	2746	35.2679	28.7702	2106	30	5	650	31	80	503	5	0.905385	1.12924e+06	6.33593e-05	
11981	13107	2793	31.5662	27.5072	2011	30	7	626	27	72	495	4	1.27372	1.09145e+06	6.09125e-05	
12089	13241	2758	32.2974	34.154	2133	30	9	604	34	63	500	5	1.30693	906776	6.7659e-05	
12097	12554	2754	35.3553	34.0914	2135	32	7	606	18	65	516	6	0.386252	1.11141e+06	0.000116604	
11849	13086	2733	35.0451	30.767	2046	29	9	618	5	88	502	6	1.3834	917405	6.56814e-05	
11866	13264	2763	37	26.8472	2056	28	7	638	2	81	530	5	1.23046	1.18586e+06	5.87475e-05	
12058	13160	2761	29.373	27.5212	2154	30	4	635	18	62	521	4	1.23046	1.18586e+06	5.87475e-05	
12039	13016	2744	33.3625	32.1248	2091	28	5	640	23	66	510	5	1.06065	1.00783e+06	6.52742e-05	
11374	13274	2721	36.5617	34.4242	2076	32	9	643	9	69	512	5	2.19167	779460	7.4162e-05	
11911	12646	2728	33.2822	27.1606	2005	30	9	613	20	71	452	5	0.726586	1.27069e+06	6.48971e-05	
11911	12655	2728	34.5692	27.1606	2005	30	10	613	19	71	452	5	0.739582	1.22536e+06	6.52784e-05	
12097	12550	2754	34.8449	33.9695	2050	32	8	606	19	65	490	6	0.380669	1.10012e+06	0.000122684	
11980	13123	2786	33.4882	32.85	2086	28	5	622	23	79	502	5	1.29652	939234	6.55566e-05	
11885	12598	2745	36.4431	29.1438	2053	30	9	639	29	82	509	5	0.703457	1.20525e+06	6.52912e-05	
12007	12759	2786	36.4008	28.6518	2128	30	6	609	23	75	513	5	0.774685	1.22289e+06	6.32471e-05	
12081	13167	2780	28.2608	30.2925	2132	28	5	609	14	85	514	4	1.21617	1.14189e+06	5.99377e-05	
11627	12557	2789	32.9471	32.6006	2119	29	5	618	23	88	457	5	0.974093	1.00264e+06	6.77186e-05	
11737	13040	2799	30.4637	27.9747	2109	30	8	650	9	88	506	4	1.48546	1.05519e+06	6.02882e-05	
11811	13034	2738	35.4877	34.6526	2101	29	8	619	35	76	506	5	1.36279	838453	7.01459e-05	
11956	12730	2711	32.941	27.211	2008	31	7	620	34	81	506	5	0.77519	1.28265e+06	6.23791e-05	
12100	12810	2722	33.6822	25.3397	2001	31	5	641	3	71	511	5	0.706882	1.43535e+06	6.17284e-05	
11929	12655	2743	33.5084	27.1606	2005	30	10	613	20	80	452	5	0.720521	1.27822e+06	6.44621e-05	
11626	12786	2707	35.5728	34.4553	2119	32	4	626	23	87	503	5	1.2429	851756	7.11946e-05	
11954	12681	2780	34.9657	30.0608	2115	30	9	640	12	63	463	6	0.734917	1.18047e+06	6.67111e-05	
12079	12822	2776	37	30.9753	2141	32	7	600	20	61	486	5	0.765809	1.11723e+06	6.75995e-05	
12007	12962	2729	31.1101	28.0961	2100	30	10	620	21	70	510	4	1.01903	1.14378e+06	6.11396e-05	
11833	12781	2759	35.8239	33.955	2097	31	9	627	0	68	485	5	1.00982	905110	7.06618e-05	
11799	13228	2750	37	33.2421	2081	31	7	649	4	89	495	5	1.64611	835787	6.93577e-05	
11910	12801	2768	32.9453	31.8184	2102	29	8	647	8	62	472	5	0.942109	1.038e+06	6.68986e-05	
11851	13496	2797	32.9921	26.9996	2006	29	7	635	5	90	515	5	1.9809	1.03277e+06	6.00745e-05	
12007	12962	2729	31.1101	26.3325	2100	28	10	610	21	69	511	4	1.01903	1.21026e+06	5.90912e-05	
11879	13496	2797	32.9921	26.9996	2006	29	7	636	5	90	511	5	1.94615	1.0344e+06	6.00456e-05	
12013	13305	2758	28.8562	29.6898	2116	29	4	630	23	81	518	5	1.48131	1.0755e+06	6.01468e-05	
11636	12775	2746	36.4094	30.4681	2083	29	7	631	24	79	503	6	1.23496	922193	6.72495e-05	
11914	12851	2748	36.8304	29.8755	2020	30	8	642	31	86	495	5	0.999684	999082	6.59065e-05	
12060	12550	2758	28.0898	34.0428	2130	32	8	642	14	76	464	5	1.50819	1.03923e+06	6.14062e-05	
11748	13089	2746	29.7982	28.9846	2076	28	6	648	27	82	507	6	1.50819	1.03923e+06	6.14062e-05	
11471	12661	2715	31.6584	31.0022	2065	29	9	624	29	87	505	4	1.26232	947802	6.60895e-05	
12014	12845	2724	33.748	31.476	2088	28	9	634	21	71	496	4	0.858832	1.08309e+06	6.54965e-05	
11379	13083	2758	35.8096	34.7777	2100	31	8	624	11	74	493	6	1.95562	794176	7.33676e-05	
11158	12733	2719	33.2988	33.9768	2072	30	5	621	13	81	530	4	1.951	1.11607e+06	5.92803e-05	
11836	13500	2736	28.3016	25.4784	2091	28	10	639	33	75	469	5	1.951	1.11607e+06	5.92803e-05	
11871	12915	2753	35.8113	33.9908	2087	32	4	638	12	67	516	5	1.13843	895722	6.96816e-05	
11840	13448	2775	36.1124	32.924	2156	30	9	626	22	77	508	5	1.91473	845755	6.78242e-05	
11765	12742	2722	36.6214	30.9324	2049	32	9	608	0	81	519	4	1.02777	939919	6.79579e-05	
11848	12591	2738	32.2694	32.2951	2039	29	8	624	22	67	464	5	0.733436	1.16021e+06	6.84932e-05	
11960	13350	2775	34.1264	34.1971	2036	30	8	626	22	77	508	4	1.62868	852678	6.80967e-05	
11908	13195	2740	32.485	29.8132	2092	32	8	639	24	64	505	5	1.45895	963196	6.47165e-05	
11878	12759	2786	35.4757	27.9202	2116	29	10	609	23	76	516	5	0.934606	1.11769e+06	6.24298e-05	
11836	12879	2708	29.1777	28.169	2118	29	10	641	7	64	516	5	1.10454	1.13605e+06	6.09533e-05	
11965	13061	2744	32.7441	28.5736	2071	29	4	641	23	77	495	5	1.21117	1.06909e+06	6.20463e-05	
11134	12651	2739	34.9908	33.9733	2000	31	9	624	3	65	466	6	1.65488	795127	7.59878e-05	
11918	13496	2732	32.9349	26.8225	2009	29	7	631	20	82	521	5	1.85343	1.03264e+06	6.04595e-05	
11925	12865	2799	36.2535	32.5051	2053	31	6	630	27	81	462	6	1.02304	952882	6.86483e-05	
12007	13004	2729	34.9048	27.9542	2100	28	10	610	21	70	511	4	1.07978	1.05645e+06	6.23986e-05	
12069	12949	2753	35.8113	33.9908	2087	32	4	644	14	67	516	5	0.939659	973859	6.8738e-05	
12029	12955	2761	36.341	28.6465	2106	29	9	615	10	87	489	4	1.00051	1.05794e+06	6.33433e-05	
11885	12598	2751	36.7276	29.1438	2053	31	9	644	19	82	489	5	0.705143	1.18799e+06	6.60895e-05	
11631	12599	2793	32.8309	32.3784	2025	31	10	644	27	84	511	4	1.02563	979020	6.70017e-05	
11711	12638	2708	31.5476	25.274	2044	30	6	635	33	71	504	5	0.947671	1.24072e+06	6.06575e-05	
11948	13089	2765	28.8578	28.9846	2076	28	6	648	27	82	511	5	1.27095	1.1194e+06	5.98623e-05	
12028	13323	2740	32.9389	29.8132	2092	32	8	639	24	64	505	6	1.48627	964565	6.44538e-05	
11374	13326	2738	35.5313	33.7027	2091	29	9	647	9	87	512	5	2.27551	816977	7.09421e-05	
11503	13019	2743	36.2987	33.7429	2026	32	6	616	11	67	516	5	1.7141	812683	7.24323e-05	
12097	12624	2754	35.9522	33.9695	2050	32	8	606	12	65	511	6	0.477397	1.20422e+06	8.53534e-05	
12055	12664	2726	34.4118	34.1427	2075	31	4	623	20	89	520	4	0.57458	1.23484e+06	7.34646e-05	
11696	12784	2736	33.3897	29.1155	2073	30	7	620	25	79	512	5	1.168	1.0092e+06	6.39918e-05	
12051	12598	2740	37	29.1438	2046	30	10	639	19	83	496	5	0.498865	1.28081e+06	7.67401e-05	
11766	13034	2738	36.0322	34.6526	2101	29	8	619	35	64	506	5	1.41748	823181	7.13063e-05	
11925	13061	2717	36.972	32.6864	2060	30	8	612	33	82	491	4	1.25151	866602	6.91419e-05	
12097	12554	2754	34.3521	34.0914	2135	32	8	606	18	65	516	6	0.385384	1.09431e+06	0.00012332	
12086	13281	2783	32.2974	30.2315	2120	29	10	612	34	65	494	5	1.37774	990531	6.31792e-05	
11964	13424	2766	29.373	28.7031	2154	30	4	620	18	62	524	5	1.71234	1.07359e+06	6.00998e-05	
12056	12748	2713	35.0781	25.4408	2013	31	7	619	34	72	485	4	0.679451	1.37512e+06	6.35122e-05	
11672	13089	2757	28.8578	28.9846	2067	28	9	620	17	82	504	6	1.60337	1.0365e+06	6.14024e-05	
11063	13063	2785	28.4994	28.4531	2160	30	10	604	15	83	526	6	1.53381	987700	6.29445e-05	
11896	13247	2733	29.4263	30.767	2046	29	9	616	8	88	502	6	1.53381	987700	6.29445e-05	
11851	13228	2750	35.2843	32.7939	2079	31	8	649	4	84	495	4	1.58183	861022	6.7944e-05	
11783	13083	2763	35.8924	34.7777	2022	31	8	624	16	74	504	6	1.47575	821348	7.12657e-05	
12053	13218	2783	32.9615	30.7931	2120	31	9	603	28	66	494	6	1.33332	971014	6.4658e-05	
11908	12871	2717	32.3271	25.1034	2008	29	8	624	26	80	498	5	1.01756	1.21539e+06	5.97979e-05	
12050	12900	2741	35.8365	27.5988	2133	29	9	614	14	89	464	6	0.894174	1.14466e+06	6.30398e-05	
11948	12581	2733	32.98	25.7194	2052	30	7	613	20	87	522	5	0.598644	1.41966e+06	6.71051e-05	
11528	12931	2782	29.507	30.2112	2124	28	8	617	12	76	519	4	1.5798	1.00115e+06	6.26253e-05	
11842	12962	2729	30.12	31.5762	2101	28	8	619	20	70	503	4	1.21771	1.00228e+06	6.43956e-05	
11882	13281	2741	32.485	29.362	2114	32	7	634	25	62	505	5	1.60785	970632	6.42839e-05	
11672	12865	2738	36.2535	32.5051	2053	30	6	637	34	78	512	6	1.30641	874484	6.91276e-05	
11848	12598	2736	36.4431	29.1438	2053	31	9	631	19	86	459	5	0.746077	1.1342e+06	6.68986e-05	
12054	12578	2704	34.3409	29.2316	2000	31	6	647	8	72	497	5	0.461373	1.24715e+06	8.91981e-05	
11866	13147	2797	35.2157	29.1673	2010	28	5	627	4	86	523	5	1.47851	987823	6.27983e-05	
11028	12712	2730	36.383	35	2108	31	7	635	18	85	485	5	1.84927	778354	7.64701e-05	
11809	12691	2752	32.1197	32.1391	2058	29	9	631	3	76	466	6	0.914482	1.04461e+06	6.71231e-05	
12033	12577	2701	30.5432	31.0905	2147	31	6	625	9	82	498	5	0.479428	1.18288e+06	0.000100756	
11701	13083	2700	35.8924	34.7777	2015	31	8	619	21	72	507	6	1.53932	801716	7.26639e-05	
11787	13237	2767	35.6237	33.2096	2088	28	5	626	33	85	525	6	1.68246	867610	6.74809e-05	
12097	12550	2754	35.9486	33.9695	2050	32	8	606	18	65	511	6	0.381497	1.11566e+06	0.000115727	
11753	12835	2740	29.7735	25.6182	2038	28	4	643	1	85	491	4	1.16157	1.21657e+06	5.89171e-05	
11726	12622	2789	34.826	28.1547	2142	30	7	604	35	85	495	5	0.94093	1.11762e+06	6.31872e-05	
12100	12928	2775	34.3635	32.3186	2088	32	6	617	22	71	492	5	0.87891	1.06421e+06	6.67022e-05	
12043	12550	2750	27.9242	34.0428	2101	32	8	610	14	72	464	5	0.433355	1.02804e+06	0.000173461	
11918	13261	2736	32.5215	27.6699	2153	29	6	619	8	79	495	5	1.53398	1.04214e+06	6.10314e-05	
11892	13102	2748	35.6237	33.2096	2089	28	5	610	33	86	520	6	1.3605	888087	6.74172e-05	
11748	13089	2765	28.8578	32.0626	2084	28	6	648	27	82	515	6	1.51599	986483	6.36092e-05	
11503	13011	2743	35.2684	33.7429	2026	29	6	612	25	83	512	6	1.70273	833795	7.05318e-05	
12023	12918	2758	29.9167	27.0694	2089	32	7	622	18	67	521	5	0.948672	1.27829e+06	5.97836e-05	
11891	12922	2762	36.4424	33.2847	2130	32	5	634	26	85	507	5	1.12733	912125	6.82734e-05	
11816	13324	2776	36.6186	34.1936	2157	31	6	647	24	90	510	5	1.77292	834192	6.89227e-05	
11698	12684	2717	34.9319	29.2043	2078	30	7	614	8	87	523	5	1.02974	1.02184e+06	6.46621e-05	
11698	12684	2708	35.0183	31.0256	2066	30	7	614	0	87	523	5	1.02639	971481	6.66001e-05	
11790	12669	2709	31.5651	29.671	2022	30	8	646	21	75	494	6	0.893727	1.12206e+06	6.46371e-05	
11320	13083	2763	35.8924	34.7777	2104	31	8	624	11	71	513	6	2.02842	794471	7.32708e-05	
12040	12835	2740	29.2836	25.6182	2068	28	7	645	1	85	482	4	0.810375	1.43757e+06	5.93542e-05	
12054	12578	2704	35.1798	25	2160	31	6	647	3	71	497	5	0.462103	1.35398e+06	8.44737e-05	
11061	13377	2797	24.6904	30.0831	2000	28	4	622	5	90	525	6	1.0006	1.15837e+06	6.09496e-05	
12029	12955	2761	36.5134	25.6232	2106	29	9	615	10	87	489	4	1.0006	1.15837e+06	6.09496e-05	
11875	12550	2776	37	30.0608	2115	30	9	600	10	63	463	6	0.661379	1.18444e+06	6.86577e-05	
11888	12664	2719	37	34.1873	2085	32	5	642	16	89	520	4	0.778181	1.01856e+06	6.97837e-05	
11570	13024	2799	36.8722	33.9616	2119	30	8	609	14	67	521	4	1.6753	818871	7.08466e-05	
12070	13283	2780	28.2608	29.3239	2132	29	4	622	17	85	515	6	1.38942	1.12977e+06	5.90772e-05	
11858	12581	2746	32.98	25.1004	2052	30	6	613	20	87	530	5	0.711511	1.43296e+06	6.06428e-05	
11636	12775	2733	36.4094	30.4681	2096	29	7	631	24	72	479	6	1.22911	911910	6.84322e-05	
11911	12655	2728	33.2822	27.6092	2000	30	10	613	20	71	452	5	0.738197	1.24157e+06	6.52273e-05	
11802	13156	2722	36.6214	30.9324	2053	32	9	611	33	81	514	4	1.52892	870852	6.78702e-05	
12050	12961	2796	33.1986	25.0735	2109	31	8	628	8	83	468	5	0.992018	1.25176e+06	5.95983e-05	
11977	12711	2795	32.4344	26.3425	2136	32	7	646	15	81	471	4	0.746952	1.37327e+06	6.18162e-05	
12051	12578	2704	35.1798	26.2808	2001	31	6	647	3	71	497	5	0.46576	1.32739e+06	8.43739e-05	
11994	12893	2763	36.7496	35	2091	32	9	625	23	67	474	5	0.962122	895373	7.23589e-05	
11851	13228	2750	35.2843	32.7939	2079	31	8	649	4	86	481	4	1.58183	858816	6.82874e-05	
12043	12602	2750	29.396	32.9369	2101	32	9	610	16	76	464	4	0.50527	1.17725e+06	0.000102987	
11627	13359	2798	33.6434	28.5068	2079	29	7	604	2	79	512	4	2.06518	967913	6.29485e-05	
12013	13305	2758	28.0406	27.5761	2120	29	4	638	15	81	491	5	1.4786	1.15017e+06	5.87199e-05	
11588	12881	2789	36.8722	33.9616	2119	31	8	622	14	67	521	6	1.45445	828596	7.10581e-05	
11061	13377	2797	22.8716	30.0831	2121	28	4	622	4	89	521	6	1.58074	863239	6.77415e-05	
11911	13281	2750	35.2843	32.7939	2079	31	8	649	5	86	489	4	1.58074	863239	6.77415e-05	
11725	13054	2729	31.1101	27.9542	2100	29	10	619	21	66	507	4	1.48266	1.01691e+06	6.21234e-05	
11656	12607	2768	34.8518	26.6207	2115	28	10	641	23	66	497	5	0.999007	1.09646e+06	6.2897e-05	
11733	12995	2773	33.828	28.1498	2020	31	5	611	1	86	528	4	1.4213	1.01472e+06	6.26566e-05	
12054	12713	2700	32.7603	27.4101	2051	30	4	640	3	73	497	5	0.631169	1.39898e+06	6.62866e-05	
12066	12752	2748	34.0301	27.2784	2126	32	7	642	26	78	473	5	0.680084	1.34898e+06	6.42839e-05	
11566	12622	2779	34.826	31.9759	2142	30	6	604	29	86	472	6	1.13122	931391	6.82501e-05	
11791	13019	2753	35.2684	33.7252	2101	29	6	612	25	83	516	5	1.37429	868906	6.83901e-05	
12011	12962	2729	31.1101	27.9542	2100	28	10	611	17	70	501	4	1.01413	1.15591e+06	6.07607e-05	
11811	12990	2738	35.4877	34.0262	2101	29	8	619	35	69	468	5	1.30419	846924	7.11136e-05	
12097	12554	2754	34.7816	34.0914	2118	28	8	621	18	65	510	6	0.385783	1.10181e+06	0.000120207	
11809	12669	2704	31.5651	28.7767	2032	30	8	648	25	75	496	6	0.869405	1.16643e+06	6.36821e-05	
11882	13083	2702	33.6966	27.7309	2117	31	8	620	2	90	503	4	1.32288	1.01853e+06	6.22781e-05	
12100	12937	2784	30.2644	28.7661	2140	31	7	647	32	70	477	5	0.887326	1.26714e+06	6.17132e-05	
11945	13047	2740	35.2381	25.6508	2014	30	8	611	1	64	512	5	1.21786	1.09626e+06	6.19233e-05	
11848	12591	2738	35.3677	33.4094	2000	29	6	624	6	67	464	6	0.736905	1.06249e+06	7.08968e-05	
12054	12578	2704	32.0815	27.1989	2042	31	8	647	17	71	500	5	0.458527	1.23665e+06	9.79144e-05	
11928	13104	2777	27.0019	25.0927	2038	29	4	628	10	81	518	4	1.31477	1.3032e+06	5.58628e-05	
11835	12971	2755	33.7805	31.8357	2051	31	8	622	1	73	478	6	1.25608	921657	6.76727e-05	
11773	13253	2799	29.8557	32.1967	2096	31	8	644	18	90	527	5	1.7327	950782	6.36375e-05	
11909	12673	2795	32.8194	25.1386	2092	29	4	606	8	82	469	4	0.782016	1.41964e+06	6.00781e-05	
11961	12979	2740	29.2836	25	2038	28	8	643	3	80	484	4	1.09791	1.26564e+06	5.79576e-05	
11944	13213	2759	31.4085	30.1627	2053	31	5	607	1	79	528	4	1.44748	1.00021e+06	6.26763e-05	
12086	13241	2777	32.2974	30.9534	2130	30	9	605	30	73	494	5	1.3197	983940	6.37105e-05	
11888	12664	2719	34.8719	34.1873	2085	32	4	642	16	88	520	4	0.776822	1.06547e+06	6.87049e-05	
11490	12565	2797	35.7539	31.9466	2000	28	6	638	34	90	478	5	1.15587	911360	6.8956e-05	
11885	12550	2740	36.4431	29.1438	2056	31	9	639	19	81	515	5	0.640351	1.24953e+06	6.64412e-05	
11935	12890	2795	29.8897	26.3304	2041	29	7	603	16	89	505	6	1.03377	1.2742e+06	5.817e-05	
11762	12603	2706	30.9582	31.7097	2077	30	4	640	12	80	501	5	0.840598	1.1444e+06	6.55351e-05	
12100	13305	2763	28.0406	27.5761	2120	29	6	639	15	81	501	5	1.37289	1.16747e+06	5.80754e-05	
11946	13165	2758	36.3543	26.7694	2056	28	7	638	14	81	530	4	1.38483	1.04062e+06	6.12182e-05	
11857	12695	2754	32.055	34.3807	2143	30	9	616	19	69	492	5	0.861768	1.03866e+06	6.85824e-05	
11906	13334	2744	29.7553	30.7827	2061	31	8	612	33	76	506	6	1.64725	972279	6.37918e-05	
11840	13350	2775	36.1124	34.1971	2036	30	9	617	22	77	508	4	1.77851	820271	6.97545e-05	
11867	12739	2798	32.3542	26.7544	2137	32	10	629	24	67	491	4	0.381916	1.06735e+06	0.000138812	
12097	12554	2743	32.7236	34.0914	2040	32	8	611	18	68	516	6	0.381916	1.06735e+06	0.000138812	
11712	12744	2726	33.2759	31.8636	2110	30	8	649	13	84	520	6	1.09247	968362	6.60197e-05	
11621	13029	2723	36.3598	31.7318	2097	31	7	604	17	68	494	4	1.57595	853643	6.99741e-05	
11909	12784	2711	35.6938	30.5824	2067	28	7	606	8	63	476	5	0.904576	1.01979e+06	6.75493e-05	
11863	13389	2790	31.1896	30.9887	2036	30	5	619	31	83	521	5	1.8081	963421	6.31473e-05	
12046	13483	2751	36.8814	29.5584	2025	29	5	642	25	76	521	5	1.69392	944862	6.42137e-05	
11948	12581	2733	32.98	31.4437	2070	32	7	613	15	87	517	5	0.598644	1.2771e+06	7.08918e-05	
11902	12712	2779	33.1197	29.0216	2141	28	7	601	8	81	487	5	0.838035	1.21072e+06	6.24142e-05	
11937	13171	2713	36.7609	30.3472	2145	30	9	601	5	82	483	5	1.38137	907303	6.66889e-05	
12054	12641	2700	35.1798	27.4101	2069	30	7	640	3	73	497	5	0.541605	1.34849e+06	7.19217e-05	
11972	12887	2763	36.7496	35	2091	32	9	617	23	67	472	5	0.981375	886779	7.25639e-05	
11757	12746	2749	22.1695	27.0803	2159	31	6	635	19	80	512	5	0.977831	1.05726e+06	6.48172e-05	
11802	12742	2722	31.4773	30.6112	2049	32	9	610	0	81	519	4	0.977831	1.05726e+06	6.48172e-05	
11698	13288	2790	29.655	26.0127	2133	30	8	647	10	72	494	5	1.86689	1.09871e+06	5.93437e-05	
11717	12791	2708	35.7467	26.9117	2016	29	9	634	30	75	513	4	1.14238	1.02055e+06	6.391e-05	
11836	13293	2776	36.6186	33.5697	2148	31	6	636	24	83	524	4	1.70555	846739	6.81524e-05	
11490	12550	2781	37	32.7624	2024	28	6	638	34	90	478	5	1.13038	881374	7.06714e-05	
11976	13103	2776	29.2381	27.2327	2096	29	10	602	31	75	515	5	1.26139	1.15288e+06	5.87027e-05	
11889	12880	2800	34.3768	25.7692	2034	28	5	627	4	79	523	5	1.08703	1.19554e+06	5.93331e-05	
11916	13411	2760	35.8018	30.1292	2027	28	7	643	35	74	522	6	1.75973	919866	6.46371e-05	
11470	12590	2723	35.0519	32.0556	2055	28	7	624	32	70	505	4	1.18016	891320	6.94203e-05	
12069	12871	2729	32.941	25.4482	2008	31	7	626	34	81	513	5	0.82593	1.34366e+06	5.98516e-05	
11809	12922	2783	34.5269	28.9907	2008	30	9	616	22	84	525	5	1.23562	993279	6.34075e-05	
11981	12935	2716	35.183	26.1382	2025	29	8	629	21	73	496	4	1.01567	1.12752e+06	6.20001e-05	
11518	12607	2759	23.6576	25.7145	2115	28	10	612	32	75	503	5	1.12213	1.45353e+06	5.7346e-05	
12041	12833	2800	32.5034	31.5609	2131	29	10	638	24	80	464	4	0.831013	1.15755e+06	6.48256e-05	
11801	13364	2772	35.6934	32.0838	2150	29	6	617	24	83	496	5	1.84348	876255	6.68717e-05	
12029	12955	2761	36.5134	28.6465	2101	29	9	634	10	87	506	4	1.0006	1.06098e+06	6.29089e-05	
11980	13123	2789	31.8153	29.1927	2086	28	5	619	21	72	500	5	1.29547	1.05997e+06	6.14553e-05	
11882	12879	2708	29.1777	29.3785	2108	30	9	630	32	64	516	5	1.04929	1.12659e+06	6.2348e-05	
12029	12897	2781	33.5754	28.6465	2106	29	9	615	10	87	489	4	0.927431	1.15444e+06	6.16523e-05	
11995	13219	2787	27.7999	26.7709	2073	31	6	615	1	78	514	5	1.39695	1.18707e+06	5.78704e-05	
12100	13155	2784	29.9185	29.4313	2097	30	6	635	31	73	482	5	1.18248	1.11012e+06	6.15688e-05	
12043	13496	2778	36.8304	32.1234	2033	30	8	631	31	73	499	5	1.73249	863548	6.744e-05	
11615	12679	2790	34.771	34.0438	2059	31	5	635	6	86	463	4	1.1516	887585	7.05368e-05	
11843	12710	2752	33.8839	32.3065	2115	29	9	639	7	79	464	6	0.900286	1.02011e+06	6.75995e-05	
11994	12887	2763	34.9932	35	2058	32	9	628	26	67	474	5	0.952975	919484	7.17618e-05	
12035	12861	2733	34.6974	25.1034	2041	31	8	622	28	81	513	5	0.857824	1.2897e+06	6.02119e-05	
11636	12786	2732	33.6074	32.1327	2151	32	6	626	16	87	503	5	1.24068	923222	6.72359e-05	
12036	12641	2760	35.1798	30.0301	2138	31	5	644	3	72	497	5	0.57602	1.31781e+06	7.03581e-05	
11969	12958	2800	25.8485	28.2076	2071	29	7	647	12	67	524	6	1.06943	1.35507e+06	5.81463e-05	
11866	13147	2714	34.3768	32.1181	2034	28	5	627	4	86	523	5	1.43391	909396	6.60982e-05	
12082	13163	2774	26.941	26.149	2080	30	7	632	21	89	500	6	1.20163	1.29413e+06	5.68279e-05	
11320	12809	2796	34.5943	34.8342	2000	31	8	624	10	76	517	6	1.68084	816594	7.23641e-05	
11881	12969	2760	34.5103	33.2645	2092	31	6	611	25	78	510	6	1.20014	913742	6.77461e-05	
11245	13169	2713	34.7616	35	2002	31	10	628	12	60	469	4	2.19121	770801	7.70119e-05	
12007	13059	2729	29.1131	27.9542	2073	28	10	609	16	70	507	5	1.14301	1.15582e+06	5.99484e-05	
11776	12629	2789	34.3311	32.1151	2126	28	5	624	25	88	499	5	0.888394	1.06536e+06	6.57462e-05	
11908	12871	2729	30.5615	25.1034	2008	30	8	624	26	79	513	5	1.01881	1.25971e+06	5.8713e-05	
11773	13266	2755	29.8557	31.3057	2158	30	8	645	20	70	527	5	1.72321	963691	6.33794e-05	
11871	12949	2753	35.8113	32.8918	2087	31	7	640	12	70	501	5	1.18368	895146	6.87285e-05	
11932	13222	2789	34.826	31.9242	2157	30	6	604	34	87	450	6	1.49514	906605	6.69568e-05	
11503	12804	2736	37	33.7429	2101	29	6	609	11	62	508	5	1.42614	820857	7.24061e-05	
11924	13131	2726	35.4751	32.7009	2086	32	6	617	22	84	480	4	1.34942	878242	6.86153e-05	
11961	12835	2740	29.2834	26.4132	2037	28	5	645	1	85	491	4	0.907525	1.35393e+06	5.87855e-05	
12068	12951	2706	33.5926	29.1827	2140	30	6	637	12	84	477	6	0.925485	1.12498e+06	6.33032e-05	
11829	12955	2707	37	28.6465	2018	29	9	615	8	86	500	4	1.22281	951280	6.55695e-05	
12100	12669	2757	31.5651	29.671	2017	30	8	646	21	78	514	6	0.527747	1.26928e+06	8.46525e-05	
11885	12550	2740	33.4031	29.1438	2036	31	9	639	19	85	520	5	0.637748	1.30356e+06	6.65159e-05	
12051	12598	2740	37	29.1438	2070	31	10	639	19	83	501	5	0.498865	1.28099e+06	7.67283e-05	
12082	13208	2770	28.0719	25.6411	2071	32	7	631	21	88	507	6	1.26587	1.24511e+06	5.72148e-05	
11938	13202	2796	36.7609	30.3472	2092	30	9	603	8	82	482	5	1.46511	914629	6.58675e-05	
11911	12655	2728	33.2822	25.0787	2005	30	10	609	20	71	453	5	0.738197	1.33e+06	6.31672e-05	
11871	12871	2729	30.6944	25.1034	2008	28	8	626	0	81	513	5	1.06399	1.24193e+06	5.82377e-05	
12086	13281	2783	32.2974	30.4661	2078	30	9	606	34	63	494	5	1.37774	982356	6.40328e-05	
11876	12709	2767	35.4825	33.7635	2160	30	4	627	28	75	512	4	0.864834	1.01694e+06	6.80643e-05	
12042	12859	2727	35.0523	27.7565	2137	32	9	614	27	81	480	6	0.845026	1.17046e+06	6.34276e-05	
11782	12581	2728	32.98	25.7194	2052	30	6	620	20	87	522	5	0.7985	1.32967e+06	6.03682e-05	
12043	13496	2777	36.8304	31.4168	2094	30	8	634	31	83	513	5	1.73187	886263	6.55695e-05	
12078	12821	2763	36.3946	26.8578	2031	29	10	620	12	66	489	5	0.761841	1.24381e+06	6.31951e-05	
11854	12557	2789	34.826	31.9759	2142	30	6	604	15	86	450	5	0.698194	1.18058e+06	6.79071e-05	
12043	13496	2784	36.8304	31.4168	2020	30	8	631	31	83	499	5	1.73623	880830	6.62515e-05	
11724	12844	2733	26.5696	26.0068	2046	29	7	650	1	81	522	6	1.19392	1.26891e+06	5.76701e-05	
11698	13335	2791	24.625	26.0127	2124	30	8	617	10	69	494	5	1.91009	1.22875e+06	5.76302e-05	
11747	12684	2708	32.5461	29.4056	2078	30	7	614	8	70	523	5	0.965473	1.07869e+06	6.4e-05	
12046	13483	2751	37	29.5584	2092	30	6	642	25	76	516	5	1.69398	935565	6.43501e-05	
11747	12724	2713	32.5461	28.5017	2078	29	6	614	8	70	523	5	1.01879	1.09448e+06	6.27825e-05	
11722	12844	2722	24.0112	26.0068	2046	29	7	650	2	81	522	6	1.17563	1.4045e+06	5.7019e-05	
12070	13219	2787	26.8732	27.362	2030	30	6	615	7	78	527	5	1.29903	1.23096e+06	5.74977e-05	
11987	13317	2800	36.4496	31.5609	2126	29	10	624	33	89	501	4	1.56527	890704	6.53595e-05	
11989	13482	2785	24.9267	25	2076	29	4	624	15	76	524	5	1.75432	1.30858e+06	5.46448e-05	
12013	13323	2758	27.1444	27.5761	2100	29	4	629	20	81	514	5	1.4998	1.17664e+06	5.77768e-05	
11695	12791	2708	35.7467	25	2097	29	9	625	32	75	517	4	1.16847	1.08597e+06	6.19617e-05	
12076	12895	2756	33.7088	27.7565	2134	31	9	614	27	81	485	6	0.858203	1.21471e+06	6.1862e-05	
11518	12607	2768	23.6576	25.7145	2115	28	10	634	23	66	503	5	1.12579	1.45203e+06	5.74713e-05	
11888	12664	2719	34.8719	33.3346	2038	32	4	642	16	89	520	4	0.776822	1.08316e+06	6.80782e-05	
11728	13284	2746	26.0654	26.7093	2046	29	6	635	7	81	522	6	1.78235	1.16662e+06	5.79005e-05	
11989	13402	2790	21.8243	25	2014	29	8	621	12	76	529	5	1.61495	1.48961e+06	5.41126e-05	
11811	12803	2704	35.2679	28.9181	2106	30	5	650	31	80	503	5	1.04405	1.03476e+06	6.46287e-05	
11737	12982	2794	30.1795	27.2675	2109	29	8	650	9	88	506	4	1.40331	1.09447e+06	5.94036e-05	
11892	12835	2740	30.8745	25.6182	2037	28	6	645	1	85	497	4	0.995693	1.26747e+06	5.86786e-05	
12007	12962	2729	31.1101	25.4304	2100	30	10	610	20	70	507	4	1.01903	1.2335e+06	5.89345e-05	
11416	12786	2723	33.2759	28.0224	2123	28	8	649	17	71	520	6	1.49444	980636	6.39427e-05	
11948	12586	2733	32.98	31.4437	2113	30	7	613	18	87	522	5	0.605072	1.28166e+06	6.99888e-05	
11993	12835	2740	27.0301	25.6182	2037	28	5	645	1	85	488	4	0.860338	1.49028e+06	5.88755e-05	
11879	12720	2711	33.3476	33.7635	2160	31	4	626	35	75	517	4	0.855852	1.04158e+06	6.77736e-05	
11856	12879	2714	31.3126	28.6683	2118	30	8	641	7	64	519	5	1.08789	1.08695e+06	6.2282e-05	
11874	12967	2769	35.2981	25.5479	2049	28	5	636	25	86	497	4	1.21065	1.13586e+06	6.05473e-05	
11615	12679	2790	34.771	33.0464	2125	31	5	635	5	86	463	4	1.1516	910596	6.91754e-05	
12013	13269	2701	28.8562	27.5761	2116	29	4	630	9	83	514	5	1.40239	1.13792e+06	5.88339e-05	
11594	13220	2759	36.2231	34.2686	2001	31	9	650	22	86	501	4	1.8876	804001	7.15922e-05	
12046	13483	2751	37	29.5584	2068	29	5	644	30	76	516	5	1.69398	944102	6.42343e-05	
12033	12577	2701	33.9914	31.0905	2147	31	9	625	9	82	459	5	0.484789	1.22509e+06	8.5317e-05	
11737	13067	2794	34.4508	27.2675	2109	29	8	650	9	88	506	4	1.52581	1.01572e+06	6.14742e-05	
11938	13241	2794	30.9339	30.3472	2145	30	9	626	3	82	481	5	1.51108	989871	6.2692e-05	
11843	12776	2752	33.8839	29.7507	2049	29	8	642	11	79	465	6	0.986814	1.04152e+06	6.53937e-05	
11465	12915	2763	35.4699	34.7777	2008	31	6	624	15	74	511	6	1.63185	813175	7.25125e-05	
12086	13281	2703	32.2974	30.9534	2120	30	9	603	34	63	494	5	1.33814	959549	6.52486e-05	
11961	12835	2740	29.2836	25.6182	2037	28	6	645	1	81	491	4	0.907526	1.37025e+06	5.82988e-05	
11843	12905	2713	31.344	25.0361	2045	30	7	616	28	74	509	4	1.13717	1.18659e+06	5.94778e-05	
11844	13404	2715	23.9156	25.991	2078	29	9	605	2	77	512	5	1.77182	1.25759e+06	5.69217e-05	
11976	13119	2769	26.7951	27.2327	2021	29	10	602	32	76	507	5	1.271	1.20922e+06	5.85377e-05	
12069	12871	2729	32.941	25.1034	2008	31	7	626	33	81	513	5	0.82593	1.35924e+06	5.95841e-05	
11848	12591	2738	32.2694	32.2951	2036	29	8	624	22	66	464	6	0.733436	1.15972e+06	6.86153e-05	
11945	13008	2748	35.7186	28.7488	2117	30	8	614	1	64	512	5	1.16957	1.00753e+06	6.41519e-05	
11881	12771	2788	33.2122	33.2645	2066	31	8	611	15	78	516	5	0.945261	1.01404e+06	6.68494e-05	
11809	12941	2788	35.9618	28.9907	2034	30	6	619	13	67	525	5	1.26458	985464	6.45286e-05	
11885	13230	2740	36.4431	29.1438	2053	31	9	639	19	81	520	5	1.5382	926731	6.48761e-05	
11799	13075	2750	36.5323	32.7939	2079	31	8	650	4	89	489	4	1.43902	854578	6.88468e-05	
11853	12720	2711	35.4825	34.1753	2160	30	4	622	35	75	508	5	0.889173	970940	6.95217e-05	
11855	13027	2742	30.7798	32.9377	2144	31	6	621	13	77	521	6	1.29578	956395	6.54579e-05	
11762	12821	2735	34.2933	30.8526	2088	32	6	638	35	71	495	4	1.13782	956247	6.71231e-05	
11876	12899	2711	35.4825	33.7635	2157	30	4	619	24	75	520	4	1.09389	913245	6.86248e-05	
11976	12739	2745	36.8748	29.673	2105	32	10	633	11	61	495	5	0.775524	1.1031e+06	6.71501e-05	
12070	13167	2780	28.2608	29.3239	2113	28	5	609	6	85	514	4	1.22998	1.16519e+06	5.90947e-05	
11652	13198	2757	24.2964	25.8959	2124	28	6	628	2	79	492	4	1.75244	1.25021e+06	5.71494e-05	
12014	12916	2706	33.748	28.7648	2098	29	9	629	21	88	496	4	0.945672	1.10533e+06	6.25586e-05	
11848	12550	2738	32.2694	31.3917	2036	29	8	624	22	67	464	6	0.680681	1.22561e+06	6.86012e-05	
11881	12695	2793	33.2122	33.2645	2092	31	6	611	25	78	516	6	0.845914	1.08623e+06	6.66134e-05	
11866	13147	2797	34.3768	32.1181	2034	28	6	627	4	86	523	5	1.47777	918183	6.50957e-05	
12086	13281	2766	32.2974	30.9534	2129	31	9	603	34	63	494	6	1.36932	969516	6.47668e-05	
11625	12744	2746	31.8294	31.9444	2110	30	8	649	13	68	520	5	1.20262	955614	6.62032e-05	
11867	12739	2719	32.3542	26.7544	2137	32	10	629	20	65	491	4	0.896097	1.18611e+06	6.25078e-05	
11320	13083	2755	35.8924	34.7777	2000	31	8	620	12	76	504	6	2.02255	788301	7.40083e-05	
11780	13348	2720	30.9401	27.4052	2046	28	8	649	32	89	493	5	1.80633	1.02595e+06	6.11696e-05	
11738	12557	2789	34.826	31.9759	2152	30	6	607	32	86	450	5	0.840923	1.0524e+06	6.79717e-05	
12033	12577	2700	29.4792	30.6229	2147	31	6	624	9	82	459	5	0.476694	1.16825e+06	0.000109385	
11847	13034	2720	35.4877	35	2101	29	8	619	35	73	496	5	1.31052	832252	7.10227e-05	
12017	13167	2780	31.1232	29.3239	2132	29	5	614	14	85	514	4	1.30396	1.07523e+06	6.04047e-05	
11722	12904	2733	24.0112	26.0068	2067	29	7	650	1	81	522	6	1.2593	1.36909e+06	5.67601e-05	
11778	13110	2733	35.6188	29.425	2067	29	9	641	5	88	502	5	1.50169	929518	6.48635e-05	
11963	13378	2775	34.6036	34.5959	2123	32	4	632	11	79	520	5	1.66424	857210	6.80782e-05	
11709	13210	2744	37	34.8873	2097	32	4	625	0	76	509	5	1.72668	808470	7.19062e-05	
11888	13010	2754	27.2579	27.2327	2044	29	10	602	31	72	517	5	1.22767	1.19769e+06	5.88789e-05	
11631	12859	2778	33.9647	30.57	2042	31	5	623	16	81	530	6	1.36523	951317	6.53125e-05	
12050	12895	2741	35.7751	28.1084	2133	29	10	614	30	84	465	6	0.887525	1.12254e+06	6.36821e-05	
11882	13083	2702	33.28	27.7309	2132	31	4	619	2	90	503	4	1.32239	1.05575e+06	6.1879e-05	
12039	13075	2744	33.1608	29.7952	2071	28	8	636	23	77	495	5	1.13935	1.0312e+06	6.3008e-05	
12039	13051	2723	33.3625	32.99	2071	29	7	640	25	63	495	5	1.09897	949277	6.75311e-05	
11987	13099	2786	31.8153	32.85	2086	28	5	607	20	72	500	5	1.25256	970413	6.52401e-05	
12050	12959	2796	33.1986	25.4541	2106	31	8	628	11	81	468	5	0.989308	1.23534e+06	5.99988e-05	
11838	13415	2775	36.1124	34.1971	2105	30	9	626	17	79	512	4	1.8712	822613	6.91419e-05	
11697	13434	2773	31.9786	27.8142	2116	28	7	625	17	86	527	6	2.06388	1.02426e+06	6.04522e-05	
11826	12781	2759	35.8239	33.955	2160	31	9	620	0	68	485	5	1.01836	906299	7.03779e-05	
11989	13500	2785	21.0217	25.0309	2060	29	4	621	12	76	524	5	1.73687	1.55281e+06	5.3749e-05	
12100	12554	2779	34.7816	30.8907	2132	32	8	621	18	65	510	6	0.385513	1.13211e+06	0.000120178	
12079	12705	2716	23.6187	25.7849	2115	30	7	630	31	64	473	4	0.557899	1.08581e+06	0.00019279	
11120	13169	2713	32.7844	35	2002	31	10	628	12	60	469	5	2.33084	787773	7.66401e-05	
11205	13292	2720	37	33.0226	2068	31	7	640	12	61	491	6	2.40947	789743	7.50638e-05	
12100	12729	2716	23.6187	25.7849	2115	30	7	630	28	70	482	4	0.5631	1.09977e+06	0.00018577	
12097	12554	2754	34.7816	34.0914	2135	32	8	621	18	65	510	6	0.385783	1.10202e+06	0.000120236	
12028	12675	2726	27.053	34.2234	2055	32	5	611	35	84	501	5	0.605206	1.23351e+06	8.96138e-05	
12051	12598	2740	37	29.1438	2070	31	10	639	19	83	496	5	0.498865	1.28124e+06	7.67636e-05	
12033	12577	2701	30.5432	31.0905	2147	31	6	625	9	82	459	5	0.479428	1.18774e+06	0.000100908	
11958	13424	2759	21.4795	25	2014	29	4	640	12	76	512	5	1.66077	1.49624e+06	5.48035e-05	
11979	12615	2741	25.4837	34.8525	2097	29	6	627	29	77	517	4	0.583132	1.17068e+06	0.00011241	
11583	13434	2762	32.0383	27.3443	2033	28	8	625	17	86	527	6	2.19286	1.01308e+06	6.11396e-05	
11880	13093	2781	22.3789	26.9214	2101	28	8	630	28	65	509	6	1.32662	1.47537e+06	5.66283e-05	
11961	12835	2740	29.2836	25.6182	2037	28	5	645	9	85	491	4	0.907526	1.38409e+06	5.82106e-05	
12040	12632	2752	28.665	32.3274	2048	32	9	633	24	74	478	5	0.546135	1.2189e+06	9.4679e-05	
12087	12577	2736	31.8197	28.6804	2138	31	6	638	7	86	510	5	0.421474	1.15477e+06	0.000118371	
12043	12630	2739	28.0898	30.4912	2112	32	8	642	14	76	494	5	0.535348	1.21611e+06	0.000100492	
11518	12607	2768	23.6576	25.7145	2115	28	10	641	23	66	503	5	1.12579	1.4523e+06	5.74944e-05	
11320	13121	2763	35.4699	34.7777	2008	31	6	624	12	74	511	6	2.07955	799669	7.33514e-05	
11731	12904	2788	31.671	33.4909	2067	30	9	647	24	66	500	4	0.598644	1.4299e+06	6.71096e-05	
12029	12675	2726	24.9987	34.9374	2055	32	6	626	29	89	494	5	0.593066	1.1674e+06	0.000116347	
11205	13292	2720	36.8777	33.0226	2068	31	7	640	12	62	497	6	2.40942	792671	7.46882e-05	
11425	13331	2760	33.5063	34.8767	2126	31	7	644	12	66	490	4	2.23874	813389	7.21657e-05	
11920	12602	2742	30.1766	29.392	2020	28	5	606	22	74	459	5	0.65692	1.35245e+06	6.87191e-05	
11374	13326	2741	36.5617	32.8811	2045	31	9	610	8	69	512	5	2.27864	806088	7.22961e-05	
12043	12602	2756	27.9242	32.8801	2098	32	8	610	16	76	494	5	0.501678	1.14141e+06	0.000118835	
11948	12581	2733	32.98	25.7194	2043	30	6	613	20	87	522	5	0.598644	1.4299e+06	6.71096e-05	
12067	12754	2782	30.9934	29.0295	2082	30	8	637	11	63	509	5	0.685293	1.35937e+06	6.57419e-05	
11166	12959	2727	35.018	34.6237	2045	28	6	616	21	68	498	5	2.01334	796907	7.4239e-05	
11338	13292	2722	36.8777	33.0226	2068	29	7	640	13	62	497	6	2.25858	801175	7.32977e-05	
12016	12695	2754	32.055	31.939	2143	30	9	616	19	69	515	5	0.666285	1.26584e+06	6.77645e-05	
12035	12675	2726	27.053	34.9374	2055	32	5	611	35	89	501	5	0.59662	1.21559e+06	9.22084e-05	
11690	12844	2727	24.0112	26.0068	2046	29	7	650	1	81	513	6	1.21599	1.37436e+06	5.7346e-05	
11844	12631	2773	28.1662	30.2645	2027	30	8	601	4	87	493	5	0.790067	1.32575e+06	6.41355e-05	
11839	13203	2716	23.9156	25.991	2078	29	9	605	3	77	512	5	1.50698	1.29469e+06	5.69314e-05	
12022	12958	2728	25.8485	30.5659	2071	29	8	647	2	68	524	6	0.977069	1.31126e+06	6.13046e-05	
11698	13288	2790	29.655	26.0127	2133	30	8	647	10	72	494	5	1.86689	1.09895e+06	5.93437e-05	
11966	12920	2705	25.919	28.2021	2074	30	8	618	33	68	510	6	0.98744	1.34077e+06	6.01757e-05	
11743	12811	2786	27.5773	27.1206	2101	28	4	614	7	83	494	6	1.15417	1.25404e+06	5.8572e-05	
11679	13366	2781	30.2275	26.8292	2038	32	4	624	6	89	507	5	1.99347	1.0756e+06	6.03646e-05	
11318	13083	2763	35.8924	34.7777	2015	31	5	625	12	83	504	6	2.03076	801458	7.33084e-05	
11959	12686	2720	30.9348	32.7503	2039	29	6	623	6	82	458	6	0.71393	1.2206e+06	6.8348e-05	
12035	12675	2726	27.053	34.0335	2055	32	5	611	35	89	504	5	0.59662	1.2252e+06	9.16506e-05	
11945	12903	2709	28.3016	25.4784	2075	28	10	638	35	75	478	5	1.00226	1.30114e+06	5.88998e-05	
12076	12827	2759	30.1417	31.1586	2090	29	5	637	1	84	483	6	0.762847	1.29902e+06	6.44496e-05	
11911	12718	2713	35.0781	25.4408	2110	31	6	619	32	72	485	4	0.817015	1.26933e+06	6.22432e-05	
12076	12827	2759	30.1417	31.1586	2105	29	5	637	1	84	471	6	0.762847	1.29521e+06	6.47207e-05	
11882	12689	2708	28.2203	27.2604	2118	30	10	641	7	64	516	5	0.800413	1.37877e+06	6.14326e-05	
11614	13268	2732	37	33.8522	2127	32	4	621	22	68	512	5	1.91075	815435	7.17927e-05	
11911	12655	2728	33.2822	27.6188	2013	31	10	646	20	71	452	5	0.738197	1.23671e+06	6.56039e-05	
11848	12591	2738	32.2694	32.2951	2036	29	8	624	22	67	464	6	0.733436	1.16032e+06	6.85495e-05	
12055	12664	2726	34.4118	34.0135	2075	32	4	620	18	89	520	5	0.57458	1.2373e+06	7.3497e-05	
11518	13211	2770	31.2165	25.336	2011	29	7	633	14	85	507	6	1.96787	1.08035e+06	6.00709e-05	
12043	12602	2750	27.9242	34.0428	2101	32	8	610	11	76	464	5	0.500586	1.13311e+06	0.00011989	
11959	12662	2799	30.9348	33.3096	2039	29	6	625	6	84	458	6	0.702837	1.25087e+06	6.86813e-05	
11374	13326	2738	36.5617	32.8811	2054	32	9	643	9	69	512	5	2.27615	804154	7.24953e-05	
11651	13210	2793	37	35	2097	32	4	623	35	76	480	5	1.82828	804560	7.26903e-05	
11827	12715	2792	32.3021	26.7544	2137	32	10	626	20	67	489	5	0.937675	1.18979e+06	6.17589e-05	
11627	13359	2798	33.6434	28.5068	2080	29	7	604	2	79	499	4	2.06518	965604	6.32471e-05	
11813	12648	2791	32.1716	25.1386	2109	30	4	606	3	78	469	4	0.865752	1.35204e+06	5.99772e-05	
11902	12579	2776	35.3388	31.1887	2115	30	7	628	10	62	463	6	0.664862	1.20088e+06	6.88231e-05	
11573	12904	2787	31.671	33.4909	2081	30	10	647	27	66	501	4	1.49695	885327	6.85072e-05	
11994	13485	2798	35.3409	33.657	2128	30	6	606	23	86	472	6	1.79014	859838	6.79071e-05	
11961	12790	2740	29.2836	26.4913	2021	32	9	643	9	90	484	4	0.848467	1.33999e+06	6.07091e-05	
11648	13410	2713	34.2327	34.2574	2133	29	5	626	13	74	530	5	2.0475	835864	6.93529e-05	
11614	13245	2732	35.5728	33.8522	2127	32	5	621	22	87	506	5	1.87879	830582	7.02346e-05	
11790	12917	2737	32.7529	30.5727	2012	28	10	625	1	71	461	6	1.22948	955011	6.66089e-05	
12100	12586	2726	27.053	32.2271	2029	32	7	641	35	89	501	5	0.998226	1.19934e+06	6.06465e-05	
11165	12998	2727	35.018	34.6237	2092	28	6	614	21	68	483	5	2.06608	795242	7.45101e-05	
11693	12865	2734	36.2535	32.5051	2053	30	6	629	34	78	462	6	1.27942	866411	7.06914e-05	
11867	12739	2798	31.1725	28.9133	2100	32	10	629	17	65	494	4	0.920052	1.16611e+06	6.31353e-05	
11748	12903	2704	28.3016	25.4784	2118	28	10	637	35	75	478	5	1.23643	1.18035e+06	5.94636e-05	
11804	13093	2781	25.3685	26.9214	2101	28	8	630	28	65	514	6	1.44618	1.23871e+06	5.75407e-05	
11594	13220	2701	32.0663	34.2686	2001	31	9	650	8	81	501	4	1.84362	834619	7.04275e-05	
12013	13305	2758	25.2126	27.6616	2095	29	4	635	15	81	490	5	1.46504	1.23125e+06	5.80855e-05	
11514	13174	2729	33.0726	30.5812	2068	29	9	645	25	72	525	5	1.8966	905020	6.59761e-05	
11650	13204	2717	36.8436	32.6864	2060	30	8	607	33	65	495	4	1.77159	819405	7.13623e-05	
12092	12899	2759	30.1417	31.1586	2090	29	5	637	1	84	483	6	0.838421	1.24988e+06	6.31792e-05	
11614	13255	2732	35.5728	33.8522	2127	32	5	621	22	87	512	5	1.89232	831349	7.00918e-05	
12013	13305	2758	28.0406	27.5761	2120	29	4	638	23	81	501	5	1.4786	1.15297e+06	5.84044e-05	
12046	13442	2751	36.8814	29.5584	2053	29	4	619	25	74	528	6	1.63716	960919	6.4156e-05	
11904	13261	2787	27.8811	31.9068	2070	31	9	619	16	89	514	5	1.56853	1.00188e+06	6.29287e-05	
11951	12867	2714	33.2475	28.9911	2029	29	4	628	14	83	486	5	0.960411	1.12005e+06	6.33232e-05	
11542	13342	2713	33.1565	34.2574	2133	29	5	626	14	74	530	5	2.07874	843311	6.93241e-05	
11606	13210	2793	34.4435	33.4733	2097	32	6	619	1	76	509	4	1.88115	851579	6.89798e-05	
11654	13116	2783	33.4224	31.852	2049	29	8	629	1	85	459	6	1.68646	891299	6.75219e-05	
11498	12593	2760	30.7038	30.0304	2055	30	8	644	10	63	503	6	1.16077	1.01467e+06	6.53168e-05	
11664	13348	2720	30.9401	26.6387	2046	28	8	648	29	83	493	5	1.94465	1.03778e+06	6.11509e-05	
12046	13483	2751	36.8814	29.5584	2068	29	5	634	10	76	516	5	1.69392	946317	6.4156e-05	
11613	13348	2720	30.9401	26.7402	2046	28	8	648	26	83	493	5	2.00503	1.03011e+06	6.14515e-05	
12067	12754	2776	30.3456	29.0295	2082	30	8	637	11	63	516	5	0.682408	1.3672e+06	6.63878e-05	
11320	12717	2763	35.4699	34.7777	2008	31	7	624	12	74	511	6	1.54044	808530	7.34214e-05	
11896	13411	2701	35.614	31.3236	2016	29	7	648	34	65	528	6	1.74604	879591	6.70331e-05	
11827	12715	2798	31.5331	26.7544	2137	32	10	629	20	67	482	5	0.938379	1.20809e+06	6.16067e-05	
11853	13112	2738	34.6104	27.2574	2128	32	6	636	23	72	490	6	1.41556	1.02164e+06	6.34075e-05	
12041	12833	2800	29.8712	31.5609	2131	29	10	609	33	89	464	4	0.825764	1.24173e+06	6.39959e-05	
11995	13094	2716	29.0379	30.158	2021	29	8	628	5	71	501	5	1.19845	1.06821e+06	6.27589e-05	
12072	13103	2707	30.1766	28.2996	2004	28	5	606	23	69	468	5	1.11557	1.13686e+06	6.22549e-05	
11662	13234	2768	24.4041	25.8162	2044	31	7	623	15	83	502	5	1.79742	1.22915e+06	5.78102e-05	
11843	12747	2752	32.1197	32.1391	2047	30	9	631	3	76	466	6	0.946377	1.02744e+06	6.72993e-05	
11843	12710	2727	31.0393	32.1391	2049	29	8	631	6	79	465	6	0.887843	1.08302e+06	6.67468e-05	
12007	12962	2729	30.12	31.5762	2100	28	8	619	21	70	507	4	1.0169	1.08533e+06	6.36578e-05	
11995	12922	2775	36.4424	33.2847	2094	32	5	634	26	85	508	5	1.00373	958293	6.77553e-05	
12043	13496	2778	36.8304	31.4168	2020	30	8	627	31	83	499	5	1.73249	879973	6.63438e-05	
11741	13302	2712	27.5171	27.7529	2115	29	9	645	14	77	506	6	1.77562	1.08057e+06	6.00637e-05	
11473	12626	2757	34.3084	28.4737	2125	31	8	619	14	73	484	4	1.23746	972540	6.58675e-05	
11997	12827	2759	30.1417	31.1586	2059	29	4	637	1	84	492	6	0.860965	1.22717e+06	6.31433e-05	
11595	12615	2799	25.0175	28.1547	2048	28	7	613	14	88	524	4	1.06633	1.36872e+06	5.84761e-05	
11689	13121	2748	32.1697	32.09	2029	31	10	609	1	77	485	5	1.62826	889798	6.77507e-05	
11876	12970	2745	28.4506	27.7904	2108	32	9	637	9	81	461	4	1.1894	1.12489e+06	6.19886e-05	
11541	13135	2751	32.8698	34.4385	2116	32	7	650	13	83	508	6	1.82683	842303	6.97837e-05	
11920	12604	2742	30.4956	29.9461	2020	28	6	606	22	74	459	5	0.660234	1.32704e+06	6.86059e-05	
11633	13263	2715	26.7086	26.4395	2136	29	6	600	28	75	493	6	1.84975	1.14553e+06	5.9312e-05	
11916	13411	2763	36.1599	30.1292	2027	28	7	648	35	65	528	6	1.76187	916146	6.50364e-05	
12067	12754	2776	30.3456	30.3356	2082	30	8	641	15	63	516	5	0.682408	1.3354e+06	6.73174e-05	
12100	13155	2784	30.8452	29.4313	2140	31	6	635	31	73	477	5	1.18462	1.0889e+06	6.21427e-05	
12059	13057	2748	33.6987	25.9271	2141	28	7	634	20	74	476	5	1.09274	1.17075e+06	6.02337e-05	
11719	12922	2712	36.6566	30.1825	2081	29	5	643	9	76	494	6	1.31298	923254	6.73491e-05	
11696	12784	2736	34.3867	29.5307	2073	32	4	620	25	79	513	4	1.16909	995345	6.52699e-05	
11503	13019	2743	35.2684	33.7429	2101	29	6	612	11	83	516	5	1.71341	836687	7.00427e-05	
12070	13266	2748	26.4852	29.3239	2132	30	4	612	24	85	515	4	1.34298	1.17407e+06	5.90982e-05	
11545	13234	2768	24.4041	25.8162	2044	31	7	623	15	83	502	5	1.93796	1.21538e+06	5.82377e-05	
12066	12937	2784	30.8452	28.7661	2140	31	7	641	31	73	477	5	0.931394	1.21641e+06	6.17742e-05	
11924	13144	2717	35.4751	32.673	2053	32	6	614	22	63	488	4	1.36231	870605	7.00329e-05	
11835	13494	2736	33.0457	26.1005	2108	29	9	608	11	81	495	4	1.9544	1.03837e+06	6.06097e-05	
11635	13405	2711	36.4725	29.3398	2126	28	6	622	25	87	521	4	2.05623	911919	6.56642e-05	
11805	12641	2797	32.8775	25.1386	2099	30	5	621	9	67	474	4	0.8693	1.31562e+06	6.06281e-05	
11895	13058	2744	34.504	26.962	2049	30	7	640	35	65	469	5	1.2949	1.03514e+06	6.40123e-05	
11843	12710	2750	31.3044	32.2847	2043	31	9	639	8	78	467	6	0.895848	1.06562e+06	6.739e-05	
11690	12712	2779	35.525	26.4251	2150	28	7	601	8	74	480	5	1.10036	1.09316e+06	6.28417e-05	
11733	12971	2743	23.8038	26.932	2099	29	7	647	25	80	527	6	1.33784	1.33072e+06	5.71527e-05	
11961	12807	2721	33.9146	31.4031	2048	30	10	604	4	62	463	5	0.873146	1.03425e+06	6.8465e-05	
11904	13333	2787	27.8811	31.9068	2060	31	9	619	14	89	512	5	1.66828	992877	6.30398e-05	
11717	12791	2708	35.917	25.2468	2010	29	9	634	32	75	513	4	1.14249	1.07278e+06	6.26763e-05	
12067	12754	2771	30.3456	29.0295	2074	29	8	637	14	63	526	5	0.681179	1.36853e+06	6.61813e-05	
11799	13228	2750	35.0457	32.7939	2079	31	8	640	4	81	495	4	1.64489	857285	6.82314e-05	
11770	12754	2768	29.9167	33.5068	2089	32	7	618	17	68	524	5	1.04586	1.01678e+06	6.68047e-05	
11844	13438	2711	23.9156	25.991	2078	29	9	604	2	77	512	5	1.81546	1.25322e+06	5.69703e-05	
11394	12797	2779	29.1853	30.6253	2110	28	9	647	3	85	523	4	1.55773	992619	6.32151e-05	
11952	12991	2757	30.5102	35	2066	31	8	646	30	65	464	4	1.13496	935716	7.03433e-05	
11605	13090	2794	32.6522	32.8024	2131	29	7	632	30	78	530	4	1.71605	897279	6.60589e-05	
11487	12878	2712	31.1056	28.7819	2142	30	9	611	28	86	484	5	1.52222	980734	6.4156e-05	
11951	12958	2714	34.1573	28.1861	2040	30	4	628	14	80	489	5	1.08066	1.0826e+06	6.32431e-05	
11720	12734	2709	35.6938	28.5809	2067	28	7	606	8	64	476	5	1.06553	999591	6.65292e-05	
11265	12766	2736	35.7856	31.7008	2129	29	7	648	6	65	517	6	1.65302	854219	7.03136e-05	
11764	13116	2751	36.0575	31.852	2051	31	8	624	1	73	479	6	1.53691	863442	6.92473e-05	
11843	12905	2725	29.553	25	2045	31	8	616	35	64	509	4	1.1382	1.21298e+06	5.93754e-05	
11578	13163	2709	33.5203	34.2686	2041	31	9	650	8	88	501	4	1.79372	825543	7.04871e-05	
11802	12742	2722	31.4773	28.6415	2049	32	9	610	4	81	525	4	0.977831	1.1126e+06	6.27983e-05	
11951	12867	2714	33.2475	28.1861	2040	29	4	628	14	83	489	5	0.960411	1.14969e+06	6.24532e-05	
11741	13181	2712	27.5171	27.7529	2115	29	9	641	14	75	506	6	1.61318	1.09077e+06	6.01178e-05	
11854	13222	2789	33.6222	31.9242	2154	30	6	608	35	86	450	5	1.59067	910279	6.67646e-05	
11770	12754	2728	29.9167	32.741	2089	32	8	618	16	68	524	5	1.03075	1.02179e+06	6.6569e-05	
11331	12845	2727	34.9588	33.5767	2051	29	7	641	31	75	500	5	1.67405	825069	7.18804e-05	
12015	13366	2777	30.2275	26.8292	2038	32	4	624	6	89	483	5	1.57718	1.11004e+06	5.98158e-05	
12054	12641	2700	35.1798	27.4101	2019	30	5	640	3	73	497	5	0.541605	1.36798e+06	7.19891e-05	
11733	12971	2759	23.8038	27.3673	2099	29	7	647	25	76	529	6	1.34565	1.32087e+06	5.73954e-05	
11651	13042	2772	30.58	27.6084	2079	30	8	608	17	71	519	5	1.57835	1.04486e+06	6.11696e-05	
11981	13107	2799	31.5662	28.7568	2011	30	7	626	27	72	495	4	1.27646	1.05608e+06	6.19617e-05	
11747	12684	2708	32.5461	28.5017	2078	30	7	614	8	70	523	5	0.965473	1.10547e+06	6.31473e-05	
12089	12980	2721	31.6532	34.7334	2100	28	6	608	8	62	522	6	0.940264	1.01999e+06	6.7595e-05	
11498	12560	2760	30.6251	29.1833	2055	30	8	644	2	63	502	6	1.11778	1.04849e+06	6.44579e-05	
11733	12971	2792	23.8038	27.5685	2099	29	7	647	25	80	527	6	1.36174	1.32363e+06	5.71886e-05	
11702	13364	2776	36.6186	32.8154	2150	31	6	636	24	83	510	5	1.96749	846793	6.84838e-05	
11799	13228	2750	35.2843	32.7939	2079	31	8	649	4	86	495	4	1.64508	856431	6.81153e-05	
12072	13284	2796	31.2729	30.1546	2053	30	7	604	31	62	485	5	1.40423	1.00952e+06	6.36294e-05	
11804	13199	2762	36.2617	26.7694	2076	31	7	638	6	81	523	4	1.60725	1.00598e+06	6.25195e-05	
11747	12684	2708	32.5461	28.5017	2078	30	7	614	8	70	493	5	0.965473	1.09435e+06	6.4e-05	
12007	13144	2728	35.4751	32.7681	2090	30	5	626	21	63	472	4	1.2665	894921	6.92905e-05	
11743	13034	2738	35.4405	34.6526	2101	30	5	621	35	69	506	5	1.44477	835738	7.08516e-05	
11662	13234	2785	24.4041	25.8162	2044	31	7	618	15	83	502	5	1.80845	1.23377e+06	5.7617e-05	
11543	12726	2800	35.7253	25.5268	2118	29	7	630	33	82	517	5	1.30628	1.07708e+06	6.17513e-05	
11881	13219	2785	26.8732	27.362	2009	30	6	615	5	76	527	5	1.53384	1.1598e+06	5.83431e-05	
12037	13156	2787	26.8732	27.362	2030	30	6	615	1	78	527	6	1.25393	1.24471e+06	5.76269e-05	
12089	12882	2721	31.6532	34.7334	2100	28	6	608	8	62	522	6	0.811356	1.10751e+06	6.76911e-05	
11587	12872	2763	31.345	33.053	2055	29	6	612	8	64	524	5	1.42411	914882	6.73083e-05	
11705	13176	2768	32.9129	33.4218	2083	29	6	641	6	70	527	6	1.69667	881589	6.71998e-05	
11733	12971	2743	23.8038	26.932	2099	29	7	647	25	85	527	6	1.33784	1.33292e+06	5.70581e-05	
11696	12784	2784	34.3867	29.5307	2063	30	5	620	17	79	456	4	1.1896	985819	6.60458e-05	
11995	13094	2716	29.0379	30.6773	2030	29	7	628	4	71	482	5	1.19845	1.05265e+06	6.38162e-05	
11806	12902	2719	31.344	25.0361	2045	31	7	645	35	65	509	4	1.18024	1.16357e+06	6.02918e-05	
11770	12754	2758	29.9167	33.5068	2089	32	7	618	18	66	524	5	1.04208	1.01329e+06	6.70511e-05	
11748	13089	2765	28.8578	32.0626	2009	28	6	648	27	82	511	6	1.51599	981524	6.40779e-05	
11868	13026	2756	31.092	25.9799	2039	30	6	638	9	61	474	5	1.2858	1.13002e+06	6.13723e-05	
11859	12951	2705	33.5926	25	2081	30	6	637	12	87	477	6	1.1781	1.14888e+06	6.0957e-05	
11678	13000	2735	35.5024	30.8526	2088	32	7	638	26	68	495	4	1.47584	887875	6.84135e-05	
11794	12669	2709	31.5651	28.7767	2058	30	8	641	21	75	492	6	0.888948	1.15534e+06	6.36132e-05	
11535	13196	2770	28.3741	28.6427	2045	28	7	608	14	88	501	6	1.91968	1.04439e+06	6.13008e-05	
11954	12579	2776	35.3388	31.1887	2115	30	9	600	10	62	463	6	0.600466	1.24823e+06	7.08065e-05	
11508	12792	2787	33.9647	30.57	2042	30	5	623	17	76	529	6	1.42845	941117	6.57765e-05	
11938	13202	2796	36.7609	30.3472	2145	30	9	601	5	82	481	5	1.46511	917771	6.56987e-05	
11689	13183	2748	32.1697	31.6653	2029	29	10	609	1	77	521	5	1.71202	906416	6.57895e-05	
11692	13138	2762	36.2617	26.7694	2087	31	7	638	6	81	523	4	1.66023	996042	6.30517e-05	
12041	12833	2764	29.8712	31.5609	2131	29	10	609	33	89	492	4	0.815147	1.24686e+06	6.36051e-05	
11857	13229	2790	35.2548	28.3416	2112	29	4	637	18	74	522	5	1.59878	1.0091e+06	6.22704e-05	
11764	13116	2746	32.4368	31.852	2059	31	8	629	1	83	457	6	1.53042	903330	6.76453e-05	
11961	12807	2721	30.0397	31.4031	2067	29	10	604	4	64	463	5	0.866674	1.14397e+06	6.62691e-05	