11209	13500	2701	37	34.8469	2051	32	10	627	13	65	486	4	2.66947	750360	7.76458e-05	
12100	12550	2700	28.6927	34.7862	2052	30	7	631	11	62	504	6	0.358558	848660	0.00029577	
12100	12550	2700	28.6844	25.5215	2098	30	8	629	14	62	507	5	0.358532	905078	0.000285959	
12100	13425	2793	21.0355	25	2114	28	5	627	7	86	530	5	1.49701	1.67744e+06	5.25486e-05	
11163	13295	2700	37	35	2055	32	9	624	9	65	488	5	2.44321	749656	7.80031e-05	
12100	13411	2770	21	25	2160	28	6	637	11	87	530	4	1.46462	1.68242e+06	5.25845e-05	
11209	13442	2701	37	34.8469	2056	32	10	627	9	65	494	4	2.59057	752219	7.73096e-05	
11209	13391	2701	37	34.8469	2056	32	10	627	9	65	492	4	2.52148	752004	7.73754e-05	
11209	13500	2701	37	34.8469	2056	32	10	627	13	65	486	4	2.66947	750680	7.76096e-05	
11357	13353	2700	37	35	2137	32	9	629	13	61	492	5	2.30064	758510	7.63359e-05	
12100	13497	2793	21	25	2092	28	6	616	17	86	529	5	1.5976	1.62407e+06	5.27204e-05	
11300	13266	2706	37	35	2100	32	10	624	9	68	512	5	2.25396	760943	7.57518e-05	
11277	13357	2700	37	35	2091	32	10	624	7	67	492	5	2.39745	754767	7.67342e-05	
12100	13296	2787	22.4416	25	2127	30	5	626	16	86	530	5	1.33436	1.58779e+06	5.33419e-05	
12100	12550	2705	28.741	35	2000	30	8	603	12	62	504	6	0.359371	848943	0.00029163	
12100	13466	2781	21	25	2115	28	7	634	16	83	530	5	1.54728	1.63934e+06	5.27482e-05	
12100	13296	2793	22.4416	25	2127	28	5	640	14	86	529	5	1.33723	1.60216e+06	5.28569e-05	
12100	13455	2793	21	25	2093	28	6	629	16	86	529	5	1.5385	1.64792e+06	5.2687e-05	
12100	12573	2743	27.6898	35	2132	32	5	620	18	61	514	5	0.390416	861441	0.000283527	
11230	13391	2701	37	34.8469	2056	32	10	629	9	65	492	4	2.49768	752619	7.7238e-05	
11296	13435	2708	36.8719	35	2004	29	10	632	16	65	492	4	2.48856	757461	7.62718e-05	
12100	13435	2793	21	25	2092	28	7	622	17	86	530	5	1.51042	1.65904e+06	5.27259e-05	
11302	13349	2700	37	35	2091	32	10	624	7	69	492	5	2.35817	756432	7.64292e-05	
11277	13299	2700	37	35	2099	32	9	624	8	66	500	5	2.31942	757728	7.64351e-05	
11716	13379	2785	37	35	2073	30	10	628	20	90	515	4	1.97786	796839	7.07214e-05	
11343	13266	2700	37	34.997	2108	32	10	643	19	68	513	4	2.1998	761892	7.54546e-05	
12040	12720	2701	36.0993	25.6389	2059	29	7	648	35	75	473	4	0.660627	1.36048e+06	6.39754e-05	
12099	12550	2700	28.7862	35	2140	31	7	613	15	63	506	4	0.360066	861785	0.000281532	
12100	12550	2727	28.7862	34.7083	2134	31	7	602	16	61	503	6	0.362433	859961	0.000285225	
11517	13387	2717	37	35	2032	31	10	609	7	75	520	4	2.17535	769877	7.38716e-05	
12078	13497	2793	21	25	2092	28	6	616	17	87	529	5	1.62538	1.60879e+06	5.27649e-05	
12100	12550	2734	28.741	34.5255	2147	31	8	610	14	62	502	6	0.363224	857752	0.00028885	
12100	12550	2701	30.2512	31.8584	2114	31	6	616	20	65	512	6	0.362858	988138	0.000198373	
12100	12550	2701	28.7737	26.6017	2074	28	8	600	13	73	502	5	0.358939	907456	0.000278087	
11163	13219	2700	37	35	2055	32	9	621	9	65	488	5	2.34152	749916	7.80031e-05	
11768	13446	2713	37	35	2010	31	10	630	14	84	506	4	1.95592	779195	7.23641e-05	
12100	13235	2791	22.3576	25	2102	28	7	639	13	81	526	5	1.25084	1.64249e+06	5.3496e-05	
12055	12556	2720	26.756	34.8444	2112	30	8	619	9	75	514	5	0.416835	892757	0.000258598	
12100	12550	2701	31.9459	25.9498	2077	31	6	636	3	83	502	5	0.366158	1.10979e+06	0.000153492	
12096	12554	2713	30.691	35	2092	29	8	602	12	74	515	5	0.375442	1.01043e+06	0.000172473	
11296	13391	2700	37	34.8469	2067	32	10	629	8	65	491	4	2.42169	754529	7.67636e-05	
11277	13339	2700	37	34.9113	2104	29	10	620	8	62	492	5	2.3732	759077	7.61847e-05	
11260	13391	2701	37	34.8469	2109	32	10	627	12	65	492	4	2.4636	756054	7.66695e-05	
11729	12961	2718	36.7191	35	2076	31	8	620	12	72	490	5	1.35528	805635	7.3046e-05	
12100	12940	2790	29.6171	25.7054	2081	28	10	622	11	75	526	5	0.891658	1.40996e+06	5.6912e-05	
12100	12550	2700	29.1522	34.4397	2086	30	8	623	11	89	504	6	0.359919	908215	0.000254194	
12087	12550	2713	29.4956	34.8027	2054	29	9	600	6	66	501	5	0.378549	970772	0.00019972	
11753	13379	2785	35.9977	35	2073	30	10	638	15	90	515	4	1.93209	809175	6.98714e-05	
12100	12550	2732	29.0729	34.5647	2118	32	9	605	22	65	482	5	0.363955	892464	0.000260756	
12087	13196	2785	23.8248	25	2142	28	9	628	14	76	528	5	1.22585	1.52389e+06	5.36107e-05	
11998	13217	2750	35.7025	35	2005	29	8	627	11	73	519	5	1.3869	836972	6.9735e-05	
12100	12550	2700	33.0241	29.2311	2103	30	8	629	17	62	524	5	0.3676	1.08952e+06	0.000140548	
12100	12554	2730	29.0729	34.6784	2021	30	9	605	1	61	486	5	0.368813	909873	0.000246002	
12100	12550	2700	28.7344	31.2889	2123	31	7	618	20	70	495	5	0.358686	874148	0.000287026	
12099	12554	2727	29.4743	35	2134	31	7	607	8	61	511	6	0.370764	943972	0.000219829	
12100	13359	2754	23.293	25.0141	2088	28	7	620	17	85	530	6	1.41404	1.46235e+06	5.37028e-05	
12066	12714	2798	36.5039	25	2019	29	8	638	23	66	510	5	0.643813	1.43543e+06	6.30636e-05	
12094	12989	2800	28.132	25	2048	28	8	628	14	76	529	5	0.964334	1.46008e+06	5.54754e-05	
12100	13317	2789	22.532	25	2119	29	6	645	9	83	530	5	1.36552	1.56031e+06	5.3166e-05	
12100	12550	2722	28.1616	34.6528	2127	30	8	600	11	65	507	5	0.361177	876460	0.000274574	
12098	12867	2781	32.1734	25.0617	2034	30	7	624	19	73	512	5	0.798731	1.42231e+06	5.89275e-05	
12100	12576	2714	28.1616	34.6528	2141	30	8	600	11	65	503	5	0.391819	924352	0.000232612	
12100	12550	2700	31.4542	25.5215	2098	30	8	629	14	62	507	5	0.365177	1.0908e+06	0.00016247	
11780	13454	2785	37	35	2073	30	10	627	20	90	515	4	2.00431	798025	7.0373e-05	
11787	13353	2711	36.3086	35	2076	28	10	641	17	69	499	4	1.80514	790662	7.18752e-05	
12099	12554	2727	28.7862	35	2144	31	7	607	15	62	510	6	0.368786	888097	0.000262467	
11504	13288	2706	37	35	2020	31	9	646	11	69	514	5	2.04811	769424	7.44823e-05	
11296	13399	2701	36.9344	35	2113	32	10	624	9	65	492	5	2.43338	756171	7.65521e-05	
12100	12589	2700	27.3274	35	2098	31	6	608	18	72	509	6	0.403204	897861	0.00025227	
12100	12550	2714	34.6221	35	2148	31	8	600	15	67	513	4	0.37126	1.06864e+06	0.000127877	
12100	12550	2700	30.754	32.3397	2086	30	9	623	18	67	526	4	0.36382	1.00771e+06	0.000182916	
12100	12550	2701	28.7737	27.8155	2050	28	8	600	4	73	496	5	0.358939	897719	0.000279642	
12100	12597	2775	23.8248	25	2154	28	6	623	12	76	524	5	0.384424	1.0676e+06	0.000129049	
11961	12719	2737	34.0405	25.9414	2067	31	10	640	0	79	523	5	0.763492	1.3164e+06	6.09013e-05	
11576	13363	2707	37	35	2112	32	10	626	11	72	474	5	2.06588	766304	7.49625e-05	
12083	12906	2786	28.4691	25	2106	29	9	618	14	77	519	5	0.862602	1.49001e+06	5.70809e-05	
12100	12550	2700	31.2389	25.2834	2094	28	10	633	19	72	501	5	0.36478	1.08762e+06	0.0001665	
12100	12977	2782	26.0832	25	2138	29	7	622	9	83	530	5	0.92543	1.56606e+06	5.61325e-05	
12100	12833	2773	33.8603	27.1922	2062	31	8	632	20	71	511	5	0.750899	1.32382e+06	6.18353e-05	
11713	13447	2712	36.3086	35	2076	28	9	643	17	72	495	5	2.02171	787392	7.22282e-05	
12100	12550	2700	29.0669	30.685	2123	31	6	614	17	70	506	5	0.359675	914133	0.000257599	
12100	12550	2701	30.9871	34.9258	2098	28	8	621	4	67	515	5	0.364428	1.00148e+06	0.000178508	
12099	12550	2727	28.7862	34.9274	2136	31	7	603	16	61	503	6	0.363667	864655	0.000280584	
12100	12550	2700	31.1507	34.9553	2105	31	8	606	17	61	507	5	0.364612	1.002e+06	0.000175131	
12100	12550	2700	32.4211	35	2062	31	7	600	19	64	502	6	0.366762	1.03325e+06	0.000151883	
12100	12550	2709	34.7927	35	2140	29	8	611	19	71	523	6	0.370727	1.07311e+06	0.00012663	
12100	13180	2783	24.818	25.0248	2108	28	9	644	5	78	530	5	1.1943	1.47159e+06	5.38735e-05	
11303	13415	2713	36.6449	35	2010	31	10	630	15	62	515	4	2.45778	759850	7.60572e-05	
12069	13115	2773	26.4369	25	2141	28	7	630	27	77	520	5	1.14973	1.41463e+06	5.47016e-05	
12019	12616	2784	36.1124	28.3929	2028	30	10	621	15	75	508	4	0.570119	1.32463e+06	6.93433e-05	
12100	13120	2783	23.8248	25	2132	28	5	628	13	67	530	5	1.10457	1.61471e+06	5.43183e-05	
11744	13488	2701	36.5661	35	2059	32	9	650	3	80	512	5	2.03267	782725	7.23066e-05	
11917	12743	2772	30.4053	26.9105	2111	29	7	614	21	78	529	5	0.853516	1.35689e+06	5.8872e-05	
11658	13275	2716	37	35	2137	32	10	624	13	69	483	5	1.85698	775259	7.41015e-05	
12100	12685	2702	37	25	2054	30	4	633	35	75	529	4	0.543247	1.47569e+06	6.87049e-05	
12100	12940	2730	29.6171	25.3521	2087	28	9	622	11	75	526	5	0.872483	1.41676e+06	5.72246e-05	
12100	12550	2700	31.8054	32.3196	2043	29	8	641	21	72	501	5	0.365789	1.04271e+06	0.000159795	
12100	12550	2700	29.9537	25.9132	2079	31	6	614	5	71	522	5	0.362022	1.02013e+06	0.000205002	
12004	12601	2753	37	29.4337	2073	31	9	621	21	86	528	5	0.563325	1.29617e+06	6.95701e-05	
12085	12589	2700	27.0733	35	2098	31	7	611	17	72	517	6	0.42047	937637	0.000223264	
12100	13044	2782	25.3677	25	2157	29	5	622	9	85	526	5	1.012	1.57135e+06	5.48456e-05	
12100	12550	2700	32.8502	27.359	2063	29	8	631	3	68	507	5	0.367369	1.10849e+06	0.000141583	
12100	13147	2781	24.0082	25.0248	2124	29	6	650	3	80	530	5	1.14218	1.5644e+06	5.39695e-05	
12100	12797	2718	33.4224	26.5656	2094	29	7	623	18	86	521	5	0.688628	1.39437e+06	6.18812e-05	
12085	12587	2738	37	28.6186	2159	32	7	623	8	79	512	6	0.442306	1.25998e+06	8.76117e-05	
12100	13425	2782	21.0355	25	2114	28	6	627	7	86	529	5	1.49112	1.66639e+06	5.27093e-05	
12100	12550	2735	29.0729	34.6116	2111	32	9	605	19	62	484	5	0.364355	891618	0.00026096	
12100	13240	2787	35.6623	25	2112	28	8	647	14	75	520	5	1.30913	1.14931e+06	5.85309e-05	
12100	12550	2700	29.804	25.475	2110	29	10	640	17	67	508	5	0.361654	1.01136e+06	0.000210793	
11163	13016	2706	37	35	2094	32	9	624	9	65	488	5	2.07734	754294	7.76337e-05	
12100	12550	2740	35.9997	34.7477	2151	32	8	618	12	70	523	4	0.37587	1.09779e+06	0.000117883	
12100	12550	2700	32.3812	25.9446	2045	31	7	641	9	84	513	4	0.366702	1.11753e+06	0.000146821	
12100	12806	2718	33.4224	26.5656	2094	29	7	640	16	86	521	6	0.700335	1.39788e+06	6.14666e-05	
12100	12883	2722	36.388	25.6915	2050	31	8	619	8	68	518	4	0.804543	1.26394e+06	6.18544e-05	
12100	13264	2791	22.3576	25	2098	28	7	646	15	75	524	5	1.29093	1.61828e+06	5.34931e-05	
12100	12550	2705	28.741	34.5255	2000	30	8	603	12	76	504	6	0.359371	856946	0.000289855	
11304	12917	2723	37	35	2002	32	9	642	8	70	479	5	1.79841	760954	7.70951e-05	
12100	12550	2700	30.8447	26.13	2063	28	8	634	3	72	501	5	0.364007	1.06381e+06	0.000176336	
12100	12550	2703	28.8981	35	2112	31	6	634	13	63	502	6	0.35958	873052	0.000275786	
12068	12550	2700	37	33.9506	2097	30	7	600	18	69	505	6	0.409959	1.15478e+06	9.79912e-05	
12100	13475	2800	21.8243	25	2101	28	6	626	13	84	529	5	1.58342	1.54125e+06	5.27732e-05	
12100	12550	2700	33.6645	27.147	2102	29	6	636	11	74	511	5	0.368377	1.13218e+06	0.00013245	
11975	13345	2800	36.9013	33.8885	2061	29	10	605	16	88	495	4	1.61963	834576	6.8573e-05	
12100	13120	2775	23.8248	25	2154	28	6	623	12	76	524	5	1.10139	1.60549e+06	5.43242e-05	
12039	13063	2797	25.5717	25	2086	29	4	627	10	80	530	5	1.12164	1.49518e+06	5.43301e-05	
11788	13357	2768	36.6186	33.51	2136	31	10	631	12	81	530	4	1.84757	828069	6.86059e-05	
11893	12890	2715	36.8377	35	2097	31	9	605	11	71	503	4	1.06401	854405	7.19683e-05	
12043	12578	2701	25.6624	34.601	2130	30	8	612	15	73	494	4	0.450931	903329	0.000247341	
11937	13425	2771	31.0203	25	2092	28	8	645	10	84	528	6	1.75419	1.14815e+06	5.67054e-05	
12100	12550	2700	30.3975	26.3164	2066	30	8	640	12	75	524	5	0.363054	1.04411e+06	0.000188964	
12098	12867	2790	32.1734	25.0617	2034	30	7	621	17	75	512	5	0.801316	1.42568e+06	5.87648e-05	
12100	13423	2793	21.9993	25	2092	28	6	626	17	86	529	5	1.50882	1.54875e+06	5.29101e-05	
12100	12550	2700	29.7485	30.5437	2160	30	7	625	13	70	516	5	0.361514	969911	0.000217108	
12093	12965	2800	37	34.5222	2017	30	7	625	8	75	517	6	0.947711	950813	6.8899e-05	
12085	13359	2792	22.7421	25	2092	28	7	620	17	85	525	6	1.44678	1.50629e+06	5.33333e-05	
12093	12601	2748	37	28.853	2145	29	9	624	16	78	502	5	0.452095	1.25549e+06	8.56898e-05	
12055	13038	2795	26.5125	25	2131	29	10	621	12	76	528	5	1.07167	1.44613e+06	5.47765e-05	
12100	12550	2700	28.8736	30.6593	2050	31	6	634	13	65	518	5	0.359108	895136	0.000273373	
12100	12685	2716	37	25	2061	30	4	633	35	71	529	4	0.546062	1.4802e+06	6.85401e-05	
11504	13425	2705	37	35	2004	31	9	643	4	69	512	5	2.23239	766484	7.46324e-05	
12100	12553	2705	34.6699	35	2112	31	7	609	22	62	509	5	0.37388	1.07652e+06	0.000125502	
12100	12550	2700	30.2076	26.0643	2098	30	6	641	23	73	509	5	0.362623	1.03989e+06	0.000195198	
12094	12550	2706	31.5542	33.725	2147	31	10	602	20	63	491	4	0.373513	1.0326e+06	0.00015753	
11517	13354	2717	37	35	2041	31	9	637	10	75	518	5	2.13053	774134	7.36703e-05	
12100	12550	2700	35.0446	32.5104	2052	31	8	647	3	70	523	4	0.369705	1.09595e+06	0.000123747	
12100	12550	2700	33.5534	33.7273	2080	30	8	617	14	67	500	5	0.36825	1.06214e+06	0.000137193	
12100	13120	2780	25.412	25	2132	28	5	610	13	67	530	5	1.11487	1.51106e+06	5.428e-05	
12100	12644	2727	36.5737	34.9684	2078	32	9	607	13	61	493	4	0.495132	1.18947e+06	8.1646e-05	
12100	12550	2700	29.8569	30.5437	2160	30	7	610	13	70	516	5	0.361785	974422	0.000212495	
12100	13435	2793	21.8243	25	2092	28	6	622	17	86	529	5	1.52327	1.56077e+06	5.28793e-05	
12100	13489	2792	34.5555	35	2097	28	8	647	8	72	524	4	1.65791	847634	6.73219e-05	
11304	13228	2723	37	35	2002	32	9	642	8	70	479	5	2.21227	756668	7.70951e-05	
11783	13338	2795	32.6433	28.8421	2155	29	10	639	25	88	519	4	1.84148	980325	6.1207e-05	
12099	12564	2700	29.4766	34.8166	2090	30	7	603	18	78	505	4	0.379776	977349	0.000196117	
12100	12550	2700	28.8835	34.2125	2097	30	7	600	19	61	523	6	0.359138	869896	0.000276932	
11493	13228	2717	37	35	2000	32	9	643	10	71	485	4	1.98849	763523	7.56544e-05	
12100	12550	2716	36.5562	35	2050	30	8	624	23	78	494	4	0.372895	1.09898e+06	0.000115647	
12100	12550	2700	31.1429	26.6165	2065	31	7	612	17	75	514	5	0.364597	1.07012e+06	0.000169607	
11960	13027	2726	30.0647	25	2028	29	9	621	17	81	509	5	1.15915	1.21812e+06	5.79341e-05	
11465	13215	2714	36.9441	35	2000	32	9	642	8	71	479	5	2.00145	762097	7.60919e-05	
12100	12584	2700	27.3274	34.7671	2098	31	8	602	18	77	514	6	0.396852	872274	0.000272405	
12100	12550	2700	30.3575	26.0643	2094	30	6	641	5	70	508	5	0.362965	1.0452e+06	0.000190295	
11376	13324	2700	37	34.997	2124	32	9	643	18	68	513	4	2.23978	764822	7.50638e-05	
12100	12559	2700	31.1612	34.9498	2110	31	8	611	18	61	499	6	0.376037	1.02143e+06	0.00016176	
12100	13497	2793	21.8243	25	2092	28	6	621	17	86	529	5	1.61044	1.52758e+06	5.28737e-05	
12100	12550	2786	28.4691	31.6626	2065	28	9	615	14	71	515	4	0.360398	975750	0.000235682	
12100	12550	2712	34.6846	35	2140	29	8	616	18	73	522	5	0.371042	1.07128e+06	0.000127356	
12100	13295	2700	37	35	2068	32	9	624	9	65	482	5	1.34267	809971	7.2812e-05	
12081	13425	2775	24.3148	25	2115	28	6	634	7	86	529	5	1.54916	1.36841e+06	5.35676e-05	
11505	13021	2715	37	35	2030	30	9	645	8	75	512	5	1.69726	781404	7.37354e-05	
12100	12979	2724	32.6911	29.5929	2072	31	10	637	13	78	530	4	0.92806	1.12615e+06	6.23869e-05	
12011	13399	2779	36.4046	27.9679	2097	30	8	626	17	80	523	5	1.63738	984279	6.22278e-05	
11785	13357	2789	33.5562	33.33	2122	31	10	621	12	81	530	4	1.86272	865795	6.66889e-05	
12100	13196	2785	23.8248	25	2148	28	9	628	14	75	528	5	1.20948	1.53529e+06	5.36021e-05	
12100	13407	2793	21.8243	25	2093	28	6	625	17	87	529	5	1.48403	1.57889e+06	5.28597e-05	
12100	12550	2700	29.5383	26.9456	2079	29	6	641	14	66	530	5	0.360973	987269	0.000224467	
12095	13062	2782	26.0832	25	2138	29	5	622	9	77	530	5	1.04682	1.51465e+06	5.45554e-05	
12084	12550	2713	35.5582	35	2103	29	8	611	19	71	519	6	0.391505	1.10725e+06	0.000111508	
12100	12550	2702	30.9226	31.0806	2157	31	6	617	5	72	506	5	0.364434	1.02454e+06	0.000177588	
11879	13500	2794	30.2582	26.5602	2054	29	7	636	7	89	505	5	1.94471	1.0842e+06	5.84761e-05	
12100	12550	2700	29.1522	35	2086	30	8	613	11	62	501	6	0.359919	893470	0.000256345	
12039	12550	2706	36.7287	34.1707	2045	29	10	615	25	62	489	5	0.446119	1.17459e+06	8.90076e-05	
12100	12550	2700	31.3102	25	2050	28	8	622	4	73	501	5	0.364913	1.0947e+06	0.000164908	
12100	13425	2793	21.0355	25	2114	28	6	627	6	86	529	5	1.49701	1.66993e+06	5.25984e-05	
11504	13366	2706	37	35	2000	31	9	644	5	69	514	5	2.15327	767718	7.45879e-05	
12041	12914	2712	32.3425	25.475	2104	29	10	642	19	70	501	5	0.910378	1.26796e+06	5.94778e-05	
12099	12550	2700	29.2026	34.8227	2114	31	9	613	17	74	496	6	0.361283	906342	0.000248201	
12100	12550	2700	28.8981	27.2706	2097	30	7	614	13	65	530	5	0.359181	917096	0.000267666	
12100	12550	2700	35.8059	35	2099	31	7	630	22	62	509	5	0.37026	1.08809e+06	0.000120091	
12096	12598	2740	37	27.4269	2056	29	7	633	9	83	488	5	0.443189	1.28271e+06	8.70853e-05	
12020	13327	2784	37	33.7296	2063	30	10	626	15	90	495	4	1.52923	840112	6.83247e-05	
11916	12609	2707	33.1192	29.3544	2158	31	8	628	25	79	502	5	0.667475	1.28731e+06	6.55652e-05	
12100	12550	2700	28.8835	28.9862	2093	30	7	611	19	67	523	5	0.359138	903429	0.000270709	
12100	13296	2777	22.4416	25	2127	30	5	626	15	86	527	5	1.32957	1.58459e+06	5.35217e-05	
12100	12550	2705	28.741	34.5255	2000	30	7	607	13	62	504	6	0.359371	852746	0.000291036	
12100	13414	2781	21	25	2160	29	7	637	11	87	530	4	1.47462	1.67456e+06	5.26981e-05	
12099	12550	2700	30.7844	34.2125	2089	29	8	603	13	60	511	6	0.365105	996697	0.00018205	
12100	12550	2705	30.0202	35	2101	31	8	609	22	63	507	5	0.362853	956221	0.000209424	
12028	12550	2723	37	32.1719	2110	31	10	635	4	86	518	5	0.46253	1.20812e+06	8.3956e-05	
12100	12550	2700	31.0387	25.475	2110	29	10	639	16	67	508	5	0.364395	1.07585e+06	0.000171174	
12062	12989	2792	27.5063	25	2076	29	7	621	13	77	530	5	0.999565	1.45561e+06	5.53434e-05	
12100	12550	2700	28.8835	29.3968	2115	30	7	605	19	64	523	6	0.359138	899349	0.000271518	
11928	12801	2769	30.7025	25	2123	30	10	628	15	83	509	4	0.916351	1.34109e+06	5.76568e-05	
12011	12550	2703	37	32.6349	2086	31	8	625	16	62	516	6	0.479789	1.21605e+06	8.08081e-05	
11415	12550	2740	37	34.8346	2107	28	10	624	20	73	525	6	1.20173	818951	7.30353e-05	
12093	12550	2703	37	25.6864	2101	31	8	605	18	62	505	6	0.379883	1.24014e+06	0.00010543	
12100	12550	2701	29.5821	34.5622	2103	30	7	603	19	72	508	6	0.361221	933008	0.00022899	
12094	12964	2800	31.0504	25	2048	28	8	628	14	76	529	5	0.938353	1.38601e+06	5.63349e-05	
12057	13076	2783	36.1756	25.3318	2077	31	8	626	4	86	510	5	1.13713	1.15143e+06	6.00853e-05	
12100	12550	2700	29.3248	29.2311	2098	30	6	629	17	67	500	5	0.3604	947484	0.000238949	
12100	13359	2792	22.7421	25	2092	28	8	620	17	85	525	6	1.42784	1.51107e+06	5.3322e-05	
11840	12751	2774	30.6143	25.8938	2115	29	7	629	19	79	530	5	0.960066	1.31074e+06	5.78202e-05	
12100	12550	2700	29.3097	34.2125	2097	30	7	601	17	65	523	6	0.360358	910980	0.000244678	
12100	12567	2756	36.7287	26.4051	2010	31	9	647	14	88	515	5	0.400472	1.24289e+06	0.000100806	
12062	12968	2779	28.4691	25	2065	28	9	620	10	78	515	5	0.970115	1.41749e+06	5.60444e-05	
12049	12552	2700	35.9443	25.3075	2017	31	9	647	13	86	512	5	0.435065	1.29564e+06	8.93895e-05	
12062	12989	2792	27.5063	25	2076	29	8	621	13	77	530	5	0.999565	1.45403e+06	5.53802e-05	
11812	13357	2768	36.6186	33.51	2136	31	10	621	12	81	530	4	1.81826	829269	6.85589e-05	
12100	12550	2700	29.4766	29.4352	2105	30	5	602	5	63	499	6	0.36081	953457	0.000231054	
12100	12550	2702	30.4286	34.3207	2034	30	8	650	27	75	515	5	0.363392	993408	0.000193461	
12100	12906	2709	30.0867	25	2094	31	9	619	9	77	515	5	0.82244	1.42125e+06	5.86682e-05	
12100	12550	2700	32.1307	26.5316	2113	28	10	640	19	67	508	5	0.366318	1.09806e+06	0.000150989	
11304	13228	2714	37	35	2002	32	9	642	8	69	479	5	2.20496	754775	7.73036e-05	
11555	13363	2707	37	35	2004	32	10	623	11	72	474	5	2.09047	759992	7.5838e-05	
12100	12889	2722	36.388	25.6915	2050	31	8	641	4	68	518	4	0.81241	1.25817e+06	6.17284e-05	
11349	13446	2713	36.5617	35	2010	31	10	628	15	62	514	4	2.44711	761834	7.57461e-05	
12100	12550	2700	30.435	25.712	2078	31	8	636	12	71	515	5	0.363137	1.04868e+06	0.000187617	
12100	13435	2782	21	25	2092	28	6	621	20	86	530	5	1.50447	1.66068e+06	5.2815e-05	
12100	12550	2700	28.9738	33.2495	2114	31	7	601	20	65	501	6	0.359405	884864	0.00026824	
12100	12550	2700	29.322	30.2822	2160	31	7	625	3	72	516	5	0.360392	942046	0.000239521	
12100	12550	2700	29.6693	26.9751	2098	30	6	617	13	68	503	5	0.361313	989418	0.000218484	
11788	13413	2716	36.7191	34.9654	2091	31	9	620	8	71	505	5	1.88902	786914	7.22857e-05	
11498	12590	2736	37	34.9684	2087	32	6	615	13	62	493	5	1.15411	816277	7.494e-05	
12100	12550	2726	29.3341	34.9508	2117	31	7	605	13	66	517	6	0.363896	914711	0.000242542	
12100	12555	2710	35.1148	35	2127	29	8	616	21	71	530	6	0.377489	1.0857e+06	0.000120773	
12100	12550	2700	28.9738	31.8584	2114	30	7	603	20	65	501	6	0.359405	893768	0.000266667	
12100	12563	2709	29.8569	34.0741	2098	31	7	611	21	65	513	5	0.379523	995099	0.000186498	
12100	12550	2711	29.2062	34.3278	2056	30	10	611	23	64	494	4	0.361538	903698	0.000251446	
12062	13075	2792	27.5063	25.5604	2060	29	7	621	13	77	530	5	1.11655	1.35963e+06	5.56483e-05	
12100	12830	2771	32.8447	26.095	2158	28	7	630	18	86	521	6	0.745106	1.43239e+06	5.93965e-05	
12100	13264	2791	22.3576	25	2099	28	7	639	15	81	526	5	1.29093	1.62109e+06	5.33134e-05	
12100	13472	2781	21.9359	25	2115	28	7	634	16	83	530	5	1.57	1.52568e+06	5.29409e-05	
12011	12964	2774	29.8666	25	2115	29	7	622	21	79	529	5	1.03074	1.35019e+06	5.61545e-05	
11982	12590	2738	36.5346	26.9924	2049	31	10	630	16	74	522	6	0.572865	1.34718e+06	6.78979e-05	
12086	12968	2777	28.4691	25	2065	28	9	615	10	76	515	5	0.93932	1.44159e+06	5.62493e-05	
12100	12550	2702	30.3376	34.1904	2045	30	8	614	16	66	513	4	0.363189	977533	0.000197044	
12100	12550	2700	29.0482	27.2994	2156	28	10	633	19	72	503	5	0.359621	940312	0.000255037	
12100	13435	2793	21	25	2092	28	6	628	17	86	530	5	1.51042	1.66281e+06	5.26787e-05	
12100	12589	2700	27.6833	35	2098	31	6	606	16	72	503	6	0.40459	934567	0.000225378	
12100	12589	2707	27.7509	35	2098	30	8	604	19	77	509	6	0.405892	940957	0.000220556	
12100	13059	2795	29.9859	25	2046	30	7	620	14	75	524	5	1.05585	1.32871e+06	5.65004e-05	
12100	12550	2721	33.0987	35	2160	29	9	615	19	84	524	6	0.370556	1.0501e+06	0.000142045	
12085	12554	2719	28.7862	34.5829	2057	30	7	612	7	62	502	5	0.384919	949417	0.000216544	
11824	13339	2745	37	34.1202	2148	29	9	636	12	78	519	4	1.76412	815849	6.94975e-05	
11876	13375	2709	36.9715	35	2082	30	8	646	10	73	525	5	1.72724	797369	7.10985e-05	
12061	13500	2733	30.0943	26.5602	2054	29	7	627	8	89	498	5	1.67919	1.09564e+06	5.86166e-05	
12100	12550	2700	29.1522	34.7016	2086	30	8	613	11	62	501	6	0.359919	894802	0.000256082	
12060	12979	2774	28.6541	25	2127	29	9	615	14	77	515	5	0.986274	1.40181e+06	5.60632e-05	
12100	12550	2702	31.2032	35	2128	28	7	600	6	70	509	5	0.364983	1.00502e+06	0.000173551	
12055	13038	2795	26.5125	25	2131	29	9	617	12	76	528	5	1.07167	1.45237e+06	5.47495e-05	
12100	12906	2761	29.1428	25	2085	29	9	625	16	75	525	4	0.835723	1.46841e+06	5.75639e-05	
12100	12554	2743	35.3087	35	2132	31	7	620	18	70	514	6	0.38095	1.09659e+06	0.000119489	
11994	12550	2706	35.4387	34.1707	2045	29	10	615	22	62	490	5	0.500065	1.19707e+06	8.1057e-05	
12100	12550	2700	28.7344	30.685	2123	31	7	600	15	70	501	6	0.358686	874689	0.000286697	
12100	12550	2716	35.0447	35	2057	31	7	625	15	79	516	5	0.371896	1.08004e+06	0.000124642	
11961	12843	2724	34.549	32.5738	2067	29	9	635	17	79	530	4	0.921759	1.00921e+06	6.62383e-05	
12100	13423	2793	21.9993	25	2092	28	6	624	16	86	525	5	1.50882	1.54568e+06	5.30251e-05	
12083	12550	2731	28.1616	34.6528	2127	28	8	600	16	66	507	5	0.381919	886754	0.000264061	
12099	12550	2700	29.5746	34.2125	2089	29	8	603	11	60	511	6	0.36229	932694	0.000226809	
12055	12550	2734	37	35	2071	28	6	618	7	88	505	5	0.431154	1.16559e+06	9.31359e-05	
12100	13316	2728	29.5011	30.4159	2075	29	9	621	14	76	530	5	1.37495	1.03132e+06	6.14364e-05	
12041	12914	2712	31.4323	25.0381	2104	29	10	639	19	68	501	5	0.908864	1.30877e+06	5.88132e-05	
11545	13228	2717	37	35	2000	32	9	638	8	71	485	4	1.92762	765819	7.53296e-05	
12099	12550	2700	33.2856	34.6876	2094	30	8	603	11	60	511	6	0.369152	1.05145e+06	0.000139723	
11713	13493	2728	36.3086	35	2063	28	8	643	15	72	503	5	2.09683	792204	7.17669e-05	
12100	12550	2700	29.4766	34.2125	2129	31	7	602	18	62	509	6	0.36081	922512	0.000235073	
11277	13339	2700	37	35	2104	31	10	636	8	65	501	5	2.3732	758157	7.62079e-05	
12100	13497	2793	21.8562	25	2092	28	8	621	15	86	529	5	1.61088	1.51974e+06	5.29353e-05	
11967	13341	2726	36.8634	35	2113	31	10	642	3	73	514	5	1.58114	804230	7.07714e-05	
12100	12550	2701	30.5816	29.1266	2048	28	8	600	1	70	511	5	0.363591	1.02084e+06	0.000185908	
12100	12550	2700	30.2048	34.9553	2105	31	8	607	14	61	502	6	0.362617	964237	0.000202758	
11971	12550	2705	37	33.7444	2016	31	7	641	26	72	526	5	0.528667	1.20397e+06	7.55629e-05	
12100	13359	2786	33.2741	28.2494	2078	28	7	626	19	86	525	5	1.47118	1.0414e+06	5.97621e-05	
12011	12550	2737	37	32.7072	2133	32	8	618	17	80	481	5	0.485824	1.22254e+06	8.03665e-05	
12100	13309	2791	22.3576	25	2098	28	7	646	13	75	524	5	1.35331	1.58114e+06	5.33789e-05	
12065	13011	2790	32.1734	25.039	2067	30	7	631	22	81	504	5	1.03726	1.27021e+06	5.78804e-05	
12100	12906	2747	28.5868	25	2085	29	9	621	18	74	525	4	0.829791	1.48185e+06	5.79206e-05	
11950	13326	2716	36.7191	34.9654	2091	31	9	643	13	73	504	5	1.57561	802784	7.12758e-05	
12049	12567	2700	36.7287	25.6808	2018	31	9	647	14	88	512	5	0.454518	1.31526e+06	8.29876e-05	
12100	12550	2700	30.9315	26.5384	2062	30	8	635	17	71	502	5	0.364182	1.06487e+06	0.00017449	
12054	12550	2707	36.7287	26.7495	2023	31	9	647	7	88	512	5	0.42799	1.26551e+06	9.01144e-05	
12100	12550	2715	36.7564	29.9439	2097	31	7	600	18	66	517	6	0.372859	1.1537e+06	0.000112221	
12085	12561	2761	37	27.03	2110	29	9	633	13	85	505	5	0.412277	1.24849e+06	9.59601e-05	
12100	12567	2707	28.4151	35	2100	31	8	607	3	71	509	4	0.380208	907470	0.000245278	
11738	13206	2717	36.66	35	2035	32	9	646	20	81	512	5	1.66961	790888	7.23641e-05	
12018	12758	2706	36.7287	34.1707	2051	29	9	638	25	65	514	5	0.737946	1.03482e+06	7.03136e-05	
12100	12550	2700	35.7114	30.5375	2125	31	9	604	17	65	501	5	0.370197	1.12458e+06	0.00011854	
12100	12550	2700	30.8242	30.5437	2160	30	7	618	3	72	516	5	0.363965	1.02306e+06	0.000179727	
12027	12685	2716	36.3633	25	2062	30	4	633	35	71	529	4	0.635197	1.46644e+06	6.31034e-05	
12053	12620	2738	36.9964	30.572	2106	28	6	639	20	82	520	5	0.524425	1.28506e+06	7.3692e-05	
11937	13470	2793	31.0203	32.1967	2092	31	8	645	10	84	526	6	1.8313	931925	6.37064e-05	
12100	12878	2700	34.1478	25.9446	2048	31	7	641	18	84	516	4	0.789824	1.31934e+06	6.05694e-05	
12100	13475	2781	30.995	25	2110	28	7	630	16	83	530	5	1.62663	1.18379e+06	5.58472e-05	
12100	12550	2700	29.7047	25.3362	2062	31	7	636	13	71	513	6	0.361403	1.01171e+06	0.000215193	
11865	12714	2754	34.3675	25.9414	2067	30	10	642	0	80	522	5	0.879815	1.22528e+06	6.05437e-05	
12093	12601	2748	37	27.9813	2145	29	9	624	17	78	502	5	0.452095	1.2714e+06	8.52806e-05	
12006	12815	2776	37	29.4054	2067	32	7	630	30	81	494	5	0.847768	1.10414e+06	6.52869e-05	
12071	13017	2700	34.0221	25.5941	2128	31	8	638	14	89	516	5	1.00674	1.20601e+06	5.95026e-05	
11862	13238	2716	37	33.5648	2083	31	9	635	2	80	530	5	1.56349	826418	6.94493e-05	
12100	12550	2700	35.7787	26.5111	2154	31	7	636	4	75	515	5	0.370242	1.18082e+06	0.00011609	
11308	13335	2700	36.8905	35	2091	32	9	624	9	68	492	5	2.33241	758565	7.63301e-05	
12100	12550	2701	33.7252	34.3553	2102	28	8	600	15	83	523	5	0.368581	1.05872e+06	0.000135667	
11296	13240	2706	37	35	2100	32	9	624	9	65	492	5	2.22368	757766	7.6558e-05	
12100	12550	2707	28.9738	34.6034	2094	30	8	605	12	64	528	5	0.360336	880874	0.000268817	
12100	12584	2700	28.8981	35	2125	31	9	605	12	65	505	6	0.40231	997521	0.000180701	
12100	12550	2700	30.5232	31.0245	2028	30	9	647	24	75	515	5	0.36333	1.01474e+06	0.000188395	
12100	12550	2700	29.3599	26.0643	2078	30	6	642	6	71	522	5	0.360495	982952	0.000233427	
12100	12558	2708	29.4532	35	2084	31	6	617	18	63	513	6	0.371983	953865	0.000213538	
12100	12550	2717	33.3799	35	2047	31	7	622	20	79	516	5	0.370362	1.05587e+06	0.000139101	
11969	13500	2792	33.8592	33.441	2016	30	8	616	6	89	518	5	1.83731	869457	6.64408e-05	
11916	12968	2743	30.6143	25.7447	2115	29	7	622	17	79	530	5	1.14288	1.22056e+06	5.77167e-05	
12100	12550	2700	31.5367	30.5375	2125	31	9	604	17	79	501	5	0.365325	1.0428e+06	0.0001638	
12045	13008	2777	32.0766	25	2043	29	9	615	10	78	515	5	1.05325	1.2534e+06	5.77801e-05	
12099	12550	2700	29.4766	34.8227	2096	31	8	614	17	73	511	6	0.362031	929166	0.000231642	
12100	12550	2700	30.3691	28.5708	2077	30	8	628	20	71	503	5	0.362991	1.01826e+06	0.000191865	
12100	12550	2700	31.2389	26.1346	2094	28	10	633	19	72	501	5	0.36478	1.07814e+06	0.000167056	
12078	13500	2793	22.1431	25	2086	28	6	617	13	87	529	5	1.64671	1.487e+06	5.30279e-05	
12099	12560	2727	28.7862	35	2134	31	7	607	15	61	503	6	0.376467	916102	0.000240442	
12100	12550	2701	28.9738	31.8584	2114	31	6	616	17	65	511	6	0.359538	896047	0.000266312	
12073	13435	2782	21	25	2092	28	6	625	9	86	530	5	1.53843	1.64156e+06	5.28374e-05	
12100	12637	2704	37	30.5038	2065	29	9	632	4	70	495	5	0.482216	1.24697e+06	7.98339e-05	
11937	13060	2791	31.0203	32.1967	2092	32	9	645	10	84	522	5	1.26252	978342	6.41643e-05	
12032	13280	2800	31.9474	25	2087	28	6	624	15	87	529	4	1.45239	1.1876e+06	5.63603e-05	
12007	13292	2732	29.3917	32.0518	2096	31	5	644	10	80	527	6	1.45859	987013	6.33633e-05	
11713	13493	2748	36.3086	35	2063	28	9	644	15	72	503	5	2.1122	793670	7.15359e-05	
12100	12550	2700	35.8873	29.4966	2149	30	7	609	5	69	510	6	0.370312	1.14228e+06	0.000116945	
12001	13435	2772	30.6143	27.0953	2099	29	7	614	19	76	529	5	1.68847	1.09176e+06	5.84659e-05	
12068	12550	2738	36.7126	35	2067	31	10	623	16	74	529	6	0.415593	1.14584e+06	9.87654e-05	
12100	12619	2714	34.9985	34.6528	2141	30	8	600	10	65	503	5	0.459686	1.17344e+06	9.10581e-05	
11934	13016	2716	36.7191	32.046	2091	31	9	620	13	71	504	5	1.18045	891231	6.85777e-05	
12100	12550	2703	30.9404	34.9258	2098	28	8	621	4	70	515	5	0.364605	1.00101e+06	0.000179533	
12100	13359	2786	22.7421	25	2092	28	7	620	17	85	525	6	1.42477	1.51537e+06	5.33533e-05	
12100	12550	2702	30.872	34.1904	2045	32	8	614	16	66	477	4	0.364332	1.00024e+06	0.00018162	
12100	12550	2700	30.3975	30.7395	2053	31	6	634	13	65	513	5	0.363054	1.00579e+06	0.000192641	
12100	12550	2700	29.6693	26.9751	2098	30	6	617	13	67	500	5	0.361313	988635	0.000218579	
12093	13044	2782	26.0832	25	2138	29	6	622	9	83	530	5	1.0249	1.5185e+06	5.46359e-05	
12100	12816	2739	32.8447	26.095	2158	28	7	616	17	86	521	6	0.718119	1.43226e+06	6.03318e-05	
11883	13482	2793	32.0394	30.4096	2137	29	7	623	2	89	513	5	1.91725	966246	6.21157e-05	
11428	13266	2700	37	34.997	2124	32	9	643	18	68	513	4	2.10208	767089	7.47328e-05	
12100	13342	2793	22.2552	25	2092	28	6	625	15	86	529	5	1.39894	1.5771e+06	5.29829e-05	
11982	12628	2755	37	25.3318	2077	31	8	626	3	71	505	5	0.625999	1.39672e+06	6.43252e-05	
12049	12552	2700	37	25.257	2047	31	9	647	15	89	512	5	0.435628	1.30878e+06	8.65501e-05	
12075	12550	2704	36.3893	33.9506	2096	31	8	604	18	66	505	5	0.401719	1.1391e+06	0.000103008	
12099	12901	2700	31.2389	29.9107	2139	28	10	633	19	72	501	5	0.816856	1.22794e+06	6.2692e-05	
12032	12550	2738	37	35	2067	31	10	623	16	74	530	6	0.46015	1.17762e+06	8.62515e-05	
12033	12550	2719	37	25.4778	2078	28	7	619	6	88	505	5	0.455733	1.33931e+06	8.2176e-05	
12087	12560	2729	36.9988	34.4586	2054	29	9	622	14	65	520	6	0.40375	1.14188e+06	0.00010142	
12100	12550	2701	30.1591	34.9258	2065	28	8	600	1	70	503	5	0.362645	964043	0.000203957	
12100	12551	2715	33.8485	35	2137	31	7	623	16	68	528	5	0.371902	1.06107e+06	0.000133565	
12100	12550	2720	29.7217	34.8638	2035	32	9	616	6	71	500	5	0.364124	944298	0.00022168	
11993	12706	2746	36.1756	25.3318	2077	29	8	630	3	72	505	5	0.711411	1.36323e+06	6.17436e-05	
12100	12550	2702	31.8498	28.0092	2099	30	7	635	13	71	517	6	0.366135	1.07983e+06	0.000156372	
12100	12550	2700	29.2189	25.4487	2098	32	8	629	15	62	471	5	0.360106	959889	0.000243962	
12028	12560	2719	36.9988	35	2082	29	9	619	26	71	504	6	0.474612	1.18296e+06	8.32639e-05	
12100	12550	2700	33.6645	28.457	2072	31	8	644	19	73	511	5	0.368377	1.11378e+06	0.000133174	
12100	12730	2770	21.6704	25	2092	28	6	622	17	86	530	5	1.28576	1.00863e+06	6.2905e-05	
11376	13325	2706	37	34.997	2078	32	9	643	7	68	513	4	2.24611	763685	7.52389e-05	
12100	12550	2700	28.9738	34.6034	2098	30	8	610	12	60	501	4	0.359405	876904	0.000269833	
12079	13257	2785	24.0082	25	2124	29	5	624	5	77	525	5	1.32146	1.46912e+06	5.38503e-05	
12100	12550	2722	30.0202	34.4786	2102	31	7	609	22	62	501	5	0.365134	962684	0.000208507	
12100	12551	2700	32.6271	35	2065	31	7	628	13	61	520	5	0.368327	1.0401e+06	0.000147732	
12100	12550	2700	30.4695	32.5104	2052	31	8	647	4	70	523	4	0.363213	1.00041e+06	0.000191131	
11955	13007	2700	29.882	25.7447	2115	29	7	622	20	79	523	4	1.12741	1.22422e+06	5.78871e-05	
11376	13266	2700	37	34.997	2124	32	10	643	18	68	513	4	2.16195	763848	7.51258e-05	
12100	12550	2701	31.9459	27.1989	2091	31	7	647	13	71	507	5	0.366158	1.09223e+06	0.000154297	
12100	13015	2795	29.1185	25.1923	2046	30	7	620	17	89	524	5	0.993554	1.39004e+06	5.6035e-05	
11955	13267	2700	35.719	34.8835	2102	29	10	616	10	78	516	6	1.48053	820593	7.00624e-05	
12054	13122	2783	24.0082	25.0078	2124	28	9	644	5	80	530	5	1.16666	1.53837e+06	5.38126e-05	
12075	13120	2775	23.8248	25	2154	28	6	623	12	76	524	5	1.13276	1.58362e+06	5.40921e-05	
12100	12550	2700	32.6302	32.3538	2146	32	8	617	21	65	491	5	0.367065	1.05663e+06	0.000147384	
12100	13120	2783	24.5897	25.1168	2137	28	5	628	13	68	530	5	1.1106	1.5558e+06	5.41976e-05	
12098	12550	2700	29.3097	34.2125	2097	30	8	601	17	65	523	6	0.362802	919593	0.000237925	
12100	13497	2793	24.1426	25	2092	28	6	630	14	74	529	5	1.63506	1.36497e+06	5.36394e-05	
12100	12550	2700	35.4584	28.457	2069	31	8	639	20	73	518	5	0.370021	1.14682e+06	0.000119019	
12100	13208	2738	30.7147	25	2098	29	7	604	13	77	530	5	1.23628	1.23816e+06	5.67795e-05	
12049	13194	2700	37	25.257	2047	31	9	647	15	89	512	5	1.26983	1.0743e+06	6.15271e-05	
12100	12550	2700	30.9315	26.0217	2144	30	7	640	20	71	530	5	0.364182	1.07223e+06	0.000173822	
11962	12609	2735	35.4475	25.1054	2056	28	6	646	20	82	518	5	0.620523	1.44919e+06	6.35647e-05	
11555	13353	2700	37	35	2137	32	9	633	15	61	500	5	2.07158	767231	7.48503e-05	
12100	12550	2716	28.1616	34.6528	2127	30	8	600	11	65	507	5	1.77738	830945	6.85166e-05	
11591	13233	2700	36.5121	34.997	2124	32	9	620	18	68	513	4	1.86827	779091	7.34916e-05	
12054	13122	2785	24.0082	25	2126	29	9	644	2	80	530	5	1.1675	1.53374e+06	5.39811e-05	
11744	13454	2700	36.5661	35	2061	32	9	647	3	80	512	5	1.98569	783292	7.23118e-05	
11913	13094	2700	36.3776	34.8835	2054	29	9	618	10	78	511	4	1.30138	824530	7.08265e-05	
12100	12550	2700	29.5049	26.0179	2079	30	6	615	7	66	508	6	0.360885	985652	0.000226193	
12034	12550	2700	35.4584	28.457	2072	31	8	639	20	73	510	5	0.450443	1.24937e+06	8.79585e-05	
12100	12550	2700	32.8484	33.3672	2122	31	7	647	3	71	523	4	0.367367	1.05444e+06	0.000144718	
11300	13240	2706	37	35	2100	32	9	624	9	65	493	5	2.2191	758164	7.64935e-05	
12100	13263	2700	37	32.8548	2100	32	8	643	2	68	513	4	1.29978	862588	6.88753e-05	
11944	13435	2741	36.1175	28.5385	2056	30	8	649	8	87	518	4	1.74658	947965	6.32511e-05	
12100	12550	2700	34.0666	32.5104	2052	31	7	632	3	70	523	4	0.36881	1.07929e+06	0.000131527	
12089	12550	2704	29.3097	34.2125	2097	30	7	601	15	65	523	6	0.374346	956084	0.000211909	
12100	12550	2700	32.5327	35	2136	31	8	601	14	64	505	6	0.366925	1.03355e+06	0.000150195	
12100	13017	2702	32.5274	25.7863	2101	31	9	638	14	71	519	5	0.970224	1.22676e+06	5.95912e-05	
11843	12550	2700	33.6645	28.457	2066	31	8	635	20	73	518	5	0.679058	1.27424e+06	6.5028e-05	
12086	13067	2797	27.0079	25.0927	2066	30	9	627	10	81	530	4	1.07519	1.41336e+06	5.51724e-05	
12100	13435	2793	21.9699	25	2092	28	6	622	17	76	525	5	1.52526	1.54316e+06	5.31971e-05	
12100	12550	2700	34.4313	35	2084	31	8	601	11	64	505	6	0.369169	1.06633e+06	0.00012987	
12100	12906	2773	29.1428	25	2085	29	9	625	16	75	530	4	0.839355	1.47312e+06	5.73296e-05	
12085	12550	2707	28.7862	35	2134	30	7	606	7	72	507	6	0.378139	930890	0.000227894	
12100	12550	2702	29.8875	30.8002	2159	31	6	615	10	71	513	5	0.362129	977099	0.000211238	
12100	12550	2716	33.8625	35	2057	31	9	626	24	79	516	5	0.37078	1.06077e+06	0.000134282	
12010	12550	2725	25.4966	35	2091	30	9	610	20	63	472	5	0.458591	900535	0.000249439	
12028	12560	2719	32.723	35	2082	29	9	619	26	71	498	6	0.47087	1.15772e+06	9.54107e-05	
12100	12550	2700	30.1581	26.0643	2078	30	6	642	6	71	522	5	0.362509	1.03648e+06	0.000196928	
12100	12550	2700	29.4766	28.4414	2105	30	8	603	5	63	499	6	0.36081	956464	0.000230203	
12099	12560	2700	29.5746	34.2125	2098	30	8	603	11	60	511	6	0.374962	968738	0.000201248	
12100	12550	2705	30.0202	34.4786	2102	31	7	609	22	62	507	5	0.362853	959373	0.000209118	
12100	12550	2700	29.159	28.5708	2077	30	8	607	21	74	503	5	0.359938	934703	0.000249066	
12092	13149	2767	37	32.1535	2007	30	8	607	11	90	524	4	1.18631	917516	6.65159e-05	
12100	12550	2700	32.4829	26.5316	2113	28	10	640	19	67	508	5	0.366853	1.10689e+06	0.000145836	
12099	12550	2723	28.7862	35	2134	31	7	626	19	61	519	5	0.363134	868067	0.000280034	
11962	12609	2700	35.4475	25.1054	2056	28	6	646	14	82	509	5	0.612582	1.43675e+06	6.4119e-05	
12100	13374	2787	31.1239	25	2131	31	6	637	4	84	516	5	1.48913	1.18591e+06	5.6638e-05	
11961	12724	2775	34.6706	27.1059	2067	30	7	640	0	80	523	5	0.781313	1.29108e+06	6.11284e-05	
12100	12550	2700	29.3097	25	2098	30	7	602	18	65	522	5	0.360358	976359	0.000236407	
12043	12640	2723	37	32.1708	2110	31	10	635	4	85	518	5	0.559537	1.23291e+06	7.16949e-05	
12100	12550	2714	31.9689	35	2155	29	9	622	19	78	497	5	0.367958	1.02913e+06	0.000158053	
12006	13241	2743	35.719	28.5526	2059	28	6	616	10	76	516	4	1.40609	992191	6.28575e-05	
12082	12550	2716	36.718	34.1707	2028	32	8	647	8	88	512	5	0.395084	1.13272e+06	0.000104921	
12056	12550	2734	37	35	2071	28	6	618	7	88	505	5	0.429922	1.16422e+06	9.34754e-05	
12078	12550	2700	34.4313	35	2084	31	8	601	11	64	505	6	0.396026	1.09976e+06	0.000114692	
11916	12609	2715	33.1192	29.3544	2158	31	8	628	25	79	502	5	0.669448	1.28939e+06	6.54664e-05	
12100	13120	2783	23.9082	25	2132	28	5	628	16	67	530	4	1.10528	1.60417e+06	5.4277e-05	
12012	12645	2728	36.9457	25.7052	2072	31	10	640	6	83	520	5	0.605028	1.37656e+06	6.4914e-05	
12100	12589	2713	33.5256	35	2092	30	7	602	17	77	519	6	0.41971	1.11478e+06	0.000110205	
12100	12550	2700	33.2309	25.9446	2048	31	7	639	9	84	521	4	0.367863	1.13692e+06	0.00013624	
12100	12878	2700	32.021	25.9446	2048	31	7	641	14	84	516	4	0.787074	1.36447e+06	5.99916e-05	
11983	13238	2716	37	34.2575	2083	31	9	635	10	80	530	5	1.41695	828459	6.95459e-05	
12100	12550	2702	29.8875	26.3507	2119	31	6	613	10	73	513	5	0.362129	1.01198e+06	0.000207857	
12100	13411	2770	25.8658	25.2265	2145	29	6	637	11	87	528	4	1.51324	1.29888e+06	5.42476e-05	
12093	12617	2703	37	30.188	2160	30	9	624	16	76	496	5	0.465078	1.2417e+06	8.26651e-05	
11836	13357	2768	36.6186	33.51	2142	31	10	637	11	81	530	4	1.78888	832163	6.82734e-05	
12100	12550	2700	31.5367	30.5375	2125	31	9	604	17	65	501	5	0.365325	1.04111e+06	0.000164069	
12100	12550	2700	30.754	33.9948	2130	30	9	628	18	67	526	4	0.36382	999100	0.000183891	
11961	12719	2775	34.0405	25.9414	2067	30	10	640	0	79	523	5	0.774093	1.33179e+06	6.02083e-05	
12100	12906	2709	31.2368	25.0289	2094	31	9	623	9	70	515	5	0.824883	1.38441e+06	5.90493e-05	
12043	12578	2700	25.6624	34.601	2130	30	8	612	15	69	498	4	0.450764	901759	0.000247586	
12100	13455	2800	21.8243	25	2097	28	6	626	13	84	529	5	1.55523	1.55129e+06	5.27927e-05	
12100	13411	2747	25.8465	25	2129	29	6	648	13	71	530	4	1.50057	1.29935e+06	5.46687e-05	
12100	12550	2701	33.7252	25	2102	28	8	600	15	81	523	5	0.368581	1.15743e+06	0.00013077	
12100	12587	2738	37	28.6186	2159	32	9	623	8	79	512	6	0.423732	1.23392e+06	9.273e-05	
12100	12550	2703	35.3348	35	2050	30	8	624	23	79	502	5	0.370341	1.08058e+06	0.000123001	
11952	12948	2734	36.1756	25.5311	2140	29	8	626	4	60	510	5	1.07577	1.13652e+06	6.16561e-05	
12100	12550	2700	32.308	26.9456	2063	29	6	641	14	69	530	5	0.366592	1.1057e+06	0.0001485	
12100	12550	2700	29.2277	26.0598	2078	30	6	642	6	71	522	5	0.360131	973328	0.000241488	
12100	12977	2782	26.0832	25	2138	29	7	622	15	83	506	5	0.92543	1.55632e+06	5.66572e-05	
12055	12995	2795	26.5125	25	2131	29	10	607	12	77	528	6	1.01319	1.48361e+06	5.51238e-05	
12018	13120	2780	24.9475	25	2142	28	9	628	19	76	528	5	1.21471	1.44362e+06	5.41624e-05	
12100	12567	2762	36.7287	26.4051	2010	31	9	646	14	88	515	5	0.401344	1.24426e+06	0.000100685	
11296	13391	2701	37	34.8469	2056	32	10	629	9	65	491	4	2.42259	754285	7.68403e-05	
12033	12550	2729	37	25.4778	2078	28	7	618	6	88	505	5	0.45741	1.34191e+06	8.2021e-05	
12100	12893	2771	32.9592	26.095	2158	28	7	627	19	86	521	6	0.829201	1.37972e+06	5.81767e-05	
12093	13044	2782	26.0832	25	2138	29	5	622	9	85	530	5	1.0249	1.53108e+06	5.45852e-05	
12100	12550	2742	29.2062	34.7028	2050	30	10	611	23	60	494	4	0.365672	905994	0.000250815	
12100	12563	2700	31.5609	34.9258	2098	28	8	621	13	70	515	5	0.381844	1.03779e+06	0.000149544	
12100	12550	2700	30.4177	25.186	2068	28	8	634	3	72	506	5	0.363099	1.05332e+06	0.000187723	
12100	13363	2707	37	35	2004	32	10	623	11	72	474	5	1.43787	798954	7.29874e-05	
11838	12624	2701	36.8403	34.8469	2056	32	10	627	13	65	501	4	0.781805	945959	7.32977e-05	
12100	12584	2700	28.8981	35	2123	31	9	601	13	63	505	5	0.40231	995738	0.000180799	
12100	12550	2700	33.3112	30.5375	2080	31	9	628	10	65	501	5	0.367962	1.08237e+06	0.000138083	
12081	13062	2786	33.0163	25.8038	2142	28	7	637	13	74	530	5	1.08613	1.23119e+06	5.75275e-05	
12100	12550	2700	31.8498	26.5003	2154	31	7	635	13	71	517	6	0.365864	1.09496e+06	0.000155497	
12100	13120	2775	29.5622	25.7875	2154	28	6	623	12	76	524	5	1.13003	1.29419e+06	5.60915e-05	
12100	12550	2700	30.3975	30.6664	2050	31	6	634	13	65	524	5	0.363054	1.00698e+06	0.000192456	
12100	12802	2759	34.5736	26.5487	2131	28	7	629	18	72	521	6	0.706848	1.39244e+06	6.1222e-05	
12087	12550	2700	29.4956	34.8027	2076	28	9	600	6	66	501	5	0.376736	967911	0.00020012	
12079	13257	2791	24.0083	25	2124	29	5	621	3	77	530	5	1.32431	1.47412e+06	5.36625e-05	
11937	13060	2793	31.0203	32.1967	2092	31	9	645	10	84	520	5	1.26343	982323	6.38855e-05	
11713	13436	2734	36.3086	35	2122	28	10	643	12	74	510	5	2.02299	794191	7.11997e-05	
12100	12550	2700	29.9264	25.5315	2079	31	6	638	8	74	503	5	0.361956	1.02793e+06	0.00020555	
11921	13497	2800	32.8003	32.8754	2145	29	7	623	10	90	513	5	1.89704	902475	6.46663e-05	
12100	12550	2700	36.8592	34.8104	2062	30	6	650	23	69	530	5	0.370847	1.10683e+06	0.000114338	
12054	12576	2729	37	25.4778	2078	28	7	618	12	88	499	5	0.46492	1.34867e+06	8.06777e-05	
12100	12674	2740	37	29.2526	2091	29	9	624	18	65	502	5	0.5366	1.30262e+06	7.22596e-05	
11912	13379	2788	36.3308	33.1777	2073	31	10	612	20	90	515	4	1.7382	844152	6.77231e-05	
12100	12550	2700	30.0703	34.5608	2041	30	8	642	14	68	484	4	0.416541	1.23444e+06	9.37471e-05	
12087	12560	2729	36.9988	25.2775	2072	29	9	640	14	65	514	6	0.40375	1.27916e+06	9.69838e-05	
12100	13153	2783	27.5869	25.0248	2129	28	6	644	5	80	530	5	1.17191	1.37186e+06	5.44455e-05	
12100	12816	2759	34.5736	26.095	2138	28	7	629	18	74	521	6	0.725344	1.39934e+06	6.04266e-05	
12100	13317	2778	23.1584	25	2107	29	6	639	10	83	530	4	1.36687	1.49738e+06	5.34502e-05	
12011	13455	2772	30.1353	30.9069	2099	29	7	614	13	72	529	5	1.70279	988697	6.20001e-05	
12100	13425	2793	26.0611	25	2138	28	7	627	7	86	530	5	1.54648	1.31186e+06	5.37519e-05	
11961	12578	2713	35.5629	25.7052	2072	31	10	603	3	81	524	5	0.577232	1.38248e+06	6.69434e-05	
12100	13090	2785	29.9859	25	2090	30	7	629	12	89	524	5	1.09427	1.32366e+06	5.59378e-05	
12100	12550	2700	29.5525	32.3397	2086	30	10	623	18	72	526	4	0.36101	945999	0.000228258	
12075	12550	2704	36.2563	33.9506	2096	31	10	603	19	66	505	5	0.401644	1.13446e+06	0.00010353	
12020	13332	2784	32.5915	32.769	2063	30	10	626	6	87	495	4	1.53214	905602	6.5368e-05	
12094	12948	2730	36.4778	32.2557	2128	32	8	639	24	85	481	5	0.900046	999532	6.76178e-05	
12100	13170	2783	24.0082	25.0248	2129	28	6	644	5	80	530	5	1.17449	1.55341e+06	5.35647e-05	
12094	12578	2700	36.7275	25.9922	2092	31	9	607	16	62	509	6	0.413623	1.27473e+06	9.41797e-05	
11921	13497	2797	26.766	27.5419	2076	29	7	621	10	90	519	5	1.87846	1.1376e+06	5.73921e-05	
11885	13038	2774	37	33.8115	2099	30	10	626	18	90	495	4	1.29605	851727	6.90655e-05	
12100	13411	2770	21	25	2145	28	6	637	11	87	528	4	1.46462	1.67933e+06	5.27037e-05	
12079	12565	2747	36.7757	29.5283	2022	30	10	632	17	83	513	5	0.422689	1.21435e+06	9.41531e-05	
11415	12588	2740	37	34.8346	2107	28	10	624	20	73	525	6	1.25066	813602	7.30353e-05	
11517	13387	2703	37	34.8846	2032	31	8	609	10	75	529	4	2.16414	773719	7.36703e-05	
12100	12550	2700	30.8447	26.7324	2063	28	8	645	3	71	497	5	0.364007	1.05959e+06	0.00017671	
11996	13090	2798	26.4964	25.0927	2066	30	10	627	10	81	530	4	1.21805	1.33771e+06	5.5273e-05	
12041	12666	2719	36.9988	26.77	2088	29	10	650	8	64	508	6	0.594604	1.34382e+06	6.64673e-05	
12100	12550	2700	31.162	28.0402	2064	30	6	617	5	71	503	5	0.364634	1.05812e+06	0.000170126	
11370	13233	2700	37	34.997	2124	32	9	643	7	68	513	4	2.12471	765758	7.50525e-05	
12006	12697	2700	37	29.4054	2067	32	7	633	31	83	494	6	0.672625	1.21141e+06	6.67512e-05	
12100	12797	2702	32.6746	26.095	2088	28	7	628	16	86	521	6	0.683605	1.42918e+06	6.18697e-05	
11933	13439	2713	37	35	2010	31	8	630	14	84	506	6	1.74798	794254	7.14541e-05	
12020	13264	2784	37	33.7296	2063	30	10	626	20	90	495	4	1.44205	845799	6.83387e-05	
12054	12550	2716	33.3799	35	2057	31	7	625	20	77	516	5	0.426657	1.12244e+06	0.000107434	
12100	12550	2701	32.694	25.9498	2077	31	6	636	3	83	502	5	0.36729	1.12929e+06	0.000142633	
12022	12850	2766	32.8447	34.122	2160	28	7	629	17	88	487	6	0.867635	1.06793e+06	6.6569e-05	
12100	13411	2767	23.8535	25	2158	28	6	637	11	89	530	4	1.49778	1.40813e+06	5.3217e-05	
12100	12550	2700	31.8498	25.3362	2062	31	7	636	13	71	513	6	0.365864	1.11132e+06	0.000154895	
11696	13500	2745	37	35	2021	31	10	642	9	74	501	5	2.14037	778480	7.29288e-05	
12100	12550	2700	31.9151	34.2542	2083	29	9	623	19	72	526	4	0.365972	1.02822e+06	0.000158957	
12100	12550	2734	28.741	34.5255	2050	31	8	610	14	62	502	6	0.363224	856456	0.000289352	
11883	13482	2787	30.4266	29.7773	2140	29	7	615	2	89	513	5	1.90998	1.0051e+06	6.0957e-05	
12100	12601	2717	37	35	2027	32	9	635	22	69	523	5	0.438391	1.1625e+06	9.14913e-05	
12100	12550	2702	32.0089	32.7195	2048	31	7	641	14	84	525	4	0.366396	1.04656e+06	0.000156274	
11596	12550	2707	37	35	2004	29	10	623	12	72	465	5	0.976425	841719	7.503e-05	
12083	12550	2723	28.1616	34.6528	2127	28	8	600	18	69	505	5	0.380801	886630	0.00026434	
12100	12550	2700	30.5512	26.7324	2068	28	8	649	3	71	492	5	0.363391	1.04825e+06	0.000184809	
12099	12561	2704	36.7677	34.0914	2131	32	6	607	15	68	510	6	0.386538	1.12735e+06	0.00010777	
12100	12550	2700	31.8069	34.2542	2083	29	9	623	19	72	526	4	0.365792	1.02582e+06	0.000160823	
12100	13196	2785	32.6524	25	2160	29	9	628	14	76	530	5	1.24447	1.20312e+06	5.67956e-05	
12068	12550	2706	37	32.6349	2101	31	9	600	18	62	505	6	0.41087	1.16956e+06	9.7229e-05	
12071	13416	2772	30.4053	27.0918	2127	29	7	610	21	78	529	5	1.57423	1.11268e+06	5.79509e-05	
12100	12627	2717	37	33.5236	2034	32	9	635	22	69	523	5	0.471703	1.19864e+06	8.35841e-05	
12010	13500	2796	30.0943	26.5602	2054	29	7	636	7	89	515	5	1.78208	1.10495e+06	5.75904e-05	
11921	13497	2798	32.8003	32.8754	2145	29	7	620	10	90	513	5	1.89569	902100	6.47207e-05	
12100	12550	2706	37	33.2309	2112	32	8	606	22	67	479	6	0.371736	1.1207e+06	0.000112892	
12083	12550	2722	28.1616	34.9601	2127	28	8	600	5	69	505	5	0.380661	884514	0.00026476	
12093	12550	2711	36.7287	34.8416	2028	30	8	636	29	88	510	5	0.380881	1.1115e+06	0.000110865	
12021	12550	2706	37	33.2309	2112	32	8	610	22	67	479	6	0.468161	1.20529e+06	8.34585e-05	
12100	12601	2729	37	28.4964	2067	29	7	635	16	83	505	5	0.440327	1.25666e+06	8.80359e-05	
12051	13122	2783	24.0082	25.0065	2124	28	9	644	5	80	523	5	1.17043	1.53152e+06	5.40015e-05	
12100	13461	2786	26.6258	25	2070	29	5	650	13	77	530	5	1.59587	1.27522e+06	5.4612e-05	
12080	12979	2724	32.6911	26.4834	2072	31	10	637	19	78	530	4	0.952694	1.20759e+06	5.96908e-05	
11783	13373	2786	32.6433	28.8421	2155	29	10	634	25	90	522	4	1.88424	978266	6.11995e-05	
12054	12550	2715	37	32.7072	2131	30	8	621	11	79	491	5	0.429382	1.1831e+06	9.20132e-05	
12100	12550	2700	29.0031	25.5215	2098	32	8	629	14	62	507	5	0.35949	939835	0.000258198	
12100	12720	2701	36.0993	25.9252	2059	29	7	648	35	75	477	5	0.587471	1.40164e+06	6.6836e-05	
12097	12805	2748	32.8424	25	2066	31	9	622	34	82	529	5	0.709729	1.43938e+06	6.06465e-05	
12100	13435	2773	28.4196	25	2092	30	6	622	17	79	530	5	1.55936	1.22566e+06	5.55463e-05	
12100	12550	2700	35.2027	32.3397	2086	30	9	623	18	74	526	4	0.36983	1.09569e+06	0.000122579	
12100	13054	2776	30.5078	25	2107	29	6	640	20	76	510	5	1.04313	1.32754e+06	5.66444e-05	
12100	12565	2735	27.6898	35	2132	32	5	620	12	61	514	5	0.373489	899502	0.000254582	
12085	12554	2719	28.7862	35	2134	30	7	612	7	77	503	6	0.384919	951935	0.000215936	
12100	12550	2700	29.0165	31.8584	2120	31	6	616	20	65	512	6	0.359529	900532	0.000262881	
11713	13493	2742	36.3086	35	2063	28	9	643	15	72	503	5	2.10759	792539	7.16178e-05	
12079	13257	2791	24.0083	25	2124	29	7	628	7	77	530	5	1.32431	1.46534e+06	5.37143e-05	
12100	12560	2719	36.9988	35	2089	31	9	618	26	67	515	6	0.386283	1.11856e+06	0.000107991	
11995	12653	2737	37	25.7052	2072	31	10	640	4	81	526	5	0.638291	1.3622e+06	6.3593e-05	
12100	12989	2793	28.4989	25.3202	2056	29	6	624	11	79	521	5	0.955605	1.44024e+06	5.61167e-05	
12069	13345	2740	32.927	33.7296	2090	29	10	626	23	89	495	4	1.46568	883096	6.64982e-05	
12008	12604	2703	37	29.197	2103	31	8	610	18	62	505	6	0.55206	1.29027e+06	7.09925e-05	
12100	13023	2730	29.3796	25.3521	2087	28	9	622	11	75	526	5	0.981812	1.35319e+06	5.65835e-05	
12100	13317	2786	23.1584	25	2108	29	6	639	10	83	530	4	1.3708	1.50008e+06	5.33646e-05	
11994	12550	2744	36.8099	35	2043	29	7	632	19	71	496	5	0.507918	1.19846e+06	7.8964e-05	
12100	12550	2700	29.4766	28.3008	2098	30	8	626	18	62	524	6	0.36081	962181	0.000229516	
12084	13221	2785	24.0082	25	2124	29	5	624	5	77	525	5	1.26555	1.49831e+06	5.38532e-05	
12100	13122	2783	24.0082	25.0737	2124	28	9	644	5	80	530	5	1.10884	1.57259e+06	5.41419e-05	
12100	12550	2700	29.621	34.7016	2052	30	7	631	11	62	504	6	0.361188	934998	0.000227531	
11879	13500	2797	33.1516	26.7534	2064	30	7	636	7	89	505	5	1.952	1.03806e+06	6.00528e-05	
12100	12584	2705	27.3274	34.9493	2098	31	8	602	18	67	514	6	0.397587	867854	0.000273	
12100	12550	2700	30.4648	30.685	2106	31	7	600	13	70	501	6	0.363203	1.00355e+06	0.000190621	
12100	12550	2700	36.8592	33.4016	2062	30	6	617	23	69	530	5	0.370847	1.11677e+06	0.000113675	
12100	13038	2795	26.5125	25	2116	29	10	621	14	76	528	5	1.01486	1.48571e+06	5.50237e-05	
12077	12551	2702	31.2032	35	2128	28	7	600	15	72	515	5	0.394347	1.04735e+06	0.000143308	
12100	13254	2771	32.8447	26.095	2158	28	7	629	17	86	516	6	1.31795	1.15649e+06	5.77968e-05	
11783	13327	2786	33.3089	29.6033	2155	29	10	617	25	88	519	4	1.82118	952059	6.24493e-05	
11962	12609	2700	35.445	25	2056	28	6	646	14	82	507	5	0.612581	1.44135e+06	6.40861e-05	
12100	12550	2702	35.8873	28.4797	2159	31	6	622	5	74	510	6	0.370587	1.15899e+06	0.000116387	
12085	13316	2728	29.5011	30.4159	2075	29	9	621	14	76	530	5	1.39345	1.02694e+06	6.14931e-05	
12100	13054	2773	30.796	25.0099	2107	29	6	640	21	76	510	5	1.04263	1.31971e+06	5.6802e-05	
12100	12816	2742	34.5736	26.095	2130	31	7	629	18	74	508	6	0.720875	1.3819e+06	6.14742e-05	
11738	13206	2711	36.66	35	2035	32	9	646	20	81	512	5	1.66593	789981	7.2448e-05	
12100	12550	2700	31.1449	25.475	2070	28	10	642	6	67	508	5	0.364601	1.08074e+06	0.000168719	
11753	13276	2700	37	34.997	2124	32	10	643	18	68	503	4	1.73509	779691	7.3185e-05	
12005	12550	2715	36.7564	29.9439	2049	31	7	617	18	66	517	6	0.489121	1.27005e+06	7.8376e-05	
12012	12653	2728	36.9457	25.7052	2072	31	10	640	4	81	526	5	0.615348	1.37441e+06	6.44164e-05	
11532	12571	2715	36.0496	32.4273	2090	32	9	609	6	76	516	4	1.08073	884195	7.04176e-05	
12100	12576	2718	37	34.6528	2141	30	8	600	11	65	503	5	0.406574	1.14368e+06	0.000100361	
11917	12905	2744	37	32.5151	2111	30	7	628	21	86	514	4	1.06598	928116	6.75174e-05	
12100	12550	2701	30.1591	30.3617	2089	28	8	600	4	74	501	5	0.362645	990753	0.000200521	
12100	12550	2700	34.8796	26.4855	2157	31	7	637	17	74	527	5	0.369569	1.1618e+06	0.000121907	
12100	12550	2700	30.4286	34.3207	2028	31	8	647	27	75	515	5	0.363123	991915	0.000193648	
12100	12550	2700	29.4766	28.4414	2105	30	8	603	5	65	499	6	0.36081	957800	0.000230097	
12100	12589	2704	27.6867	35	2098	31	6	606	18	72	512	6	0.405202	936013	0.000224921	
12100	12550	2700	31.3048	33.6487	2093	30	8	601	18	66	516	4	0.364903	1.01465e+06	0.000170648	
12100	12550	2700	32.4211	35	2062	31	7	636	19	71	502	6	0.366762	1.03649e+06	0.000151584	
11517	13387	2717	37	34.8846	2032	31	10	609	10	75	520	4	2.17535	771472	7.37518e-05	
12057	12883	2722	36.388	25.6915	2050	31	8	616	10	68	518	4	0.857416	1.22004e+06	6.2027e-05	
12100	12550	2700	29.2277	26.0598	2039	30	8	642	6	71	522	5	0.360131	969913	0.000241604	
11625	13233	2700	37	34.997	2124	32	9	620	7	68	513	4	1.82865	776121	7.35673e-05	
12100	12550	2700	29.4766	34.2125	2124	31	7	603	18	72	509	6	0.36081	926528	0.000234467	
12100	12755	2700	36.9068	27.6273	2052	32	8	629	20	84	503	5	0.632678	1.30374e+06	6.57073e-05	
12048	12550	2716	33.8618	35	2082	31	8	625	20	78	523	5	0.434554	1.13397e+06	0.000102103	
12100	12550	2700	32.5036	25.475	2110	28	10	635	19	67	512	5	0.366883	1.11972e+06	0.00014497	
12041	12914	2712	31.4323	25.0381	2085	29	10	639	19	70	501	5	0.908864	1.30624e+06	5.88305e-05	
12100	12563	2700	31.8069	34.313	2083	30	9	623	15	72	528	4	0.382268	1.04577e+06	0.000145518	
12024	12550	2707	37	25	2010	29	8	641	8	72	506	4	0.464682	1.35127e+06	7.99488e-05	
12100	12558	2709	30.8979	35	2084	30	7	617	18	63	513	6	0.3755	1.01652e+06	0.000168095	
12100	12550	2701	30.1591	34.9258	2065	28	8	600	1	70	503	5	0.362645	964043	0.000203957	
12026	13447	2712	36.3086	33.5875	2076	28	9	642	17	72	495	5	1.64488	832145	6.90846e-05	
11975	13345	2800	32.6726	33.2452	2054	29	8	605	16	86	495	4	1.61575	896621	6.58675e-05	
11994	12550	2725	36.8099	35	2043	29	7	632	21	79	496	5	0.504401	1.19574e+06	7.90952e-05	
12100	12550	2700	37	25.695	2098	32	8	629	15	62	471	5	0.370911	1.23366e+06	0.000109409	
11961	12710	2701	33.0938	25	2080	29	9	621	2	77	512	4	0.740801	1.38276e+06	6.02991e-05	
11996	13070	2789	27.7024	25.5871	2062	30	10	630	7	84	522	4	1.19212	1.27647e+06	5.63126e-05	
11981	13044	2765	33.4297	33.6236	2136	31	10	639	12	81	501	4	1.1786	921926	6.69075e-05	
12021	13021	2763	33.4297	33.2658	2136	31	10	638	12	81	501	6	1.09718	954481	6.64673e-05	
12052	12784	2704	36.5761	31.5171	2070	31	10	639	24	86	521	5	0.729508	1.12474e+06	6.66756e-05	
12063	12883	2720	32.6797	25.083	2089	31	10	637	10	68	518	5	0.845925	1.32094e+06	5.94672e-05	
11308	13335	2700	37	35	2091	32	9	624	9	68	492	5	2.33246	757576	7.64059e-05	
12100	13300	2791	22.4183	25	2099	28	7	639	13	81	526	5	1.34155	1.58623e+06	5.32113e-05	
12094	12550	2708	31.4985	34.774	2097	30	10	602	20	63	491	4	0.37369	1.02491e+06	0.000159084	
11917	13412	2772	30.4053	27.0953	2111	29	7	614	21	78	529	5	1.76015	1.08642e+06	5.85754e-05	
12100	12550	2700	33.3817	26.1956	2045	31	7	628	15	84	503	4	0.368047	1.13679e+06	0.000134844	
12100	12551	2700	28.9738	34.7048	2098	30	8	603	8	65	490	4	0.360671	881678	0.000265534	
12100	12666	2719	36.9988	26.6821	2088	29	10	650	11	64	512	6	0.522184	1.35377e+06	7.22491e-05	
12099	12554	2727	29.3493	35	2144	31	7	607	15	62	510	4	0.370424	935003	0.00022604	
12100	13340	2794	33.4427	28.2494	2091	30	9	620	24	86	525	5	1.44912	1.02926e+06	6.02011e-05	
12100	13315	2768	25.8465	25	2129	29	6	644	15	73	530	4	1.37929	1.33784e+06	5.4407e-05	
12073	12554	2713	33.7154	35	2092	29	8	602	12	74	515	5	0.408412	1.10317e+06	0.00011352	
11740	13379	2785	37	35	2073	30	9	628	17	90	515	4	1.94854	799789	7.05467e-05	
12100	12550	2703	37	25.6864	2101	31	6	605	18	62	505	6	0.371323	1.23751e+06	0.000109325	
12100	12550	2735	29.3469	34.4134	2118	32	7	605	23	65	507	5	0.365133	918839	0.00024108	
12078	13199	2794	33.8361	28.2494	2091	30	9	632	21	86	530	5	1.28194	1.05102e+06	6.02845e-05	
11861	13339	2745	37	33.4463	2148	29	9	636	12	80	521	4	1.71913	831178	6.84744e-05	
11990	13387	2703	37	35	2000	31	7	646	9	75	514	5	1.60213	801224	7.14235e-05	
12100	12550	2701	30.1591	30.8062	2081	28	9	600	4	72	501	5	0.362645	986677	0.000200924	
11917	12905	2700	37	32.4912	2111	30	7	628	21	86	512	4	1.04888	920104	6.8106e-05	
12077	12608	2716	37	25	2056	30	7	622	35	67	530	4	0.47543	1.37373e+06	7.84252e-05	
12100	13317	2786	24.6998	25	2108	29	6	638	10	83	530	4	1.38381	1.39428e+06	5.37606e-05	
12100	12550	2700	32.308	27.8275	2125	29	6	641	14	69	530	5	0.366592	1.09394e+06	0.000148965	
12100	12720	2717	37	35	2027	32	9	635	22	70	523	5	0.591421	1.14912e+06	7.32547e-05	
12015	13500	2776	24.7301	25	2107	29	6	640	23	82	530	5	1.74011	1.3031e+06	5.42182e-05	
11837	12550	2700	35.3274	29.8511	2066	31	8	635	20	73	514	5	0.68778	1.19206e+06	6.65602e-05	
12100	12550	2700	29.7485	26.5111	2160	31	7	636	3	72	515	5	0.361514	1.00398e+06	0.000213767	
12099	12560	2727	28.7862	34.8282	2134	31	7	607	15	64	498	6	0.376467	916703	0.000240096	
12100	13275	2716	37	35	2137	32	10	624	13	69	483	5	1.32365	818149	7.18391e-05	
12039	12564	2708	37	34.1707	2045	29	10	613	25	60	489	5	0.464373	1.18719e+06	8.47745e-05	
11952	12550	2700	36.7447	33.9506	2097	30	8	600	18	69	504	6	0.550521	1.18452e+06	7.44158e-05	
11879	13500	2734	30.0943	26.5602	2054	29	7	628	7	89	505	5	1.90256	1.07609e+06	5.90877e-05	
12100	12550	2701	30.5816	29.5309	2072	28	8	600	1	70	511	5	0.363591	1.01608e+06	0.000186116	
12100	12550	2716	37	25	2067	30	7	633	20	68	491	4	0.373109	1.24413e+06	0.000108696	
11747	13358	2731	37	35	2005	32	10	624	11	69	473	5	1.8737	772568	7.46882e-05	
11401	12606	2702	36.5259	34.6677	2140	30	10	648	16	80	524	5	1.27213	814052	7.28916e-05	
12100	12550	2700	31.4475	34.09	2086	30	8	623	18	63	526	5	0.365165	1.0181e+06	0.000167813	
12040	12720	2764	36.0993	25.6389	2059	29	7	648	5	78	473	4	0.676036	1.37716e+06	6.29763e-05	
12100	12590	2736	37	34.9684	2087	32	6	614	13	62	493	5	0.427285	1.16676e+06	9.48047e-05	
12073	12550	2701	37	32.9863	2083	30	6	604	23	72	505	5	0.404014	1.16147e+06	9.95124e-05	
12079	12550	2734	37	25	2135	29	6	623	7	88	505	5	0.401542	1.29165e+06	9.76658e-05	
12089	12578	2700	36.7275	25.9922	2092	31	9	605	16	62	509	6	0.419728	1.28194e+06	9.22679e-05	
12100	12550	2700	34.1387	32.5104	2055	31	7	647	5	70	523	4	0.368884	1.08161e+06	0.000130839	
12073	12550	2701	37	34.2533	2096	30	6	604	23	72	505	5	0.404014	1.14643e+06	0.00010014	
12100	12589	2700	27.3274	35	2098	31	6	606	18	72	514	6	0.403204	898735	0.000252207	
12100	13120	2783	23.8248	25	2138	28	5	628	13	67	530	5	1.10457	1.61559e+06	5.42977e-05	
11865	12714	2754	34.0405	25.9414	2067	30	10	640	0	79	523	5	0.879483	1.23207e+06	6.03865e-05	
12100	12714	2731	37	27.0913	2017	30	8	638	23	66	505	5	0.586679	1.35556e+06	6.74218e-05	
12049	12567	2700	36.7287	25	2018	31	9	647	14	86	512	5	0.454518	1.33343e+06	8.26856e-05	
11995	12610	2738	37	25	2098	31	10	640	4	83	523	5	0.582927	1.41052e+06	6.54965e-05	
12034	12588	2700	35.4584	28.457	2069	31	8	639	20	67	510	5	0.498654	1.29271e+06	7.80762e-05	
12100	13122	2783	24.0082	25.0248	2124	28	9	644	5	80	530	5	1.10884	1.57491e+06	5.41067e-05	
12100	12579	2700	27.7718	34.0213	2121	30	8	604	18	77	509	6	0.392218	904563	0.000250313	
12100	13391	2786	24.0082	25.1093	2114	29	5	650	0	87	530	5	1.48144	1.40535e+06	5.35074e-05	
11889	13339	2745	37	33.4463	2148	29	9	636	12	80	519	4	1.685	833276	6.83714e-05	
12059	12553	2747	37	25	2060	30	7	633	14	68	515	6	0.432117	1.33576e+06	8.84956e-05	
11931	13303	2771	34.0666	32.5104	2052	31	7	641	3	70	523	4	1.59728	889103	6.64496e-05	
12090	12550	2715	36.7564	29.9439	2097	31	7	600	18	66	517	6	0.38514	1.17157e+06	0.000106633	
12100	12797	2711	33.2839	26.2717	2094	29	8	618	16	88	521	6	0.686686	1.40562e+06	6.18238e-05	
12100	12917	2713	30.5169	27.612	2086	30	9	623	18	78	526	5	0.83904	1.31298e+06	6.00348e-05	
11917	12734	2781	30.4053	26.9105	2111	29	7	613	19	78	529	5	0.844367	1.36726e+06	5.88824e-05	
12100	12550	2702	32.9294	32.0937	2108	31	6	632	7	72	509	5	0.367747	1.06672e+06	0.000143102	
11836	13357	2768	36.6186	33.51	2136	31	10	639	12	81	530	4	1.78888	831874	6.82967e-05	
11577	13403	2707	37	35	2030	32	10	623	11	70	527	5	2.11889	768618	7.40028e-05	
12100	13181	2770	28.0585	25.1796	2159	28	6	637	11	87	506	4	1.20638	1.31777e+06	5.53403e-05	
11776	13379	2785	37	33.1777	2073	30	10	626	20	90	515	4	1.90445	829173	6.85401e-05	
12053	12577	2723	37	32.1719	2071	31	10	633	4	67	529	5	0.466406	1.21251e+06	8.34655e-05	
12087	13080	2729	36.9988	34.4586	2047	29	9	619	14	66	520	6	1.08387	879306	7.00035e-05	
12100	12550	2714	35.479	35	2155	29	9	622	18	78	511	5	0.371955	1.08304e+06	0.000121729	
12021	13475	2800	21.8243	25	2101	28	6	621	14	84	529	5	1.68319	1.50173e+06	5.3011e-05	
12094	12948	2730	37	33.1027	2061	32	7	609	24	86	481	5	0.900303	969907	6.91181e-05	
11960	13027	2726	31.2313	25	2028	29	9	621	17	81	509	5	1.16165	1.19261e+06	5.84317e-05	
12100	12579	2707	27.7718	34.0213	2121	30	8	604	18	77	509	6	0.393235	906027	0.00025	
12085	12550	2738	37	29.0723	2141	32	7	623	8	82	512	6	0.394706	1.20058e+06	0.000102291	
12012	12718	2781	33.506	25	2064	29	9	621	18	81	513	5	0.710256	1.4343e+06	6.04084e-05	
12100	12550	2700	29.322	27.1168	2160	31	7	625	3	72	516	5	0.360392	965320	0.000236686	
12100	12550	2700	29.7485	27.1168	2158	31	7	618	22	72	509	5	0.361514	995058	0.000214546	
11753	13266	2700	37	34.997	2124	32	10	643	14	68	481	4	1.7217	776652	7.39809e-05	
12100	12550	2701	29.7485	26.758	2136	29	7	618	22	70	509	5	0.361648	998310	0.000214225	
12100	12652	2736	37	25.4778	2078	28	7	618	6	88	505	5	0.507322	1.39234e+06	7.37463e-05	
12062	12550	2700	36.8592	34.8104	2051	30	6	650	23	70	502	5	0.417205	1.1528e+06	9.6609e-05	
12100	13038	2795	25.5025	25	2116	29	9	625	14	76	528	5	1.00937	1.54228e+06	5.5139e-05	
11658	13088	2723	37	35	2137	32	10	624	13	69	490	5	1.61084	783752	7.37409e-05	
12055	12556	2720	36.7853	27.7705	2092	29	8	616	9	76	514	5	0.436506	1.25938e+06	8.84095e-05	
12100	13441	2755	27.7572	25.1093	2114	29	8	650	0	90	530	5	1.55519	1.22965e+06	5.49602e-05	
12006	12657	2705	37	29.4054	2067	32	7	626	18	83	494	6	0.622592	1.25152e+06	6.7659e-05	
12100	12550	2702	29.8875	25.8651	2119	30	6	613	10	73	515	5	0.362129	1.01712e+06	0.000207426	
12100	12550	2700	28.7344	29.9604	2123	31	7	600	13	70	503	4	0.358686	877809	0.000285796	
12100	12685	2716	37	35	2061	31	4	633	9	71	529	4	0.546062	1.19986e+06	7.503e-05	
12100	12644	2729	36.5737	34.9684	2078	32	7	607	16	61	493	4	0.495495	1.19453e+06	8.15594e-05	
12014	12706	2746	36.1756	25.3318	2077	31	8	626	3	71	505	5	0.685523	1.37527e+06	6.26253e-05	
12100	12550	2700	29.4766	34.2125	2124	31	7	618	18	72	509	5	0.36081	928959	0.000234137	
12099	12560	2727	27.1974	34.8282	2134	31	7	607	15	84	530	6	2.4636	756054	7.66695e-05	
12100	13411	2747	25.8465	25.4984	2129	29	6	648	13	71	530	4	1.50057	1.28077e+06	5.50782e-05	
11455	12606	2707	36.5259	34.6677	2140	30	10	648	12	80	524	5	1.212	823459	7.24585e-05	
12100	12550	2702	30.4005	34.3607	2033	30	8	650	26	73	515	5	0.36333	991380	0.000194477	
12087	12550	2736	37	35	2107	28	10	624	20	73	525	5	0.391944	1.12307e+06	0.000106123	
11541	13387	2714	37	35	2021	31	10	646	9	75	514	5	2.14486	771615	7.3828e-05	
12096	12554	2710	32.7188	35	2092	30	8	602	5	71	515	5	0.37854	1.05225e+06	0.000139179	
12100	12550	2714	33.5213	34.3553	2102	28	8	600	15	70	523	4	0.370122	1.05841e+06	0.0001374	
12100	12550	2700	29.9264	25.9829	2079	30	6	638	8	69	503	5	0.361956	1.02125e+06	0.000206058	
12083	13033	2759	29.7912	31.2682	2086	29	9	637	14	80	515	5	1.02799	1.11974e+06	6.21968e-05	
12018	12589	2733	37	32.7897	2032	30	8	600	17	72	505	4	0.526603	1.22321e+06	7.5392e-05	
11376	13325	2712	37	34.997	2078	32	9	643	7	70	513	4	2.25109	765587	7.50188e-05	
11937	13411	2771	31.0203	25	2092	28	8	645	10	78	528	4	1.73473	1.14128e+06	5.67988e-05	
12096	13489	2785	34.5555	35	2097	29	8	647	9	72	524	4	1.6588	844735	6.75904e-05	
12100	12550	2700	28.8835	34.2125	2098	30	7	604	18	63	523	6	0.359138	871792	0.000276625	
12062	12550	2700	36.8592	34.5208	2054	30	7	650	23	70	506	5	0.417205	1.15337e+06	9.64506e-05	
12100	13328	2791	34.8276	25	2098	29	9	647	14	80	525	5	1.43232	1.12977e+06	5.80248e-05	
12100	12797	2771	32.6746	26.095	2160	28	8	636	16	76	522	6	0.701062	1.43983e+06	6.10091e-05	
12068	13266	2716	33.8618	35	2082	28	7	625	20	82	523	5	1.34847	865218	6.80133e-05	
12100	12550	2700	30.0703	34.4888	2041	30	8	618	14	68	484	4	0.362302	963002	0.000207211	
12043	13049	2750	28.1007	25	2091	29	9	637	14	78	515	4	1.09061	1.33405e+06	5.61703e-05	
12100	12674	2748	37	28.853	2145	29	9	624	16	78	502	5	0.538167	1.31614e+06	7.16076e-05	
11995	12587	2747	37	25.7052	2072	31	10	640	4	85	526	5	0.555086	1.38642e+06	6.79902e-05	
12100	12550	2702	30.4005	34.3207	2034	30	8	650	26	73	515	5	0.36333	991601	0.000194439	
11921	13497	2790	31.9596	32.8754	2145	29	7	630	9	90	526	5	1.88897	913310	6.40902e-05	
11670	13419	2725	37	35	2005	30	9	637	13	70	507	6	2.04467	778201	7.32493e-05	
12099	13489	2777	35.9808	32.759	2007	30	8	640	8	90	524	4	1.65138	871118	6.59892e-05	
12100	12550	2701	30.6208	29.1266	2048	28	7	615	1	70	503	5	0.363675	1.02474e+06	0.000184604	
12100	12550	2701	34.6999	30.3617	2089	28	8	600	13	75	501	5	0.369551	1.10701e+06	0.000125282	
12100	12550	2700	31.8256	34.7016	2052	30	7	631	11	62	504	6	0.365823	1.02477e+06	0.000161134	
12067	13342	2793	22.2552	25	2092	28	6	625	15	88	529	5	1.44059	1.5522e+06	5.30391e-05	
12039	12555	2706	37	34.3595	2040	29	10	615	25	64	489	5	0.452595	1.17636e+06	8.71232e-05	
12100	12797	2771	32.6746	26.095	2160	28	7	636	16	76	522	6	0.701062	1.44938e+06	6.09905e-05	
12100	12558	2708	29.7322	35	2084	30	6	617	18	63	513	6	0.372712	969666	0.000201816	
12068	12604	2700	35.9443	25.3075	2017	31	9	647	13	86	512	5	0.477949	1.33986e+06	7.97512e-05	
12100	13427	2740	28.497	25	2127	28	5	640	14	85	529	5	1.53005	1.23567e+06	5.51177e-05	
12084	12550	2713	36.2508	35	2103	29	8	611	20	71	519	6	0.391947	1.11547e+06	0.000108237