12100	12550	2700	28.6927	34.7862	2092	30	8	631	7	62	504	6	0.358558	848420	0.000295508	
11130	13219	2700	37	35	2033	32	9	620	9	65	481	5	2.37866	746646	7.86535e-05	
11091	13500	2701	37	34.8469	2056	32	10	627	13	65	486	4	2.80238	747444	7.84437e-05	
12100	13368	2793	21.0355	25.1015	2114	28	6	627	5	86	529	5	1.41728	1.71151e+06	5.27872e-05	
12100	12550	2700	28.6844	25.5215	2096	30	8	629	14	62	507	5	0.358532	904785	0.000285959	
12100	13411	2772	21	25	2160	28	6	638	11	89	530	4	1.46568	1.68311e+06	5.25431e-05	
11209	13500	2701	37	34.8469	2051	32	10	627	13	69	486	4	2.66947	752109	7.73455e-05	
11347	13339	2700	37	35	2104	31	10	636	14	65	502	5	2.29324	760250	7.57404e-05	
11168	13500	2701	37	34.8469	2056	32	10	627	13	65	486	4	2.71581	749280	7.78998e-05	
11091	13469	2701	37	34.9304	2056	32	10	627	15	68	485	4	2.76017	747671	7.83638e-05	
11209	13442	2701	37	34.8465	2034	32	10	629	6	65	509	4	2.59057	753578	7.7006e-05	
12100	13425	2793	21.0355	25	2114	28	6	627	6	86	529	5	1.49701	1.66993e+06	5.25984e-05	
12100	13235	2791	22.3576	25	2102	28	7	639	13	81	527	5	1.25084	1.64458e+06	5.34702e-05	
11199	13391	2701	37	34.8469	2056	32	10	620	9	65	492	4	2.5328	751414	7.74533e-05	
12100	13264	2791	22.3576	25	2099	28	7	639	15	81	526	5	1.29093	1.62109e+06	5.33134e-05	
12100	13235	2791	22.3576	25	2102	28	7	639	13	81	526	5	1.25084	1.64249e+06	5.3496e-05	
11230	13391	2701	37	34.8469	2056	32	10	629	9	65	492	4	2.49768	752619	7.7238e-05	
11209	13442	2701	37	34.8469	2056	32	10	627	9	65	494	4	2.59057	752219	7.73096e-05	
11376	13325	2702	37	34.997	2078	32	9	643	3	69	513	4	2.24279	763546	7.52106e-05	
11296	13416	2700	37	34.8469	2064	32	10	635	8	65	491	4	2.45552	754403	7.67931e-05	
11163	13219	2700	37	35	2033	32	9	621	9	65	488	5	2.34152	748639	7.81677e-05	
12100	12550	2700	28.741	35	2000	30	8	603	12	62	504	6	0.358707	848205	0.000291971	
12100	13296	2786	22.4416	25	2127	28	5	640	14	86	529	5	1.33388	1.60024e+06	5.29269e-05	
12100	13296	2787	22.4416	25	2127	30	5	626	16	86	530	5	1.33436	1.58779e+06	5.33419e-05	
11163	13295	2700	37	35	2110	32	9	624	8	65	484	5	2.44321	751700	7.77605e-05	
12100	12550	2703	28.7989	34.6034	2098	30	8	616	11	60	512	4	0.359282	858640	0.0002849	
12099	12550	2700	28.8542	35	2140	31	7	613	15	63	501	4	0.360272	868771	0.000275482	
12100	13342	2793	22.2552	25	2092	28	6	625	15	86	529	5	1.39894	1.5771e+06	5.29829e-05	
11376	13324	2700	37	34.997	2124	32	9	643	18	68	513	4	2.23978	764822	7.50638e-05	
12100	12589	2700	27.3274	35	2098	31	7	608	18	72	510	6	0.403204	897094	0.00025227	
11524	13432	2700	37	35	2004	31	9	643	5	69	512	5	2.2145	766143	7.45879e-05	
12085	13359	2792	22.7421	25	2092	28	7	620	17	85	525	6	1.44678	1.50629e+06	5.33333e-05	
11912	13392	2788	36.3308	33.1777	2073	30	10	612	20	90	513	5	1.75634	846152	6.76041e-05	
11199	13376	2700	37	34.8469	2056	32	10	620	9	65	492	4	2.5116	751298	7.74653e-05	
12100	13120	2775	23.8248	25	2154	28	6	623	12	76	524	5	1.10139	1.60542e+06	5.43213e-05	
12100	12550	2700	28.9341	34.9553	2105	31	8	609	14	61	502	6	0.359288	870042	0.000273598	
12055	12995	2785	26.5125	25.0072	2131	29	10	607	13	75	528	6	1.00956	1.48048e+06	5.52822e-05	
12085	13359	2792	23.8581	25	2092	28	7	620	17	87	522	6	1.45764	1.423e+06	5.36625e-05	
12100	12550	2711	29.2062	34.3278	2056	30	10	608	23	64	498	4	0.361538	903643	0.000251446	
11768	13491	2713	37	35	2010	31	10	607	13	84	506	4	2.01739	777108	7.25479e-05	
12100	12550	2716	28.1616	34.6528	2127	30	8	600	11	65	507	5	1.77738	830945	6.85166e-05	
11856	13436	2734	36.3086	34.9724	2122	28	10	643	12	74	509	5	1.85068	801717	7.04275e-05	
12100	12550	2700	32.8502	27.359	2160	29	8	628	3	68	510	5	0.367369	1.10608e+06	0.000141523	
12062	12968	2779	28.4691	25	2065	28	9	620	10	78	515	5	0.970115	1.41749e+06	5.60444e-05	
12100	12550	2701	31.9459	25.9498	2077	31	6	636	3	83	502	5	0.366158	1.10979e+06	0.000153492	
11305	13388	2708	37	34.8496	2051	30	10	632	12	65	492	4	2.4145	759123	7.60861e-05	
12100	12550	2700	35.7114	30.5375	2125	31	9	604	17	65	501	5	0.370197	1.12458e+06	0.00011854	
11772	12989	2792	27.5657	25.2307	2076	29	8	629	13	77	530	5	1.36067	1.24221e+06	5.63126e-05	
12100	13315	2768	25.8465	25	2129	29	6	644	15	73	530	4	1.37929	1.33784e+06	5.4407e-05	
11716	13379	2782	37	35	2073	30	10	628	20	90	515	4	1.97573	796409	7.07614e-05	
12100	13493	2800	21.8243	25	2101	28	6	624	13	84	529	5	1.60883	1.53261e+06	5.2776e-05	
12055	12556	2720	26.756	35	2112	30	8	617	6	75	514	4	0.416835	891010	0.000258866	
11931	13303	2771	34.0666	32.5104	2052	31	7	641	3	70	523	4	1.59728	889103	6.64496e-05	
12100	12550	2701	32.694	25.9498	2113	31	6	636	3	83	502	5	0.36729	1.1289e+06	0.000142613	
12100	12550	2700	29.2189	25	2108	32	9	630	15	62	471	5	0.360106	963872	0.000243546	
12100	13180	2783	24.818	25.0248	2108	28	9	644	5	78	530	5	1.1943	1.47159e+06	5.38735e-05	
11921	13497	2800	32.8003	32.8754	2138	29	8	641	10	90	513	5	1.89704	899424	6.45953e-05	
12078	13497	2793	21	25	2092	28	6	616	17	87	529	5	1.62538	1.60879e+06	5.27649e-05	
12100	12573	2743	27.6898	35	2132	32	5	620	18	61	514	5	0.390416	861441	0.000283527	
12100	13296	2783	22.4416	25	2128	30	7	627	16	86	530	5	1.33245	1.58179e+06	5.34388e-05	
12100	12550	2701	30.1591	34.9258	2065	28	8	600	1	70	503	5	0.362645	964030	0.000203957	
12100	13170	2783	24.0082	25.0248	2129	28	6	644	5	80	530	5	1.17449	1.55341e+06	5.35647e-05	
12100	12550	2700	29.0669	30.685	2123	31	6	614	17	70	506	5	0.359675	914133	0.000257599	
12098	12550	2700	29.3097	34.2125	2097	30	8	601	17	65	523	6	0.362802	919593	0.000237925	
12039	13063	2797	25.5717	25	2086	29	4	627	10	80	530	4	1.12164	1.49409e+06	5.43124e-05	
12083	12906	2786	28.4691	25	2106	29	9	618	16	77	519	5	0.862602	1.48969e+06	5.70841e-05	
12100	12550	2700	33.3817	26.1956	2045	31	7	628	15	84	503	4	0.368047	1.13679e+06	0.000134844	
12077	12551	2702	31.2032	35	2128	28	7	600	15	72	515	5	0.394347	1.04735e+06	0.000143308	
12100	13025	2782	26.0832	25	2138	29	7	622	9	83	530	5	0.990333	1.539e+06	5.49964e-05	
12100	12567	2707	28.4151	35	2100	31	8	621	7	69	509	4	0.380208	909373	0.000245098	
12100	12550	2702	31.2032	35	2137	28	9	600	13	72	515	5	0.364983	1.00453e+06	0.000173491	
12043	12578	2701	25.6624	34.601	2130	30	8	612	15	73	494	4	0.450931	903329	0.000247341	
12057	12883	2788	36.388	25.6915	2050	31	8	616	10	68	516	4	0.878206	1.23214e+06	6.13083e-05	
12100	12567	2707	28.4151	35	2100	31	8	607	3	71	509	4	0.380208	907470	0.000245278	
11699	13398	2700	37	35	2104	31	8	636	8	65	504	5	1.96327	777632	7.3416e-05	
11879	13494	2794	30.2582	26.8868	2081	29	7	636	9	89	505	5	1.93625	1.07669e+06	5.86235e-05	
12091	12940	2744	29.2729	31.9216	2139	28	9	622	11	75	526	5	0.887192	1.21473e+06	6.25704e-05	
12073	12554	2713	33.7154	35	2092	29	8	602	12	74	515	5	0.408412	1.10317e+06	0.00011352	
12006	12871	2723	35.719	28.5526	2056	28	6	616	10	76	516	4	0.904081	1.12227e+06	6.31313e-05	
12100	12550	2700	31.4542	25.5215	2098	30	8	629	14	62	507	5	0.365177	1.0908e+06	0.00016247	
11994	12550	2744	36.8664	35	2043	29	7	632	19	71	496	5	0.507945	1.19781e+06	7.89017e-05	
12069	13115	2773	26.4369	25	2141	28	7	630	27	77	520	5	1.14973	1.41463e+06	5.47016e-05	
12100	12559	2700	31.6683	34.9498	2110	31	8	611	18	63	499	6	0.376961	1.03331e+06	0.000152788	
11296	13391	2701	37	34.8469	2056	32	10	629	9	65	491	4	2.42259	754457	7.68344e-05	
12018	13120	2780	24.9475	25	2142	28	9	628	19	76	528	5	1.21471	1.44362e+06	5.41624e-05	
12100	12550	2700	31.6262	26.13	2063	28	8	634	3	72	501	5	0.365482	1.09182e+06	0.000159312	
12100	12550	2700	30.433	26.9751	2049	30	7	603	14	67	500	5	0.363133	1.03143e+06	0.000189143	
12100	12550	2700	32.6302	32.3538	2146	32	8	617	21	65	491	5	0.367065	1.05663e+06	0.000147384	
12100	12685	2702	37	25	2054	30	4	633	22	75	529	4	0.543247	1.47511e+06	6.86908e-05	
11277	13357	2700	37	35	2091	32	10	624	7	67	492	5	2.39745	754767	7.67342e-05	
12100	13475	2800	21.8243	25	2101	28	6	626	13	84	529	5	1.58342	1.54125e+06	5.27732e-05	
12100	12550	2732	29.0729	34.5647	2118	32	9	601	20	65	496	5	0.363955	892469	0.000260349	
11871	12550	2707	34.7632	26.7495	2023	31	9	647	7	88	519	5	0.648303	1.33162e+06	6.42921e-05	
12100	12550	2700	30.8447	27.2921	2063	29	8	645	3	72	501	5	0.364007	1.05433e+06	0.000177054	
12100	12550	2700	31.5367	30.5375	2125	31	9	604	17	65	501	5	0.365325	1.04111e+06	0.000164069	
12100	12550	2700	28.741	31.7724	2000	30	6	603	6	62	504	6	0.358707	864478	0.000288434	
12099	12550	2700	29.4766	34.8227	2096	31	8	614	17	73	511	6	0.362031	929166	0.000231642	
12100	13122	2783	24.0082	25.0737	2124	28	9	644	5	80	530	5	1.10884	1.57259e+06	5.41419e-05	
12100	12563	2702	29.8569	34.0741	2098	31	7	610	21	65	513	5	0.378542	993291	0.000186741	
12098	12867	2782	31.3485	25	2040	30	7	642	19	73	512	5	0.797574	1.4472e+06	5.87648e-05	
11493	13228	2717	37	35	2000	32	9	643	10	71	485	4	1.98849	763523	7.56544e-05	
12100	12590	2736	37	34.9684	2087	32	6	614	13	62	493	5	0.427285	1.16676e+06	9.48047e-05	
12100	12550	2715	36.7564	29.9439	2097	31	7	600	18	66	517	6	0.372859	1.1537e+06	0.000112221	
11516	13225	2717	37	35	2000	31	9	637	8	71	518	5	1.95757	772569	7.41455e-05	
12100	12550	2700	30.1581	27.0945	2078	30	6	637	6	73	522	5	0.362509	1.02626e+06	0.000197668	
11738	13206	2711	36.66	35	2035	32	9	646	20	81	512	5	1.66593	789981	7.2448e-05	
11277	13357	2702	37	35	2091	32	10	624	9	67	492	5	2.39923	755010	7.67106e-05	
11812	13357	2764	36.6186	33.9283	2136	31	10	621	9	84	530	4	1.81563	822439	6.89275e-05	
12100	12550	2700	29.0729	34.5647	2120	32	8	608	22	65	482	5	0.359692	887370	0.000262261	
12100	12882	2739	35.8874	26.095	2154	28	7	616	17	85	484	6	0.807947	1.29862e+06	6.08828e-05	
11713	13493	2748	36.3086	34.3389	2063	28	9	644	16	72	529	5	2.1122	808066	7.01262e-05	
12100	12550	2700	28.9738	34.6034	2098	30	8	610	12	60	501	4	0.359405	876904	0.000269833	
12100	12550	2714	31.9689	35	2155	29	9	622	19	78	497	5	0.367958	1.02913e+06	0.000158053	
12100	13108	2700	32.8484	33.3672	2028	31	7	647	3	71	523	4	1.08994	950186	6.70781e-05	
12099	12560	2722	31.8742	34.8282	2134	31	7	607	15	84	530	6	0.382893	1.04747e+06	0.000146391	
12100	13296	2777	22.4416	25	2127	30	5	626	15	86	527	5	1.32957	1.58459e+06	5.35217e-05	
12095	13062	2782	26.0832	25	2138	29	5	622	9	77	530	5	1.04682	1.51465e+06	5.45554e-05	
12100	12550	2700	33.0241	29.2311	2103	30	8	629	17	63	524	5	0.3676	1.08945e+06	0.000140528	
12100	12550	2706	29.1522	34.4397	2102	30	8	618	11	84	527	6	0.360719	907501	0.000253936	
11836	13357	2768	36.6186	33.51	2136	31	10	639	12	81	530	4	1.78888	831874	6.82967e-05	
12100	13425	2793	21.0355	25	2114	28	5	627	3	85	530	5	1.49701	1.67661e+06	5.25514e-05	
12079	13257	2791	24.0083	25	2124	29	7	628	7	77	530	4	1.32431	1.46208e+06	5.36942e-05	
12100	12576	2718	37	34.6467	2141	29	8	600	11	65	503	5	0.406574	1.14297e+06	0.000100351	
11304	12917	2723	37	35	2002	32	9	642	8	72	479	5	1.79841	761774	7.69468e-05	
12100	12550	2700	34.144	35	2084	31	7	601	11	64	505	6	0.368889	1.06168e+06	0.00013231	
12100	12550	2700	31.8127	26.9456	2064	29	6	642	14	69	524	5	0.365802	1.09307e+06	0.000156397	
12070	13411	2770	23.8535	25	2158	28	6	637	11	89	530	4	1.53696	1.3952e+06	5.32765e-05	
12028	12560	2719	32.723	35	2082	29	9	619	24	72	498	6	0.47087	1.15707e+06	9.54107e-05	
12100	12550	2700	29.4766	34.2125	2127	31	8	602	18	62	509	5	0.36081	921945	0.000235073	
11744	13488	2700	36.9088	35	2059	32	9	624	3	82	512	5	2.03209	779094	7.25216e-05	
11596	12550	2707	37	35	2103	29	10	621	18	72	465	5	0.976425	845760	7.45823e-05	
12100	13070	2789	27.7024	25.5871	2062	29	10	627	7	84	526	4	1.06142	1.36905e+06	5.56452e-05	
12100	12550	2700	30.3691	28.5708	2077	30	8	628	20	71	505	5	0.362991	1.01872e+06	0.000191828	
11504	13282	2705	37	34.8393	2004	31	9	644	4	69	512	5	2.03929	770576	7.44602e-05	
12099	12550	2727	28.7862	34.9274	2136	31	7	603	16	61	503	6	0.363667	864655	0.000280584	
11961	12710	2701	33.0938	25	2080	29	9	621	2	77	512	4	0.740801	1.38276e+06	6.02991e-05	
12100	12550	2700	28.8081	34.5708	2080	30	7	642	9	71	522	5	0.358911	874458	0.000282326	
11410	13221	2700	37	34.9267	2108	29	10	643	19	73	518	4	2.06268	773345	7.38825e-05	
12096	12551	2700	28.9738	34.7048	2058	30	7	603	8	65	490	4	0.365558	901580	0.000249938	
11937	13060	2791	31.0203	32.1967	2092	32	9	645	10	84	522	5	1.26252	978342	6.41643e-05	
11163	13020	2700	37	35	2055	32	9	621	14	65	519	5	2.07799	756246	7.70891e-05	
11961	12843	2724	34.549	32.5738	2067	29	9	635	17	79	530	4	0.921759	1.00921e+06	6.62383e-05	
12100	12551	2702	31.2032	35	2128	28	7	600	15	72	516	5	0.36625	1.00784e+06	0.000171939	
12048	12578	2701	25.6624	34.601	2127	30	8	612	15	73	494	4	0.444847	878472	0.000266951	
11960	13094	2726	30.0647	25	2028	29	9	621	14	81	509	5	1.24832	1.19171e+06	5.79206e-05	
12100	12550	2700	34.4313	28.3793	2074	31	8	601	10	64	505	6	0.369169	1.13038e+06	0.000126502	
12100	12550	2700	31.5367	30.2376	2125	31	9	604	19	79	502	5	0.365325	1.04501e+06	0.000163613	
12100	12550	2786	28.4691	31.6626	2065	28	9	615	14	71	515	4	0.360398	975750	0.000235682	
11284	13131	2700	36.8905	35	2091	32	9	624	9	68	488	5	2.08731	758513	7.66284e-05	
12100	12550	2700	31.8054	32.3196	2043	29	8	613	22	72	501	5	0.365789	1.03843e+06	0.000159949	
12085	12561	2749	37	27.03	2088	31	9	637	13	85	505	5	0.410485	1.24594e+06	9.62094e-05	
12100	12619	2714	34.9985	34.6528	2141	30	8	600	10	65	503	5	0.459686	1.17344e+06	9.10581e-05	
12100	12550	2701	28.7737	26.6017	2074	28	8	600	13	73	502	5	0.358939	907456	0.000278087	
12100	12550	2700	35.8873	29.4966	2149	30	7	609	5	69	510	6	0.370312	1.14228e+06	0.000116945	
12100	12550	2700	29.5383	26.9456	2079	29	6	641	14	66	530	5	0.360973	987269	0.000224467	
11960	13027	2726	30.0647	25	2028	29	9	621	17	81	509	5	1.15915	1.21812e+06	5.79341e-05	
12100	13240	2787	35.6623	25	2112	28	8	647	14	75	520	5	1.30913	1.14931e+06	5.85309e-05	
12100	12571	2756	36.7287	27.456	2059	31	9	648	14	88	515	5	0.405652	1.22932e+06	9.94135e-05	
12100	12550	2700	29.1522	35	2086	30	8	613	11	62	501	6	0.359919	893470	0.000256345	
12100	13333	2800	27.8407	25	2138	28	7	630	7	86	529	5	1.42957	1.28423e+06	5.42682e-05	
12100	12550	2700	30.2048	27.4314	2086	31	8	638	14	73	502	6	0.362617	1.02273e+06	0.000196502	
12100	13363	2707	37	35	2004	32	10	623	11	72	474	5	1.43787	798954	7.29874e-05	
12100	12550	2700	35.4584	28.457	2069	31	8	639	20	73	518	5	0.370021	1.14682e+06	0.000119019	
12049	12567	2700	36.7287	25.6808	2018	31	9	647	14	88	512	5	0.454518	1.31526e+06	8.29876e-05	
12100	12906	2709	31.2368	25.0289	2094	31	9	623	9	70	515	5	0.824883	1.38441e+06	5.90493e-05	
12093	13044	2782	26.0832	25	2138	29	5	622	9	85	530	5	1.0249	1.53077e+06	5.45852e-05	
11768	13485	2713	37	35	2066	31	10	643	14	86	506	4	2.00918	782341	7.18907e-05	
12041	12914	2712	32.3425	25.475	2104	29	10	642	19	70	501	5	0.910378	1.26796e+06	5.94778e-05	
12100	12550	2700	31.1449	25.6944	2070	29	10	642	7	67	508	5	0.364601	1.07883e+06	0.000168919	
12100	12550	2700	32.4504	26.0217	2144	30	7	640	20	72	530	5	0.366805	1.11698e+06	0.000145879	
11733	13500	2794	33.8361	28.2494	2091	30	9	632	18	86	530	5	2.13086	971317	6.18467e-05	
12100	12569	2704	29.1522	34.24	2086	30	8	612	11	82	506	6	0.384574	977059	0.000199322	
11879	13500	2794	30.2582	26.5602	2054	29	7	636	7	89	505	5	1.94471	1.0842e+06	5.84761e-05	
11402	13425	2700	37	35	2028	31	9	630	4	69	509	5	2.34623	762599	7.53012e-05	
12100	12550	2700	29.4766	25.6588	2127	31	6	602	18	61	506	6	0.36081	982539	0.000227842	
12100	12550	2701	28.8981	27.2706	2097	30	7	619	13	65	530	5	0.359314	918830	0.000267523	
12028	12587	2759	36.4728	27.1868	2159	32	9	627	5	82	512	6	0.516348	1.34159e+06	7.38662e-05	
12083	12906	2786	28.4691	25	2106	29	9	618	14	77	519	5	0.862602	1.49001e+06	5.70809e-05	
11862	12550	2707	34.7632	26.7495	2023	31	9	647	7	88	519	5	0.659115	1.32414e+06	6.39877e-05	
12100	12550	2700	37	25.695	2098	32	8	629	15	62	471	5	0.370911	1.23366e+06	0.000109409	
12100	13120	2783	24.5897	25.1168	2137	28	5	628	13	68	530	5	1.1106	1.5558e+06	5.41976e-05	
12100	12550	2700	34.8796	26.4855	2157	31	7	637	17	74	527	5	0.369569	1.1618e+06	0.000121907	
12100	12558	2709	30.8979	35	2084	30	7	617	18	63	513	6	0.3755	1.01652e+06	0.000168095	
12100	13342	2793	34.2088	27.3412	2092	28	6	624	15	83	529	5	1.45225	1.07336e+06	5.92839e-05	
12100	12550	2700	30.0117	35	2000	30	8	607	12	62	504	6	0.362162	955278	0.000210305	
12039	12550	2706	36.7287	34.1707	2045	29	10	615	25	62	489	5	0.446119	1.17459e+06	8.90076e-05	
12100	12867	2700	31.3102	25	2050	28	8	622	4	73	498	5	0.771551	1.42785e+06	5.96054e-05	
12096	12554	2710	32.7188	35	2092	30	8	602	5	71	515	5	0.37854	1.05225e+06	0.000139179	
11517	13387	2717	37	35	2032	31	10	605	7	76	526	4	2.17535	770769	7.37463e-05	
11517	13387	2703	37	34.8846	2032	31	8	610	21	73	529	4	2.16414	772942	7.37626e-05	
11889	13338	2795	32.2816	28.8421	2155	29	10	639	25	88	522	5	1.70978	998777	6.05107e-05	
11585	13363	2700	37	34.9982	2004	32	10	623	10	74	474	5	2.05002	760931	7.56029e-05	
12057	12883	2722	36.388	25.6915	2050	31	8	616	10	68	518	4	0.857416	1.22004e+06	6.2027e-05	
12100	12809	2739	33.7829	26.095	2055	28	7	616	9	86	505	6	0.710099	1.40251e+06	6.10986e-05	
11343	13221	2700	37	34.997	2108	29	10	643	19	70	516	4	2.13965	768327	7.4599e-05	
12100	12550	2712	34.6846	35	2140	29	8	616	18	73	522	5	0.371042	1.07128e+06	0.000127356	
12062	12989	2792	27.5063	25	2076	29	8	635	13	77	530	5	0.999565	1.45342e+06	5.53403e-05	
11625	13306	2700	37	35	2124	32	9	620	5	70	513	4	1.92642	775054	7.3443e-05	
12100	12551	2702	30.1769	35	2128	28	7	600	15	72	516	5	0.364089	969567	0.000200803	
12100	12644	2715	36.5737	34.9684	2078	32	9	607	12	60	493	4	0.492953	1.18673e+06	8.18599e-05	
11952	12550	2700	36.7447	33.9506	2097	30	8	600	18	69	504	6	0.550521	1.18452e+06	7.44158e-05	
12077	12550	2702	31.2032	35	2128	28	9	600	15	72	515	5	0.393079	1.04423e+06	0.000144321	
12100	12550	2700	30.3575	26.0643	2094	30	6	641	5	70	508	5	0.362965	1.0452e+06	0.000190295	
12100	12906	2761	29.1428	25	2085	29	9	625	16	75	525	4	0.835723	1.46841e+06	5.75639e-05	
12100	12550	2700	29.8569	30.5437	2160	30	7	610	10	70	516	5	0.361785	974288	0.000212495	
12099	12550	2700	29.2026	34.8227	2114	31	9	613	17	74	496	6	0.361283	906342	0.000248201	
12085	12554	2719	28.7862	35	2134	30	7	612	7	77	503	6	0.384919	951935	0.000215936	
12100	13317	2786	23.1584	25	2108	29	6	639	10	83	530	4	1.3708	1.50008e+06	5.33646e-05	
12100	13353	2790	22.4416	25	2127	28	5	640	18	86	529	5	1.41502	1.55837e+06	5.28597e-05	
12100	13475	2781	30.995	25	2110	28	7	630	16	83	522	4	1.62663	1.1764e+06	5.60318e-05	
12100	12563	2700	31.5609	34.9258	2098	28	8	621	13	70	515	5	0.381844	1.03779e+06	0.000149544	
11541	13387	2714	37	35	2021	31	10	646	9	75	514	5	2.14486	771615	7.3828e-05	
12100	12550	2703	35.3348	35	2050	30	8	624	23	79	502	5	0.370341	1.08058e+06	0.000123001	
12100	12550	2701	30.9871	34.9258	2098	28	8	621	4	67	515	5	0.364428	1.00148e+06	0.000178508	
12100	12550	2701	31.9459	27.1989	2091	31	7	647	13	71	507	5	0.366158	1.09223e+06	0.000154297	
12087	12965	2736	34.2426	35	2105	28	10	624	19	73	525	5	0.931522	968814	6.8157e-05	
12100	12550	2700	31.1429	26.6165	2065	31	7	612	17	75	514	5	0.364597	1.07012e+06	0.000169607	
12028	12570	2704	36.9988	34.607	2082	29	9	619	26	71	504	6	0.484695	1.18948e+06	8.12414e-05	
12100	12550	2701	30.5816	29.1266	2048	28	8	600	1	70	511	5	0.363591	1.02084e+06	0.000185908	
12099	12550	2700	33.2856	34.6876	2093	30	8	603	10	60	511	6	0.369152	1.05141e+06	0.000139723	
12100	12550	2734	28.741	34.5255	2050	31	8	610	14	62	502	6	0.363224	856456	0.000289352	
12100	12550	2705	30.0202	35	2101	31	8	609	22	63	507	5	0.362853	956221	0.000209424	
12100	12550	2700	29.7248	34.9553	2105	31	8	607	15	62	502	6	0.361454	936505	0.000222866	
12100	12816	2739	33.7829	26.095	2154	28	7	616	17	86	505	6	0.719282	1.41185e+06	6.0584e-05	
11768	12864	2713	37	35	2066	31	10	643	14	82	509	4	1.1794	825556	7.20046e-05	
11753	13360	2788	35.9977	35	2082	30	10	638	15	90	511	4	1.9077	810144	6.98812e-05	
11961	12703	2701	33.0938	25	2080	29	9	621	2	77	512	4	0.73182	1.38801e+06	6.04522e-05	
12099	12571	2727	28.7862	34.9274	2136	31	7	603	16	61	505	6	0.390558	959648	0.000208855	
11350	13391	2700	37	34.8469	2067	32	10	624	10	65	491	4	2.35995	756323	7.64175e-05	
12100	12550	2707	28.741	34.5255	2078	30	7	607	13	62	512	6	0.359637	853541	0.00029036	
12100	13296	2786	22.7675	25	2114	28	5	633	14	86	529	5	1.3376	1.56709e+06	5.30476e-05	
12100	12550	2700	30.2048	34.9553	2105	31	8	607	14	61	502	6	0.362617	964237	0.000202758	
12050	12586	2701	37	29.2684	2097	30	7	605	19	74	505	6	0.477724	1.2755e+06	7.95292e-05	
12099	12560	2727	28.7862	34.8282	2134	31	7	607	15	64	498	6	0.376467	916703	0.000240096	
12100	13472	2781	21.9359	25	2116	28	7	634	16	83	530	5	1.57	1.52548e+06	5.29381e-05	
11883	13482	2793	32.0394	30.4096	2137	29	7	623	2	90	513	5	1.91725	966145	6.20925e-05	
12100	12576	2714	28.1616	34.6528	2141	30	8	600	11	65	503	5	0.391819	924352	0.000232612	
12100	12550	2716	33.8625	35	2057	31	9	626	24	79	516	5	0.37078	1.06077e+06	0.000134282	
11798	13325	2712	37	34.997	2085	32	9	643	7	70	513	5	1.75513	785206	7.25216e-05	
12100	13120	2783	23.8248	25	2132	28	5	628	13	67	530	5	1.10457	1.61471e+06	5.43183e-05	
12100	12550	2700	28.8596	25	2079	30	7	616	7	66	508	6	0.359066	931936	0.000268962	
12100	12550	2700	28.7371	31.8584	2102	31	6	616	20	65	512	6	0.358695	869004	0.000287604	
11961	12719	2737	34.0405	25.9414	2067	31	10	640	0	79	523	5	0.763492	1.3164e+06	6.09013e-05	
12054	13122	2793	24.0082	25.0006	2124	28	9	638	5	79	530	5	1.17085	1.54271e+06	5.3723e-05	
11990	13488	2700	36.9088	35	2063	32	9	624	3	82	515	5	1.7373	792937	7.11389e-05	
12100	12878	2700	32.021	25.9446	2048	31	7	641	14	84	516	4	0.787074	1.36447e+06	5.99916e-05	
12100	12550	2700	33.2309	25.8771	2065	31	7	639	9	84	521	4	0.367863	1.13752e+06	0.000136203	
12100	12550	2702	30.872	34.1904	2045	32	8	614	16	66	477	4	0.364332	1.00024e+06	0.00018162	
12087	12560	2729	36.9988	25.2775	2072	29	9	640	14	65	514	6	0.40375	1.27916e+06	9.69838e-05	
12100	13423	2794	21.9993	25	2092	28	6	626	9	86	529	5	1.50936	1.55006e+06	5.28765e-05	
11986	12567	2739	37	25	2018	31	9	650	14	86	512	5	0.538767	1.40582e+06	6.94059e-05	
12100	12550	2700	31.2389	26.1346	2094	28	10	633	19	72	501	5	0.36478	1.07814e+06	0.000167056	
11912	13379	2788	36.3308	33.1777	2073	31	10	612	20	90	515	4	1.7382	844152	6.77231e-05	
12075	12550	2704	36.3893	33.9506	2096	31	8	604	18	66	505	5	0.401719	1.1391e+06	0.000103008	
12091	12587	2738	37	28.52	2157	32	7	623	8	79	512	6	0.434879	1.2558e+06	8.95095e-05	
12100	12584	2700	27.3274	34.7671	2098	31	8	602	18	77	514	6	0.396852	872274	0.000272405	
12100	12816	2733	33.7829	26.095	2154	29	7	616	17	87	505	6	0.717707	1.41016e+06	6.0757e-05	
12087	13196	2785	23.9106	25	2142	28	10	628	13	75	529	4	1.22658	1.51026e+06	5.36337e-05	
11879	13500	2794	30.2582	26.0979	2054	29	7	636	7	89	505	5	1.94471	1.09907e+06	5.8099e-05	
11982	13021	2763	33.4297	33.2658	2100	30	10	633	12	81	505	6	1.14555	938815	6.6507e-05	
11661	13038	2795	26.5125	25	2125	29	10	621	12	76	528	5	1.56005	1.23062e+06	5.60412e-05	
12100	13425	2793	26.0611	25	2138	28	7	627	7	86	530	5	1.54648	1.31186e+06	5.37519e-05	
12100	12550	2714	31.9689	35	2160	29	8	612	19	78	497	5	0.367958	1.02832e+06	0.000158103	
11785	13357	2789	33.5562	33.33	2122	31	10	621	12	81	530	4	1.86272	865795	6.66889e-05	
11716	13379	2785	37	35	2073	30	10	628	20	90	515	4	1.97786	796839	7.07214e-05	
12100	12550	2700	30.3975	30.7395	2053	31	6	634	13	65	513	5	0.363054	1.00579e+06	0.000192641	
12100	12601	2729	37	28.4964	2067	29	7	635	16	83	505	5	0.440327	1.25666e+06	8.80359e-05	
12021	13475	2800	21.8243	25	2101	28	6	621	14	84	529	5	1.68319	1.50173e+06	5.3011e-05	
12100	12550	2700	29.6461	33.216	2160	30	9	610	13	68	516	5	0.361253	943720	0.000224517	
12100	13497	2793	21.8243	25	2092	28	6	621	17	86	529	5	1.61044	1.52755e+06	5.28737e-05	
12100	12559	2700	31.1612	34.9498	2110	31	8	611	18	61	499	6	0.376037	1.02143e+06	0.00016176	
12033	12550	2719	37	25.4778	2078	28	7	619	6	88	505	5	0.455733	1.33931e+06	8.2176e-05	
12100	12550	2700	30.8447	26.13	2063	28	8	634	3	72	501	5	0.364007	1.06381e+06	0.000176336	
12011	12550	2737	37	32.7072	2133	32	8	618	17	80	481	5	0.485824	1.22254e+06	8.03665e-05	
12100	12550	2700	28.7714	32.3397	2085	30	10	622	16	73	526	4	0.3588	876379	0.000283688	
12100	13411	2770	21	25	2160	28	6	637	11	87	530	4	1.46462	1.68242e+06	5.25845e-05	
11883	13482	2786	32.0394	30.4096	2137	29	6	623	2	89	504	5	1.91244	966042	6.23714e-05	
12049	13194	2700	37	25.257	2047	31	9	647	15	89	512	5	1.26983	1.0743e+06	6.15271e-05	
12068	13266	2714	33.8618	35	2082	28	7	625	20	82	523	5	1.34747	864824	6.80411e-05	
12100	12550	2726	29.3341	35	2117	31	8	605	13	67	530	4	0.363896	914233	0.000242365	
11625	13233	2700	37	34.997	2124	32	9	620	7	68	513	4	1.82865	776121	7.35673e-05	
11505	13021	2715	37	35	2026	30	9	639	8	75	500	5	1.69726	778373	7.41125e-05	
12100	12550	2701	28.7737	27.8155	2050	28	8	600	4	73	502	5	0.358939	897446	0.000279564	
12100	12550	2700	33.6645	28.457	2072	31	8	644	19	73	511	5	0.368377	1.11378e+06	0.000133174	
12100	12755	2700	36.9068	27.6273	2052	32	8	629	20	84	503	5	0.632678	1.30374e+06	6.57073e-05	
12100	12550	2700	33.3112	30.5375	2080	31	9	628	10	65	501	5	0.367962	1.08237e+06	0.000138083	
11537	13425	2700	37	35	2036	31	9	630	4	69	509	5	2.18988	767144	7.44214e-05	
12056	12550	2734	37	35	2071	28	6	618	7	88	505	5	0.429922	1.16393e+06	9.34754e-05	
11921	13497	2784	32.8003	32.8754	2145	29	7	623	8	87	513	5	1.8862	899615	6.49351e-05	
12100	12550	2700	31.0835	26.7324	2056	29	8	637	3	72	501	5	0.364482	1.06774e+06	0.00017094	
11937	13411	2771	31.0203	25	2092	28	8	645	10	78	528	4	1.73473	1.14128e+06	5.67988e-05	
12100	12597	2775	23.8248	25	2154	28	6	623	12	76	524	5	0.384424	1.0676e+06	0.000129049	
12100	12550	2700	29.4265	34.4397	2097	32	8	622	11	87	509	6	0.360676	928329	0.000236742	
12054	12576	2729	37	25.4778	2078	28	7	618	12	88	499	5	0.46492	1.34867e+06	8.06777e-05	
12094	12601	2748	37	28.1324	2099	29	9	624	10	76	515	5	0.450852	1.26811e+06	8.56458e-05	
12100	12553	2706	28.741	35	2086	30	8	603	12	62	504	6	0.363313	867056	0.000276472	
12100	12550	2700	28.9816	30.685	2128	31	7	614	17	77	506	5	0.359427	908664	0.000263783	
12100	12550	2700	31.8498	26.5003	2154	31	7	635	13	71	517	6	0.365864	1.09496e+06	0.000155497	
11465	13215	2706	36.9441	35	2000	32	9	642	8	71	479	5	1.99555	760831	7.62079e-05	
12100	13196	2785	23.8248	25	2148	28	9	628	14	75	528	5	1.20948	1.53529e+06	5.36021e-05	
12100	12551	2700	33.2505	35	2128	28	7	600	15	72	516	5	0.369154	1.04937e+06	0.000140056	
12100	12666	2719	36.9988	26.6821	2088	29	10	650	11	64	512	5	0.522184	1.35067e+06	7.22282e-05	
12100	12584	2700	28.8981	35	2125	30	9	605	12	65	515	6	0.40231	997738	0.000180538	
12087	12550	2736	37	35	2107	28	10	624	20	73	525	5	0.391944	1.12307e+06	0.000106123	
12100	12550	2700	29.6693	26.9751	2098	30	6	617	13	72	503	5	0.361313	991243	0.000218293	
12100	12550	2700	29.4766	28.3008	2098	30	8	626	18	62	524	6	0.36081	962181	0.000229516	
12087	13183	2729	36.9988	34.4586	2047	29	7	619	14	69	520	5	1.22186	856910	6.96864e-05	
12087	12550	2713	36.7287	26.4347	2023	30	9	629	6	89	506	5	0.388522	1.22167e+06	0.000103638	
12100	12589	2713	33.5256	35	2092	30	7	602	17	77	519	6	0.41971	1.11478e+06	0.000110205	
12100	12550	2700	30.4955	25.186	2068	28	8	634	3	72	506	6	0.36327	1.05843e+06	0.000185357	
11415	12550	2740	37	34.8346	2107	28	10	624	20	73	525	6	1.20173	818951	7.30353e-05	
12006	12657	2705	37	29.4054	2067	32	7	626	18	83	494	6	0.622592	1.25152e+06	6.7659e-05	
12084	12550	2713	35.5582	35	2103	29	8	611	19	71	519	6	0.391505	1.10725e+06	0.000111508	
11994	12550	2725	36.8099	35	2043	29	7	632	21	77	496	5	0.504401	1.19512e+06	7.91327e-05	
12100	12554	2710	35.1148	35	2127	29	6	616	21	71	530	6	0.376217	1.0867e+06	0.000121448	
12100	13044	2782	25.3677	25.2212	2157	29	5	622	9	86	529	5	1.012	1.56496e+06	5.493e-05	
12100	12550	2705	28.741	34.5255	2000	30	7	607	13	62	504	6	0.359371	852746	0.000291036	
12006	13107	2776	37	29.4054	2076	32	7	630	30	81	494	5	1.24053	967427	6.52018e-05	
12100	12550	2700	29.6693	31.2802	2098	30	6	617	13	67	500	5	0.361313	957056	0.000222074	
12100	12585	2700	27.3274	35	2098	31	6	608	18	75	509	6	0.398122	878059	0.000268168	
12100	12550	2700	29.0351	32.3397	2098	30	10	608	18	72	521	4	0.359583	900044	0.000261506	
11866	13216	2786	33.3089	27.0394	2155	29	10	617	25	86	512	4	1.56549	1.03573e+06	6.00168e-05	
12006	13241	2743	35.719	28.5526	2059	28	6	616	10	76	516	4	1.40609	992191	6.28575e-05	
12100	12550	2700	32.3812	35	2045	31	7	642	9	84	513	4	0.366702	1.03692e+06	0.000151906	
12087	13196	2785	23.8248	25	2142	28	9	628	14	76	528	5	1.22585	1.52389e+06	5.36107e-05	
12086	12587	2744	37	26.2042	2131	32	9	626	11	79	512	6	0.442035	1.30208e+06	8.67528e-05	
12100	12550	2700	28.7259	30.685	2128	31	6	614	17	70	506	5	0.35866	877443	0.000287026	
12100	12550	2700	30.754	32.3397	2145	30	9	623	18	67	523	4	0.36382	1.00731e+06	0.000182849	
12100	12553	2703	34.6699	35	2112	31	6	611	22	81	504	5	0.373603	1.0768e+06	0.000125471	
12100	12550	2700	30.1581	32.8426	2078	31	6	637	6	73	522	5	0.362509	986186	0.000201898	
12100	12893	2777	32.9592	26.095	2157	28	5	623	19	86	521	6	0.830996	1.39822e+06	5.80923e-05	
12100	12550	2761	37	27.03	2110	29	9	633	13	85	505	5	0.379291	1.20182e+06	0.000108719	
12100	12550	2700	29.159	28.5708	2079	30	8	616	21	74	503	5	0.359938	937113	0.00024888	
12100	12558	2709	30.9873	35	2084	30	7	617	18	63	514	6	0.375679	1.01858e+06	0.000166168	
12100	12550	2705	28.741	34.5255	2021	30	7	607	13	73	504	6	0.359371	858108	0.000289771	
12100	12550	2700	29.9537	25.9132	2079	31	6	614	5	71	522	5	0.362022	1.02013e+06	0.000205002	
11555	13353	2700	37	35	2137	32	9	633	15	61	500	5	2.07158	767204	7.48503e-05	
11729	12961	2718	36.7191	35	2076	31	8	620	12	72	490	5	1.35528	805635	7.3046e-05	
12100	12550	2700	30.754	32.9323	2145	30	9	618	18	67	515	4	0.36382	1.00303e+06	0.000183318	
12085	12550	2738	37	29.0723	2141	32	7	623	8	82	512	6	0.394706	1.20058e+06	0.000102291	
11903	13221	2792	37	35	2073	30	10	628	20	90	515	5	1.53289	819983	6.96476e-05	
12100	12550	2700	29.6693	26.9751	2098	30	6	617	13	68	503	5	0.361313	989418	0.000218484	
11555	13363	2707	37	35	2004	32	10	623	11	72	471	5	2.09047	759632	7.59474e-05	
12065	12811	2708	34.6653	28.6075	2086	30	8	613	7	73	496	6	0.748363	1.23079e+06	6.39264e-05	
11504	13366	2706	37	35	2000	31	9	644	5	69	514	5	2.15327	767718	7.45879e-05	
12100	12730	2770	21.6704	25	2092	28	6	622	17	86	530	5	1.28576	1.00863e+06	6.2905e-05	
11596	12586	2707	37	34.7165	2004	29	10	623	12	72	465	5	1.02221	834859	7.47217e-05	
12100	12584	2701	27.3274	34.2517	2098	31	8	602	18	77	512	6	0.396999	874677	0.000271739	
12100	12550	2700	32.308	26.9456	2063	29	7	641	14	69	530	5	0.366592	1.10283e+06	0.0001485	
11913	13094	2700	36.3776	34.8835	2064	29	8	618	10	77	511	4	1.30138	827021	7.07914e-05	
11928	12801	2769	30.7025	25	2123	30	10	628	15	83	509	4	0.916351	1.34109e+06	5.76568e-05	
12021	13475	2800	21.8243	25	2101	28	6	621	14	84	530	5	1.68319	1.50285e+06	5.29801e-05	
12100	13015	2795	29.1185	25.1923	2046	30	7	620	17	89	524	5	0.993554	1.39004e+06	5.6035e-05	
12099	12550	2700	29.5746	34.2125	2089	29	8	603	11	60	511	6	0.36229	932694	0.000226809	
12004	12601	2753	37	29.4337	2073	31	9	621	2	86	528	5	0.563325	1.29738e+06	6.95507e-05	
11296	13349	2708	37	35	2004	29	10	632	16	64	492	4	2.37202	756299	7.64409e-05	
12100	12551	2700	32.6271	35	2065	31	7	628	13	61	520	5	0.368327	1.0401e+06	0.000147732	
12100	13120	2783	24.5039	25.1168	2134	28	5	628	10	68	530	5	1.10997	1.56075e+06	5.42123e-05	
12100	12550	2700	32.1307	26.5316	2113	28	10	640	19	67	508	5	0.366318	1.09806e+06	0.000150989	
11343	13266	2700	37	34.997	2108	32	10	643	19	68	513	4	2.1998	761892	7.54546e-05	
12095	13080	2782	26.0832	25	2138	29	5	622	9	77	530	5	1.07129	1.49914e+06	5.44277e-05	
12100	12550	2700	29.3599	34.346	2078	30	7	642	7	71	522	5	0.360495	925252	0.000240616	
12100	12550	2701	29.7485	30.7102	2136	31	7	621	18	70	509	5	0.361648	968207	0.000217486	
12100	12550	2700	29.7485	27.1168	2158	31	7	618	22	72	509	5	0.361514	995058	0.000214546	
12100	12550	2700	28.5204	25	2091	30	7	613	11	62	501	6	0.359066	866444	0.00027933	
12100	12550	2700	32.5327	35	2136	31	8	601	12	64	505	6	0.366925	1.0335e+06	0.000150195	
12100	12553	2704	34.6699	35	2112	31	7	611	22	81	509	5	0.373741	1.07543e+06	0.000125439	
12049	13395	2713	36.3086	35	2111	28	10	645	17	69	499	4	1.54662	811257	7.03532e-05	
12100	13411	2747	25.8465	25.4984	2129	29	6	648	13	71	530	4	1.50057	1.28077e+06	5.50782e-05	
12100	13343	2782	25.5834	25	2157	29	5	636	9	86	526	4	1.42357	1.35432e+06	5.3859e-05	
12086	12587	2714	37	27.0105	2151	32	9	623	8	79	512	6	0.437202	1.27679e+06	8.75964e-05	
12100	12584	2705	27.3274	34.9493	2098	31	8	602	18	67	514	6	0.397587	867854	0.000273	
11986	12567	2700	36.7287	26.241	2018	31	9	647	14	87	513	5	0.53097	1.36008e+06	7.07414e-05	
12100	12550	2701	33.3817	33.083	2045	31	7	627	15	67	503	4	0.368184	1.06685e+06	0.0001386	
12100	12550	2700	31.8498	25.3362	2062	31	7	636	13	71	513	6	0.365864	1.11132e+06	0.000154895	
12096	13411	2772	21	25	2160	28	6	638	11	89	530	4	1.4707	1.67961e+06	5.25514e-05	
12098	13063	2797	25.5717	25	2086	29	4	627	10	80	530	4	1.04715	1.54627e+06	5.45435e-05	
11956	13264	2787	32.9401	33.7296	2063	30	10	626	20	90	495	4	1.52004	881093	6.66711e-05	
11969	13500	2792	33.8592	33.441	2016	30	8	616	6	89	518	5	1.83731	869457	6.64408e-05	
11933	13439	2713	37	34.2284	2032	31	8	630	14	84	506	6	1.74798	808627	7.05119e-05	
11889	13326	2795	32.2816	29.1124	2155	29	10	641	13	88	522	5	1.69307	993409	6.07091e-05	
12062	12989	2792	27.5063	25	2056	29	8	643	13	77	530	5	0.999565	1.44961e+06	5.54293e-05	
12037	13339	2746	37	34.1202	2148	29	9	636	13	78	519	4	1.50378	836152	6.83807e-05	
12052	12550	2703	37	25.6864	2101	31	8	605	17	70	505	6	0.429921	1.3065e+06	8.82301e-05	
11586	13363	2700	37	34.9125	2004	32	8	623	11	76	507	5	2.04885	771255	7.4173e-05	
11801	13224	2768	37	33.51	2136	32	10	621	12	81	530	4	1.64897	828887	6.90512e-05	
12100	13489	2767	34.5555	34.6147	2097	28	8	647	8	72	523	4	1.64307	850543	6.72405e-05	
11305	13343	2708	37	35	2050	29	10	632	12	65	498	4	2.35361	759664	7.58323e-05	
12100	12550	2700	32.1154	34.8646	2071	30	6	615	7	66	508	6	0.366294	1.02966e+06	0.000156274	
11913	13094	2700	37	34.8835	2064	29	9	619	9	77	511	4	1.30169	818296	7.11642e-05	
12100	12550	2700	36.6665	34.7862	2092	30	8	631	11	62	505	6	0.370754	1.10033e+06	0.000115314	
12100	12550	2700	31.3102	25.1785	2050	28	8	622	4	73	498	5	0.364913	1.09212e+06	0.000165017	
12041	12666	2719	36.9988	26.77	2088	29	10	650	8	64	508	6	0.594604	1.34382e+06	6.64673e-05	
12100	12550	2702	29.8875	30.8002	2159	31	6	615	10	71	513	5	0.362129	977099	0.000211238	
12027	12685	2716	36.3633	25	2059	30	4	633	35	71	529	4	0.635197	1.46435e+06	6.31114e-05	
12012	12653	2728	36.9457	25.8075	2072	31	10	634	5	81	526	5	0.615348	1.37065e+06	6.44995e-05	
11370	13233	2700	36.8926	35	2033	32	10	643	7	68	513	4	2.12466	760672	7.56888e-05	
11993	12706	2743	36.1756	25.3318	2077	29	8	630	3	73	505	5	0.710633	1.36237e+06	6.17436e-05	
12100	12550	2700	31.8069	34.2542	2083	29	9	623	19	72	526	4	0.365792	1.02582e+06	0.000160823	
12100	13073	2786	28.4691	25.4399	2106	29	9	618	14	78	519	5	1.06712	1.35173e+06	5.59566e-05	
12034	12588	2700	35.4584	28.457	2069	31	8	639	20	67	510	5	0.498654	1.29271e+06	7.80762e-05	
12100	12551	2715	33.8485	35	2137	31	7	622	16	68	528	5	0.371902	1.06094e+06	0.000133565	
12100	12550	2700	29.3097	25	2098	30	7	602	18	65	522	5	0.360358	976359	0.000236407	
12100	12550	2700	29.1522	34.7016	2086	30	8	613	11	62	501	6	0.359919	894802	0.000256082	
11840	12751	2774	30.6143	25.8938	2115	29	7	629	19	79	530	5	0.960066	1.31074e+06	5.78202e-05	
12042	13497	2797	26.998	27.3053	2076	29	7	621	10	90	519	5	1.72787	1.15568e+06	5.6844e-05	
12032	12550	2738	37	35	2067	31	10	623	16	74	530	6	0.46015	1.17742e+06	8.62515e-05	
11748	13485	2713	37	35	2066	31	10	643	14	84	503	4	2.03304	780438	7.21761e-05	
12100	13317	2789	22.532	25	2119	29	6	645	9	83	530	5	1.36552	1.56031e+06	5.3166e-05	
12086	13217	2700	34.534	34.7593	2005	29	8	627	16	72	519	5	1.25375	861977	6.92329e-05	
12100	12550	2700	35.0976	30.5375	2125	31	9	604	17	65	517	5	0.369747	1.11187e+06	0.000122504	
12100	12550	2700	34.4313	35	2084	31	8	601	11	64	505	6	0.369169	1.0663e+06	0.00012987	
11420	12645	2736	37	34.9725	2106	29	10	624	20	73	525	5	1.31655	803825	7.33084e-05	
12100	12550	2700	33.8421	26.9456	2049	30	6	641	13	70	530	4	0.368573	1.13834e+06	0.000130634	
12100	12550	2700	30.2088	25.0355	2080	28	9	634	16	72	530	5	0.362626	1.04548e+06	0.000194288	
12100	12550	2700	29.2277	26.0598	2039	30	8	642	6	71	522	5	0.360131	969913	0.000241604	
11961	12719	2737	34.0405	25.9414	2077	31	10	640	0	79	523	5	0.763492	1.31846e+06	6.08458e-05	
12100	12550	2700	29.9264	26.2858	2079	30	9	638	7	69	503	5	0.361956	1.013e+06	0.000206313	
11938	13038	2771	37	33.8115	2086	30	10	626	18	90	492	4	1.22923	862293	6.89655e-05	
12055	12550	2734	37	35	2071	28	6	618	7	88	505	5	0.431154	1.16559e+06	9.31359e-05	
11950	13326	2716	36.7191	34.9654	2091	31	9	643	13	73	504	5	1.57561	802784	7.12758e-05	
11428	13266	2700	37	34.997	2124	32	9	643	18	68	513	4	2.10208	767089	7.47328e-05	
12100	13165	2781	23.9082	25	2132	28	5	622	18	67	530	4	1.16597	1.56803e+06	5.38764e-05	
11893	12609	2701	33.1192	29.3544	2158	31	8	628	25	79	502	5	0.693654	1.26458e+06	6.49688e-05	
12100	12550	2700	28.7344	30.685	2118	28	7	600	15	70	501	6	0.358686	876324	0.000286451	
12100	12830	2771	32.8447	26.095	2158	28	7	630	18	86	521	5	0.745106	1.43045e+06	5.93754e-05	
12068	12586	2700	37	30.5059	2097	30	7	600	18	69	505	6	0.455628	1.23881e+06	8.45094e-05	
12027	12637	2704	37	30.5038	2065	29	9	632	4	70	498	5	0.571274	1.24923e+06	7.03482e-05	
11455	12606	2707	36.5259	34.6677	2140	30	10	648	12	80	524	5	1.212	823459	7.24585e-05	
12100	12550	2700	29.3248	29.2311	2101	30	6	629	17	73	500	5	0.3604	951117	0.00023855	
11861	13339	2745	37	33.4463	2148	29	9	636	12	80	521	4	1.71913	831178	6.84744e-05	
12078	12550	2733	36.2489	26.0822	2064	28	6	625	9	88	505	5	0.402244	1.25363e+06	0.000100594	
12094	12578	2700	36.7275	25.9922	2092	31	9	607	16	62	509	6	0.413623	1.27473e+06	9.41797e-05	
12100	12550	2722	28.1616	34.6528	2127	30	8	600	11	88	507	5	1.59309	1.27143e+06	5.47495e-05	
12078	12550	2733	36.4246	35	2083	28	6	617	19	88	505	5	0.402343	1.1331e+06	0.00010421	
12100	12550	2701	30.2512	31.8584	2114	31	6	618	20	63	519	6	0.362858	987645	0.000198373	
11517	13387	2717	37	35	2032	31	10	609	7	75	520	4	2.17535	769877	7.38716e-05	
12100	12550	2716	29.4657	33.8035	2127	30	8	600	11	65	509	5	0.362918	927176	0.000234357	
12049	13353	2711	36.3086	34.8215	2076	28	10	645	17	69	499	4	1.48855	816234	7.03433e-05	
11209	13391	2701	37	34.8469	2056	32	10	627	9	66	492	4	2.52148	752438	7.72977e-05	
12093	12550	2703	37	25.6864	2101	31	8	605	18	62	505	6	0.379883	1.24014e+06	0.00010543	
12100	12550	2700	34.0106	25.6249	2090	31	7	624	10	84	521	5	0.368752	1.15825e+06	0.000128452	
12100	13187	2787	35.6623	25	2112	28	8	647	14	69	503	5	1.23616	1.15479e+06	5.92733e-05	
12100	12852	2700	33.1498	32.6146	2016	31	7	631	20	60	514	5	0.754929	1.13411e+06	6.79256e-05	
12100	12872	2739	32.1011	26.095	2158	28	7	610	17	69	521	6	0.790663	1.40289e+06	5.91296e-05	
12100	12550	2700	34.1387	32.5104	2055	31	7	647	5	70	523	4	0.368884	1.08161e+06	0.000130839	
12027	12685	2716	36.3633	25	2062	30	4	633	35	71	529	4	0.635197	1.46644e+06	6.31034e-05	
12100	13497	2793	21.8562	25	2092	28	8	621	15	86	529	5	1.61088	1.51974e+06	5.29353e-05	
11986	12567	2700	36.7287	25	2018	31	9	647	14	86	512	5	0.53097	1.39277e+06	7.01557e-05	
11815	12757	2700	30.8242	30.5437	2153	30	7	618	3	72	516	5	0.972476	1.09655e+06	6.37674e-05	
12100	12550	2700	29.5256	26.7588	2098	30	6	617	13	67	500	5	0.360939	980416	0.000225632	
12055	12556	2720	26.756	34.8444	2112	30	8	619	6	75	514	5	0.416835	892459	0.000258598	
12054	12576	2729	37	29.1401	2078	28	7	618	10	88	500	5	0.46492	1.26553e+06	8.23452e-05	
12100	12816	2759	34.5736	26.095	2138	28	7	629	18	74	521	6	0.725344	1.39934e+06	6.04266e-05	
12100	12550	2700	30.435	25.712	2078	31	8	636	12	71	515	5	0.363137	1.04868e+06	0.000187617	
12100	12550	2700	32.5036	25.475	2110	28	10	635	19	67	512	5	0.366883	1.11901e+06	0.00014497	
12100	12561	2714	34.6181	35	2148	31	8	600	16	67	520	4	0.385269	1.08692e+06	0.000119947	
12100	13102	2783	24.5897	25.1168	2137	28	5	628	13	68	530	5	1.08605	1.57028e+06	5.43744e-05	
12100	13120	2785	25.412	25	2132	28	5	610	13	80	530	5	1.11688	1.51242e+06	5.39695e-05	
12100	13500	2796	32.0547	26.5602	2054	30	7	636	7	86	515	5	1.67261	1.08567e+06	5.83499e-05	
12100	12550	2735	29.0729	34.6116	2111	32	9	605	19	62	484	5	0.364355	891618	0.00026096	
12100	13272	2773	25.3677	25	2157	29	5	622	9	85	526	5	1.31973	1.40043e+06	5.3984e-05	
11401	12606	2702	36.5259	34.6677	2140	30	10	648	16	82	524	5	1.27213	814945	7.28173e-05	
11841	13446	2713	37	35	2023	29	9	630	13	84	506	4	1.86848	788298	7.14235e-05	
12100	13120	2783	23.9082	25	2132	28	5	629	16	67	530	4	1.10528	1.60377e+06	5.42741e-05	
11428	13266	2700	37	34.997	2124	32	9	643	18	68	510	4	2.10208	766534	7.48223e-05	
12100	12550	2700	29.4766	29.4352	2105	30	5	602	5	63	499	6	0.36081	953457	0.000231054	
11787	13353	2711	36.3086	35	2076	28	10	643	17	69	496	4	1.80514	790174	7.19683e-05	
11921	13497	2797	26.766	27.5419	2076	29	7	621	10	90	519	5	1.87846	1.1376e+06	5.73921e-05	
12100	13411	2770	22.5855	25	2145	28	6	637	11	84	528	4	1.48692	1.49724e+06	5.30504e-05	
11876	12656	2705	36.6965	25.3318	2136	31	8	630	3	72	505	5	0.778214	1.26351e+06	6.26331e-05	
12046	13497	2797	26.998	27.3053	2076	29	7	621	10	90	522	6	1.72283	1.15978e+06	5.67795e-05	
12094	13015	2799	30.9332	25.1923	2046	30	6	620	16	75	525	5	1.0071	1.3348e+06	5.69606e-05	
11917	12734	2781	30.4053	26.9105	2111	29	7	613	19	78	529	5	0.844367	1.36726e+06	5.88824e-05	
12100	12550	2700	30.8242	30.4294	2160	30	7	618	3	72	522	5	0.363965	1.02395e+06	0.00017963	
12100	12550	2700	30.4177	25.186	2068	28	8	634	3	72	506	5	0.363099	1.05332e+06	0.000187723	
12100	12550	2700	32.308	27.8275	2125	29	6	641	14	69	530	5	0.366592	1.09394e+06	0.000148965	
12010	12550	2725	25.4966	35	2091	30	9	610	20	63	472	5	0.458591	900535	0.000249439	
11517	13354	2717	37	35	2041	31	9	637	10	75	518	5	2.13053	774134	7.36703e-05	
12045	12550	2710	35.1148	35	2126	29	8	616	21	73	526	6	0.438428	1.15085e+06	9.58405e-05	
12068	12550	2706	37	32.6349	2101	31	9	600	18	63	505	6	0.41087	1.16833e+06	9.7229e-05	
12099	12791	2777	35.9808	32.759	2007	30	8	614	8	90	529	4	0.699203	1.17163e+06	6.69478e-05	
12100	13120	2775	29.5622	25.7875	2154	28	6	623	12	76	524	5	1.13003	1.29419e+06	5.60915e-05	
12100	12550	2700	30.3975	30.7395	2053	31	10	634	11	65	513	5	0.363054	1.0024e+06	0.000192678	
12021	12550	2706	37	33.2309	2112	32	8	610	22	67	479	6	0.468161	1.20529e+06	8.34585e-05	
12021	13475	2800	22.0194	25	2112	28	6	621	13	84	530	5	1.68585	1.48727e+06	5.29745e-05	
12100	12550	2705	28.741	35	2000	30	8	603	12	62	504	6	0.359371	848943	0.00029163	
12099	12550	2700	30.7844	34.2125	2089	29	8	603	13	60	511	6	0.365105	996697	0.00018205	
12087	12550	2705	37	35	2043	30	7	632	21	79	496	5	0.387503	1.12081e+06	0.000106838	
12100	12550	2700	30.0703	34.5608	2041	30	8	642	14	68	484	4	0.416541	1.23444e+06	9.37471e-05	
11787	13353	2711	36.3086	35	2076	28	10	641	17	69	499	4	1.80514	790662	7.18752e-05	
11998	13217	2750	35.7025	35	2005	28	8	627	11	72	515	5	1.3869	837515	6.96913e-05	
12028	12570	2719	36.9988	34.607	2082	29	9	619	26	71	504	6	0.487384	1.19303e+06	8.10045e-05	
12100	12550	2700	28.8081	34.5708	2080	30	7	644	9	71	522	5	0.358911	875421	0.000282247	
12085	12587	2738	37	28.6186	2159	32	7	623	8	79	512	6	0.442306	1.25998e+06	8.76117e-05	
12100	12550	2700	30.0703	34.4888	2041	30	8	618	14	68	484	4	0.362302	963002	0.000207211	
12071	12940	2700	34.0221	25.5941	2128	31	8	638	14	89	516	5	0.905873	1.26274e+06	5.95274e-05	
12087	12550	2713	36.7287	26.7495	2023	31	9	629	7	89	506	5	0.388522	1.21632e+06	0.000103799	
12100	12550	2700	32.4211	35	2062	31	7	636	19	71	502	6	0.366762	1.03649e+06	0.000151584	
12079	12565	2747	36.7757	29.5283	2022	30	10	632	17	83	513	5	0.422689	1.21379e+06	9.41531e-05	
12100	13120	2780	25.412	25	2132	28	5	610	13	67	530	5	1.11487	1.51106e+06	5.428e-05	
11876	13375	2709	36.9715	35	2082	30	8	646	10	73	525	5	1.72724	797369	7.10985e-05	
12100	12550	2701	28.9738	31.8584	2114	31	6	616	17	65	511	6	0.359538	896047	0.000266312	
12079	12550	2734	37	25	2135	29	6	623	7	88	505	5	0.401542	1.29165e+06	9.76658e-05	
12100	12584	2700	28.8981	35	2123	31	9	601	13	63	505	5	0.40231	995738	0.000180799	
12100	12550	2700	36.8592	34.8104	2062	30	6	650	23	69	530	5	0.370847	1.10683e+06	0.000114338	
12083	12550	2700	29.1522	35	2086	30	8	613	11	62	501	6	0.380676	960850	0.000205381	
12001	13424	2775	30.6143	26.3189	2099	29	7	618	16	80	529	5	1.67497	1.12075e+06	5.7607e-05	
12100	12550	2700	29.3599	26.0643	2069	30	6	642	6	71	517	5	0.360495	981659	0.000233481	
12100	12550	2700	33.5534	33.7273	2080	30	8	617	14	67	500	5	0.36825	1.06214e+06	0.000137193	
11995	12610	2738	37	25.7472	2060	31	10	640	4	83	523	5	0.582927	1.38084e+06	6.6072e-05	
12037	13339	2733	37	34.6678	2105	29	9	636	13	78	519	4	1.49666	822599	6.93097e-05	
12100	12550	2706	29.1522	35	2086	30	8	616	22	67	501	6	0.360719	898370	0.000255558	
12100	12589	2707	27.7509	35	2098	30	8	604	19	77	509	6	0.405892	940957	0.000220556	
12100	12917	2713	30.5169	27.612	2086	30	9	623	18	78	526	5	0.83904	1.31298e+06	6.00348e-05	
11962	12587	2747	37	25.723	2038	31	10	640	20	81	516	5	0.595697	1.374e+06	6.56513e-05	
12100	13296	2758	22.2542	25	2127	28	5	640	14	87	529	5	1.31822	1.612e+06	5.31773e-05	
12062	12983	2792	27.5063	25	2056	29	8	643	13	77	530	5	0.991433	1.45441e+06	5.54754e-05	
12100	12550	2700	29.7047	25.3362	2062	31	7	636	13	71	513	6	0.361403	1.01171e+06	0.000215193	
12100	12550	2700	30.2048	32.3434	2105	31	8	607	14	60	502	6	0.362617	977741	0.000200924	
12100	12551	2704	31.2032	35	2128	28	7	600	15	72	516	5	0.366521	1.00832e+06	0.00017188	
12100	12550	2700	35.0446	32.5104	2052	31	8	647	3	70	523	4	0.369705	1.09595e+06	0.000123747	
11337	12550	2702	36.5259	34.5431	2142	30	10	639	16	80	524	5	1.27451	812626	7.3185e-05	
12099	12554	2727	29.4743	35	2134	31	7	607	8	61	511	6	0.370764	943972	0.000219829	
11998	13222	2750	35.7025	35	2160	29	8	627	11	73	519	5	1.3937	842607	6.90036e-05	
12083	12568	2718	28.1616	34.9601	2127	31	8	600	5	69	505	5	0.403072	958893	0.000207943	
12054	12765	2700	36.7287	26.7495	2023	31	9	647	7	63	510	5	0.701572	1.26067e+06	6.45494e-05	
12100	12550	2700	29.5848	26.0643	2078	30	6	642	6	72	525	5	0.361094	1.00126e+06	0.00022119	
12100	12555	2710	35.1148	35	2127	29	8	616	23	71	527	6	0.377489	1.08567e+06	0.000120773	
12100	12550	2700	29.0165	32.2186	2120	31	6	617	20	65	515	6	0.359529	898683	0.000263158	
12049	12567	2700	36.7287	25	2018	31	9	647	14	86	512	5	0.454518	1.33343e+06	8.26856e-05	
12041	13010	2709	31.4323	25.0381	2104	29	10	638	19	71	503	5	1.03388	1.23563e+06	5.86063e-05	
12100	13265	2782	25.3677	25	2157	29	5	622	9	85	526	5	1.31435	1.4072e+06	5.38938e-05	
12028	12559	2717	36.703	35	2082	29	10	619	26	71	504	6	0.472848	1.18013e+06	8.40336e-05	
12089	12550	2721	37	35	2141	30	8	601	14	65	503	5	0.387335	1.11938e+06	0.000107411	
12100	12867	2800	32.4662	25	2130	29	9	616	18	77	523	5	0.802113	1.43447e+06	5.78336e-05	
12098	12867	2790	32.1734	25.0617	2034	30	7	621	17	75	512	5	0.801316	1.42568e+06	5.87648e-05	
12020	13327	2784	37	33.7296	2063	30	10	626	15	90	495	4	1.52923	840112	6.83247e-05	
12094	12899	2800	31.0504	25.1744	2048	29	8	626	20	77	529	5	0.850368	1.43101e+06	5.72672e-05	
12012	12645	2728	36.9539	25.7052	2084	31	10	640	6	83	520	5	0.605032	1.37746e+06	6.48677e-05	
12080	12979	2724	32.6911	26.4834	2072	31	10	637	19	78	530	4	0.952694	1.20759e+06	5.96908e-05	
12100	12550	2701	30.9871	34.9258	2098	29	8	621	4	67	515	5	0.364428	1.00066e+06	0.000178571	
12079	13338	2791	24.0083	25.0349	2124	29	7	628	7	78	530	5	1.4367	1.4163e+06	5.37057e-05	
12051	12550	2711	36.6702	33.4016	2062	30	10	642	20	69	530	5	0.43226	1.1711e+06	9.2302e-05	
12100	12835	2773	33.8603	27.1922	2062	31	8	632	20	72	511	5	0.75356	1.32278e+06	6.17513e-05	
12099	13338	2740	32.927	32.1983	2127	29	10	626	23	89	495	4	1.41896	923596	6.46078e-05	
12019	12637	2785	36.1124	28.3929	2028	30	10	621	15	75	508	5	0.59793	1.32209e+06	6.75083e-05	
12100	12550	2700	29.7485	26.5111	2160	31	7	636	3	72	515	5	0.361514	1.00398e+06	0.000213767	
12078	13500	2793	22.1431	25	2066	28	9	617	13	87	529	5	1.64671	1.47475e+06	5.32113e-05	
12100	12550	2700	33.6494	35	2057	29	8	646	12	68	484	4	0.36836	1.058e+06	0.000136836	
12006	12815	2776	37	29.4054	2067	32	7	630	30	81	494	5	0.847768	1.10414e+06	6.52869e-05	
12100	13038	2795	26.5125	25	2116	29	10	621	14	76	528	5	1.01486	1.48571e+06	5.50237e-05	
12100	13489	2792	34.5555	34.6609	2097	28	8	647	8	72	524	4	1.65791	854036	6.69523e-05	
12100	12666	2756	36.7287	27.7871	2010	31	10	647	25	88	515	5	0.529162	1.32723e+06	7.27114e-05	
12100	13317	2786	24.6998	25	2108	29	6	638	10	83	530	4	1.38381	1.39428e+06	5.37606e-05	
11456	13363	2707	37	35	2004	32	10	623	11	72	479	5	2.20579	757106	7.62369e-05	
12100	12550	2700	29.3276	32.3397	2086	30	10	620	18	71	523	4	0.360407	925968	0.000241196	
12100	13174	2788	24.0082	25.0737	2124	28	9	644	5	80	530	5	1.18209	1.53568e+06	5.36394e-05	
12100	12550	2716	35.0447	35	2057	31	7	625	15	79	516	5	0.371896	1.08004e+06	0.000124642	
12068	12550	2738	36.7126	35	2067	31	10	622	16	77	529	6	0.415593	1.14505e+06	9.87654e-05	
11729	13021	2733	36.7191	35	2101	29	8	613	12	69	504	5	1.4424	807793	7.21085e-05	
12005	12644	2709	36.7564	29.9439	2049	31	7	617	18	66	517	6	0.607961	1.25082e+06	6.85354e-05	
12100	12637	2704	37	30.9466	2065	29	9	632	4	77	495	5	0.482216	1.23964e+06	8.00192e-05	
11921	13497	2768	32.8003	32.8754	2137	29	7	623	11	88	513	5	1.87536	895986	6.51381e-05	
12100	12550	2702	29.6915	30.8002	2159	31	6	619	9	71	513	5	0.361637	964867	0.000220022	
11729	12961	2718	36.7191	35	2076	31	8	610	12	76	490	5	1.35528	806773	7.28597e-05	
12100	12550	2703	30.5232	31.0738	2028	30	9	647	24	76	514	5	0.363734	1.01577e+06	0.000188324	
11885	13038	2774	37	33.8115	2086	30	10	626	18	90	497	4	1.29605	851440	6.90751e-05	
12085	13316	2728	29.5011	30.4159	2075	29	9	621	14	76	530	5	1.39345	1.02694e+06	6.14931e-05	
12099	12550	2700	34.144	35	2130	31	7	601	13	64	505	6	0.370111	1.06279e+06	0.000131458	
11783	13338	2795	32.6433	28.8421	2155	29	9	639	25	88	515	4	1.84148	983301	6.12783e-05	
12100	12550	2700	31.5367	25.0078	2126	31	9	602	17	65	501	5	0.365325	1.09556e+06	0.000160643	
12100	12989	2793	28.4989	25.3202	2056	29	6	624	11	79	521	5	0.955605	1.44024e+06	5.61167e-05	
12100	12550	2700	29.159	28.5708	2077	30	8	607	21	74	503	5	0.359938	934667	0.000249066	
11861	12826	2739	37	33.4463	2148	29	9	636	12	80	521	5	1.02816	911493	6.85965e-05	
12006	12616	2701	37	29.4054	2067	29	7	633	31	84	491	6	0.569357	1.28666e+06	6.94541e-05	
12100	13386	2793	24.9986	25	2085	28	6	624	8	86	525	5	1.48553	1.35734e+06	5.37866e-05	
12100	13497	2793	21.8562	25	2086	28	8	621	15	86	529	5	1.61088	1.51874e+06	5.29633e-05	
11537	13425	2700	37	35	2036	31	9	630	5	67	509	5	2.18988	766342	7.45601e-05	
12100	12674	2740	37	29.2526	2091	29	9	624	18	65	502	5	0.5366	1.30262e+06	7.22596e-05	
12071	13416	2772	30.4053	27.0918	2127	29	7	610	21	78	529	5	1.57423	1.11268e+06	5.79509e-05	
12100	13497	2793	24.1426	25	2092	28	6	630	14	74	529	5	1.63506	1.36497e+06	5.36394e-05	
12100	12550	2700	30.2076	26.0643	2098	30	6	641	23	73	509	5	0.362623	1.03989e+06	0.000195198	
12100	13054	2795	28.132	25	2048	29	8	628	14	76	529	5	1.04347	1.40391e+06	5.5417e-05	
12082	13059	2795	32.056	25.8582	2066	30	8	620	14	78	517	6	1.08284	1.22784e+06	5.81666e-05	
11937	13385	2700	31.0203	32.5722	2080	31	8	645	10	84	526	6	1.65512	911203	6.5304e-05	
12043	12578	2700	25.6624	34.601	2130	30	8	612	15	69	498	4	0.450764	901759	0.000247586	
11504	13195	2705	37	35	2020	31	9	646	11	69	514	6	1.92282	771371	7.45323e-05	
12100	12550	2700	28.8835	28.9862	2093	30	7	611	19	67	523	5	0.359138	903429	0.000270709	
12100	13437	2700	29.5525	32.3397	2086	30	10	623	18	72	526	4	1.52434	949759	6.42426e-05	
11209	13391	2701	37	34.8469	2056	32	10	627	9	65	492	4	2.52148	751963	7.73754e-05	
11894	13206	2711	33.963	35	2074	31	9	646	20	81	508	5	1.47697	832469	6.98714e-05	
12056	12674	2740	37	29.2526	2091	30	9	645	18	66	502	5	0.591059	1.28556e+06	6.84556e-05	
11999	12562	2749	36.8664	35	2043	29	7	632	19	71	496	5	0.518188	1.19823e+06	7.78392e-05	
12065	12601	2711	37	35	2027	32	9	635	11	64	523	5	0.4803	1.18282e+06	8.27198e-05	
12072	13296	2787	22.4416	25	2127	30	6	634	15	87	530	5	1.36963	1.55817e+06	5.33988e-05	
12100	12550	2700	31.3102	25	2051	28	8	622	4	73	501	5	0.364913	1.09427e+06	0.000164908	
12082	12550	2716	36.718	33.9612	2028	32	8	647	7	88	512	5	0.395084	1.1352e+06	0.000104822	
12100	13411	2767	23.8535	25	2158	28	6	638	11	89	530	4	1.49778	1.40779e+06	5.32141e-05	
12100	12554	2737	35.3087	35	2127	31	7	620	16	70	507	5	0.380117	1.09453e+06	0.000119617	
12093	12965	2800	33.9665	34.5222	2017	30	7	625	8	75	518	6	0.945424	998563	6.74582e-05	
12088	13102	2773	30.796	25.4085	2107	29	6	640	21	76	510	5	1.12275	1.26153e+06	5.71527e-05	
12083	12550	2722	28.1616	34.9601	2127	28	8	600	5	69	505	5	0.380661	884514	0.00026476	
12010	13500	2796	30.0943	26.5602	2054	29	7	636	7	89	515	5	1.78208	1.10495e+06	5.75904e-05	
12100	12550	2700	30.754	33.9948	2130	30	9	628	18	67	526	4	0.36382	999100	0.000183891	
12100	12550	2700	30.5512	26.7324	2068	28	8	649	3	71	492	5	0.363391	1.04825e+06	0.000184809	
12100	12797	2718	33.4224	26.5656	2094	29	7	623	18	86	521	5	0.688628	1.39437e+06	6.18812e-05	
12100	12550	2700	36.4915	25.695	2098	32	7	629	15	62	471	5	0.370665	1.22824e+06	0.000111894	
12100	12550	2700	33.3112	29.9481	2080	31	9	628	10	65	507	5	0.367962	1.0875e+06	0.000137741	
12094	12989	2800	28.132	25	2032	28	8	628	17	76	529	5	0.964334	1.45788e+06	5.55556e-05	
12071	12806	2718	33.4224	26.5656	2105	29	7	621	13	86	521	6	0.735962	1.37646e+06	6.06943e-05	
11401	12581	2702	36.5259	34.6677	2139	30	10	645	16	80	524	5	1.24032	816778	7.28969e-05	
12068	12550	2739	36.7126	35	2067	31	9	627	16	77	529	6	0.415744	1.14646e+06	9.87459e-05	
12100	12550	2700	29.6331	25.712	2065	31	8	640	14	71	504	5	0.36122	1.00135e+06	0.000218962	
12083	12550	2723	28.1616	34.6528	2127	28	8	600	18	69	505	5	0.380801	886630	0.00026434	
12086	12968	2777	28.4691	25	2065	28	9	615	10	76	515	5	0.93932	1.44159e+06	5.62493e-05	
11768	13491	2700	37	34.9264	2010	31	10	607	11	84	506	4	2.00772	776195	7.2648e-05	
12006	12697	2700	37	29.4054	2067	32	7	633	31	83	494	6	0.672625	1.21141e+06	6.67512e-05	
12019	12616	2781	36.1124	28.3929	2044	30	10	621	15	75	508	4	0.569504	1.32418e+06	6.93289e-05	
11995	12587	2747	37	25.7052	2072	31	10	640	4	85	526	5	0.555086	1.38642e+06	6.79902e-05	
11577	13403	2707	37	35	2030	32	10	623	11	70	527	5	2.11889	768618	7.40028e-05	
12053	12577	2723	37	32.1719	2071	31	10	633	4	67	529	5	0.466406	1.21251e+06	8.34655e-05	
12100	12567	2750	36.7287	27.7871	2011	31	10	647	25	88	524	5	0.3996	1.21468e+06	0.000101564	
12092	13149	2767	37	32.1535	2007	30	8	607	11	90	524	4	1.18631	917516	6.65159e-05	
12087	13497	2793	21	25	2083	28	6	623	17	87	529	5	1.61402	1.61224e+06	5.27593e-05	
12085	12550	2738	37	26.3435	2141	32	7	623	8	82	525	6	0.394706	1.24765e+06	0.00010099	
11939	13027	2726	31.2313	25.5375	2068	29	9	621	5	85	519	5	1.18723	1.17478e+06	5.83192e-05	
12100	13411	2747	28.9847	25	2129	29	6	648	13	71	513	5	1.51343	1.21206e+06	5.62778e-05	
11812	13357	2768	36.6186	33.51	2136	30	10	621	12	81	530	4	1.81826	830662	6.83901e-05	
12100	13264	2791	22.3576	25	2097	28	7	639	15	81	526	5	1.29093	1.61769e+06	5.33248e-05	
12078	12550	2700	34.4313	35	2084	31	8	601	11	64	505	6	0.396026	1.09976e+06	0.000114692	
12068	12550	2700	37	33.9506	2097	30	7	611	17	69	505	4	0.409959	1.15208e+06	9.79624e-05	
12040	12720	2701	36.0993	25.6389	2059	29	7	648	35	75	473	4	0.660627	1.36048e+06	6.39754e-05	
12100	12550	2700	29.7485	30.5437	2160	29	7	625	13	66	518	5	0.361514	969189	0.000217202	
12085	12559	2738	37	29.0592	2141	31	7	624	7	82	512	6	0.406271	1.214e+06	9.81836e-05	
12100	12550	2701	29.5821	34.5622	2103	30	7	603	19	72	508	6	0.361221	933008	0.00022899	
12100	12550	2700	30.8447	26.7324	2063	29	8	645	3	72	501	5	0.364007	1.05958e+06	0.000176678	
11996	13070	2789	27.7024	25.5871	2062	30	10	630	7	84	522	4	1.19212	1.27647e+06	5.63126e-05	
12100	13015	2795	29.1185	25.2598	2046	30	7	620	17	89	524	5	0.993554	1.38713e+06	5.60884e-05	
12100	13296	2793	22.4416	25	2127	28	5	640	14	86	529	5	1.33723	1.60216e+06	5.28569e-05	
12100	12550	2700	34.0666	32.5104	2052	31	7	632	3	71	523	4	0.36881	1.07919e+06	0.000131527	
12099	12550	2704	36.7677	34.0914	2131	32	6	607	15	68	510	6	0.372577	1.11183e+06	0.000113792	
12057	13076	2783	36.1756	25.3318	2077	31	8	626	4	86	510	5	1.13713	1.15143e+06	6.00853e-05	
12049	12552	2700	37	25.257	2047	31	9	647	15	89	512	5	0.435628	1.30878e+06	8.65501e-05	
12054	13122	2793	24.0082	25.0006	2095	28	9	640	5	79	529	5	1.17085	1.53743e+06	5.38764e-05	
11843	12550	2700	33.6645	28.457	2066	31	8	635	20	73	518	5	0.679058	1.27424e+06	6.5028e-05	
12062	12989	2792	34.9866	25	2056	29	4	643	31	77	530	4	1.01531	1.28698e+06	5.8292e-05	
12100	12550	2700	30.754	32.1589	2132	30	9	623	18	90	523	4	0.36382	1.01242e+06	0.000182382	
12019	12685	2712	37	27.4374	2054	29	4	626	35	75	530	4	0.644335	1.34493e+06	6.44247e-05	
12100	13240	2768	31.2221	25.0248	2144	28	8	647	17	67	520	5	1.29465	1.21127e+06	5.66861e-05	
12100	12550	2700	35.7787	26.5111	2154	30	7	636	4	75	515	5	0.370242	1.17962e+06	0.00011609	
12065	13011	2790	32.1734	25.039	2067	30	7	631	22	81	504	5	1.03726	1.27021e+06	5.78804e-05	
11841	13446	2713	37	35	2010	30	9	630	13	84	506	4	1.86848	786564	7.16794e-05	
12028	12550	2719	32.723	35	2082	29	9	619	24	72	506	6	0.458108	1.14454e+06	9.92162e-05	
12100	12755	2700	37	27.6273	2074	32	8	629	20	84	503	5	0.63272	1.30572e+06	6.56082e-05	
12081	12589	2700	27.3274	35	2098	31	9	608	17	72	477	6	0.426401	974162	0.000199005	
12100	12550	2700	31.1507	34.9553	2105	31	8	606	17	61	507	5	0.364612	1.002e+06	0.000175131	
11937	13379	2785	35.4166	29.6227	2093	30	10	628	18	90	515	4	1.70468	931631	6.32911e-05	
12006	12759	2774	37	35	2054	32	8	630	30	81	494	5	0.772897	1.01066e+06	7.08165e-05	
12100	12550	2700	30.2076	26.4171	2082	30	6	641	23	73	509	5	0.362623	1.03684e+06	0.000195503	
12048	12550	2716	33.8618	35	2082	31	8	625	20	78	523	5	0.434554	1.13397e+06	0.000102103	
12100	12601	2717	37	35	2027	32	9	635	22	69	523	5	0.438391	1.1625e+06	9.14913e-05	
11871	13253	2795	32.2816	34.2895	2155	29	10	639	10	88	522	5	1.61405	883710	6.60066e-05	
12035	13322	2745	36.8615	34.1202	2144	29	9	637	10	78	519	4	1.48238	838833	6.83293e-05	
12100	12553	2704	34.9049	35	2112	31	7	621	22	77	509	5	0.373944	1.07957e+06	0.000123732	
12095	12637	2719	36.9988	27.3604	2088	29	10	648	11	64	512	5	0.491041	1.31317e+06	7.69764e-05	
11956	13264	2787	32.9401	32.9824	2097	30	10	626	20	90	495	4	1.52004	898151	6.5716e-05	
12054	12550	2707	36.7287	26.7495	2023	31	9	647	7	89	513	5	0.42799	1.26471e+06	9.01226e-05	
11961	12578	2711	36.2792	35	2072	31	10	603	3	81	524	5	0.577262	1.15925e+06	7.34808e-05	
11960	13027	2726	31.2313	25	2028	29	9	621	17	81	509	5	1.16165	1.19261e+06	5.84317e-05	
12093	12965	2800	37	34.5222	2017	30	7	625	8	75	517	6	0.947711	950813	6.8899e-05	
12100	12816	2763	34.5736	26.095	2138	28	7	629	18	74	521	6	0.726396	1.40018e+06	6.03792e-05	
12086	12550	2734	37	35	2051	28	6	618	7	88	505	5	0.392893	1.12993e+06	0.000105742	
12069	13353	2700	37	35	2127	32	9	633	15	74	500	5	1.4585	807678	7.12352e-05	
12085	13217	2750	35.6867	35	2005	29	8	628	17	75	529	5	1.27914	855772	6.90036e-05	
12005	12555	2709	37	26.1216	2118	31	9	637	22	73	514	5	0.49451	1.34682e+06	7.51484e-05	
12100	12550	2700	28.8835	29.3968	2114	30	7	605	19	66	523	5	0.359138	900233	0.000271297	
12026	13015	2795	29.1185	25.1923	2046	30	6	620	16	82	524	5	1.08687	1.32952e+06	5.63317e-05	
11975	13345	2800	36.8509	33.9877	2061	29	10	605	18	88	495	4	1.61961	833470	6.86483e-05	
12066	12714	2798	36.5039	25	2019	28	8	638	23	67	510	5	0.643813	1.43831e+06	6.28496e-05	
12012	12653	2728	36.6989	25.7052	2072	31	10	637	2	80	526	5	0.61523	1.37594e+06	6.44496e-05	
12100	13044	2782	25.3677	25	2157	29	5	622	9	85	526	5	1.012	1.57135e+06	5.48456e-05	
12055	12995	2795	26.5125	25	2131	29	10	606	13	77	528	6	1.01319	1.48353e+06	5.51298e-05	
12099	12550	2700	28.7862	34.9999	2140	31	9	613	15	65	506	4	0.360066	861818	0.000281373	
12100	12550	2700	30.8242	30.5437	2160	30	7	618	3	72	516	5	0.363965	1.02306e+06	0.000179727	
12100	12550	2700	29.322	30.2822	2160	31	7	625	3	72	516	5	0.360392	942046	0.000239521	
12100	12550	2700	31.3048	33.6487	2093	30	8	601	18	66	516	4	0.364903	1.01465e+06	0.000170648	
12100	12558	2708	29.4532	35	2119	31	7	624	18	63	513	6	0.371983	954224	0.000213356	
12100	12550	2700	29.7248	34.9553	2105	31	8	607	15	62	502	6	0.361454	936505	0.000222866	
12100	12550	2700	30.4695	32.5104	2052	31	8	647	4	70	523	4	0.363213	1.00041e+06	0.000191131	
12100	12550	2700	28.8835	34.2125	2097	30	7	600	19	61	523	6	0.359138	869896	0.000276932	
12100	12550	2700	29.0482	27.2994	2156	28	10	633	19	72	503	5	0.359621	940312	0.000255037	
11994	12550	2725	36.8099	35	2043	29	7	632	21	79	496	5	0.504401	1.19574e+06	7.90952e-05	
12100	12550	2701	29.7485	26.758	2136	29	7	618	22	70	509	5	0.361648	998310	0.000214225	
12040	12720	2764	36.0993	25.6389	2059	29	7	648	5	78	473	4	0.676036	1.37716e+06	6.29763e-05	
12100	12578	2700	36.7275	25.9922	2092	31	9	607	15	62	515	6	0.406294	1.26481e+06	9.66277e-05	
12100	12555	2710	35.1148	34.8496	2127	29	8	616	21	71	530	6	0.377489	1.08682e+06	0.0001207	
12100	12550	2700	29.0165	31.8584	2120	31	6	616	20	65	512	6	0.359529	900532	0.000262881	
12085	12554	2719	28.7862	34.5829	2057	31	7	615	7	62	502	5	0.384919	948128	0.000216591	
12011	12550	2703	37	32.6349	2080	31	8	624	14	62	516	5	0.479789	1.21511e+06	8.08016e-05	
12099	12550	2700	28.7862	35	2140	31	7	613	15	63	506	4	0.360066	861785	0.000281532	
12100	13493	2748	36.9621	34.3389	2097	28	9	644	14	88	529	5	1.63897	832784	6.77415e-05	
11921	13144	2799	32.4755	32.8754	2135	29	7	623	7	90	513	5	1.40386	935727	6.45745e-05	
11277	12737	2700	37	35	2104	30	10	639	8	65	501	5	1.58095	769801	7.59821e-05	
12100	13423	2793	21.9993	25	2092	28	6	626	17	86	529	5	1.50882	1.54875e+06	5.29101e-05	
12049	12550	2701	37	25.257	2047	31	9	647	15	89	512	5	0.433255	1.30662e+06	8.71688e-05	
11667	13500	2794	33.8736	27.8095	2091	30	9	632	18	85	530	5	2.21159	977852	6.18429e-05	
12100	12644	2715	36.5737	34.8257	2078	32	9	605	12	63	493	4	0.492953	1.18888e+06	8.16727e-05	
12005	12550	2715	36.7564	29.9439	2049	31	7	617	18	66	517	6	0.489121	1.27005e+06	7.8376e-05	
12004	12601	2753	37	29.4337	2073	31	9	621	21	86	528	5	0.563325	1.29582e+06	6.95701e-05	
12100	12550	2700	36.7738	35	2083	32	10	624	7	67	492	5	0.370807	1.09741e+06	0.000114916	
11576	13363	2707	37	35	2112	32	10	627	11	72	474	4	2.06588	765821	7.49176e-05	
12100	12550	2714	34.6221	35	2148	31	8	600	15	67	513	4	0.37126	1.06864e+06	0.000127877	
12083	12550	2723	28.1616	34.6528	2075	28	8	600	18	69	505	4	0.380801	885953	0.00026448	
12100	12550	2700	30.9315	26.4827	2078	30	8	635	17	71	502	5	0.364182	1.06497e+06	0.000174459	
12100	13363	2787	35.6623	25	2112	28	8	646	14	75	520	5	1.4796	1.1248e+06	5.85309e-05	
12100	12637	2704	37	30.5038	2065	29	9	632	4	70	498	5	0.482216	1.24695e+06	7.98148e-05	
12100	13413	2770	21.9897	25	2145	28	6	631	12	87	517	4	1.48237	1.54829e+06	5.32226e-05	
12083	13257	2791	24.0083	25	2125	29	7	628	7	77	530	5	1.31927	1.46913e+06	5.3697e-05	
12100	13059	2795	29.9859	25.2366	2046	31	7	620	14	76	524	5	1.05585	1.31787e+06	5.69606e-05	
12100	12550	2709	34.7927	35	2140	29	9	611	19	71	528	6	0.370727	1.07197e+06	0.00012663	
12049	12562	2700	36.5388	26.709	2018	31	9	647	14	88	519	5	0.448081	1.28238e+06	8.52878e-05	
12085	13316	2728	33.8667	30.4159	2075	29	9	621	14	76	529	5	1.40126	954916	6.33433e-05	
12100	12550	2700	32.1777	26.4675	2094	31	8	601	11	65	505	6	0.366392	1.10026e+06	0.000150557	
12100	13240	2787	35.6623	25.4204	2112	28	8	647	14	75	512	5	1.30913	1.12751e+06	5.90842e-05	
12100	12550	2700	29.4265	34.4397	2097	32	8	624	11	88	509	6	0.360676	930439	0.000236686	
12100	12550	2715	35.0447	35	2052	31	7	611	11	79	516	5	0.371759	1.07953e+06	0.000124704	
12100	12550	2700	29.5525	32.7691	2075	30	10	623	6	72	526	4	0.36101	941694	0.000228676	
12100	12550	2700	29.4766	34.2125	2124	31	7	603	18	72	509	6	0.36081	926528	0.000234467	
12100	12550	2700	29.3248	30.3353	2098	30	6	629	17	67	500	5	0.3604	940140	0.000239923	
12099	12564	2700	29.4766	34.8166	2090	30	7	603	18	78	505	4	0.379776	977349	0.000196117	
12100	13296	2788	22.4416	25	2127	30	7	626	16	86	530	6	1.33484	1.58619e+06	5.34188e-05	
12100	12608	2702	37	25.4194	2067	30	4	632	35	75	529	4	0.444883	1.36634e+06	8.48464e-05	
12045	13008	2777	32.0766	25	2043	29	9	615	10	78	515	5	1.05325	1.2534e+06	5.77801e-05	
12100	12561	2704	36.7677	34.0914	2131	32	6	607	15	68	510	6	0.385315	1.12606e+06	0.000108272	
12100	12587	2738	37	28.6186	2159	32	9	623	8	79	512	6	0.423732	1.23392e+06	9.273e-05	
12100	12550	2700	29.4766	29.6353	2099	30	8	626	18	62	524	6	0.36081	954159	0.000230681	
12078	12578	2701	25.7028	34.601	2136	30	8	612	16	73	494	4	0.363123	991963	0.000193611	
12051	12662	2741	37	29.2526	2091	29	9	645	17	66	502	5	0.581876	1.2924e+06	6.87853e-05	
12100	12550	2700	30.4928	33.1137	2097	32	8	628	11	87	509	6	0.363264	999146	0.000190694	
12100	12550	2700	29.6693	31.0658	2098	31	6	617	13	67	512	5	0.361313	958696	0.000221828	
11961	12719	2775	34.0405	25.9414	2067	30	10	640	0	79	523	5	0.774093	1.33179e+06	6.02083e-05	
12100	12550	2714	34.6221	35	2148	31	8	604	15	67	513	4	0.37126	1.06914e+06	0.000127861	
11876	12550	2700	36.7447	34.3563	2097	29	8	600	29	73	504	6	0.641955	1.09892e+06	7.16743e-05	
11783	13373	2786	32.6433	28.8421	2155	29	10	634	25	90	522	4	1.88424	978266	6.11995e-05	
12100	12550	2700	29.3599	25.6015	2078	30	6	642	6	71	522	5	0.360495	986430	0.000232992	
12094	12989	2795	28.132	25	2048	28	8	628	14	76	529	5	0.962612	1.45915e+06	5.55278e-05	
12100	12550	2700	31.4645	35	2045	31	7	646	9	84	513	4	0.365196	1.0203e+06	0.00016756	
11296	13391	2700	37	34.8469	2067	32	10	629	8	65	491	4	2.42169	754508	7.67636e-05	
12100	12550	2700	29.5525	32.3397	2086	30	10	623	18	72	526	4	0.36101	945999	0.000228258