11130	13219	2700	37	35	2033	32	9	620	9	65	481	5	2.37866	746615	7.86535e-05	
12100	13368	2793	21.0355	25.1015	2133	28	6	627	5	86	529	5	1.41728	1.7128e+06	5.2712e-05	
12100	12550	2700	28.6927	34.7862	2092	30	8	631	7	62	504	6	0.358558	848508	0.000295508	
11091	13500	2701	37	34.8469	2056	32	10	627	13	65	486	4	2.80238	747463	7.84437e-05	
12100	12550	2700	28.6844	25.5215	2096	30	8	629	14	62	507	5	0.358532	905046	0.000285959	
12100	13425	2793	21.0355	25	2143	28	6	623	6	86	529	5	1.49701	1.67474e+06	5.24962e-05	
11168	13477	2701	37	34.8469	2056	32	10	627	13	65	486	4	2.68448	749419	7.78998e-05	
11209	13442	2701	37	34.8469	2056	32	10	624	9	65	491	4	2.59057	751733	7.74114e-05	
11091	13469	2701	37	34.9304	2056	32	10	627	15	68	485	4	2.76017	747757	7.83638e-05	
12100	13411	2772	21	25	2160	28	6	638	11	89	530	4	1.46568	1.68317e+06	5.25403e-05	
11168	13500	2701	37	34.8469	2056	32	10	627	13	65	486	4	2.71581	749238	7.78998e-05	
12100	13368	2793	21.0355	25.1015	2114	28	6	627	5	86	529	5	1.41728	1.71151e+06	5.27872e-05	
11199	13416	2700	37	34.8469	2056	32	10	620	10	65	492	4	2.56569	751111	7.74713e-05	
11376	13325	2702	37	34.997	2078	32	9	643	3	65	513	4	2.24279	761618	7.54945e-05	
11347	13339	2700	37	35	2104	31	10	636	14	65	502	5	2.29324	760218	7.57404e-05	
12081	13235	2784	22.3576	25	2115	28	7	632	12	81	527	5	1.27162	1.62958e+06	5.33903e-05	
11257	13391	2701	37	34.8681	2056	32	10	627	10	63	492	4	2.46702	752125	7.72559e-05	
12100	12550	2700	29.8569	30.5437	2160	30	7	610	10	70	516	5	0.361785	974321	0.000212495	
11277	13291	2700	36.867	35	2089	32	10	624	10	67	492	5	2.30863	756142	7.66636e-05	
11209	13391	2701	37	34.8469	2044	32	10	627	5	65	494	4	2.52148	751816	7.73874e-05	
11163	13219	2700	37	35	2033	32	9	621	9	65	488	5	2.34152	748640	7.81677e-05	
11197	13366	2701	37	34.9304	2056	32	10	624	15	68	485	4	2.50129	750455	7.76036e-05	
12100	13235	2791	22.3576	25	2102	28	7	639	13	81	526	5	1.25084	1.64242e+06	5.3496e-05	
12100	12550	2717	31.9689	35	2079	29	8	612	16	64	497	5	0.368365	1.02772e+06	0.000158328	
12100	13296	2786	22.4416	25	2127	28	5	640	14	85	530	5	1.33388	1.59903e+06	5.29129e-05	
12100	12550	2700	28.741	35	2000	30	8	603	12	62	503	6	0.358707	847833	0.000291971	
11328	13442	2701	37	34.8465	2034	32	10	633	6	63	505	4	2.45512	755156	7.65169e-05	
11350	13391	2700	37	34.8469	2067	32	10	624	10	65	491	4	2.35995	756364	7.64234e-05	
12100	13296	2784	22.4416	25	2127	30	5	620	16	86	530	5	1.33292	1.58809e+06	5.33988e-05	
11296	13391	2701	37	34.8469	2056	32	10	631	9	65	491	4	2.42259	754238	7.68403e-05	
12100	13438	2781	21	25	2116	28	7	646	16	83	530	5	1.50812	1.65473e+06	5.27593e-05	
12100	13235	2791	22.3576	25	2102	28	7	639	13	81	527	5	1.25084	1.64476e+06	5.34702e-05	
12100	13438	2788	21	25	2141	28	7	634	11	83	530	5	1.51192	1.66552e+06	5.25624e-05	
12100	13475	2798	22.0194	25	2112	28	6	633	13	84	530	5	1.58494	1.52252e+06	5.27454e-05	
12100	12550	2700	29.0482	26.4948	2156	28	10	633	19	72	503	5	0.359621	947323	0.000254259	
12100	12567	2707	28.4151	35	2100	31	8	607	3	71	509	4	0.380208	907373	0.000245278	
11524	13432	2700	37	35	2004	31	9	643	5	69	512	5	2.2145	766148	7.45879e-05	
11209	13442	2701	37	34.8465	2034	32	10	629	6	65	509	4	2.59057	753685	7.7006e-05	
11513	13441	2700	37	35	2031	32	10	624	10	74	468	5	2.2395	757762	7.60398e-05	
11768	12864	2713	37	35	2066	31	10	643	14	82	509	4	1.1794	825529	7.20046e-05	
11812	13357	2764	36.6186	33.9283	2136	31	10	621	9	84	530	4	1.81563	822416	6.89275e-05	
12100	12550	2700	28.9341	34.9553	2105	31	8	609	14	61	502	6	0.359288	869969	0.000273598	
12087	12550	2710	37	27.1972	2054	31	9	629	7	90	506	5	0.388219	1.21299e+06	0.000102965	
12100	13296	2746	29.8172	25.0253	2127	30	5	626	16	86	530	5	1.35753	1.2369e+06	5.59754e-05	
12100	13120	2783	24.5897	25.1168	2137	28	5	628	13	68	530	5	1.1106	1.55585e+06	5.41976e-05	
11986	13158	2783	37	33.51	2128	32	10	621	12	81	530	4	1.33831	861050	6.79532e-05	
12100	13264	2791	22.3576	25	2111	28	7	639	15	81	526	5	1.29093	1.62284e+06	5.32623e-05	
12100	13317	2789	22.532	25	2119	29	6	645	9	83	530	5	1.36552	1.5608e+06	5.3166e-05	
12100	13363	2700	37	34.9982	2004	32	10	623	12	74	474	5	1.43415	798384	7.29235e-05	
12043	12578	2701	25.6624	34.601	2130	30	8	612	15	73	494	4	0.450931	903255	0.000247341	
12093	13044	2782	26.0832	25	2138	29	5	622	9	85	530	5	1.0249	1.53027e+06	5.45852e-05	
12100	12550	2700	29.9264	30.9923	2103	30	10	638	10	66	503	5	0.361956	976834	0.00021004	
12085	13359	2792	23.8581	25	2092	28	7	620	17	87	522	6	1.45764	1.42284e+06	5.36625e-05	
11252	13341	2700	37	34.9991	2004	32	10	620	10	74	474	5	2.40433	749495	7.7688e-05	
12099	12550	2700	28.8542	35	2140	31	7	613	15	63	501	4	0.360272	869187	0.000275482	
12087	13196	2777	23.8248	25	2142	28	9	628	14	79	528	5	1.22233	1.52273e+06	5.36308e-05	
12100	12550	2700	29.159	30.2178	2098	30	10	624	20	74	493	5	0.359938	926449	0.000250438	
12098	12550	2700	29.3097	34.2125	2097	30	8	601	17	65	523	6	0.362802	919526	0.000237925	
11633	13491	2700	37	34.9875	2000	31	10	631	11	84	497	4	2.16723	769597	7.35889e-05	
12018	13120	2780	24.9475	25	2142	28	9	628	19	76	528	5	1.21471	1.44361e+06	5.41624e-05	
11757	13238	2782	27.1079	25	2157	29	5	636	9	73	526	4	1.71186	1.22574e+06	5.57818e-05	
12077	12551	2702	31.2032	35	2128	28	7	600	15	72	515	5	0.394347	1.04675e+06	0.000143308	
12087	12550	2713	36.7287	28.175	2023	31	9	635	7	89	506	5	0.388522	1.19341e+06	0.000104471	
12083	12550	2722	28.1616	34.9601	2127	28	8	600	5	69	505	5	0.380661	884540	0.00026476	
11995	12677	2736	37	25.7052	2072	31	10	640	6	85	526	5	0.669148	1.34399e+06	6.27195e-05	
12100	12550	2700	34.0106	25.6249	2090	31	7	624	10	84	521	5	0.368752	1.15786e+06	0.000128452	
11798	13325	2712	37	34.997	2085	32	9	643	7	70	513	5	1.75513	785214	7.25216e-05	
12083	12906	2786	28.4691	25	2106	29	9	618	14	77	519	5	0.862602	1.48998e+06	5.70809e-05	
12100	13342	2793	22.2552	25	2092	28	6	625	15	86	529	5	1.39894	1.57694e+06	5.29829e-05	
11960	13027	2726	30.0647	25	2028	29	9	621	17	81	509	5	1.15915	1.21802e+06	5.79341e-05	
11537	13425	2700	37	35	2036	31	9	630	4	69	509	5	2.18988	767168	7.44214e-05	
12100	12550	2707	31.2654	35	2000	30	8	603	9	62	509	6	0.365776	1.00882e+06	0.000172444	
12100	12550	2700	32.1307	26.5316	2113	28	10	640	19	67	508	5	0.366318	1.09826e+06	0.000150989	
11843	12550	2700	33.6645	29.4101	2066	31	9	635	17	73	518	5	0.679058	1.24193e+06	6.58458e-05	
12100	12550	2700	29.2189	25	2108	32	9	630	15	62	471	5	0.360106	962610	0.000243546	
12100	12577	2702	29.0647	35	2137	28	9	600	13	74	515	5	0.3942	989441	0.000187161	
11738	13206	2711	36.66	35	2035	32	9	646	20	81	512	5	1.66593	790032	7.2448e-05	
12100	12589	2700	27.3274	35	2082	31	7	608	18	72	510	6	0.403204	897404	0.000252334	
12039	13402	2793	21.758	25.1015	2114	28	6	628	5	86	530	5	1.553	1.54748e+06	5.29465e-05	
11699	13398	2700	37	35	2104	31	8	636	8	65	504	5	1.96327	777713	7.3416e-05	
12056	12550	2727	37	35	2071	28	10	618	7	88	505	5	0.428821	1.15583e+06	9.36067e-05	
12100	12550	2700	35.1729	35	2084	31	8	610	11	63	505	6	0.369807	1.07807e+06	0.000124254	
12099	12571	2727	28.7862	34.9274	2136	31	7	603	16	61	505	6	0.390558	959299	0.000208855	
12100	12551	2704	31.2032	35	2122	28	7	635	15	72	515	5	0.366521	1.01344e+06	0.000171585	
12100	13296	2758	22.2542	25	2127	28	5	640	14	87	529	5	1.31822	1.61193e+06	5.31773e-05	
12089	12550	2721	37	35	2141	30	8	601	14	65	503	5	0.387335	1.11978e+06	0.000107411	
12100	12550	2703	35.3348	35	2050	30	8	624	23	79	502	5	0.370341	1.08055e+06	0.000123001	
12085	13359	2792	22.7421	25	2092	28	7	620	17	85	525	6	1.44678	1.50637e+06	5.33333e-05	
12033	12550	2719	37	25	2078	28	6	619	6	88	505	5	0.455733	1.36283e+06	8.19605e-05	
12100	12550	2703	30.5232	31.0738	2028	30	9	647	24	76	514	5	0.363734	1.0159e+06	0.000188324	
12100	13475	2781	30.995	25	2110	28	7	630	16	83	522	4	1.62663	1.17605e+06	5.60318e-05	
12095	13062	2782	26.0832	25	2138	29	5	622	9	77	530	5	1.04682	1.51519e+06	5.45554e-05	
12100	13196	2785	23.8248	25	2148	28	9	628	14	75	528	5	1.20948	1.53534e+06	5.36021e-05	
12083	12557	2718	29.1393	35	2130	31	8	600	5	75	510	5	0.392106	986004	0.000189825	
12021	13475	2800	21.8243	25	2101	28	6	621	14	84	530	5	1.68319	1.50282e+06	5.29801e-05	
11277	13338	2707	37	35	2091	32	10	624	9	67	492	5	2.378	755877	7.66401e-05	
12100	12550	2700	29.0482	27.2994	2156	28	10	633	19	72	503	5	0.359621	939983	0.000255037	
12100	12550	2700	34.5619	29.1853	2053	31	6	630	13	65	513	5	0.36929	1.12634e+06	0.00012577	
12100	12590	2736	37	34.9684	2087	32	6	614	8	63	493	5	0.427285	1.16645e+06	9.48047e-05	
12100	12550	2700	30.4695	32.5104	2052	31	8	647	4	70	523	4	0.363213	1.00041e+06	0.000191131	
12078	13497	2787	24.1703	25	2092	28	6	616	17	87	528	5	1.65949	1.35517e+06	5.36136e-05	
11130	13219	2705	36.5614	35	2033	32	9	619	9	64	488	5	2.38286	752323	7.80762e-05	
12100	12550	2700	28.8081	34.5708	2080	30	7	642	9	71	522	5	0.358911	874196	0.000282326	
12100	12550	2700	29.5256	26.7588	2098	30	6	617	13	67	500	5	0.360939	980427	0.000225632	
11712	13419	2713	37	34.7706	2010	31	10	611	13	84	501	4	1.98584	778958	7.2685e-05	
12100	12550	2761	37	27.03	2110	29	9	633	13	85	505	5	0.379291	1.20216e+06	0.000108719	
12098	12867	2782	31.3485	25	2040	30	7	642	19	73	512	5	0.797574	1.44688e+06	5.87648e-05	
12100	12550	2700	29.7047	25.3362	2062	31	7	636	13	71	513	6	0.361403	1.0117e+06	0.000215193	
12099	12554	2727	29.4743	35	2134	31	7	607	8	61	511	6	0.370764	944076	0.000219829	
12044	12610	2738	37	25.7472	2072	31	10	640	4	84	521	5	0.522618	1.37065e+06	7.16281e-05	
11958	13325	2712	37	34.997	2080	32	9	643	4	79	513	5	1.56237	801108	7.11642e-05	
12018	13491	2772	24.4019	25	2160	28	6	636	11	88	530	4	1.71889	1.33087e+06	5.35733e-05	
12100	12550	2700	29.3599	34.346	2078	30	7	642	7	71	522	5	0.360495	925275	0.000240616	
11402	13425	2700	37	35	2028	31	9	630	4	69	509	5	2.34623	762561	7.53012e-05	
12100	12550	2700	30.2088	25.0355	2080	28	9	634	16	72	530	5	0.362626	1.04552e+06	0.000194288	
11982	13021	2763	32.2674	33.2658	2100	30	10	633	12	81	505	6	1.14393	957196	6.60153e-05	
12032	12550	2738	37	35	2068	31	10	623	16	74	530	6	0.46015	1.17765e+06	8.62515e-05	
12100	12550	2700	32.8502	27.359	2160	29	8	628	3	68	510	5	0.367369	1.10603e+06	0.000141523	
12100	12550	2701	30.5816	29.1266	2024	28	8	600	0	71	511	5	0.363591	1.0195e+06	0.000185908	
12100	12550	2700	29.4766	34.2125	2127	31	8	602	18	62	509	5	0.36081	921712	0.000235073	
11625	13306	2700	37	35	2124	32	9	620	5	70	513	4	1.92642	775129	7.3443e-05	
12083	12568	2718	28.1616	34.9601	2127	31	8	600	5	69	505	5	0.403072	958297	0.000207943	
12100	12550	2700	31.8127	26.9456	2064	30	6	642	14	69	515	5	0.365802	1.09274e+06	0.000156446	
11716	13379	2782	37	35	2073	30	10	628	20	90	515	4	1.97573	796360	7.07614e-05	
12100	13438	2781	21	25	2116	28	7	634	14	83	530	5	1.50812	1.65841e+06	5.2751e-05	
12100	12550	2700	29.9537	25.9132	2079	31	6	614	5	71	522	5	0.362022	1.02008e+06	0.000205002	
12100	12558	2700	28.8835	34.2125	2097	30	7	600	18	61	523	6	0.369275	908555	0.000244738	
12100	12550	2732	29.0729	35	2118	32	9	601	20	65	493	5	0.363955	890446	0.000260824	
12100	12797	2718	33.4224	26.0911	2094	29	7	623	18	86	521	5	0.688628	1.41073e+06	6.15574e-05	
12100	12550	2700	32.5217	27.9307	2054	30	6	623	21	68	503	5	0.366909	1.09965e+06	0.000146263	
11753	13360	2788	35.9977	35	2082	30	10	638	15	90	511	4	1.9077	810246	6.98812e-05	
12082	13059	2795	30.4608	25.2238	2066	30	7	620	14	78	517	6	1.07973	1.294e+06	5.69314e-05	
11733	13500	2794	33.8361	32.6743	2091	30	10	633	17	86	518	5	2.13086	869762	6.63438e-05	
12100	12945	2786	28.4691	25	2107	29	8	618	14	76	523	5	0.893687	1.4858e+06	5.64366e-05	
12100	12550	2700	31.8069	34.2542	2083	29	9	623	19	72	526	4	0.365792	1.02579e+06	0.000160823	
12087	12550	2705	37	35	2043	30	7	632	21	79	496	5	0.387503	1.12099e+06	0.000106838	
12100	12550	2700	32.308	26.9456	2076	29	8	641	14	69	530	5	0.366592	1.10082e+06	0.0001485	
12100	12550	2700	30.767	35	2128	28	9	600	15	72	515	5	0.363847	991068	0.0001844	
12028	12559	2717	37	35	2080	32	10	619	26	71	504	6	0.472987	1.18184e+06	8.3689e-05	
12100	12550	2700	34.144	35	2084	31	7	601	11	64	505	6	0.368889	1.06155e+06	0.00013231	
12100	13120	2785	27.324	25	2132	28	5	610	17	80	530	5	1.12655	1.41825e+06	5.44662e-05	
12100	12550	2700	33.2309	25.8771	2065	31	7	639	9	84	521	4	0.367863	1.13757e+06	0.000136203	
12010	12550	2725	25.4966	35	2091	30	9	610	20	63	472	5	0.458591	900500	0.000249439	
12083	12550	2700	29.1522	35	2086	30	8	613	16	60	501	6	0.380676	960300	0.000205508	
11296	13391	2700	37	34.8469	2067	32	10	629	8	65	491	4	2.42169	754550	7.67636e-05	
12087	12560	2729	36.9988	25.2775	2072	29	9	640	14	65	514	6	0.40375	1.27921e+06	9.69838e-05	
12094	12899	2800	31.0504	25.1744	2048	29	8	626	20	77	529	5	0.850368	1.431e+06	5.72672e-05	
12100	12550	2700	30.3975	30.7395	2053	31	10	634	11	65	513	5	0.363054	1.00213e+06	0.000192678	
12055	12995	2785	26.5125	25.0072	2131	29	10	607	13	75	528	6	1.00956	1.48034e+06	5.52822e-05	
12100	12550	2700	30.754	32.9323	2145	30	9	618	18	67	515	4	0.36382	1.003e+06	0.000183318	
12100	12550	2700	30.8242	30.4294	2160	30	7	618	3	72	522	5	0.363965	1.024e+06	0.00017963	
11415	12550	2740	37	34.8346	2107	28	10	624	20	73	525	6	1.20173	818977	7.30353e-05	
12068	12550	2738	36.7126	35	2067	31	10	622	16	77	529	6	0.415593	1.14555e+06	9.87654e-05	
12099	12550	2700	28.7862	35	2140	31	7	613	15	63	506	4	0.360066	861874	0.000281532	
12100	12550	2700	29.7485	26.5111	2160	31	7	636	3	72	515	5	0.361514	1.004e+06	0.000213767	
12049	12550	2701	37	25.257	2047	31	9	647	15	89	512	5	0.433255	1.30649e+06	8.71688e-05	
11789	12567	2739	37	25	2018	31	9	649	14	86	518	5	0.778661	1.25667e+06	6.24181e-05	
12100	13296	2758	22.2542	25	2127	28	5	640	14	87	519	5	1.31822	1.60583e+06	5.34788e-05	
12100	12563	2700	31.5609	34.9258	2098	28	8	621	13	70	515	5	0.381844	1.03793e+06	0.000149544	
11840	12751	2774	30.6143	25.8938	2115	29	7	629	19	79	530	5	0.960066	1.31062e+06	5.78202e-05	
11199	13376	2700	37	34.8469	2056	32	10	620	9	65	492	4	2.5116	751267	7.74653e-05	
12100	12550	2700	30.2048	30.6567	2105	31	9	607	14	63	502	6	0.362617	988343	0.000199561	
12100	12558	2709	30.9873	35	2084	30	7	617	18	63	514	6	0.375679	1.01855e+06	0.000166168	
12100	13296	2786	29.5958	25	2114	28	5	633	14	86	529	5	1.37672	1.25939e+06	5.50995e-05	
12100	12550	2700	29.0165	31.8584	2120	31	6	616	20	65	512	6	0.359529	900611	0.000262881	
12100	12584	2705	27.3274	34.9493	2098	31	8	602	18	67	514	6	0.397587	868477	0.000273	
12100	12550	2701	28.7737	26.6017	2074	28	8	600	13	73	502	5	0.358939	907841	0.000278087	
11516	13225	2717	37	35	2000	31	9	637	8	71	518	5	1.95757	772608	7.4151e-05	
12100	12550	2700	29.5383	26.9456	2079	29	6	644	14	79	530	5	0.360973	995716	0.000223864	
12100	12589	2707	27.7509	35	2098	30	8	604	19	77	509	6	0.405892	941172	0.000220556	
11296	12899	2701	37	34.8469	2056	32	8	629	9	65	491	4	1.76955	763134	7.66989e-05	
12100	12551	2700	30.1769	35	2086	28	7	600	15	71	516	5	0.363819	970862	0.000201005	
12100	12550	2700	29.9264	26.2858	2079	30	9	638	7	69	503	5	0.361956	1.013e+06	0.000206313	
12100	12550	2700	32.4504	25	2145	30	7	640	20	80	530	5	0.366805	1.13197e+06	0.000145243	
11410	13221	2700	37	34.9267	2108	29	10	643	19	73	518	4	2.06268	773310	7.38825e-05	
12100	12550	2700	29.6331	25.712	2065	31	8	640	14	71	504	5	0.36122	1.00137e+06	0.00021896	
12100	12685	2702	37	25	2054	30	4	633	22	75	529	4	0.543247	1.47546e+06	6.86908e-05	
12100	12550	2700	29.1522	34.7016	2086	30	8	613	11	62	499	6	0.359919	894640	0.000256082	
12100	12550	2715	36.7564	29.9439	2097	31	7	600	18	66	517	6	0.372859	1.1538e+06	0.000112221	
12100	12550	2700	31.4542	25.5215	2103	29	8	629	14	83	507	5	0.365177	1.09474e+06	0.000162075	
12100	12550	2700	29.4766	28.3008	2098	30	8	626	18	62	524	6	0.36081	962167	0.000229516	
12100	12584	2700	27.3274	34.7671	2098	31	8	602	18	77	514	6	0.396852	871852	0.000272331	
11277	13357	2700	37	35	2091	32	10	624	7	67	492	5	2.39745	754782	7.67342e-05	
11917	12734	2756	30.4053	26.9105	2111	29	7	613	19	78	526	5	0.836777	1.35889e+06	5.92207e-05	
12100	12561	2704	36.7677	34.0914	2131	32	6	607	15	68	510	6	0.385315	1.12652e+06	0.000108284	
11876	13375	2709	36.9715	35	2082	30	8	646	10	73	525	5	1.72724	797368	7.10985e-05	
12100	12550	2702	31.2032	35	2137	28	6	625	16	69	518	5	0.364983	1.00966e+06	0.00017328	
12051	13117	2786	28.4691	25.4399	2086	29	9	616	14	81	521	5	1.18878	1.28227e+06	5.60695e-05	
12096	13411	2772	21	25	2160	28	6	640	11	89	530	4	1.4707	1.6795e+06	5.25486e-05	
12100	12550	2700	31.4542	25.5215	2098	30	8	629	14	62	509	5	0.365177	1.09047e+06	0.000162443	
11585	13363	2700	37	34.9982	2004	32	10	623	10	74	474	5	2.05002	760834	7.56029e-05	
12100	12893	2777	32.9592	26.095	2157	28	5	623	19	86	521	6	0.830996	1.39822e+06	5.80923e-05	
12100	12550	2701	28.9738	31.8584	2114	31	6	616	17	65	511	6	0.359538	896261	0.000266312	
12100	12550	2700	30.8447	26.7324	2069	29	8	637	3	62	501	4	0.364007	1.05336e+06	0.000177022	
12100	13497	2793	24.1426	25	2092	28	6	630	14	74	529	5	1.63506	1.36477e+06	5.36394e-05	
12077	12550	2702	31.2032	35	2128	28	9	600	15	72	515	5	0.393079	1.04349e+06	0.000144321	
11517	13383	2709	37	35	2032	31	10	609	5	73	520	4	2.16352	768006	7.40796e-05	
12100	12550	2700	29.4766	29.6353	2099	30	8	626	22	62	522	6	0.36081	954101	0.000230681	
12004	12601	2725	37	29.4337	2073	31	9	621	2	86	516	5	0.557596	1.28777e+06	7.00378e-05	
11347	13339	2704	37	35	2110	31	10	601	14	65	513	5	2.29664	762336	7.54489e-05	
12039	13402	2785	21.758	25.1015	2114	28	7	628	0	86	530	5	1.54855	1.54514e+06	5.30448e-05	
12100	12882	2749	35.8874	26.095	2154	28	6	630	17	85	484	6	0.810897	1.30574e+06	6.0698e-05	
12100	12550	2700	36.6134	25.2455	2096	28	6	647	5	70	508	5	0.370728	1.22856e+06	0.000110975	
12100	12550	2705	28.741	34.5255	2000	30	7	607	13	62	504	6	0.359371	852100	0.000291036	
12100	12567	2750	36.7287	27.7871	2011	31	10	647	25	88	524	5	0.3996	1.21502e+06	0.000101564	
12054	12576	2729	37	29.1401	2078	28	7	618	10	88	500	5	0.46492	1.26587e+06	8.23452e-05	
12100	12550	2701	30.9871	34.9258	2111	29	7	635	3	67	515	5	0.364428	1.00344e+06	0.000178412	
12100	12550	2700	29.4265	34.4397	2097	32	8	622	11	87	509	6	0.360676	928400	0.000236742	
12100	12550	2700	29.6693	26.9751	2098	30	6	617	13	72	503	5	0.361313	991222	0.000218293	
12100	12569	2738	37	28.6186	2159	32	10	604	8	80	512	5	0.400557	1.20506e+06	0.00010014	
12100	12550	2713	34.4313	35	2084	31	8	601	4	63	505	6	0.370947	1.06858e+06	0.00012955	
12100	12550	2701	28.7737	27.8155	2050	28	8	600	4	73	502	5	0.358939	897429	0.000279564	
11785	13357	2789	33.5562	33.33	2122	31	10	621	12	81	530	4	1.86272	865787	6.66889e-05	
12100	12550	2700	29.2277	26.0598	2039	30	8	642	6	71	522	5	0.360131	969940	0.000241604	
11883	13482	2793	32.0394	30.4096	2137	29	7	623	2	90	513	5	1.91725	966121	6.20925e-05	
12100	12573	2743	27.6898	35	2132	32	5	620	18	61	514	5	0.390416	861391	0.000283527	
12100	13493	2701	27.6522	25	2112	28	7	616	13	84	529	5	1.59503	1.22948e+06	5.54631e-05	
12100	12550	2700	30.433	26.9751	2049	30	7	603	14	67	500	5	0.363133	1.03148e+06	0.000189143	
11903	13221	2792	37	35	2073	30	10	628	20	90	515	5	1.53289	819884	6.96476e-05	
12100	13296	2783	22.4416	25	2128	30	7	627	16	86	530	5	1.33245	1.58172e+06	5.34388e-05	
11576	13363	2707	37	35	2112	32	10	627	11	72	474	4	2.06588	765884	7.49176e-05	
12100	12550	2716	29.4657	33.8035	2127	30	8	600	11	65	518	5	0.362918	927243	0.000234247	
12100	12550	2700	29.6461	33.216	2160	30	9	610	13	68	516	5	0.361253	943709	0.000224517	
12093	12965	2800	37	34.5222	2017	30	7	625	8	75	517	6	0.947711	950552	6.8899e-05	
11343	13266	2700	37	34.997	2108	32	10	643	19	68	513	4	2.1998	761910	7.54546e-05	
12096	13411	2772	21	25	2141	28	6	640	10	90	530	4	1.4707	1.67715e+06	5.26094e-05	
12100	13253	2785	28.8338	35	2148	28	9	618	13	68	528	5	1.31459	971429	6.5368e-05	
11998	13222	2750	35.7025	35	2160	29	8	627	11	73	519	5	1.3937	842735	6.90036e-05	
11961	12703	2701	33.0938	25	2080	29	9	621	2	77	512	4	0.73182	1.38755e+06	6.04522e-05	
12100	12550	2700	31.6262	26.13	2063	28	8	634	3	72	501	5	0.365482	1.09188e+06	0.000159312	
11956	13264	2787	32.9401	33.7296	2063	30	10	626	20	90	495	4	1.52004	881089	6.66711e-05	
12065	12811	2708	34.6653	28.6075	2086	30	8	613	7	73	496	6	0.748363	1.23127e+06	6.39264e-05	
12021	12550	2709	37	32.3617	2109	32	8	610	22	69	479	6	0.46868	1.21769e+06	8.29187e-05	
12100	12816	2733	33.7829	26.095	2154	29	7	616	17	87	505	6	0.717707	1.40987e+06	6.0757e-05	
12100	12550	2700	31.0103	34.9498	2113	31	8	611	17	61	500	6	0.364339	999546	0.000178508	
12100	12550	2700	29.322	33.8611	2160	31	7	625	19	72	516	5	0.360392	920959	0.000242601	
11998	13217	2750	35.7025	35	2005	28	8	627	11	72	515	5	1.3869	837489	6.96913e-05	
12100	12590	2704	36.7677	34.0914	2131	32	6	607	8	68	522	6	0.42218	1.16479e+06	9.55384e-05	
12100	12550	2700	30.2048	34.9553	2105	31	8	607	14	61	502	6	0.362617	964193	0.000202758	
12082	12550	2716	36.718	33.9612	2028	28	8	639	7	88	518	5	0.395084	1.1341e+06	0.000104789	
12041	13010	2709	31.4323	25.0381	2104	29	10	638	19	71	503	5	1.03388	1.23578e+06	5.86063e-05	
12041	12971	2709	31.4323	25	2104	29	10	638	19	71	503	5	0.982571	1.26521e+06	5.85823e-05	
12005	12657	2705	37	29.4054	2067	32	7	626	18	83	494	5	0.623807	1.24809e+06	6.76041e-05	
11743	12587	2792	37	32.3337	2159	32	9	623	6	78	515	6	0.876499	992435	6.82314e-05	
11937	13379	2785	35.4166	29.6227	2093	30	10	628	18	90	515	4	1.70468	931554	6.32911e-05	
11862	12550	2707	34.7632	26.7495	2023	31	9	647	7	88	519	5	0.659115	1.32253e+06	6.39877e-05	
12100	13317	2784	33.6878	25.1168	2137	28	5	628	13	69	530	5	1.41232	1.18803e+06	5.74119e-05	
11975	13463	2800	36.8509	33.9877	2061	29	10	605	16	88	499	4	1.78517	827445	6.85589e-05	
12100	12550	2700	30.8447	26.13	2063	29	8	643	3	72	501	5	0.364007	1.06737e+06	0.000176305	
12065	13011	2790	32.1734	25.039	2067	30	7	631	22	81	504	5	1.03726	1.27027e+06	5.78804e-05	
12100	12550	2716	33.8625	35	2057	32	9	626	24	79	516	5	0.37078	1.06057e+06	0.000134282	
11494	13266	2700	37	34.997	2060	32	9	650	18	68	513	4	2.02569	767011	7.47552e-05	
12087	12560	2703	36.9988	25.2775	2109	30	9	642	14	65	514	6	0.399903	1.27247e+06	9.74469e-05	
12100	12550	2700	32.4504	26.0217	2144	30	7	640	20	72	530	5	0.366805	1.11697e+06	0.000145879	
12084	12550	2713	35.5582	35	2103	29	8	611	19	71	519	6	0.391505	1.10777e+06	0.000111508	
11675	13320	2800	30.0045	25	2138	29	6	630	7	87	529	5	1.94719	1.15379e+06	5.68699e-05	
12100	12550	2700	31.1533	28.3008	2098	30	8	626	18	62	526	6	0.364617	1.05146e+06	0.000170532	
11457	12601	2717	36.6886	35	2027	32	9	632	13	69	525	5	1.20784	805312	7.44158e-05	
12005	12644	2709	36.7564	29.9439	2049	31	7	617	18	66	517	6	0.607961	1.25087e+06	6.85354e-05	
12100	12550	2702	29.0201	26.9188	2137	28	9	607	11	72	515	5	0.359806	935615	0.000257069	
12011	12550	2737	37	32.7072	2133	32	8	618	17	80	481	5	0.485824	1.22242e+06	8.036e-05	
11713	13493	2744	36.3086	34.3389	2063	28	9	644	16	72	530	4	2.10912	806708	7.01213e-05	
12100	12550	2700	31.3102	25.1785	2050	29	8	622	4	73	498	5	0.364913	1.09107e+06	0.000165044	
12048	12578	2701	25.6624	34.601	2127	30	8	612	15	73	494	4	0.444847	879364	0.00026688	
12100	13315	2768	25.8465	25	2129	29	6	644	15	73	530	4	1.37929	1.33791e+06	5.4407e-05	
12006	12697	2700	37	29.4054	2067	32	7	633	31	83	494	6	0.672625	1.21127e+06	6.67468e-05	
11596	12550	2707	37	35	2103	29	10	621	18	72	465	5	0.976425	845754	7.45823e-05	
12100	12550	2700	35.4584	28.457	2069	31	8	639	20	73	518	5	0.370021	1.14653e+06	0.000119019	
12099	12550	2700	29.4766	34.8227	2096	31	8	614	17	73	511	6	0.362031	929166	0.000231642	
12100	13411	2770	21	25	2160	28	6	637	11	87	530	4	1.46462	1.68215e+06	5.25845e-05	
12085	12554	2719	28.7862	35	2134	30	7	612	7	77	503	6	0.384919	952775	0.000215936	
12095	13080	2782	26.0832	25	2138	29	5	622	9	77	530	5	1.07129	1.49892e+06	5.44277e-05	
12088	13102	2773	30.796	25.4085	2107	29	6	640	21	76	510	5	1.12275	1.26153e+06	5.71527e-05	
12100	12550	2700	28.8835	28.9862	2093	30	7	611	19	67	523	5	0.359138	903493	0.000270709	
12100	13025	2782	26.0832	25	2138	29	7	622	9	83	530	5	0.990333	1.53909e+06	5.49964e-05	
11916	13380	2797	30.3102	27.5419	2076	29	7	621	11	90	519	5	1.73223	1.07325e+06	5.86889e-05	
11713	13478	2754	36.3086	34.3389	2063	28	9	644	16	72	529	5	2.09598	809281	7.00476e-05	
12100	12576	2714	28.1616	34.6528	2141	30	8	600	11	65	503	5	0.391819	923777	0.000232612	
12091	12587	2738	37	28.52	2157	32	7	623	8	79	512	6	0.434879	1.25582e+06	8.95095e-05	
11586	13363	2700	37	34.9125	2004	32	8	623	11	76	507	5	2.04885	771225	7.4173e-05	
12100	12558	2709	30.8979	35	2084	30	7	617	18	63	513	6	0.3755	1.01652e+06	0.000168095	
12055	12556	2720	26.756	35	2112	30	8	617	6	75	514	4	0.416835	891027	0.000258866	
12100	12550	2701	29.7485	30.7102	2136	31	7	621	18	70	509	5	0.361648	968207	0.000217486	
12018	13120	2780	29.3474	26.0917	2142	28	9	628	19	76	528	5	1.23429	1.21962e+06	5.65291e-05	
12100	13296	2786	22.4416	25	2127	28	8	640	14	78	530	5	1.33388	1.58574e+06	5.31124e-05	
12100	12550	2702	33.5861	30.5375	2127	31	10	604	17	65	517	5	0.36856	1.08535e+06	0.000135117	
12087	12965	2736	34.9252	35	2105	29	10	624	13	73	525	5	0.93215	955841	6.86201e-05	
12100	12550	2700	33.0241	29.2311	2103	30	8	629	17	63	524	5	0.3676	1.0895e+06	0.000140528	
12100	13180	2783	24.818	25.0248	2108	28	9	644	5	78	530	5	1.1943	1.47175e+06	5.38706e-05	
12100	12550	2700	36.2478	30.2822	2160	31	7	625	3	72	515	5	0.37053	1.13637e+06	0.000115247	
11541	13387	2714	37	35	2021	31	10	646	9	75	514	5	2.14486	771644	7.3828e-05	
12100	12601	2717	37	35	2027	32	9	635	22	69	523	5	0.438391	1.16225e+06	9.14913e-05	
12100	12550	2700	35.0446	32.5104	2052	31	8	647	3	70	523	4	0.369705	1.09594e+06	0.000123747	
11841	13446	2713	37	35	2010	30	9	630	13	84	506	4	1.86848	786581	7.16794e-05	
11783	13338	2795	32.6433	28.8421	2155	29	9	639	25	88	515	4	1.84148	983129	6.12783e-05	
12100	12550	2709	34.7927	35	2140	29	9	611	19	71	528	6	0.370727	1.07177e+06	0.00012663	
12062	12968	2779	28.4691	25	2065	28	9	620	10	78	515	5	0.970115	1.41796e+06	5.60444e-05	
12100	12550	2700	33.6645	28.457	2072	31	8	644	19	73	511	5	0.368377	1.11383e+06	0.000133174	
11930	13497	2756	31.2584	27.5419	2076	29	7	621	10	90	519	5	1.85363	1.04482e+06	5.94884e-05	
12084	12674	2740	37	29.2526	2093	30	9	645	18	68	503	5	0.556427	1.30053e+06	7.05069e-05	
12100	13296	2793	22.4416	25	2127	28	5	640	14	86	529	5	1.33723	1.60224e+06	5.28569e-05	
12100	12903	2713	30.5169	27.612	2086	30	9	623	18	78	523	5	0.820708	1.32459e+06	6.02918e-05	
12100	12550	2700	30.754	32.3397	2145	30	9	623	18	67	523	4	0.36382	1.007e+06	0.000182815	
12100	12550	2700	29.322	30.2822	2160	31	7	625	3	72	516	5	0.360392	941929	0.000239521	
12100	12730	2770	21.6704	25	2092	28	6	622	17	86	530	5	1.02221	834831	7.47217e-05	
12062	12562	2700	36.5388	29.3388	2018	31	9	647	14	88	519	5	0.432255	1.22125e+06	9.06043e-05	
12100	12550	2701	30.2512	31.8584	2114	31	6	618	20	63	519	6	0.362858	987579	0.000198373	
12054	13122	2793	24.0082	25.0006	2124	28	9	638	5	79	530	5	1.17085	1.54254e+06	5.3723e-05	
11773	13500	2794	33.8361	32.6743	2091	30	10	633	17	86	518	4	2.08173	870853	6.61201e-05	
11748	13485	2713	37	35	2066	31	10	643	14	84	503	4	2.03304	780310	7.21761e-05	
11930	12587	2753	37	25.5405	2038	29	10	640	1	81	516	5	0.636358	1.36714e+06	6.35243e-05	
12051	12550	2711	36.6702	33.4016	2062	30	10	642	20	69	530	5	0.43226	1.17118e+06	9.2302e-05	
11787	13353	2711	36.3086	35	2076	28	10	641	13	69	503	5	1.80514	791859	7.17824e-05	
12100	12550	2700	28.7714	32.3397	2112	30	10	622	16	69	526	6	0.3588	874174	0.00028393	
12068	12550	2700	37	33.9506	2097	30	7	611	17	69	505	4	0.409959	1.15226e+06	9.79624e-05	
12100	12830	2771	32.8447	26.095	2158	28	7	630	18	86	521	5	0.745106	1.4307e+06	5.93754e-05	
12100	12550	2702	29.0201	35	2137	28	9	600	13	72	515	5	0.359806	885308	0.000265182	
12085	12561	2749	37	27.03	2088	31	9	637	13	85	505	5	0.410485	1.24573e+06	9.62094e-05	
12100	12550	2701	28.8981	27.2706	2097	30	7	619	13	65	530	5	0.359314	918379	0.000267523	
12100	12550	2700	28.741	31.7724	2000	30	6	603	6	62	504	6	0.358707	864556	0.000288434	
11999	12562	2749	36.8664	35	2043	29	7	632	19	71	496	5	0.518188	1.19831e+06	7.78392e-05	
11801	13224	2768	37	33.51	2136	32	10	636	12	81	530	4	1.64897	829723	6.8937e-05	
12100	12550	2732	29.0729	34.5647	2118	32	9	601	20	65	496	5	0.363955	893317	0.000260349	
12100	12550	2700	29.0073	31.1218	2078	30	5	642	6	72	514	5	0.359503	915649	0.000261849	
12100	12587	2738	37	28.6186	2159	32	9	623	8	79	512	6	0.423732	1.23394e+06	9.273e-05	
11871	12550	2713	35.6992	26.0054	2023	29	9	647	14	87	517	5	0.650462	1.3484e+06	6.34437e-05	
12100	12550	2700	37	32.9323	2145	30	9	618	18	67	515	4	0.370911	1.11484e+06	0.00011274	
11806	13295	2700	37	35	2110	32	9	624	6	65	491	5	1.69753	781862	7.3616e-05	
12006	12657	2705	37	29.4054	2067	32	7	626	18	83	494	6	0.622592	1.25189e+06	6.7659e-05	
11889	13263	2795	32.9625	29.1124	2158	29	10	641	13	90	522	5	1.60655	989024	6.09645e-05	
11965	12576	2729	37	25.4778	2083	28	7	618	12	81	499	5	0.574011	1.41173e+06	6.63482e-05	
12100	12550	2700	33.3112	29.9481	2080	31	9	628	10	65	507	5	0.367962	1.08847e+06	0.000137741	
12100	12550	2700	30.9315	26.4827	2078	30	8	635	17	71	502	5	0.364182	1.06496e+06	0.000174459	
12028	12550	2719	32.723	35	2082	29	9	619	24	72	506	6	0.458108	1.14455e+06	9.92162e-05	
12066	12714	2798	36.5039	25	2019	28	8	638	23	67	510	5	0.643813	1.43803e+06	6.28496e-05	
12100	12550	2700	31.1507	34.9553	2105	31	8	606	17	61	507	5	0.364612	1.00197e+06	0.000175131	
12098	12867	2774	30.8314	25.0617	2034	30	7	621	15	77	512	5	0.794249	1.45117e+06	5.88408e-05	
11941	13446	2713	37	35	2010	30	9	630	13	80	506	4	1.74783	791989	7.13369e-05	
12043	12578	2700	25.6624	34.601	2130	30	8	612	15	69	498	4	0.450764	902103	0.000247647	
12100	12550	2700	29.3097	25	2098	30	7	602	18	65	530	5	0.360358	976824	0.000236295	
12018	13120	2780	25.9757	25	2142	28	9	631	19	75	530	5	1.22092	1.38643e+06	5.44188e-05	
12100	12969	2705	29.3325	34.2125	2097	30	8	600	24	61	530	5	0.901725	1.1045e+06	6.68583e-05	
11879	13500	2794	30.2582	26.5602	2054	29	7	636	7	89	505	5	1.94471	1.08403e+06	5.84795e-05	
12100	12551	2700	32.6271	35	2065	31	7	628	13	61	520	5	0.368327	1.04039e+06	0.000147732	
12086	12587	2744	37	26.2042	2131	32	9	626	11	79	512	6	0.442035	1.30164e+06	8.67528e-05	
11961	12719	2737	34.0405	25.9414	2067	30	10	640	0	79	523	5	0.763492	1.32209e+06	6.06428e-05	
12100	12550	2700	33.0241	30.254	2103	30	8	630	17	63	524	5	0.3676	1.08076e+06	0.000141084	
12100	12550	2700	28.9816	30.685	2128	31	7	614	17	77	506	5	0.359427	909911	0.000263713	
12100	12562	2700	36.5388	26.709	2018	31	9	647	14	88	521	5	0.385898	1.20946e+06	0.000105307	
11928	12801	2769	30.7025	25	2114	30	10	616	13	67	509	4	0.916351	1.33209e+06	5.82683e-05	
12100	12550	2702	30.872	34.1904	2045	32	8	614	16	66	477	4	0.364332	1.00087e+06	0.00018162	
12080	12979	2724	32.6911	26.4834	2072	31	10	637	19	78	530	4	0.952694	1.20728e+06	5.96908e-05	
12100	12652	2756	36.7287	27.7871	2010	31	10	645	25	88	515	5	0.510902	1.31492e+06	7.5188e-05	
11933	13439	2758	37	34.2284	2032	31	8	630	14	84	504	6	1.77697	815643	6.99643e-05	
12093	12555	2702	31.9704	35	2128	29	9	600	15	72	515	5	0.38123	1.04134e+06	0.00014476	
11768	13485	2713	37	35	2066	31	10	643	3	86	506	4	2.00918	782912	7.18442e-05	
12100	12551	2715	33.8485	35	2137	31	7	622	16	68	528	5	0.371902	1.06098e+06	0.000133565	
12100	12550	2700	32.1154	34.8646	2071	30	6	615	7	66	508	6	0.366294	1.02966e+06	0.000156274	
12006	12642	2700	37	29.4054	2067	30	7	633	31	83	494	6	0.602289	1.26827e+06	6.79671e-05	
12100	12550	2700	30.0703	34.5608	2041	30	8	642	14	68	484	4	0.362302	967045	0.000207082	
12048	12550	2716	33.8618	35	2082	31	8	625	20	78	523	5	0.434554	1.13397e+06	0.000102103	
12100	13425	2800	21.9518	25	2109	28	6	636	6	86	527	5	1.51478	1.55413e+06	5.27621e-05	
12100	12989	2793	29.3491	25.3202	2056	29	6	625	11	76	516	5	0.958211	1.40716e+06	5.64844e-05	
12100	13264	2791	22.3576	25	2097	28	7	639	15	81	526	5	1.29093	1.61741e+06	5.3322e-05	
12100	13120	2785	25.412	25	2132	28	5	610	13	80	530	5	1.11688	1.51267e+06	5.39695e-05	
12006	13241	2743	35.719	28.5526	2059	28	6	616	10	76	516	4	1.40609	992118	6.28575e-05	
11197	12973	2701	37	34.9304	2056	32	10	627	15	68	485	4	1.97868	753186	7.76096e-05	
12099	12791	2777	35.9808	32.759	2007	30	8	614	8	90	529	4	0.699203	1.17189e+06	6.69478e-05	
12083	12557	2718	28.1616	35	2104	31	8	600	5	80	510	5	0.38903	916774	0.000238663	
11975	13345	2792	36.8509	32.2158	2061	29	10	605	16	88	495	4	1.61498	864031	6.69703e-05	
11163	13020	2700	37	35	2087	32	9	621	14	65	519	5	2.07799	757957	7.68521e-05	
12049	12562	2700	36.5388	26.709	2096	32	9	644	14	88	519	5	0.448081	1.2815e+06	8.52442e-05	
12100	12550	2700	35.8873	29.4966	2149	30	7	609	5	69	510	6	0.370312	1.14198e+06	0.000116945	
12068	13395	2713	36.3086	35	2111	28	10	632	17	76	491	5	1.52337	814218	7.02198e-05	
11961	12853	2737	34.0405	25	2064	31	10	640	0	79	523	5	0.938802	1.23353e+06	5.96588e-05	
12100	12550	2700	28.9816	30.685	2128	31	7	614	14	77	506	5	0.359427	909320	0.000263783	
12100	13423	2794	21.9993	25	2092	28	6	626	9	86	529	5	1.50936	1.55031e+06	5.28765e-05	
12100	12969	2782	26.0832	25	2138	29	7	622	9	83	530	5	0.914636	1.56991e+06	5.64143e-05	
12100	12550	2700	30.1581	27.0945	2089	29	6	637	6	73	519	4	0.362509	1.02565e+06	0.000197628	
12049	12567	2700	36.7287	25.6808	2018	31	9	647	14	88	512	5	0.454518	1.31575e+06	8.29876e-05	
12100	12550	2700	33.6494	35	2057	29	8	646	12	68	484	4	0.36836	1.05802e+06	0.000136836	
12100	12550	2700	30.3691	28.5708	2077	30	8	628	20	71	505	5	0.362991	1.0187e+06	0.000191828	
11993	12706	2718	36.1756	25.3318	2077	29	8	626	7	73	505	5	0.704157	1.35667e+06	6.20578e-05	
12100	12550	2700	29.5525	31.3168	2086	30	10	623	18	72	526	4	0.36101	951928	0.000227428	
12100	13425	2793	21.0355	25	2114	28	6	627	6	86	529	5	1.49701	1.67014e+06	5.25984e-05	
12100	12644	2715	36.5737	34.9684	2078	32	9	607	12	60	493	4	0.492953	1.1866e+06	8.18599e-05	
11460	13077	2708	37	34.8496	2051	30	10	632	12	65	492	4	1.8192	768934	7.50976e-05	
12100	12550	2700	31.0835	26.7324	2110	29	8	637	21	72	500	5	0.364482	1.06851e+06	0.000170882	
11199	12833	2700	37	34.8469	2105	32	10	620	9	65	492	4	1.79335	759171	7.71129e-05	
11995	12677	2743	37	26.0456	2072	31	10	640	6	64	526	5	0.67086	1.31919e+06	6.36983e-05	
12099	12550	2700	29.4766	34.5609	2096	31	8	619	17	73	511	6	0.362031	931502	0.000231321	
12009	13125	2734	36.8099	35	2043	29	6	632	21	77	496	5	1.24212	844204	7.05965e-05	
12100	12978	2784	26.0832	25	2138	29	7	622	9	83	526	5	0.927446	1.56558e+06	5.61545e-05	
11938	13038	2771	37	33.8115	2086	30	10	626	18	90	492	4	1.22923	862230	6.89655e-05	
12100	13038	2795	26.5125	25	2116	29	10	621	14	76	528	5	1.01486	1.48572e+06	5.50267e-05	
12079	13257	2791	24.0083	25	2124	29	7	628	7	77	530	4	1.32431	1.46215e+06	5.36942e-05	
12100	13438	2781	21	25	2116	28	7	634	16	83	530	5	1.50812	1.65806e+06	5.27565e-05	
12004	12601	2753	37	29.4337	2073	31	9	621	2	86	528	5	0.563325	1.2971e+06	6.95507e-05	
12006	13292	2743	35.719	28.5526	2059	28	6	616	10	76	516	4	1.47547	985694	6.28575e-05	
12100	13272	2773	25.3677	25	2157	29	5	622	9	85	526	5	1.31973	1.40049e+06	5.3984e-05	
12100	13165	2781	23.9082	25	2132	28	5	622	16	67	530	4	1.16597	1.5677e+06	5.38706e-05	
12100	12879	2700	31.1449	25.6944	2070	29	10	645	7	67	530	5	0.786831	1.38318e+06	5.9446e-05	
12100	13296	2787	22.4416	25	2127	30	6	626	16	87	530	5	1.33436	1.58263e+06	5.33561e-05	
12100	13342	2793	34.2088	27.3412	2092	28	6	624	15	83	529	5	1.45225	1.07348e+06	5.92839e-05	
12096	12554	2710	32.7188	35	2092	30	8	602	5	71	515	5	0.37854	1.05261e+06	0.000139179	
12100	13070	2789	27.7024	25.5871	2062	29	10	627	7	84	526	4	1.06142	1.36909e+06	5.56452e-05	
12100	12550	2700	30.0092	26.9456	2079	29	6	641	14	66	530	5	0.362156	1.0192e+06	0.000203211	
12068	12550	2706	37	32.6349	2101	30	9	600	6	63	505	6	0.41087	1.16758e+06	9.72101e-05	
12100	12550	2734	28.741	34.5255	2050	31	8	610	14	62	502	6	0.363224	856716	0.000289352	
12100	12867	2700	31.3102	25	2050	28	8	622	4	73	498	5	0.771551	1.42786e+06	5.96054e-05	
12100	12550	2700	30.1772	27.0945	2072	30	6	637	6	86	518	5	0.362553	1.03198e+06	0.000196734	
12051	12662	2741	37	29.2526	2091	29	9	645	17	66	502	5	0.581876	1.29081e+06	6.87853e-05	
11931	13303	2771	34.0666	32.5104	2086	31	6	641	3	70	523	4	1.59728	895460	6.61726e-05	
12034	12588	2700	35.4584	28.457	2069	31	8	639	20	67	510	5	0.498654	1.29266e+06	7.80762e-05	
11969	13500	2792	33.8592	33.441	2016	30	8	616	6	89	518	5	1.83731	869376	6.64408e-05	
12045	12550	2710	35.1148	35	2126	29	8	616	21	73	526	6	0.438428	1.15065e+06	9.58405e-05	
12100	12550	2700	29.9264	30.5427	2103	30	9	638	7	66	503	5	0.361956	980466	0.000209688	
11783	13373	2786	32.6433	28.8421	2155	29	10	634	25	90	522	4	1.88424	978285	6.11995e-05	
12100	13441	2710	35.1148	34.972	2127	31	8	617	14	71	530	6	1.54422	831276	6.92089e-05	
12100	12550	2700	31.4439	34.4888	2041	30	6	618	14	66	484	4	0.365159	1.01708e+06	0.00016835	
11935	12906	2786	30.0164	25	2106	29	10	618	14	75	519	5	1.05225	1.29463e+06	5.68925e-05	
12099	12550	2727	28.7862	34.9274	2136	31	7	603	16	61	503	6	0.363667	864964	0.000280584	
12100	12550	2701	32.694	25.9498	2127	31	6	636	7	83	502	5	0.36729	1.12912e+06	0.000142592	
11885	13038	2774	37	34.9042	2086	30	7	626	19	90	497	4	1.29605	839707	7.00967e-05	
12086	12742	2744	37	25.7484	2131	32	9	626	11	80	512	6	0.643405	1.38489e+06	6.35163e-05	
12100	12666	2756	36.7287	27.7871	2010	31	10	647	25	88	515	5	0.529162	1.32621e+06	7.27114e-05	
12100	12550	2700	32.6302	32.3538	2146	32	8	617	21	65	493	5	0.367065	1.05651e+06	0.000147384	
12100	12550	2700	29.1522	35	2086	30	8	613	11	62	501	6	0.359919	893454	0.000256345	
12100	13025	2782	26.0832	25	2138	29	8	622	14	83	530	5	0.990333	1.53142e+06	5.50327e-05	
12100	13120	2783	23.8248	25	2132	28	5	628	13	67	530	5	1.10457	1.61406e+06	5.43213e-05	
12100	12550	2700	28.7371	31.8584	2100	31	6	635	20	65	512	6	0.358695	873100	0.000287274	
12100	12882	2739	35.8874	26.095	2154	28	7	616	17	85	484	6	0.807947	1.29856e+06	6.08828e-05	
12100	12553	2706	28.741	35	2086	30	8	603	12	62	504	6	0.363313	867278	0.000276472	
11304	12917	2723	37	35	2002	32	9	642	8	72	479	5	1.79841	761794	7.69468e-05	
12029	12550	2737	37	32.7072	2133	32	8	618	17	79	481	5	0.463677	1.21056e+06	8.44238e-05	
12100	12968	2779	28.4691	25	2065	28	9	620	10	72	515	5	0.922401	1.45064e+06	5.6427e-05	
12100	12550	2701	30.1591	35	2065	28	9	601	1	70	503	5	0.362645	963279	0.000203998	
12100	12550	2700	30.4955	25.186	2068	28	8	634	3	72	506	6	0.36327	1.05807e+06	0.000185357	
12087	13196	2785	23.9106	25	2142	28	10	628	13	75	529	4	1.22658	1.51039e+06	5.36337e-05	
12100	12816	2763	34.5736	26.095	2138	28	7	629	18	74	521	6	0.726396	1.39997e+06	6.03792e-05	
12100	13059	2795	30.6274	25.2238	2066	30	7	636	14	78	517	6	1.05736	1.30307e+06	5.68893e-05	
12100	13044	2782	25.3677	25	2157	29	5	622	9	85	526	5	1.012	1.57293e+06	5.48456e-05	
12035	13322	2745	36.8615	34.1202	2144	29	9	637	10	78	519	4	1.48238	838842	6.83293e-05	
12100	13425	2795	21.0355	25	2109	28	7	628	6	86	529	5	1.49809	1.66914e+06	5.2626e-05	
12100	12551	2713	32.6271	35	2065	30	7	628	15	61	520	5	0.3701	1.04299e+06	0.000147341	
12100	12550	2700	33.3112	30.5375	2080	31	9	628	10	65	501	5	0.367962	1.08227e+06	0.000138083	
12085	13218	2792	24.3944	25	2090	28	7	622	17	84	519	6	1.26639	1.47021e+06	5.39665e-05	
12096	12553	2701	28.741	35	2086	30	8	604	12	62	504	6	0.36753	887339	0.000259538	
12100	12550	2700	29.4766	25.6588	2127	31	6	602	18	61	506	6	0.36081	982572	0.000227842	
11465	13215	2706	36.9441	35	2000	32	9	642	8	71	479	5	1.99555	760802	7.62079e-05	
11768	13491	2713	37	35	2010	31	10	607	13	84	506	4	2.01739	777098	7.25479e-05	
12100	12550	2700	31.2389	26.1346	2094	28	10	633	19	72	501	5	0.36478	1.07762e+06	0.000167056	
11993	12706	2743	36.1756	25.3318	2045	29	8	630	3	70	505	5	0.710633	1.35457e+06	6.20001e-05	
11935	13374	2704	30.2512	31.8584	2114	30	6	618	20	64	519	4	1.64347	945600	6.48004e-05	
12100	12550	2727	29.368	34.9274	2119	31	7	603	16	60	503	6	0.364123	916017	0.00024108	
12099	12550	2710	29.5746	34.4311	2089	29	8	603	11	60	511	6	0.363631	934063	0.000226552	
11296	13416	2700	37	34.8469	2064	32	10	635	8	65	491	4	2.45552	754387	7.67931e-05	
12091	12940	2744	32.1187	31.9216	2119	28	9	622	11	75	526	5	0.893334	1.12235e+06	6.36132e-05	
12098	12867	2790	32.1734	25.0617	2034	30	7	621	17	75	512	5	0.801316	1.42558e+06	5.87648e-05	
11836	13357	2768	36.6186	33.51	2136	31	10	639	12	81	530	4	1.78888	832131	6.82967e-05	
12012	12653	2728	36.6989	25.7052	2072	31	10	637	2	80	526	5	0.61523	1.37688e+06	6.44496e-05	
12100	13102	2783	24.5897	25.1168	2137	28	5	628	13	68	530	5	1.08605	1.57035e+06	5.43744e-05	
12062	12989	2792	27.5063	25	2056	29	8	643	13	77	530	5	0.999565	1.44949e+06	5.54293e-05	
12100	12550	2700	32.3812	35	2045	31	7	642	9	84	513	4	0.366702	1.03694e+06	0.000151906	
12100	13015	2800	29.1185	25.5079	2046	30	7	620	15	89	524	5	0.995332	1.3788e+06	5.62272e-05	
12100	12989	2793	28.4989	25.3202	2056	29	6	624	11	79	521	5	0.955605	1.44003e+06	5.61136e-05	
12094	12601	2711	37	35	2027	32	9	635	11	65	523	5	0.444782	1.16515e+06	8.97747e-05	
11753	13270	2781	35.9977	35	2082	30	9	631	15	90	511	4	1.77832	813229	6.99741e-05	
12100	13121	2793	27.5077	25	2127	28	5	640	14	81	529	5	1.13191	1.40895e+06	5.43331e-05	
12100	12872	2739	32.1011	26.095	2158	28	7	610	17	69	521	6	0.790663	1.4029e+06	5.91296e-05	
12056	12674	2740	37	29.2526	2091	30	9	645	18	66	502	5	0.591059	1.28576e+06	6.84556e-05	
12100	12571	2756	36.7287	27.456	2059	31	9	648	14	88	515	5	0.405652	1.22939e+06	9.94135e-05	
12100	12674	2740	37	29.2526	2091	29	9	624	18	65	502	5	0.5366	1.30292e+06	7.22596e-05	
12100	12550	2700	29.322	30.2822	2157	31	7	625	3	69	516	5	0.360392	939922	0.000239693	
11504	13282	2705	37	34.8393	2004	31	9	639	4	69	512	5	2.03929	770312	7.44713e-05	
11944	12610	2738	37	25.7472	2060	31	10	640	0	76	523	5	0.645437	1.34551e+06	6.37877e-05	
11990	13488	2700	36.9088	35	2075	32	9	624	3	82	517	5	1.7373	793927	7.10177e-05	
12100	12550	2700	29.5256	27.4916	2095	30	6	626	14	67	499	5	0.360939	975870	0.000226142	
12085	13217	2761	35.6867	33.9471	2005	29	8	628	17	75	529	4	1.28426	876748	6.77002e-05	
12100	12550	2712	34.6846	35	2140	29	8	616	18	73	522	5	0.371042	1.07113e+06	0.000127356	
12100	12666	2719	36.9988	26.6821	2088	29	10	650	11	64	512	5	0.522184	1.35028e+06	7.22282e-05	
12057	12883	2796	36.388	25.6915	2050	30	8	616	16	77	516	4	0.880726	1.24498e+06	6.0518e-05	
11555	13363	2707	37	35	2004	32	10	623	11	72	471	5	2.09047	759493	7.59532e-05	
12100	12550	2700	29.5525	32.3397	2086	30	10	623	18	72	526	4	0.36101	945999	0.000228258	
12100	12893	2777	34.1614	26.095	2157	28	5	623	17	86	521	6	0.832428	1.3739e+06	5.85274e-05	
12075	13359	2792	22.7421	25	2092	28	7	620	14	84	525	6	1.4594	1.49973e+06	5.33675e-05	
12100	12550	2711	29.2062	34.3278	2056	30	10	608	23	64	498	4	0.361538	903690	0.000251446	
12099	12550	2704	36.7677	34.0914	2131	32	6	607	15	68	510	6	0.372577	1.11185e+06	0.000113792	
12100	13240	2787	35.6623	25.4204	2112	28	8	647	14	75	512	5	1.30913	1.128e+06	5.90842e-05	
12100	13044	2782	25.3677	25.2212	2157	29	5	622	18	86	529	5	1.012	1.56406e+06	5.4939e-05	
12100	12550	2700	31.5367	30.2376	2125	29	9	604	19	79	510	5	0.365325	1.04531e+06	0.000163559	
11917	12734	2717	30.8555	25.4277	2120	29	9	613	20	81	529	5	0.825899	1.38175e+06	5.84693e-05	
12100	12550	2700	29.4766	34.2125	2133	31	8	613	18	62	509	5	0.36081	923273	0.000234852	
12100	12550	2700	28.6844	26.9511	2096	30	8	624	13	62	507	5	0.358532	892580	0.000287687	
12100	12558	2702	30.9873	35	2084	31	8	617	18	63	514	6	0.374708	1.01653e+06	0.000166445	
12028	12570	2719	36.9988	34.607	2082	29	9	619	26	71	504	6	0.487384	1.19307e+06	8.10045e-05	
12096	12554	2718	32.7188	35	2092	30	8	602	5	71	515	5	0.379658	1.05444e+06	0.000138966	
12100	12550	2707	28.741	34.5255	2078	30	7	607	13	62	512	6	0.359637	853235	0.00029036	
11861	12826	2739	37	33.4463	2148	29	9	636	12	80	521	5	1.02816	911445	6.85965e-05	
12049	12550	2700	36.6012	26.7324	2076	29	8	637	3	62	501	5	0.432905	1.27938e+06	8.87784e-05	
12026	13015	2795	29.1185	25.1923	2046	30	6	620	16	82	524	5	1.08687	1.3292e+06	5.63285e-05	
12100	12945	2786	37	25	2107	29	9	618	14	80	508	5	0.907163	1.25405e+06	5.98767e-05	
12100	12917	2713	30.5169	27.612	2086	30	9	623	18	78	526	5	0.83904	1.31263e+06	6.00348e-05	
12098	13063	2797	25.5717	25	2086	29	4	627	10	80	530	4	1.04715	1.5468e+06	5.45435e-05	
12100	13253	2785	23.8248	25	2148	28	9	618	14	67	528	5	1.28796	1.49255e+06	5.37606e-05	
12100	12570	2740	36.7564	29.9439	2097	31	7	600	18	66	516	6	0.402023	1.19714e+06	0.000101194	
12100	12620	2729	37	35	2079	32	9	635	25	75	522	5	0.464772	1.17922e+06	8.57706e-05	
12100	13500	2700	29.0482	26.1552	2156	28	9	633	19	72	503	5	1.6086	1.13065e+06	5.78603e-05	
12080	12571	2704	36.7677	32.409	2131	32	6	618	8	66	522	6	0.42247	1.18468e+06	9.43663e-05	
12028	12587	2759	37	27.1868	2095	32	9	635	5	82	519	6	0.51661	1.34131e+06	7.32815e-05	
12100	12550	2700	28.9816	25	2128	31	7	614	17	77	506	5	0.359427	953300	0.000258065	
12100	13038	2785	26.5125	25	2106	29	10	621	12	76	530	5	1.01123	1.48244e+06	5.51238e-05	
12039	12550	2706	36.7287	34.1707	2045	29	10	634	25	67	487	5	0.446119	1.17319e+06	8.90234e-05	
12100	12550	2700	35.7787	26.5111	2154	30	7	636	4	75	515	5	0.370242	1.17959e+06	0.00011609	
11994	12550	2744	36.8664	35	2043	29	7	632	19	71	496	5	0.507945	1.19782e+06	7.89017e-05	
12100	13500	2701	37	34.8469	2056	32	10	627	13	65	486	4	1.62049	793264	7.259e-05	
12100	13493	2748	36.9621	34.3389	2097	28	9	644	14	88	529	5	1.63897	832744	6.77415e-05	
12042	12567	2750	36.7287	27.7871	2011	31	10	647	25	88	522	5	0.471607	1.28436e+06	8.13273e-05	
11841	13446	2713	37	35	2023	29	9	630	13	84	506	4	1.86848	788363	7.14235e-05	
12100	12585	2700	27.3274	35	2098	31	6	608	18	75	509	6	0.398122	878085	0.000268168	
12100	12550	2700	33.8421	26.9456	2049	30	6	641	13	70	530	4	0.368573	1.13839e+06	0.000130634	
11933	13439	2703	37	34.2284	2032	31	8	630	14	88	506	6	1.74153	808075	7.04722e-05	
12100	12550	2700	34.8796	26.4855	2157	31	7	628	17	76	527	5	0.369569	1.16076e+06	0.000121921	
12085	12554	2719	28.7862	34.5829	2088	31	7	615	6	62	502	5	0.384919	949501	0.000216497	
11856	13436	2727	36.3086	34.9724	2111	28	10	643	11	74	509	5	1.84594	800346	7.05667e-05	
12100	12550	2700	36.6665	34.7862	2076	29	9	631	10	62	503	6	0.370754	1.09882e+06	0.000115314	
11199	13370	2700	37	34.8469	2056	32	10	620	5	65	492	4	2.5035	751371	7.74473e-05	
12073	13049	2800	26.0832	25.3651	2121	29	5	622	14	85	530	5	1.06367	1.49459e+06	5.45881e-05	
12100	12550	2700	28.9738	34.6034	2098	30	8	610	12	63	501	4	0.359405	878622	0.000269469	
12100	12550	2700	34.7192	35	2057	29	8	646	14	68	484	4	0.369431	1.07378e+06	0.00012747	
11370	13233	2700	36.8926	35	2033	32	10	643	7	68	513	4	2.12466	760647	7.56888e-05	
11209	13391	2701	37	34.8469	2056	32	10	627	9	65	492	4	2.52148	752006	7.73754e-05	
11917	12734	2717	30.8555	26.2016	2111	29	10	613	20	78	529	5	0.825899	1.34052e+06	5.92242e-05	
12079	12565	2747	36.7757	29.5283	2022	30	10	632	17	83	513	5	0.422689	1.21384e+06	9.41531e-05	
11841	13027	2800	27.5063	25	2076	29	8	635	13	77	530	5	1.33077	1.27006e+06	5.57631e-05	
12100	12550	2700	32.4211	35	2062	31	7	636	19	71	502	6	0.366762	1.03651e+06	0.000151584	
12100	12550	2700	29.6693	31.2802	2098	30	6	617	13	67	500	5	0.361313	957116	0.000222074	
11577	13403	2707	37	35	2030	32	10	623	11	70	527	5	2.11889	768516	7.40028e-05	
12100	12555	2710	35.1148	34.8496	2127	29	8	617	21	71	530	6	0.377489	1.0868e+06	0.0001207	
12100	13015	2795	29.1185	25.1923	2046	30	7	620	17	89	524	5	0.993554	1.38987e+06	5.60318e-05	
12028	12570	2704	36.9988	34.607	2082	29	9	619	26	71	504	6	0.484695	1.18944e+06	8.12414e-05	
12100	13093	2761	37	27.03	2061	29	9	633	13	85	505	5	1.0979	1.07722e+06	6.17856e-05	
11913	13094	2700	36.3776	34.8835	2064	29	8	618	10	77	511	4	1.30138	826885	7.07914e-05	
12100	12550	2700	29.7485	30.5437	2160	29	7	625	13	66	518	5	0.361514	969159	0.000217202	
11787	13353	2711	36.3086	35	2076	28	10	641	17	69	499	4	1.80514	790684	7.18752e-05	
11871	12598	2754	34.7632	32.0644	2023	29	9	645	6	88	519	5	0.721698	1.16153e+06	6.64187e-05	
12100	12550	2703	28.7989	34.6034	2098	30	8	616	11	60	511	4	0.359282	858200	0.0002849	
11994	12550	2725	36.8099	35	2043	29	8	632	21	71	496	5	0.504401	1.1914e+06	7.92644e-05	
12100	12755	2700	36.9068	27.6273	2052	32	8	629	20	84	503	5	0.632678	1.3045e+06	6.57117e-05	
11625	13233	2700	37	34.997	2124	32	9	620	7	68	513	4	1.82865	776131	7.35673e-05	
12100	12550	2700	28.8596	25	2079	30	7	616	7	66	508	6	0.359066	931741	0.000268962	
12100	12550	2700	29.7485	27.1168	2158	31	7	618	22	72	509	5	0.361514	995105	0.000214546	
12055	12550	2734	37	35	2071	28	6	618	7	88	505	5	0.431154	1.16514e+06	9.31359e-05	
11337	12550	2702	36.5259	34.5431	2142	30	10	639	16	80	524	5	1.27451	812715	7.3185e-05	
11504	13366	2706	37	35	2000	31	9	617	5	70	514	5	2.15327	766351	7.4638e-05	
12100	13343	2779	25.5834	25	2157	29	5	636	9	86	526	4	1.42204	1.35382e+06	5.3888e-05	
12071	12806	2718	33.4224	26.5656	2105	29	7	621	13	86	521	6	0.735962	1.37704e+06	6.06943e-05	
11401	12581	2701	36.5259	34.6677	2139	30	9	645	16	80	524	5	1.23987	818295	7.28704e-05	
12100	12551	2700	33.2505	35	2128	28	7	600	15	72	516	5	0.369154	1.04929e+06	0.000140056	
12052	12550	2703	37	25.6864	2101	31	8	605	17	70	505	6	0.429921	1.30635e+06	8.82301e-05	
11967	12644	2709	36.7564	29.9439	2049	31	7	617	18	66	517	6	0.654107	1.20965e+06	6.749e-05	
12100	12814	2773	34.089	27.1922	2062	31	8	632	20	72	511	5	0.725887	1.3371e+06	6.22626e-05	
11950	13326	2716	37	34.9654	2091	31	9	643	13	81	507	5	1.57574	803365	7.08968e-05	
12086	12968	2777	28.4691	25	2065	28	9	615	10	76	515	5	0.93932	1.44158e+06	5.62493e-05	
12100	12550	2701	28.7737	27.8155	2050	30	8	600	4	73	502	5	0.358939	896309	0.00027972	
12085	13359	2792	22.7421	25	2092	28	7	620	13	85	525	6	1.44678	1.50658e+06	5.3322e-05	
12100	12550	2701	29.5821	34.5622	2103	30	7	603	19	72	508	6	0.361221	933008	0.00022899	
11428	13141	2700	37	34.997	2124	32	9	643	25	68	513	4	1.93549	768739	7.47664e-05	
12100	12550	2700	37	25.695	2098	32	8	629	15	62	471	5	0.370911	1.23367e+06	0.000109409	
12057	12883	2722	36.388	25.6915	2050	31	8	616	10	68	518	4	0.857416	1.21969e+06	6.20309e-05	
12096	13377	2772	34.3605	25	2160	28	6	638	10	89	530	4	1.49496	1.16049e+06	5.71494e-05	
12100	12550	2786	28.4691	31.6626	2065	28	9	615	14	71	515	4	2.08731	758502	7.66284e-05	
11625	13233	2700	37	34.997	2124	32	9	616	22	68	513	4	1.82865	775768	7.36323e-05	
12100	12561	2714	34.6181	35	2148	31	8	600	16	67	520	4	0.385269	1.08695e+06	0.000119947	
12094	12601	2748	37	28.1324	2099	29	9	624	10	76	515	5	0.450852	1.26778e+06	8.56458e-05	
11744	13488	2700	36.9088	35	2059	32	9	624	3	82	512	5	2.03209	779142	7.25216e-05	
12100	12587	2747	37	26.2401	2100	31	9	640	4	85	530	5	0.425125	1.2767e+06	9.14829e-05	
12100	12584	2700	28.8981	35	2125	30	9	605	12	65	530	6	0.40231	998497	0.00018044	
12100	12558	2709	36.7677	34.0914	2131	32	6	607	15	68	510	6	0.382211	1.12362e+06	0.000109757	
12100	12550	2726	29.3341	35	2117	31	8	605	13	67	530	4	0.363896	914504	0.000242365	
12100	12550	2700	30.149	27.0309	2098	30	6	617	13	72	503	5	0.362487	1.02143e+06	0.000198334	
12086	12550	2734	37	35	2051	28	6	618	7	88	505	5	0.392893	1.12993e+06	0.000105742	
12097	13217	2730	35.6867	35	2005	29	8	628	17	75	529	5	1.25503	854979	6.92089e-05	
12099	12564	2700	29.4766	34.8166	2090	30	7	603	18	78	505	4	0.379776	977346	0.000196117	
12100	12550	2702	29.6305	28.1328	2059	31	6	614	5	71	522	5	0.361481	978593	0.000221141	
12100	13333	2800	27.8407	25	2138	28	7	630	7	86	529	5	1.42957	1.28434e+06	5.42682e-05	
12100	12550	2701	29.7485	26.758	2136	29	7	618	22	70	509	5	0.361648	998310	0.000214225	
12070	13411	2770	23.9165	25	2156	28	6	637	10	77	530	4	1.53749	1.39286e+06	5.34874e-05	
12100	13120	2780	25.412	25	2132	28	5	610	13	67	530	5	1.11487	1.51121e+06	5.428e-05	
12100	12550	2700	35.5588	26.7127	2145	31	7	637	17	74	530	5	0.370092	1.17165e+06	0.000117495	
12100	12550	2700	30.5512	26.7324	2068	28	8	649	3	71	492	5	0.363391	1.04826e+06	0.000184809	
12100	12550	2709	29.2062	34.3278	2056	30	10	608	23	64	498	4	0.361271	903230	0.000251572	
11894	13482	2786	32.0394	30.9967	2078	29	6	623	13	90	518	5	1.89882	952716	6.28417e-05	
12100	12584	2700	28.8981	35	2123	31	9	601	13	63	505	5	0.40231	997111	0.000180799	
12100	12589	2700	27.3274	35	2098	31	7	608	18	72	510	6	0.403204	897806	0.00025227	
12049	13353	2711	36.3086	34.8215	2076	28	10	645	17	69	499	4	1.48855	816227	7.03433e-05	
12020	13327	2781	35.4979	33.7296	2063	30	10	626	15	90	495	4	1.52669	854923	6.75904e-05	
12005	12644	2721	36.7564	29.9439	2049	31	8	617	18	66	517	6	0.610654	1.24701e+06	6.84275e-05	
12100	13317	2786	24.6998	25	2108	29	6	638	10	83	530	4	1.38381	1.39426e+06	5.37606e-05	
12100	12550	2700	31.5367	25.0078	2126	31	9	602	17	65	501	5	0.365325	1.09557e+06	0.000160643	
11876	12656	2705	36.6965	25.3318	2136	31	8	630	3	72	505	5	0.778214	1.26391e+06	6.26331e-05	
12100	12983	2799	29.0193	25	2056	29	8	643	13	77	517	5	0.951154	1.42722e+06	5.61545e-05	
11847	12703	2701	33.0938	25	2080	29	9	621	2	77	512	4	0.868906	1.27517e+06	5.98516e-05	
12100	13120	2775	23.8248	25	2154	28	6	623	12	76	524	5	1.10139	1.60511e+06	5.43242e-05	
12100	12550	2700	36.7677	34.0914	2110	31	7	611	15	68	510	6	0.370804	1.1072e+06	0.000114482	
11768	13491	2713	37	35	2010	32	10	607	13	84	506	4	2.01739	775059	7.28279e-05	
12100	13170	2704	28.0024	33.4309	2086	30	8	612	11	81	500	6	1.16279	1.03559e+06	6.52188e-05	
11843	12550	2700	33.6645	28.457	2066	31	8	635	20	73	518	5	0.679058	1.27424e+06	6.5028e-05	
12049	12567	2700	36.7287	35	2018	32	8	647	14	88	512	5	0.454518	1.16946e+06	8.75274e-05	
12100	12550	2700	31.1429	26.6165	2065	31	7	612	17	75	514	5	0.364597	1.06998e+06	0.000169607	
12100	12550	2700	31.8498	25.3362	2062	31	7	636	13	71	513	6	0.365864	1.11129e+06	0.000154895	
12100	12550	2705	28.741	34.5255	2000	30	7	632	13	62	504	6	0.359371	856479	0.000290444	
11667	13500	2794	33.8736	27.8095	2091	30	9	632	18	85	530	5	2.21159	977878	6.18429e-05	
12090	13080	2782	29.7018	25	2138	29	5	622	9	77	530	5	1.09134	1.35256e+06	5.55309e-05	
12100	12550	2700	29.0729	34.5647	2120	32	8	608	17	65	482	5	0.359692	887333	0.000262261	
12100	12550	2700	34.4313	35	2084	31	8	601	11	64	506	6	0.369169	1.06581e+06	0.00012987	
12094	12989	2795	28.132	25.1219	2048	28	8	628	12	76	530	5	0.962612	1.45512e+06	5.55864e-05	
12100	12550	2700	34.1387	32.5104	2055	31	7	647	5	70	523	4	0.368884	1.08246e+06	0.000130856	
12100	12550	2700	29.3248	29.2311	2101	30	6	629	17	73	500	5	0.3604	951368	0.00023855	
12100	12561	2700	31.5367	34.8361	2125	31	8	604	17	63	501	5	0.379265	1.03336e+06	0.000152486	
11993	12706	2714	36.6674	25.3318	2077	29	8	626	7	73	505	5	0.703388	1.34731e+06	6.22975e-05	
11989	12705	2715	36.7564	29.9439	2097	31	6	600	18	66	517	6	0.707272	1.18393e+06	6.65247e-05	
12100	12550	2703	28.7989	34.6034	2098	30	8	616	11	60	511	4	0.359282	858200	0.0002849	
12093	12550	2703	37	25.6864	2101	31	8	605	18	62	505	6	0.379883	1.23992e+06	0.00010543	
11893	12609	2701	33.1192	29.3544	2158	31	8	628	25	79	502	5	0.693654	1.26493e+06	6.49688e-05	
11801	13224	2768	37	33.51	2136	32	10	621	12	81	530	4	1.64897	828937	6.90512e-05	
12100	12550	2701	30.2512	30.5589	2115	31	6	623	20	63	519	6	0.362858	996867	0.000197394	
12098	12867	2790	32.1734	25.0617	2041	30	7	621	17	80	512	5	0.801316	1.43373e+06	5.85789e-05	
12100	13411	2770	22.5855	25	2145	28	6	637	11	84	528	4	1.48692	1.49712e+06	5.30504e-05	
12086	12550	2734	35.9902	35	2051	28	6	618	7	87	505	5	0.392352	1.11852e+06	0.000110059	
12085	12550	2738	37	29.0723	2141	32	7	623	8	82	512	6	0.394706	1.20069e+06	0.000102291	
12100	13120	2783	23.9082	25	2132	28	5	629	16	67	530	4	1.10528	1.6036e+06	5.42741e-05	
11995	12843	2738	37	25.7472	2060	31	10	640	7	82	523	5	0.886449	1.18336e+06	6.16941e-05	
11960	13094	2726	30.0647	25	2028	29	9	621	14	81	509	5	1.24832	1.192e+06	5.79206e-05	
11675	13320	2800	30.0045	25	2138	28	7	630	7	88	529	5	1.94719	1.15779e+06	5.67086e-05	
11698	13228	2714	37	34.0003	2000	32	9	643	10	72	485	4	1.74501	788509	7.33945e-05	
12100	12550	2700	30.1581	32.8426	2078	31	6	637	13	73	522	5	0.362509	986566	0.000201857	
12100	12550	2705	28.741	35	2000	30	7	607	20	62	503	6	0.359371	850693	0.000291545	
12100	12550	2700	31.5582	32.3397	2144	30	9	618	18	67	506	4	0.365363	1.0302e+06	0.000164501	
11961	12719	2734	34.0405	25.9414	2077	31	10	640	0	79	520	5	0.762656	1.31642e+06	6.09533e-05	
12059	12867	2782	31.6411	25	2098	30	7	642	19	73	512	5	0.847127	1.41259e+06	5.80013e-05	
12100	12550	2700	28.7737	26.6017	2078	28	8	630	13	71	515	5	0.358807	917011	0.000277239	
12100	13264	2790	22.3576	25	2097	28	7	639	17	81	524	5	1.29046	1.61563e+06	5.33988e-05	
11537	13425	2700	37	35	2036	31	9	630	5	67	509	5	2.18988	766339	7.45601e-05	
11982	13021	2755	30.7978	33.2658	2100	30	10	633	12	81	505	6	1.13795	984130	6.55351e-05	
12100	12550	2700	30.754	32.1589	2132	30	9	623	18	90	523	4	0.36382	1.01235e+06	0.000182382	
11995	12610	2738	37	25.7472	2060	31	10	640	4	83	523	5	0.582927	1.38064e+06	6.6072e-05	
12100	13248	2700	35.5131	34.997	2124	32	9	620	7	68	522	4	1.27886	839734	7.0141e-05	
12056	12674	2740	37	29.6647	2091	30	9	645	18	67	502	5	0.591059	1.27525e+06	6.87144e-05	
12049	12567	2700	36.7287	25	2018	31	9	647	14	88	512	5	0.454518	1.3328e+06	8.26856e-05	
11879	13494	2794	31.2358	26.8868	2081	29	7	636	12	89	505	5	1.93836	1.06211e+06	5.90388e-05	
12100	12882	2733	37	26.8391	2154	30	7	616	10	86	489	6	0.806784	1.2443e+06	6.22471e-05	
12100	12550	2700	29.0669	30.685	2123	31	6	614	13	70	517	4	0.359675	914380	0.000257467	
12100	12906	2761	29.1428	25	2085	29	9	625	16	75	525	4	0.835723	1.46846e+06	5.75606e-05	
12018	13491	2772	23.3806	25	2160	28	6	636	12	88	530	4	1.71028	1.38059e+06	5.32992e-05	
12100	12550	2700	30.0703	34.4888	2041	30	8	618	14	68	484	4	0.362302	962995	0.000207211	
12100	12893	2777	32.9592	26.095	2137	28	5	625	16	86	520	6	0.830996	1.39549e+06	5.81598e-05	
12001	13424	2775	30.6143	26.3189	2092	29	7	618	16	80	529	5	1.67497	1.11441e+06	5.76402e-05	
12100	12550	2700	29.7248	34.9553	2105	31	8	607	15	62	502	6	0.361454	936520	0.000222866	
11917	12734	2781	30.4053	26.9105	2111	29	7	613	19	78	529	5	0.844367	1.36648e+06	5.88824e-05	
12100	12550	2700	32.308	27.8275	2125	29	6	641	14	69	530	5	0.366592	1.09404e+06	0.000148965	
12073	12554	2711	33.7154	35	2078	29	8	606	12	74	514	5	0.408111	1.10248e+06	0.000113559	
12085	13359	2792	22.7421	25	2092	28	7	622	17	87	528	6	1.44678	1.50876e+06	5.32141e-05	
11541	13387	2714	37	35	2021	31	10	646	13	75	516	5	2.14486	772042	7.37898e-05	
12100	12550	2700	30.1581	32.8426	2078	31	6	637	6	73	522	5	0.362509	986275	0.000201898	
12100	12550	2700	33.5534	33.7273	2080	30	8	617	14	67	500	5	0.36825	1.06214e+06	0.000137193	
12100	12550	2701	33.3817	33.083	2045	31	7	627	15	67	503	4	0.368184	1.06689e+06	0.0001386	
12092	13500	2764	22.8512	25	2158	28	6	637	11	89	530	4	1.62037	1.43508e+06	5.30138e-05	
12100	12550	2700	29.6768	32.9323	2145	30	9	618	12	67	530	4	0.361332	948467	0.000222568	
12100	13054	2795	28.132	25	2048	29	8	628	14	76	529	5	1.04347	1.40386e+06	5.5417e-05	
12100	12550	2700	29.3599	26.0643	2071	30	6	642	1	71	517	5	0.360495	981299	0.000233481	
12100	12550	2700	30.8447	26.7324	2063	29	8	645	3	72	501	5	0.364007	1.05964e+06	0.000176678	
12100	12550	2701	30.1591	34.9258	2065	28	8	600	1	70	503	5	0.362645	964062	0.000203957	
12087	12550	2736	37	35	2107	28	10	624	20	73	527	5	0.391944	1.12266e+06	0.000106123	
12100	12550	2700	35.2631	25.3362	2062	31	7	636	13	71	513	6	0.369876	1.19522e+06	0.000118793	
11277	12737	2700	37	35	2104	30	10	639	8	65	501	5	1.58095	769687	7.59763e-05	
12085	12550	2738	37	26.3435	2160	32	7	623	8	83	525	5	0.394706	1.24561e+06	0.000100969	
12100	12608	2702	37	25.4194	2067	30	4	632	35	75	529	4	0.444883	1.36542e+06	8.48464e-05	
12100	12601	2729	37	28.4964	2067	29	7	635	16	83	505	5	0.440327	1.25634e+06	8.80359e-05	
12092	12554	2713	33.7154	35	2092	29	8	607	13	74	515	5	0.385119	1.07433e+06	0.000125992	
12100	12550	2700	31.8054	32.3196	2043	29	8	613	22	72	501	5	0.365789	1.03854e+06	0.000159949	
12100	13475	2800	21.8243	25	2101	28	6	626	13	84	529	5	1.58342	1.54129e+06	5.27732e-05	
12021	13475	2798	22.0194	25	2112	28	6	633	13	84	530	5	1.68465	1.48407e+06	5.29661e-05	
12100	12550	2703	36.9068	27.6273	2052	32	8	629	19	84	503	5	0.371281	1.18247e+06	0.000110681	
12100	12559	2700	31.6683	34.9498	2110	31	8	611	18	63	499	6	0.376961	1.03327e+06	0.000152788	
12100	12550	2700	28.8596	25	2079	30	7	616	7	66	525	6	0.359066	933219	0.000268673	
12100	12550	2700	32.2643	34.7016	2130	30	8	613	11	62	501	6	0.366526	1.03098e+06	0.000153941	
12100	12587	2747	37	25.7052	2100	31	10	640	4	85	526	5	0.425125	1.28414e+06	9.12326e-05	
12071	13416	2772	30.4053	27.0918	2127	29	7	610	21	78	529	5	1.57423	1.11273e+06	5.79475e-05	
11961	12713	2737	33.96	25.9414	2067	31	10	640	0	80	518	5	0.755601	1.32297e+06	6.10352e-05	
12096	12553	2706	28.741	35	2086	30	8	603	14	62	504	6	0.36821	888364	0.000259336	
12100	13267	2782	25.3677	25.2212	2132	29	5	622	9	86	529	4	1.31711	1.39212e+06	5.4057e-05	
11994	12550	2725	36.8099	35	2043	29	7	632	21	77	496	5	0.504401	1.1952e+06	7.91327e-05	
12062	12989	2792	27.5063	25	2076	29	8	635	13	77	530	5	0.999565	1.45325e+06	5.53434e-05	
12100	12550	2700	28.7259	30.685	2128	31	6	614	17	70	506	5	0.35866	877503	0.000286944	
12068	12586	2700	37	30.5059	2097	30	7	600	18	69	505	5	0.455628	1.23692e+06	8.4488e-05	
12100	13363	2787	35.6623	25	2112	28	8	646	14	75	520	5	1.4796	1.12498e+06	5.85309e-05	
12016	13217	2750	35.7025	30.3354	2005	28	8	627	11	72	515	5	1.36467	937711	6.48088e-05	
11986	12567	2700	36.7287	25	2018	31	9	647	14	86	512	5	0.53097	1.39273e+06	7.01557e-05	
12100	13264	2791	22.3576	25	2099	28	7	639	15	81	526	5	1.29093	1.62107e+06	5.33134e-05	
11879	13494	2794	30.2582	26.8868	2081	29	7	636	9	89	505	5	1.93625	1.07668e+06	5.8627e-05	
12100	12753	2725	37	25.3528	2054	30	7	633	22	82	530	4	0.63598	1.41557e+06	6.30279e-05	
12100	12948	2740	29.1428	25	2085	32	9	625	16	75	525	4	0.884981	1.41427e+06	5.77501e-05	
12100	12550	2700	28.741	31.5089	2000	30	6	603	12	62	504	6	0.358707	866300	0.000288101	
12100	12550	2700	34.3098	26.0643	2078	30	6	642	6	72	525	5	0.369053	1.16343e+06	0.000126103	
12100	12550	2700	29.159	28.5708	2079	30	8	616	21	74	503	5	0.359938	937490	0.00024888	
12028	12559	2717	36.703	35	2082	29	10	619	26	71	504	6	0.472848	1.17968e+06	8.40336e-05	
12100	12550	2700	36.8592	34.8104	2062	30	6	650	23	69	530	5	0.370847	1.10701e+06	0.000114338	
12100	13290	2791	22.3576	25	2102	28	7	620	13	76	526	5	1.32695	1.6041e+06	5.33276e-05	
12100	12550	2701	31.9459	27.1989	2091	31	9	638	13	71	507	5	0.366158	1.08725e+06	0.000154345	
11952	12550	2700	36.7447	33.9506	2097	30	8	600	18	69	504	6	0.550521	1.18456e+06	7.44158e-05	
12006	12610	2733	36.7299	25.7472	2060	31	10	640	4	83	523	5	0.568243	1.38439e+06	6.71366e-05	
12100	12550	2700	30.173	25.0355	2080	28	9	634	16	72	530	5	0.362543	1.04372e+06	0.00019558	
11986	12567	2739	37	25	2018	31	9	650	14	86	512	5	0.538767	1.40544e+06	6.94059e-05	
12077	12551	2702	36.7866	35	2128	28	7	600	15	72	515	5	0.400452	1.13119e+06	0.00010248	
12094	12989	2800	28.132	25	2032	28	8	628	17	76	529	5	0.964334	1.45784e+06	5.55556e-05	
12020	13327	2784	37	33.7296	2063	30	10	626	15	90	495	4	1.52923	840060	6.83247e-05	
12100	13233	2700	37	31.4257	2124	32	9	614	13	65	513	5	1.25966	896023	6.77966e-05	
12100	12550	2700	29.3476	25	2125	31	9	604	19	79	502	5	0.360462	981056	0.000233645	
12100	12550	2700	30.4177	25.186	2068	28	8	634	3	72	506	5	0.363099	1.05369e+06	0.000187723	
12100	12550	2701	32.694	25.9498	2113	31	6	636	3	83	502	5	0.36729	1.12891e+06	0.000142613	
12054	13122	2793	24.0082	25.0006	2104	28	9	634	5	79	530	5	1.17085	1.54014e+06	5.38155e-05	
12100	12644	2715	36.5737	34.8257	2078	32	9	605	12	63	493	4	0.492953	1.18942e+06	8.16727e-05	
12085	13218	2792	24.3944	25	2065	28	7	622	17	82	519	6	1.26639	1.46117e+06	5.41184e-05	
12100	13073	2786	28.4691	25.4399	2106	29	9	618	14	78	519	5	1.06712	1.35175e+06	5.59566e-05	
11912	12771	2788	36.3308	33.1777	2073	30	10	629	20	90	510	4	0.909634	983888	6.75037e-05	
11768	13491	2700	37	34.9264	2010	31	10	607	11	84	506	4	2.00772	776154	7.2648e-05	
12074	12550	2732	27.9389	34.5647	2118	32	9	601	20	65	496	5	0.392377	903868	0.000248201	
12063	12806	2733	33.4224	26.4389	2105	29	8	627	13	86	521	6	0.749891	1.36934e+06	6.02664e-05	
12100	12637	2704	37	30.5038	2065	29	9	632	4	70	498	5	0.482216	1.24674e+06	7.98148e-05	
12100	13425	2793	26.0611	25	2138	28	7	627	7	86	530	5	1.54648	1.31178e+06	5.37519e-05	
11961	12719	2775	34.0405	25.9414	2067	30	10	640	0	79	523	5	0.774093	1.3312e+06	6.02083e-05	
11456	12550	2707	37	35	2004	32	10	615	11	72	479	5	1.13979	796790	7.62544e-05	
12100	12550	2700	31.2389	26.1346	2094	28	10	638	19	72	501	5	0.36478	1.07923e+06	0.000167029	
11921	13497	2800	32.8003	32.8754	2138	29	8	641	10	90	513	5	1.89704	899426	6.45953e-05	
12100	12550	2700	28.9738	34.6034	2098	30	8	610	12	60	501	4	0.359405	876390	0.000269833	
12085	12554	2719	28.7862	34.5829	2057	31	7	615	7	62	502	5	0.384919	948469	0.000216591	
12064	12578	2701	33.1986	34.601	2130	30	8	612	15	73	494	4	0.447419	1.13993e+06	0.00010021	
11758	13398	2700	37	35	2104	30	8	636	8	65	504	5	1.89339	782268	7.28597e-05	
12100	12550	2700	31.7072	29.0958	2077	30	8	628	20	71	505	5	0.365623	1.0632e+06	0.000159693	
12100	12550	2701	31.1429	26.6165	2065	31	7	612	17	75	514	5	0.364732	1.07027e+06	0.000169578	
12100	12550	2700	28.8835	29.3968	2114	30	7	605	19	66	523	5	0.359138	899929	0.000271297	
12054	13122	2793	24.0082	25.0006	2095	28	9	640	5	79	529	5	1.17085	1.53731e+06	5.38764e-05	
12012	12645	2728	36.9539	25.8504	2082	31	10	639	6	90	516	5	0.605032	1.37442e+06	6.48761e-05	
12088	12569	2706	37	34.3173	2101	30	9	600	6	64	505	6	0.410563	1.14935e+06	9.84155e-05	
12100	12550	2700	34.0666	32.5104	2052	31	7	632	3	71	523	4	0.36881	1.07918e+06	0.000131527	
12051	13270	2711	32.0873	33.4016	2062	30	10	642	20	64	530	5	1.3698	899898	6.68494e-05	
12082	12714	2773	36.5039	25	2019	28	8	638	18	67	507	5	0.618026	1.44119e+06	6.40574e-05	
12055	12556	2720	26.756	34.8444	2112	30	8	619	6	75	514	5	0.416835	892598	0.000258598	
12100	12550	2700	29.4766	28.3008	2098	30	7	626	18	62	530	6	0.36081	965427	0.000229463	