11989	13442	2782	21.0217	25.0309	2014	29	4	622	12	76	524	4	1.65374	1.56537e+06	5.40015e-05	
12097	12550	2743	30.0464	34.0914	2135	32	8	606	19	63	478	6	0.371738	980122	0.00019996	
11374	13274	2721	36.5617	34.4242	2076	32	9	643	9	69	512	5	2.19167	779460	7.4162e-05	
11245	13169	2713	34.7616	35	2002	31	10	628	12	60	469	4	2.19121	770801	7.70119e-05	
11989	13500	2785	21.0217	25.0309	2060	29	4	621	12	76	524	5	1.73687	1.55279e+06	5.3749e-05	
12083	12554	2743	30.691	34.0914	2040	28	8	611	18	67	516	6	0.395717	1.04762e+06	0.000153351	
12043	12550	2750	27.9242	32.579	2101	32	8	610	14	72	464	5	0.433355	1.03736e+06	0.000172384	
12060	12550	2758	28.5709	34.0428	2130	32	8	632	14	87	498	6	0.415712	1.02331e+06	0.000177873	
12097	12550	2752	33.7273	33.5728	2050	32	8	606	19	65	490	6	0.379279	1.08498e+06	0.000131614	
12097	12554	2743	32.7236	34.0914	2040	32	8	611	18	68	516	6	0.381916	1.06735e+06	0.000138812	
12097	12554	2743	30.1661	34.0914	2135	32	7	606	20	65	487	6	0.377173	998973	0.000187371	
12054	12578	2704	30.8165	29.2522	2000	31	6	647	8	72	513	5	0.456232	1.18502e+06	0.000107481	
12097	12554	2743	30.0062	34.0914	2135	32	8	606	18	65	516	6	0.376789	991751	0.00019216	
11304	13190	2721	36.5617	34.4242	2076	32	9	630	9	64	492	5	2.15938	771789	7.56029e-05	
12054	12578	2704	32.0815	27.1989	2042	31	8	647	17	71	500	5	0.458527	1.23665e+06	9.79144e-05	
12097	12921	2765	27.0301	25.6182	2037	28	5	645	1	82	488	4	0.853129	1.51422e+06	5.89866e-05	
12097	12554	2754	34.3521	34.6113	2128	32	8	606	18	65	516	6	0.385384	1.09073e+06	0.000123579	
12054	12578	2741	35.1798	25	2160	31	6	650	4	71	497	5	0.468426	1.3632e+06	8.38785e-05	
11989	13481	2782	21.8243	25.0309	2014	29	4	621	9	76	524	5	1.72076	1.47498e+06	5.41947e-05	
11627	13359	2798	33.6434	28.5068	2079	29	7	604	2	79	512	4	2.06518	967913	6.29485e-05	
12054	12578	2714	34.3409	35	2000	31	6	647	8	72	497	5	0.46308	1.17096e+06	9.20217e-05	
11867	12739	2798	32.3542	26.7544	2137	32	10	629	24	67	491	4	0.381916	1.06735e+06	0.000138812	
11977	12711	2795	32.4344	25.0394	2136	32	6	650	15	86	489	4	0.746952	1.43769e+06	6.01685e-05	
12043	12550	2751	27.9242	34.3294	2101	32	7	608	14	76	464	5	0.433513	1.02683e+06	0.00017343	
12054	12580	2704	32.0815	27.4734	2063	31	8	647	16	71	497	5	0.46107	1.23685e+06	9.71817e-05	
11320	13083	2755	35.8924	34.7777	2000	31	8	620	12	76	504	6	2.02255	788301	7.40083e-05	
12033	12577	2705	29.4792	31.935	2147	31	6	624	9	79	459	5	0.477576	1.1563e+06	0.000110059	
12054	12578	2704	34.3409	29.2316	2000	31	6	647	8	72	497	5	0.461373	1.24715e+06	8.91981e-05	
11912	12904	2733	24.0112	26.2525	2067	29	10	649	1	81	522	6	1.02981	1.50339e+06	5.72705e-05	
12100	12577	2701	33.9914	31.0905	2147	31	9	624	9	82	459	5	0.403121	1.13789e+06	0.000112423	
12097	12550	2754	34.7816	27.2288	2050	32	8	641	18	65	511	6	0.380614	1.17556e+06	0.00011966	
12097	12554	2754	35.3553	34.0914	2135	32	7	606	18	65	516	6	0.386252	1.11141e+06	0.000116604	
11320	13083	2763	35.8924	34.7777	2116	30	7	643	11	71	513	6	2.02842	799353	7.29395e-05	
12097	12624	2754	35.9522	33.9695	2050	32	8	606	12	65	511	6	0.477397	1.20422e+06	8.53534e-05	
12097	12550	2754	35.9486	33.9695	2068	32	8	606	18	68	505	6	0.381497	1.11461e+06	0.000115714	
12054	12713	2700	32.7603	27.4101	2051	30	5	639	3	81	497	5	0.631169	1.39051e+06	6.61244e-05	
11989	13402	2790	21.8243	25	2014	29	8	621	12	76	529	5	1.61495	1.48961e+06	5.41126e-05	
11851	13496	2797	32.9921	28.5123	2006	29	7	635	5	90	515	5	1.9809	988729	6.13723e-05	
11989	13482	2785	24.9267	25	2076	29	4	624	15	76	524	5	1.75432	1.30858e+06	5.46448e-05	
12097	12550	2754	36.2919	32.2531	2122	32	8	606	18	65	511	6	0.381705	1.13401e+06	0.00011302	
11989	13402	2753	21.8243	25	2014	29	8	621	12	76	529	5	1.59353	1.47891e+06	5.44929e-05	
12100	12653	2704	32.6464	25.8758	2160	31	6	647	3	71	497	5	0.498838	1.33654e+06	8.40972e-05	
12033	12577	2700	29.4792	30.6229	2147	31	6	624	9	82	459	5	0.476694	1.16825e+06	0.000109385	
12054	12578	2704	33.899	27.1989	2042	31	8	647	18	71	501	5	0.460924	1.26977e+06	8.967e-05	
12051	12598	2768	37	29.1438	2046	30	10	648	19	83	496	4	0.503963	1.28583e+06	7.63359e-05	
12043	12550	2750	27.9242	34.0428	2101	32	8	610	14	72	479	5	0.433355	1.02688e+06	0.00017319	
11697	13434	2773	31.9786	27.8142	2116	28	7	625	17	86	527	6	2.06388	1.02426e+06	6.04522e-05	
12100	12765	2716	37	25.9038	2115	30	5	630	28	70	482	4	0.649426	1.38725e+06	6.41519e-05	
12100	12669	2757	31.5651	29.671	2017	30	8	646	21	78	514	6	0.527747	1.26928e+06	8.46525e-05	
11858	12581	2746	33.03	25.1004	2052	30	10	613	20	89	530	5	0.711577	1.40055e+06	6.07312e-05	
12097	12554	2738	34.7816	34.0914	2135	32	8	618	18	65	516	6	0.383542	1.09791e+06	0.000120598	
11028	12712	2730	36.383	35	2108	31	7	635	18	85	485	5	1.84927	778354	7.64701e-05	
12100	12810	2722	33.6822	25.3397	2001	30	7	641	3	71	511	5	0.706882	1.41432e+06	6.15574e-05	
11954	12550	2776	34.9657	32.8274	2115	30	9	602	10	63	463	6	0.562351	1.23443e+06	7.4599e-05	
11879	13496	2797	31.3673	28.6623	2006	29	7	636	5	90	511	5	1.94351	1.00787e+06	6.07497e-05	
11840	13448	2777	36.1124	32.924	2156	30	5	626	17	77	508	5	1.91611	860572	6.76361e-05	
12097	12550	2754	34.8449	33.499	2061	30	8	606	22	65	490	6	0.380669	1.1028e+06	0.000122414	
11961	12835	2740	29.2836	25.6182	2037	28	5	645	1	85	491	4	0.907526	1.38416e+06	5.81734e-05	
11970	12669	2784	31.5651	29.671	2028	30	9	646	35	75	494	5	0.695818	1.31242e+06	6.56297e-05	
11928	13104	2777	27.0019	25.0927	2038	29	4	628	10	81	518	4	1.31477	1.3032e+06	5.58628e-05	
12036	12641	2770	35.1798	31.4609	2138	31	5	640	3	79	497	5	0.578107	1.28946e+06	7.10379e-05	
11849	12550	2733	37	30.767	2046	29	7	618	5	90	502	6	0.682658	1.17102e+06	6.71501e-05	
12056	12748	2713	35.0781	25.4408	2013	31	7	619	34	72	485	4	0.679451	1.37512e+06	6.35122e-05	
11989	13402	2790	21.8243	25	2014	29	8	621	12	76	518	5	1.61495	1.48487e+06	5.44366e-05	
11134	12651	2765	34.9908	33.9733	2009	31	9	624	3	65	466	6	1.67059	799851	7.55458e-05	
11909	12673	2795	32.8194	25.1386	2092	29	4	606	8	82	469	4	0.782016	1.41964e+06	6.00781e-05	
11952	12599	2733	32.98	31.4437	2113	30	7	613	18	87	522	5	0.616912	1.28136e+06	6.91706e-05	
12079	12705	2716	33.8312	25.7849	2115	30	7	630	35	67	473	4	0.595267	1.42386e+06	6.76544e-05	
11938	13202	2796	36.7609	30.3472	2092	30	9	603	8	82	482	5	1.46511	914629	6.58675e-05	
11893	12669	2709	31.5651	27.2607	2017	30	4	645	15	75	496	6	0.770154	1.33093e+06	6.22859e-05	
11836	13293	2776	36.6186	33.5697	2148	31	6	636	24	83	524	4	1.70555	846739	6.81524e-05	
11858	12581	2746	32.98	25.1004	2052	30	6	613	20	87	530	5	0.711511	1.43296e+06	6.06428e-05	
11816	13364	2776	36.6186	32.8154	2150	31	6	636	24	79	510	5	1.82831	852979	6.80272e-05	
12054	12641	2708	35.1798	27.6406	2069	30	7	640	3	80	497	5	0.543209	1.34167e+06	7.18701e-05	
12005	12691	2752	34.1479	32.1391	2029	29	9	629	3	76	515	6	0.676922	1.21199e+06	6.7254e-05	
11722	12822	2733	24.0112	26.0068	2046	29	6	650	1	81	520	6	1.15153	1.4285e+06	5.69249e-05	
11875	12550	2776	37	28.6127	2115	30	9	604	10	67	463	6	0.661379	1.23004e+06	6.71456e-05	
11134	12651	2739	34.9908	33.9733	2000	31	9	624	3	65	466	6	1.65488	795127	7.59878e-05	
11944	13213	2773	31.4085	27.8876	2052	31	5	607	1	89	528	4	1.45483	1.07091e+06	6.01395e-05	
11875	12550	2776	37	30.0608	2115	30	9	600	10	63	463	6	0.661379	1.18444e+06	6.86577e-05	
12078	12821	2759	36.3946	26.8578	2031	29	10	620	10	65	482	5	0.760738	1.2389e+06	6.35243e-05	
11709	13104	2738	37	34.8873	2097	32	4	625	3	76	509	5	1.58015	812846	7.19942e-05	
11929	12655	2743	33.5084	27.1606	2005	30	10	613	20	80	452	5	0.720521	1.27822e+06	6.44621e-05	
11379	13083	2758	35.8096	34.7777	2100	31	8	624	11	74	493	6	1.95562	794176	7.33676e-05	
11606	13038	2787	36.1326	34.8873	2117	31	4	623	1	75	509	5	1.64324	825151	7.11491e-05	
11918	13496	2797	32.9349	26.9996	2006	29	7	631	13	79	521	5	1.89752	1.03779e+06	5.99628e-05	
11594	13220	2759	36.2231	34.2686	2001	31	9	650	22	86	501	4	1.8876	804001	7.15922e-05	
11722	12844	2722	24.0112	26.0068	2046	29	7	650	2	81	522	6	1.17563	1.4045e+06	5.7019e-05	
11840	13448	2775	36.1124	33.4984	2149	30	9	626	22	77	508	5	1.91473	835254	6.84416e-05	
11975	13029	2723	36.3598	31.7318	2097	31	7	616	27	79	494	4	1.15062	921008	6.75265e-05	
11911	12646	2728	33.2822	27.1606	2005	30	9	613	20	71	452	5	0.726586	1.27069e+06	6.48971e-05	
12100	12669	2757	31.5651	30.6278	2017	30	8	641	21	78	517	6	0.527747	1.25333e+06	8.51426e-05	
11985	13402	2790	21.8243	25	2014	29	8	621	12	75	529	5	1.61995	1.48756e+06	5.41506e-05	
11948	12581	2713	32.98	31.4437	2081	29	7	613	15	84	517	5	0.594263	1.274e+06	7.08366e-05	
12051	12578	2700	35.1798	26.2808	2001	31	7	647	3	68	497	5	0.465071	1.31952e+06	8.44595e-05	
11728	13284	2746	29.2475	25.9739	2046	29	6	611	7	81	522	6	1.79479	1.1215e+06	5.85274e-05	
11871	12871	2729	30.6944	25.1034	2008	28	8	626	0	81	513	5	1.06399	1.24193e+06	5.82377e-05	
11776	12781	2753	36.0224	33.7489	2097	31	9	628	0	68	483	5	1.07703	881824	7.09874e-05	
11928	13104	2772	26.4964	25.0927	2031	30	4	628	10	81	521	4	1.31006	1.3137e+06	5.59624e-05	
11964	13424	2766	29.373	28.7031	2154	30	4	620	18	62	524	5	1.71234	1.07359e+06	6.00998e-05	
11089	12651	2739	34.9908	33.9733	2000	31	9	616	3	65	466	6	1.7061	792239	7.62544e-05	
12054	12641	2760	35.1798	28.3106	2120	31	5	644	3	72	497	5	0.55364	1.35891e+06	7.15512e-05	
12086	13281	2703	32.2974	30.9534	2120	30	9	603	34	63	494	5	1.33814	959549	6.52486e-05	
11672	13089	2757	30.4984	28.9846	2062	28	9	630	17	82	504	6	1.60767	1.00499e+06	6.21041e-05	
12006	12739	2798	32.3542	26.7544	2137	31	10	629	20	65	491	5	0.748509	1.35346e+06	6.18774e-05	
12054	12578	2704	35.1798	26.2808	2001	31	6	647	3	71	497	5	0.462103	1.32404e+06	8.52442e-05	
11844	13438	2716	23.9156	25.991	2078	29	9	608	2	77	512	5	1.81881	1.25414e+06	5.68958e-05	
11866	13147	2714	34.3768	32.1181	2034	28	5	627	4	86	523	5	1.43391	909396	6.60982e-05	
12020	12655	2743	33.5084	27.1606	2005	30	10	613	20	80	517	5	0.608733	1.36475e+06	6.71592e-05	
11924	13079	2726	35.4751	32.7009	2089	32	6	617	22	84	480	4	1.27997	886619	6.86012e-05	
12046	13442	2751	36.8814	29.5584	2068	29	5	642	25	74	528	5	1.63716	949916	6.39304e-05	
11702	13364	2776	36.6186	31.5634	2150	31	6	636	24	83	510	5	1.96749	871860	6.72721e-05	
11924	13131	2725	35.4751	32.7009	2060	32	6	624	22	84	480	4	1.34892	876443	6.87663e-05	
11867	12739	2798	32.3542	26.0403	2137	32	10	629	20	65	491	4	0.922133	1.22838e+06	6.09682e-05	
11851	13496	2797	32.9921	26.9996	2007	29	7	642	5	90	515	5	1.9809	1.03264e+06	6.00528e-05	
12055	12664	2726	34.4118	34.1427	2075	31	4	623	20	89	520	4	0.57458	1.23484e+06	7.34646e-05	
11626	12786	2707	35.5728	34.4553	2119	32	4	626	23	87	503	5	1.2429	851756	7.11946e-05	
11820	12738	2727	35.4453	33.1733	2084	28	8	631	2	85	473	5	0.95759	946592	6.89655e-05	
11978	13323	2758	27.5309	27.8929	2105	29	4	629	20	81	514	5	1.5447	1.14762e+06	5.82785e-05	
12051	12578	2704	35.1798	26.2808	2001	31	6	647	3	71	497	5	0.46576	1.32739e+06	8.43739e-05	
11932	13222	2789	34.826	31.9242	2157	30	6	604	34	87	450	6	1.49514	906605	6.69568e-05	
11783	13083	2763	35.8924	35	2022	30	8	624	21	70	504	6	1.47575	818628	7.1495e-05	
12100	12689	2746	34.6706	32.3186	2088	31	6	617	22	71	492	5	0.555754	1.26057e+06	7.45879e-05	
11776	12940	2759	35.8239	33.955	2097	31	9	628	2	68	485	5	1.29016	846459	7.09421e-05	
12097	12550	2754	35.8191	33.9695	2103	31	8	616	13	65	513	6	0.381412	1.11203e+06	0.000116387	
12082	13208	2770	28.0719	25.6411	2071	32	7	631	21	88	507	6	1.26587	1.24511e+06	5.72148e-05	
11938	13239	2794	34.9211	30.3472	2145	30	8	626	3	82	481	5	1.51392	938569	6.44579e-05	
11773	13351	2755	29.8557	31.3057	2145	31	8	645	15	74	527	5	1.83972	956289	6.35203e-05	
11826	13067	2700	34.4508	27.2675	2109	29	9	650	9	88	506	5	1.3686	1.01205e+06	6.21852e-05	
11672	13089	2746	30.4211	27.5331	2067	28	9	620	17	82	497	6	1.60108	1.04091e+06	6.10762e-05	
11916	13411	2760	35.8018	30.1292	2027	28	10	643	35	74	522	5	1.75973	906194	6.47291e-05	
11606	13210	2793	37	34.8873	2097	32	4	623	1	76	509	5	1.88294	809015	7.18391e-05	
11891	12922	2762	36.4424	33.2847	2130	32	5	634	26	85	507	5	1.12733	912125	6.82734e-05	
11737	12744	2711	35.4077	34.0979	2047	30	6	640	10	81	471	6	1.05881	884788	7.13267e-05	
11948	12610	2733	32.98	25.7194	2044	30	6	613	20	87	522	5	0.635964	1.43589e+06	6.42343e-05	
11490	12565	2797	35.7539	33.3993	2000	28	6	637	34	90	478	5	1.15587	883376	7.04027e-05	
11918	13496	2732	32.9349	26.8225	2009	29	7	631	20	82	521	5	1.85343	1.03243e+06	6.04595e-05	
11799	13075	2750	36.5323	32.7939	2079	31	8	650	4	89	489	4	1.43902	854578	6.88468e-05	
11869	13305	2758	28.0406	27.5761	2120	29	4	638	19	81	491	5	1.65597	1.11936e+06	5.92663e-05	
11853	12639	2700	34.9768	33.7635	2119	31	4	627	18	75	520	4	0.78151	1.05093e+06	6.8937e-05	
11993	12835	2740	29.4556	25.6182	2037	28	5	645	1	85	488	4	0.868725	1.4086e+06	5.84795e-05	
11945	13008	2740	35.7186	28.1311	2117	30	8	614	1	69	512	5	1.16617	1.02511e+06	6.34357e-05	
12013	13485	2798	35.3409	33.657	2128	30	7	606	23	86	472	6	1.76627	858134	6.78702e-05	
11882	12852	2704	30.6453	25.8487	2118	29	9	627	9	64	516	5	1.01623	1.22455e+06	5.93472e-05	
11737	13040	2799	30.4637	27.9747	2109	30	8	650	9	88	506	4	1.48546	1.05519e+06	6.02882e-05	
11885	12550	2740	33.4031	29.1438	2036	31	9	639	19	85	520	5	0.637748	1.30356e+06	6.65159e-05	
12043	12622	2735	35.3772	30.4912	2015	32	8	642	14	76	494	5	0.537795	1.27419e+06	7.45879e-05	
11701	13075	2750	36.5323	32.7939	2079	31	8	650	4	89	489	4	1.55745	843161	6.93914e-05	
12070	13099	2780	28.2608	29.3239	2132	28	4	609	17	85	515	4	1.13717	1.20909e+06	5.89971e-05	
11748	13089	2765	30.5954	32.0626	2084	28	6	648	27	82	515	6	1.52052	954742	6.43128e-05	
11851	13228	2750	35.2843	33.2843	2079	31	8	649	4	86	495	4	1.58183	852595	6.8348e-05	
11866	13147	2797	34.3768	32.1181	2034	28	5	627	4	86	523	5	1.47777	923965	6.50703e-05	
11892	12967	2769	33.6064	25.5479	2049	28	6	636	25	86	490	4	1.18687	1.15e+06	5.98193e-05	
11866	13147	2734	34.3768	32.1181	2059	31	5	627	9	86	523	5	1.44448	908869	6.62471e-05	
11863	13389	2790	32.8144	29.326	2036	30	5	619	31	83	524	5	1.81082	985389	6.21968e-05	
11503	13019	2743	36.5832	34.9641	2007	32	6	616	20	67	516	5	1.71425	789007	7.40521e-05	
11944	12758	2795	32.5608	26.3425	2136	32	7	620	15	83	471	4	0.850941	1.29265e+06	6.08125e-05	
11718	12720	2711	36.3653	33.7635	2160	30	4	635	35	75	520	4	1.05105	900912	6.98861e-05	
12011	13350	2790	36.1124	34.2235	2036	30	9	617	22	77	508	4	1.57533	838139	6.87521e-05	
11918	12655	2728	33.2822	27.1606	2005	30	10	613	20	72	452	5	0.729688	1.2639e+06	6.48466e-05	
11652	13198	2757	24.2964	25.8959	2124	28	6	628	2	79	492	4	1.75244	1.25021e+06	5.71494e-05	
11907	12887	2700	33.7496	34.4558	2108	32	9	617	23	67	474	5	1.03504	898048	7.1495e-05	
12079	12866	2722	36.3991	31.1995	2141	32	7	636	20	61	524	5	0.808122	1.08355e+06	6.67111e-05	
11868	12622	2779	34.826	31.9759	2142	30	6	604	17	86	470	6	0.763448	1.13279e+06	6.68941e-05	
11881	13083	2702	33.28	27.7309	2132	31	7	619	2	90	495	4	1.32359	1.0303e+06	6.21852e-05	
12054	12641	2700	35.1798	27.4101	2069	30	6	640	17	72	504	5	0.541605	1.35759e+06	7.18649e-05	
11698	13288	2790	24.625	25.5901	2133	30	8	647	5	69	494	5	1.84415	1.24169e+06	5.72738e-05	
11901	12995	2756	35.3284	27.0511	2011	31	5	611	10	86	528	4	1.20936	1.07536e+06	6.20232e-05	
12032	12624	2754	35.9522	29.9889	2050	32	8	606	12	65	519	6	0.558168	1.29137e+06	7.17824e-05	
11806	12844	2733	36.816	27.3782	2046	30	7	650	1	80	522	6	1.11596	1.04095e+06	6.36902e-05	
12021	13059	2729	31.1457	27.9542	2073	32	10	609	16	73	507	5	1.13069	1.09359e+06	6.18276e-05	
11783	13083	2763	35.8924	34.7777	2022	31	8	624	12	74	504	6	1.47575	821420	7.12555e-05	
12100	12762	2704	35.0908	27.4473	2001	31	5	641	3	76	504	5	0.641515	1.36161e+06	6.52486e-05	
11987	13410	2800	36.4496	31.5609	2126	31	10	624	35	83	518	4	1.69537	882413	6.55179e-05	
11730	12723	2713	35.4453	33.1733	2084	29	8	620	2	85	517	5	1.04083	916770	6.8686e-05	
11881	12695	2793	33.2122	33.2645	2092	31	7	611	25	78	516	5	0.845914	1.08177e+06	6.66311e-05	
11702	13364	2772	35.6934	32.0838	2150	29	6	636	24	83	513	5	1.96409	873094	6.68717e-05	
12007	13059	2729	29.1131	27.7132	2073	28	10	609	16	70	507	5	1.14301	1.16344e+06	5.97229e-05	
11963	13378	2717	32.2979	34.5959	2138	32	6	632	11	82	520	5	1.62669	866125	6.76773e-05	
11896	12841	2758	35.8096	34.7777	2108	31	8	624	14	74	493	6	1.0116	902723	7.05517e-05	
12066	12752	2748	34.0301	27.2784	2126	32	7	642	26	78	473	5	0.680084	1.34898e+06	6.42839e-05	
11941	13500	2797	32.9921	26.9996	2006	29	5	636	5	90	515	5	1.87455	1.06088e+06	5.95877e-05	
11782	12581	2728	32.98	25.7194	2052	30	6	620	20	87	522	5	0.7985	1.32967e+06	6.03682e-05	
11722	12904	2733	24.0112	26.0068	2067	29	7	650	1	81	522	6	1.2593	1.36909e+06	5.67601e-05	
12039	13051	2723	33.3625	32.99	2071	29	7	640	25	63	495	5	1.09897	949277	6.75311e-05	
11816	13324	2776	36.6186	34.1936	2157	31	6	647	24	90	510	5	1.77292	834192	6.89227e-05	
11963	13378	2775	34.6036	34.5959	2123	32	4	632	11	79	520	5	1.66424	857210	6.80782e-05	
11776	12557	2789	34.3311	32.1151	2126	28	5	624	23	88	467	5	0.793857	1.1162e+06	6.67156e-05	
11911	12655	2731	33.2822	26.606	2000	30	10	613	20	71	452	5	0.739009	1.27375e+06	6.43832e-05	
11896	13247	2789	30.7285	30.8447	2046	31	8	616	8	88	506	4	1.56843	968684	6.31872e-05	
12054	12641	2700	35.1798	27.4101	2069	30	7	640	3	73	497	5	0.541605	1.34849e+06	7.19217e-05	
11995	13219	2787	27.7999	26.7709	2082	31	6	615	1	78	515	5	1.39695	1.19229e+06	5.77901e-05	
11737	13067	2794	34.4508	27.2675	2109	29	8	650	9	88	506	4	1.52581	1.01572e+06	6.14742e-05	
11847	12871	2729	31.3442	25.1034	2008	28	8	626	0	81	513	5	1.09434	1.21209e+06	5.86304e-05	
11847	13034	2738	35.4877	34.6526	2101	29	8	619	35	73	496	5	1.31919	841901	7.04027e-05	
11976	12818	2770	29.2381	27.2327	2096	29	10	602	31	75	515	5	0.876154	1.34539e+06	5.92312e-05	
12086	12892	2729	31.1101	25.4304	2100	30	10	610	20	70	503	4	0.829584	1.3653e+06	5.92487e-05	
11908	12807	2717	32.3271	25	2008	29	8	624	30	84	498	5	0.934094	1.26603e+06	5.96288e-05	
11816	13264	2776	36.6186	34.1936	2157	31	6	647	24	90	510	5	1.69014	837010	6.89227e-05	
11977	12711	2795	32.4344	26.3425	2136	32	7	646	15	81	471	4	0.746952	1.37327e+06	6.18162e-05	
11948	12581	2733	32.98	25.8729	2095	30	7	613	20	87	522	5	0.598644	1.41988e+06	6.70826e-05	
12070	13283	2780	28.2608	29.3239	2126	29	4	622	17	85	513	6	1.38942	1.12827e+06	5.91541e-05	
11924	13131	2726	35.4751	32.7009	2086	32	6	617	22	84	480	4	1.34942	878242	6.86153e-05	
12046	13483	2751	37	29.5584	2092	30	6	649	25	76	516	5	1.69398	935538	6.43294e-05	
11840	13350	2775	37	34.1971	2036	30	9	618	22	77	502	4	1.77898	810543	7.04077e-05	
11935	12890	2795	29.8897	26.3304	2041	29	7	603	16	89	505	6	1.03377	1.2742e+06	5.817e-05	
11625	12744	2746	31.8294	31.9444	2110	30	8	649	13	68	520	5	1.20262	955614	6.62032e-05	
11907	12757	2700	33.7496	34.4558	2108	32	9	617	23	65	464	5	0.866793	959186	7.21345e-05	
12030	13163	2765	29.8924	26.149	2076	30	7	632	21	89	500	6	1.27257	1.18115e+06	5.81058e-05	
12097	12550	2754	34.7816	33.9695	2050	32	8	606	18	65	511	6	0.380614	1.09755e+06	0.000123084	
12086	13281	2783	32.2974	30.2315	2120	29	10	612	34	65	494	5	1.37774	990531	6.31792e-05	
11911	12718	2700	35.0781	26.4788	2115	31	7	621	34	72	489	4	0.813101	1.22113e+06	6.31393e-05	
11889	12880	2800	34.3768	25.7692	2034	28	5	627	4	79	523	5	1.08703	1.19554e+06	5.93331e-05	
11867	13438	2711	23.9156	25.991	2078	29	9	607	2	76	511	5	1.78781	1.2561e+06	5.69346e-05	
11995	13219	2787	27.7999	26.7709	2073	31	6	615	1	78	514	5	1.39695	1.18707e+06	5.78704e-05	
11722	12844	2733	24.0112	26.0068	2046	29	7	650	1	81	522	6	1.18038	1.40712e+06	5.68958e-05	
11989	13442	2782	21.8243	25.0309	2014	29	4	621	12	76	524	5	1.66615	1.48724e+06	5.42035e-05	
11724	12833	2733	26.5696	25.299	2046	29	8	650	1	81	523	6	1.17949	1.29987e+06	5.70907e-05	
11738	12557	2789	34.826	31.9759	2152	30	6	607	32	86	450	5	0.840923	1.0524e+06	6.79717e-05	
11860	12959	2718	35.4781	34.7975	2070	28	6	620	20	68	498	5	1.19484	856844	7.08165e-05	
11892	13102	2748	35.6237	33.2096	2089	28	5	610	33	86	520	6	1.3605	888087	6.74172e-05	
11892	13237	2767	35.6237	33.2096	2088	28	5	626	33	85	525	6	1.55381	878706	6.69434e-05	
11787	13364	2772	35.6934	32.0838	2150	29	7	615	24	80	511	5	1.8606	873862	6.67289e-05	
11627	13170	2796	33.6434	27.3536	2080	29	7	604	13	80	497	4	1.80165	1.00201e+06	6.23053e-05	
11963	13378	2717	36.1205	34.5959	2123	32	4	632	7	79	520	5	1.63059	834745	6.95652e-05	
11948	12586	2733	32.98	31.4437	2113	30	7	613	18	87	522	5	0.605072	1.28166e+06	6.99888e-05	
11938	13239	2786	34.9211	29.1752	2148	31	8	641	3	82	491	5	1.50958	966757	6.33392e-05	
12035	12861	2734	32.9514	25.1034	2041	31	9	622	28	81	513	5	0.856206	1.3157e+06	5.94318e-05	
11918	13496	2796	32.9349	26.9996	2006	29	7	630	13	79	520	5	1.89685	1.03753e+06	6.0006e-05	
11908	12871	2717	32.3271	25.1034	2008	29	8	624	26	80	498	5	1.01756	1.21539e+06	5.97979e-05	
12054	12578	2704	35.1798	25	2160	31	6	647	3	71	497	5	0.462103	1.35398e+06	8.44737e-05	
12036	12641	2760	35.1798	28.8214	2138	30	5	644	3	84	497	5	0.57602	1.35257e+06	6.92761e-05	
12043	13496	2778	36.8304	29.8755	2020	30	8	634	31	83	499	5	1.73249	914855	6.48929e-05	
11900	12550	2797	32.8194	25.1814	2109	30	4	612	0	78	469	4	0.631582	1.48617e+06	6.50195e-05	
11961	12835	2740	29.2836	25.6182	2037	28	6	645	1	81	491	4	0.907526	1.37025e+06	5.82988e-05	
11968	12578	2741	35.6955	26.2808	2001	31	10	650	3	75	510	5	0.574697	1.36846e+06	6.79948e-05	
11829	12955	2707	37	28.6465	2018	29	9	615	8	86	500	4	1.22281	951280	6.55695e-05	
11871	12949	2753	35.8113	32.8918	2087	31	7	640	12	70	501	5	1.18368	895146	6.87285e-05	
11965	13061	2744	32.7441	28.5736	2071	29	4	641	23	77	495	5	1.21117	1.06909e+06	6.20463e-05	
11737	12982	2794	30.1795	27.2675	2109	29	8	650	9	88	506	4	1.40331	1.09447e+06	5.94036e-05	
11812	13021	2762	36.4424	33.2847	2130	32	5	634	24	85	502	5	1.35664	869650	6.88089e-05	
11061	13377	2797	22.8716	30.0831	2121	28	4	622	5	89	525	6	1.26134	1.28538e+06	5.65323e-05	
11778	13110	2733	35.6188	29.425	2067	29	9	641	5	88	502	5	1.50169	929518	6.48635e-05	
11811	12744	2706	37	31.9449	2047	30	7	640	10	81	471	6	0.969613	934122	6.97788e-05	
11802	12752	2722	31.4773	29.216	2049	32	9	610	0	81	521	4	0.990802	1.08842e+06	6.34196e-05	
11773	13266	2755	29.8557	31.3057	2158	30	8	645	20	70	527	5	1.72321	963691	6.33794e-05	
12054	12578	2704	35.4912	25.667	2160	31	6	647	6	71	497	5	0.462336	1.33878e+06	8.39701e-05	
11802	13156	2722	36.6214	30.9324	2053	32	9	611	33	81	514	4	1.52892	870852	6.78702e-05	
11882	12879	2708	29.1777	29.3785	2108	30	9	630	32	64	516	5	1.04929	1.12659e+06	6.2348e-05	
11728	13284	2746	26.0654	26.8908	2046	29	6	635	7	81	522	6	1.78235	1.16111e+06	5.80619e-05	
11738	12557	2793	34.826	31.9759	2160	30	6	600	23	86	450	5	0.842129	1.05431e+06	6.78748e-05	
11470	12590	2723	35.0519	32.0556	2055	28	7	624	32	70	505	4	1.18016	891282	6.94203e-05	
11993	12835	2740	29.7452	25.6182	2037	28	5	645	1	85	488	4	0.869489	1.40092e+06	5.8524e-05	
11924	13131	2738	35.4751	32.7009	2070	32	7	617	15	84	480	4	1.35536	875294	6.85918e-05	
11816	13071	2776	36.6186	32.8154	2150	31	6	636	25	79	510	5	1.4264	871640	6.80318e-05	
11914	12851	2748	37	29.8755	2020	30	8	642	31	86	495	5	0.999763	996587	6.60066e-05	
11937	13171	2713	36.7609	30.3472	2145	30	9	608	5	82	483	5	1.38137	907182	6.66045e-05	
11979	12703	2725	36.6214	30.8714	2049	32	9	610	0	81	503	4	0.719434	1.12995e+06	6.73129e-05	
11944	13213	2773	31.4085	30.1627	2052	31	5	607	1	89	528	4	1.45483	1.00507e+06	6.22626e-05	
11853	12720	2711	35.4825	33.7635	2160	31	4	627	35	75	520	4	0.889173	981724	6.88705e-05	
12069	12871	2710	32.941	25.4482	2008	31	7	626	34	81	513	5	0.82018	1.33951e+06	6.00709e-05	
11791	13019	2753	35.2684	33.7252	2101	29	6	612	25	83	516	5	1.37429	868906	6.83901e-05	
12054	12908	2733	34.1818	27.4473	2001	32	5	641	3	71	504	5	0.895815	1.19309e+06	6.28062e-05	
11748	13458	2765	30.0476	32.0626	2084	28	6	648	27	82	515	6	2.02554	941584	6.4082e-05	
11851	13228	2746	35.2843	32.7939	2079	31	8	649	4	86	475	4	1.57953	856840	6.85354e-05	
11737	12982	2794	37	28.6836	2109	29	8	650	12	88	513	4	1.41196	956473	6.40656e-05	
11844	13438	2711	23.9156	25.991	2078	29	9	605	2	77	512	5	1.81546	1.25294e+06	5.69638e-05	
11866	12829	2763	34.5383	26.8472	2056	28	7	638	0	81	530	5	1.03334	1.13916e+06	6.05473e-05	
11847	13034	2720	35.4877	35	2101	29	8	619	35	73	496	5	1.31052	832252	7.10227e-05	
11652	13198	2746	24.2964	25.8959	2131	28	6	628	2	75	501	4	1.74545	1.25332e+06	5.70028e-05	
11713	12592	2790	37	34.0438	2059	31	5	635	6	86	463	4	0.91915	931309	7.12403e-05	
11885	12594	2751	36.4431	29.1438	2160	31	9	639	16	82	509	5	0.699813	1.21988e+06	6.4914e-05	
11908	12822	2729	30.5615	25.1798	2008	30	8	624	26	79	513	5	0.954587	1.29484e+06	5.87993e-05	
12051	12598	2740	37	29.1438	2070	31	10	639	19	83	501	5	0.498865	1.28099e+06	7.67283e-05	
11688	12578	2747	31.8551	26.1479	2038	29	5	616	28	69	512	5	0.911816	1.2512e+06	6.07497e-05	
11892	12835	2740	30.8745	25.6182	2037	28	6	645	1	85	497	4	0.995693	1.26747e+06	5.86786e-05	
11972	12887	2763	36.7496	35	2091	32	9	617	23	67	472	5	0.981375	886779	7.25639e-05	
11698	12552	2717	34.9319	29.2043	2078	29	7	608	10	69	523	5	0.860557	1.0913e+06	6.51508e-05	
11833	12781	2759	35.8239	33.955	2097	31	9	627	0	68	485	5	1.00982	905104	7.06614e-05	
12082	13172	2770	26.941	26.149	2080	30	6	627	21	90	500	6	1.21217	1.29759e+06	5.6802e-05	
12070	13231	2780	28.2608	29.3239	2132	28	4	609	17	85	515	4	1.31777	1.14665e+06	5.89831e-05	
11698	13288	2790	29.655	26.0127	2133	30	8	647	10	72	494	5	1.86689	1.09871e+06	5.93437e-05	
11957	12763	2714	36.8748	28.9978	2105	31	6	633	4	60	492	5	0.820894	1.10452e+06	6.65425e-05	
12013	13428	2787	35.3409	33.657	2143	31	7	606	20	87	472	6	1.67941	858999	6.80689e-05	
11842	12709	2767	35.1974	33.7635	2160	30	4	627	28	75	506	4	0.906342	994471	6.82361e-05	
11987	13317	2800	36.4496	31.5609	2126	29	10	624	33	89	501	4	1.56527	890704	6.53595e-05	
11843	12669	2720	31.3838	28.7767	2017	30	8	600	21	75	496	6	0.833318	1.20729e+06	6.348e-05	
12070	13158	2780	28.2608	29.3239	2132	28	5	618	11	85	508	4	1.21767	1.16885e+06	5.90807e-05	
11998	12786	2723	33.2759	27.52	2097	28	8	649	17	71	520	6	0.800553	1.27387e+06	6.10538e-05	
11987	13317	2800	36.4496	31.5609	2126	29	10	617	33	89	501	4	1.56527	890673	6.54108e-05	
11911	13435	2741	35.2843	32.7939	2079	31	8	649	5	86	489	4	1.78636	853103	6.78518e-05	
11888	13010	2754	27.2579	27.2327	2044	29	10	602	31	72	517	5	1.22767	1.19769e+06	5.88789e-05	
11089	12625	2793	24.2754	34.5658	2054	32	6	603	21	77	523	4	1.11445	983871	6.50745e-05	
12070	13219	2787	26.8732	27.362	2030	30	6	615	1	78	527	5	1.29903	1.2315e+06	5.74911e-05	
11856	12896	2714	31.3126	27.6398	2118	30	8	641	13	64	519	5	1.11012	1.1108e+06	6.13459e-05	
11780	13348	2720	30.9401	27.4052	2046	28	8	649	32	89	493	5	1.80633	1.02595e+06	6.11696e-05	
11878	12889	2786	37	29.839	2116	30	6	609	24	76	513	5	1.10915	991781	6.5189e-05	
11825	13351	2776	36.6186	33.5697	2148	31	6	636	24	83	524	4	1.79925	843278	6.82128e-05	
12078	12821	2759	36.3946	28.2604	2031	29	10	625	10	65	477	5	0.760738	1.18924e+06	6.48635e-05	
11910	12750	2768	33.2617	31.6843	2104	29	7	647	8	66	472	6	0.875102	1.07916e+06	6.66223e-05	
11570	12881	2798	36.8722	33.9616	2119	31	8	622	14	67	521	6	1.48095	827626	7.10429e-05	
11928	13104	2772	26.4964	25.6318	2031	30	4	628	8	81	521	5	1.31006	1.29458e+06	5.64207e-05	
11631	12599	2793	32.8309	32.3784	2025	31	10	644	27	84	511	4	1.02563	979020	6.70017e-05	
11787	13237	2767	35.6237	33.2096	2088	28	5	626	33	85	525	6	1.68246	867610	6.74809e-05	
11799	13228	2750	37	33.2421	2081	31	7	649	4	89	495	5	1.64611	835787	6.93577e-05	
11956	12730	2709	32.941	27.211	2027	31	7	620	34	81	506	5	0.774618	1.28226e+06	6.22859e-05	
11954	12681	2780	34.9657	30.0608	2115	30	9	640	12	63	463	6	0.734917	1.18047e+06	6.67111e-05	
11776	12781	2767	36.4209	33.7489	2106	31	8	637	0	68	458	5	1.08274	875873	7.19321e-05	
11847	13034	2738	35.4877	34.6526	2098	31	8	610	35	73	496	5	1.31919	838473	7.08617e-05	
12089	13246	2780	34.0673	29.3239	2142	28	4	608	17	85	499	4	1.32654	1.03806e+06	6.16865e-05	
11836	12879	2708	29.1777	28.169	2118	29	10	641	7	64	516	5	1.10454	1.13605e+06	6.09533e-05	
11888	12746	2719	33.4716	33.7298	2077	32	7	642	16	74	520	4	0.881302	1.00669e+06	6.83574e-05	
11631	12859	2778	33.9647	30.57	2042	31	5	623	6	81	530	6	1.36523	951695	6.52912e-05	
12082	13163	2774	26.941	26.01	2080	30	7	632	21	87	498	5	1.20163	1.30122e+06	5.68085e-05	
12046	13483	2738	34.0839	29.5584	2068	29	5	642	25	76	516	5	1.68386	971870	6.27786e-05	
12007	12759	2786	36.4008	28.6518	2128	30	6	609	23	75	513	5	0.774685	1.22289e+06	6.32471e-05	
11847	13034	2710	35.4877	35	2101	29	8	636	35	73	496	5	1.3057	831150	7.11086e-05	
12013	13323	2758	27.1444	27.5761	2112	29	4	629	20	81	514	5	1.4998	1.17713e+06	5.77201e-05	
11701	13083	2700	35.8924	34.7777	2054	31	8	630	3	72	507	6	1.53932	804786	7.23118e-05	
11922	12715	2798	31.4929	26.7544	2137	32	10	629	20	67	529	5	0.820258	1.32606e+06	6.01468e-05	
12097	12554	2754	34.7816	34.0914	2118	28	8	621	18	65	510	6	0.385783	1.10181e+06	0.000120207	
12031	13201	2784	30.556	34.8795	2122	30	7	632	28	78	530	4	1.33377	933143	6.58805e-05	
12014	12916	2716	33.748	28.7648	2098	29	9	629	21	88	496	4	0.949167	1.10751e+06	6.24376e-05	
11853	12720	2711	35.4825	34.1753	2160	30	4	622	35	75	508	5	0.889173	970940	6.95217e-05	
12079	12822	2780	35.3378	30.9753	2141	32	7	636	20	61	486	5	0.765905	1.15317e+06	6.65912e-05	
11698	13363	2790	24.625	25.4518	2130	30	8	647	10	76	494	5	1.94839	1.23812e+06	5.6993e-05	
12097	12554	2754	34.3521	34.0914	2135	32	8	606	18	65	516	6	0.385384	1.09431e+06	0.00012332	
12006	13496	2732	32.9349	26.8225	2009	29	7	631	21	82	521	5	1.74587	1.04295e+06	6.00817e-05	
11766	13034	2738	36.0322	34.6526	2101	29	8	619	35	64	506	5	1.41748	823181	7.13063e-05	
11848	12591	2738	35.3677	33.4094	2000	29	6	624	6	67	464	6	0.736905	1.06249e+06	7.08968e-05	
11961	12903	2740	29.2836	25.6182	2021	28	8	643	9	84	484	4	0.997165	1.29705e+06	5.84761e-05	
11879	12990	2797	34.5717	26.9996	2006	29	7	636	5	90	515	5	1.24727	1.07493e+06	6.07755e-05	
12039	13051	2723	33.3625	32.99	2117	29	7	640	24	63	495	5	1.09897	953661	6.72948e-05	
11627	12557	2789	32.9471	32.6006	2119	29	5	618	23	88	457	5	0.974093	1.00264e+06	6.77186e-05	
11994	12893	2763	36.7496	35	2091	32	9	625	23	67	474	5	0.962122	895373	7.23589e-05	
11881	12771	2788	33.2122	33.2645	2066	31	8	611	15	78	516	5	0.945261	1.01404e+06	6.68494e-05	
12039	13016	2744	32.7441	28.4603	2071	28	4	641	23	77	495	5	1.05984	1.12998e+06	6.14439e-05	
11961	12934	2740	31.1122	25.6182	2089	28	7	645	1	81	530	4	1.0425	1.26271e+06	5.74185e-05	
11994	13485	2783	32.9226	29.9231	2128	30	6	630	23	86	472	6	1.77799	967421	6.32511e-05	
11944	13213	2759	31.4085	34.1433	2053	31	5	607	1	79	511	4	1.44748	904806	6.70961e-05	
11876	12709	2767	35.4825	33.7635	2160	30	4	627	28	75	512	4	0.864834	1.01694e+06	6.80643e-05	
11626	12786	2707	33.344	34.4553	2119	32	7	626	23	87	503	4	1.24079	864793	7.0141e-05	
11709	13210	2744	37	34.8873	2097	32	4	625	0	76	504	5	1.72668	807971	7.20409e-05	
12078	12821	2763	36.3946	26.8578	2031	29	10	620	12	66	489	5	0.761841	1.24381e+06	6.31951e-05	
11766	13034	2738	35.4877	34.6526	2101	29	8	619	35	69	506	5	1.41712	830240	7.07164e-05	
11320	13083	2763	35.8924	34.7777	2000	31	8	620	12	76	514	6	2.02842	791369	7.36431e-05	
11802	12742	2722	36.6214	30.9324	2049	32	9	610	0	81	519	4	0.983389	956710	6.77415e-05	
11911	12655	2743	33.5084	27.1606	2005	30	10	613	20	80	452	5	0.742532	1.2591e+06	6.42756e-05	
12040	12835	2740	29.2836	25.6182	2068	28	7	645	1	85	482	4	0.810375	1.43757e+06	5.93542e-05	
11719	13089	2746	26.8468	28.9846	2076	28	6	640	27	82	507	6	1.27257	1.18115e+06	5.81058e-05	
11658	13300	2737	24.2964	25.8959	2124	28	6	628	2	79	492	4	1.87085	1.23747e+06	5.7346e-05	
11909	12784	2711	35.6938	30.5824	2067	28	7	606	8	63	476	5	0.904576	1.01979e+06	6.75493e-05	
12007	12962	2729	31.1101	25.4304	2100	30	10	610	20	70	507	4	1.01903	1.2335e+06	5.89345e-05	
11945	13008	2748	35.7186	28.7488	2117	30	8	643	1	67	512	5	1.16957	1.00681e+06	6.38488e-05	
11888	12664	2719	34.8719	33.5656	2038	32	4	642	16	89	520	4	0.776822	1.07746e+06	6.83153e-05	
11658	13253	2740	24.2964	25.8959	2124	28	6	628	2	79	492	4	1.80898	1.24196e+06	5.73132e-05	
11434	12712	2730	36.383	35	2116	31	7	635	18	85	485	5	1.38371	805396	7.35835e-05	
12100	12961	2796	33.1986	25.0735	2109	31	8	628	8	83	501	5	0.928884	1.31797e+06	5.82615e-05	
11908	13500	2734	28.6699	25.4784	2084	28	10	636	33	75	469	5	1.86338	1.11624e+06	5.91821e-05	
11696	12784	2736	33.3897	29.1155	2073	30	7	620	25	79	512	5	1.168	1.0092e+06	6.39918e-05	
12043	12872	2757	34.9932	35	2058	32	9	628	26	67	474	5	0.87027	959307	7.16384e-05	
11988	13089	2780	28.8578	28.9846	2076	28	6	643	27	85	511	6	1.22807	1.1421e+06	5.94884e-05	
11843	12776	2752	33.8839	29.7507	2049	29	8	642	11	79	465	6	0.986814	1.04142e+06	6.53937e-05	
11594	13220	2756	36.2231	33.7474	2000	31	9	650	22	79	501	4	1.88555	808886	7.14439e-05	
11938	13241	2794	30.9339	30.3472	2145	30	9	626	3	82	481	5	1.51108	989871	6.2692e-05	
12076	12895	2756	33.7088	27.7565	2134	31	9	614	27	81	485	6	0.858203	1.21471e+06	6.1862e-05	
11907	12804	2736	37	33.7429	2101	29	6	609	11	61	508	5	0.942262	930471	7.02839e-05	
11892	13237	2748	35.6237	33.2096	2089	28	5	610	33	86	520	6	1.54314	874467	6.74127e-05	
11695	12791	2709	34.2791	28.3611	2097	30	9	639	32	75	517	4	1.16769	998618	6.40861e-05	
11916	13042	2760	35.8018	30.1292	2021	28	7	643	35	74	522	6	1.25614	959946	6.46705e-05	
11773	13253	2799	29.8557	32.1967	2000	31	8	644	18	90	527	5	1.7327	942759	6.42756e-05	
11954	12579	2776	35.3388	30.1792	2100	30	10	600	8	63	463	6	0.600466	1.26888e+06	7.00525e-05	
12039	13016	2744	33.3625	33.5417	2086	28	6	640	23	63	492	5	1.06065	961162	6.76315e-05	
11471	12590	2723	31.6584	33.7134	2055	28	9	624	32	70	505	4	1.17478	904677	6.9377e-05	
11976	12739	2740	36.8748	29.0235	2105	32	10	633	4	61	499	5	0.774111	1.1229e+06	6.64761e-05	
12011	12739	2745	36.8748	29.673	2097	32	10	633	4	61	495	5	0.732429	1.14145e+06	6.70961e-05	
12013	13305	2758	28.0406	27.5761	2120	29	4	638	15	80	501	5	1.4786	1.1523e+06	5.83976e-05	
11728	13284	2746	26.0654	26.7093	2046	29	6	635	7	81	522	6	1.78235	1.16662e+06	5.79005e-05	
11994	12887	2763	34.9932	35	2058	32	9	628	26	67	474	5	0.952975	919484	7.17618e-05	
11698	12684	2717	34.9319	29.2043	2078	30	7	614	8	87	523	5	1.02974	1.02184e+06	6.46621e-05	
11885	12550	2740	33.4031	32.7213	2036	29	9	647	19	67	520	5	0.637748	1.21867e+06	6.94637e-05	
11701	13083	2700	35.8924	34.7777	2015	31	8	619	21	72	507	6	1.53932	801716	7.26639e-05	
11885	12598	2740	36.4431	29.1438	2053	31	9	639	19	82	509	5	0.702175	1.2e+06	6.55609e-05	
11888	13010	2754	27.2579	27.2327	2044	28	7	602	31	72	517	6	1.22767	1.21816e+06	5.84898e-05	
12013	13305	2758	27.8978	27.5761	2120	29	5	638	15	73	501	5	1.47808	1.14891e+06	5.85995e-05	
11790	12669	2709	31.5651	29.671	2022	30	8	646	21	75	494	6	0.893727	1.12206e+06	6.46371e-05	
11965	13126	2733	32.7441	28.1291	2048	29	4	641	23	77	495	5	1.29327	1.06291e+06	6.1885e-05	
12016	12959	2718	35.4781	34.7975	2070	28	6	620	21	68	498	5	1.00553	912625	7.00869e-05	
11842	13037	2729	33.5637	31.5762	2101	28	8	619	20	67	509	4	1.32309	926312	6.59283e-05	
12097	12550	2754	34.8449	33.9695	2050	32	8	606	19	65	490	6	0.380669	1.10012e+06	0.000122684	
12100	13305	2763	28.0406	27.5761	2120	29	6	639	15	81	501	5	1.37289	1.16747e+06	5.80754e-05	
11911	12718	2713	35.0781	25.4408	2013	31	7	619	34	72	485	4	0.817015	1.2483e+06	6.28733e-05	
12029	12940	2725	37	28.6465	2018	29	9	627	8	87	500	4	0.968006	1.04424e+06	6.42055e-05	
11627	12809	2798	33.6434	28.5068	2079	29	7	606	2	79	512	4	1.31244	1.00805e+06	6.29327e-05	
11320	13083	2763	35.8924	34.7777	2015	31	8	624	12	74	504	6	2.02842	789854	7.38934e-05	
11374	13274	2721	35.8059	34.4242	2076	31	9	643	9	72	512	5	2.19122	790339	7.32064e-05	
12076	12895	2756	34.8893	29.3092	2137	32	9	614	27	81	465	6	0.859378	1.12377e+06	6.47459e-05	
12017	12892	2780	35.3378	30.9753	2133	29	7	636	24	64	493	5	0.937104	1.04591e+06	6.55351e-05	
12017	13167	2780	29.7035	29.3239	2132	29	5	614	14	82	514	4	1.30071	1.10332e+06	5.99161e-05	
12060	12550	2758	28.0898	34.0428	2130	32	8	642	14	76	464	5	1.50819	1.03923e+06	6.14062e-05	
12050	12895	2741	35.7751	28.1084	2133	29	10	614	30	84	465	6	0.887525	1.12254e+06	6.36821e-05	
11701	13083	2700	35.8924	34.7471	2112	31	8	619	21	72	507	6	1.53932	807209	7.20461e-05	
11976	13103	2776	29.2765	28.7023	2096	29	10	602	31	77	515	5	1.2615	1.10796e+06	5.99988e-05	
11802	12742	2785	35.5601	30.9324	2049	32	9	610	0	81	481	4	1.00549	974616	6.73129e-05	
11847	13051	2720	35.4877	35	2101	29	8	619	35	73	496	5	1.33306	830026	7.10278e-05	
12058	13160	2761	33.1915	29.6039	2154	30	7	635	18	62	521	4	1.2379	1.02606e+06	6.24415e-05	
11976	13412	2769	27.2579	27.2327	2026	29	10	600	31	76	515	5	1.67538	1.12625e+06	5.84351e-05	
12011	12962	2729	31.1101	27.9542	2123	28	9	615	17	70	501	4	1.01413	1.16278e+06	6.05914e-05	
11885	12598	2751	37	29.1438	2053	30	9	639	16	82	509	5	0.705272	1.19581e+06	6.54365e-05	
11990	13200	2787	31.1232	29.3239	2132	29	5	614	14	83	514	4	1.38635	1.05927e+06	6.04778e-05	
11982	13228	2750	35.2843	32.7939	2079	31	8	649	4	86	481	4	1.42128	875665	6.76407e-05	
11809	12669	2704	31.5651	28.7767	2008	30	8	648	25	75	490	6	0.869405	1.1607e+06	6.40492e-05	
12014	12845	2724	33.748	31.476	2047	28	9	634	21	71	498	4	0.858832	1.08007e+06	6.56254e-05	
11618	12786	2732	35.5728	33.8522	2127	32	6	626	17	87	503	5	1.26388	858358	7.02889e-05	
11960	13193	2775	34.1264	34.3514	2036	31	8	622	22	77	508	4	1.41252	861351	6.85448e-05	
11811	12803	2704	35.2679	28.7702	2106	30	9	650	31	80	501	5	1.04405	1.01414e+06	6.47333e-05	
11791	12947	2753	35.2684	33.7252	2039	30	6	612	25	83	505	5	1.27808	873261	6.90846e-05	
11871	12915	2753	35.3568	33.9908	2067	32	4	638	12	67	516	5	1.13811	899508	6.95749e-05	
11787	13237	2767	35.7937	28.3312	2082	28	5	624	33	85	525	6	1.68258	987154	6.29445e-05	
12029	12955	2765	36.341	28.6465	2094	29	9	615	17	87	489	4	1.00195	1.0573e+06	6.33633e-05	
11776	12557	2789	34.3311	32.1151	2072	28	5	622	21	88	498	5	0.793857	1.12753e+06	6.60328e-05	
11650	13204	2717	36.8436	32.6864	2060	30	8	612	33	65	491	4	1.77159	818832	7.14745e-05	
11702	13364	2776	36.3341	31.5634	2150	31	7	636	12	84	510	5	1.96733	872726	6.70466e-05	
12036	12641	2760	35.1798	30.0301	2138	31	5	644	3	72	497	5	0.57602	1.31781e+06	7.03581e-05	
11856	12879	2714	31.3126	28.6683	2118	30	8	641	7	64	519	5	1.08789	1.08695e+06	6.2282e-05	
11811	13034	2738	35.4877	35	2004	29	8	625	35	76	506	5	1.36279	828507	7.09572e-05	
11882	13083	2702	33.6966	27.7309	2132	31	8	619	2	90	503	4	1.32288	1.01919e+06	6.22161e-05	
11688	12578	2760	30.5773	26.1479	2038	29	5	616	28	69	514	5	0.913652	1.29004e+06	5.99233e-05	
11961	13233	2740	29.2836	25	2038	28	8	644	3	82	498	4	1.4389	1.17864e+06	5.73789e-05	
12007	13004	2729	34.9048	27.9542	2100	28	10	610	21	70	511	4	1.07978	1.05645e+06	6.23986e-05	
12043	13496	2784	36.8304	31.4168	2020	30	8	631	31	83	499	5	1.73623	880830	6.62515e-05	
11626	12786	2707	35.5728	33.7777	2119	32	5	626	23	87	503	5	1.2429	859765	7.05219e-05	
11717	12791	2706	35.1856	27.7386	2016	29	9	634	30	75	513	4	1.14113	1.00383e+06	6.43004e-05	
11871	12586	2733	32.9667	32.0833	2113	30	7	622	14	87	522	5	0.698788	1.21826e+06	6.6379e-05	
12100	12928	2775	34.3635	32.3186	2088	32	6	617	22	71	492	5	0.87891	1.06421e+06	6.67022e-05	
12097	12554	2754	34.7816	34.0914	2135	32	8	606	18	65	516	6	0.385783	1.10141e+06	0.00012025	
11878	12759	2775	35.4757	30.4598	2117	29	7	609	23	80	516	6	0.930916	1.05997e+06	6.46496e-05	
12039	13075	2744	33.1608	29.7952	2071	28	8	636	23	77	495	5	1.13935	1.0312e+06	6.3008e-05	
12037	13156	2787	26.8732	27.362	2030	30	6	639	1	78	527	6	1.25393	1.24444e+06	5.7501e-05	
11855	12928	2748	30.7798	33.5577	2107	30	6	635	13	77	521	6	1.16663	972866	6.59587e-05	
11842	12918	2741	36.7496	34.4295	2108	32	9	617	23	67	474	5	1.17323	838267	7.27061e-05	
11921	13083	2702	33.6394	27.2691	2132	31	8	619	9	81	503	4	1.27591	1.04258e+06	6.19348e-05	
11845	13289	2775	28.0406	27.5761	2111	29	4	636	6	81	494	5	1.67364	1.12242e+06	5.90319e-05	
12050	12961	2800	33.4459	26.8157	2093	31	8	628	10	83	468	5	0.99375	1.17637e+06	6.11172e-05	
11857	12695	2754	32.055	34.3807	2143	30	9	616	19	69	492	5	0.861768	1.03866e+06	6.85824e-05	
12014	12916	2706	33.748	28.7648	2098	29	9	629	21	88	496	4	0.945672	1.10533e+06	6.25586e-05	
12069	12949	2753	35.8113	33.9908	2087	32	4	644	14	67	516	5	0.939659	973859	6.8738e-05	
11773	13266	2755	29.8557	31.3057	2158	31	8	645	20	70	527	5	1.72321	960371	6.36335e-05	
11977	12844	2733	35.9513	25	2052	29	7	650	1	81	522	6	0.907629	1.25384e+06	6.00637e-05	
11751	12742	2715	36.8474	30.9324	2049	32	9	605	0	77	519	4	1.04196	927661	6.84744e-05	
11799	13228	2750	36.5323	32.7939	2079	31	8	649	4	89	495	4	1.64589	844509	6.86719e-05	
11811	12838	2704	34.3681	28.6931	2106	32	6	650	29	84	503	5	1.08864	1.03112e+06	6.43045e-05	
11888	12664	2719	37	35	2085	32	5	642	16	89	520	4	0.778181	1.00057e+06	7.06265e-05	
11910	13015	2759	36.0224	33.955	2094	32	8	628	1	68	485	5	1.22693	860562	7.06414e-05	
11948	12581	2733	32.98	31.4437	2113	32	7	613	20	87	522	5	0.598644	1.27985e+06	7.06914e-05	
12055	12664	2735	34.4118	34.251	2075	31	4	623	20	89	520	4	0.576477	1.23552e+06	7.34214e-05	
11899	12803	2795	34.2525	26.3425	2128	32	7	620	15	81	477	4	0.969216	1.17874e+06	6.16067e-05	
11765	12742	2722	36.6214	30.9324	2049	32	9	608	0	81	519	4	1.02777	939919	6.79579e-05	
12100	13167	2780	31.1232	29.3239	2132	29	5	614	14	85	514	4	1.1999	1.1093e+06	6.00889e-05	
11995	13219	2795	27.7999	26.7709	2073	31	6	615	1	78	514	5	1.40096	1.18881e+06	5.77834e-05	
12042	12859	2727	35.0523	27.7565	2137	32	9	614	27	81	480	6	0.845026	1.17046e+06	6.34276e-05	
12046	13483	2751	36.8814	29.5584	2068	29	5	642	25	76	516	5	1.69392	945559	6.4156e-05	
11626	12786	2716	35.5728	33.8522	2119	32	5	626	23	87	503	5	1.24703	859823	7.04771e-05	
11871	12915	2753	35.8113	33.9908	2087	32	4	638	12	67	516	5	1.13843	895722	6.96816e-05	
12051	12598	2740	37	29.1438	2046	30	10	639	19	83	496	5	0.498865	1.28081e+06	7.67401e-05	
12033	12688	2736	31.8197	28.6804	2138	31	6	630	7	88	510	4	0.631536	1.36063e+06	6.74536e-05	
11063	13063	2785	28.4994	28.4531	2160	30	10	604	15	83	526	6	1.53381	987700	6.29445e-05	
12096	12822	2780	35.3378	30.9753	2133	29	7	636	28	64	489	5	0.74454	1.18503e+06	6.56426e-05	
12097	12550	2754	34.7816	33.1374	2050	32	8	606	19	68	511	6	0.380614	1.10404e+06	0.000122654	
11931	13005	2765	28.8578	28.9846	2076	28	10	648	27	82	511	5	1.17865	1.12898e+06	6.00817e-05	
12013	13323	2758	27.1444	27.5761	2100	29	4	629	20	81	514	5	1.4998	1.17664e+06	5.77768e-05	
11911	12655	2728	33.2822	27.1606	2005	30	10	613	20	71	452	5	0.738197	1.25547e+06	6.4834e-05	
11801	13364	2772	35.6934	32.0838	2150	29	6	617	24	83	496	5	1.84348	876255	6.68717e-05	
11840	13416	2762	36.1899	32.924	2156	30	9	626	22	77	508	5	1.86142	843902	6.80365e-05	
11843	12710	2752	33.8839	32.3065	2115	29	9	639	7	79	464	6	0.900286	1.02011e+06	6.75995e-05	
11629	12666	2769	30.5934	27.2624	2016	28	7	622	29	76	499	6	1.10288	1.13516e+06	6.11845e-05	
11882	12852	2708	29.1777	29.2098	2118	30	9	641	7	64	516	5	1.01412	1.15124e+06	6.20309e-05	
11625	12744	2734	31.8294	31.9444	2110	30	8	649	13	70	520	5	1.19736	954662	6.62603e-05	
11747	12684	2708	32.5461	29.4056	2078	30	7	614	8	70	523	5	0.965473	1.07869e+06	6.4e-05	
12100	13155	2784	29.9185	29.4313	2097	30	6	635	31	73	482	5	1.18248	1.11012e+06	6.15688e-05	
11615	12679	2734	37	33.9662	2063	29	6	630	6	86	463	6	1.12994	852723	7.22178e-05	
11737	12998	2794	30.4637	27.2675	2109	29	8	650	9	88	506	4	1.42569	1.08606e+06	5.95238e-05	
11809	12905	2783	35.6626	29.0288	2008	30	9	616	22	84	511	5	1.21371	977210	6.43998e-05	
11701	13083	2700	35.8924	34.7777	2015	31	8	624	12	72	504	6	1.53932	801491	7.27008e-05	
12069	12871	2729	32.941	25.1034	2008	31	7	626	34	81	513	5	0.82593	1.35921e+06	5.95877e-05	
11061	13377	2797	24.6904	30.0831	2000	28	4	622	5	90	525	6	1.0006	1.15837e+06	6.09496e-05	
12028	13276	2736	33.0457	27.4858	2096	31	8	607	3	75	503	4	1.4203	1.03691e+06	6.14968e-05	
12070	13167	2780	28.2608	29.3239	2113	28	5	609	6	85	514	4	1.22998	1.16519e+06	5.90947e-05	
12017	13167	2780	31.1232	33.3852	2132	29	6	614	14	86	517	4	1.30396	962723	6.44662e-05	
12069	12871	2729	32.941	25.4482	2008	31	7	626	34	81	513	5	0.82593	1.34366e+06	5.98516e-05	
11911	12718	2708	35.0781	25.4408	2110	31	8	619	34	71	494	4	0.81551	1.25261e+06	6.21581e-05	
11888	12664	2719	34.8719	34.1873	2085	32	4	642	16	89	520	4	0.776822	1.06639e+06	6.86719e-05	
11626	12786	2725	35.5728	33.8522	2119	32	5	626	23	87	503	5	1.25116	861491	7.03581e-05	
12012	12953	2716	33.748	26.1382	2025	29	9	629	21	88	505	4	1.0002	1.16398e+06	6.03282e-05	
11899	12718	2716	35.0781	25.4408	2110	31	7	617	31	72	476	4	0.83243	1.24473e+06	6.2637e-05	
11902	12712	2779	33.1197	29.0216	2141	28	7	601	8	81	487	5	0.838035	1.21072e+06	6.24142e-05	
11847	13034	2759	35.4877	34.6526	2101	29	8	619	35	73	496	5	1.32931	845344	7.01213e-05	
11967	13167	2780	34.6476	29.3033	2132	29	5	614	14	85	498	4	1.37125	1.00344e+06	6.2637e-05	
12076	12895	2756	33.7088	27.7565	2137	32	9	614	27	81	465	6	0.858203	1.199e+06	6.28733e-05	
12001	12811	2737	36.8304	29.5795	2020	30	8	620	31	86	499	5	0.836678	1.09414e+06	6.53083e-05	
12007	12962	2729	31.1101	28.5719	2073	28	10	609	16	70	514	4	1.01903	1.13678e+06	6.11322e-05	
11892	13237	2748	35.6237	33.2096	2089	28	6	615	33	86	476	6	1.54314	862302	6.8451e-05	
11896	13228	2750	37	34.0961	2083	31	8	649	4	89	495	5	1.52792	827932	6.97204e-05	
12076	12895	2756	33.7088	27.7565	2155	32	9	614	27	81	465	6	0.858203	1.20059e+06	6.27746e-05	
12089	13241	2758	32.2974	34.154	2133	30	9	604	34	63	500	5	1.30693	906776	6.7659e-05	
11490	12565	2797	34.0883	31.9466	2000	28	6	638	34	90	495	5	1.15442	939685	6.74536e-05	
12050	12900	2741	35.8365	27.5988	2133	29	9	614	14	89	464	6	0.894174	1.14466e+06	6.30398e-05	
11690	12712	2779	35.216	26.4251	2150	28	6	601	8	81	510	5	1.10013	1.11391e+06	6.16447e-05	
11747	12724	2716	32.5461	28.5017	2068	29	7	628	8	70	523	4	1.01992	1.08473e+06	6.27392e-05	
11717	12791	2708	35.7467	26.9117	2016	29	9	634	30	75	513	4	1.14238	1.02055e+06	6.391e-05	
11885	12880	2800	34.3768	26.1734	2062	28	5	627	4	89	523	5	1.09201	1.18486e+06	5.9319e-05	
11851	12974	2750	35.2843	33.1428	2079	31	8	649	4	82	487	4	1.23973	882547	6.86483e-05	
11725	12962	2729	31.1101	27.9542	2100	28	10	610	21	66	507	4	1.36056	1.03366e+06	6.18965e-05	
12039	13016	2744	33.3625	33.5417	2071	28	5	640	23	63	510	5	1.06065	969594	6.70421e-05	
11954	12579	2776	35.3388	31.1887	2115	30	9	600	7	63	463	6	0.600466	1.24921e+06	7.07414e-05	
11787	12744	2706	35.4077	31.9449	2047	31	7	621	10	81	471	6	0.997342	942501	6.92473e-05	
12012	12916	2717	33.748	32.5516	2083	31	9	636	14	88	508	4	0.951957	1.00587e+06	6.61989e-05	
11627	12557	2789	34.3311	32.7517	2126	29	5	618	21	90	458	5	0.975721	976402	6.83995e-05	
12013	13269	2701	28.8562	27.5761	2116	29	4	630	9	83	514	5	1.40239	1.13792e+06	5.88339e-05	
12089	12882	2721	35.5107	35	2100	28	6	608	8	62	522	5	0.815921	1.00901e+06	6.96233e-05	
12059	13057	2748	33.6987	25.9271	2141	28	7	644	20	74	476	5	1.09274	1.16956e+06	6.02519e-05	
12029	12955	2761	36.5134	25.6232	2106	29	9	615	10	87	489	4	1.0006	1.15837e+06	6.09496e-05	
11788	12684	2708	32.5461	29.4056	2078	30	7	616	8	70	507	5	0.916609	1.10287e+06	6.42426e-05	
11776	12629	2789	34.3311	32.1151	2126	28	5	624	25	88	499	5	0.888394	1.06536e+06	6.57462e-05	
11885	12550	2740	36.4431	29.1438	2053	31	9	639	19	82	520	5	0.640351	1.25198e+06	6.63218e-05	
11888	12664	2719	34.8719	32.7793	2020	32	4	642	16	88	520	4	0.776822	1.09508e+06	6.76773e-05	
11542	13469	2748	36.9185	29.9058	2081	31	6	623	5	83	495	5	0.934606	1.14418e+06	6.22859e-05	
12070	13283	2780	28.2608	29.3239	2132	29	4	622	17	85	515	6	1.38942	1.12977e+06	5.90772e-05	
11885	12550	2740	36.4431	29.1438	2076	31	9	639	19	81	530	5	0.640351	1.25662e+06	6.60502e-05	
11804	12554	2754	34.7816	32.0656	2135	32	8	606	18	65	516	6	0.746434	1.11346e+06	6.78518e-05	
12012	12916	2716	33.748	26.1382	2025	29	9	629	21	88	496	4	0.951607	1.18612e+06	6.06061e-05	
11849	13086	2733	35.0451	30.767	2046	29	9	618	5	88	502	6	1.3834	917405	6.56814e-05	
11840	13350	2775	36.1124	34.1971	2036	30	9	617	22	77	508	4	1.77851	820271	6.97545e-05	
11878	12759	2778	35.8533	28.6518	2110	30	6	611	23	76	513	5	0.932187	1.10623e+06	6.35284e-05	
12034	12887	2741	36.7496	34.4558	2108	32	9	617	23	67	474	5	0.897273	928708	7.18133e-05	
11570	13024	2799	36.8722	33.9616	2119	30	8	609	14	67	521	4	1.6753	818871	7.08466e-05	
11802	12742	2722	31.4773	29.216	2049	32	9	610	9	81	519	4	0.977831	1.09386e+06	6.3484e-05	
11866	13165	2758	36.3543	26.7694	2056	28	7	638	2	81	530	4	1.48308	1.02408e+06	6.16029e-05	
11881	12969	2760	34.5103	33.2645	2092	31	6	611	25	78	510	6	1.20014	913742	6.77461e-05	
11933	12712	2779	33.1197	28.5022	2141	28	7	601	8	81	506	5	0.799637	1.26838e+06	6.15574e-05	
11853	12720	2711	35.4825	33.7635	2160	31	4	613	35	75	508	5	0.889173	977917	6.93001e-05	
11863	13389	2790	31.1896	30.9887	2036	30	5	619	31	83	521	5	1.8081	963421	6.31473e-05	
11836	13500	2736	28.3016	25.4784	2091	28	10	639	33	75	469	5	1.951	1.11607e+06	5.92803e-05	
11811	12691	2704	34.3681	28.7819	2106	32	6	650	29	84	503	5	0.898956	1.10594e+06	6.43998e-05	
12068	12951	2705	33.5926	31.3008	2081	30	6	637	12	87	477	6	0.925143	1.06056e+06	6.54322e-05	
12070	13219	2787	26.8732	27.362	2030	30	6	615	7	78	527	5	1.29903	1.23096e+06	5.74977e-05	
11615	12679	2790	35.3322	34.0438	2059	31	5	635	6	86	463	4	1.15207	880360	7.08366e-05	
11994	12887	2763	36.7496	35	2091	32	9	617	23	67	474	5	0.954133	898528	7.23785e-05	
12029	12897	2781	33.5754	28.6465	2106	29	9	615	10	87	489	4	0.927431	1.15444e+06	6.16523e-05	
11844	13404	2715	23.9156	25.991	2078	29	9	605	2	77	512	5	1.77182	1.25759e+06	5.69217e-05	
11961	12835	2740	29.2836	25.6182	2037	28	6	645	1	85	491	4	0.907526	1.37455e+06	5.82072e-05	
11809	12922	2783	34.5269	28.9907	2078	30	9	623	22	82	525	5	1.23562	999570	6.30159e-05	
11925	12865	2734	36.2535	32.5051	2053	31	6	630	34	81	462	6	0.999279	940802	6.95362e-05	
12046	13483	2751	37	29.5584	2068	29	5	644	30	76	516	5	1.69398	944102	6.42343e-05	
11946	13165	2758	36.3543	26.7694	2056	28	7	638	14	81	530	4	1.38483	1.04062e+06	6.12182e-05	
11981	12935	2716	35.183	26.1382	2025	29	8	629	21	73	496	4	1.01567	1.12752e+06	6.20001e-05	
11750	12944	2767	35.6237	32.1599	2088	28	5	626	33	85	529	6	1.33077	912301	6.65247e-05	
11730	12738	2713	35.4453	33.1733	2084	29	8	631	2	85	473	5	1.0602	901470	6.97691e-05	
11980	13123	2786	33.4882	32.85	2086	28	5	622	23	79	502	5	1.29652	939234	6.55566e-05	
12070	13167	2778	29.5932	29.3239	2132	28	8	609	14	85	514	4	1.23316	1.11586e+06	5.95877e-05	
12029	12897	2781	33.5754	28.6465	2066	30	9	615	17	87	489	4	0.927431	1.14565e+06	6.20925e-05	
11908	12871	2729	32.941	25.1034	2008	31	8	626	26	81	513	5	1.02293	1.20299e+06	6.00384e-05	
11528	12931	2782	29.507	30.2112	2124	28	8	617	12	76	519	4	1.5798	1.00115e+06	6.26253e-05	
12093	12895	2756	35.8365	27.5988	2133	29	9	614	30	84	465	6	0.83892	1.18872e+06	6.2897e-05	
11867	12739	2798	32.3542	26.7544	2137	32	10	629	20	65	491	4	0.922133	1.20327e+06	6.15764e-05	
12013	13305	2758	28.8562	27.5761	2116	29	4	630	23	81	514	5	1.48131	1.14006e+06	5.82954e-05	
12017	13167	2780	31.1232	29.3239	2132	29	5	614	14	85	514	4	1.30396	1.07523e+06	6.04047e-05	
11811	12635	2704	34.3681	28.6931	2106	32	6	650	29	84	505	5	0.827272	1.1558e+06	6.42839e-05	
11918	13403	2732	33.0239	26.8225	2012	29	7	631	20	74	521	5	1.7258	1.03516e+06	6.07644e-05	
11695	12791	2708	35.7467	25	2097	29	9	625	32	75	517	4	1.16847	1.08597e+06	6.19617e-05	
11656	12607	2768	34.8518	26.6207	2115	28	10	641	23	66	497	5	0.999007	1.09646e+06	6.2897e-05	
11871	12827	2753	33.9551	32.8918	2087	31	7	640	12	70	502	4	1.02026	962749	6.77231e-05	
11809	12922	2783	34.5269	28.9907	2008	30	9	616	22	84	525	5	1.23562	993279	6.34075e-05	
11878	12759	2786	36.4008	28.6518	2116	30	6	609	23	76	513	5	0.935207	1.09814e+06	6.37511e-05	
12013	12918	2741	36.7496	34.4558	2108	32	9	617	23	67	474	5	0.964142	901012	7.19062e-05	
11816	13324	2788	36.6186	34.1936	2157	30	6	632	24	90	510	5	1.78058	835918	6.86908e-05	
11918	13261	2736	32.5215	27.6699	2153	29	8	619	8	79	495	6	1.53398	1.03396e+06	6.11247e-05	
12059	12895	2756	35.8365	27.5988	2133	29	5	633	31	84	465	6	0.88124	1.18726e+06	6.28812e-05	
11636	12775	2746	36.4094	30.4681	2083	29	8	631	30	85	499	6	1.23496	918492	6.71953e-05	
11960	13350	2775	34.1264	34.1971	2036	30	8	626	22	77	508	4	1.62868	852678	6.80967e-05	
12086	13241	2777	32.2974	30.9534	2130	30	9	605	30	73	494	5	1.3197	983940	6.37105e-05	
12050	12961	2796	33.1986	25.0735	2109	31	8	628	8	83	468	5	0.992018	1.25176e+06	5.95983e-05	
11878	12759	2793	36.4008	28.6518	2116	30	6	609	23	76	513	5	0.937557	1.09952e+06	6.36699e-05	
11882	13083	2713	34.0023	29.1824	2132	31	8	619	2	90	503	4	1.3286	976520	6.35163e-05	
12068	12951	2706	33.5926	29.1827	2140	30	6	637	12	84	477	6	0.925485	1.12498e+06	6.33032e-05	
12000	12651	2765	37	33.9733	2009	31	9	643	7	65	466	6	0.636002	1.11906e+06	7.27431e-05	
11840	13448	2775	36.1124	32.924	2156	30	9	626	22	77	508	5	1.91473	845755	6.78242e-05	
12100	13427	2756	27.9034	28.3784	2117	28	6	617	19	71	490	5	1.53692	1.11927e+06	5.93789e-05	
11802	12742	2722	31.4389	29.216	2049	32	9	610	0	81	524	4	0.977761	1.09685e+06	6.33392e-05	
11626	12786	2732	35.5728	33.8522	2127	32	5	626	22	87	503	5	1.25438	863432	7.02198e-05	
11809	12922	2777	34.5269	30.3987	2073	30	9	623	22	84	513	5	1.23295	961066	6.46204e-05	
12086	13241	2777	32.2974	31.5232	2126	30	9	618	30	73	491	5	1.3197	968622	6.43376e-05	
11879	13496	2797	32.9921	26.9996	2006	29	7	636	5	90	515	5	1.94615	1.03554e+06	5.99449e-05	
12029	12955	2761	36.341	28.6465	2106	29	9	615	10	87	489	4	1.00051	1.05794e+06	6.33433e-05	
12070	13167	2780	28.2608	29.3239	2132	28	5	609	14	85	514	4	1.22998	1.16599e+06	5.90249e-05	
11876	12899	2711	35.4825	33.7635	2157	30	4	619	24	75	520	4	1.09389	913245	6.86248e-05	
12014	12845	2724	33.748	31.476	2088	28	9	634	21	71	496	4	0.858832	1.08309e+06	6.54965e-05	
11916	12936	2764	34.3635	28.2246	2088	32	7	609	22	71	511	5	1.11452	1.05575e+06	6.32831e-05	
12029	12897	2781	32.7132	27.7901	2126	29	9	619	10	87	489	4	0.926304	1.20522e+06	6.04266e-05	
11902	12712	2779	33.1197	30.0311	2141	28	7	601	12	81	487	5	0.838035	1.17845e+06	6.33553e-05	
11908	12871	2729	32.941	25.1034	2019	31	8	628	26	81	509	5	1.02293	1.20195e+06	6.00817e-05	
11881	12771	2778	33.2122	33.2645	2092	31	6	623	11	78	516	5	0.941871	1.02283e+06	6.66178e-05	
12017	13167	2760	31.1232	29.3239	2132	29	8	614	14	85	514	4	1.29458	1.05472e+06	6.07165e-05	
11976	12778	2745	36.8748	28.3846	2109	32	10	633	4	61	495	5	0.826586	1.10624e+06	6.59283e-05	
11688	12578	2734	31.8551	26.1479	2122	29	5	616	28	69	512	5	0.9075	1.25809e+06	6.04778e-05	
11918	13261	2742	32.5215	27.6699	2153	29	6	619	6	79	495	5	1.53735	1.04338e+06	6.0957e-05	
11698	12684	2708	35.0183	29.2043	2078	30	7	614	8	87	523	5	1.02639	1.01818e+06	6.48256e-05	
11871	12949	2753	35.8113	33.9908	2087	32	4	640	12	70	501	5	1.18368	884587	6.99496e-05	
11938	13241	2794	32.1441	30.3472	2130	30	9	626	8	82	481	6	1.5133	971217	6.33072e-05	
11625	12744	2728	33.2759	31.9444	2082	30	8	649	13	73	520	6	1.19684	929817	6.70916e-05	
11935	13020	2795	33.7533	26.1601	2089	29	7	603	16	89	505	6	1.21659	1.14091e+06	5.95628e-05	
12039	13016	2744	33.3625	32.4407	2071	28	5	640	23	61	495	5	1.06065	992825	6.64894e-05	
11908	12871	2729	32.9543	25.1034	2019	30	8	619	26	81	509	5	1.02295	1.20693e+06	5.98229e-05	
11374	13274	2721	36.5617	34.4242	2076	32	9	643	9	69	512	5	2.19167	779460	7.4162e-05	
11615	12591	2776	31.5544	30.9946	2036	31	8	617	1	85	512	5	1.0262	1.03618e+06	6.50681e-05	
12097	12624	2754	35.9522	33.9695	2050	32	7	606	12	65	511	6	0.477397	1.2059e+06	8.53388e-05	
11802	12742	2722	36.6214	30.9324	2049	32	9	608	0	81	519	4	0.983389	956552	6.77645e-05	
11726	12622	2774	34.826	28.1547	2142	30	7	604	35	85	500	5	0.935869	1.11717e+06	6.32351e-05	
11615	12679	2790	34.771	33.0464	2125	31	5	635	5	86	463	4	1.1516	910596	6.91754e-05	
11843	12710	2752	33.8839	32.2847	2049	29	9	639	8	79	465	6	0.900286	1.01664e+06	6.7861e-05	
11885	12598	2751	36.4431	29.1438	2053	31	9	639	16	82	509	5	0.704994	1.20251e+06	6.54108e-05	
11879	13496	2797	32.9921	26.9996	2006	29	7	636	5	90	511	5	1.94615	1.0344e+06	6.00456e-05	
11811	12803	2704	35.2679	28.7702	2106	30	5	650	31	80	503	5	1.04405	1.03937e+06	6.44995e-05	
11320	13083	2763	35.8924	34.7777	2000	31	8	624	12	76	504	6	2.02842	790234	7.3888e-05	
11885	12598	2751	36.7276	29.1438	2053	31	9	644	19	82	489	5	0.705143	1.18799e+06	6.60895e-05	
11954	12804	2776	35.3388	31.1887	2142	30	7	600	30	63	463	6	0.896816	1.03956e+06	6.76682e-05	
11698	12550	2708	33.5457	30.1258	2066	30	7	609	0	82	523	5	0.853789	1.09893e+06	6.51084e-05	
11320	13083	2763	35.8924	34.7777	2104	31	8	624	11	71	513	6	2.02842	794471	7.32708e-05	
11995	13219	2739	31.6139	26.7709	2073	31	6	615	2	78	514	5	1.38295	1.09942e+06	5.9891e-05	
11944	13213	2759	31.4085	30.1627	2053	31	5	607	1	79	528	4	1.44748	1.00021e+06	6.26763e-05	
11799	12581	2728	32.98	25.7194	2052	30	6	620	20	87	516	5	0.77805	1.34505e+06	6.05804e-05	
11811	13034	2738	35.4877	34.6526	2101	29	8	619	35	69	506	5	1.36279	836405	7.04871e-05	
11878	12759	2786	35.4757	27.9202	2116	29	10	609	23	76	516	5	0.934606	1.11769e+06	6.24298e-05	
12067	13128	2776	30.3456	29.0295	2090	29	8	613	11	63	521	5	1.18469	1.11146e+06	6.06759e-05	
12071	13167	2790	31.1232	29.3239	2132	29	5	614	14	85	514	5	1.24079	1.10035e+06	6.0107e-05	
12100	13155	2784	30.3417	29.4313	2097	30	6	635	31	73	484	5	1.18351	1.10124e+06	6.16409e-05	
12100	12928	2774	34.3635	32.3186	2088	32	6	617	22	71	492	5	0.878593	1.06408e+06	6.67156e-05	
12068	12951	2705	33.5926	31.3008	2081	30	6	637	12	87	477	6	0.925143	1.06103e+06	6.54279e-05	
12082	13163	2774	26.941	26.149	2080	30	7	632	21	89	500	6	1.20163	1.29413e+06	5.68279e-05	
11780	12916	2716	33.748	29.7356	2109	29	9	628	21	90	498	4	1.23195	971987	6.4222e-05	
11995	13219	2787	29.2726	28.3386	2073	31	6	615	1	78	514	5	1.40181	1.10182e+06	5.98086e-05	
11854	12622	2782	34.826	31.9759	2142	30	6	604	35	88	472	5	0.781549	1.11685e+06	6.67601e-05	
12100	13305	2768	31.1007	29.5353	2120	29	6	639	15	81	501	5	1.38369	1.04535e+06	6.08643e-05	
11627	12557	2784	36.0851	32.7517	2126	29	5	619	23	88	457	5	0.975375	946157	6.95652e-05	
11885	13230	2740	36.4431	29.1438	2053	31	9	639	19	81	520	5	1.5382	926731	6.48761e-05	
11885	12550	2740	33.4031	29.3693	2036	32	9	639	19	85	520	5	0.637748	1.29379e+06	6.6921e-05	
11838	13415	2775	36.1124	34.1971	2102	30	9	626	22	77	507	4	1.8712	820962	6.93914e-05	
12086	13427	2756	27.9034	28.3784	2115	28	6	646	19	74	490	5	1.55438	1.11143e+06	5.93261e-05	
12007	12962	2729	31.1101	26.3325	2100	28	10	610	21	69	511	4	1.01903	1.21026e+06	5.90912e-05	
11906	12739	2787	32.3542	26.7544	2142	29	9	629	9	65	491	4	0.870188	1.26272e+06	6.05583e-05	
11984	12739	2745	36.8748	29.673	2105	32	10	633	11	61	495	5	0.765685	1.11176e+06	6.71231e-05	
11885	12598	2745	36.4431	29.1438	2053	30	9	639	27	82	508	5	0.703457	1.20429e+06	6.53083e-05	
11809	12691	2752	32.1197	32.1391	2058	29	9	631	3	76	466	6	0.914482	1.04461e+06	6.71231e-05	
12082	13208	2770	26.941	25.6411	2071	30	7	639	21	88	500	6	1.26134	1.28538e+06	5.65323e-05	
11911	12655	2728	33.2822	25.0787	2005	30	10	609	21	72	478	5	0.738197	1.3441e+06	6.22084e-05	
11773	13253	2799	29.8557	32.1967	2096	31	8	644	18	90	527	5	1.7327	950782	6.36375e-05	
11948	12581	2733	32.98	31.4437	2027	32	7	613	20	87	522	5	0.598644	1.2739e+06	7.10278e-05	
12043	13496	2778	36.8304	32.1234	2033	30	8	631	31	73	499	5	1.73249	863548	6.744e-05	
11896	13162	2733	29.4263	30.767	2046	29	9	618	8	88	502	6	1.41913	1.00032e+06	6.29366e-05	
11925	13061	2717	36.972	32.6864	2060	30	8	612	33	82	491	4	1.25151	866602	6.91419e-05	
12039	13177	2744	33.3625	33.6894	2071	28	5	640	23	61	495	5	1.27695	911726	6.78334e-05	
11888	12664	2719	37	34.1873	2085	32	6	642	2	89	520	4	0.778181	1.01477e+06	6.97885e-05	
12050	12959	2796	33.1986	25.0735	2109	31	8	628	8	83	468	5	0.989308	1.25312e+06	5.95983e-05	
11980	13178	2786	31.8153	32.85	2077	28	5	623	23	81	502	5	1.36941	951311	6.47878e-05	
11992	13088	2773	36.6954	30.8821	2081	30	8	638	21	82	485	5	1.23067	932750	6.61463e-05	
11935	13020	2795	33.7646	26.3304	2038	29	7	603	16	89	505	6	1.2166	1.12575e+06	5.99305e-05	
12029	12955	2755	37	28.6465	2114	30	9	615	10	87	489	4	0.998666	1.04546e+06	6.39509e-05	
11866	12880	2800	34.3768	27.0212	2034	28	6	633	4	86	523	5	1.11564	1.12517e+06	6.02882e-05	
11737	13040	2794	30.4637	27.2675	2109	29	8	650	9	88	506	4	1.4828	1.07849e+06	5.95238e-05	
12069	12949	2753	35.8113	32.785	2087	32	4	644	14	67	516	5	0.939659	1.00294e+06	6.75083e-05	
12035	12861	2733	34.6974	25.1034	2041	31	8	622	28	81	513	5	0.857824	1.2897e+06	6.02119e-05	
11022	12664	2719	37	34.1873	2085	32	5	623	12	89	520	4	0.636002	1.11906e+06	7.27431e-05	
12097	12624	2754	35.9522	33.744	2050	32	8	606	12	65	511	6	0.477397	1.20674e+06	8.5237e-05	
11875	12699	2776	37	30.0608	2115	30	9	600	10	63	463	6	0.856593	1.03915e+06	6.81245e-05	
12046	13483	2751	36.8814	29.5584	2025	29	5	642	25	76	521	5	1.69392	944862	6.42137e-05	
11914	12811	2748	36.8304	29.8755	2020	30	8	625	30	86	499	5	0.946958	1.02009e+06	6.58328e-05	
11866	13147	2797	34.3768	26.8882	2034	28	6	627	4	86	523	5	1.47777	1.05903e+06	6.02446e-05	
11954	12579	2776	35.3388	31.1887	2101	30	9	600	7	63	463	6	0.600466	1.24793e+06	7.07914e-05	
12069	12871	2729	32.941	25.1034	2008	31	7	626	33	81	513	5	0.82593	1.35924e+06	5.95841e-05	
11918	13261	2736	32.5215	27.6699	2153	29	6	619	8	79	495	5	1.53398	1.04214e+06	6.10314e-05	
11843	12710	2752	32.1197	30.0651	2049	29	9	631	3	76	466	6	0.897925	1.1105e+06	6.49604e-05	
11965	13061	2752	32.7441	33.452	2071	29	4	641	23	72	495	5	1.2147	939078	6.70241e-05	
11938	12803	2746	35.2679	28.7702	2106	30	5	650	31	80	503	5	0.905385	1.12924e+06	6.33593e-05	
12081	13167	2780	28.2608	30.2925	2132	28	5	609	14	85	514	4	1.21617	1.14189e+06	5.99377e-05	
12029	12955	2761	37	28.6465	2018	30	9	615	8	87	502	4	1.00084	1.04059e+06	6.40369e-05	
11726	12622	2789	34.826	28.1547	2142	30	7	604	35	85	495	5	0.94093	1.11762e+06	6.31872e-05	
11861	12684	2708	32.5461	29.4056	2078	30	7	620	8	70	523	5	0.829186	1.17665e+06	6.35243e-05	
11849	13086	2733	35.6188	30.767	2046	29	9	618	5	88	502	6	1.38384	910654	6.59979e-05	
11690	12712	2779	35.216	26.4251	2150	28	7	601	8	81	510	5	1.10013	1.10938e+06	6.16561e-05	
11688	12578	2730	31.8551	25.9944	2082	29	5	616	28	69	512	5	0.906173	1.25864e+06	6.05914e-05	
11881	12771	2793	33.2122	33.2645	2092	31	6	611	11	78	516	5	0.946956	1.02448e+06	6.65247e-05	
12031	13090	2794	30.556	34.8795	2122	29	7	632	30	78	530	4	1.18615	970999	6.55996e-05	
12069	12871	2729	32.941	25.1034	2008	30	7	632	33	81	513	5	0.82593	1.36159e+06	5.92979e-05	
11882	12879	2711	29.1777	29.3785	2108	29	9	630	35	64	521	5	1.05045	1.13451e+06	6.18697e-05	
11874	12967	2769	35.0461	25.5479	2038	28	5	633	25	86	515	4	1.21045	1.14545e+06	5.99413e-05	
12034	12887	2741	36.7496	34.2839	2025	32	9	617	23	67	479	5	0.897273	927014	7.20202e-05	
11647	12598	2745	36.4431	35	2062	30	9	639	35	82	510	5	0.990943	878766	7.18236e-05	
11811	13035	2738	35.4877	30.0508	2101	31	8	624	35	87	506	5	1.36413	932012	6.54322e-05	
11961	12795	2740	29.2836	25.6182	2037	28	6	645	1	80	497	4	0.855019	1.40838e+06	5.85343e-05	
11636	12775	2733	36.4094	30.4681	2096	29	7	631	24	72	479	6	1.22911	911910	6.84322e-05	
11503	12804	2736	37	33.7429	2101	29	6	609	11	62	508	5	1.42614	820857	7.24061e-05	
11490	12550	2781	37	32.7624	2024	28	6	638	34	90	478	5	1.13038	881374	7.06714e-05	
11889	12718	2752	35.0781	25.4408	2110	31	7	619	34	72	511	4	0.855706	1.26005e+06	6.11023e-05	
11888	12664	2720	34.8719	34.1873	2113	32	4	642	16	83	520	4	0.777108	1.06366e+06	6.87285e-05	
11911	12655	2728	33.2822	25.0787	2005	30	10	609	20	71	453	5	0.738197	1.33e+06	6.31672e-05	
11881	12747	2793	33.2122	33.545	2092	31	6	610	29	79	516	6	0.914983	1.03544e+06	6.68583e-05	
11840	12680	2760	35.1798	28.3106	2120	31	5	644	3	72	516	5	0.868494	1.16094e+06	6.32591e-05	
11158	12733	2719	33.2988	33.9768	2072	30	5	621	13	81	530	4	1.951	1.11607e+06	5.92803e-05	
11866	13147	2797	35.2157	29.1673	2010	28	5	627	4	86	523	5	1.47851	987823	6.27983e-05	
12050	12959	2796	33.1986	25.4541	2106	31	8	628	11	81	468	5	0.989308	1.23534e+06	5.99988e-05	
11570	13024	2799	36.8722	33.7371	2119	30	8	609	14	67	518	4	1.6753	822275	7.06864e-05	
11961	12835	2740	29.2836	25	2037	28	5	645	4	85	491	4	0.907526	1.40837e+06	5.77234e-05	
11867	12739	2719	32.3542	26.7544	2137	32	10	629	20	65	491	4	0.896097	1.18611e+06	6.25078e-05	
11910	12922	2762	36.4424	33.2847	2130	32	5	634	26	86	504	5	1.10397	918985	6.82128e-05	
11698	12684	2708	35.0183	31.0256	2066	30	7	614	0	87	523	5	1.02639	971481	6.66001e-05	
12043	13448	2778	36.8304	31.8028	2047	30	8	631	31	73	494	5	1.66533	873166	6.72088e-05	
11826	13149	2759	35.8239	33.955	2160	31	9	615	0	68	485	5	1.51047	835471	7.03928e-05	
11696	12784	2736	33.3897	29.184	2073	30	7	620	25	79	512	5	1.168	1.0075e+06	6.40574e-05	
11848	12598	2736	36.4431	29.1438	2053	31	9	631	19	86	459	5	0.746077	1.1342e+06	6.68986e-05	
11629	12666	2769	30.5934	27.2624	2016	28	7	635	29	76	499	6	1.10288	1.13483e+06	6.12033e-05	
11733	12756	2711	35.4825	33.7279	2160	30	4	627	35	75	520	4	1.07913	906737	6.92761e-05	
11851	13228	2750	35.2843	32.7939	2079	31	8	649	4	86	495	4	1.58183	861645	6.78518e-05	
12007	13059	2728	29.1131	27.9542	2073	28	10	617	16	70	507	5	1.14259	1.15496e+06	5.99161e-05	
12070	13158	2780	36.3158	29.3239	2132	29	5	618	11	85	508	5	1.23147	1.02039e+06	6.28733e-05	
11470	12590	2723	35.0519	33.7134	2055	28	7	624	32	70	505	4	1.18016	860123	7.11693e-05	
11888	12664	2716	37	34.1873	2085	32	5	642	16	85	520	4	0.777322	1.01464e+06	6.9979e-05	
11615	12679	2790	34.771	34.0438	2059	31	5	635	6	86	463	4	1.1516	887585	7.05368e-05	
11908	12871	2729	30.5615	25.1034	2008	30	8	624	26	79	513	5	1.01881	1.25971e+06	5.8713e-05	
11811	13034	2738	35.4877	34.6526	2101	29	8	619	35	76	498	5	1.36279	837237	7.0373e-05	
12050	12895	2741	35.8365	27.5988	2133	29	9	614	30	84	465	6	0.887565	1.14502e+06	6.32471e-05	
11851	13228	2750	35.2843	32.7939	2079	31	8	649	4	84	495	4	1.58183	861022	6.7944e-05	
11627	12557	2789	34.3311	32.7517	2126	29	5	618	23	88	457	5	0.975721	975274	6.85166e-05	
11490	12565	2797	35.7539	31.9466	2000	28	6	638	34	90	478	5	1.15587	911360	6.8956e-05	
11866	13264	2763	37	26.8472	2056	28	7	638	2	81	530	5	1.23046	1.18586e+06	5.87475e-05	
11848	12598	2736	36.4431	26.9082	2053	31	9	631	19	86	459	5	0.746077	1.20364e+06	6.5083e-05	
11061	13377	2797	22.8716	30.0831	2121	28	4	622	4	89	521	6	1.58074	863239	6.77415e-05	
11838	13415	2775	36.1124	34.1971	2105	30	9	626	17	79	512	4	1.8712	822613	6.91419e-05	
12100	12937	2784	30.8452	28.7661	2140	31	7	641	32	70	477	5	0.888619	1.24958e+06	6.18582e-05	
11871	12949	2753	35.8113	33.9908	2087	32	4	640	12	67	516	5	1.18368	887021	6.96767e-05	
11762	12821	2735	34.2933	30.8526	2088	32	6	638	35	71	495	4	1.13782	956247	6.71231e-05	
11881	12695	2793	33.2122	33.2645	2092	31	6	611	25	78	516	6	0.845914	1.08623e+06	6.66134e-05	
11866	13165	2758	34.4066	26.7694	2056	28	6	638	2	81	530	5	1.48161	1.05683e+06	6.04193e-05	
12043	13496	2778	36.8304	31.4168	2020	30	8	631	31	83	499	5	1.73249	879953	6.63262e-05	
11888	12664	2719	34.8719	34.1873	2085	32	4	642	16	88	520	4	0.776822	1.06547e+06	6.87049e-05	
11712	12744	2726	33.2759	31.8636	2110	30	8	649	13	84	520	6	1.09247	968362	6.60197e-05	
11631	12859	2778	33.9647	30.57	2042	31	5	623	16	81	530	6	1.36523	951317	6.53125e-05	
12100	13208	2770	31.4222	25	2071	32	7	620	21	88	511	5	1.25215	1.20545e+06	5.77267e-05	
11871	12915	2753	35.8113	33.9908	2087	31	4	638	12	67	516	5	1.13843	898249	6.94252e-05	
11725	13054	2729	31.1101	27.9542	2100	29	10	619	21	66	507	4	1.48266	1.01691e+06	6.21234e-05	
12043	12830	2750	34.0573	33.8297	2101	32	8	600	14	72	464	4	0.811693	1.0415e+06	6.9735e-05