12100	13438	2800	21	25	2140	28	7	634	11	83	530	5	1.51843	1.66933e+06	5.24466e-05	
11091	13500	2701	37	34.9304	2056	32	10	627	15	68	485	4	2.80238	747611	7.83638e-05	
11130	13219	2700	37	35	2033	32	9	620	9	65	481	5	2.37866	746615	7.86535e-05	
12100	12550	2700	28.6927	34.7862	2092	30	8	631	7	62	504	6	0.358558	848508	0.000295508	
12100	12550	2700	28.6844	26.9511	2096	30	8	624	13	62	507	5	0.358532	892580	0.000287687	
12100	13368	2793	21	25.1015	2114	28	6	627	5	86	529	5	1.41667	1.71709e+06	5.27955e-05	
11191	13469	2701	37	34.9304	2069	32	10	609	15	68	485	4	2.64762	750419	7.75555e-05	
11091	13469	2701	37	34.9304	2056	32	10	627	15	68	485	4	2.76017	747757	7.83638e-05	
11209	13442	2701	37	34.8469	2056	32	10	624	9	65	491	4	2.59057	751733	7.74114e-05	
12100	13384	2787	21	25	2144	28	7	650	16	77	530	5	1.43592	1.70154e+06	5.2751e-05	
12081	13235	2784	22.3576	25	2115	28	7	632	12	81	527	5	1.27162	1.62958e+06	5.33903e-05	
12100	13411	2772	21	25	2160	28	6	638	11	89	530	4	1.46568	1.68317e+06	5.25403e-05	
11375	13339	2700	37	35	2104	31	10	636	16	65	502	5	2.26112	761075	7.55687e-05	
11091	13500	2701	37	34.8469	2056	32	10	627	13	65	486	4	2.80238	747463	7.84437e-05	
11197	13400	2701	37	35	2056	32	10	624	15	67	482	4	2.54724	748684	7.78574e-05	
11199	13416	2700	37	34.8469	2056	32	10	620	10	65	492	4	2.56569	751111	7.74713e-05	
12100	12550	2700	28.741	35	2000	30	8	603	12	62	503	6	0.358707	847833	0.000291971	
12100	13438	2781	21	25	2116	28	7	646	16	83	530	5	1.50812	1.65473e+06	5.27593e-05	
11713	13493	2744	36.3086	34.3389	2063	28	9	644	16	72	530	4	2.10912	806702	7.01213e-05	
12100	13235	2791	22.3576	25	2102	28	7	639	13	81	526	5	1.25084	1.64242e+06	5.3496e-05	
11347	13339	2700	37	35	2104	31	10	636	14	65	502	5	2.29324	760218	7.57404e-05	
11257	13391	2706	37	34.8681	2056	32	10	632	10	63	492	4	2.47158	753040	7.71843e-05	
12100	13384	2800	21.0355	25	2143	28	6	623	6	83	529	5	1.44324	1.70859e+06	5.25155e-05	
11197	13240	2702	37	34.7974	2056	32	10	624	23	68	485	4	2.3329	752694	7.74954e-05	
11661	13446	2713	37	35	2010	30	9	630	9	84	506	4	2.0831	778301	7.26691e-05	
12100	12550	2717	31.9689	35	2079	29	8	614	10	64	503	5	0.368365	1.02739e+06	0.000158278	
12096	12553	2701	28.741	35	2086	30	8	604	12	62	504	6	0.36753	887339	0.000259538	
12100	13235	2791	22.3576	25	2102	28	7	644	13	83	526	5	1.25084	1.64414e+06	5.34702e-05	
12100	12550	2732	29.0729	35	2118	32	9	601	20	65	493	5	0.363955	890446	0.000260824	
11513	13441	2700	37	35	2031	32	10	624	10	74	468	5	2.2395	757762	7.60398e-05	
12100	12550	2700	31.8498	25.3362	2062	31	7	636	13	71	513	6	0.365864	1.11129e+06	0.000154895	
11197	13366	2701	37	35	2056	32	10	624	15	68	482	4	2.50129	749025	7.77847e-05	
12077	12551	2702	31.2032	35	2128	28	7	600	15	72	515	5	0.394347	1.04675e+06	0.000143308	
12099	12550	2700	28.8542	35	2140	31	7	613	15	63	501	4	0.360272	869187	0.000275482	
12100	13475	2798	22.0194	25	2112	28	6	633	13	84	530	5	1.58494	1.52252e+06	5.27454e-05	
12100	12550	2700	29.4766	28.3008	2098	30	8	626	18	62	524	6	0.36081	962167	0.000229516	
12100	12550	2700	29.8569	30.5437	2160	30	7	610	10	70	519	5	0.361785	974375	0.00021245	
12100	12550	2701	29.9468	28.3183	2097	28	7	619	13	65	530	5	0.36214	997208	0.000206954	
12100	12550	2700	29.9264	30.9923	2103	30	10	638	10	66	503	5	0.361956	976834	0.00021004	
12100	13296	2786	22.5275	25	2126	28	5	640	14	85	530	5	1.33489	1.58972e+06	5.29325e-05	
12100	12550	2700	36.2478	30.2822	2160	31	7	625	3	72	515	5	0.37053	1.13637e+06	0.000115247	
12100	12567	2707	28.4151	35	2100	31	8	607	3	71	509	4	0.380208	907373	0.000245278	
12100	12550	2700	29.0482	26.4948	2156	28	10	628	19	71	520	5	0.359621	946741	0.000254065	
12095	13062	2782	26.0832	25	2138	29	5	622	9	77	530	5	1.04682	1.51519e+06	5.45554e-05	
12043	12578	2701	25.6624	34.601	2130	30	8	612	15	73	494	4	0.450931	903255	0.000247341	
11209	13391	2701	37	34.8469	2044	32	10	627	5	65	494	4	2.52148	751816	7.73874e-05	
12100	13361	2782	22.4416	25	2127	28	5	640	14	86	529	5	1.42207	1.55109e+06	5.29213e-05	
12100	12559	2700	31.6683	34.9498	2110	31	8	611	18	63	499	6	0.376961	1.03327e+06	0.000152788	
12100	12550	2700	32.4504	25	2145	30	7	640	20	80	530	5	0.366805	1.13197e+06	0.000145243	
12100	12550	2701	28.7737	26.6017	2074	28	8	600	13	73	502	5	0.358939	907815	0.000278087	
11524	13432	2700	37	35	2004	31	9	623	5	72	512	5	2.2145	766231	7.44713e-05	
11277	13291	2700	36.867	35	2088	32	10	624	11	67	498	5	2.30863	756991	7.6476e-05	
12100	12550	2700	31.6262	26.13	2063	28	8	634	3	72	501	5	0.365482	1.0918e+06	0.000159312	
11577	13403	2707	37	35	2030	32	10	623	11	70	527	5	2.11889	768516	7.40028e-05	
12100	12551	2704	31.2032	35	2122	28	7	635	15	72	515	5	0.366521	1.01344e+06	0.000171585	
12100	12550	2709	36.1834	34.606	2140	29	9	611	19	66	528	6	0.371728	1.09386e+06	0.000117509	
11516	13225	2717	37	35	2000	31	9	637	8	71	518	5	1.95757	772608	7.4151e-05	
12100	13044	2782	25.3677	25	2157	29	5	622	9	85	526	5	1.012	1.57293e+06	5.48456e-05	
12100	12557	2700	31.5609	34.9258	2122	28	8	624	13	70	515	5	0.374238	1.02915e+06	0.000156568	
12100	12550	2700	28.7714	32.3397	2112	30	10	622	16	69	526	6	0.3588	874174	0.00028393	
12100	12550	2700	29.2189	25	2108	32	9	630	15	62	471	5	0.360106	962610	0.000243546	
12100	13296	2786	22.4416	25	2127	28	5	640	14	81	530	5	1.33388	1.59882e+06	5.29717e-05	
12096	13411	2772	21	25	2141	28	6	640	10	90	530	4	1.4707	1.67715e+06	5.26094e-05	
12100	13317	2789	22.532	25	2119	29	6	645	9	83	530	5	1.36552	1.56066e+06	5.3166e-05	
11287	13391	2701	37	34.8465	2056	32	10	620	9	65	492	4	2.43286	754102	7.6864e-05	
11328	13442	2701	37	34.8465	2034	32	10	633	6	63	505	4	2.45512	755156	7.65169e-05	
11994	12550	2725	36.8099	35	2043	29	8	632	21	71	496	5	0.504401	1.1914e+06	7.92644e-05	
12100	13296	2758	22.2542	25	2127	28	5	640	14	87	529	5	1.31822	1.61193e+06	5.31773e-05	
12100	12550	2714	36.8805	30.9776	2160	29	8	632	3	68	487	5	0.37278	1.14147e+06	0.000112095	
12100	12550	2700	32.308	26.9456	2076	29	8	641	14	69	530	5	0.366592	1.10073e+06	0.0001485	
12100	12589	2700	27.3274	35	2077	31	7	608	18	72	513	4	0.403204	896860	0.00025227	
12100	12550	2700	28.9341	34.9553	2098	31	8	609	14	61	502	6	0.359288	869775	0.000273598	
12100	13438	2788	21	25	2141	28	7	634	11	83	530	5	1.51192	1.66552e+06	5.25624e-05	
12100	12550	2700	29.4766	29.6353	2099	30	8	626	22	62	522	6	0.36081	954101	0.000230681	
12100	13296	2758	22.2542	25	2127	28	5	640	14	87	519	5	1.31822	1.60583e+06	5.34788e-05	
11315	13366	2701	37	34.9304	2056	29	10	624	15	68	485	4	2.36712	758784	7.60052e-05	
12083	12550	2722	28.1616	34.9601	2127	28	8	600	5	69	505	5	0.380661	884540	0.00026476	
12083	12568	2718	28.1616	34.9601	2127	31	8	600	5	69	505	5	0.403072	958297	0.000207943	
11625	13233	2700	37	34.997	2124	32	9	616	22	68	513	4	1.82865	775768	7.36323e-05	
12100	12550	2700	29.5937	26.9751	2049	30	7	603	18	67	483	5	0.361118	979091	0.000222916	
12100	13264	2791	22.3576	25	2111	28	7	639	15	81	526	5	1.29093	1.62284e+06	5.32623e-05	
12100	12550	2700	35.2631	25	2062	31	8	631	13	71	513	6	0.369876	1.19732e+06	0.000118638	
12099	12550	2727	28.7862	34.9274	2136	31	7	603	16	61	503	6	0.363667	864964	0.000280584	
12100	13196	2785	23.8248	25	2148	28	9	628	14	75	528	5	1.20948	1.53534e+06	5.36021e-05	
12100	12550	2700	29.6693	31.2802	2098	30	6	617	13	67	500	5	0.361313	957116	0.000222074	
11961	12703	2701	33.0938	25	2080	29	9	621	2	77	512	4	0.73182	1.38755e+06	6.04522e-05	
12068	12550	2738	36.7126	35	2067	31	10	622	16	77	529	6	0.415593	1.14555e+06	9.87654e-05	
12100	13342	2793	22.2552	25	2092	28	6	625	15	86	529	5	1.39894	1.57694e+06	5.29829e-05	
12068	12550	2700	37	33.9506	2097	30	7	611	17	69	505	4	0.409959	1.15226e+06	9.79624e-05	
12100	12563	2700	31.5609	34.9258	2098	28	8	621	13	70	515	5	0.381844	1.03779e+06	0.000149544	
12100	12550	2758	37	27.03	2110	29	9	633	13	85	505	5	0.378879	1.20136e+06	0.000108778	
12048	12578	2701	25.6624	34.601	2127	30	8	612	15	73	494	4	0.444847	879364	0.00026688	
11961	12719	2775	34.0405	25.9414	2067	30	10	640	0	79	523	5	0.774093	1.3312e+06	6.02083e-05	
12100	12550	2700	29.7485	26.5111	2160	31	7	636	3	72	515	5	0.361514	1.004e+06	0.000213767	
12100	13438	2787	21	25	2144	28	7	646	16	83	530	5	1.51138	1.66038e+06	5.2579e-05	
11633	13347	2700	37	35	2000	31	9	631	5	84	516	4	1.97218	775834	7.30674e-05	
12100	12550	2700	35.7649	26.2858	2079	30	9	638	7	69	507	5	0.370233	1.17988e+06	0.000116104	
11362	13421	2702	37	34.8469	2034	32	10	633	20	64	505	4	2.38855	757002	7.62486e-05	
12100	12550	2700	29.5525	32.3397	2086	30	9	623	18	73	530	4	0.36101	945694	0.000228154	
12100	12550	2700	31.4542	25.5215	2103	29	8	629	14	83	507	5	0.365177	1.09474e+06	0.000162075	
12100	12550	2700	35.8873	29.4966	2149	30	7	609	5	69	510	6	0.370312	1.14198e+06	0.000116945	
11801	13224	2768	37	33.51	2136	32	10	621	12	81	530	4	1.64897	828937	6.90512e-05	
12093	12550	2703	37	25.6864	2101	31	8	605	18	62	505	6	0.379883	1.23992e+06	0.00010543	
12083	12906	2786	29.273	25	2106	29	9	618	14	77	519	5	0.865085	1.46439e+06	5.69573e-05	
12100	12550	2700	29.4265	34.4397	2106	32	8	622	11	77	509	6	0.360676	926260	0.000237023	
11857	13325	2712	37	34.997	2084	32	9	643	7	70	498	5	1.68435	786971	7.26956e-05	
12100	13102	2783	25.9725	25	2132	28	5	628	13	67	530	5	1.09475	1.4941e+06	5.43449e-05	
12100	12550	2700	29.6693	26.9751	2098	30	6	617	13	72	503	5	0.361313	991222	0.000218293	
12100	12816	2733	33.7829	26.095	2154	29	7	616	17	87	505	6	0.717707	1.40987e+06	6.0757e-05	
12100	12567	2748	36.7287	27.7871	2076	31	9	647	25	88	521	5	0.39931	1.21515e+06	0.000101585	
12012	12653	2728	37	25.7052	2077	31	10	638	8	80	526	5	0.615372	1.37373e+06	6.4433e-05	
12085	13359	2792	22.7421	25	2092	28	7	620	17	85	525	6	1.44678	1.50637e+06	5.33333e-05	
12100	12550	2700	29.1212	34.6034	2098	30	8	610	12	60	501	4	0.359831	891027	0.000258398	
11248	13219	2701	37	35	2033	32	9	620	7	67	505	5	2.24617	755255	7.68699e-05	
12098	13063	2797	25.5717	25	2086	29	4	627	10	80	530	4	1.04715	1.5468e+06	5.45435e-05	
12100	12550	2703	35.3348	35	2050	30	8	622	11	78	502	5	0.370341	1.08003e+06	0.000123001	
12100	12561	2704	37	34.6305	2131	32	6	607	15	68	510	6	0.385422	1.124e+06	0.000107585	
12083	12557	2718	29.1393	35	2130	31	8	600	5	75	510	5	0.392106	986004	0.000189825	
12064	12578	2701	33.1986	34.601	2130	30	8	612	15	73	494	4	0.447419	1.13993e+06	0.00010021	
12100	12550	2700	29.1522	34.7016	2086	30	8	613	11	62	499	6	0.359919	894640	0.000256082	
12100	12550	2700	32.1154	34.8646	2071	30	6	615	7	66	514	6	0.366294	1.02965e+06	0.00015625	
12100	12558	2700	28.8835	34.2125	2097	30	7	600	18	61	523	6	0.369275	908555	0.000244738	
11806	13295	2700	37	35	2110	32	9	624	6	65	491	5	1.69753	781862	7.3616e-05	
12100	12551	2700	33.2505	35	2128	28	7	600	15	72	516	5	0.369154	1.04929e+06	0.000140056	
11787	13353	2711	36.3086	35	2076	28	10	641	17	69	499	4	1.80514	790684	7.18752e-05	
12095	13080	2782	26.0832	25	2138	29	5	622	9	77	530	5	1.07129	1.49892e+06	5.44277e-05	
12100	12550	2700	31.4439	34.4888	2041	30	6	618	14	66	484	4	0.365159	1.01708e+06	0.00016835	
12093	13044	2780	26.0832	25	2138	29	5	622	9	80	530	5	1.02416	1.52558e+06	5.46807e-05	
12100	12550	2700	36.6134	25.2455	2096	28	6	647	5	70	508	5	0.370728	1.22856e+06	0.000110975	
12087	12550	2710	37	27.1972	2078	31	9	629	7	90	504	5	0.388219	1.21213e+06	0.000102955	
12009	13057	2734	36.8099	35	2043	30	6	632	21	77	494	5	1.15114	857950	7.08416e-05	
12100	12906	2761	29.1428	25	2085	29	9	625	16	75	525	4	0.835723	1.46846e+06	5.75606e-05	
12100	13296	2786	29.5958	25	2120	28	5	633	14	86	529	5	1.37672	1.25934e+06	5.50782e-05	
12100	12550	2700	31.2389	26.1346	2094	28	10	633	19	72	501	5	0.36478	1.07762e+06	0.000167056	
11967	12644	2709	36.7564	29.9439	2049	31	7	617	18	66	517	6	0.654107	1.20965e+06	6.749e-05	
12100	13165	2781	23.9082	25	2132	28	5	622	16	67	530	4	1.16597	1.5677e+06	5.38706e-05	
12100	12550	2703	28.7989	34.3297	2105	30	8	616	11	80	511	4	0.359282	870961	0.000282965	
11257	13391	2701	37	34.8681	2056	32	10	627	10	63	492	4	2.46702	752125	7.72559e-05	
11692	13493	2744	36.3086	34.3389	2063	28	9	644	21	72	530	4	2.13435	806013	7.02543e-05	
12088	13102	2773	30.796	25.4085	2107	29	6	640	21	76	510	5	1.12275	1.26153e+06	5.71527e-05	
12018	13120	2780	25.9757	25	2142	28	9	631	19	75	530	5	1.22092	1.38643e+06	5.44188e-05	
12100	12550	2700	29.0165	31.8584	2120	31	6	616	20	65	512	6	0.359529	900611	0.000262881	
11958	13325	2712	37	33.2525	2080	32	9	643	4	79	513	5	1.56237	830386	6.9377e-05	
12100	12550	2700	32.4504	26.0217	2144	30	7	640	20	72	530	5	0.366805	1.11697e+06	0.000145879	
12100	12550	2701	28.9738	31.8584	2114	28	6	621	17	65	511	6	0.359538	899995	0.000265887	
12100	12550	2700	29.3248	29.2311	2101	30	6	629	17	73	500	5	0.3604	951368	0.00023855	
12029	13500	2794	30.2582	26.5602	2054	30	7	636	7	90	505	5	1.75734	1.09793e+06	5.81058e-05	
12018	13491	2772	24.4019	25	2160	28	6	636	11	88	530	4	1.71889	1.33087e+06	5.35733e-05	
12073	12550	2711	36.6702	33.2591	2062	30	10	642	20	80	526	5	0.405354	1.14839e+06	0.000100634	
11969	13500	2792	33.8592	33.441	2016	30	8	616	6	89	518	5	1.83731	869376	6.64408e-05	
11953	12989	2795	28.132	32.1374	2048	28	8	628	12	76	530	5	1.13983	1.10324e+06	6.23247e-05	
12070	13411	2770	23.9165	25	2156	28	6	637	10	77	530	4	1.53749	1.39286e+06	5.34874e-05	
12100	13121	2793	27.5077	25	2127	28	5	640	14	81	529	5	1.13191	1.40895e+06	5.43331e-05	
11933	13439	2703	37	34.2284	2032	31	8	630	14	88	506	6	1.74153	808075	7.04722e-05	
12005	12644	2709	36.7564	29.9439	2049	31	7	617	18	66	517	6	0.607961	1.25087e+06	6.85354e-05	
12100	12550	2701	28.7737	27.8155	2050	28	8	600	4	73	502	5	0.358939	897429	0.000279564	
11576	13363	2707	37	35	2112	32	10	627	11	72	474	4	2.06588	765884	7.49176e-05	
12044	12610	2738	37	25.7472	2072	31	10	640	4	84	521	5	0.522618	1.37065e+06	7.16281e-05	
12100	12550	2700	30.2195	25.186	2068	28	8	634	11	72	507	6	0.362651	1.04514e+06	0.00019425	
12056	12674	2740	37	29.2526	2091	30	9	645	18	66	502	5	0.591059	1.28576e+06	6.84556e-05	
12048	12550	2716	33.8618	35	2082	31	8	625	20	78	523	5	0.434554	1.13397e+06	0.000102103	
12100	12550	2700	30.3975	30.7395	2053	31	10	634	7	61	513	5	0.363054	1.00025e+06	0.000192938	
12083	12550	2700	29.1522	35	2086	30	8	613	16	60	501	6	0.380676	960300	0.000205508	
12082	12550	2700	37	25	2103	29	7	629	17	83	507	5	0.392888	1.27183e+06	9.9691e-05	
12070	13411	2770	26.8112	25	2156	28	6	637	10	77	530	4	1.55556	1.27669e+06	5.43419e-05	
12100	12550	2700	34.7192	35	2057	29	8	646	14	68	484	4	0.369431	1.07378e+06	0.00012747	
11789	12567	2739	37	25	2018	31	9	649	14	86	518	5	0.778661	1.25667e+06	6.24181e-05	
12100	12550	2700	30.5816	29.1266	2036	28	8	600	0	71	511	5	0.363456	1.02065e+06	0.000185943	
12100	12550	2701	30.4759	29.1266	2046	29	8	600	0	71	509	5	0.363362	1.01459e+06	0.000189107	
12082	12550	2700	37	33.7995	2119	29	8	629	14	83	507	5	0.392888	1.13511e+06	0.000103918	
12096	12554	2710	32.7188	35	2092	30	8	602	5	71	515	5	0.37854	1.05261e+06	0.000139179	
12099	12554	2727	29.4743	35	2134	31	7	607	8	61	511	6	0.370764	944076	0.000219829	
11296	13038	2701	37	34.8469	2056	32	8	621	13	65	488	4	1.95157	759881	7.68167e-05	
12100	13425	2793	21.0355	25	2143	28	6	623	6	86	529	5	1.49701	1.67474e+06	5.24962e-05	
12100	12550	2700	37	32.9323	2145	30	9	618	18	67	515	4	0.370911	1.11484e+06	0.00011274	
12100	13411	2770	21	25	2160	28	6	637	11	87	530	4	1.46462	1.68215e+06	5.25845e-05	
12100	12550	2700	30.754	32.9323	2145	30	9	618	18	67	515	4	0.36382	1.003e+06	0.000183318	
12100	12550	2702	29.6305	28.1328	2059	31	6	614	5	71	522	5	0.361481	978593	0.000221141	
12100	12551	2712	35.3348	35	2052	30	9	624	23	78	502	5	0.372847	1.08281e+06	0.000122085	
12100	12561	2714	34.6181	35	2148	31	8	600	16	67	520	4	0.385269	1.08695e+06	0.000119947	
12100	12550	2700	29.5383	26.9456	2079	29	6	644	14	79	530	5	0.360973	995716	0.000223864	
12100	12666	2756	36.7287	27.7871	2010	31	10	647	18	88	515	5	0.529162	1.32549e+06	7.27008e-05	
12100	12644	2715	36.8439	34.8257	2078	32	9	605	7	63	504	4	0.493087	1.18826e+06	8.11952e-05	
12048	12550	2716	33.0484	35	2082	31	9	625	20	83	523	5	0.433585	1.12166e+06	0.000106349	
12100	12595	2705	37	34.7943	2043	30	7	632	21	79	502	5	0.428811	1.15988e+06	9.35279e-05	
12100	12550	2702	33.5861	30.5375	2127	31	10	604	17	65	517	5	0.36856	1.08535e+06	0.000135117	
12043	12578	2700	25.6624	34.601	2130	30	8	612	15	69	498	4	0.450764	902103	0.000247647	
12100	12550	2702	29.0201	35	2137	28	9	600	13	72	515	5	0.359806	885308	0.000265182	
12054	13122	2793	24.0082	25.0006	2124	28	9	638	5	79	530	5	1.17085	1.54254e+06	5.3723e-05	
12093	12965	2800	37	34.5222	2017	30	7	625	8	75	517	6	0.947711	950552	6.8899e-05	
12060	12550	2701	36.0252	25.257	2047	31	9	647	15	89	512	5	0.419347	1.2775e+06	9.38527e-05	
12056	12729	2740	37	29.5324	2091	30	9	645	18	66	502	5	0.662617	1.22599e+06	6.64452e-05	
12100	12551	2700	32.6271	35	2065	31	7	628	13	61	520	5	0.368327	1.04039e+06	0.000147732	
12095	13062	2783	26.0832	25	2138	31	5	622	9	77	530	5	1.0472	1.50122e+06	5.50055e-05	
12100	12550	2700	29.322	33.8611	2160	31	7	625	19	72	516	5	0.360392	920959	0.000242601	
12100	13317	2789	22.532	25	2119	29	6	645	9	78	525	5	1.36552	1.55512e+06	5.34131e-05	
12082	13059	2795	30.4608	25.2238	2066	30	7	620	14	78	517	6	1.07973	1.294e+06	5.69314e-05	
12075	13359	2792	30.2879	25	2092	28	7	620	14	84	521	6	1.50062	1.20916e+06	5.58722e-05	
11494	13266	2700	37	34.997	2060	32	9	650	18	68	513	4	2.02569	766966	7.47552e-05	
12100	12550	2700	32.2643	34.7016	2130	30	8	613	11	62	501	6	0.366526	1.03098e+06	0.000153941	
12100	12550	2700	30.2048	31.9209	2105	31	9	607	14	64	502	6	0.362617	980307	0.000200401	
12096	12554	2707	30.2546	35	2092	30	8	602	5	71	515	5	0.373652	993614	0.00018423	
12100	12568	2718	28.0518	34.9601	2102	31	9	600	22	69	481	5	0.381793	872270	0.000271665	
12100	12983	2719	32.6625	25	2082	29	8	643	17	77	517	5	0.931594	1.30932e+06	5.817e-05	
12085	13218	2792	24.3944	25	2065	28	7	622	17	82	519	6	1.26639	1.46117e+06	5.41184e-05	
12100	12797	2718	33.4224	26.0911	2094	29	7	623	18	86	521	5	0.688628	1.41073e+06	6.15574e-05	
12100	12550	2700	28.741	31.7724	2000	30	6	604	6	62	502	6	0.358707	864537	0.000288434	
12048	12550	2709	35.5582	35	2103	30	8	611	19	71	515	6	0.434937	1.15366e+06	9.54745e-05	
12100	13070	2789	27.7024	25.5871	2062	29	10	627	7	84	526	4	1.06142	1.36909e+06	5.56452e-05	
12100	13233	2700	37	31.4257	2124	32	9	614	13	65	513	5	1.25966	896023	6.77966e-05	
11841	13446	2713	37	35	2023	29	9	630	13	84	506	4	1.86848	788363	7.14235e-05	
12100	12576	2714	28.1616	34.6528	2141	30	8	600	11	65	503	5	0.391819	923777	0.000232612	
11402	13425	2700	37	35	2028	31	9	630	4	69	509	5	2.34623	762561	7.53012e-05	
12100	12550	2700	31.2837	25.5215	2103	28	8	629	20	83	507	5	0.364864	1.08951e+06	0.000165508	
11758	13398	2700	37	35	2104	30	8	636	8	65	504	5	1.89339	782268	7.28597e-05	
12100	12550	2700	29.5525	31.3168	2086	30	10	623	18	72	526	4	0.36101	951928	0.000227428	
12100	12550	2707	31.2654	35	2000	30	8	603	9	62	509	6	0.365776	1.0088e+06	0.000172444	
12049	12562	2700	36.5388	26.709	2096	32	9	644	14	88	519	5	0.448081	1.2815e+06	8.52442e-05	
11783	13373	2786	32.6433	28.8421	2155	29	10	634	25	90	522	4	1.88424	978285	6.11995e-05	
12100	12550	2700	30.9315	27.5091	2078	30	8	635	17	71	502	5	0.364182	1.05509e+06	0.000175131	
12100	13363	2700	37	34.9982	2004	32	10	623	12	74	474	5	1.43415	798384	7.29235e-05	
12099	12571	2727	28.7862	34.9274	2136	31	7	603	16	61	505	6	0.390558	959299	0.000208855	
12054	13122	2793	24.0082	25.0006	2095	28	9	640	5	79	529	5	1.17085	1.53731e+06	5.38764e-05	
12100	12789	2761	37	25	2110	29	9	633	13	85	505	5	0.691837	1.39719e+06	6.11845e-05	
12100	12550	2700	35.1729	35	2084	29	9	631	11	63	505	6	0.369807	1.07764e+06	0.000124177	
11350	13391	2700	37	34.8469	2067	32	10	624	10	65	491	4	2.35995	756364	7.64234e-05	
12100	12772	2763	34.5736	26.095	2100	28	7	631	14	74	521	5	0.668249	1.42412e+06	6.21157e-05	
11343	13266	2700	37	34.997	2108	32	10	643	19	68	513	4	2.1998	761910	7.54546e-05	
12100	12587	2747	37	25.7052	2100	31	10	640	4	84	526	5	0.425125	1.28399e+06	9.12326e-05	
11753	13360	2788	35.9977	35	2082	30	10	638	15	90	511	4	1.9077	810246	6.98812e-05	
12071	13416	2772	30.4053	27.0918	2127	29	7	610	21	78	529	5	1.57423	1.11273e+06	5.79475e-05	
12082	12550	2700	37	34.6074	2103	30	8	629	14	85	507	5	0.392888	1.12804e+06	0.00010433	
12021	12550	2701	36.6134	25.2455	2096	28	6	647	5	70	517	5	0.467112	1.36119e+06	7.99872e-05	
11415	12550	2740	37	34.8346	2107	28	10	624	20	73	525	6	1.20173	818977	7.30353e-05	
12092	12550	2700	29.3599	34.346	2078	30	7	642	8	71	518	6	0.370267	956660	0.000216779	
12100	12550	2700	32.7473	26.1346	2094	28	10	633	19	72	504	5	0.367228	1.11813e+06	0.000142126	
12100	13290	2791	22.3576	25	2111	28	7	639	15	81	526	5	1.32695	1.60214e+06	5.31717e-05	
12100	12550	2700	36.8592	34.8104	2062	30	6	650	23	69	530	5	0.370847	1.10701e+06	0.000114338	
12049	12567	2700	36.5031	25.6808	2018	31	9	647	17	88	512	5	0.454404	1.31279e+06	8.34794e-05	
12100	12553	2706	28.741	35	2086	30	8	603	12	62	504	6	0.363313	867278	0.000276472	
12100	12550	2700	28.7259	30.685	2128	31	6	614	17	70	506	5	0.35866	877503	0.000286944	
12100	12550	2700	28.8081	34.5708	2080	30	7	642	9	71	522	5	0.358911	874196	0.000282326	
12068	13395	2713	36.3086	35	2111	28	10	632	17	76	491	5	1.52337	814218	7.02198e-05	
12100	12550	2700	31.7517	32.9268	2078	31	10	637	13	73	522	5	0.365699	1.03433e+06	0.000161031	
12100	13368	2793	21.0355	25.1015	2133	28	6	627	5	86	529	5	1.41728	1.7128e+06	5.2712e-05	
12100	13120	2785	25.412	25	2132	28	5	610	13	80	530	5	1.11688	1.51267e+06	5.39695e-05	
11843	12550	2700	33.6645	29.4101	2066	31	9	614	17	75	522	5	0.679058	1.24284e+06	6.57549e-05	
12062	13119	2779	35.8496	25	2065	28	9	620	9	78	504	5	1.18754	1.1477e+06	5.95628e-05	
12100	12550	2700	34.8652	32.9323	2145	30	9	618	17	72	515	4	0.369557	1.08473e+06	0.000125266	
11577	13467	2707	37	35	2030	32	10	623	11	70	515	5	2.2059	766439	7.43218e-05	
11712	13419	2713	37	34.7706	2010	31	10	611	13	84	501	4	1.98584	778958	7.2685e-05	
12100	12550	2707	28.741	34.5255	2078	30	7	607	13	62	512	6	0.359637	853235	0.00029036	
11733	13500	2794	33.8361	32.6743	2091	30	10	632	20	88	518	5	2.13086	870205	6.6291e-05	
12049	12550	2701	37	25.257	2047	31	9	647	15	89	512	5	0.433255	1.30649e+06	8.71688e-05	
12100	12550	2700	29.3599	34.346	2078	30	7	642	7	71	522	5	0.360495	925275	0.000240616	
12100	13368	2793	21.0355	25.1015	2114	28	6	627	5	86	529	5	1.41728	1.71151e+06	5.27872e-05	
12097	13217	2730	35.6867	35	2005	29	8	628	17	75	529	5	1.25503	854979	6.92089e-05	
12100	12550	2700	29.0073	31.1218	2078	30	5	642	6	72	514	5	0.359503	915649	0.000261849	
12100	12550	2700	30.173	25	2080	29	9	634	16	72	530	5	0.362543	1.04343e+06	0.00019558	
12100	13438	2781	21	25	2116	28	7	634	16	83	530	5	1.50812	1.65806e+06	5.27565e-05	
12100	12550	2701	31.1429	26.6165	2065	31	7	612	17	75	528	5	0.364732	1.07047e+06	0.00016952	
12100	13170	2704	28.0024	33.4309	2086	30	8	612	11	81	500	6	1.16279	1.03559e+06	6.52188e-05	
12100	12550	2700	35.0446	32.5104	2052	31	8	647	5	74	520	4	0.369705	1.09585e+06	0.000123747	
12100	12791	2777	34.4216	32.759	2012	30	8	614	22	90	529	4	0.696701	1.20373e+06	6.66889e-05	
12099	12550	2700	37	35	2140	31	7	613	15	63	501	4	0.372133	1.10165e+06	0.000113199	
12100	12550	2700	28.9738	34.6034	2098	30	8	610	12	60	501	4	0.359405	876390	0.000269833	
12100	12550	2700	28.7737	26.6017	2078	28	8	630	13	71	515	5	0.358807	917011	0.000277239	
12100	12945	2786	28.4691	25	2107	29	8	618	14	76	523	5	0.893687	1.4858e+06	5.64366e-05	
12100	12550	2700	30.8242	30.4294	2160	30	7	618	3	72	525	5	0.363965	1.02424e+06	0.000179598	
12049	13359	2792	22.7421	25	2115	28	7	620	15	85	530	6	1.49215	1.49019e+06	5.31887e-05	
11768	13485	2713	37	35	2066	31	10	643	3	86	506	4	2.00918	782912	7.18442e-05	
12054	12576	2729	37	29.1401	2078	28	7	618	10	88	522	5	0.46492	1.26542e+06	8.22978e-05	
12100	12550	2700	29.8569	30.6046	2160	30	7	610	10	70	519	5	0.361785	973977	0.000212495	
12099	12550	2710	29.5746	34.4311	2089	29	8	603	11	60	511	6	0.363631	934063	0.000226552	
12100	12685	2709	37	25	2054	30	4	633	22	81	529	4	0.544655	1.47837e+06	6.85542e-05	
12018	13491	2787	24.4019	25	2160	28	6	630	11	88	530	4	1.72819	1.33573e+06	5.34331e-05	
12100	12550	2700	32.3932	25.6587	2052	31	7	632	3	71	522	4	0.36672	1.11907e+06	0.000146606	
12100	13073	2786	28.4691	25.4399	2106	29	9	618	14	78	519	5	1.06712	1.35175e+06	5.59566e-05	
12099	12564	2700	29.4766	34.8166	2090	30	7	603	18	78	505	4	0.379776	977346	0.000196117	
12100	12550	2700	28.8835	28.9862	2093	30	7	611	19	67	523	5	0.359138	903493	0.000270709	
12100	12550	2700	30.2048	30.8691	2105	31	9	607	14	66	502	6	0.362617	988007	0.000199561	
11163	13020	2700	37	35	2087	32	9	621	14	65	519	5	2.07799	757957	7.68521e-05	
12100	13114	2700	28.8138	34.7016	2084	28	8	611	11	65	499	6	1.08944	1.0072e+06	6.74036e-05	
12100	12550	2700	31.5167	28.3008	2136	30	8	624	18	62	524	6	0.365289	1.06212e+06	0.000162866	
12100	12550	2705	28.741	34.5255	2000	30	7	607	13	62	504	6	0.359371	852100	0.000291036	
11928	12780	2769	30.7025	25	2114	30	10	616	18	67	506	4	0.888547	1.34926e+06	5.84522e-05	
12100	12584	2700	28.8981	35	2125	30	9	605	12	65	530	6	0.40231	998497	0.00018044	
12100	12577	2709	29.0647	35	2132	28	9	603	20	74	508	5	0.395221	992232	0.000186881	
12100	13493	2701	27.6522	25	2112	28	7	616	13	84	529	5	1.59503	1.22948e+06	5.54631e-05	
11905	13117	2786	26.3923	25.1705	2116	29	9	624	14	78	521	5	1.36247	1.28922e+06	5.55278e-05	
11975	13463	2800	36.8509	33.9877	2061	29	10	605	16	88	499	4	1.78517	827445	6.85589e-05	
12100	12550	2700	34.144	35	2084	31	7	601	11	64	505	6	0.368889	1.06155e+06	0.00013231	
11347	13339	2704	37	35	2110	31	10	601	14	65	513	5	2.29664	762336	7.54489e-05	
12100	13475	2798	34.9474	25	2117	28	6	633	13	84	530	5	1.64209	1.14423e+06	5.74713e-05	
11633	13492	2705	37	35	2089	31	10	633	8	84	497	4	2.1726	774554	7.29874e-05	
12080	13326	2776	23.6663	25	2131	30	7	620	16	86	530	5	1.4082	1.44003e+06	5.38358e-05	
12100	12550	2716	29.4657	33.8035	2127	30	8	600	11	65	518	5	0.362918	927243	0.000234247	
11998	13217	2750	35.7025	35	2005	28	8	627	11	72	515	5	1.3869	837489	6.96913e-05	
11841	13446	2713	37	35	2010	30	9	630	13	84	506	4	1.86848	786581	7.16794e-05	
12077	12550	2702	31.2032	35	2128	28	9	600	15	72	515	5	0.393079	1.04349e+06	0.000144321	
12100	12577	2709	29.0647	35	2137	28	9	600	12	74	508	5	0.395221	989783	0.000186951	
12100	13425	2793	21.0355	25	2114	28	6	627	6	86	530	5	1.49701	1.67083e+06	5.25707e-05	
12100	12550	2700	31.1533	28.3008	2098	30	8	626	18	62	526	6	0.364617	1.05146e+06	0.000170532	
12087	12550	2705	37	35	2043	30	7	632	21	79	496	5	0.387503	1.12099e+06	0.000106838	
12100	12550	2701	28.8981	27.2706	2097	30	7	619	13	65	530	5	0.359314	918379	0.000267523	
11961	12719	2737	34.0405	25.835	2095	30	10	640	0	79	523	5	0.763492	1.32984e+06	6.0423e-05	
12074	12714	2756	36.7287	27.7871	2013	31	10	645	19	90	515	6	0.624313	1.31991e+06	6.55265e-05	
11768	13491	2713	37	35	2010	32	10	607	13	84	506	4	2.01739	775059	7.28279e-05	
11993	12706	2714	36.6674	25.3318	2077	29	8	626	7	73	505	5	0.703388	1.34731e+06	6.22975e-05	
12100	12550	2700	30.7655	25.1672	2068	28	8	634	5	72	506	6	0.363844	1.07154e+06	0.000177715	
12057	12883	2796	36.388	25.6915	2050	30	8	616	16	77	516	4	0.880726	1.24498e+06	6.0518e-05	
11504	13291	2705	37	34.8393	2004	31	9	639	3	69	512	5	2.05138	770207	7.44657e-05	
12100	12948	2740	29.1428	25	2085	32	9	625	16	75	525	4	0.884981	1.41427e+06	5.77501e-05	
12100	12550	2700	34.8796	26.4855	2157	31	7	628	17	76	527	5	0.369569	1.16076e+06	0.000121921	
11813	13357	2768	36.9331	33.51	2142	31	10	639	12	81	530	4	1.81719	827255	6.85777e-05	
12100	12558	2709	30.8979	35	2084	30	7	617	18	63	513	6	0.3755	1.01652e+06	0.000168095	
12100	12550	2700	30.4485	31.1218	2078	31	5	642	6	72	496	5	0.363167	1.01018e+06	0.000191022	
12004	12601	2753	37	29.4337	2073	31	9	621	2	86	528	5	0.563325	1.2971e+06	6.95507e-05	
12100	12567	2700	30.0359	35	2100	31	8	607	6	73	509	4	0.38377	1.0058e+06	0.000175101	
11950	13326	2716	37	34.9654	2091	31	9	643	13	81	507	5	1.57574	803365	7.08968e-05	
12085	12554	2719	28.7862	35	2134	30	7	612	7	77	503	6	0.384919	952775	0.000215936	
12100	12879	2700	30.4112	25.6944	2066	29	10	650	7	67	530	5	0.785315	1.40195e+06	5.94849e-05	
12100	12550	2700	35.2631	26.5648	2062	31	7	636	15	71	513	6	0.369876	1.17349e+06	0.000119389	
12100	12550	2700	30.6215	35	2094	31	10	633	11	84	497	4	0.363542	993426	0.000188147	
12100	12969	2705	34.3884	34.2125	2097	31	8	600	24	61	530	5	0.910449	973621	6.91085e-05	
12100	12550	2700	32.3812	35	2045	31	7	642	9	84	513	4	0.366702	1.03694e+06	0.000151906	
12100	12550	2700	34.0106	25.6249	2090	31	7	624	10	84	521	5	0.368752	1.15786e+06	0.000128452	
12099	12550	2700	29.4766	34.8227	2096	31	8	614	17	73	511	6	0.362031	929166	0.000231642	
11941	13446	2713	37	35	2010	30	9	630	13	80	506	4	1.74783	791989	7.13369e-05	
11958	13325	2712	37	34.997	2080	32	9	643	4	79	513	5	1.56237	801108	7.11642e-05	
12049	12567	2700	36.7287	35	2018	32	8	647	14	88	512	5	0.454518	1.16946e+06	8.75274e-05	
11935	12906	2786	30.0164	25	2106	29	10	618	14	75	519	5	1.05225	1.29463e+06	5.68925e-05	
12100	12550	2713	34.4313	35	2082	31	8	601	4	63	505	4	0.370947	1.06739e+06	0.000129517	
12049	13359	2792	22.7421	25	2115	28	7	620	17	85	530	6	1.49215	1.48972e+06	5.31943e-05	
12100	12550	2702	31.2032	35	2137	28	6	625	16	69	518	5	0.364983	1.00966e+06	0.00017328	
11497	13391	2701	37	34.8986	2032	32	10	627	9	65	492	4	2.19119	759462	7.57863e-05	
12047	12634	2720	36.6989	34.4284	2088	31	10	637	3	80	516	5	0.546168	1.19399e+06	7.4677e-05	
12087	12620	2701	36.0252	25	2047	30	9	647	17	88	512	5	0.475371	1.3457e+06	8.00512e-05	
12100	13044	2782	25.3677	25.2212	2157	29	5	622	18	86	529	5	1.012	1.56406e+06	5.4939e-05	
12055	12995	2785	26.5125	25.0072	2131	29	10	607	13	75	528	6	1.00956	1.48034e+06	5.52822e-05	
12100	13425	2795	21.0355	25	2109	28	7	628	6	86	529	5	1.49809	1.66914e+06	5.2626e-05	
12091	12587	2722	37	29.5049	2157	32	7	618	8	79	512	6	0.432338	1.23352e+06	9.02446e-05	
11517	13383	2709	37	35	2032	31	10	609	5	73	520	4	2.16352	768006	7.40796e-05	
12086	12968	2777	28.4691	25	2065	28	9	615	10	76	515	5	0.93932	1.44158e+06	5.62493e-05	
12100	13423	2794	21.9993	25	2092	28	6	626	9	86	529	5	1.50936	1.55031e+06	5.28765e-05	
12021	12550	2709	37	32.3617	2109	32	8	610	22	69	479	6	0.46868	1.21769e+06	8.29187e-05	
12100	13120	2783	23.8248	25	2123	28	5	628	13	75	530	6	1.10457	1.61373e+06	5.42211e-05	
12100	12550	2700	29.0729	34.5647	2120	32	8	608	17	65	482	5	0.359692	886837	0.000262261	
12087	12550	2713	36.7287	28.175	2023	31	9	635	7	89	506	5	0.388522	1.19341e+06	0.000104471	
11625	13306	2700	37	35	2124	32	9	620	5	74	513	4	1.92642	776468	7.32172e-05	
11879	13494	2794	30.2582	26.8868	2081	29	7	636	9	89	505	5	1.93625	1.07668e+06	5.8627e-05	
12049	12567	2700	36.7287	25	2018	31	9	647	14	88	512	5	0.454518	1.3328e+06	8.26856e-05	
12100	12550	2700	34.7927	35	2140	29	9	611	19	71	530	6	0.369495	1.06963e+06	0.000126839	
12086	12587	2744	37	26.2042	2131	32	9	626	11	79	512	6	0.442035	1.30164e+06	8.67528e-05	
12052	12550	2703	37	25.6864	2101	31	8	605	17	70	505	6	0.429921	1.30635e+06	8.82301e-05	
12011	13465	2701	37	34.8469	2056	32	10	627	13	71	517	4	1.68123	791915	7.15461e-05	
12100	12550	2700	30.4177	25.186	2068	28	8	634	3	72	506	5	0.363099	1.05369e+06	0.000187723	
12100	12550	2700	33.3112	29.9481	2080	31	9	628	10	65	507	5	0.367962	1.08847e+06	0.000137741	
12049	12619	2773	37	34.997	2080	32	9	643	9	79	513	5	0.534821	1.20274e+06	7.61557e-05	
11917	12734	2781	30.4053	26.9105	2111	29	7	613	19	78	529	5	0.844367	1.36648e+06	5.88824e-05	
12100	12550	2701	30.2512	31.8584	2114	31	6	618	20	63	519	6	0.362858	987579	0.000198373	
12100	12601	2717	37	35	2027	32	9	635	22	69	523	5	0.438391	1.16225e+06	9.14913e-05	
11894	13482	2786	32.0394	30.9967	2078	29	6	623	13	90	518	5	1.89882	952716	6.28417e-05	
12100	12550	2700	29.5256	27.4916	2095	30	6	626	14	67	499	5	0.360939	975870	0.000226142	
12100	12867	2780	31.535	25.0617	2034	30	6	621	17	68	512	5	0.794833	1.44701e+06	5.90563e-05	
12100	13183	2704	28.0024	28.2425	2103	30	8	612	11	81	500	6	1.18011	1.17235e+06	5.98444e-05	
12100	12550	2700	31.0103	34.9498	2113	31	8	611	17	61	500	6	0.364339	999546	0.000178508	
11869	12619	2701	37	29.9947	2067	30	8	633	31	79	516	6	0.738386	1.12727e+06	6.65557e-05	
11889	13263	2795	31.0061	28.7482	2158	29	10	641	13	90	522	5	1.60325	1.0285e+06	5.97479e-05	
12100	12550	2700	28.9816	30.685	2128	31	7	614	14	77	506	5	0.359427	909320	0.000263783	
12100	13384	2791	22.4527	25.1238	2143	28	6	623	6	81	529	5	1.4589	1.52979e+06	5.29717e-05	
11994	12550	2744	36.8664	35	2043	29	7	632	19	71	496	5	0.507945	1.19782e+06	7.89017e-05	
12100	13025	2782	26.0832	25	2138	29	7	622	9	83	530	5	0.990333	1.53909e+06	5.49964e-05	
12100	12753	2725	37	25.3528	2054	30	7	633	22	82	530	4	0.63598	1.41557e+06	6.30279e-05	
12100	12550	2700	34.0666	32.5104	2052	31	7	632	3	71	523	4	0.36881	1.07918e+06	0.000131527	
11861	12563	2703	36.9988	25.2775	2109	30	9	642	14	65	514	5	0.677278	1.3214e+06	6.35405e-05	
12100	12550	2716	33.8625	35	2057	32	9	626	24	79	516	5	0.37078	1.06057e+06	0.000134282	
12100	12550	2700	29.4766	30.7266	2127	31	5	600	18	61	506	6	0.36081	945007	0.000232234	
11852	13493	2700	37	35	2036	31	9	630	4	69	509	5	1.91027	780119	7.26586e-05	
12066	12908	2798	35.0223	25	2019	29	8	638	23	73	510	5	0.902763	1.29161e+06	5.93085e-05	
12100	13015	2800	29.1185	25.5079	2046	30	7	620	15	89	524	5	0.995332	1.3788e+06	5.62272e-05	
11840	12785	2774	30.6143	27.422	2115	29	6	629	19	83	530	5	1.00509	1.2311e+06	5.89588e-05	
12100	12550	2701	30.1591	35	2065	28	9	601	1	70	503	5	0.362645	963279	0.000203998	
12085	12561	2749	37	27.03	2088	31	9	637	13	85	505	5	0.410485	1.24573e+06	9.62094e-05	
11917	12734	2756	30.4053	26.9105	2111	29	7	613	19	78	526	5	0.836777	1.35889e+06	5.92207e-05	
12018	13120	2781	29.3474	25.3734	2142	28	9	628	19	81	528	5	1.23473	1.24908e+06	5.58067e-05	
12100	12945	2786	37	25	2107	29	9	618	14	80	508	5	0.907163	1.25405e+06	5.98767e-05	
11252	13341	2700	37	34.9991	2004	32	10	620	10	84	474	5	2.40433	753259	7.70475e-05	
12100	12550	2700	31.7072	29.0958	2077	30	8	628	20	71	505	5	0.365623	1.0632e+06	0.000159693	
11778	13375	2709	36.9715	35	2073	30	8	625	10	73	526	5	1.84467	789919	7.17824e-05	
12006	12642	2700	37	29.4054	2067	30	7	633	31	83	494	6	0.602289	1.26827e+06	6.79671e-05	
12100	13180	2783	24.818	25.0248	2108	28	9	644	5	78	530	5	1.1943	1.47175e+06	5.38706e-05	
12100	12550	2700	30.9315	26.2845	2078	30	9	635	16	71	502	5	0.364182	1.06581e+06	0.000174338	
12006	12610	2733	36.7299	25.7472	2060	31	10	640	4	83	523	5	0.568243	1.38439e+06	6.71366e-05	
12100	12550	2702	34.0106	25.6249	2005	31	7	624	10	86	527	5	0.369026	1.16092e+06	0.000128436	
12100	12550	2700	34.9182	25	2139	30	9	640	20	72	529	5	0.369601	1.18218e+06	0.00012089	
12100	13469	2701	37	34.9304	2056	32	10	627	15	70	485	4	1.57828	794573	7.22961e-05	
12100	12550	2700	29.322	30.2822	2157	31	7	625	3	69	516	5	0.360392	939922	0.000239693	
12094	12601	2748	37	28.1324	2099	29	9	624	10	76	515	5	0.450852	1.26778e+06	8.56458e-05	
12100	12550	2700	34.144	34.1921	2104	31	7	601	11	64	505	6	0.368889	1.06746e+06	0.000131891	
12094	12989	2800	28.132	25	2032	28	8	628	17	76	529	5	0.964334	1.45784e+06	5.55556e-05	
12100	12550	2700	31.8054	32.3196	2043	29	8	613	22	72	501	5	0.365789	1.03854e+06	0.000159949	
12100	12637	2704	37	30.5038	2065	29	9	632	4	70	498	5	0.482216	1.24674e+06	7.98148e-05	
12100	12550	2700	33.6645	28.457	2072	31	8	644	19	73	511	5	0.368377	1.11383e+06	0.000133174	
12100	13025	2782	26.0832	25	2138	29	8	622	14	83	530	5	0.990333	1.53142e+06	5.50327e-05	
11812	13389	2764	36.6186	33.9283	2136	31	10	648	9	85	523	4	1.85985	822538	6.88516e-05	
12100	12969	2782	26.0832	25	2138	29	7	622	9	83	530	4	0.914636	1.56542e+06	5.63952e-05	
12100	12550	2734	28.741	34.5255	2050	31	8	610	14	62	503	6	0.363224	856607	0.000289352	
12100	12550	2700	29.4766	25.6588	2127	31	6	602	18	61	506	6	0.36081	982572	0.000227842	
11768	12631	2702	37	35	2066	31	10	643	14	82	501	4	0.874588	904039	7.23851e-05	
11980	13142	2700	36.203	30.5375	2119	31	10	604	17	65	517	5	1.28402	913547	6.67913e-05	
12100	12728	2700	37	30.7395	2053	31	10	634	11	65	509	5	0.597996	1.22213e+06	6.96913e-05	
12100	12585	2761	37	27.4414	2090	29	9	633	13	85	505	5	0.424693	1.2553e+06	9.25497e-05	
11748	13485	2713	37	35	2066	31	10	643	14	84	503	4	2.03304	780310	7.21761e-05	
12100	12550	2700	29.159	30.2178	2098	30	10	624	20	74	493	5	0.359938	926449	0.000250438	
12100	13059	2795	30.6274	25.2238	2066	30	7	636	14	78	517	6	1.05736	1.30307e+06	5.68893e-05	
12083	12557	2701	28.1616	35	2104	31	8	613	5	82	510	5	0.386597	917686	0.000239006	
11861	12826	2739	37	33.4463	2148	29	9	636	12	80	521	5	1.02816	911445	6.85965e-05	
11296	13416	2700	37	34.8469	2064	32	10	635	8	65	491	4	2.45552	754387	7.67931e-05	
11920	13500	2758	37	34.2284	2032	31	8	630	14	83	512	6	1.87768	813451	6.98763e-05	
12014	13500	2794	30.2582	26.8593	2054	30	7	636	7	90	505	5	1.77618	1.08653e+06	5.84112e-05	
11876	13375	2709	36.9715	35	2082	30	8	646	10	73	525	5	1.72724	797368	7.10985e-05	
11633	13500	2705	37	35	2089	31	10	633	11	84	497	4	2.18352	774174	7.30034e-05	
12059	12867	2782	31.6411	25	2098	30	7	642	19	73	512	5	0.847127	1.41259e+06	5.80013e-05	
11277	13338	2707	37	35	2091	32	10	624	9	67	492	5	2.378	755877	7.66401e-05	
12100	12550	2700	29.4766	34.2125	2133	31	8	613	18	62	509	5	0.36081	923273	0.000234852	
11840	12751	2774	30.6143	25.8938	2115	29	7	629	19	79	530	5	0.960066	1.31062e+06	5.78202e-05	
11597	13111	2700	36.1964	34.997	2108	32	10	643	19	68	513	4	1.69886	783974	7.33783e-05	
12100	12550	2700	30.6251	26.5111	2160	31	7	638	3	72	515	5	0.363549	1.05118e+06	0.000182349	
12100	12978	2784	26.0832	25	2138	29	7	622	9	83	526	5	0.927446	1.56463e+06	5.61545e-05	
12100	13120	2785	27.324	25	2132	28	5	610	17	80	530	5	1.12655	1.41825e+06	5.44662e-05	
12100	13064	2782	26.0832	25	2138	29	7	622	9	83	524	5	1.04324	1.50781e+06	5.46597e-05	
12062	12968	2779	28.4691	25	2065	28	9	620	10	78	515	5	0.970115	1.41796e+06	5.60444e-05	
12100	12550	2705	28.741	35	2000	30	7	607	13	63	504	6	0.359371	850872	0.000291375	
11362	13442	2700	37	34.8469	2041	32	10	633	6	64	488	4	2.41526	754587	7.67224e-05	
12100	12608	2702	37	25.4194	2067	30	4	632	35	75	529	4	0.444883	1.36542e+06	8.48464e-05	
12100	12550	2700	34.5619	29.1853	2053	31	6	630	13	65	513	5	0.36929	1.12634e+06	0.00012577	
11287	13391	2701	37	34.8465	2056	32	10	631	9	64	492	4	2.43286	753660	7.69468e-05	
11296	12894	2707	36.8739	34.8469	2056	32	8	629	9	66	499	4	1.7669	767269	7.61731e-05	
12093	12555	2702	31.9704	35	2128	29	9	600	15	72	515	5	0.38123	1.04134e+06	0.00014476	
12062	12989	2792	27.5063	25	2076	29	8	635	13	77	530	5	0.999565	1.45325e+06	5.53434e-05	
12100	12550	2700	29.3902	29.3968	2114	30	7	605	15	66	523	5	0.360578	947013	0.000235349	
12032	12550	2738	37	35	2068	31	10	623	16	74	530	6	0.46015	1.17765e+06	8.62515e-05	
11965	12576	2729	37	25.4778	2083	28	7	618	12	81	499	5	0.574011	1.41173e+06	6.63482e-05	
12068	13500	2702	31.8982	31.3814	2111	28	10	628	17	76	514	5	1.6552	930497	6.3804e-05	
11993	12706	2718	36.1756	25.3318	2077	29	8	626	7	73	505	5	0.704157	1.35667e+06	6.20578e-05	
11277	13291	2700	36.867	35	2077	32	10	624	11	67	497	5	2.30863	756222	7.65873e-05	
12100	12550	2700	30.8447	26.13	2063	29	8	643	3	72	501	5	0.364007	1.06737e+06	0.000176305	
12100	12550	2700	29.0482	27.2994	2156	28	10	633	19	72	503	5	0.359621	939983	0.000255037	
12010	12550	2725	25.4966	35	2091	30	9	610	20	63	472	5	0.458591	900500	0.000249439	
12100	12550	2700	30.7929	32.1589	2132	30	9	605	11	90	523	4	0.363901	1.00906e+06	0.00018162	
11938	12553	2738	37	35	2068	31	10	616	16	74	530	6	0.579368	1.15535e+06	7.33192e-05	
12080	13296	2776	23.6663	25	2127	30	7	620	16	86	530	5	1.36676	1.45795e+06	5.38619e-05	
12018	13120	2780	29.3474	26.0917	2142	28	9	628	19	76	528	5	1.23429	1.21953e+06	5.65291e-05	
12100	12550	2759	36.7287	27.147	2095	30	9	648	14	88	506	5	0.378887	1.19668e+06	0.000110084	
12100	12882	2749	36.3272	27.0076	2154	28	6	630	17	85	490	6	0.811165	1.26288e+06	6.14515e-05	
12100	12590	2736	37	34.9684	2087	32	6	614	8	63	493	5	0.427285	1.16636e+06	9.48047e-05	
11541	13387	2714	37	35	2021	31	10	646	9	75	514	5	2.14486	771644	7.3828e-05	
11199	13039	2700	37	34.8817	2091	32	10	616	9	70	481	4	2.06233	754996	7.72798e-05	
11841	13500	2713	37	35	2073	29	8	630	13	84	506	4	1.94227	790754	7.11642e-05	
12100	12550	2727	29.368	34.9274	2119	31	7	603	16	60	503	6	0.364123	916017	0.00024108	
11361	13266	2700	36.9844	34.997	2108	32	10	643	19	68	513	4	2.17916	762569	7.53239e-05	
11504	13366	2706	37	35	2000	31	9	617	5	70	514	5	2.15327	766351	7.4638e-05	
12045	12550	2710	35.1148	35	2126	29	8	616	21	73	526	6	0.438428	1.15065e+06	9.58405e-05	
11812	13430	2764	37	33.9283	2136	31	10	621	9	84	530	4	1.91684	816167	6.91563e-05	
12087	12560	2703	36.9988	25.2775	2109	30	9	639	14	65	523	6	0.399903	1.2709e+06	9.74469e-05	
12100	12550	2700	28.9816	25	2128	31	7	614	17	77	506	5	0.359427	953300	0.000258065	
11932	12864	2713	37	35	2066	31	10	643	12	82	509	4	0.982206	882025	7.11136e-05	
11961	12713	2737	33.96	25.9414	2067	31	10	640	0	80	518	5	0.755601	1.32297e+06	6.10352e-05	
12039	12550	2706	36.7287	34.1707	2045	29	10	634	25	67	487	5	0.446119	1.17319e+06	8.90234e-05	
12100	12550	2700	33.4081	28.3008	2098	30	8	626	18	62	522	4	0.368079	1.10761e+06	0.000135759	
12100	12550	2700	30.3975	30.7395	2053	31	10	634	11	65	513	5	0.363054	1.00213e+06	0.000192678	
12100	12550	2717	33.9634	35	2079	29	8	614	10	64	514	5	0.371024	1.06089e+06	0.000133404	
12100	13475	2800	21.8243	25	2101	28	6	626	13	84	529	5	1.58342	1.54129e+06	5.27732e-05	
12094	12899	2800	31.0504	25.1744	2048	29	8	626	20	77	529	5	0.850368	1.43096e+06	5.72672e-05	
12100	12755	2700	36.9068	27.6273	2052	32	8	629	20	84	503	5	0.632678	1.3045e+06	6.57117e-05	
11944	12610	2738	37	25.7472	2060	32	10	642	0	76	523	5	0.645437	1.34113e+06	6.40451e-05	
12100	12550	2700	29.7485	27.1168	2158	31	7	618	22	72	509	5	0.361514	995105	0.000214546	
12035	13322	2745	36.8615	34.1202	2144	29	9	637	10	78	519	4	1.48238	838842	6.83293e-05	
12100	12685	2702	37	25	2054	30	4	630	22	77	529	4	0.543247	1.47502e+06	6.86766e-05	
12100	12589	2707	27.7509	35	2084	30	8	604	19	87	510	6	0.405892	942642	0.000220459	
12100	12550	2726	29.3341	35	2117	31	8	605	13	67	530	4	0.363896	914504	0.000242365	
11567	13338	2707	37	35	2091	32	10	624	9	67	487	5	2.04265	765952	7.50244e-05	
12100	13264	2791	22.3576	25	2099	28	7	639	15	81	526	5	1.29093	1.62107e+06	5.33134e-05	
12085	13218	2792	24.3944	25	2090	28	7	622	17	84	519	6	1.26639	1.47021e+06	5.39665e-05	
12100	12550	2700	33.6494	35	2057	29	8	646	14	68	497	4	0.36836	1.05616e+06	0.00013678	
12100	12550	2700	32.8502	27.359	2160	29	8	628	3	68	510	5	0.367369	1.10603e+06	0.000141523	
12012	12645	2728	36.9539	25.8504	2082	31	10	639	6	90	516	5	0.605032	1.37442e+06	6.48761e-05	
11840	12729	2774	31.314	26.3988	2115	29	7	626	19	69	530	5	0.932432	1.28071e+06	5.89032e-05	
12100	12550	2701	29.7485	30.7102	2136	31	10	621	11	70	509	5	0.361648	965587	0.000217486	
12100	13342	2793	22.2552	25	2116	28	6	624	15	86	529	5	1.39894	1.58116e+06	5.28849e-05	
11889	13263	2795	32.9625	29.1124	2158	29	10	641	13	90	522	5	1.60655	989024	6.09645e-05	
12021	13217	2730	36.1531	33.4458	2112	29	8	628	18	75	529	5	1.3489	868659	6.76133e-05	
12087	13196	2785	23.9106	25	2142	28	10	628	13	75	529	4	1.22658	1.51039e+06	5.36337e-05	
12100	12550	2700	32.4211	35	2062	31	7	636	19	71	502	6	0.366762	1.03651e+06	0.000151584	
12100	12550	2700	30.3975	33.4085	2056	31	10	627	11	65	513	5	0.363054	984416	0.00019459	
12093	12690	2704	36.7677	34.0914	2145	32	6	607	8	68	522	6	0.558518	1.20047e+06	7.37735e-05	
12100	12550	2700	29.6331	25.712	2065	31	8	640	14	71	504	5	0.36122	1.00137e+06	0.00021896	
12100	13411	2770	22.5855	25	2145	28	6	637	11	84	528	4	1.48692	1.49712e+06	5.30504e-05	
12100	12550	2700	30.9315	26.4827	2078	30	8	635	17	71	502	5	0.364182	1.06496e+06	0.000174459	
12100	12983	2790	29.5693	25	2056	29	8	643	13	77	517	5	0.949662	1.40659e+06	5.63698e-05	
12100	12550	2700	33.5534	33.7273	2080	30	8	617	14	67	500	5	0.36825	1.06214e+06	0.000137193	
12100	12550	2700	30.5512	26.7324	2068	28	8	649	3	71	492	5	0.363391	1.04826e+06	0.000184809	
12100	12550	2700	28.8596	25	2079	30	7	616	7	66	525	6	0.359066	933219	0.000268673	
12094	12601	2711	37	27.7679	2026	28	9	635	8	84	523	5	0.444782	1.26311e+06	8.61252e-05	
12100	12550	2700	29.7047	25.3362	2062	31	7	636	13	71	513	6	0.361403	1.0117e+06	0.000215193	
12100	12550	2700	29.0669	30.685	2123	31	6	614	13	70	517	4	0.359675	914380	0.000257467	
12100	12550	2700	31.5367	25.0078	2126	31	9	602	17	65	501	5	0.365325	1.09557e+06	0.000160643	
12100	12652	2756	36.7287	27.7871	2019	31	10	645	25	88	515	5	0.510902	1.31454e+06	7.51654e-05	
12099	12550	2700	29.4766	34.5609	2096	31	8	619	17	73	511	6	0.362031	931502	0.000231321	
12100	12550	2700	33.936	28.3603	2145	30	8	640	20	80	530	5	0.368674	1.1183e+06	0.000130446	
12049	12550	2700	36.6012	26.7324	2076	29	8	637	3	62	501	5	0.432905	1.27938e+06	8.87784e-05	
11818	12826	2739	37	33.4463	2136	29	9	636	12	80	521	5	1.08031	893396	6.88753e-05	
12100	12550	2700	33.0241	30.254	2103	30	8	630	17	63	524	5	0.3676	1.08076e+06	0.000141084	
12083	12568	2700	28.1616	34.9601	2127	31	8	600	8	69	505	5	0.400402	955229	0.000208638	
12100	13120	2775	24.5897	25.1168	2137	28	5	628	14	73	530	5	1.10741	1.55453e+06	5.41712e-05	
12006	12657	2705	37	29.4054	2067	32	7	626	18	83	494	6	0.622592	1.25189e+06	6.7659e-05	
12100	12550	2700	34.1387	32.5104	2055	31	7	647	5	70	523	4	0.368884	1.08246e+06	0.000130856	
11296	13391	2701	37	34.8469	2066	32	10	631	9	65	496	4	2.42259	755566	7.65873e-05	
12100	12550	2700	29.6461	33.216	2160	30	9	610	8	68	516	5	0.361253	943451	0.000224517	
12100	12550	2700	29.4265	34.4397	2097	32	8	622	11	87	509	6	0.360676	928400	0.000236742	
12100	13120	2780	25.412	25	2132	28	5	610	13	67	530	5	1.11487	1.51121e+06	5.428e-05	
11930	12587	2753	37	33.6834	2160	29	10	645	1	81	516	5	0.636358	1.15734e+06	6.94734e-05	
11889	12657	2705	37	29.4054	2067	32	7	626	17	83	494	5	0.764009	1.12028e+06	6.66667e-05	
11199	13376	2700	37	34.8878	2056	32	10	613	9	65	492	4	2.5116	750676	7.75194e-05	
12100	12968	2779	28.4691	25	2065	28	9	620	10	72	515	5	0.922401	1.45064e+06	5.6427e-05	
12100	12903	2713	30.5169	27.612	2086	30	9	623	18	78	523	5	0.820708	1.32459e+06	6.02918e-05	
11961	12719	2734	34.0405	25.9414	2077	31	10	640	0	79	520	5	0.762656	1.31642e+06	6.09533e-05	
12084	12674	2740	37	29.2526	2093	30	9	645	18	68	503	5	0.556427	1.30053e+06	7.05069e-05	
12100	12550	2700	30.4955	25.186	2068	28	8	634	3	72	506	6	0.36327	1.05807e+06	0.000185357	
11921	13497	2800	32.8003	32.8754	2138	29	8	641	10	90	513	5	1.89704	899426	6.45953e-05	
12100	12553	2705	33.6164	35	2086	30	8	603	7	62	504	6	0.372812	1.05913e+06	0.000134517	
11994	12550	2725	37	35	2043	29	8	632	21	71	491	5	0.504489	1.18976e+06	7.91515e-05	
12100	12893	2777	32.9592	26.095	2157	28	5	623	19	86	521	6	0.830996	1.39822e+06	5.80923e-05	
12100	12550	2700	30.3691	28.5708	2077	30	8	628	20	71	505	5	0.362991	1.0187e+06	0.000191828	
12074	12550	2732	27.9389	34.5647	2118	32	9	601	20	65	496	5	0.392377	903868	0.000248201	
12100	13253	2785	28.8338	35	2148	28	9	618	15	68	530	5	1.31459	971425	6.53296e-05	
11986	12550	2800	36.7447	33.9506	2100	30	8	600	18	69	504	6	0.528296	1.22576e+06	7.6365e-05	
11199	12833	2700	37	34.8469	2105	32	10	620	9	65	492	4	1.79335	759171	7.71129e-05	
12082	12714	2773	36.5039	25	2019	28	8	638	18	67	507	5	0.618026	1.44119e+06	6.40574e-05	
12100	12730	2770	21.6704	25	2092	28	6	622	17	86	530	5	1.02221	834831	7.47217e-05	
12028	12559	2717	37	35	2080	32	10	619	26	71	504	6	0.472987	1.18184e+06	8.3689e-05	
12100	12879	2700	31.1449	25.6944	2070	29	10	650	7	67	530	5	0.786831	1.38273e+06	5.94389e-05	
11199	13370	2700	37	34.8469	2056	32	10	620	5	65	492	4	2.5035	751371	7.74473e-05	
12100	12550	2700	30.0408	27.4924	2060	29	8	645	3	72	501	5	0.362232	1.01475e+06	0.00020247	
11938	13038	2771	37	33.8115	2086	30	10	626	18	90	492	4	1.22923	862230	6.89655e-05	
12100	12550	2700	28.741	35	2075	30	8	603	14	62	507	6	0.358707	848572	0.00029146	
12054	13400	2783	24.0082	25.0006	2095	28	9	640	5	79	529	5	1.55021	1.36816e+06	5.37866e-05	
12100	12550	2700	28.7371	31.1043	2132	31	6	635	21	65	512	6	0.358695	877306	0.000286287	
12086	12742	2739	37	26.3777	2131	32	9	638	11	80	512	5	0.642232	1.35536e+06	6.3955e-05	
12100	12816	2733	32.7608	25.827	2154	29	7	616	17	90	505	6	0.71643	1.43524e+06	6.05694e-05	
12100	12550	2700	30.1772	27.0945	2072	30	6	637	6	86	518	5	0.362553	1.03198e+06	0.000196734	
12100	12666	2719	36.9988	26.6821	2088	29	10	650	11	64	512	5	0.522184	1.35028e+06	7.22282e-05	
12100	12550	2700	30.1581	27.0945	2089	29	6	637	6	73	519	4	0.362509	1.02565e+06	0.000197628	
12100	12550	2710	32.4504	34.7141	2152	30	7	640	17	76	530	5	0.368164	1.04161e+06	0.000150421	
12100	12550	2700	31.1429	27.8853	2065	31	7	612	17	75	514	5	0.364597	1.05793e+06	0.000170416	
12094	12989	2795	28.132	25.1219	2048	28	8	628	12	76	530	5	0.962612	1.45512e+06	5.55864e-05	
12065	13011	2790	32.1734	25.039	2067	30	7	631	22	81	504	5	1.03726	1.27027e+06	5.78804e-05	
12100	12550	2700	33.3112	30.5375	2080	31	9	628	10	65	501	5	0.367962	1.08227e+06	0.000138083	
12099	12550	2700	28.7862	35	2119	31	8	615	14	63	508	5	0.360066	861372	0.000281532	
12100	12550	2700	33.0241	29.2311	2103	30	8	629	17	63	524	5	0.3676	1.0895e+06	0.000140528	
11841	13113	2796	27.5063	25	2076	29	8	635	13	80	530	5	1.44635	1.2426e+06	5.57258e-05	
12100	12550	2700	30.1416	35	2041	30	7	618	14	66	485	4	0.36247	964162	0.00020496	
12100	12882	2739	35.8874	26.095	2154	28	7	616	17	85	484	6	0.807947	1.29856e+06	6.08828e-05	
11209	13391	2701	37	34.8469	2056	32	10	627	9	65	492	4	2.52148	752006	7.73754e-05	
12100	12550	2700	31.5367	30.2376	2125	29	9	604	19	79	510	5	0.365325	1.04531e+06	0.000163559	
11903	13221	2792	37	35	2073	30	10	628	20	90	515	5	1.53289	819884	6.96476e-05	
12100	12550	2701	28.7737	27.8155	2050	30	8	600	4	73	502	5	0.358939	896309	0.00027972	
12100	12550	2700	29.0939	25.3362	2062	31	7	640	13	71	525	6	0.359753	964651	0.000249938	
11956	13264	2787	32.9401	33.7296	2063	30	10	626	20	90	495	4	1.52004	881089	6.66711e-05	
12100	13271	2791	22.3576	25	2111	28	7	639	11	81	526	5	1.30062	1.6179e+06	5.3217e-05	
11947	12890	2737	31.8447	25.9721	2064	31	9	644	0	79	523	5	1.00169	1.2132e+06	5.93577e-05	
12100	12550	2700	31.5582	32.3397	2144	30	9	618	18	67	506	4	0.365363	1.0302e+06	0.000164501	
12041	13010	2709	31.4323	25.0381	2104	29	10	638	19	71	503	5	1.03388	1.23578e+06	5.86063e-05	
11343	13126	2700	37	34.997	2108	32	10	643	19	68	513	4	2.01333	763423	7.54546e-05	
12100	12550	2700	29.4766	33.2514	2096	31	8	619	18	73	514	6	0.36081	935321	0.000233318	
12100	12550	2716	34.7959	35	2057	32	9	626	25	80	516	5	0.371687	1.07468e+06	0.000126454	
12011	12550	2737	37	32.7072	2133	32	8	618	17	80	481	5	0.485824	1.22242e+06	8.036e-05	
11841	13445	2797	37	35	2002	30	9	645	13	82	506	4	1.92493	800004	7.06215e-05	
12100	12558	2702	30.9873	35	2084	31	8	617	18	63	514	6	0.374708	1.01653e+06	0.000166445	
12100	13363	2787	35.6623	25	2112	28	8	646	14	75	520	5	1.4796	1.12498e+06	5.85309e-05	
11747	12550	2700	30.2088	25.0355	2086	28	9	634	16	72	530	5	0.787649	1.40085e+06	5.92101e-05	
12041	13010	2709	30.7357	25.0381	2104	29	10	638	19	71	503	5	1.03252	1.25289e+06	5.83056e-05	
12100	12550	2700	28.9738	34.6034	2098	30	8	610	12	63	501	4	0.359405	878622	0.000269469	
11847	12703	2701	33.0938	25	2080	29	9	621	2	77	512	4	0.868906	1.27517e+06	5.98516e-05	
12098	13497	2800	29.5655	25	2101	28	6	621	14	84	530	5	1.66795	1.20747e+06	5.50964e-05	
12100	12550	2700	29.159	28.5708	2079	28	9	616	21	74	494	5	0.359938	936913	0.00024888	
12098	12867	2774	30.8314	25.0617	2034	30	7	621	15	77	512	5	0.794249	1.45117e+06	5.88408e-05	
12100	13296	2783	22.4416	25	2129	30	7	627	16	88	524	5	1.33245	1.57944e+06	5.35705e-05	
12087	12550	2718	37	26.746	2078	31	9	629	5	88	504	5	0.389365	1.22123e+06	0.000102585	
12077	12550	2710	36.092	35	2050	30	8	622	11	79	501	5	0.399991	1.12229e+06	0.000105563	
11785	13449	2789	32.9746	33.33	2122	31	10	611	15	81	526	4	1.99055	868046	6.65912e-05	
12089	12550	2721	37	35	2141	30	8	601	14	65	503	5	0.387335	1.11978e+06	0.000107411	
12041	13119	2708	31.4323	25.0381	2104	29	10	638	21	71	503	5	1.17766	1.18106e+06	5.86132e-05	
11163	13219	2700	37	35	2033	32	9	621	9	65	488	5	2.34152	748640	7.81677e-05	
12100	12550	2700	30.754	32.3397	2145	30	9	623	18	67	523	4	0.36382	1.007e+06	0.000182815	
11978	13145	2702	36.4674	35	2014	30	9	630	9	84	491	4	1.29152	821945	7.11896e-05	
11812	13357	2764	36.6186	33.9283	2136	31	10	621	9	84	530	4	1.81563	822416	6.89275e-05	
12056	12674	2740	37	29.6647	2091	30	9	645	18	67	502	5	0.591059	1.27525e+06	6.87144e-05	
12100	12553	2710	31.1637	35	2086	29	8	603	14	62	504	6	0.369802	1.01168e+06	0.000169837	
12059	13280	2710	37	34.972	2127	31	8	617	11	71	530	6	1.37764	823608	7.03532e-05	
11993	12706	2743	36.1756	25.3318	2045	29	8	630	3	70	505	5	0.710633	1.35457e+06	6.20001e-05	
12100	13296	2784	22.4416	25	2127	30	5	620	16	86	530	5	1.33292	1.58809e+06	5.33988e-05	
12100	12830	2771	32.8447	26.095	2158	28	7	630	18	86	521	5	0.745106	1.4307e+06	5.93754e-05	
12065	12811	2708	34.6653	28.6075	2086	30	8	613	7	73	496	6	0.748363	1.23127e+06	6.39264e-05	
12100	12550	2700	29.7047	25.3362	2062	31	7	634	14	73	480	6	0.361403	1.01056e+06	0.00021561	
12085	12561	2754	37	27.03	2080	31	9	637	13	85	505	5	0.411232	1.24748e+06	9.61169e-05	
12088	12569	2706	37	34.3173	2101	30	9	600	6	64	505	6	0.410563	1.14935e+06	9.84155e-05	
11995	12610	2738	37	25.7472	2060	31	10	640	4	83	523	5	0.582927	1.38064e+06	6.6072e-05	
11716	13379	2782	37	35	2073	30	10	628	20	90	515	4	1.97573	796360	7.07614e-05	
12100	12550	2700	28.6844	25.2682	2096	30	8	629	14	62	507	5	0.358532	907173	0.000285714	
12100	13038	2785	26.5125	25	2106	29	10	621	12	76	530	5	1.01123	1.48244e+06	5.51238e-05	
11787	13207	2720	37	35	2076	28	10	641	13	69	502	5	1.61433	792754	7.20981e-05	
12015	12882	2763	34.5736	26.095	2083	28	7	628	18	74	513	6	0.9199	1.24713e+06	5.99018e-05	
12086	12680	2744	37	25.9316	2131	32	9	626	11	77	512	6	0.562561	1.39924e+06	6.78748e-05	
12004	13120	2780	25.9757	25	2142	28	9	630	16	75	530	5	1.23841	1.3761e+06	5.44544e-05	
12100	12559	2704	36.7677	34.0914	2131	32	6	607	20	68	510	6	0.382775	1.12427e+06	0.000109325	
12100	12550	2700	31.3922	26.9751	2049	30	7	603	18	67	503	5	0.365065	1.07367e+06	0.000164745	
11956	12998	2787	34.4217	33.7296	2063	30	10	626	20	84	486	4	1.15785	910024	6.7838e-05	
12100	12558	2709	30.9873	35	2084	30	7	617	18	63	514	6	0.375679	1.01855e+06	0.000166168	
12100	12550	2700	32.5217	27.9307	2054	30	6	623	21	68	503	5	0.366909	1.09965e+06	0.000146263	
11667	13500	2794	33.8736	27.8095	2091	30	9	632	18	85	530	5	2.21159	977878	6.18429e-05	
11856	13436	2727	36.3086	34.9724	2111	28	10	643	11	74	509	5	1.84594	800346	7.05667e-05	
12051	13270	2711	32.0873	33.4016	2062	30	10	642	20	64	530	5	1.3698	899898	6.68494e-05	
12100	12589	2707	27.7509	35	2098	30	8	604	19	77	509	6	0.405892	941172	0.000220556	
12085	13376	2777	22.7421	25	2098	28	7	622	17	87	528	6	1.4626	1.49509e+06	5.33362e-05	
12098	12867	2790	32.1734	25.0617	2041	30	7	621	17	78	512	5	0.801316	1.43314e+06	5.86373e-05	
11810	12906	2786	30.0164	25	2129	29	10	618	14	76	519	4	1.20689	1.21445e+06	5.71984e-05	
12087	12560	2729	36.9988	25.2775	2072	29	9	640	14	65	514	6	0.40375	1.27921e+06	9.69838e-05	
12004	12601	2725	37	29.4337	2073	31	9	621	2	86	516	5	0.557596	1.28777e+06	7.00378e-05	
12078	13497	2787	24.1703	25	2092	28	6	616	17	87	528	5	1.65949	1.35517e+06	5.36136e-05	
11130	13219	2700	37	35	2033	32	9	620	7	65	487	5	2.37866	747614	7.84252e-05	
11995	12677	2743	37	26.0456	2072	31	10	640	6	64	526	5	0.67086	1.31919e+06	6.36983e-05	
11325	13050	2700	37	34.9267	2108	30	10	643	19	73	518	4	1.93352	771457	7.46213e-05	
12100	12584	2705	27.3274	34.9493	2099	31	8	602	18	67	514	6	0.397587	868125	0.000273	
11840	12703	2779	30.6143	25.8938	2115	29	7	629	12	79	530	5	0.89833	1.35422e+06	5.7867e-05	
12091	12940	2744	32.1187	31.9216	2119	28	9	622	11	75	526	5	0.893334	1.12235e+06	6.36132e-05	
12100	12550	2700	28.741	31.5089	2000	30	6	603	12	62	504	6	0.358707	866300	0.000288101	
12100	12550	2700	29.6461	33.216	2152	30	9	606	13	63	504	5	0.361253	939166	0.000225023	
12100	12550	2700	31.4645	28.3008	2098	30	8	626	18	62	526	6	0.365196	1.06201e+06	0.000163934	
12100	12872	2739	32.1011	26.095	2158	28	7	610	17	69	521	6	0.790663	1.4029e+06	5.91296e-05	
12100	12659	2729	37	35	2079	32	9	635	25	77	526	5	0.515062	1.19657e+06	7.80092e-05	
12100	12550	2702	29.0201	26.6342	2137	28	9	607	11	72	515	5	0.359806	937796	0.000256805	
12100	12550	2700	30.1769	35	2086	29	7	600	15	71	516	5	0.362552	965850	0.000203252	
12100	12893	2777	29.782	26.3074	2137	30	5	626	16	86	520	6	0.824912	1.45432e+06	5.83056e-05	
12037	12755	2700	36.9068	27.6273	2052	32	8	631	21	80	513	5	0.709455	1.23878e+06	6.45036e-05	
12100	13120	2783	23.9082	25	2132	28	5	629	16	67	530	4	1.10528	1.6036e+06	5.42741e-05	
12100	12550	2705	28.741	34.5255	2000	30	7	632	13	62	504	6	0.359371	856479	0.000290444	
11252	13341	2700	37	34.9991	2004	32	10	620	10	74	474	5	2.40433	749495	7.7688e-05	
12100	12550	2700	28.9816	30.685	2128	31	7	614	17	77	506	5	0.359427	909911	0.000263713	
12100	13269	2700	36.8143	31.991	2072	31	9	625	18	72	526	5	1.30773	881979	6.74263e-05	
11990	13488	2700	35.2678	35	2075	32	9	624	3	82	527	5	1.73631	809216	6.99839e-05	
12100	12550	2700	32.2146	33.8611	2150	31	7	625	18	65	516	5	0.366449	1.03689e+06	0.000154012	
12100	12550	2700	29.4766	34.8213	2133	31	8	602	18	62	509	5	0.36081	918976	0.000235571	
11960	13094	2726	30.0647	25	2028	29	9	621	14	81	509	5	1.24832	1.192e+06	5.79206e-05	
12100	12550	2700	30.2962	32.3397	2112	32	10	623	16	69	526	6	0.362826	988556	0.000196928	
11163	13080	2700	37	34.9753	2033	32	9	626	11	65	487	5	2.15702	750014	7.81922e-05	
12100	13425	2800	21.9518	25	2109	28	6	636	6	86	527	5	1.51478	1.55407e+06	5.27621e-05	
12100	12550	2700	31.1071	30.8443	2053	31	10	637	11	65	527	5	0.364528	1.03245e+06	0.00017313	
12100	13120	2775	23.8248	25	2154	28	6	623	12	76	524	5	1.10139	1.60511e+06	5.43242e-05	
12011	12550	2713	37	32.7072	2133	32	8	618	24	80	481	5	0.481564	1.21636e+06	8.07428e-05	
11928	12801	2769	30.7025	25	2114	30	10	616	13	67	509	4	0.916351	1.33209e+06	5.82683e-05	
12068	13449	2713	36.3086	35	2111	28	10	645	17	76	491	5	1.59688	810960	7.01754e-05	
12100	12577	2702	27.8495	34.4197	2137	28	9	600	7	74	515	5	0.390253	899685	0.000251762	
12054	12576	2729	37	30.9312	2078	28	7	614	8	88	522	5	0.46492	1.23613e+06	8.31463e-05	
11465	13215	2706	36.9441	35	2000	32	9	642	8	71	479	5	1.99555	760802	7.62079e-05	
11990	12970	2712	33.2266	25	2127	31	6	636	5	83	502	5	1.04723	1.22381e+06	5.93401e-05	
12064	12550	2719	37	25	2078	28	6	619	8	89	505	5	0.417752	1.31569e+06	9.18358e-05	
12066	13094	2794	35.0223	25	2152	29	8	638	23	72	510	5	1.15406	1.18769e+06	5.8713e-05	
12100	12550	2700	30.2048	30.8826	2107	31	9	607	14	64	502	6	0.362617	987350	0.000199681	
11916	13380	2797	30.3102	27.5419	2076	29	7	621	11	90	519	5	1.73223	1.07325e+06	5.86889e-05	
12100	12550	2700	29.322	30.2822	2160	31	7	629	3	72	513	5	0.360392	942303	0.000239464	
11978	12797	2718	33.4224	26.0911	2094	29	7	623	25	86	516	5	0.837931	1.29779e+06	5.97729e-05	
12009	13125	2734	36.8099	35	2043	29	6	632	21	77	496	5	1.24212	844204	7.05965e-05	
12062	12562	2700	36.5388	29.3939	2018	31	9	647	15	88	518	5	0.432255	1.22057e+06	9.0629e-05	
12083	12906	2786	28.4691	25	2106	29	9	618	14	77	519	5	0.862602	1.48998e+06	5.70809e-05	
12021	13475	2798	24.2429	25	2112	28	6	635	13	84	530	5	1.70745	1.34283e+06	5.35332e-05	
12100	12550	2700	29.4766	34.2125	2127	31	8	602	18	62	509	5	0.36081	921712	0.000235073	
12100	13475	2781	28.4656	25	2128	28	7	630	16	85	525	4	1.61997	1.22325e+06	5.48516e-05	
12091	12587	2738	37	28.52	2157	32	7	623	8	79	512	6	0.434879	1.25582e+06	8.95095e-05	
12100	12550	2700	36.7677	34.0914	2110	31	7	611	15	68	510	6	0.370804	1.1072e+06	0.000114482	
12059	12576	2700	37	25.4778	2083	28	7	618	12	83	501	5	0.453893	1.33679e+06	8.24334e-05	
11356	13020	2700	37	35	2087	32	9	621	14	65	513	5	1.85855	764658	7.57117e-05	
12028	12570	2719	36.9988	34.607	2082	29	9	619	26	71	504	6	0.487384	1.19307e+06	8.10045e-05	
11753	13270	2781	35.9977	35	2082	30	9	631	15	90	511	4	1.77832	813229	6.99741e-05	
12100	12550	2700	29.1522	35	2086	30	8	613	11	62	501	6	0.359919	893454	0.000256345	
11197	12973	2701	37	34.9304	2056	32	10	627	15	68	485	4	1.97868	753186	7.76096e-05	
11810	12649	2725	36.8099	35	2043	29	8	632	21	71	515	5	0.854661	931810	7.1623e-05	
12100	13038	2795	26.5125	25	2116	29	10	621	14	76	528	5	1.01486	1.48572e+06	5.50267e-05	
12100	12553	2701	29.4766	34.2125	2127	30	8	602	18	62	509	5	0.364745	934467	0.000225785	
12100	12550	2703	28.7989	34.6034	2098	30	8	616	11	60	511	4	0.359282	858200	0.0002849	
12100	12551	2700	30.1769	35	2086	28	7	600	15	71	516	5	0.363819	970862	0.000201005	
12021	12550	2709	37	29.9691	2109	32	8	609	22	69	479	6	0.46868	1.25734e+06	8.1686e-05	
11998	13222	2750	35.7025	35	2160	29	8	627	11	73	519	5	1.3937	842735	6.90036e-05	
12085	13376	2777	23.7779	25	2098	28	7	622	17	88	528	6	1.47271	1.41922e+06	5.35791e-05	
12100	12867	2790	31.9034	25.0617	2045	30	6	621	14	74	511	5	0.798343	1.44567e+06	5.87199e-05	
12018	13120	2780	28.1826	25	2142	28	8	628	19	76	528	5	1.23062	1.30338e+06	5.51633e-05	
11780	13264	2741	36.3086	34.3389	2063	28	9	644	17	72	530	4	1.7122	816410	6.97983e-05	
11836	13357	2768	36.6186	33.51	2136	31	10	639	12	81	530	4	1.78888	832131	6.82967e-05	
12100	12569	2738	37	28.6186	2159	32	10	600	8	80	512	5	0.400557	1.20631e+06	0.00010013	
12100	12550	2732	31.5045	33.7385	2100	32	9	601	20	65	496	5	0.369597	1.02562e+06	0.000165782	
11304	12917	2723	37	35	2002	32	9	642	8	72	497	5	1.79841	765171	7.63126e-05	
11457	12601	2717	36.6886	35	2027	32	9	632	13	69	525	5	1.20784	805312	7.44158e-05	
12100	13497	2793	24.1426	25	2092	28	6	630	14	74	529	5	1.63506	1.36477e+06	5.36394e-05	
12100	13296	2746	29.8172	25.0253	2127	30	5	626	16	86	530	5	1.35753	1.2369e+06	5.59754e-05	
12100	12553	2700	28.741	35	2086	30	8	603	20	62	504	6	0.362507	866695	0.000276778	
12001	13424	2775	30.6143	26.3189	2092	29	7	618	16	80	529	5	1.67497	1.11441e+06	5.76402e-05	
12100	13264	2790	22.3576	25	2097	28	7	639	17	81	524	5	1.29046	1.61563e+06	5.33988e-05	
12100	12550	2700	30.1581	32.8426	2078	31	6	637	18	77	522	5	0.362509	986712	0.000201735	
12100	13493	2753	37	35	2000	28	9	644	14	90	514	5	1.64197	816546	6.90608e-05	
12100	12550	2700	29.5525	28.7919	2072	31	9	625	18	72	526	5	0.36101	968060	0.000225428	
12100	12550	2700	30.8242	30.877	2160	31	7	618	3	72	522	5	0.363965	1.02097e+06	0.000179953	
12100	12601	2729	37	28.4964	2067	29	7	635	16	83	505	5	0.440327	1.25634e+06	8.80359e-05	
12100	12589	2700	27.3274	33.9911	2090	31	7	608	18	74	510	6	0.403204	902910	0.000251067	
12100	12551	2700	30.1769	35	2088	28	7	600	15	68	516	5	0.363819	968445	0.000201045	
11277	13357	2700	37	35	2091	32	10	624	7	67	492	5	2.39745	754782	7.67342e-05	
12100	13296	2787	22.4416	25	2127	30	6	626	16	87	530	5	1.33436	1.58263e+06	5.33561e-05	
11812	13311	2764	36.6186	33.9283	2136	31	10	621	9	84	530	6	1.75225	825704	6.89941e-05	
11596	12550	2707	37	35	2103	29	10	621	18	72	465	5	0.976425	845754	7.45823e-05	
12100	13054	2795	28.132	25	2048	29	8	628	14	76	529	5	1.04347	1.40386e+06	5.5417e-05	
12098	12867	2790	32.1734	25.0617	2034	30	7	621	17	75	512	5	0.801316	1.42558e+06	5.87648e-05	
12100	12550	2700	29.2277	26.0598	2039	30	8	642	6	71	522	5	0.360131	969940	0.000241604	
12028	12551	2717	37	35	2080	32	10	617	26	72	504	6	0.462785	1.17592e+06	8.54993e-05	
12100	12550	2700	30.8447	26.7324	2069	29	8	631	9	62	501	4	0.364007	1.05235e+06	0.000177085	
11937	13379	2785	35.4166	29.6227	2093	30	10	628	18	90	515	4	1.70468	931554	6.32911e-05	
11504	13282	2705	37	34.8393	2004	31	9	639	4	69	512	5	2.03929	770312	7.44713e-05	
12057	12883	2722	36.388	25.6915	2085	31	8	616	8	69	521	6	0.857416	1.23756e+06	6.17284e-05	
12100	12550	2700	28.8835	29.3968	2114	30	7	605	19	66	523	5	0.359138	899929	0.000271297	
12100	12882	2733	37	26.8391	2154	30	7	616	10	86	489	6	0.806784	1.2443e+06	6.22471e-05	
12100	13342	2791	33.4992	27.3412	2092	28	6	624	15	83	515	5	1.45042	1.07872e+06	5.92417e-05	
12018	13491	2772	23.3806	25	2160	28	6	636	12	88	530	4	1.71028	1.38059e+06	5.32992e-05	
11913	13094	2700	36.3776	34.8835	2064	29	8	618	10	77	511	4	1.30138	826885	7.07914e-05	
11561	12550	2707	37	35	2103	29	9	621	5	72	491	5	1.01745	841694	7.37898e-05	
12100	12585	2700	27.3274	35	2093	31	6	608	18	75	509	6	0.398122	877988	0.000268168	
12100	13441	2710	35.1148	34.972	2127	31	8	617	14	71	530	6	1.54422	831276	6.92089e-05	
12032	12558	2738	37	35	2068	31	10	623	16	74	530	6	0.47043	1.18321e+06	8.42673e-05	
11733	13301	2794	33.8361	32.6743	2091	30	10	633	16	86	518	5	1.85231	875354	6.63394e-05	
12100	12550	2703	28.7989	34.6034	2098	30	8	616	11	60	511	4	0.359282	858200	0.0002849	
12031	12570	2704	36.9988	35	2082	29	9	619	26	74	504	6	0.481045	1.1834e+06	8.2021e-05	
12100	12550	2700	32.5293	30.1088	2071	31	9	628	11	65	508	5	0.36692	1.07176e+06	0.000147406	
11841	13500	2713	37	35	2023	30	9	630	13	84	500	4	1.94227	784838	7.17566e-05	
12100	12903	2713	30.5169	27.6653	2086	30	10	623	18	78	523	5	0.820708	1.3172e+06	6.03792e-05	
12100	12550	2700	29.3097	25	2098	30	7	602	18	65	530	5	0.360358	976824	0.000236295	
12100	12550	2700	29.1522	32.8001	2086	30	8	613	12	62	483	6	0.359919	903384	0.000254777	
12100	13248	2700	35.5131	34.997	2124	32	9	620	7	68	522	4	1.27886	839734	7.0141e-05	
12100	12550	2700	32.1307	26.5316	2113	28	10	640	19	67	508	5	0.366318	1.09826e+06	0.000150989	
12100	12550	2700	29.6331	25.9203	2065	31	10	632	14	72	510	5	0.36122	996291	0.000219106	
12033	12550	2719	37	25	2078	28	6	619	6	88	505	5	0.455733	1.36283e+06	8.19605e-05	
12100	12550	2700	29.9264	30.5427	2103	30	10	645	7	66	503	5	0.361956	980898	0.000209644	
11990	13488	2700	36.9088	35	2075	32	9	624	3	82	517	4	1.7373	793840	7.09774e-05	