11091	13500	2701	37	35	2059	32	10	622	13	64	499	4	2.80238	747328	7.82228e-05	
12100	13360	2800	21	25	2140	28	7	638	8	83	530	5	1.40903	1.7299e+06	5.26233e-05	
11602	13054	2700	37	33.972	2124	32	9	621	5	74	519	4	2.69955	742327	7.92959e-05	
12100	12550	2700	28.6844	26.9511	2096	30	8	624	13	62	507	5	0.358532	892580	0.000287687	
12100	13438	2800	21	25	2140	28	7	634	11	83	530	5	1.51843	1.66933e+06	5.24466e-05	
12100	12550	2700	28.6927	34.7862	2092	31	8	631	7	62	506	6	0.358558	847422	0.000295683	
11058	13400	2701	37	35	2056	32	10	624	14	67	482	5	2.70348	745280	7.88955e-05	
11091	13498	2701	37	35	2056	32	9	627	15	66	485	4	2.79965	747024	7.85114e-05	
12100	13413	2800	21	25.0547	2140	28	7	633	11	83	530	5	1.48329	1.68522e+06	5.251e-05	
12100	13384	2800	21.0355	25	2143	28	6	623	6	83	529	5	1.44324	1.70859e+06	5.25155e-05	
11197	13416	2700	37	35	2056	32	10	624	15	68	482	4	2.56795	748778	7.78028e-05	
11287	13391	2701	37	34.8465	2056	32	10	631	9	64	492	4	2.43286	753660	7.69468e-05	
11191	13492	2700	37	34.9304	2098	32	10	608	19	68	485	4	2.67794	751486	7.73934e-05	
11225	13469	2701	37	34.9304	2098	32	10	601	15	68	480	4	2.60913	752356	7.73276e-05	
12100	13247	2791	22.3576	25	2111	28	7	639	11	81	526	5	1.26741	1.63533e+06	5.33561e-05	
12100	13361	2778	21.0167	25	2142	28	5	638	14	86	529	5	1.39963	1.72356e+06	5.27816e-05	
11197	13400	2701	37	35	2056	32	10	600	15	67	484	4	2.54724	748660	7.7815e-05	
12100	12550	2700	28.6927	34.7862	2092	30	8	632	7	66	504	6	0.358558	851736	0.000294985	
11232	13469	2701	37	34.9304	2098	32	10	601	15	68	480	4	2.60119	752479	7.72798e-05	
11191	13469	2701	37	34.9304	2098	32	10	609	15	68	485	4	2.64762	751950	7.73575e-05	
12100	13438	2787	21	25	2144	28	7	646	16	83	530	5	1.51138	1.66038e+06	5.2579e-05	
11347	13339	2704	37	35	2110	31	10	601	14	65	513	5	2.29664	762336	7.54489e-05	
12100	13425	2793	21.1364	25	2143	28	9	623	7	86	529	5	1.49873	1.65088e+06	5.25873e-05	
11176	13366	2701	37	35	2056	29	10	624	15	68	482	4	2.52502	753140	7.71367e-05	
11248	13236	2705	37	35	2033	32	9	620	7	68	505	5	2.27223	756268	7.67401e-05	
11257	13391	2706	37	34.8681	2056	32	10	632	10	63	492	4	2.47158	752913	7.71843e-05	
11230	13366	2701	37	35	2044	32	10	624	13	68	482	4	2.46391	749614	7.76337e-05	
12100	12550	2700	28.741	35	2000	30	8	603	12	62	503	6	0.358707	847833	0.000291971	
12100	13264	2791	22.3576	25	2111	28	7	639	15	81	530	5	1.29093	1.6257e+06	5.31519e-05	
11191	13469	2701	37	34.9304	2098	31	10	609	15	68	485	4	2.64762	753648	7.70891e-05	
11403	13339	2704	37	35	2108	30	10	601	18	62	513	5	2.23222	764426	7.5092e-05	
11197	13366	2701	37	35	2056	32	10	624	15	68	482	4	2.50129	749025	7.77847e-05	
12100	13381	2800	21	25	2140	28	7	635	11	83	530	5	1.43842	1.71268e+06	5.25293e-05	
11130	13219	2700	37	35	2033	32	9	620	12	69	481	5	2.37866	748300	7.83638e-05	
12100	12550	2700	29.0729	34.5647	2120	32	8	608	17	65	526	6	0.359692	890371	0.000261301	
12096	12553	2701	28.741	35	2086	30	8	604	12	62	504	6	0.36753	887339	0.000259538	
12100	13317	2789	22.532	25	2126	29	6	645	9	83	530	5	1.36552	1.56145e+06	5.3135e-05	
12099	12550	2700	28.8542	35	2140	31	7	613	15	63	501	4	0.360272	869187	0.000275482	
12100	13290	2796	22.3576	25	2090	28	7	639	15	81	526	5	1.32932	1.59576e+06	5.32141e-05	
11647	13408	2723	32.6433	29.0668	2155	29	9	634	25	84	522	4	2.05159	953015	6.29168e-05	
12100	13431	2793	21.1364	25	2143	28	9	623	7	86	529	5	1.50714	1.64618e+06	5.25818e-05	
12100	13466	2789	21.3878	25	2133	28	8	634	14	81	530	5	1.55813	1.58872e+06	5.27176e-05	
11860	13493	2700	37	35	2036	31	9	630	4	69	509	5	1.90069	780590	7.26164e-05	
12100	12550	2700	31.7415	26.5316	2127	28	10	640	19	67	508	5	0.365681	1.08752e+06	0.000157431	
11538	13443	2701	37	35	2056	32	10	624	15	68	482	4	2.21394	759558	7.56086e-05	
12100	13411	2772	21	25	2141	28	6	640	10	90	530	4	1.46568	1.68042e+06	5.26011e-05	
12100	13044	2797	25.3677	25	2138	29	5	622	9	79	526	5	1.01745	1.57099e+06	5.48396e-05	
11252	13341	2700	37	34.9991	2004	32	10	620	10	74	474	5	2.40433	749495	7.7688e-05	
12100	12550	2700	29.0402	34.7016	2086	30	8	613	11	62	499	6	0.359598	884486	0.00026441	
12100	13062	2785	25.412	25	2094	28	5	612	13	81	530	5	1.03782	1.55439e+06	5.45732e-05	
12100	13342	2793	22.2552	25	2116	28	6	624	15	86	529	5	1.39894	1.58116e+06	5.28849e-05	
11783	13373	2786	32.6433	28.8421	2155	29	10	634	25	90	522	4	1.88424	978285	6.11995e-05	
12048	12550	2716	33.8618	35	2092	31	8	619	20	80	526	5	0.434554	1.13297e+06	0.000102093	
12083	12550	2726	29.368	34.9274	2054	31	7	603	14	73	503	6	0.384946	981695	0.000195389	
12100	12550	2700	29.9298	31.1406	2099	30	8	626	22	62	522	6	0.361964	974865	0.000210172	
11064	13400	2701	37	35	2071	32	10	600	15	67	484	4	2.69678	745938	7.86411e-05	
12100	12884	2775	29.273	25	2106	29	6	611	8	76	519	5	0.810905	1.51059e+06	5.80147e-05	
12036	12554	2710	32.7188	35	2092	30	8	602	5	82	515	5	0.451916	1.13683e+06	0.000101	
12100	12550	2700	30.6215	35	2079	31	10	633	11	84	497	4	0.363542	993406	0.000188147	
11304	12917	2717	37	35	2002	32	9	636	18	72	497	5	1.79445	763553	7.64468e-05	
12099	12550	2700	29.8966	35	2140	31	7	613	15	63	501	4	0.363105	952068	0.000212179	
12100	12550	2700	31.752	35	2048	31	7	628	19	71	502	6	0.365699	1.0226e+06	0.000162496	
12100	12550	2702	21	30.5375	2127	31	10	604	17	65	517	5	0.370341	1.08014e+06	0.000122971	
11248	13219	2701	37	35	2056	32	9	620	7	67	505	5	2.24617	756526	7.66977e-05	
12100	13025	2782	26.0832	25	2086	29	7	622	9	83	530	5	0.990333	1.52682e+06	5.5212e-05	
12100	12550	2700	35.2631	26.5648	2073	31	8	636	15	71	514	6	0.369876	1.1693e+06	0.000119389	
12100	13271	2791	22.3576	25	2111	28	7	639	17	85	526	5	1.30062	1.61919e+06	5.31773e-05	
12100	12550	2700	35.1729	35	2084	29	9	631	11	63	505	6	0.369807	1.07746e+06	0.000124177	
12100	13384	2791	22.4527	25.1238	2143	28	6	623	6	81	529	5	1.4589	1.52978e+06	5.29717e-05	
11567	13332	2707	37	35	2116	32	10	637	17	67	511	5	2.03455	770212	7.40686e-05	
11768	13485	2710	36.0061	35	2066	31	10	643	2	90	506	4	2.00643	792148	7.11592e-05	
11130	12951	2700	37	35	2090	31	9	620	12	69	481	5	2.02469	754861	7.7694e-05	
12100	12561	2704	37	34.6305	2131	31	7	607	15	68	513	6	0.385422	1.12126e+06	0.000107573	
12096	12550	2710	32.7188	35	2092	30	9	607	1	71	515	5	0.373454	1.04513e+06	0.000143062	
11197	13240	2702	37	34.7974	2056	32	10	624	23	68	485	4	2.3329	752694	7.74954e-05	
12100	12550	2709	36.1834	34.606	2140	29	9	611	19	66	528	6	0.371728	1.09386e+06	0.000117509	
12100	13438	2788	21	25	2141	28	7	634	11	83	530	5	1.51192	1.66552e+06	5.25624e-05	
12100	12550	2700	31.4645	28.3008	2098	30	8	626	18	62	526	6	0.365196	1.06201e+06	0.000163934	
11897	12719	2734	31.6672	25.9414	2077	31	10	640	19	75	519	5	0.837449	1.30338e+06	6.00276e-05	
11986	12550	2800	36.7447	33.9506	2100	30	8	600	18	69	504	6	0.528296	1.22576e+06	7.6365e-05	
11602	13068	2700	37	33.972	2124	32	8	621	5	74	519	4	1.6366	801474	7.20721e-05	
12063	13500	2798	22.0194	25	2112	28	6	633	13	84	530	5	1.66699	1.4923e+06	5.28457e-05	
12100	12550	2700	29.1522	34.7016	2086	30	8	613	11	62	499	6	0.359919	894640	0.000256082	
12049	12562	2700	36.5388	26.709	2096	32	9	644	14	88	519	5	0.448081	1.2815e+06	8.52442e-05	
12059	12848	2782	31.6411	25.5592	2098	30	7	642	13	81	512	5	0.821719	1.4108e+06	5.84044e-05	
11429	13295	2706	36.8238	35	2000	29	9	638	6	71	485	5	2.14447	766345	7.52106e-05	
11733	13272	2794	33.8361	31.947	2091	30	9	616	17	85	518	5	1.81207	892610	6.56987e-05	
12100	12550	2700	29.9298	29.6353	2099	30	8	626	22	62	522	6	0.361964	984517	0.00020903	
11364	13442	2701	37	34.8465	2034	32	10	633	8	63	505	4	2.41385	755965	7.62951e-05	
12100	12550	2701	29.0482	26.4948	2160	29	9	628	19	71	520	5	0.359754	946689	0.000254065	
12100	12550	2700	28.9341	34.9553	2098	31	8	609	14	61	502	6	0.359288	869775	0.000273598	
11723	13400	2701	37	35	2056	32	10	626	14	65	482	4	1.93831	767668	7.47999e-05	
12100	12564	2700	29.4766	34.8166	2090	29	7	603	18	66	505	4	0.378554	971584	0.00019857	
12100	12906	2786	29.4466	25	2110	29	8	620	8	77	519	5	0.844154	1.48221e+06	5.71951e-05	
12100	12550	2700	29.322	33.8611	2160	31	7	625	19	72	516	5	0.360392	920959	0.000242601	
12100	12550	2700	29.3248	29.2311	2101	30	6	629	8	73	500	5	0.3604	951045	0.00023855	
12018	13491	2772	24.4019	25	2160	28	6	636	11	88	530	4	1.71889	1.33074e+06	5.35733e-05	
12012	12645	2728	36.9539	25.8504	2057	30	10	633	6	90	523	5	0.605032	1.37397e+06	6.47333e-05	
11800	12703	2779	30.3821	25.8938	2115	29	7	639	12	79	526	5	0.946948	1.32051e+06	5.78905e-05	
12100	12702	2749	36.5127	27.4997	2088	31	7	637	20	85	511	5	0.574634	1.36629e+06	6.79302e-05	
12096	12694	2711	37	27.7679	2034	29	8	635	12	84	523	5	0.561538	1.34453e+06	6.85636e-05	
12100	12558	2702	30.9873	35	2084	31	8	617	18	63	514	6	0.374708	1.01653e+06	0.000166445	
12100	12550	2700	31.3922	26.9751	2049	29	7	603	18	67	503	5	0.365065	1.07355e+06	0.000164718	
12100	12550	2700	31.6918	27.2104	2090	31	7	624	10	84	520	5	0.365596	1.08283e+06	0.000158655	
12100	12587	2738	37	27.8031	2157	32	7	623	8	75	512	5	0.423732	1.25627e+06	9.23191e-05	
12100	12577	2702	27.8495	34.4197	2137	28	9	600	7	74	515	5	0.390253	899685	0.000251762	
11959	13381	2700	30.4053	25.1851	2127	29	7	635	21	78	529	5	1.62189	1.14918e+06	5.74218e-05	
11577	13403	2707	36.3519	35	2030	32	10	623	11	70	527	5	2.11856	774704	7.35998e-05	
11257	13304	2702	37	35	2056	32	10	632	18	63	492	4	2.35063	750890	7.74293e-05	
12100	12550	2700	34.4733	27.9886	2073	28	9	650	24	90	513	5	0.369209	1.13156e+06	0.000125723	
12048	12578	2701	25.6624	34.601	2127	30	8	612	15	73	494	4	0.444847	879364	0.00026688	
11361	13266	2700	36.9844	34.997	2108	32	10	643	19	68	513	4	2.17916	762569	7.53239e-05	
12058	12645	2700	36.9539	25.8504	2057	30	10	628	4	90	523	6	0.542918	1.37615e+06	6.90655e-05	
12100	12550	2700	34.0106	25.6249	2090	31	7	624	10	84	521	5	0.368752	1.15786e+06	0.000128452	
12036	12730	2715	36.6816	28.6075	2086	32	8	613	7	73	496	5	0.682177	1.23083e+06	6.59283e-05	
11840	13270	2781	35.9977	35	2085	30	9	639	18	90	522	5	1.67158	822502	6.92617e-05	
12100	12550	2700	29.4265	34.4397	2106	31	8	620	11	77	497	6	0.360676	924974	0.000237135	
12100	12968	2779	28.4691	25	2065	28	9	620	10	72	515	5	0.922401	1.45064e+06	5.6427e-05	
12100	12550	2700	28.741	34.4974	2011	30	8	603	19	62	503	6	0.358707	850179	0.000291375	
12085	13135	2701	36.6134	25.2455	2096	30	6	643	5	70	517	5	1.1478	1.14661e+06	6.10389e-05	
12100	12550	2700	31.8054	32.3196	2043	29	10	613	22	72	502	5	0.365789	1.0375e+06	0.000159949	
12100	12550	2700	32.1307	26.5316	2113	28	10	640	19	67	508	5	0.366318	1.09826e+06	0.000150989	
12100	12550	2700	31.7517	32.9268	2078	31	10	636	13	73	522	5	0.365699	1.03411e+06	0.000161031	
12100	12550	2700	29.2189	35	2108	32	8	630	15	62	471	5	0.360106	900668	0.000252717	
12100	13296	2786	22.5275	25	2126	28	5	640	14	85	530	5	1.33489	1.58972e+06	5.29325e-05	
12097	12550	2702	29.0729	34.9272	2119	32	10	608	14	72	486	5	0.363627	901478	0.000250188	
12016	12559	2714	37	35	2080	28	10	638	30	71	496	5	0.487108	1.18515e+06	8.12216e-05	
12100	13062	2782	26.0832	25	2148	29	9	622	9	77	527	5	1.04053	1.4959e+06	5.47375e-05	
12100	12647	2700	36.7259	34.7943	2146	30	7	632	18	82	498	5	0.494135	1.19609e+06	8.04894e-05	
12100	12550	2700	33.39	35	2084	30	6	639	11	64	505	6	0.368057	1.05493e+06	0.000139528	
12068	12550	2738	36.7126	35	2067	31	10	622	16	78	529	4	0.415593	1.14359e+06	9.87264e-05	
12100	13296	2786	22.4416	25	2127	28	5	640	14	81	530	5	1.33388	1.59882e+06	5.29717e-05	
12100	13025	2782	26.0832	25	2138	29	7	622	9	83	530	5	0.990333	1.53909e+06	5.49964e-05	
12100	12550	2713	34.4313	35	2082	31	8	600	4	63	511	4	0.370947	1.06732e+06	0.0001295	
11257	13091	2706	37	35	2063	30	10	639	10	63	491	4	2.06974	757069	7.67048e-05	
12100	12550	2718	30.084	35	2097	29	8	600	11	64	505	6	0.36475	961865	0.000206398	
12082	12550	2700	37	25	2107	30	7	629	17	80	507	5	0.392888	1.27285e+06	9.9681e-05	
12100	13331	2788	24.6273	25.1228	2092	28	6	625	14	79	529	4	1.40372	1.39143e+06	5.38184e-05	
11768	13485	2713	37	34.9374	2066	31	10	621	3	86	522	4	2.00918	784173	7.15768e-05	
11870	13124	2777	32.0847	29.9087	2137	30	8	626	15	84	520	5	1.42795	995816	6.20887e-05	
12081	13235	2784	23.0396	25	2115	28	7	632	12	81	530	5	1.27923	1.56392e+06	5.33163e-05	
12100	12550	2700	35.2631	25	2062	31	8	631	13	67	518	6	0.369876	1.19996e+06	0.000118624	
12096	13411	2772	21	25	2141	28	6	640	10	90	530	4	1.4707	1.67715e+06	5.26094e-05	
12100	12550	2700	30.376	34.8213	2128	31	9	602	18	62	518	5	0.363006	972385	0.000196464	
11768	13471	2713	37	34.9916	2066	31	10	621	3	86	522	4	1.99004	783727	7.16332e-05	
12100	13466	2789	21	25	2140	28	8	634	14	81	530	5	1.55173	1.64112e+06	5.26094e-05	
12100	12550	2700	30.754	32.3397	2145	30	9	623	18	67	523	4	0.36382	1.007e+06	0.000182815	
12100	12550	2700	29.4766	34.8213	2133	31	8	601	18	62	509	5	0.36081	918360	0.000235571	
12100	13475	2798	22.0194	25	2112	28	6	633	13	84	530	5	1.58494	1.52252e+06	5.27454e-05	
12096	13411	2772	22.3121	25	2132	28	6	639	4	90	530	4	1.48978	1.52116e+06	5.28681e-05	
11277	13291	2700	36.867	35	2088	32	10	624	11	67	498	5	2.30863	756991	7.6476e-05	
12100	13196	2785	23.8248	25	2148	28	9	628	14	75	528	5	1.20948	1.53527e+06	5.36021e-05	
12100	12872	2739	32.1011	26.095	2158	28	7	610	17	69	521	6	0.790663	1.4029e+06	5.91296e-05	
12036	13080	2712	36.9902	35	2119	30	9	602	6	82	515	5	1.13951	854286	7.0373e-05	
12100	13120	2775	23.8248	25	2154	28	6	623	11	76	524	4	1.10139	1.60605e+06	5.43036e-05	
12100	12890	2777	32.0847	28.4311	2137	30	9	626	15	84	520	5	0.825676	1.29081e+06	6.02845e-05	
12049	12550	2700	36.6012	26.7324	2076	29	8	637	3	62	501	5	0.432905	1.27938e+06	8.87784e-05	
12098	12867	2790	28.8708	25.0617	2041	30	7	621	17	78	530	5	0.793787	1.51399e+06	5.90388e-05	
12100	12550	2700	29.4766	34.2125	2127	31	8	602	18	65	522	5	0.36081	924223	0.000234687	
12100	12550	2700	28.9738	31.8584	2114	28	6	621	18	65	511	6	0.359405	899266	0.000265887	
12100	12550	2700	29.1522	32.8001	2064	30	9	613	12	62	483	6	0.359919	902699	0.000254842	
11985	12879	2707	30.4112	25	2066	29	6	650	7	70	530	5	0.927559	1.35758e+06	5.75904e-05	
12052	12550	2703	37	25.6864	2101	31	8	605	17	70	505	6	0.429921	1.30635e+06	8.82301e-05	
12060	12550	2701	36.0252	25.257	2047	31	9	647	15	89	512	5	0.419347	1.2775e+06	9.38527e-05	
12100	12850	2749	37	27.03	2088	31	7	637	13	85	505	5	0.769195	1.26053e+06	6.23325e-05	
11831	12851	2700	30.1769	33.535	2100	29	7	642	15	71	516	5	1.07345	991935	6.66311e-05	
12100	12550	2701	30.061	34.9553	2098	31	8	609	14	61	502	6	0.362414	957114	0.00020816	
12100	12550	2701	31.3316	30.7102	2136	31	10	621	11	70	509	5	0.365088	1.0364e+06	0.000168011	
12100	12550	2706	36.6757	26.0217	2144	29	7	643	16	72	530	5	0.371583	1.20677e+06	0.000110877	
12100	12550	2700	30.2875	31.9209	2086	31	9	607	14	64	502	6	0.362807	985016	0.00019755	
12100	12550	2704	34.0729	32.7053	2084	31	7	636	11	76	522	5	0.369363	1.07985e+06	0.000131423	
11163	13219	2700	37	35	2033	32	9	619	9	65	488	5	2.34152	748598	7.81677e-05	
12100	12550	2700	30.9315	26.2845	2094	28	9	635	16	72	514	5	0.364182	1.06644e+06	0.000174125	
12094	12989	2800	27.0446	25	2032	28	8	628	15	76	529	5	0.960005	1.50437e+06	5.55463e-05	
12006	12744	2726	29.9274	25	2078	28	6	641	7	89	505	5	0.730991	1.49031e+06	6.05583e-05	
12100	12945	2786	37	25	2107	29	9	618	14	80	508	5	0.907163	1.25405e+06	5.98767e-05	
12044	12610	2738	37	25.7472	2072	31	10	640	4	84	521	5	0.522618	1.37065e+06	7.16281e-05	
11801	13224	2768	37	33.51	2136	32	10	621	12	81	530	4	1.64897	828937	6.90512e-05	
12100	12550	2710	32.4504	34.6544	2152	31	7	639	16	76	530	5	0.368164	1.04142e+06	0.000150399	
12001	12712	2774	31.1973	25.6804	2114	31	8	619	19	75	530	5	0.710669	1.45113e+06	6.14402e-05	
12100	13500	2772	21	25	2141	28	6	640	10	89	530	4	1.58978	1.61816e+06	5.25652e-05	
12094	13322	2745	36.8615	34.1202	2144	29	9	636	10	79	519	4	1.40931	846910	6.80087e-05	
12100	12550	2700	30.3691	28.5708	2077	30	8	628	20	71	505	5	0.362991	1.0187e+06	0.000191828	
12018	13491	2777	24.4019	25	2147	28	6	636	9	83	527	4	1.72199	1.32764e+06	5.3723e-05	
12089	12662	2738	34.9185	27.8031	2147	32	7	623	17	74	512	5	0.532944	1.3397e+06	7.4129e-05	
12100	12571	2700	27.528	32.4199	2144	31	7	614	17	77	506	5	0.383282	1.08341e+06	0.00012025	
12100	12551	2700	30.1769	35	2088	28	7	600	15	68	516	5	0.363819	968445	0.000201045	
12100	12550	2700	31.2837	25.5215	2103	30	8	629	20	78	507	5	0.364864	1.08872e+06	0.000165618	
12100	12550	2701	31.1429	25.9663	2052	30	7	612	17	75	528	5	0.364732	1.07813e+06	0.00016909	
12100	12550	2700	30.3975	30.7395	2082	31	10	629	13	69	513	5	0.363054	1.00276e+06	0.000192493	
12045	12550	2710	35.1148	35	2126	29	8	614	21	70	526	5	0.438428	1.15028e+06	9.58222e-05	
12100	12550	2700	33.8437	30.2822	2160	31	7	629	3	75	513	5	0.368575	1.09724e+06	0.00013238	
12083	12557	2701	28.1616	35	2104	31	8	613	5	82	510	5	0.386597	917686	0.000239006	
12100	13384	2800	22.4527	25.1238	2143	28	6	623	6	79	529	5	1.4636	1.53273e+06	5.29157e-05	
12037	12755	2700	36.9068	27.6273	2052	32	8	631	21	80	513	5	0.709455	1.23878e+06	6.45036e-05	
12049	12645	2700	36.5388	26.709	2096	32	9	644	14	86	519	5	0.553671	1.35632e+06	6.89465e-05	
12091	12551	2702	31.2032	35	2128	28	7	600	15	69	515	5	0.377251	1.02418e+06	0.000159312	
12100	12550	2700	33.2443	29.9481	2080	31	9	628	10	65	507	5	0.367879	1.0868e+06	0.000138466	
12100	13038	2785	26.5125	25	2103	29	10	637	12	80	530	5	1.01123	1.48003e+06	5.50146e-05	
12080	13500	2775	30.5314	25	2082	30	7	620	28	86	530	5	1.68221	1.17275e+06	5.63539e-05	
11789	12567	2739	37	25	2018	31	9	649	14	86	518	5	0.778661	1.25667e+06	6.24181e-05	
11889	13222	2795	31.5431	28.7482	2158	29	10	641	13	87	522	5	1.54756	1.02391e+06	6.00565e-05	
12100	13296	2786	25.0684	25	2126	28	5	640	8	85	526	5	1.35722	1.40182e+06	5.36394e-05	
12041	12645	2708	36.9539	28.9307	2086	31	10	639	4	90	504	5	0.565273	1.29352e+06	6.92233e-05	
12100	12550	2707	28.741	34.5255	2078	30	7	607	13	62	512	6	0.359637	853235	0.00029036	
12059	12553	2700	37	25.7173	2100	30	7	625	18	75	501	5	0.424723	1.30083e+06	8.96138e-05	
12100	12567	2707	28.4151	35	2092	31	8	607	8	71	509	4	0.380208	907012	0.000245339	
12049	12550	2700	37	26.1582	2076	29	8	637	3	62	501	5	0.433094	1.2973e+06	8.74967e-05	
12100	12550	2700	31.195	30.9654	2132	30	9	605	13	90	521	4	0.364697	1.03092e+06	0.000171028	
12028	12559	2717	37	35	2080	32	10	619	26	71	504	6	0.472987	1.18184e+06	8.3689e-05	
12100	13291	2784	24.6385	25	2099	28	7	623	13	80	526	5	1.34638	1.41792e+06	5.38561e-05	
12100	12791	2777	34.4216	32.759	2012	30	8	614	22	90	529	4	0.696701	1.20373e+06	6.66889e-05	
12100	12559	2700	31.6683	34.9498	2110	31	8	611	18	63	499	6	0.376961	1.03327e+06	0.000152788	
12100	12550	2700	29.7485	26.5111	2160	31	7	636	3	73	515	5	0.361514	1.00441e+06	0.000213721	
12100	12772	2763	34.5736	26.095	2100	28	7	631	14	74	521	5	0.668249	1.42412e+06	6.21157e-05	
12035	13322	2745	36.8615	34.1202	2144	29	9	637	10	78	519	4	1.48238	838842	6.83293e-05	
11843	13493	2700	37	35	2051	28	9	634	12	69	509	4	1.92104	783873	7.19114e-05	
12100	12550	2700	29.322	30.8109	2160	31	7	625	3	69	515	5	0.360392	936497	0.000240154	
12100	12550	2700	30.1416	35	2041	30	7	618	14	72	496	5	0.36247	966742	0.000204541	
12100	12558	2705	33.6164	35	2112	30	8	603	11	67	504	6	0.379161	1.0655e+06	0.000130242	
12100	12550	2700	31.2741	34.7016	2086	30	9	613	11	62	499	6	0.364846	1.00805e+06	0.000172147	
12100	13475	2800	21.8243	25	2101	28	6	626	13	84	529	5	1.58342	1.54129e+06	5.27732e-05	
12099	12550	2700	28.7862	35	2119	31	8	615	14	63	508	5	0.360066	861372	0.000281532	
11980	13423	2700	37	35	2045	32	10	625	16	66	480	4	1.66116	783123	7.35781e-05	
11747	12550	2700	30.2088	25.0355	2086	28	9	634	16	72	530	5	0.787649	1.40085e+06	5.92101e-05	
12041	13052	2715	31.4323	25.2479	2104	29	8	639	11	75	503	5	1.09172	1.22274e+06	5.84283e-05	
11758	13457	2713	36.6821	35	2066	31	9	643	1	86	506	4	1.98271	787457	7.1664e-05	
11856	13436	2727	36.3086	34.9724	2111	28	10	643	11	74	509	5	1.84594	800346	7.05667e-05	
12095	13217	2730	36.1531	33.4458	2112	30	8	628	18	70	529	5	1.2578	882521	6.76727e-05	
11993	12706	2714	36.6288	25.3318	2077	29	8	626	7	74	505	5	0.703368	1.34732e+06	6.22432e-05	
12100	12550	2700	30.9315	27.5091	2074	30	9	626	17	71	502	5	0.364182	1.05237e+06	0.000175193	
11375	13339	2700	37	35	2104	31	10	636	16	65	502	5	2.26112	761075	7.55687e-05	
12100	12550	2701	30.1591	35	2065	28	9	601	1	70	503	5	0.362645	963279	0.000203998	
12100	12550	2701	30.5997	27.2706	2092	30	7	619	13	67	526	5	0.36363	1.03924e+06	0.000183857	
12047	12634	2720	36.6989	30.1082	2093	31	10	637	5	68	497	5	0.546168	1.27063e+06	7.21813e-05	
12100	12550	2700	34.7192	34.712	2046	28	8	643	14	70	484	4	0.369431	1.07505e+06	0.000127307	
12100	12550	2700	30.7929	30.9654	2132	30	9	605	11	90	523	4	0.363901	1.01691e+06	0.000180832	
12082	12714	2771	36.5039	30.6275	2081	28	9	636	18	86	503	4	0.61758	1.2667e+06	6.73265e-05	
12070	13411	2770	23.9165	25	2156	28	6	637	10	77	530	4	1.53749	1.39286e+06	5.34874e-05	
12100	13247	2790	22.5834	25	2111	28	7	642	11	80	526	5	1.26963	1.61234e+06	5.33476e-05	
12100	13290	2791	22.3576	25	2109	28	7	639	15	81	526	5	1.32695	1.60165e+06	5.31802e-05	
12043	12578	2700	25.6624	34.601	2130	30	8	612	15	69	498	4	0.450764	902103	0.000247647	
12100	12644	2715	36.8439	34.9566	2101	32	8	623	7	83	504	4	0.493087	1.1916e+06	8.08407e-05	
12083	12550	2700	29.1522	35	2092	30	8	613	16	60	501	6	0.380676	959931	0.000205508	
12100	12550	2700	29.5525	32.4192	2078	30	9	619	18	87	524	5	0.36101	947770	0.000228102	
11567	13270	2707	37	34.7381	2116	32	10	624	9	66	511	5	1.9511	774819	7.38662e-05	
12100	12550	2700	29.1212	35	2098	30	8	610	10	60	501	4	0.359831	889046	0.000258732	
11343	13266	2700	37	34.997	2108	32	10	641	19	68	513	4	2.1998	761777	7.54546e-05	
11998	13222	2750	35.2651	35	2160	29	9	627	11	75	519	5	1.39338	845621	6.87238e-05	
12100	12550	2700	33.4081	25.3639	2098	30	9	626	18	62	522	5	0.368079	1.14468e+06	0.000134192	
12100	13361	2782	22.4416	25	2127	28	5	640	14	86	529	5	1.42207	1.55109e+06	5.29213e-05	
12021	12550	2701	36.6134	25.2455	2096	28	6	647	5	70	517	5	0.467112	1.36119e+06	7.99872e-05	
12100	12550	2700	29.6693	29.6554	2098	30	8	621	13	69	500	6	0.361313	968847	0.000220653	
12061	13044	2741	26.0832	25	2138	29	5	622	9	77	530	5	1.04941	1.48722e+06	5.49692e-05	
12100	13466	2789	21	25	2140	28	8	634	16	81	530	5	1.55173	1.64081e+06	5.2615e-05	
12100	12550	2701	32.68	27.9344	2080	31	10	627	15	65	505	5	0.367271	1.09606e+06	0.000144134	
11990	13488	2700	36.9088	35	2075	32	9	628	3	82	517	4	1.7373	794292	7.09371e-05	
12063	13070	2735	27.7024	25.5871	2062	29	10	627	4	84	526	4	1.08659	1.32345e+06	5.63063e-05	
11497	13391	2701	37	34.8986	2032	32	9	635	9	65	492	4	2.19119	760876	7.5706e-05	
12100	12550	2700	29.7613	26.2845	2130	28	9	635	16	72	514	5	0.361547	1.0066e+06	0.000212947	
12100	12550	2700	28.7714	32.3397	2112	30	10	622	16	69	526	6	0.3588	874089	0.00028393	
12066	12550	2700	31.2511	35	2078	31	10	632	13	73	522	5	0.406288	1.06392e+06	0.000133387	
12100	12578	2700	34.3118	35	2142	31	8	617	14	70	530	6	0.404564	1.10513e+06	0.000111807	
12100	12550	2700	29.7527	32.3928	2127	31	5	602	18	63	503	6	0.361525	954760	0.000219346	
12100	12550	2700	32.4504	25	2145	30	7	625	21	80	530	5	0.366805	1.12955e+06	0.000145307	
12100	12655	2700	36.7259	34.7943	2043	30	7	632	21	82	502	5	0.504351	1.19708e+06	7.9233e-05	
11928	12780	2769	30.7025	25	2114	30	9	616	17	67	506	4	0.888547	1.3593e+06	5.8401e-05	
12100	12550	2758	37	27.03	2109	29	10	633	13	85	520	5	0.378879	1.19738e+06	0.000108767	
12100	13376	2700	37	34.8878	2056	32	10	613	9	65	492	4	1.4517	802430	7.24848e-05	
12100	12550	2700	34.9454	32.8694	2160	29	8	611	4	68	510	6	0.369624	1.08861e+06	0.000124704	
12100	12550	2700	29.0669	30.685	2123	31	6	614	13	70	517	4	0.359675	914380	0.000257467	
12100	13361	2778	22.4416	25	2127	28	5	638	14	86	529	5	1.42003	1.55053e+06	5.29633e-05	
12009	13125	2734	36.9347	34.8751	2043	29	6	632	21	74	496	5	1.24218	844042	7.06914e-05	
12100	13196	2800	36.3005	25.0547	2140	28	7	628	9	79	530	5	1.25477	1.17341e+06	5.83839e-05	
11980	13063	2700	28.9835	25	2125	29	7	627	12	81	530	4	1.16846	1.2703e+06	5.65004e-05	
12100	13296	2758	22.2542	25	2148	28	5	640	14	90	529	5	1.31822	1.61552e+06	5.30617e-05	
12100	12550	2700	30.1581	32.8426	2078	31	6	637	18	77	522	5	0.362509	986712	0.000201735	
12100	12550	2701	29.7485	30.7102	2136	31	10	621	11	70	510	5	0.361648	965330	0.000217486	
11504	13366	2706	37	35	2000	31	9	617	5	70	514	5	2.15327	766351	7.4638e-05	
12054	13122	2793	24.0082	25.0006	2131	28	9	638	5	79	530	5	1.17085	1.5439e+06	5.36942e-05	
11513	13441	2700	37	35	2031	32	10	624	10	74	468	5	2.2395	757762	7.60398e-05	
12074	12714	2756	36.7287	27.7871	2013	31	10	645	19	90	515	6	0.624313	1.31991e+06	6.55265e-05	
12100	12550	2700	30.8447	26.13	2063	29	9	643	3	72	501	5	0.364007	1.0661e+06	0.000176305	
12100	13196	2785	24.8922	25	2142	28	9	628	13	75	524	4	1.21764	1.45558e+06	5.39462e-05	
11130	13175	2700	37	35	2033	32	9	620	12	67	481	5	2.32005	747809	7.85114e-05	
12100	12558	2700	28.8835	34.2125	2097	30	7	600	18	61	523	6	0.369275	908536	0.000244678	
12100	12550	2700	29.0165	31.8584	2120	31	8	616	20	65	513	6	0.359529	899042	0.000262881	
11903	12576	2729	36.5812	25	2092	28	8	618	13	78	510	5	0.649327	1.39557e+06	6.27589e-05	
12100	12584	2700	28.8981	35	2125	30	9	605	12	65	530	6	0.40231	998497	0.00018044	
12100	12789	2761	37	29.3202	2095	29	9	633	13	82	505	5	0.691837	1.24108e+06	6.45369e-05	
12100	12577	2709	29.0647	35	2073	28	9	600	11	78	508	5	0.395221	989570	0.000187021	
12100	12550	2700	31.8498	25.3362	2062	31	7	636	13	71	513	6	0.365864	1.11129e+06	0.000154895	
12100	13411	2770	23.9165	25	2160	28	6	637	10	77	530	4	1.49993	1.40705e+06	5.33817e-05	
12100	12550	2700	34.6515	35	2094	31	10	633	11	84	497	4	0.369371	1.0679e+06	0.000127894	
12100	12550	2700	32.1769	35	2062	31	7	628	19	71	502	6	0.366391	1.0313e+06	0.000155304	
11903	12645	2728	36.9539	25.8504	2109	28	10	639	6	90	517	5	0.73801	1.28638e+06	6.16865e-05	
12100	12550	2700	33.1812	27.9344	2080	31	9	626	8	85	518	5	0.367801	1.10484e+06	0.000137912	
12100	13044	2797	26.4308	25	2138	29	5	616	9	79	526	5	1.02336	1.51756e+06	5.46866e-05	
11635	13391	2700	36.8349	34.8469	2066	32	10	631	9	66	496	4	2.02913	769447	7.43494e-05	
12100	12550	2700	28.7428	26.5111	2160	31	7	636	3	73	515	5	0.358712	918879	0.00027972	
12100	13180	2783	24.818	25.0248	2108	28	9	644	5	78	530	5	1.1943	1.47175e+06	5.38706e-05	
12100	12550	2700	31.9784	26.13	2063	28	8	634	3	72	504	5	0.366075	1.10147e+06	0.000153186	
12100	12550	2700	31.1533	28.3008	2098	30	8	626	18	62	526	6	0.364617	1.05146e+06	0.000170532	
12082	12553	2700	37	33.7995	2119	29	9	629	14	89	510	5	0.396689	1.13869e+06	0.000102543	
12071	13416	2772	30.4053	27.0918	2127	29	7	610	21	78	529	5	1.57423	1.11273e+06	5.79475e-05	
12100	13425	2793	22.8715	25	2143	28	9	623	16	86	529	5	1.52205	1.46579e+06	5.29801e-05	
11869	12605	2700	37	29.9956	2067	30	8	633	33	79	517	6	0.72029	1.14199e+06	6.66089e-05	
11633	13492	2705	37	35	2089	31	10	633	8	83	497	4	2.1726	774083	7.30353e-05	
12100	12585	2700	35.1892	35	2093	31	6	608	16	78	509	6	0.414218	1.12943e+06	0.000103939	
12032	12558	2738	37	35	2068	31	10	623	16	74	530	6	0.47043	1.18321e+06	8.42673e-05	
12100	12730	2770	21.6704	25	2092	28	6	622	17	86	530	5	1.02221	834831	7.47217e-05	
12088	13102	2773	30.796	25.4085	2107	29	6	640	21	76	510	5	1.12275	1.26153e+06	5.71527e-05	
12083	12943	2780	29.0817	25	2160	29	7	626	12	80	529	5	0.912366	1.46968e+06	5.57973e-05	
12100	13425	2793	21.0355	25	2143	28	6	623	6	86	529	5	1.49701	1.67474e+06	5.24962e-05	
12100	12883	2796	36.388	25	2050	30	7	616	16	77	523	4	0.826415	1.3355e+06	5.9641e-05	
12066	12908	2717	36.3305	25	2019	29	8	638	23	73	510	5	0.877525	1.24902e+06	6.09645e-05	
12100	12550	2700	30.1769	35	2086	29	7	600	15	71	516	5	0.362552	965850	0.000203252	
12100	13044	2798	25.3677	25	2157	29	5	619	7	85	530	5	1.01782	1.57805e+06	5.4615e-05	
12100	12586	2711	27.3274	35	2056	30	7	606	17	72	510	4	0.40102	883237	0.000263644	
12100	12550	2700	34.8652	34.9904	2145	30	9	618	17	72	515	4	0.369557	1.06974e+06	0.000126279	
12100	12550	2700	28.7737	26.0306	2069	28	8	612	4	73	502	5	0.358807	915478	0.000277239	
12100	12550	2702	31.2032	35	2128	28	5	600	14	69	515	5	0.364983	1.00723e+06	0.000173521	
12036	13029	2791	26.8694	25	2135	29	7	617	9	79	530	5	1.08347	1.44173e+06	5.47046e-05	
12028	12551	2717	37	35	2080	32	10	617	26	72	504	6	0.462785	1.17592e+06	8.54993e-05	
12099	12550	2710	32.5826	35	2114	30	7	610	1	71	515	5	0.369582	1.03945e+06	0.000147929	
11561	12550	2705	37	35	2103	29	9	621	5	72	491	5	1.0167	841329	7.38171e-05	
12077	12550	2700	29.1212	34.6105	2098	30	8	610	10	60	501	4	0.387907	977989	0.000193386	
12100	12550	2700	28.8596	25	2079	31	7	615	7	66	525	6	0.359066	932184	0.000268817	
12048	12550	2709	35.5582	34.6375	2103	30	8	611	19	67	515	6	0.434937	1.15589e+06	9.52835e-05	
11199	13376	2700	37	34.8878	2056	32	10	613	9	65	492	4	2.5116	750676	7.75194e-05	
11801	13166	2768	37	33.51	2136	32	10	621	12	81	530	4	1.56978	832410	6.90512e-05	
12034	13500	2794	30.2582	26.5602	2054	30	8	636	7	90	505	5	1.75105	1.09663e+06	5.81328e-05	
12062	12562	2700	36.5388	29.3939	2018	31	9	647	15	88	518	5	0.432255	1.22043e+06	9.0629e-05	
12100	12550	2700	29.7485	27.1168	2158	31	7	618	22	72	509	5	0.361514	995105	0.000214546	
11913	12763	2700	36.3776	34.8835	2064	30	8	618	21	81	511	4	0.869436	935872	7.08265e-05	
12094	12601	2711	37	27.7679	2026	28	9	635	8	84	523	5	0.444782	1.26311e+06	8.61252e-05	
12100	13070	2743	27.7024	25.5871	2062	30	10	627	7	82	526	4	1.04391	1.35008e+06	5.64493e-05	
12100	13296	2786	29.5958	25	2120	28	5	633	14	86	529	5	1.37672	1.25934e+06	5.50782e-05	
12100	13196	2760	28.5019	25	2132	29	9	625	20	80	528	5	1.22396	1.28769e+06	5.54201e-05	
12096	12550	2700	29.0729	34.4449	2120	32	8	614	17	69	482	5	0.364579	908505	0.000246427	
12100	12550	2700	31.5115	35	2000	30	8	606	12	62	503	6	0.36528	1.01359e+06	0.000167476	
11967	12644	2717	37	29.9439	2061	31	7	617	18	74	517	6	0.656153	1.21394e+06	6.70421e-05	
12100	12787	2700	34.0106	25.6249	2090	31	7	624	10	85	519	5	0.671812	1.41544e+06	6.22123e-05	
12100	12550	2700	29.4724	26.5111	2160	31	7	636	3	72	515	5	0.360798	985512	0.000227428	
12100	13162	2787	23.435	25	2144	28	6	626	13	78	530	5	1.16016	1.60886e+06	5.36682e-05	
12100	12550	2700	29.9264	30.9923	2103	30	10	638	10	66	503	5	0.361956	976834	0.00021004	
12100	12550	2700	30.8242	30.4294	2160	30	7	627	3	72	525	5	0.363965	1.02546e+06	0.000179533	
11891	13366	2700	37	35	2045	32	10	625	16	66	483	4	1.69136	778931	7.39044e-05	
11199	13039	2700	37	34.8817	2091	32	10	616	9	70	481	4	2.06233	754996	7.72798e-05	
12100	12550	2700	30.7929	32.1589	2132	30	9	605	11	90	523	4	0.363901	1.00906e+06	0.00018162	
12056	12729	2740	37	29.5324	2116	30	9	645	18	66	502	5	0.662617	1.22829e+06	6.63306e-05	
12100	12550	2702	29.0201	26.6342	2137	28	8	613	6	72	515	5	0.359806	940574	0.000256608	
12100	13248	2700	35.5131	34.997	2124	32	9	620	7	68	522	4	1.27886	839734	7.0141e-05	
12100	12550	2700	29.4265	34.4397	2097	30	8	636	8	87	509	6	0.360676	933334	0.000236351	
12059	12867	2782	31.6411	25	2098	30	7	642	19	73	512	5	0.847127	1.41259e+06	5.80013e-05	
12100	12550	2700	32.0392	32.2422	2062	31	7	627	19	71	502	6	0.366173	1.0475e+06	0.000155909	
12100	12550	2700	33.0853	34.4397	2097	32	8	614	11	88	509	6	0.367679	1.04961e+06	0.000142572	
11921	13090	2796	30.4143	25.073	2091	29	8	629	17	75	530	5	1.32443	1.20451e+06	5.67183e-05	
12100	12550	2700	29.6461	33.216	2152	32	9	606	11	60	504	5	0.361253	937120	0.000225479	
11840	12703	2778	30.6143	25.0796	2115	29	7	629	12	79	530	5	0.898007	1.388e+06	5.72508e-05	
12100	12550	2700	35.8873	29.4966	2149	30	7	609	5	74	512	5	0.370312	1.14033e+06	0.000116918	
11733	13500	2794	33.8361	32.6743	2092	30	10	631	20	88	517	5	2.13086	870021	6.6313e-05	
12100	12550	2700	28.8081	34.5708	2080	30	9	633	9	74	517	5	0.358911	872573	0.000282326	
11934	12763	2774	30.6143	25.073	2115	29	7	629	19	75	530	5	0.860017	1.42216e+06	5.73296e-05	
11337	13391	2701	37	35	2046	32	10	620	9	65	497	4	2.37572	753737	7.66166e-05	
12100	12550	2700	28.7737	26.0306	2069	28	8	600	4	73	502	5	0.358807	912591	0.000277624	
12100	12550	2701	35.4935	35	2081	29	8	614	14	82	517	5	0.370183	1.0814e+06	0.000121981	
11756	12703	2779	30.6143	25.8938	2115	29	7	629	8	81	526	5	1.00133	1.27585e+06	5.81058e-05	
12100	12550	2700	28.8835	28.9862	2093	30	7	611	19	67	523	5	0.359138	903344	0.000270709	
12100	12848	2700	36.2478	30.2822	2160	31	7	625	1	72	515	4	0.75251	1.15934e+06	6.52231e-05	
12100	12550	2700	32.308	26.9456	2076	29	8	635	11	69	530	5	0.366592	1.09961e+06	0.000148522	
12100	12550	2700	29.7047	25.3362	2064	31	7	626	14	65	480	6	0.361403	1.006e+06	0.000216216	
11661	13446	2713	37	35	2000	30	9	630	9	84	506	4	2.0831	777766	7.27326e-05	
12068	13500	2702	31.8982	31.3814	2111	28	5	628	12	77	514	5	1.6552	949976	6.35849e-05	
11403	12550	2700	31.4645	28.3008	2087	30	8	626	16	60	530	6	1.1923	1.0209e+06	6.44164e-05	
12049	12550	2700	36.6012	34.8478	2076	29	8	637	3	62	501	5	0.432905	1.15886e+06	9.27644e-05	
12088	12569	2706	37	34.3173	2100	30	9	600	13	64	505	6	0.410563	1.14898e+06	9.84155e-05	
12082	13023	2773	36.4923	25	2081	28	9	636	18	85	508	5	1.03024	1.19433e+06	5.94778e-05	
12029	13500	2794	30.2582	25.9232	2054	30	7	620	7	90	505	5	1.75734	1.12053e+06	5.76236e-05	
11998	13217	2750	35.7025	35	2005	29	8	627	11	72	515	5	1.3869	836155	6.98861e-05	
11934	13090	2796	33.8997	25.073	2114	29	8	625	19	72	530	5	1.31396	1.15323e+06	5.83839e-05	
12080	13296	2768	26.6706	26.5472	2127	28	9	623	13	70	530	5	1.38237	1.24282e+06	5.6079e-05	
12100	13264	2791	22.3576	25	2111	28	7	639	15	81	526	5	1.29093	1.62258e+06	5.32623e-05	
12018	13491	2787	24.4019	25	2160	28	6	630	11	88	530	4	1.72819	1.33573e+06	5.34331e-05	
12100	12566	2727	37	35	2160	30	4	625	14	67	523	5	0.395104	1.13618e+06	0.000104789	
12062	13119	2772	35.8496	25	2065	28	9	620	9	78	504	5	1.18455	1.14648e+06	5.9641e-05	
12100	12550	2701	29.7485	29.9246	2138	31	10	621	11	70	509	5	0.361648	970902	0.000216873	
12100	12550	2700	36.024	25	2053	31	8	631	17	70	518	6	0.370398	1.21496e+06	0.000114025	
12100	12550	2716	29.4657	33.8035	2127	30	8	600	11	65	518	5	0.362918	927243	0.000234247	
12096	12554	2707	30.2546	35	2092	30	9	602	12	71	512	5	0.373652	992746	0.00018423	
11713	13389	2744	37	34.3389	2069	28	9	642	16	76	530	4	1.96608	803280	7.03631e-05	
12081	12550	2718	28.741	34.5255	2130	30	7	608	13	62	512	6	0.38445	945413	0.000218579	
12100	13215	2700	37	35	2069	30	7	608	17	72	513	4	1.23563	836334	7.07614e-05	
11567	13270	2702	37	35	2053	32	10	624	8	67	511	5	1.9475	767342	7.4599e-05	
12100	12590	2736	37	34.9684	2087	32	6	622	8	79	493	5	0.427285	1.16399e+06	9.48137e-05	
11513	13416	2701	37	35	2045	32	10	622	10	74	468	5	2.20643	758780	7.59244e-05	
12100	12550	2700	30.8447	34.9209	2063	29	8	641	3	72	503	5	0.364007	1.00081e+06	0.00018205	
11675	13468	2705	37	35	2089	31	10	633	12	84	497	4	2.09037	776186	7.2759e-05	
12021	12550	2709	37	29.9691	2109	32	8	609	22	69	479	6	0.46868	1.25734e+06	8.1686e-05	
12089	12803	2792	33.0752	30.309	2081	30	8	626	22	77	521	6	0.72884	1.27965e+06	6.37999e-05	
12100	12550	2700	28.9738	34.6034	2098	30	8	610	12	60	501	4	0.359405	876390	0.000269833	
12100	12550	2727	29.368	34.9274	2119	31	7	603	16	60	503	6	0.364123	916017	0.00024108	
11934	13090	2796	30.4143	25.073	2114	29	8	629	19	75	530	5	1.30822	1.21191e+06	5.65611e-05	
11375	13339	2700	37	35	2113	31	10	631	16	65	510	5	2.26112	762697	7.52672e-05	
12100	12550	2700	32.3584	34.1808	2108	28	6	640	19	67	508	5	0.366668	1.04127e+06	0.00015193	
12027	12945	2786	28.4691	25	2107	29	8	618	15	69	525	5	0.985445	1.41411e+06	5.60161e-05	
11706	13500	2703	37	35	2000	31	9	642	10	84	519	4	2.09579	777777	7.249e-05	
12100	12550	2700	29.2189	25	2108	32	9	630	15	62	471	5	0.360106	962610	0.000243546	
12098	13063	2797	25.5717	25	2086	29	4	627	10	82	530	4	1.04715	1.54652e+06	5.45078e-05	
12068	12550	2700	37	33.9506	2097	30	7	611	17	69	505	4	0.409959	1.15226e+06	9.79624e-05	
12036	12811	2708	34.6653	29.2593	2086	32	8	613	15	75	496	5	0.783756	1.16708e+06	6.48929e-05	
11625	13233	2700	37	34.997	2124	32	9	616	22	68	513	4	1.82865	775750	7.36323e-05	
11625	13306	2700	37	35	2124	32	9	620	5	74	513	4	1.92642	776468	7.32172e-05	
12100	12550	2700	30.5512	26.7324	2068	28	8	649	3	71	492	5	0.363391	1.04824e+06	0.000184809	
12100	12550	2700	32.3284	29.2311	2091	30	6	629	9	73	500	5	0.366623	1.07954e+06	0.000149611	
12092	12569	2706	37	34.3173	2100	30	8	603	13	64	505	6	0.405669	1.14704e+06	0.00010005	
12041	13475	2781	26.9031	25.2883	2139	28	7	630	15	85	509	4	1.68796	1.2318e+06	5.51785e-05	
12100	12550	2700	30.8727	26.8385	2098	31	8	637	17	61	500	6	0.364064	1.0545e+06	0.000176585	
12094	12989	2800	28.132	25	2032	28	8	628	17	76	529	5	0.964334	1.45784e+06	5.55556e-05	
11967	12644	2710	37	29.9439	2061	31	7	617	18	66	517	6	0.654462	1.20556e+06	6.74946e-05	
12100	12550	2700	30.0408	27.4924	2060	29	8	645	3	72	501	5	0.362232	1.01475e+06	0.00020247	
12100	13070	2789	27.7024	25.5871	2062	29	10	627	7	84	526	4	1.06142	1.36909e+06	5.56452e-05	
11986	12550	2722	36.7447	34.1964	2048	30	8	602	18	74	504	6	0.513579	1.20195e+06	7.7682e-05	
12100	12550	2700	31.7938	26.1802	2160	29	8	628	3	74	510	5	0.36577	1.09361e+06	0.000156226	
12010	12550	2725	25.4966	35	2091	30	9	610	18	65	472	5	0.458591	901498	0.00024919	
12100	12550	2700	30.4639	29.2311	2112	30	6	631	17	73	501	5	0.363201	1.02165e+06	0.000189143	
12049	13115	2700	37	26.1582	2076	29	8	637	1	62	501	5	1.16493	1.07123e+06	6.30994e-05	
12100	13044	2782	25.3677	25	2157	29	5	619	9	85	530	5	1.012	1.57391e+06	5.47795e-05	
12074	12556	2700	34.1905	35	2079	31	10	633	11	84	497	4	0.408272	1.10708e+06	0.0001104	
12100	13293	2732	27.2689	25	2126	28	4	638	8	81	526	5	1.33823	1.31582e+06	5.49119e-05	
12100	12550	2701	29.147	27.2706	2092	30	7	616	13	67	521	5	0.360037	944268	0.000248633	
12092	12568	2709	29.0647	35	2132	28	9	600	20	74	508	5	0.393566	986816	0.000188857	
12063	12625	2733	36.2804	25.2403	2047	31	9	635	15	85	503	5	0.517225	1.38338e+06	7.31422e-05	
12100	12550	2700	28.7989	34.2047	2098	30	8	616	14	60	511	4	0.358883	859781	0.000284657	
12100	12945	2786	28.4691	25	2107	29	8	618	14	70	525	4	0.893687	1.47942e+06	5.65291e-05	
12083	12906	2786	29.273	25	2106	29	9	618	14	77	519	5	0.865085	1.46439e+06	5.69573e-05	
11934	12763	2777	29.0124	25.073	2114	29	8	629	19	75	530	5	0.856823	1.46144e+06	5.72017e-05	
12100	12550	2700	32.5217	28.4977	2054	30	6	623	30	68	523	5	0.366909	1.09265e+06	0.000146499	
11944	12610	2738	37	25.7472	2060	32	10	642	0	76	523	5	0.645437	1.34086e+06	6.40451e-05	
12056	13070	2786	27.7024	25.5871	2062	29	10	627	10	84	521	4	1.11565	1.3271e+06	5.59347e-05	
12087	12550	2709	36.6318	28.2033	2072	31	10	635	7	89	498	5	0.387901	1.18782e+06	0.000104943	
12100	13342	2786	27.538	25.664	2100	29	9	618	8	78	514	5	1.43375	1.23333e+06	5.59378e-05	
12011	12550	2737	37	32.7072	2133	32	8	618	17	80	481	5	0.485824	1.22242e+06	8.036e-05	
12100	12550	2700	29.7047	25	2062	31	7	634	14	73	489	5	0.361403	1.01414e+06	0.000215146	
11903	13221	2792	37	35	2073	30	10	628	20	90	515	5	1.53289	819884	6.96476e-05	
12100	12570	2700	29.4766	34.2125	2133	31	9	613	18	62	509	5	0.386165	991221	0.000186185	
12100	13120	2778	23.8248	25	2154	28	6	623	11	76	530	4	1.10258	1.60934e+06	5.41301e-05	
12100	12562	2700	36.5388	26.709	2096	32	9	648	14	88	519	5	0.385898	1.20801e+06	0.000105285	
12006	12576	2729	36.5812	25	2092	29	8	618	13	79	510	5	0.523654	1.40861e+06	7.12048e-05	
12036	13100	2739	26.8694	25	2155	29	7	621	12	87	530	5	1.15827	1.37996e+06	5.49451e-05	
11661	13446	2713	37	35	2000	30	10	630	10	67	506	4	2.0831	771030	7.37246e-05	
12054	12576	2729	37	29.1401	2078	28	7	618	10	88	522	5	0.46492	1.26542e+06	8.22978e-05	
12100	12567	2700	30.0359	35	2100	31	8	607	6	73	509	4	0.38377	1.0058e+06	0.000175101	
11852	13493	2700	37	35	2040	28	9	634	12	69	509	5	1.91027	784787	7.19528e-05	
11966	12882	2733	37	26.8391	2154	30	7	616	10	86	489	6	0.971596	1.12619e+06	6.28338e-05	
12100	12550	2701	29.5983	26.6017	2074	28	8	600	17	67	502	5	0.361263	982346	0.000221877	
12090	12550	2700	29.4766	34.8227	2096	31	8	612	17	72	505	6	0.373023	961864	0.000207426	
12100	12568	2718	28.0518	34.9601	2102	31	9	605	22	69	478	5	0.381793	872437	0.000271665	
12100	12550	2700	28.9816	30.685	2128	31	7	614	17	77	506	5	0.359427	909911	0.000263713	
12009	13317	2734	36.9347	34.8751	2043	29	6	632	21	74	496	5	1.50163	820467	7.06864e-05	
12100	12585	2704	27.3274	35	2091	31	7	617	18	75	510	6	0.398712	880254	0.000267738	
12100	12550	2700	30.7655	25.1672	2068	28	8	634	5	72	506	6	0.363844	1.07154e+06	0.000177715	
12100	12550	2704	34.144	35	2084	31	7	632	11	76	522	5	0.369436	1.06469e+06	0.000131978	
12041	13119	2715	31.4323	25.2479	2104	29	10	638	21	71	503	5	1.18071	1.17444e+06	5.87061e-05	
12090	12550	2709	37	25	2078	28	6	619	9	88	503	5	0.384402	1.26379e+06	0.000103434	
12100	12601	2727	37	35	2033	31	4	625	14	69	523	5	0.440004	1.17787e+06	9.11993e-05	
12100	13434	2786	22.4416	25	2127	28	5	640	14	81	530	5	1.52598	1.50632e+06	5.29157e-05	
12100	12585	2700	27.3274	35	2093	31	6	608	18	75	509	6	0.398122	877988	0.000268168	
12100	12568	2718	28.0518	34.9601	2102	31	9	600	22	69	478	5	0.381793	871661	0.000271813	
11860	13305	2790	32.5271	31.4441	2079	30	10	632	17	88	520	5	1.69718	925641	6.39018e-05	
12085	12561	2745	37	27.6435	2090	31	9	641	13	85	505	5	0.409888	1.23382e+06	9.65717e-05	
12100	13235	2784	24.6385	25	2099	28	10	623	13	80	526	5	1.26907	1.43506e+06	5.39695e-05	
11897	13270	2781	37	35	2082	30	9	631	15	90	511	4	1.60176	814915	6.97593e-05	
12100	13425	2800	21.9518	25	2109	28	6	636	6	86	527	5	1.51478	1.55407e+06	5.27621e-05	
12100	13196	2785	25.5296	25	2135	28	5	628	14	75	528	5	1.2217	1.44346e+06	5.39287e-05	
11783	13428	2786	32.6433	28.8421	2155	29	10	634	25	73	527	4	1.961	973318	6.15877e-05	
12100	12789	2761	37	29.3202	2095	29	9	633	15	82	519	5	0.691837	1.24599e+06	6.4255e-05	
12100	12550	2700	32.7473	26.1346	2094	28	10	631	13	72	504	5	0.367228	1.11737e+06	0.000142126	
12100	13380	2788	21.9518	25	2104	28	6	636	6	86	527	5	1.44542	1.57939e+06	5.29157e-05	
12040	13457	2713	36.6821	35	2066	31	9	643	1	85	506	4	1.64224	804843	7.02297e-05	
12033	12550	2719	37	25	2078	28	6	619	6	88	505	5	0.455733	1.36283e+06	8.19605e-05	
11961	12713	2737	35.7851	25.304	2067	31	10	640	0	80	511	5	0.757169	1.30569e+06	6.14326e-05	
12083	12959	2786	28.4691	25.4399	2097	29	9	621	14	78	519	4	0.93399	1.42598e+06	5.64493e-05	
12014	13500	2794	30.2582	26.8593	2054	30	7	636	7	90	505	5	1.77618	1.08653e+06	5.84112e-05	
12056	13411	2772	24.5734	25	2160	28	6	637	8	77	530	4	1.56123	1.35653e+06	5.36711e-05	
11733	13500	2794	33.8361	32.6743	2091	30	10	631	20	88	517	5	2.13086	869944	6.63174e-05	
12062	13025	2782	26.0832	25	2138	30	7	615	8	79	530	5	1.0381	1.5023e+06	5.49632e-05	
11364	13217	2701	37	34.6687	2082	32	10	633	8	65	509	6	2.11102	765269	7.55002e-05	
11992	13025	2782	26.0832	25	2138	30	7	622	9	83	530	5	1.12569	1.43864e+06	5.47795e-05	
12100	12550	2701	29.368	34.9274	2119	31	7	603	16	65	508	6	0.360651	911874	0.000241779	
11938	12553	2738	37	35	2068	31	10	616	16	74	530	6	0.579368	1.15535e+06	7.33192e-05	
12100	12959	2786	28.4691	25.4399	2100	29	9	618	14	78	519	5	0.912572	1.44815e+06	5.66155e-05	
11796	13383	2756	33.3238	27.3305	2081	29	7	636	11	89	505	4	1.86285	1.00915e+06	6.11621e-05	
12100	12550	2700	29.6984	34.7862	2092	30	8	632	7	66	504	6	0.361387	941585	0.000223314	
12098	13289	2730	35.6867	35	2040	29	8	628	17	75	529	5	1.35118	844004	6.90274e-05	
12100	12550	2700	30.2195	25.186	2077	30	8	634	6	72	507	6	0.362651	1.04412e+06	0.000194363	
12100	12550	2700	31.246	35	2111	30	7	609	11	69	512	6	0.364793	1.0075e+06	0.000172682	
12099	12550	2700	36.3106	35	2140	31	10	624	18	89	502	4	0.371788	1.09215e+06	0.000116604	
12013	12550	2701	34.6515	35	2094	31	9	633	11	81	497	4	0.475466	1.17322e+06	8.73668e-05	
11803	13441	2713	37	35	2070	31	10	643	3	73	506	4	1.90725	781172	7.23118e-05	
12100	12553	2706	28.741	35	2086	30	8	610	12	62	504	6	0.363313	867782	0.000276319	
12100	12550	2700	32.0829	30.5437	2160	30	7	620	13	70	519	4	0.366243	1.05806e+06	0.000154059	
12100	12550	2700	36.4135	25	2141	30	9	640	20	72	529	4	0.370623	1.21052e+06	0.000111832	
12100	12589	2718	27.7509	35	2098	30	8	604	19	77	509	6	0.407542	943350	0.000220119	
12100	12550	2701	28.7737	26.6017	2074	28	8	600	13	73	502	5	0.358939	907815	0.000278087	
12100	12550	2700	34.9182	25	2141	30	9	640	20	72	529	4	0.369601	1.17971e+06	0.000120875	
12100	12595	2709	37	34.7943	2064	30	7	632	21	79	520	5	0.429445	1.16091e+06	9.33968e-05	
12100	12550	2700	30.2962	32.3397	2112	32	10	623	16	69	526	6	0.362826	988556	0.000196928	
12100	12550	2700	34.2341	25.7302	2109	31	8	621	14	62	507	5	0.368979	1.16099e+06	0.000126695	
12100	12550	2700	29.0939	25.3362	2062	31	7	640	13	71	525	6	0.359753	964651	0.000249938	
12100	13144	2700	30.1772	27.3693	2082	30	10	637	6	82	518	5	1.13282	1.14787e+06	5.93895e-05	
11889	13263	2782	32.9625	29.1124	2158	30	10	643	13	86	522	5	1.59908	983695	6.13987e-05	
12100	12550	2700	30.2048	30.8691	2105	31	9	607	14	66	502	6	0.362617	988007	0.000199561	
12100	12769	2790	35.5508	25.0617	2045	30	6	621	14	74	511	5	0.671595	1.45978e+06	6.18582e-05	
12095	13022	2791	26.0832	25	2138	29	5	622	9	77	530	5	0.995774	1.54837e+06	5.493e-05	
12100	12550	2700	30.5816	29.1266	2036	28	8	600	0	71	520	5	0.363456	1.01938e+06	0.000185908	
12100	12550	2700	29.4766	25	2099	30	8	621	22	62	519	6	0.36081	989871	0.000226809	
12086	12701	2744	37	31.793	2131	32	9	626	10	79	508	6	0.5899	1.23514e+06	7.00084e-05	
12094	12899	2800	31.0504	25.5137	2047	29	8	626	20	77	529	5	0.850368	1.41711e+06	5.75242e-05	
12100	12550	2700	28.6844	26.9511	2096	30	8	624	13	63	507	5	0.358532	893638	0.000287522	
12082	12714	2773	37	25	2103	28	9	636	18	64	507	5	0.618272	1.43016e+06	6.38651e-05	
12094	12613	2700	35.1729	35	2088	29	9	631	9	63	505	6	0.457143	1.16563e+06	9.10249e-05	
11517	13383	2709	37	35	2032	31	10	608	5	73	511	4	2.16352	766910	7.42942e-05	
12100	12550	2700	33.4081	27.0079	2098	30	8	626	18	62	522	4	0.368079	1.1227e+06	0.000135062	
12100	12550	2700	29.7047	25.3362	2062	31	7	634	14	73	480	6	0.361403	1.01056e+06	0.00021561	
11858	12610	2786	36.8251	28.8421	2155	29	10	634	25	90	522	4	0.763313	1.1887e+06	6.33955e-05	
12100	12550	2700	29.4966	30.5427	2103	30	10	645	7	66	501	5	0.360863	951427	0.00023015	
12100	12550	2700	33.6494	35	2057	29	8	646	14	68	497	4	0.36836	1.05616e+06	0.00013678	
12100	12550	2700	31.1533	27.6959	2098	30	8	626	23	63	526	6	0.364617	1.05928e+06	0.000170126	
12100	12550	2700	28.9738	31.8584	2114	30	6	621	18	65	511	6	0.359405	898081	0.00026617	
12089	13368	2800	24.6679	25.1015	2114	28	6	614	2	72	530	5	1.47569	1.381e+06	5.37981e-05	
12100	12550	2700	29.5851	35	2098	30	8	610	10	87	501	4	0.361095	934595	0.000228833	
12074	12550	2732	27.9389	34.5647	2118	32	9	601	20	65	496	5	0.392377	903868	0.000248201	
12100	12753	2725	37	25.3528	2054	30	7	633	22	82	530	4	0.63598	1.41557e+06	6.30279e-05	
12082	12690	2756	36.7287	27.7871	2019	31	9	645	19	88	508	6	0.582944	1.34272e+06	6.77231e-05	
12100	13425	2793	21	25	2106	28	6	627	11	86	530	4	1.4964	1.67124e+06	5.25928e-05	
12100	12551	2700	33.2505	35	2128	28	7	600	15	72	516	5	0.369154	1.04929e+06	0.000140056	
12049	12553	2738	37	25.78	2068	31	10	616	13	74	524	6	0.443044	1.30851e+06	8.57927e-05	
11840	12703	2779	30.6143	25.8938	2115	29	7	629	12	81	530	5	0.89833	1.3557e+06	5.78202e-05	
12100	12550	2700	28.8835	31.0972	2093	30	7	611	19	67	523	5	0.359138	891534	0.000272926	
12062	12968	2773	28.4691	25	2160	28	9	635	10	77	515	5	0.96802	1.42553e+06	5.5701e-05	
12100	12550	2700	33.487	30.5384	2112	30	10	622	14	69	526	6	0.368172	1.08394e+06	0.000136091	
11856	13500	2727	36.3086	34.9724	2111	28	10	643	7	74	509	5	1.93382	798454	7.05517e-05	
12100	12553	2706	28.741	35	2086	30	8	603	12	62	504	6	0.363313	867051	0.000276472	
12100	13196	2766	36.2196	25	2062	28	9	628	14	86	528	5	1.23948	1.13968e+06	5.88998e-05	
12100	12561	2700	36.8321	30.5038	2065	29	9	629	3	75	501	5	0.384775	1.15705e+06	0.00010636	
12100	12550	2739	37	34.9113	2148	29	9	600	12	80	521	5	0.376269	1.10912e+06	0.00011288	
11978	12674	2740	37	28.0163	2091	31	9	645	17	66	502	4	0.687112	1.23541e+06	6.53595e-05	
12100	12550	2700	29.5937	28.1105	2074	31	7	609	18	67	483	5	0.361118	969852	0.000223814	
12066	12908	2710	36.3305	25	2019	29	8	638	23	73	510	4	0.875264	1.23662e+06	6.1024e-05	
12093	12555	2702	31.9704	35	2128	29	9	600	15	72	515	5	0.38123	1.04134e+06	0.00014476	
12099	12550	2700	28.7862	35	2119	29	8	615	14	63	508	5	0.360066	863224	0.000281294	
12059	12553	2700	37	25.8278	2083	30	7	621	12	83	501	5	0.424723	1.29536e+06	8.96861e-05	
12100	12685	2709	37	25	2054	30	4	633	22	81	529	4	0.544655	1.47837e+06	6.85542e-05	
12099	12550	2727	28.7862	34.9274	2136	31	7	603	16	61	503	6	0.363667	864964	0.000280584	
12064	12550	2719	37	25	2093	28	8	619	18	89	508	5	0.417752	1.30084e+06	9.18274e-05	
12046	12550	2710	36.5535	26.7804	2078	29	9	640	3	78	503	5	0.438147	1.27468e+06	8.7804e-05	
12068	13156	2777	25.412	25	2140	28	5	618	13	75	530	5	1.20293	1.45391e+06	5.40394e-05	
12100	12550	2700	29.0729	34.5647	2120	32	8	608	17	65	482	5	0.359692	886837	0.000262261	
11804	13436	2727	36.3086	34.9724	2111	28	10	643	11	74	509	5	1.90868	797429	7.08416e-05	
12003	12826	2739	37	33.4463	2148	29	9	636	12	80	521	5	0.854598	997360	6.78748e-05	
11783	13428	2786	32.6433	28.8421	2155	29	10	634	25	84	522	4	1.961	975005	6.13535e-05	
12100	12550	2700	30.2048	31.9209	2105	31	9	607	18	64	510	6	0.362617	980649	0.000200321	
12001	13424	2775	30.6143	26.3189	2092	29	7	618	16	80	529	5	1.67497	1.11441e+06	5.76402e-05	
12100	12550	2700	32.3284	28.3847	2091	30	6	631	9	73	500	5	0.366623	1.08841e+06	0.00014912	
11633	13347	2700	37	35	2010	31	9	631	5	84	516	4	1.97218	776172	7.30034e-05	
11625	13233	2707	37	34.997	2124	32	9	616	22	68	513	4	1.83339	776915	7.35348e-05	
12100	12550	2700	32.8502	27.359	2160	29	10	628	7	66	510	5	0.367369	1.10355e+06	0.000141543	
11960	13119	2713	36.8109	34.9391	2046	32	9	627	14	70	485	4	1.28418	813573	7.2722e-05	
12100	12550	2700	28.741	34.6913	2000	30	8	603	15	60	503	6	0.358707	848532	0.000291886	
12100	12558	2705	36.3678	35	2117	30	8	603	8	62	510	6	0.38144	1.10496e+06	0.00011212	
12100	12576	2700	37	25.4778	2083	28	7	616	13	83	501	5	0.403881	1.27577e+06	9.63391e-05	
11713	13485	2700	37	34.9374	2062	31	10	621	3	86	522	4	2.06476	779693	7.20825e-05	
11792	12826	2727	37	33.4463	2151	29	9	635	12	80	530	5	1.10688	885112	6.89227e-05	
12049	12567	2700	36.7287	25	2018	31	9	647	14	88	512	5	0.454518	1.3328e+06	8.26856e-05	
12100	12550	2700	28.795	29.3177	2093	30	7	617	9	67	518	5	0.358871	892333	0.00027894	
12100	12550	2700	32.3851	26.3445	2108	30	7	637	11	64	505	6	0.366708	1.11209e+06	0.000147232	
11944	13478	2700	37	35	2045	32	10	625	16	66	483	4	1.77932	778164	7.36377e-05	
12095	12576	2700	37	25.4778	2083	28	7	616	13	83	501	5	0.409989	1.28492e+06	9.42863e-05	
12100	12550	2700	28.7714	31.7785	2112	30	10	622	16	69	526	6	0.3588	877431	0.000283286	
11555	13084	2700	37	34.6377	2120	30	8	622	5	73	519	4	1.71267	789463	7.27114e-05	
11950	13493	2700	37	35	2051	28	10	626	12	69	509	4	1.7925	788312	7.14439e-05	
12100	12550	2700	29.5375	34.7862	2072	29	8	632	7	66	504	6	0.360971	930231	0.000231535	
12093	12550	2703	37	34.4278	2042	30	9	604	12	62	505	5	0.379883	1.11522e+06	0.000109613	
12086	12685	2766	37	25	2031	30	7	627	22	81	529	4	0.573629	1.4468e+06	6.63042e-05	
12100	12906	2786	29.273	25	2106	29	8	620	8	77	519	5	0.843666	1.48762e+06	5.72377e-05	
11573	13391	2701	37	35	2062	32	10	631	16	78	487	5	2.10263	766553	7.45323e-05	
12100	12550	2700	32.3851	35	2084	30	7	637	11	64	505	6	0.366708	1.03453e+06	0.000152184	
12100	12585	2700	37	35	2093	31	6	608	16	75	509	6	0.41531	1.14979e+06	9.72952e-05	
12100	12550	2700	30.8447	29.6165	2069	29	8	631	9	62	501	4	0.364007	1.02868e+06	0.000178987	
12085	12637	2747	37	27.6435	2088	31	9	641	13	85	505	5	0.508519	1.32383e+06	7.47943e-05	
11163	13238	2700	37	35	2051	32	9	624	8	65	488	5	2.36689	749676	7.80275e-05	
12036	13100	2747	33.2761	25	2155	29	7	625	12	87	530	5	1.17806	1.21732e+06	5.74614e-05	
11497	13391	2701	37	34.8986	2033	32	10	639	9	65	492	4	2.19119	759462	7.57805e-05	
12007	12610	2738	37	25.7472	2035	30	10	636	0	71	523	5	0.568181	1.384e+06	6.72088e-05	
11252	13341	2701	37	34.9998	2004	32	10	620	9	66	484	5	2.40522	748488	7.7918e-05	
12100	12553	2705	33.6164	35	2097	30	8	603	7	62	504	5	0.372812	1.0582e+06	0.000134481	
12100	12550	2700	35.7649	26.2858	2079	30	9	638	7	69	507	5	0.370233	1.17988e+06	0.000116104	
12100	12550	2700	30.4955	25.186	2068	28	8	634	3	72	506	6	0.36327	1.05807e+06	0.000185357	
11296	12894	2707	36.8739	34.8469	2056	32	8	629	9	66	499	4	1.7669	767269	7.61731e-05	
11975	13500	2800	36.8509	35	2048	29	10	605	13	88	499	4	1.83739	808682	6.96767e-05	
12095	13022	2791	26.91	25	2058	29	5	622	9	77	530	5	0.999837	1.50029e+06	5.52059e-05	
12036	13184	2740	26.8694	26.2188	2138	30	7	624	9	79	530	5	1.27177	1.27311e+06	5.63793e-05	
12100	12685	2702	37	25	2054	30	4	632	22	77	514	4	0.543247	1.47453e+06	6.87805e-05	
12100	12550	2700	33.0752	30.309	2081	30	8	626	22	69	522	6	0.367666	1.08102e+06	0.000140509	
11197	13366	2701	37	35	2056	32	10	616	15	68	487	4	2.50129	749606	7.76096e-05	
12010	12550	2725	25.4966	35	2091	30	9	610	20	63	472	5	0.458591	900500	0.000249439	
11841	13019	2713	37	35	2010	30	9	630	13	84	506	4	1.29541	814561	7.16794e-05	
12054	12576	2729	37	30.4373	2148	28	7	618	11	88	520	5	0.46492	1.24407e+06	8.28569e-05	
12100	12550	2700	28.8835	28.9862	2093	29	7	611	17	68	530	5	0.359138	905691	0.00027049	
12080	13500	2776	29.356	25	2082	30	7	620	16	86	530	5	1.67987	1.19282e+06	5.58534e-05	
12100	12550	2700	31.2389	26.1346	2094	28	10	633	19	72	501	5	0.36478	1.07762e+06	0.000167056	
11596	12550	2707	37	35	2103	29	10	621	18	72	502	5	0.976425	855311	7.33353e-05	
12100	12550	2700	33.0241	30.254	2103	30	8	630	13	63	530	5	0.3676	1.08012e+06	0.000141064	
11967	12906	2790	30.0164	25	2089	29	10	618	14	75	515	5	1.01386	1.31804e+06	5.69476e-05	
11937	13379	2785	35.4166	29.6227	2093	30	10	628	18	90	515	4	1.70468	931554	6.32911e-05	
12083	12557	2713	29.1393	35	2099	31	8	600	5	60	510	5	0.391384	982270	0.000190621	
12083	12550	2700	29.1522	35	2092	30	8	613	16	66	501	6	0.380676	962262	0.000205128	
12100	12550	2700	29.8761	34.346	2078	30	7	642	4	71	522	6	0.361833	961003	0.000214225	
12100	13066	2773	29.3328	25.4085	2107	29	6	640	21	76	510	5	1.05529	1.33462e+06	5.65579e-05	
12100	12550	2700	29.5937	26.9751	2049	30	7	603	18	67	483	5	0.361118	979091	0.000222916	
11835	13403	2716	37	35	2041	32	10	623	12	70	529	5	1.81915	783347	7.23223e-05	
12091	12587	2722	37	29.5049	2157	32	7	618	8	79	512	6	0.432338	1.23352e+06	9.02446e-05	
11513	13367	2712	37	35	2017	32	9	622	10	76	468	5	2.14889	761533	7.57576e-05	
12012	12558	2700	36.693	25.541	2072	31	9	639	7	87	521	5	0.488037	1.34657e+06	7.62602e-05	
12100	12600	2719	37	34.7943	2043	30	7	632	21	75	502	5	0.437433	1.16786e+06	9.16086e-05	
12087	13151	2779	35.1633	25	2065	28	9	620	9	78	516	5	1.19933	1.16178e+06	5.87475e-05	
11783	13366	2700	37	35	2045	32	10	633	16	68	483	4	1.82045	772000	7.42832e-05	
12100	12550	2700	28.795	29.3177	2093	30	6	617	11	71	518	5	0.358871	896227	0.000278629	
11916	13380	2797	30.3102	27.5419	2076	29	7	621	11	90	519	5	1.73223	1.07325e+06	5.86889e-05	
11199	13376	2700	37	34.8878	2056	32	10	628	9	65	492	4	2.5116	750875	7.75074e-05	
12091	12551	2702	30.3584	35	2130	28	7	600	15	69	515	5	0.375504	1.00141e+06	0.000177968	
12100	12567	2700	36.7287	35	2018	32	8	647	15	86	506	4	0.392335	1.11928e+06	0.000106056	
12100	12550	2700	29.3599	34.346	2078	30	7	642	7	71	522	5	0.360495	925275	0.000240616	
12100	12550	2700	30.8242	30.877	2160	31	7	618	3	72	522	5	0.363965	1.02097e+06	0.000179953	
12100	12550	2700	28.6844	25.259	2101	30	8	629	14	62	507	5	0.358532	907503	0.000285633	
11051	13219	2700	37	35	2033	32	9	619	9	65	488	5	2.46713	745461	7.89702e-05	
12100	12550	2700	33.4081	28.3008	2098	30	8	626	18	62	522	4	0.368079	1.10761e+06	0.000135759	
12100	12550	2700	29.4265	34.4397	2097	32	8	622	11	87	509	6	0.360676	928400	0.000236742	
11787	12550	2700	33.5547	25.0355	2086	28	9	634	16	72	530	5	0.745745	1.35377e+06	6.04485e-05	
12100	12550	2700	29.4766	29.6353	2081	30	8	618	22	62	522	6	0.36081	952773	0.00023084	
12045	13119	2779	36.4391	25	2065	28	9	620	9	77	504	4	1.20919	1.1273e+06	6.00024e-05	
12100	12948	2700	35.5131	34.997	2124	32	9	620	6	69	522	4	0.882229	950298	7.00918e-05	
12100	12981	2779	28.4691	25	2065	28	9	620	10	72	515	5	0.939924	1.43883e+06	5.62873e-05	
12100	12550	2700	29.2958	34.4397	2084	32	8	633	11	77	495	6	0.36032	917115	0.000244978	
12100	12576	2729	37	29.1401	2078	28	7	636	10	87	522	5	0.408219	1.21194e+06	9.75324e-05	
11450	13035	2700	37	35	2051	32	9	624	9	65	497	5	1.77004	765168	7.58553e-05	
12100	13438	2800	21	25	2140	28	7	634	14	83	530	5	1.51843	1.66833e+06	5.24576e-05	
12100	12550	2700	32.4504	26.0217	2144	30	8	639	20	72	530	5	0.366805	1.11463e+06	0.000145879	
11989	12604	2800	35.7577	34.58	2100	30	8	600	18	69	504	6	0.595036	1.19943e+06	7.24533e-05	
12098	12995	2800	26.6519	25	2086	29	4	627	10	83	521	4	0.961294	1.54391e+06	5.54723e-05	
12100	12783	2771	32.8447	26.095	2156	28	8	624	17	86	516	5	0.682753	1.4413e+06	6.17055e-05	
12009	12684	2734	36.8099	35	2043	30	10	632	21	77	494	5	0.660462	1.09046e+06	7.15461e-05	
12071	13422	2772	29.1058	27.5933	2139	29	7	610	21	78	529	5	1.5792	1.12098e+06	5.78269e-05	
12057	12755	2762	36.9068	27.6273	2052	30	8	631	21	80	513	5	0.700857	1.28528e+06	6.34276e-05	
12100	13384	2800	26.361	25	2136	28	7	623	6	83	529	5	1.49439	1.31449e+06	5.38735e-05	
12100	12550	2700	30.3473	30.7395	2090	31	10	629	20	69	514	5	0.362942	1.00055e+06	0.000194099	
12100	12588	2705	34.7927	35	2131	29	9	612	13	78	525	6	0.418479	1.12474e+06	0.000104167	
11978	12674	2733	37	28.0163	2102	31	9	645	17	66	506	4	0.685357	1.23673e+06	6.52699e-05	
12100	12550	2700	29.7187	30.4294	2160	30	7	627	3	73	525	5	0.361439	970764	0.000218198	
12100	13064	2782	26.0832	25	2138	29	7	622	9	83	524	5	1.04324	1.50781e+06	5.46597e-05	
11415	12550	2742	37	34.8346	2107	28	10	624	19	72	525	6	1.20261	818890	7.3046e-05	
12100	12550	2716	29.1212	35	2098	30	9	610	10	60	501	4	0.361963	892313	0.000257998	
12100	12685	2702	37	25	2054	30	4	630	22	77	530	4	0.543247	1.475e+06	6.86672e-05	
12100	12550	2700	28.9495	34.8897	2000	30	8	606	12	62	503	6	0.359333	874803	0.00027248	
11293	13229	2701	37	34.8465	2034	32	10	644	9	63	505	4	2.20829	755422	7.67695e-05	
12100	12550	2700	29.4766	33.2514	2096	31	8	619	18	73	526	6	0.36081	934749	0.000233209	
11080	13416	2700	37	35	2056	32	10	624	15	63	475	4	2.69955	742327	7.92959e-05	
11936	12587	2754	37	25.4961	2131	32	9	624	10	79	518	6	0.629214	1.38521e+06	6.39591e-05	
12100	12557	2715	36.8439	35	2078	32	9	605	7	63	507	4	0.38182	1.11042e+06	0.000110278	
11972	12719	2734	34.0897	25.3072	2081	31	10	642	19	83	519	5	0.749247	1.35253e+06	6.054e-05	
12100	13381	2800	21	25	2126	28	6	635	11	83	530	5	1.43842	1.71086e+06	5.25569e-05	
11350	13391	2700	37	34.8469	2067	32	10	624	10	65	491	4	2.35995	756364	7.64234e-05	
11517	13383	2709	37	35	2039	31	10	608	5	73	511	4	2.16352	767291	7.42501e-05	
11796	13383	2756	30.2582	26.8868	2081	29	7	636	7	89	505	4	1.8575	1.06405e+06	5.93613e-05	
11941	13446	2706	37	35	2010	30	9	630	13	80	509	4	1.74332	791350	7.13572e-05	
12100	12550	2700	29.0729	34.5647	2086	32	9	608	17	65	482	5	0.359692	886685	0.000262329	
11602	13054	2700	37	29.9264	2124	28	9	623	5	74	519	4	1.61814	881019	6.739e-05	
12100	12550	2700	29.8569	30.5437	2160	30	7	620	10	70	519	5	0.361785	976597	0.000212314	
12083	12557	2714	29.1393	35	2130	31	8	600	5	66	510	5	0.391529	983070	0.000190223	
12100	13062	2781	28.4683	25	2091	29	4	612	8	80	528	5	1.05025	1.42011e+06	5.53128e-05	
12100	12637	2707	37	30.5038	2093	29	9	632	4	70	498	5	0.482751	1.24763e+06	7.97321e-05	
11816	13390	2713	37	35	2093	31	10	643	5	73	506	4	1.82228	784201	7.21137e-05	
12100	12563	2700	28.9495	35	2000	30	8	606	13	62	503	6	0.37581	931830	0.000225938	
12100	12590	2736	37	34.6377	2109	32	6	622	8	79	493	6	0.427285	1.16821e+06	9.46432e-05	
12057	12883	2796	36.388	25.6915	2050	30	8	616	16	77	516	4	0.880726	1.24498e+06	6.0518e-05	
12087	12550	2701	37	35	2096	31	7	632	21	81	496	5	0.38693	1.11926e+06	0.000106906	
12012	12653	2712	37	25	2077	31	10	627	10	80	526	5	0.611763	1.39459e+06	6.42137e-05	
12100	12550	2700	28.8081	35	2080	30	9	633	9	74	517	5	0.358911	870548	0.000282805	
11965	12576	2729	36.4584	25	2092	28	8	618	12	78	510	5	0.573744	1.42822e+06	6.61551e-05	
11946	13125	2734	35.7473	29.658	2043	29	8	632	21	75	524	5	1.31867	953559	6.43832e-05	
12100	13005	2794	30.8727	25	2077	28	8	625	14	77	522	5	0.983998	1.35955e+06	5.62556e-05	
12100	12550	2700	33.5534	33.7273	2080	30	8	617	14	67	500	5	0.36825	1.06214e+06	0.000137193	
12100	13342	2793	22.2552	25	2092	28	6	625	15	86	529	4	1.39894	1.57527e+06	5.29633e-05	
12028	13159	2717	36.1717	35	2080	32	10	617	26	72	504	6	1.25624	830857	7.13012e-05	
12100	12550	2700	31.0103	34.9498	2113	31	8	611	17	61	500	6	0.364339	999546	0.000178508	
12100	12550	2706	36.9142	26.0217	2144	30	7	643	15	72	530	5	0.371697	1.21188e+06	0.000109733	
11713	13493	2744	37	34.3389	2063	28	9	644	16	76	530	4	2.10948	801287	7.03829e-05	
12100	13475	2793	24.9764	25	2101	28	6	626	13	84	530	5	1.61019	1.33412e+06	5.36136e-05	
12100	12550	2703	28.7989	34.6034	2098	30	8	616	11	60	511	4	0.359282	858200	0.0002849	
12100	12890	2776	31.0411	26.3074	2137	30	5	626	16	86	520	6	0.823481	1.42715e+06	5.83192e-05	
12100	12550	2700	30.2845	26.196	2126	31	7	618	21	71	509	5	0.3628	1.03443e+06	0.000192938	
12100	12550	2700	29.1613	25.3362	2064	31	7	626	14	65	477	6	0.359944	959030	0.000247036	
11872	12713	2737	32.6066	25.9414	2067	31	10	640	0	73	511	5	0.862473	1.25372e+06	6.07017e-05	
12100	12550	2700	34.7192	35	2057	29	8	643	14	70	484	4	0.369431	1.073e+06	0.000127453	
12078	13235	2784	23.0396	25	2115	28	7	632	9	83	530	5	1.283	1.56229e+06	5.32793e-05	
12036	12550	2713	37	32.7072	2133	32	8	609	24	80	481	5	0.451064	1.19838e+06	8.66326e-05	
12100	12550	2700	33.6508	28.5093	2098	30	8	626	18	62	526	6	0.368361	1.11066e+06	0.000133422	
12100	12882	2739	35.8874	26.095	2154	28	7	616	17	85	502	6	0.807947	1.30943e+06	6.03719e-05	
12100	13391	2701	35.1345	34.5774	2073	32	10	620	9	65	497	4	1.47137	824637	7.08968e-05	
12029	13166	2768	37	33.51	2136	32	10	621	12	81	512	4	1.28855	863515	6.8292e-05	
12051	13342	2793	22.2552	25	2116	28	5	630	15	86	529	5	1.46074	1.54966e+06	5.29689e-05	
12100	12550	2700	29.0669	30.685	2117	31	7	634	13	70	517	4	0.359675	917682	0.000257069	
12100	12563	2700	31.5609	34.9258	2114	28	8	621	13	75	525	5	0.381844	1.0382e+06	0.000149432	
11733	13272	2794	33.8361	33.8654	2091	30	9	633	17	85	518	5	1.81207	856220	6.75767e-05	
12100	12550	2700	29.2212	25	2108	32	9	630	15	62	478	5	0.360113	962852	0.000243132	
12100	12550	2700	32.1701	32.3397	2160	31	9	623	18	68	523	4	0.36638	1.04454e+06	0.000153728	
12086	12742	2730	37	26.3777	2131	32	10	632	11	80	498	5	0.640122	1.34184e+06	6.43998e-05	
12100	12550	2700	30.2048	30.8691	2105	31	9	633	14	66	502	6	0.362617	991945	0.000199322	
12093	12608	2700	37	26.2708	2130	30	9	604	21	62	505	5	0.453104	1.31412e+06	8.32639e-05	
11983	13327	2701	37	34.6801	2111	31	10	636	17	65	502	5	1.52849	802198	7.17309e-05	
12100	12550	2700	33.5861	30.5375	2127	31	10	604	17	65	517	5	0.368288	1.08483e+06	0.000135172	
12077	12576	2700	37	25.4778	2083	28	7	616	13	85	501	5	0.431957	1.31095e+06	8.77886e-05	
11959	13416	2772	30.4053	27.231	2127	29	7	610	21	78	529	5	1.71374	1.08907e+06	5.84864e-05	
12100	13339	2700	36.6865	35	2104	31	10	636	16	65	502	5	1.40166	812080	7.14031e-05	
12100	12587	2747	37	25.7052	2100	31	10	640	4	84	526	5	0.425125	1.28399e+06	9.12326e-05	
12100	12567	2700	34.7728	35	2001	31	8	609	6	73	509	4	0.391028	1.09622e+06	0.000115567	
12100	12550	2700	29.4766	33.2514	2096	31	8	618	16	67	514	6	0.36081	931090	0.000233699	
12093	13044	2780	26.5206	25	2138	29	5	622	9	78	530	5	1.02639	1.50453e+06	5.47166e-05	
12083	12557	2718	29.1393	35	2130	31	8	600	5	75	510	5	0.392106	986004	0.000189825	
12100	13015	2800	29.1185	25.5079	2046	30	7	620	15	89	524	5	0.995332	1.3788e+06	5.62272e-05	
12100	12550	2700	29.5564	27.3861	2098	30	6	617	13	72	503	5	0.36102	979778	0.000224266	
12005	12644	2709	36.7564	29.9439	2049	31	7	617	18	67	517	6	0.607961	1.25135e+06	6.84885e-05	
12041	12934	2715	31.4323	25.9572	2104	29	10	638	21	71	505	5	0.936105	1.25975e+06	5.92522e-05	
11936	12587	2744	37	25.4961	2131	32	9	624	10	79	518	6	0.62693	1.38267e+06	6.4082e-05	
12099	12550	2728	28.7862	34.9274	2132	31	7	603	16	60	498	6	0.3638	864220	0.00028082	
12100	12550	2707	35.4935	33.8487	2079	29	9	614	14	63	514	5	0.371006	1.09106e+06	0.000121315	
11995	12610	2738	37	25.7472	2127	31	10	634	4	83	529	5	0.582927	1.38753e+06	6.57678e-05	
12099	12550	2709	36.8792	35	2140	31	7	613	15	63	530	5	0.373319	1.10371e+06	0.000113546	
12100	12550	2700	28.741	31.9374	2000	31	10	607	6	62	502	6	0.358707	860222	0.00028885	
12100	12550	2700	32.5217	27.9307	2054	30	6	623	27	68	523	5	0.366909	1.09927e+06	0.000146177	
12100	12550	2700	28.6844	26.1998	2096	30	7	624	13	68	507	4	0.358532	904703	0.000286123	
12012	12645	2700	36.693	25.541	2082	31	10	639	7	87	521	5	0.598698	1.38176e+06	6.50491e-05	
11391	12561	2715	37	34.6305	2131	31	7	617	15	68	513	6	1.23258	810948	7.4107e-05	
12100	12550	2700	36.2478	28.9787	2160	31	7	627	7	72	515	5	0.37053	1.15232e+06	0.000114626	
12100	12595	2705	37	34.7943	2023	30	9	632	21	79	520	5	0.428811	1.15633e+06	9.35104e-05	
12098	12867	2790	32.1734	25.0617	2041	30	7	621	17	78	512	5	0.801316	1.43314e+06	5.86373e-05	
11733	13301	2794	33.8361	32.6743	2091	30	10	633	16	86	518	5	1.85231	875354	6.63394e-05	
12100	12550	2700	28.7989	34.6034	2098	30	8	616	11	60	506	5	0.358883	858016	0.000285225	
11856	13459	2729	36.3086	31.6328	2111	28	10	643	11	74	513	5	1.87885	859817	6.69568e-05	