12097	12550	2743	30.0464	34.0914	2125	32	8	606	17	61	478	6	0.371738	979563	0.00020008	
11374	13274	2721	36.5617	34.4242	2076	32	9	643	9	69	515	5	2.19167	779959	7.40741e-05	
12100	13257	2785	21.8869	25	2075	30	5	621	10	76	524	5	1.27243	1.66865e+06	5.42123e-05	
11989	13500	2785	21.0217	25.0309	2060	29	4	621	12	76	524	5	1.73687	1.55279e+06	5.3749e-05	
11245	13169	2713	34.7616	35	2002	31	10	628	12	60	469	4	2.19121	770801	7.70119e-05	
12097	12550	2743	30.0464	34.0914	2135	32	8	606	19	63	478	6	0.371738	980122	0.00019996	
12043	12550	2750	27.9242	32.579	2103	32	9	610	14	72	494	5	0.433355	1.03476e+06	0.00017191	
12083	12554	2742	30.691	34.0914	2001	28	7	611	18	69	516	6	0.395573	1.04873e+06	0.000153374	
12097	12554	2743	30.1661	34.0914	2135	32	7	606	20	65	487	6	0.377173	998973	0.000187371	
11989	13162	2753	21.8243	25	2014	29	8	621	18	76	529	5	1.26546	1.63352e+06	5.47855e-05	
12083	12554	2739	30.691	34.0914	2036	28	8	650	18	68	509	5	0.39514	1.05197e+06	0.000153233	
12097	12568	2754	35.9522	33.9695	2038	32	7	606	13	65	511	6	0.404774	1.14263e+06	0.000105731	
11867	12739	2798	32.3542	26.7544	2137	32	10	629	24	67	491	4	0.381916	1.06735e+06	0.000138812	
12100	12554	2743	30.691	34.0914	2040	29	8	611	18	67	516	6	0.374629	1.01454e+06	0.000177525	
11989	13400	2782	21.0217	25.0309	2022	29	5	622	12	76	524	4	1.59511	1.58249e+06	5.39957e-05	
12097	12550	2752	33.7273	33.5728	2050	32	8	606	19	65	490	6	0.379279	1.08498e+06	0.000131614	
11304	13190	2721	36.5617	34.4242	2076	32	9	630	9	64	492	5	2.15938	771789	7.56029e-05	
11697	13434	2773	31.9786	27.8142	2116	28	7	625	17	86	527	6	2.06388	1.02426e+06	6.04522e-05	
12100	13431	2753	21.8243	25	2014	29	6	621	12	76	529	5	1.49592	1.53322e+06	5.41025e-05	
12097	12550	2752	34.2713	34.5191	2050	30	8	606	19	65	490	6	0.379858	1.08419e+06	0.000127324	
12097	12554	2743	30.0062	34.0914	2135	32	8	606	18	65	516	6	0.376789	991751	0.00019216	
12097	12550	2754	36.6958	33.9695	2103	31	9	616	13	68	513	6	0.381923	1.12173e+06	0.000111857	
12056	12550	2754	34.8449	33.8368	2050	32	8	606	19	65	490	6	0.431668	1.16246e+06	9.999e-05	
12097	12554	2743	32.7236	34.0914	2040	32	8	611	18	68	516	6	0.381916	1.06735e+06	0.000138812	
11912	12904	2733	24.0112	26.2525	2067	29	10	649	1	81	522	6	1.02981	1.50339e+06	5.72705e-05	
12051	12550	2700	34.0091	26.2808	2001	31	7	639	3	68	497	5	0.4285	1.25442e+06	9.86777e-05	
12043	12550	2751	27.9242	34.3294	2101	32	7	608	14	76	464	5	0.433513	1.02683e+06	0.00017343	
11989	13481	2782	21.8243	25.0309	2014	29	4	621	9	76	524	5	1.72076	1.47498e+06	5.41947e-05	
12100	12664	2735	34.4118	32.9257	2076	31	4	623	20	89	519	4	0.520885	1.24488e+06	7.94534e-05	
11989	13442	2782	21.0217	25.0309	2014	29	4	622	12	76	524	4	1.65374	1.56537e+06	5.40015e-05	
12097	12554	2743	30.0062	34.0914	2135	32	7	606	18	65	516	6	0.376789	992386	0.000192123	
12040	12835	2749	29.2836	25.4044	2070	28	7	645	16	85	484	4	0.813037	1.4488e+06	5.90982e-05	
12097	12554	2754	34.3521	34.6113	2128	32	8	606	18	65	516	6	0.385384	1.09072e+06	0.000123579	
12054	12581	2714	33.2157	35	2000	31	6	647	8	72	500	5	0.465663	1.16084e+06	9.51928e-05	
12054	12578	2741	35.856	25	2160	31	6	622	4	71	497	5	0.468914	1.37619e+06	8.21693e-05	
12100	12622	2735	35.3772	30.4912	2044	32	8	642	14	76	494	5	0.467412	1.235e+06	8.67604e-05	
12054	12578	2704	33.899	27.1989	2042	31	8	647	18	71	501	5	0.460924	1.26977e+06	8.967e-05	
11304	13190	2756	36.5617	34.4242	2076	32	9	630	8	64	481	5	2.18715	775637	7.55002e-05	
12054	12591	2704	35.9118	26.2808	2001	31	8	639	3	71	497	5	0.479158	1.32963e+06	8.00769e-05	
11748	13458	2765	30.0476	32.0626	2084	28	6	648	27	82	515	6	2.02554	941584	6.4082e-05	
12097	12550	2760	35.5162	33.9695	2103	31	7	616	13	65	513	6	0.382033	1.11043e+06	0.000118022	
11847	13496	2797	31.3673	29.719	2017	29	7	623	5	88	513	5	1.98323	978733	6.18659e-05	
12043	12550	2750	34.896	34.0428	2101	32	8	610	14	68	479	5	0.447195	1.17371e+06	9.48497e-05	
11748	13458	2765	31.0602	32.0626	2084	28	7	650	27	82	511	6	2.02778	923487	6.46538e-05	
12088	12554	2738	34.7816	34.0914	2135	31	8	619	18	65	516	6	0.394686	1.11109e+06	0.000114784	
12054	12578	2704	34.3409	29.2316	2000	31	6	647	8	72	497	5	0.461373	1.24715e+06	8.91981e-05	
12051	12550	2700	35.0756	26.2808	2001	31	7	647	3	69	497	5	0.429479	1.27434e+06	9.41974e-05	
12097	12554	2754	34.7816	34.0914	2128	28	8	621	18	65	510	6	0.385783	1.10136e+06	0.000120207	
12054	12578	2714	34.3409	35	2000	31	6	647	8	72	497	5	0.46308	1.17096e+06	9.20217e-05	
12007	12550	2758	34.8449	33.499	2109	30	8	606	22	65	490	6	0.493105	1.21498e+06	8.3675e-05	
11964	12578	2760	35.6955	25.668	2001	31	10	650	3	75	510	5	0.583621	1.39187e+06	6.70286e-05	
11900	13481	2782	21.8243	25.0309	2014	29	4	621	9	76	524	5	1.83136	1.44714e+06	5.44544e-05	
11858	12581	2746	33.03	25.1004	2052	30	10	613	20	89	530	5	0.711577	1.40055e+06	6.07312e-05	
12097	12554	2754	35.3553	34.0914	2135	32	7	606	18	65	516	6	0.386252	1.11141e+06	0.000116604	
12054	12578	2711	34.3409	35	2000	31	6	647	10	72	492	5	0.462568	1.16978e+06	9.20895e-05	
12097	12554	2738	34.7816	34.0914	2135	32	8	618	18	65	516	6	0.383542	1.09791e+06	0.000120598	
11985	13402	2790	21.8243	25	2002	28	8	621	12	75	526	5	1.61995	1.49237e+06	5.4019e-05	
12100	12810	2722	33.6822	25.3397	2001	30	7	641	3	71	511	5	0.706882	1.41432e+06	6.15574e-05	
11989	13402	2753	21.8243	25	2014	29	8	621	12	76	529	5	1.59353	1.47891e+06	5.44929e-05	
12054	12635	2720	34.3409	29.2316	2000	31	6	650	8	72	497	5	0.537172	1.3113e+06	7.50694e-05	
11879	13496	2797	31.3673	28.0456	2064	29	7	636	8	90	511	5	1.94351	1.02736e+06	5.99125e-05	
12097	12550	2765	34.8449	33.635	2050	30	8	606	19	65	490	6	0.382189	1.10422e+06	0.000122234	
12097	12550	2743	36.2919	32.2531	2122	32	8	606	17	65	511	6	0.38018	1.1316e+06	0.000113263	
12006	12554	2754	34.7816	34.0914	2070	32	8	606	18	64	517	6	0.498741	1.20822e+06	8.30427e-05	
12100	12736	2754	36.2919	32.2531	2122	32	8	606	18	65	511	6	0.620079	1.21669e+06	6.96961e-05	
12097	12550	2754	35.9486	33.9695	2068	32	8	606	18	68	505	6	0.381497	1.11461e+06	0.000115714	
11960	13306	2785	24.9267	25	2076	31	4	624	15	71	524	5	1.54506	1.32486e+06	5.54354e-05	
11824	13034	2738	35.4877	34.9548	2101	29	8	619	35	73	496	5	1.34706	832957	7.08466e-05	
11840	13448	2775	36.1124	32.924	2156	30	9	626	22	77	508	5	1.91473	845755	6.78242e-05	
11421	13083	2755	35.8924	34.7777	2000	31	7	618	12	76	504	6	1.90422	795107	7.3346e-05	
11876	13496	2776	32.908	26.9996	2007	29	7	642	5	90	515	5	1.93512	1.03255e+06	6.01359e-05	
12043	12550	2750	27.9242	34.0428	2101	32	8	610	14	72	479	5	0.433355	1.02688e+06	0.00017319	
11151	12651	2765	36.3846	33.9733	2009	31	9	634	3	65	466	6	1.65197	785731	7.64468e-05	
12054	12618	2704	34.5121	25.667	2160	31	6	647	6	71	497	5	0.512475	1.38308e+06	7.62428e-05	
11702	13364	2772	35.6934	32.0838	2150	29	6	636	24	83	513	5	1.96409	873094	6.68717e-05	
12054	12578	2701	35.1798	26.2808	2001	31	9	647	-0	71	497	5	0.461591	1.30085e+06	8.53242e-05	
11899	12617	2795	34.2525	25.4882	2128	32	7	620	15	81	477	4	0.722197	1.38143e+06	6.18888e-05	
12097	12550	2754	36.2919	32.2531	2133	32	8	606	18	66	511	6	0.381705	1.13381e+06	0.00011302	
11672	13089	2757	30.4984	28.9846	2062	28	9	630	17	82	504	6	1.60767	1.00497e+06	6.21041e-05	
11134	12651	2739	34.9908	33.9733	2000	31	9	624	3	65	466	6	1.65488	795127	7.59878e-05	
12054	12713	2700	32.7603	27.4101	2051	30	5	639	3	81	497	5	0.631169	1.39051e+06	6.61244e-05	
11858	12581	2746	32.98	25	2052	30	6	613	22	87	530	5	0.711511	1.43821e+06	6.0573e-05	
11134	12550	2734	34.9908	33.9733	2000	31	9	624	3	65	495	6	1.52178	803124	7.49906e-05	
11840	13360	2775	36.9122	34.1971	2036	30	9	621	22	77	502	4	1.79279	811251	7.03334e-05	
12054	12641	2708	35.1798	27.6406	2069	30	7	641	3	81	497	5	0.543209	1.34156e+06	7.18597e-05	
11028	12712	2730	36.383	35	2108	31	7	635	18	85	485	5	1.84927	778341	7.64701e-05	
12051	12598	2768	37	29.1438	2046	30	10	648	19	83	496	4	0.503963	1.28583e+06	7.63359e-05	
11767	13348	2717	30.9401	27.4052	2046	28	8	650	32	81	493	5	1.81989	1.02401e+06	6.14628e-05	
11893	12669	2709	31.5651	27.2607	2017	30	4	645	15	75	496	6	0.770154	1.33093e+06	6.22859e-05	
11594	13220	2759	36.2231	34.2686	2001	31	9	650	22	86	501	4	1.8876	804001	7.15922e-05	
11885	12567	2751	36.268	29.1438	2053	30	6	647	16	82	509	5	0.66478	1.26084e+06	6.55437e-05	
11858	12581	2746	32.98	25.1004	2052	30	6	613	20	87	530	5	0.711511	1.43296e+06	6.06428e-05	
11812	13021	2762	36.4424	33.2847	2130	32	5	634	24	85	502	5	1.35664	869650	6.88089e-05	
11909	12673	2795	32.8194	25.1386	2092	29	4	606	8	82	469	4	0.782016	1.41964e+06	6.00781e-05	
11941	13500	2797	32.9921	26.9996	2005	29	5	636	5	90	517	5	1.87455	1.0613e+06	5.95486e-05	
11968	12578	2741	35.6955	26.2808	2029	30	4	650	3	72	489	5	0.574697	1.42688e+06	6.79117e-05	
11928	13104	2772	26.4964	25.0927	2031	30	4	628	10	81	521	4	1.31006	1.3137e+06	5.59624e-05	
12054	12641	2760	35.1798	28.3106	2120	31	5	644	3	72	497	5	0.55364	1.35891e+06	7.15512e-05	
11952	12655	2743	33.3487	27.1606	2005	30	10	613	20	74	517	5	0.692154	1.32669e+06	6.33834e-05	
11612	13274	2721	36.5617	34.4242	2075	32	9	643	9	69	514	5	1.91331	789909	7.2685e-05	
11960	12586	2733	34.7159	31.4437	2113	30	7	613	20	87	522	5	0.592319	1.26931e+06	6.97691e-05	
11858	12581	2746	37	25.6691	2052	30	6	613	20	87	530	5	0.714938	1.33455e+06	6.22432e-05	
11392	12712	2730	34.9892	35	2116	31	7	625	18	85	485	5	1.4317	815171	7.29874e-05	
11948	12626	2733	33.0217	25.8206	2044	30	6	613	20	85	527	5	0.656647	1.43033e+06	6.31393e-05	
11989	13402	2790	28.612	25	2014	29	8	621	12	76	529	4	1.66288	1.18052e+06	5.61388e-05	
11825	13351	2776	36.6186	33.5697	2148	31	6	636	24	83	524	4	1.79925	843278	6.82128e-05	
12091	12903	2740	29.2836	25.6182	2021	28	8	643	9	84	484	4	0.836956	1.42117e+06	5.89831e-05	
12046	13442	2751	36.8814	29.5584	2068	29	5	642	25	74	528	5	1.63716	949916	6.39304e-05	
11722	12844	2733	24.0112	26.0068	2039	29	7	650	1	81	522	6	1.18038	1.40621e+06	5.69314e-05	
11640	13283	2799	29.5986	27.9747	2094	29	7	650	11	88	517	4	1.93666	1.05084e+06	5.98444e-05	
11955	13483	2751	37	29.5584	2096	30	6	623	25	76	528	5	1.80634	929094	6.45995e-05	
11836	13339	2776	36.6186	33.5697	2148	31	6	636	24	83	524	4	1.76912	844573	6.81524e-05	
11858	12553	2740	32.98	25.1004	2052	31	6	613	20	77	530	6	0.673912	1.44765e+06	6.22432e-05	
11596	13083	2762	35.8096	34.7777	2100	30	8	624	11	73	493	6	1.70096	808486	7.19166e-05	
11134	12651	2765	34.9908	33.9733	2009	31	9	635	3	65	466	6	1.67059	799712	7.55858e-05	
12011	12739	2745	36.8748	29.673	2097	32	10	633	4	61	495	5	0.732429	1.14145e+06	6.70961e-05	
11851	13496	2788	32.9921	28.5123	2006	29	8	635	5	75	526	5	1.97452	981660	6.17436e-05	
11944	13221	2775	31.4085	28.1973	2052	31	5	608	1	89	528	4	1.46685	1.05994e+06	6.03792e-05	
12097	12550	2754	35.8191	33.9695	2103	31	8	616	13	65	513	6	0.381412	1.11203e+06	0.000116387	
11961	12835	2740	29.2836	25	2037	28	5	645	4	85	491	4	0.907526	1.40837e+06	5.77234e-05	
11999	13350	2790	34.3764	33.3137	2036	30	9	617	20	77	508	4	1.58898	871674	6.70107e-05	
12054	12578	2704	35.1798	26.2808	2001	31	6	647	3	74	499	5	0.462103	1.32113e+06	8.52297e-05	
12027	13202	2761	36.7609	30.3472	2092	30	9	603	9	82	493	5	1.33665	927247	6.55781e-05	
11948	12610	2733	32.98	25.7194	2044	30	6	613	20	87	522	5	0.635964	1.43589e+06	6.42343e-05	
12100	12871	2710	34.7557	25.4482	2008	31	7	639	34	81	513	5	0.784191	1.33541e+06	6.08495e-05	
12011	13350	2790	36.1124	34.2235	2036	30	9	617	22	77	508	4	1.57533	838139	6.87521e-05	
12057	12550	2754	36.2919	32.2531	2122	32	7	606	18	65	483	6	0.431462	1.19732e+06	9.42774e-05	
12054	12578	2704	35.1798	25	2160	31	6	647	3	71	497	5	0.462103	1.35398e+06	8.44737e-05	
11374	13274	2721	36.5617	34.4242	2076	32	9	632	9	74	512	5	2.19167	781244	7.38716e-05	
11842	13147	2714	34.3768	32.1181	2034	28	5	638	1	81	523	5	1.46279	904626	6.62647e-05	
11972	12887	2763	36.7496	35	2091	32	9	617	23	67	472	5	0.981375	886779	7.25639e-05	
11944	13213	2759	31.4085	30.1627	2053	31	5	607	1	79	528	4	1.44748	1.00021e+06	6.26763e-05	
11776	12557	2772	34.3311	33.7269	2000	28	6	622	21	88	498	6	0.789018	1.07196e+06	6.82874e-05	
12054	12578	2704	35.4912	25.667	2160	31	6	647	6	71	497	5	0.462336	1.33878e+06	8.39701e-05	
11954	12550	2776	35.6229	32.8274	2115	30	9	602	18	63	463	6	0.562861	1.22663e+06	7.4184e-05	
11863	12890	2795	29.8897	26.3304	2037	28	6	600	16	89	506	6	1.12333	1.23195e+06	5.81971e-05	
11961	12945	2740	29.6126	25.6182	2089	28	8	645	0	74	530	4	1.05366	1.28444e+06	5.69898e-05	
11987	13402	2790	21.8243	25	2014	29	8	621	12	75	519	5	1.61745	1.48435e+06	5.44395e-05	
11913	12554	2754	34.3521	34.6113	2049	32	8	606	18	65	516	6	0.612901	1.17521e+06	7.27114e-05	
12036	12698	2760	35.1798	28.8214	2133	30	5	644	3	84	484	5	0.650534	1.32907e+06	6.52188e-05	
11989	13442	2782	21.8243	25.0309	2027	29	4	623	12	81	524	5	1.66615	1.48817e+06	5.40219e-05	
11871	12871	2729	30.6944	25.1034	2008	28	8	626	0	81	513	5	1.06399	1.24193e+06	5.82377e-05	
11503	13019	2763	36.5832	34.9641	2007	32	6	616	20	67	516	5	1.72675	792138	7.37735e-05	
11928	13104	2777	27.0019	25.0927	2053	29	4	628	10	81	518	4	1.31477	1.30459e+06	5.57849e-05	
11490	12565	2797	35.7539	33.3993	2000	28	6	637	35	90	480	5	1.15587	883748	7.03482e-05	
11995	13219	2795	27.7999	26.7709	2073	31	6	615	1	78	514	5	1.40096	1.18881e+06	5.77834e-05	
12100	13104	2774	26.4964	25.0927	2096	30	4	628	10	81	520	4	1.09662	1.44752e+06	5.51146e-05	
11938	13239	2794	34.9211	30.3472	2145	30	8	626	3	82	481	5	1.51392	938569	6.44579e-05	
12100	12765	2716	37	25.9038	2115	30	5	630	28	70	482	4	0.649426	1.38725e+06	6.41519e-05	
11851	13228	2746	35.2843	32.7939	2079	31	8	649	4	86	475	4	1.57953	856840	6.85354e-05	
11935	12890	2799	29.8897	26.3304	2120	29	7	603	16	88	505	6	1.03525	1.28848e+06	5.77934e-05	
11916	13411	2760	35.8018	30.1292	2027	28	10	643	35	74	522	5	1.75973	906194	6.47291e-05	
12100	12762	2704	35.0908	27.4473	2001	31	5	641	3	76	504	5	0.641515	1.36161e+06	6.52486e-05	
11880	13411	2772	35.8018	30.1292	2014	28	10	643	35	74	522	5	1.81178	903888	6.48256e-05	
12086	12892	2729	31.1101	25.4304	2100	30	10	610	20	70	503	4	0.829584	1.3653e+06	5.92487e-05	
11987	13317	2800	36.4496	31.5609	2126	29	10	617	33	89	501	4	1.56527	890673	6.54108e-05	
12054	12641	2700	35.1798	27.4101	2069	30	6	640	17	72	504	5	0.541605	1.35759e+06	7.18649e-05	
11961	12835	2740	29.1569	25.9167	2037	28	5	645	1	85	491	5	0.907166	1.37831e+06	5.83976e-05	
11849	12550	2745	37	30.9757	2046	29	7	618	5	90	502	5	0.685656	1.16609e+06	6.71501e-05	
11997	12600	2754	35.9522	33.9695	2050	32	8	606	13	65	511	6	0.570316	1.19834e+06	7.39317e-05	
12097	12624	2754	35.9522	33.744	2050	32	8	606	12	65	511	6	0.477397	1.20674e+06	8.5237e-05	
11933	12921	2757	34.9932	35	2058	32	9	638	26	67	477	5	1.07137	876423	7.19891e-05	
12070	13214	2796	36.7609	29.5064	2137	30	9	602	6	82	495	4	1.31598	964054	6.39264e-05	
12100	12689	2746	34.6706	32.0482	2088	31	6	620	25	71	492	5	0.555754	1.26593e+06	7.44103e-05	
11989	13482	2785	24.9267	25	2076	29	4	624	15	76	524	5	1.75432	1.30858e+06	5.46448e-05	
11999	13489	2741	35.2843	32.7939	2079	31	8	649	11	86	489	5	1.753	859306	6.74764e-05	
11702	13364	2776	36.3341	31.5634	2150	32	7	636	12	84	510	5	1.96733	870236	6.72405e-05	
12013	13305	2758	31.0674	27.5761	2120	29	4	638	15	80	501	5	1.48682	1.09397e+06	5.95203e-05	
12083	12554	2743	30.691	34.0914	2040	28	8	611	18	67	516	6	0.395717	1.04762e+06	0.000153351	
11814	13252	2734	30.6944	25.1034	2008	28	8	626	0	81	513	5	1.6436	1.12269e+06	5.8401e-05	
11945	13008	2740	35.7186	28.1311	2117	30	8	614	1	69	512	5	1.16617	1.02511e+06	6.34357e-05	
11746	13364	2744	36.0216	32.6861	2137	29	7	615	24	80	522	5	1.89153	851804	6.79117e-05	
11963	13378	2717	36.1205	34.5959	2123	32	4	632	7	79	520	5	1.63059	834745	6.95652e-05	
11783	13083	2763	35.8924	35	2022	30	8	624	21	70	504	6	1.47575	818628	7.1495e-05	
12051	12578	2700	35.1798	26.2808	2001	31	7	647	3	68	497	5	0.465071	1.31952e+06	8.44595e-05	
11995	13113	2779	27.7999	26.7709	2143	30	6	617	4	84	514	5	1.24795	1.23941e+06	5.71494e-05	
11808	12557	2795	34.3311	32.4162	2126	28	5	637	23	90	484	5	0.75612	1.15802e+06	6.63174e-05	
11956	12892	2729	31.1101	25.4304	2100	30	10	610	20	70	503	4	0.989083	1.24155e+06	5.92557e-05	
11847	13034	2738	35.4877	34.6526	2101	29	8	619	35	73	496	5	1.31919	841901	7.04027e-05	
11892	13237	2767	35.6237	33.2096	2088	28	5	626	33	85	525	6	1.55381	878706	6.69434e-05	
11989	13402	2790	21.8243	25	2014	29	8	621	12	76	529	5	1.61495	1.48961e+06	5.41126e-05	
12079	12705	2716	37	25	2115	30	7	632	35	67	473	4	0.597631	1.43031e+06	6.58415e-05	
11568	13274	2721	36.5617	34.4242	2076	32	9	643	9	69	512	5	1.9652	787229	7.2998e-05	
11961	12835	2740	29.2836	25.6182	2037	28	6	645	1	81	491	4	0.907526	1.37025e+06	5.82988e-05	
11851	13213	2746	35.9814	34.2209	2079	31	8	649	4	86	475	4	1.55966	825692	7.03433e-05	
12033	12884	2742	30.5979	28.6804	2141	31	8	618	7	87	510	5	0.887454	1.25579e+06	6.06024e-05	
12051	12598	2740	37	29.1438	2102	31	10	639	19	83	501	5	0.498865	1.28193e+06	7.66812e-05	
12036	12641	2782	35.1798	31.4609	2138	31	7	640	3	69	497	5	0.580612	1.27868e+06	7.11845e-05	
11856	12896	2714	32.768	27.6398	2118	30	8	642	13	64	519	5	1.11247	1.08219e+06	6.20424e-05	
11892	12835	2740	30.8745	25.6182	2037	28	6	645	1	85	497	4	0.995693	1.26747e+06	5.86786e-05	
11763	13034	2720	35.4877	35	2101	29	8	618	35	73	496	5	1.41139	820286	7.14541e-05	
11702	12967	2776	36.6186	31.5634	2150	31	6	636	24	83	511	5	1.42506	893290	6.72495e-05	
12060	12550	2758	28.0898	34.0428	2130	32	8	642	14	76	464	5	1.50819	1.03923e+06	6.14062e-05	
12035	12861	2734	32.9514	25.1034	2041	31	9	622	28	81	513	5	0.856206	1.3157e+06	5.94318e-05	
11911	13435	2741	35.2843	32.7939	2079	31	8	649	5	86	489	4	1.78636	853103	6.78518e-05	
11625	12742	2727	33.2759	31.9444	2082	30	8	650	13	73	520	6	1.19381	930285	6.71051e-05	
11944	13213	2773	31.4085	27.8876	2052	31	5	607	1	89	528	4	1.45483	1.07091e+06	6.01395e-05	
11968	12578	2741	35.6955	26.2808	2001	31	10	650	3	75	510	5	0.574697	1.36846e+06	6.79948e-05	
11690	12747	2777	35.216	26.4251	2142	28	7	601	8	81	496	5	1.14559	1.09215e+06	6.20194e-05	
11730	12723	2713	35.4453	33.1733	2084	29	8	620	2	85	517	5	1.04083	916721	6.8686e-05	
11911	12655	2731	33.4258	26.606	2000	30	10	609	20	71	452	5	0.739185	1.27029e+06	6.44205e-05	
11944	13213	2773	31.4085	30.1627	2052	31	5	607	1	89	528	4	1.45483	1.00507e+06	6.22626e-05	
12006	12739	2798	32.3542	26.7544	2137	31	10	629	20	65	491	5	0.748509	1.35346e+06	6.18774e-05	
11970	12669	2777	32.178	29.671	2028	30	9	646	35	75	494	6	0.695115	1.29775e+06	6.55136e-05	
11570	13024	2799	36.8722	33.7371	2119	30	8	609	14	67	518	4	1.6753	822275	7.06864e-05	
11961	13233	2740	29.2836	25	2038	28	8	644	3	82	498	4	1.4389	1.17864e+06	5.73789e-05	
12079	12866	2722	36.3991	31.1995	2141	32	7	636	20	61	524	5	0.808122	1.08355e+06	6.67111e-05	
11944	12758	2792	33.8214	26.3425	2136	32	8	620	15	83	504	4	0.851667	1.27288e+06	6.03573e-05	
11929	12655	2743	33.5084	27.1606	2005	30	10	613	20	80	452	5	0.720521	1.27822e+06	6.44621e-05	
11954	12550	2765	34.9657	32.8274	2115	30	9	602	10	63	463	6	0.560122	1.23177e+06	7.47552e-05	
11868	12622	2745	34.826	31.9759	2142	30	6	604	17	86	470	6	0.754108	1.12577e+06	6.73265e-05	
11787	13237	2767	35.6237	33.2096	2088	28	5	626	33	85	525	6	1.68246	867610	6.74809e-05	
11885	12550	2776	36.696	28.6127	2115	30	9	604	10	67	463	5	0.648899	1.24723e+06	6.71772e-05	
11773	13351	2755	29.8557	31.3057	2145	31	8	645	15	74	527	5	1.83972	956289	6.35203e-05	
11672	13089	2766	30.4984	28.9846	2062	29	9	630	17	83	504	6	1.61292	1.0042e+06	6.21852e-05	
11737	13067	2794	33.4213	27.2675	2109	29	8	645	9	90	506	4	1.52468	1.02958e+06	6.08569e-05	
11503	13019	2743	36.5832	34.9641	2027	32	6	616	20	67	513	5	1.71425	789648	7.39919e-05	
11998	12786	2723	33.2759	27.52	2097	28	8	649	17	71	520	6	0.800553	1.27387e+06	6.10538e-05	
11989	13321	2785	24.9267	25	2076	29	4	624	15	76	524	5	1.52968	1.34343e+06	5.46508e-05	
12046	13500	2738	34.0839	29.5584	2074	29	5	642	25	76	526	5	1.70734	973601	6.24805e-05	
11776	12781	2753	36.0224	33.7489	2097	31	9	628	0	68	483	5	1.07703	881824	7.09874e-05	
11921	13083	2702	33.6394	27.2691	2132	31	8	619	9	81	503	4	1.27591	1.04258e+06	6.19348e-05	
11928	13104	2777	27.0019	25.0927	2038	28	4	627	10	81	518	4	1.31477	1.30975e+06	5.56297e-05	
12042	12859	2727	35.0523	31.3478	2137	32	9	614	11	81	491	6	0.845026	1.07035e+06	6.62822e-05	
11503	13019	2743	36.5832	34.9641	2007	32	6	616	20	67	516	5	1.71425	789007	7.40521e-05	
11698	13288	2790	29.655	26.0127	2133	30	8	647	10	72	494	5	1.86689	1.09871e+06	5.93437e-05	
11677	13220	2741	36.2231	34.2686	2021	31	9	650	22	86	497	4	1.77629	805802	7.13419e-05	
11776	12940	2759	35.8239	33.955	2097	31	9	628	2	68	485	5	1.29016	846459	7.09421e-05	
11892	12967	2769	33.6064	25.5479	2049	28	6	636	24	86	490	4	1.18687	1.15e+06	5.98122e-05	
12020	12840	2743	33.5084	27.3091	2095	30	10	613	20	86	501	5	0.850564	1.22838e+06	6.10612e-05	
11816	13324	2776	36.6186	34.1936	2157	31	6	647	24	90	510	5	1.77292	834192	6.89227e-05	
11882	12879	2708	29.1777	29.3785	2108	30	9	630	32	64	516	5	1.04929	1.12659e+06	6.2348e-05	
11802	12752	2722	31.4773	29.216	2049	32	9	610	0	81	521	4	0.990802	1.08842e+06	6.34196e-05	
11938	13408	2794	30.9339	30.7696	2145	29	9	626	3	82	481	6	1.7435	967557	6.29287e-05	
11888	12664	2719	34.8719	33.5656	2038	32	4	642	16	89	520	4	0.776822	1.07746e+06	6.83153e-05	
11799	13075	2750	36.5323	32.7939	2079	31	8	650	4	89	489	4	1.43902	854578	6.88468e-05	
11851	13220	2759	36.2231	34.2686	2041	31	9	650	22	86	505	4	1.57674	825333	6.97837e-05	
12043	13455	2778	37	29.8755	2020	30	8	634	31	83	499	5	1.67519	915752	6.49899e-05	
12082	13208	2778	28.0719	25.6411	2071	30	7	633	21	88	503	6	1.26953	1.25316e+06	5.66861e-05	
11918	13261	2736	32.5215	28.2866	2095	29	8	619	5	76	495	6	1.53398	1.01007e+06	6.20617e-05	
11816	13324	2788	36.6186	34.1936	2157	30	6	632	24	90	510	5	1.78058	835918	6.86908e-05	
12007	12759	2786	36.4008	28.6518	2128	30	6	609	23	75	513	5	0.774685	1.22289e+06	6.32471e-05	
11776	12781	2767	36.4209	33.7489	2106	31	8	637	0	68	458	5	1.08274	875873	7.19321e-05	
11928	13104	2773	27.0019	25.0927	2038	29	4	628	10	83	519	4	1.31288	1.30278e+06	5.58285e-05	
11976	12739	2740	36.8748	29.0235	2105	32	10	633	4	61	499	5	0.774111	1.1229e+06	6.64761e-05	
11851	13228	2750	35.2843	32.7939	2079	31	8	649	4	84	495	4	1.58183	861022	6.7944e-05	
11626	12786	2707	35.5728	34.4553	2119	32	4	626	23	87	503	5	1.2429	851756	7.11946e-05	
11995	13219	2787	30.3359	26.7709	2079	31	6	615	1	78	514	5	1.40456	1.13499e+06	5.87751e-05	
11922	13021	2762	36.4424	33.2847	2129	32	6	634	24	85	499	5	1.2218	889660	6.83714e-05	
11851	13496	2797	32.9921	28.5123	2006	29	7	635	5	90	515	5	1.9809	988729	6.13723e-05	
11816	13364	2776	36.6186	32.8154	2150	31	6	636	24	79	510	5	1.82831	852979	6.80272e-05	
11134	12651	2765	34.9908	33.9733	2009	31	9	624	3	65	466	6	1.67059	799851	7.55458e-05	
11962	12711	2784	32.4344	26.3425	2136	32	7	643	15	79	471	4	0.762707	1.35523e+06	6.17246e-05	
11811	12635	2704	34.3681	28.6931	2106	32	6	650	29	84	505	5	0.827272	1.1558e+06	6.42839e-05	
12055	12664	2735	34.4118	34.251	2075	31	4	623	20	89	520	4	0.576477	1.23552e+06	7.34214e-05	
11995	13219	2787	27.7999	26.7709	2082	31	6	615	1	78	515	5	1.39695	1.19229e+06	5.77901e-05	
11836	13293	2776	36.6186	33.5697	2148	31	6	636	24	83	524	4	1.70555	846739	6.81524e-05	
11799	13285	2762	36.8282	33.2421	2010	31	7	649	6	89	495	5	1.73124	833726	6.95024e-05	
11863	13389	2790	32.8144	29.326	2036	30	5	619	31	83	524	5	1.81082	985389	6.21968e-05	
12040	12835	2740	29.2836	25.6182	2068	28	7	645	1	85	482	4	0.810375	1.43757e+06	5.93542e-05	
12031	13201	2784	30.556	34.8795	2122	30	7	632	28	78	530	4	1.33377	933143	6.58805e-05	
12066	12752	2748	34.0301	27.2784	2094	32	7	642	26	78	473	5	0.680084	1.34586e+06	6.44371e-05	
11634	13152	2754	35.4877	34.6526	2118	29	7	619	35	69	506	5	1.74354	816187	7.10783e-05	
12086	13305	2763	28.0406	27.5761	2120	29	6	639	18	81	506	5	1.39039	1.16507e+06	5.79677e-05	
11918	13496	2797	32.9349	26.9996	2006	29	7	631	13	79	521	5	1.89752	1.03779e+06	5.99628e-05	
11989	12655	2758	33.5084	27.1059	2121	31	10	613	20	80	452	5	0.650447	1.3521e+06	6.5716e-05	
11951	13247	2789	30.7285	30.8447	2046	31	8	619	17	90	506	4	1.50003	977927	6.2905e-05	
11975	13029	2723	36.3598	31.7318	2097	31	7	616	27	79	494	4	1.15062	921008	6.75265e-05	
11627	12557	2789	32.9471	32.6006	2119	29	5	618	23	88	457	5	0.974093	1.00264e+06	6.77186e-05	
11987	13410	2800	36.4496	31.5609	2126	31	10	624	35	83	518	4	1.69537	882413	6.55179e-05	
12029	12940	2725	37	28.6465	2018	29	9	627	8	87	500	4	0.968006	1.04424e+06	6.42055e-05	
12082	13208	2770	29.6003	25.6411	2071	32	7	631	13	88	507	6	1.27061	1.20788e+06	5.76967e-05	
12097	12554	2754	34.3521	34.0914	2135	32	8	606	18	65	516	6	0.385384	1.09431e+06	0.00012332	
12070	13219	2787	26.8732	27.1296	2030	30	6	615	-0	74	527	5	1.29903	1.2387e+06	5.74119e-05	
11906	12739	2787	32.3542	26.7544	2142	29	9	629	9	65	491	4	0.870188	1.26272e+06	6.05583e-05	
11738	12557	2793	34.826	31.9759	2160	30	6	600	23	86	450	5	0.842129	1.05431e+06	6.78748e-05	
11908	12891	2729	30.5615	25.1798	2008	30	8	624	26	79	514	5	1.04509	1.24307e+06	5.87406e-05	
12051	12578	2704	35.1798	26.2808	2001	31	6	647	3	71	529	5	0.46576	1.3219e+06	8.42886e-05	
11820	12738	2727	35.4453	33.1733	2084	28	8	631	2	85	473	5	0.95759	946592	6.89655e-05	
11866	12829	2763	34.5383	26.8472	2056	28	7	638	0	81	530	5	1.03334	1.13916e+06	6.05473e-05	
11907	12757	2700	33.7496	34.4558	2108	32	9	617	23	65	464	5	0.866793	959186	7.21345e-05	
12046	13483	2751	37	29.5584	2092	30	6	649	25	76	516	5	1.69398	935538	6.43294e-05	
12017	13079	2761	29.5902	29.3239	2132	29	8	614	14	82	514	4	1.17232	1.11994e+06	6.01902e-05	
11922	12715	2798	31.4929	26.7544	2137	32	10	629	20	67	529	5	0.820258	1.32606e+06	6.01468e-05	
11888	12746	2719	33.4716	33.7298	2077	32	7	642	16	74	520	4	0.881302	1.00669e+06	6.83574e-05	
11989	13482	2785	24.9267	25	2070	29	5	624	15	76	524	5	1.75432	1.30033e+06	5.47046e-05	
11701	13075	2750	36.5323	32.7939	2079	31	8	650	4	89	489	4	1.55745	843161	6.93914e-05	
11961	12835	2740	30.1902	25.6448	2037	28	6	645	1	81	491	4	0.909857	1.3402e+06	5.85617e-05	
11879	13496	2797	31.3673	28.6623	2006	29	7	636	5	90	511	5	1.94351	1.00787e+06	6.07497e-05	
12043	12872	2757	34.9932	35	2058	32	9	628	26	67	474	5	0.87027	959307	7.16384e-05	
12051	12598	2740	37	29.1438	2046	30	10	639	19	83	496	5	0.498865	1.28081e+06	7.67401e-05	
11847	13034	2738	35.4877	34.6526	2098	31	8	610	35	73	496	5	1.31919	838473	7.08617e-05	
12013	13269	2701	28.8562	27.5761	2116	29	4	630	9	83	514	5	1.40239	1.13792e+06	5.88339e-05	
12066	12752	2748	34.0301	27.2784	2126	32	7	642	26	78	473	5	0.680084	1.34898e+06	6.42839e-05	
11799	13228	2750	37	33.2421	2082	31	7	644	4	89	495	5	1.64611	835534	6.93577e-05	
11879	12990	2797	34.5717	26.9996	2006	29	7	636	5	90	515	5	1.24727	1.07493e+06	6.07755e-05	
11896	13228	2750	37	34.0961	2083	31	8	649	4	89	495	5	1.52792	827932	6.97204e-05	
11615	12679	2741	37	33.9662	2063	29	6	630	6	86	461	6	1.13283	853317	7.21865e-05	
11908	12807	2717	32.3271	25	2008	29	8	624	30	84	498	5	0.934094	1.26603e+06	5.96288e-05	
11825	13351	2762	36.6186	33.879	2056	31	6	636	24	83	524	4	1.79017	830692	6.91706e-05	
11879	13042	2760	35.8018	30.1292	2021	28	7	643	35	62	522	6	1.30158	945191	6.54279e-05	
11750	12944	2767	35.6237	30.2954	2088	28	5	622	33	85	529	6	1.33077	957455	6.47375e-05	
11918	13496	2796	32.9349	26.9996	2006	29	7	630	13	79	520	5	1.89685	1.03753e+06	6.0006e-05	
11892	13102	2748	35.6237	33.2096	2089	28	5	610	33	86	520	6	1.3605	888087	6.74172e-05	
11883	13364	2776	36.6186	32.8154	2150	29	6	636	24	80	510	5	1.74588	861108	6.73265e-05	
12014	12845	2724	33.748	31.476	2047	28	9	634	21	71	498	4	0.858832	1.08007e+06	6.56254e-05	
11976	12818	2770	29.2381	27.2327	2096	29	10	602	31	75	515	5	0.876154	1.34539e+06	5.92312e-05	
11701	13083	2700	35.8924	34.7777	2015	31	8	624	12	72	504	6	1.53932	801491	7.27008e-05	
11963	13378	2717	32.2979	34.5959	2138	32	6	632	11	82	520	5	1.62669	866125	6.76773e-05	
11948	12581	2733	37	31.4437	2108	31	7	613	33	87	522	5	0.602054	1.23065e+06	6.8937e-05	
11901	12995	2756	33.4027	27.0511	2011	30	5	611	10	87	528	4	1.20746	1.10413e+06	6.06833e-05	
11892	13237	2748	35.6237	33.2096	2089	28	5	610	33	86	520	6	1.54314	874467	6.74127e-05	
11987	13317	2796	36.4496	31.5609	2026	29	10	624	33	89	501	4	1.56304	884517	6.58631e-05	
12050	12900	2741	35.8365	27.5988	2133	29	9	614	14	89	464	6	0.894174	1.14466e+06	6.30398e-05	
11951	12974	2750	35.2843	33.1428	2079	30	8	646	4	82	508	4	1.11733	921133	6.73129e-05	
11791	13019	2753	35.2684	33.7252	2101	29	6	612	25	83	516	5	1.37429	868906	6.83901e-05	
11892	12959	2769	33.6064	25.5479	2049	28	6	636	25	88	490	4	1.17613	1.15351e+06	5.97729e-05	
11737	12744	2711	35.4077	34.0979	2047	30	6	640	10	81	471	6	1.05881	884788	7.13267e-05	
11713	12592	2790	37	34.0438	2059	31	5	635	6	86	463	4	0.91915	931309	7.12403e-05	
12042	13030	2727	36.5565	27.7565	2127	32	9	614	27	81	480	6	1.07169	1.03985e+06	6.42797e-05	
11738	12557	2789	34.826	31.9759	2152	30	6	607	32	86	450	5	0.840923	1.0524e+06	6.79717e-05	
12097	12550	2754	34.7714	33.499	2063	30	7	606	21	67	494	6	0.380605	1.10245e+06	0.000122911	
12070	13099	2780	28.2608	29.3239	2132	28	4	609	17	85	515	4	1.13717	1.20909e+06	5.89971e-05	
11061	13377	2797	22.8716	30.0831	2121	28	4	622	5	89	525	6	1.26134	1.28538e+06	5.65323e-05	
11976	12778	2738	36.8748	28.3846	2109	32	10	633	9	61	519	5	0.824478	1.1132e+06	6.52997e-05	
11916	13411	2760	35.5532	30.1292	2027	28	10	643	35	71	522	5	1.75956	908147	6.47124e-05	
11618	12786	2732	35.5728	33.8522	2127	32	6	626	17	87	503	5	1.26388	858358	7.02889e-05	
11961	12835	2741	29.2836	25.6182	2037	28	5	645	30	85	497	4	0.907857	1.38557e+06	5.81058e-05	
11954	12585	2776	35.3388	25.3095	2100	30	10	602	8	63	463	6	0.6083	1.4066e+06	6.62471e-05	
11847	13034	2710	35.4877	35	2101	29	8	636	35	73	496	5	1.3057	831087	7.11086e-05	
12054	12908	2733	34.1818	27.4473	2000	32	5	641	3	71	504	5	0.895815	1.19223e+06	6.28101e-05	
11855	12928	2748	30.7798	33.5577	2107	30	7	635	13	75	513	6	1.16663	966920	6.63086e-05	
11878	12889	2760	37	29.839	2116	30	6	610	24	69	513	5	1.0988	985837	6.58111e-05	
11923	12598	2736	37	30.4319	2038	31	9	631	21	86	459	5	1.77898	850319	6.81431e-05	
11885	12594	2751	36.4431	29.1438	2160	31	9	639	16	82	509	5	0.699813	1.21988e+06	6.4914e-05	
11747	12684	2708	32.5461	29.4056	2078	30	7	614	8	70	523	5	0.965473	1.07869e+06	6.4e-05	
11909	13324	2776	35.454	34.1936	2151	30	6	647	24	90	513	5	1.65765	853871	6.7627e-05	
11878	12889	2786	37	29.839	2116	30	6	609	24	76	513	5	1.10915	991781	6.5189e-05	
12049	13167	2780	28.2608	29.3239	2113	28	5	609	16	85	514	4	1.25631	1.15435e+06	5.91646e-05	
11778	13110	2732	32.5308	28.5458	2067	29	9	644	5	88	502	5	1.49789	989252	6.24259e-05	
12055	12664	2726	34.4118	34.1427	2075	31	4	623	20	89	520	4	0.57458	1.23484e+06	7.34646e-05	
11875	12550	2776	37	30.0608	2115	30	9	600	10	63	483	6	0.661379	1.19362e+06	6.7944e-05	
11866	13147	2734	34.3768	32.1181	2059	31	5	627	9	86	523	5	1.44448	908869	6.62471e-05	
11836	12879	2708	29.1777	28.169	2118	29	10	641	7	64	516	5	1.10454	1.13605e+06	6.09533e-05	
11960	13350	2765	34.1264	34.1971	2036	29	8	626	21	84	508	4	1.62281	853910	6.7714e-05	
11625	12744	2746	32.3296	31.9444	2110	30	8	650	13	69	520	5	1.20343	948142	6.63922e-05	
11900	12550	2797	32.8194	25.1814	2109	30	4	618	0	78	465	4	0.631582	1.4852e+06	6.50999e-05	
11816	13264	2776	33.6014	34.1936	2157	31	6	649	23	90	510	5	1.68765	866336	6.73809e-05	
12058	13160	2761	33.1915	29.6039	2154	30	7	635	18	62	521	4	1.2379	1.02606e+06	6.24415e-05	
12046	13483	2747	36.8814	29.5584	2068	28	5	642	25	77	517	5	1.69146	946339	6.39795e-05	
11847	12871	2729	31.3442	25.1034	2008	28	8	626	0	81	513	5	1.09434	1.21209e+06	5.86304e-05	
12070	13158	2780	28.2608	29.3239	2132	28	5	618	11	85	508	4	1.21767	1.16885e+06	5.90807e-05	
11802	12742	2722	36.6214	30.9324	2049	32	9	608	0	81	519	4	0.983389	956552	6.77645e-05	
12097	12550	2754	34.7816	33.9695	2050	32	8	606	18	65	511	6	0.380614	1.09755e+06	0.000123084	
11836	13293	2776	35.8866	32.3683	2148	31	6	636	24	83	524	5	1.70512	878005	6.65602e-05	
11918	13496	2732	32.9349	26.8225	2009	29	7	631	20	82	521	5	1.85343	1.03243e+06	6.04595e-05	
11918	12786	2723	33.2759	27.52	2097	28	8	649	17	71	520	6	0.897977	1.19504e+06	6.11471e-05	
11470	12590	2723	35.0519	32.0556	2055	28	7	624	32	70	505	4	1.18016	891282	6.94203e-05	
11977	12711	2795	32.4344	26.3425	2136	32	7	646	15	81	471	4	0.746952	1.37327e+06	6.18162e-05	
11952	13167	2790	31.1232	28.9843	2132	29	5	614	14	85	514	5	1.38993	1.06916e+06	6.02446e-05	
11914	12851	2727	37	29.8755	2020	30	8	642	29	75	495	5	0.992123	987852	6.67869e-05	
11978	12928	2707	37	28.6465	2037	29	9	615	8	86	500	4	1.00788	1.01802e+06	6.47124e-05	
12032	12624	2754	35.9522	29.9889	2050	32	8	606	12	65	519	6	0.558168	1.29137e+06	7.17824e-05	
11776	12557	2789	34.3311	32.1151	2126	28	5	624	23	88	467	5	0.793857	1.1162e+06	6.67156e-05	
11801	13364	2772	35.6934	32.0838	2150	29	6	617	24	83	496	5	1.84348	876255	6.68717e-05	
11960	13193	2775	34.1264	34.3514	2036	31	8	622	22	77	508	4	1.41252	861351	6.85448e-05	
11892	13044	2748	35.6237	33.2096	2089	28	5	610	11	86	520	6	1.2826	898074	6.74172e-05	
12017	13167	2780	31.1232	29.3239	2132	29	5	614	14	85	514	4	1.30396	1.07523e+06	6.04047e-05	
11811	13034	2738	35.4877	35	2004	29	8	625	35	76	506	5	1.36279	828507	7.09572e-05	
12043	13496	2778	36.8304	29.8755	2020	30	8	634	31	83	499	5	1.73249	914855	6.48929e-05	
11882	12852	2708	29.1777	29.2098	2118	30	9	641	7	64	516	5	1.01412	1.15124e+06	6.20309e-05	
11766	13034	2738	35.4877	34.6526	2101	29	8	619	35	69	506	5	1.41712	830240	7.07164e-05	
12100	13305	2763	28.0406	27.5761	2120	29	6	639	15	81	508	5	1.37289	1.17118e+06	5.78436e-05	
11701	13083	2700	35.8924	34.7777	2054	31	8	630	3	72	507	6	1.53932	804786	7.23118e-05	
11594	13220	2759	36.2231	34.2686	2057	31	9	650	22	86	501	4	1.8876	806964	7.12454e-05	
12020	12655	2743	33.5084	27.1606	2005	30	10	613	20	80	517	5	0.608733	1.36475e+06	6.71592e-05	
12007	13059	2729	29.1131	27.7132	2073	28	10	609	16	70	507	5	1.14301	1.16344e+06	5.97229e-05	
11840	12680	2760	35.1798	28.3106	2120	31	5	644	3	72	516	5	0.868494	1.16094e+06	6.32591e-05	
11889	12880	2800	34.3768	25.7692	2034	28	5	627	4	79	523	5	1.08703	1.19554e+06	5.93331e-05	
11978	13323	2758	27.5309	27.8929	2105	29	4	629	20	81	514	5	1.5447	1.14762e+06	5.82785e-05	
11925	12865	2734	35.5827	32.5051	2053	31	9	630	34	81	462	6	0.998849	937413	6.9377e-05	
11975	13131	2723	36.3598	31.7318	2097	30	7	616	27	79	494	4	1.28643	899837	6.73083e-05	
11820	12738	2714	35.4453	33.1733	2084	28	8	631	2	85	473	5	0.953025	944099	6.91372e-05	
11954	12550	2776	34.9657	32.8274	2115	30	9	602	10	63	463	6	0.562351	1.23443e+06	7.4599e-05	
12100	13305	2763	28.0406	27.5761	2120	29	6	639	15	81	501	5	1.37289	1.16747e+06	5.80754e-05	
11782	12581	2728	32.98	25.7194	2052	30	6	620	20	87	522	5	0.7985	1.32967e+06	6.03682e-05	
11838	13415	2775	36.1124	34.1971	2102	30	9	626	22	77	507	4	1.8712	820962	6.93914e-05	
12029	12955	2765	36.341	28.6465	2094	29	9	615	17	87	489	4	1.00195	1.0573e+06	6.33633e-05	
11876	12709	2767	35.4825	33.7635	2160	30	4	627	28	75	512	4	0.864834	1.01694e+06	6.80643e-05	
11503	13019	2743	36.5832	34.9641	2000	32	6	616	20	74	529	5	1.71425	793006	7.33837e-05	
11625	12744	2734	31.8294	31.9444	2110	30	8	649	13	70	520	5	1.19736	954662	6.62603e-05	
11687	12757	2700	33.7496	34.4558	2108	32	9	617	24	65	464	5	1.12887	858468	7.31101e-05	
12029	12940	2730	37	28.6465	2018	29	9	627	8	87	471	4	0.969782	1.03565e+06	6.49899e-05	
11695	12791	2709	34.2791	28.3611	2097	30	9	639	32	75	517	4	1.16769	998618	6.40861e-05	
11908	13500	2734	28.6699	25.4784	2084	28	10	636	33	75	469	5	1.86338	1.11604e+06	5.91821e-05	
12043	12737	2778	37	29.8755	2020	30	8	634	23	79	499	5	0.698661	1.20908e+06	6.57117e-05	
11847	13051	2720	35.4877	35	2101	29	8	619	35	73	496	5	1.33306	830026	7.10278e-05	
11089	12625	2793	24.2754	34.5658	2054	32	6	603	21	77	523	4	1.11445	983871	6.50745e-05	
12056	12748	2729	35.0781	25.4408	2045	31	7	619	33	72	485	4	0.683458	1.38276e+06	6.31398e-05	
11856	12879	2714	31.3126	28.6683	2118	30	8	641	7	64	519	5	1.08789	1.08695e+06	6.2282e-05	
12054	12578	2700	35.1798	26.2808	2001	31	6	647	34	71	509	5	0.46142	1.32222e+06	8.52878e-05	
11994	12887	2763	36.7496	35	2091	32	9	617	23	67	474	5	0.954133	898528	7.23785e-05	
11801	13123	2772	35.6934	32.0838	2150	29	6	609	23	83	496	5	1.51273	889967	6.69344e-05	
11626	12786	2716	35.5728	33.8522	2119	32	5	626	23	87	503	5	1.24703	859823	7.04771e-05	
11783	13083	2763	36.6244	35	2022	30	8	624	21	70	504	5	1.47617	810413	7.18597e-05	
11853	12720	2711	37	33.7635	2160	31	4	613	4	75	496	5	0.89005	951375	7.04374e-05	
11625	12744	2746	32.3911	31.9444	2110	30	8	649	13	68	504	5	1.20352	942302	6.69613e-05	
11820	12740	2728	35.4453	33.8391	2084	28	8	633	9	85	473	5	0.960539	931835	6.96718e-05	
12070	13231	2780	28.2608	29.3239	2132	28	4	609	17	85	515	4	1.31777	1.14665e+06	5.89831e-05	
11802	12742	2787	35.5601	30.9324	2049	32	9	610	0	81	481	4	1.00621	975020	6.72857e-05	
11907	12887	2700	33.7496	34.4558	2108	32	9	617	23	67	474	5	1.03504	898048	7.1495e-05	
11989	13402	2790	21.8243	25	2014	29	8	621	12	76	518	5	1.61495	1.48487e+06	5.44366e-05	
11811	13009	2706	37	34.7777	2015	30	7	619	21	82	507	5	1.31481	817947	7.17875e-05	
12046	13300	2751	36.8814	29.3285	2068	29	5	642	25	74	528	5	1.44189	969073	6.37267e-05	
11787	13364	2764	35.6934	32.0838	2150	29	7	615	25	80	499	5	1.85523	870401	6.71366e-05	
11938	12720	2711	36.3653	33.7635	2160	30	4	635	34	75	520	4	0.787215	1.04031e+06	6.87521e-05	
12046	13483	2738	34.0839	29.5584	2068	29	5	642	25	76	516	5	1.68386	971870	6.27786e-05	
11688	12578	2760	30.5773	26.1479	2041	29	4	639	28	69	514	5	0.913652	1.29926e+06	5.98408e-05	
11878	12759	2775	35.4757	30.4598	2117	29	7	609	23	80	516	6	0.930916	1.05997e+06	6.46496e-05	
12088	12689	2745	34.6706	32.3186	2088	31	6	617	22	71	492	5	0.570451	1.26045e+06	7.31743e-05	
12054	12578	2741	35.1798	25	2160	31	8	649	4	71	491	5	0.468426	1.34835e+06	8.39067e-05	
11868	12622	2779	34.826	31.9759	2142	30	6	604	17	86	470	6	0.763448	1.13279e+06	6.68941e-05	
11776	12557	2789	34.3311	32.1151	2072	28	5	622	21	88	498	5	0.793857	1.12753e+06	6.60328e-05	
11868	12622	2789	34.826	31.9759	2142	30	6	604	17	86	470	6	0.766195	1.13523e+06	6.6769e-05	
11746	13324	2776	36.6186	34.035	2157	31	6	647	26	90	510	5	1.85854	832135	6.91611e-05	
11866	13147	2714	34.3768	32.1181	2034	28	5	627	13	86	523	5	1.43391	909099	6.61113e-05	
12076	12895	2756	33.7088	27.7565	2134	31	9	614	27	81	485	6	0.858203	1.21471e+06	6.1862e-05	
12013	13305	2758	27.8978	27.5761	2120	29	5	638	15	73	501	5	1.47808	1.14891e+06	5.85995e-05	
12007	13004	2729	34.9048	27.9542	2100	28	10	610	21	70	511	4	1.07978	1.05645e+06	6.23986e-05	
11885	12550	2740	32.9028	29.1438	2036	31	9	639	19	85	520	5	0.637105	1.31165e+06	6.67601e-05	
11882	13083	2702	33.6966	27.7309	2132	31	8	619	2	90	503	4	1.32288	1.01919e+06	6.22161e-05	
12013	13323	2758	27.1444	27.5761	2112	29	4	629	20	81	514	5	1.4998	1.17713e+06	5.77201e-05	
12069	12871	2710	32.941	25.4482	2008	31	7	626	34	81	513	5	0.82018	1.33951e+06	6.00709e-05	
11888	12664	2719	37	35	2085	32	5	642	16	89	520	4	0.778181	1.00057e+06	7.06265e-05	
12046	13483	2751	37	29.5584	2092	30	6	649	24	73	516	5	1.69398	934992	6.44621e-05	
11961	12934	2740	31.1122	25.6182	2089	28	7	645	1	81	530	4	1.0425	1.26271e+06	5.74185e-05	
11911	12718	2700	35.0781	26.4788	2115	31	7	621	34	72	489	4	0.813101	1.22113e+06	6.31393e-05	
12100	12805	2734	32.9514	25	2036	31	9	622	28	81	513	5	0.70255	1.42904e+06	6.13384e-05	
11887	12641	2760	35.1798	28.8214	2119	30	5	644	3	84	497	5	0.759992	1.23373e+06	6.35042e-05	
11876	12899	2711	35.4825	33.7635	2157	30	4	619	24	75	520	4	1.09389	913245	6.86248e-05	
11698	12552	2717	34.9319	29.2043	2078	29	7	608	10	69	523	5	0.860557	1.0913e+06	6.51508e-05	
11885	12550	2740	36.4431	29.1438	2076	31	9	639	19	81	530	5	0.640351	1.25662e+06	6.60502e-05	
11911	12655	2743	33.5084	27.1606	2005	30	10	613	20	80	452	5	0.742532	1.2591e+06	6.42756e-05	
11888	12778	2718	33.4716	33.7298	2104	32	7	642	16	74	520	4	0.922474	987482	6.81803e-05	
11909	12784	2711	35.6938	30.5824	2067	28	7	606	8	63	476	5	0.904576	1.01979e+06	6.75493e-05	
12005	12691	2752	34.1479	32.1391	2029	29	9	629	3	76	515	6	0.676922	1.21199e+06	6.7254e-05	
11937	13171	2713	36.7609	30.3472	2145	30	9	608	5	82	483	5	1.38137	907182	6.66045e-05	
11833	12781	2759	35.8239	33.955	2097	31	9	627	0	68	485	5	1.00982	905104	7.06614e-05	
12082	13172	2770	26.941	26.149	2080	30	6	627	21	90	500	6	1.21217	1.29759e+06	5.6802e-05	
11976	13103	2776	29.2765	28.7023	2096	29	10	602	31	77	515	5	1.2615	1.10796e+06	5.99988e-05	
12054	12578	2741	35.1798	25	2160	31	6	650	4	70	497	5	0.468426	1.36338e+06	8.38715e-05	
11979	12703	2725	36.6214	30.8714	2049	32	9	610	0	81	503	4	0.719434	1.12995e+06	6.73129e-05	
11840	13350	2775	36.1124	34.1971	2036	30	9	617	22	77	508	4	1.77851	820271	6.97545e-05	
12035	12861	2733	34.8839	25.1034	2041	31	8	628	23	81	513	5	0.857987	1.28647e+06	6.02664e-05	
12070	13283	2780	28.2608	29.3239	2126	29	4	622	17	85	513	6	1.38942	1.12827e+06	5.91541e-05	
11874	12967	2769	35.0461	25.5479	2038	28	5	633	25	86	515	4	1.21045	1.14545e+06	5.99413e-05	
11883	12871	2738	32.4113	25	2008	29	8	624	26	80	498	5	1.056	1.20526e+06	5.96232e-05	
11990	13376	2772	31.1232	32.6626	2132	29	5	614	14	83	514	4	1.62125	942704	6.40123e-05	
12089	13246	2780	34.0673	29.3239	2142	28	4	608	17	85	499	4	1.32654	1.03806e+06	6.16865e-05	
11908	12871	2717	32.3271	25.1034	2008	29	8	624	26	80	498	5	1.01756	1.21539e+06	5.97979e-05	
11434	12712	2730	36.383	35	2116	31	7	635	18	85	485	5	1.38371	805396	7.35835e-05	
11773	13351	2755	29.8557	31.4547	2122	31	8	645	16	74	527	5	1.83972	950689	6.38162e-05	
11938	13162	2733	29.4263	30.767	2046	29	9	618	8	88	508	6	1.36797	1.01192e+06	6.26253e-05	
11765	12742	2722	36.6214	30.9324	2049	32	9	608	0	81	519	4	1.02777	939919	6.79579e-05	
12056	12748	2713	35.0781	25.4408	2013	31	7	619	34	72	485	4	0.679451	1.37512e+06	6.35122e-05	
11871	12915	2753	35.8113	33.9908	2087	32	4	638	12	67	516	5	1.13843	895722	6.96816e-05	
12100	13427	2756	27.9034	28.3784	2117	28	6	617	19	71	490	5	1.53692	1.11927e+06	5.93789e-05	
11911	12718	2708	35.0781	25.4408	2110	31	8	619	34	71	494	4	0.81551	1.25261e+06	6.21581e-05	
11881	12771	2788	33.2122	33.2645	2066	31	8	611	15	78	516	5	0.945261	1.01404e+06	6.68494e-05	
11688	12578	2747	31.8551	26.1479	2038	29	5	616	28	69	512	5	0.911816	1.2512e+06	6.07497e-05	
11954	12579	2776	35.3388	30.1792	2100	30	10	600	8	63	463	6	0.600466	1.26888e+06	7.00525e-05	
11780	12961	2716	30.7449	29.7356	2109	29	9	628	21	87	498	4	1.28637	1.0112e+06	6.2901e-05	
11980	13123	2786	33.4882	32.85	2086	28	5	622	23	79	502	5	1.29652	939234	6.55566e-05	
12097	12550	2754	34.8449	33.6601	2139	32	8	606	19	65	490	6	0.380669	1.10172e+06	0.000122489	
11871	12827	2753	33.9551	32.8918	2087	31	7	640	12	70	502	4	1.02026	962749	6.77231e-05	
11914	12851	2748	37	29.8755	2020	30	8	642	31	86	495	5	0.999763	996587	6.60066e-05	
11965	13126	2733	32.7441	28.1291	2048	29	4	641	23	77	495	5	1.29327	1.06291e+06	6.1885e-05	
12017	13167	2780	31.1232	33.3852	2132	29	6	614	14	86	517	4	1.30396	962723	6.44662e-05	
11690	12712	2779	35.216	26.4251	2150	28	7	601	8	81	510	5	1.10013	1.10908e+06	6.16561e-05	
11843	12710	2752	33.8839	32.2847	2049	29	9	639	8	79	465	6	0.900286	1.01664e+06	6.7861e-05	
11802	12742	2785	35.5601	30.9324	2049	32	9	610	0	81	481	4	1.00549	974616	6.73129e-05	
11928	13104	2772	26.4964	25.6318	2031	30	4	628	8	81	521	5	1.31006	1.29458e+06	5.64207e-05	
11908	12871	2729	32.941	25.1034	2019	31	8	628	26	81	509	5	1.02293	1.20195e+06	6.00817e-05	
12051	12686	2737	35.1798	26.2808	2001	31	6	647	3	71	497	5	0.611036	1.40662e+06	6.61463e-05	
12021	13059	2729	31.1457	27.9542	2073	32	10	609	16	73	507	5	1.13069	1.09359e+06	6.18276e-05	
11885	12726	2740	33.4031	29.1438	2036	31	4	639	19	85	520	5	0.865589	1.18e+06	6.29683e-05	
11853	12720	2711	35.4825	33.7635	2160	31	4	627	35	75	520	4	0.889173	981724	6.88705e-05	
11990	13200	2787	31.1232	29.3239	2132	29	5	615	14	83	520	5	1.38635	1.06247e+06	6.03573e-05	
11945	13008	2748	35.7186	28.7488	2117	30	8	643	1	67	512	5	1.16957	1.00681e+06	6.38488e-05	
12036	12641	2770	35.1798	31.4609	2138	31	5	640	3	79	497	5	0.578107	1.28946e+06	7.10379e-05	
11954	12579	2776	35.3388	31.1887	2115	30	9	600	7	63	463	6	0.600466	1.24921e+06	7.07414e-05	
11722	12822	2733	24.0112	26.0068	2046	29	6	650	1	81	520	6	1.15153	1.4285e+06	5.69249e-05	
12100	12961	2796	33.1986	25.0735	2109	31	8	628	8	83	501	5	0.928884	1.31797e+06	5.82615e-05	
12013	13305	2758	28.0406	27.5761	2120	29	4	638	15	80	501	5	1.4786	1.1523e+06	5.83976e-05	
12086	13281	2783	32.2974	30.2315	2120	29	10	612	34	65	494	5	1.37774	990531	6.31792e-05	
11631	12599	2793	32.8309	32.3784	2025	31	10	644	27	84	511	4	1.02563	979020	6.70017e-05	
12076	13163	2774	28.4676	26.01	2080	31	7	633	13	87	512	5	1.21505	1.24228e+06	5.70907e-05	
11776	12629	2789	34.3311	32.1151	2126	28	5	624	25	88	499	5	0.888394	1.06536e+06	6.57462e-05	
12006	13496	2732	32.9349	26.8225	2009	29	7	631	21	82	521	5	1.74587	1.04295e+06	6.00817e-05	
12100	13208	2770	31.4222	25	2071	32	7	620	21	88	511	5	1.25215	1.20545e+06	5.77267e-05	
12082	13163	2774	26.941	26.01	2080	30	7	632	21	87	498	5	1.20163	1.30122e+06	5.68085e-05	
11902	12712	2779	33.1197	29.0216	2141	28	7	601	8	81	487	5	0.838035	1.21072e+06	6.24142e-05	
11905	12915	2753	34.0444	33.9908	2067	30	4	638	15	88	503	5	1.09531	940451	6.76682e-05	
11885	12598	2745	36.4431	29.1438	2053	30	9	639	27	82	508	5	0.703457	1.20429e+06	6.53083e-05	
11615	12777	2790	33.2083	33.0464	2125	30	5	635	5	86	516	4	1.28001	924839	6.66756e-05	
11773	13266	2755	29.8557	31.3057	2158	31	8	645	20	70	527	5	1.72321	960371	6.36335e-05	
11847	12669	2720	36.023	33.5742	2032	30	8	600	21	75	496	6	0.833886	978071	7.03779e-05	
11908	12871	2729	32.941	25.1034	2008	31	8	626	26	81	513	5	1.02293	1.20299e+06	6.00384e-05	
12028	12830	2736	33.0457	27.4858	2096	31	8	612	3	75	503	4	0.824845	1.25075e+06	6.16105e-05	
11956	12730	2709	32.941	27.211	2027	31	7	620	34	81	506	5	0.774618	1.28226e+06	6.22859e-05	
11826	13071	2700	34.4508	29.4614	2109	28	9	650	10	88	506	5	1.37387	953141	6.39427e-05	
11773	13351	2755	32.8729	33.0173	2145	31	8	645	15	74	523	5	1.84545	877824	6.66844e-05	
11845	13110	2750	35.6188	30.8294	2067	29	9	638	5	88	502	5	1.42964	909567	6.56168e-05	
11853	12639	2700	34.9768	33.7635	2102	31	5	627	18	75	529	4	0.78151	1.04741e+06	6.88516e-05	
11899	12784	2711	35.9978	30.5824	2070	28	7	606	8	63	476	6	0.916842	1.01092e+06	6.77966e-05	
11885	12550	2740	36.4431	29.1438	2053	31	9	639	19	82	520	5	0.640351	1.25198e+06	6.63218e-05	
11891	12922	2762	36.4424	33.2847	2130	32	5	634	26	85	507	5	1.12733	912125	6.82734e-05	
11908	12822	2729	30.5615	25.1798	2008	30	8	624	26	79	513	5	0.954587	1.29483e+06	5.87993e-05	
12070	13283	2780	29.5991	28.5977	2126	29	4	622	17	85	513	6	1.3935	1.12198e+06	5.89449e-05	
11888	12664	2719	37	34.1873	2085	32	6	642	2	89	520	4	0.778181	1.01477e+06	6.97885e-05	
11961	12903	2740	29.2836	25.6182	2021	28	8	643	9	84	484	4	0.997165	1.29705e+06	5.84761e-05	
12005	12691	2752	34.1479	33.3694	2029	29	9	629	3	76	515	6	0.676922	1.18296e+06	6.83667e-05	
11982	13228	2750	35.2843	32.7939	2079	31	8	649	4	86	481	4	1.42128	875665	6.76407e-05	
12028	13276	2736	33.0457	27.4858	2096	31	8	607	3	75	503	4	1.4203	1.03691e+06	6.14968e-05	
11961	12831	2773	29.2836	25.6182	2037	28	6	645	1	81	506	4	0.913135	1.39112e+06	5.74845e-05	
11809	12905	2783	35.6626	29.0288	2008	30	9	616	22	84	511	5	1.21371	977210	6.43998e-05	
11737	12998	2800	30.4637	27.2675	2109	29	8	650	9	88	502	4	1.42875	1.08549e+06	5.95841e-05	
12042	12859	2727	35.0523	27.7565	2137	32	9	614	27	81	480	6	0.845026	1.17046e+06	6.34276e-05	
12014	12916	2716	33.748	28.7648	2098	30	9	629	21	88	502	4	0.949167	1.10718e+06	6.24766e-05	
12033	12688	2736	31.8197	28.6804	2138	31	6	630	7	88	510	4	0.631536	1.36063e+06	6.74536e-05	
12068	12951	2706	33.5926	29.1827	2140	30	6	637	12	84	477	6	0.925485	1.12498e+06	6.33032e-05	
12089	12882	2721	35.5107	35	2100	28	6	608	8	62	522	5	0.815921	1.00901e+06	6.96233e-05	
11840	13416	2762	36.1899	32.924	2156	30	9	626	22	77	508	5	1.86142	843902	6.80365e-05	
11842	12709	2767	35.1974	33.7635	2160	30	4	627	28	75	506	4	0.906342	994471	6.82361e-05	
11885	12999	2740	33.4031	32.7213	2036	29	9	647	19	67	520	5	1.22528	919097	6.6921e-05	
11783	13083	2772	35.8924	35	2022	29	8	626	21	75	504	6	1.48055	823196	7.08717e-05	
11717	12791	2708	35.7467	26.9117	2016	29	9	634	30	75	513	4	1.14238	1.02055e+06	6.391e-05	
11882	12852	2704	30.6453	25.8487	2118	29	9	627	9	64	516	5	1.01623	1.22455e+06	5.93472e-05	
11709	13216	2744	37	34.8873	2097	32	4	625	1	76	504	5	1.73481	807658	7.20409e-05	
11730	12670	2713	35.4453	33.1733	2084	29	8	631	2	85	473	5	0.972585	927338	6.97739e-05	
11994	12887	2763	34.9932	35	2073	32	9	628	26	68	474	5	0.952975	921164	7.15666e-05	
12036	12961	2785	33.1986	25.1281	2000	30	8	628	8	83	501	5	1.00568	1.24629e+06	5.89831e-05	
12029	12955	2761	36.5134	25.6232	2106	29	9	615	10	87	489	4	1.0006	1.15837e+06	6.09496e-05	
11946	13165	2758	36.3543	26.7694	2056	28	7	638	14	81	530	4	1.38483	1.04062e+06	6.12182e-05	
12014	12916	2711	33.748	28.7648	2098	29	9	629	21	86	496	4	0.947419	1.10515e+06	6.25626e-05	
11737	13040	2799	30.4637	27.9747	2109	30	8	650	9	88	506	4	1.48546	1.05519e+06	6.02882e-05	
12036	12641	2760	35.1798	30.0301	2138	31	5	644	3	72	497	5	0.57602	1.31781e+06	7.03581e-05	
11875	12550	2774	36.9582	30.0608	2115	30	9	600	10	63	463	6	0.660883	1.18493e+06	6.86625e-05	
11931	13005	2765	28.8578	28.9846	2076	28	10	648	27	82	511	5	1.17865	1.12898e+06	6.00817e-05	
11838	13415	2775	36.1124	34.1971	2105	30	9	626	17	79	512	4	1.8712	822613	6.91419e-05	
12043	12622	2735	35.3772	30.4912	2015	32	8	642	14	76	494	5	0.537795	1.27419e+06	7.45879e-05	
11994	12893	2763	36.7496	35	2091	32	9	625	23	67	474	5	0.962122	895373	7.23589e-05	
11719	13089	2746	26.8468	28.9846	2076	28	6	640	27	82	507	6	1.27257	1.18115e+06	5.81058e-05	
11882	12852	2704	30.6453	25.8487	2118	29	9	627	9	72	516	5	1.01623	1.22707e+06	5.9011e-05	
11636	12775	2746	36.4094	30.4681	2083	29	8	631	30	85	499	6	1.23496	918492	6.71953e-05	
11881	13083	2702	33.28	27.7309	2132	31	7	619	2	90	495	4	1.32359	1.0303e+06	6.21852e-05	
12007	12953	2716	36.649	25	2025	29	9	629	21	88	498	4	1.00859	1.15247e+06	6.12407e-05	
11718	12720	2711	36.3653	33.7635	2160	30	4	635	35	75	520	4	1.05105	900912	6.98861e-05	
11985	13402	2790	21.8243	25	2014	29	8	621	12	75	529	5	1.61995	1.48756e+06	5.41506e-05	
12100	13167	2780	31.1232	29.3239	2132	29	5	614	14	85	514	4	1.1999	1.1093e+06	6.00889e-05	
11911	12718	2713	35.0781	25.4408	2013	31	7	619	34	72	485	4	0.817015	1.2483e+06	6.28733e-05	
11766	13034	2738	36.0322	34.6526	2101	29	8	619	35	64	506	5	1.41748	823181	7.13063e-05	
12100	13155	2784	29.9185	29.4313	2097	30	6	635	31	73	482	5	1.18248	1.11012e+06	6.15688e-05	
12097	12624	2754	35.9522	33.9695	2050	32	8	609	10	75	511	6	0.477397	1.20099e+06	8.52878e-05	
11918	13403	2732	33.0239	26.8225	2012	29	7	631	20	74	521	5	1.7258	1.03516e+06	6.07644e-05	
11918	13403	2725	33.0239	26.8225	2012	29	7	631	20	74	521	5	1.72137	1.03391e+06	6.08458e-05	
11615	12679	2790	35.3322	34.0438	2059	31	5	635	6	86	463	4	1.15207	880360	7.08366e-05	
11725	12962	2729	31.1101	27.9542	2100	28	10	610	21	66	507	4	1.36056	1.03366e+06	6.18965e-05	
11773	13351	2764	29.8557	31.3057	2145	31	8	645	15	89	520	5	1.84573	960392	6.30597e-05	
11631	12859	2778	33.9647	30.57	2042	31	5	623	6	81	530	6	1.36523	951695	6.52912e-05	
12100	12689	2746	34.6706	32.3186	2088	31	6	617	22	71	492	5	0.555754	1.26057e+06	7.45879e-05	
11856	12896	2714	31.3126	27.6398	2118	30	8	641	13	64	519	5	1.11012	1.1108e+06	6.13459e-05	
11954	12681	2780	34.9657	30.0608	2115	30	9	640	12	63	463	6	0.734917	1.18047e+06	6.67111e-05	
12014	12845	2724	33.748	31.476	2088	28	9	634	21	71	496	4	0.858832	1.08309e+06	6.54965e-05	
11826	13067	2700	34.4508	27.2675	2109	29	9	650	9	88	506	5	1.3686	1.01205e+06	6.21852e-05	
11816	13071	2764	36.6186	32.8154	2150	31	8	636	25	79	523	5	1.42024	865409	6.79348e-05	
11848	12591	2738	35.3677	33.4094	2000	29	6	624	6	67	464	6	0.736905	1.06249e+06	7.08968e-05	
12054	12578	2741	35.1798	25	2160	31	6	650	4	71	497	5	0.468426	1.3632e+06	8.38785e-05	
11374	13274	2721	36.5617	34.4242	2076	32	9	643	9	69	512	5	2.19167	779454	7.4162e-05	
11866	13147	2797	34.3768	32.1181	2034	28	5	627	4	86	523	5	1.47777	923965	6.50703e-05	
11885	12598	2740	36.4431	29.1438	2053	31	9	639	19	82	509	5	0.702175	1.2e+06	6.55609e-05	
11829	12955	2707	37	28.6465	2018	29	6	615	8	86	500	4	1.22281	970525	6.54536e-05	
11688	12659	2734	31.8551	25.5381	2122	29	5	616	28	69	512	5	1.01197	1.2252e+06	5.99484e-05	
11944	12758	2795	32.5608	26.3425	2136	32	7	620	15	83	471	4	0.850941	1.29265e+06	6.08125e-05	
11688	12578	2734	31.8551	26.1479	2122	29	5	616	28	69	512	5	0.9075	1.25809e+06	6.04778e-05	
11866	13097	2734	34.3768	32.1181	2026	31	5	627	9	86	523	5	1.37742	912955	6.64496e-05	
11802	12742	2722	31.4773	29.216	2049	32	9	610	9	81	519	4	0.977831	1.09386e+06	6.3484e-05	
11722	12844	2733	24.0112	26.0068	2046	29	7	650	1	81	522	6	1.18038	1.40712e+06	5.68958e-05	
11976	12778	2745	36.8748	28.3846	2109	32	10	633	4	61	495	5	0.826586	1.10624e+06	6.59283e-05	
11967	13167	2780	34.6476	29.3033	2132	29	5	614	14	85	498	4	1.37125	1.00344e+06	6.2637e-05	
11818	13156	2722	36.4726	30.9324	2053	32	9	611	33	88	514	4	1.5096	876405	6.74127e-05	
12012	12953	2716	33.748	26.1382	2025	29	9	629	21	88	505	4	1.0002	1.16398e+06	6.03282e-05	
12003	13219	2780	26.8732	27.362	2030	30	6	618	1	78	526	5	1.37961	1.20011e+06	5.77834e-05	
12070	13167	2778	29.5932	29.3239	2132	28	8	609	14	85	514	4	1.23316	1.11586e+06	5.95877e-05	
12097	12550	2754	34.8449	33.9695	2050	32	8	606	19	65	490	6	0.380669	1.10012e+06	0.000122684	
11954	12579	2776	35.3388	31.1887	2101	30	9	600	7	63	463	6	0.600466	1.24793e+06	7.07914e-05	
11730	12723	2720	35.4453	33.1733	2084	29	8	620	10	90	517	5	1.04352	919774	6.84676e-05	
11848	12703	2725	36.6214	29.6369	2051	32	9	610	0	81	495	4	0.878489	1.0311e+06	6.68599e-05	
11847	13034	2759	35.4877	34.6526	2101	29	8	619	35	73	496	5	1.32931	845344	7.01213e-05	
12012	12916	2717	33.748	32.5516	2083	31	9	636	14	88	508	4	0.951957	1.00587e+06	6.61989e-05	
11970	13305	2763	28.0406	27.5761	2120	29	7	639	15	81	501	5	1.53457	1.12864e+06	5.85686e-05	
11941	13104	2772	26.4964	25.6318	2022	30	4	628	8	79	521	5	1.29397	1.30014e+06	5.64812e-05	
12013	13305	2758	28.8562	27.5761	2116	29	4	630	23	81	514	5	1.48131	1.14006e+06	5.82954e-05	
11701	13083	2700	35.8924	34.7777	2015	31	8	619	21	72	507	6	1.53932	801716	7.26639e-05	
12039	13016	2744	33.3625	32.4407	2071	28	5	640	23	61	495	5	1.06065	992825	6.64894e-05	
12032	12624	2754	35.9522	29.9889	2050	32	8	606	7	65	519	6	0.558168	1.2923e+06	7.17772e-05	
11977	12711	2795	32.4344	26.3425	2136	32	7	633	15	81	471	4	0.746952	1.37361e+06	6.17742e-05	
11895	13140	2797	34.5717	26.9996	2045	29	8	636	5	90	515	5	1.43229	1.04496e+06	6.05364e-05	
11858	13223	2748	28.9044	25.1004	2051	30	10	613	20	89	527	5	1.55448	1.15448e+06	5.72181e-05	
11878	12759	2793	36.4008	28.6518	2116	30	6	609	23	76	513	5	0.937557	1.09952e+06	6.36699e-05	
11961	12778	2740	31.1122	25.6915	2067	28	7	645	1	79	530	4	0.837067	1.38474e+06	5.8126e-05	
11981	12935	2716	35.183	26.1382	2025	29	8	629	21	73	496	4	1.01567	1.12752e+06	6.20001e-05	
11738	12557	2759	34.826	31.4052	2160	29	6	600	23	86	450	5	0.831877	1.06345e+06	6.76178e-05	
11916	13042	2760	35.8018	30.1292	2021	28	7	643	35	74	522	6	1.25614	959946	6.46705e-05	
11089	12651	2739	34.9908	33.9733	2000	31	9	616	3	65	466	6	1.7061	792239	7.62544e-05	
11985	13402	2786	21.8243	25	2014	29	8	621	12	75	529	5	1.61763	1.48649e+06	5.41888e-05	
11987	13317	2800	36.4496	31.5609	2126	29	10	624	33	89	501	4	1.56527	890704	6.53595e-05	
11542	13469	2748	36.9185	29.9058	2081	31	6	623	5	83	495	5	0.934606	1.14418e+06	6.22859e-05	
11899	12718	2716	35.0781	25.4408	2110	31	7	617	31	72	476	4	0.83243	1.24473e+06	6.2637e-05	
11854	13019	2760	30.8199	28.9846	2066	28	9	630	17	82	504	6	1.29484	1.04766e+06	6.14137e-05	
11918	12550	2754	34.7816	29.4142	2067	32	8	649	18	65	511	5	0.601994	1.29571e+06	6.88516e-05	
11884	12594	2751	34.8843	29.1438	2147	31	9	639	16	80	509	5	0.699949	1.24835e+06	6.4487e-05	
11816	13071	2776	36.6186	33.1328	2150	31	6	616	25	79	510	5	1.4264	865228	6.84556e-05	
11840	13350	2775	37	31.9466	2036	30	9	618	20	77	502	4	1.77898	850319	6.81431e-05	
11899	12803	2795	34.2525	26.3425	2128	32	7	620	15	81	477	4	0.969216	1.17874e+06	6.16067e-05	
11842	12918	2741	36.7496	34.4295	2108	32	9	617	23	67	474	5	1.17323	838267	7.27061e-05	
11910	13015	2759	36.0224	33.955	2088	31	8	627	1	68	485	5	1.22693	862938	7.03779e-05	
11921	12784	2736	33.7024	29.1155	2073	30	7	620	25	79	508	5	0.896497	1.13113e+06	6.32471e-05	
12031	13201	2774	30.556	31.9447	2122	30	7	632	28	78	530	4	1.32898	995491	6.28457e-05	
12096	12822	2780	35.3378	30.9753	2133	29	7	636	28	64	489	5	0.74454	1.18503e+06	6.56426e-05	
12086	13241	2777	32.2974	29.3532	2130	30	9	605	30	73	493	5	1.3197	1.02508e+06	6.22007e-05	
12014	12916	2706	33.748	28.7648	2098	29	9	629	21	88	496	4	0.945672	1.10533e+06	6.25586e-05	
11907	12804	2736	37	33.7429	2101	29	6	609	11	61	508	5	0.942262	930471	7.02839e-05	
12005	12904	2752	34.1479	31.1198	2029	29	9	630	3	84	515	6	0.957365	1.04641e+06	6.44496e-05	
11960	13350	2775	34.1264	34.1971	2036	30	8	626	22	77	508	4	1.62868	852678	6.80967e-05	
11888	13010	2754	27.2579	27.2327	2044	28	7	602	31	72	517	6	1.22767	1.21816e+06	5.84898e-05	
11954	12550	2776	35.2885	32.8274	2115	30	9	602	18	63	463	6	0.562613	1.23035e+06	7.43882e-05	
11711	12594	2793	34.826	31.9759	2160	30	6	600	18	86	450	5	0.92378	1.00737e+06	6.7981e-05	
11802	13156	2722	36.6214	30.9324	2053	32	9	611	33	81	514	4	1.52892	870852	6.78702e-05	
11879	12990	2780	34.5717	26.9996	2006	29	7	636	7	90	515	5	1.23969	1.07179e+06	6.09756e-05	
12007	12962	2729	31.1101	25.4304	2097	30	10	610	17	70	507	4	1.01903	1.23321e+06	5.89449e-05	
11911	12718	2700	35.0781	27.5366	2120	31	7	610	34	72	489	4	0.813101	1.18235e+06	6.40328e-05	
11908	12871	2717	32.9083	25.1034	2016	29	8	629	26	90	498	5	1.01839	1.20665e+06	5.97514e-05	
12007	12962	2729	31.1101	28.5719	2073	28	10	609	16	70	514	4	1.01903	1.13678e+06	6.11322e-05	
11916	13411	2760	35.7842	30.8837	2027	28	9	643	35	74	527	5	1.75971	894233	6.52656e-05	
12069	12949	2753	35.8113	33.9908	2087	32	4	644	14	67	516	5	0.939659	973859	6.8738e-05	
11625	12744	2728	33.2759	31.9444	2082	30	8	649	13	73	520	6	1.19684	929817	6.70916e-05	
11885	12550	2740	33.4031	32.7213	2036	29	9	647	19	67	520	5	0.637748	1.21867e+06	6.94637e-05	
12078	12821	2763	36.3946	26.8578	2031	29	10	620	12	66	489	5	0.761841	1.24381e+06	6.31951e-05	
11901	13288	2790	29.655	26.0127	2133	30	9	647	10	74	494	5	1.61695	1.11966e+06	5.85206e-05	
11647	12598	2745	36.4431	35	2062	30	9	639	35	82	510	5	0.990943	878766	7.18236e-05	
11857	12695	2754	32.055	34.3807	2143	30	9	616	19	69	492	5	0.861768	1.03866e+06	6.85824e-05	
11892	13237	2748	35.6237	33.2096	2089	28	6	637	33	86	476	6	1.54314	862175	6.84041e-05	
11626	12786	2707	33.344	34.4553	2119	32	7	626	23	87	503	4	1.24079	864793	7.0141e-05	
11881	12695	2779	33.2122	33.2645	2092	28	6	625	25	78	516	5	0.841673	1.09246e+06	6.61288e-05	
11994	12887	2763	34.9932	34.7016	2058	32	9	628	26	67	474	4	0.952975	925173	7.13929e-05	
11802	13156	2719	36.6214	30.9324	2053	31	9	616	29	81	514	4	1.52723	873817	6.75676e-05	
11490	12565	2797	34.0883	31.9466	2005	28	7	638	31	90	520	5	1.15442	942703	6.6836e-05	
12036	12641	2760	35.1798	28.8214	2138	30	5	644	3	84	497	5	0.57602	1.35257e+06	6.92761e-05	
12013	13323	2758	27.1444	27.5761	2100	29	4	629	20	81	514	5	1.4998	1.17664e+06	5.77768e-05	
11995	13219	2800	27.7999	26.7709	2084	31	8	615	1	78	514	5	1.40346	1.18374e+06	5.77634e-05	
11941	13500	2797	32.9921	26.9996	2006	29	5	636	5	90	515	5	1.87455	1.06088e+06	5.95877e-05	
11801	12759	2786	35.4757	27.9202	2127	29	10	609	23	76	516	5	1.0296	1.0672e+06	6.27431e-05	
12055	12769	2735	34.4118	34.251	2075	31	4	626	20	89	520	4	0.713	1.15335e+06	6.80411e-05	
12070	13219	2787	26.8732	27.362	2030	30	6	615	1	78	527	5	1.29903	1.2315e+06	5.74911e-05	
11918	13500	2732	32.9349	27.1577	2009	29	7	631	20	82	521	5	1.85894	1.02191e+06	6.0746e-05	
11625	12744	2746	31.8294	31.9444	2110	30	8	649	13	68	520	5	1.20262	955614	6.62032e-05	
11847	13034	2720	35.4877	35	2101	29	8	619	35	73	496	5	1.31052	832252	7.10227e-05	
12086	13241	2777	32.2974	30.9534	2130	30	9	605	30	73	494	5	1.3197	983940	6.37105e-05	
11826	12854	2700	34.4508	28.2868	2109	29	9	650	9	80	506	5	1.08995	1.03268e+06	6.33192e-05	
11698	12550	2708	33.5457	27.9404	2049	30	7	609	0	82	523	6	0.853789	1.1678e+06	6.32151e-05	
11875	12550	2776	37	28.6127	2115	30	9	604	10	67	463	6	0.661379	1.23004e+06	6.71456e-05	
12017	13167	2780	29.7035	29.3239	2132	29	5	614	14	82	514	4	1.30071	1.10332e+06	5.99161e-05	
11911	12655	2728	33.2822	25.0787	2005	30	10	609	21	72	478	5	0.738197	1.3441e+06	6.22084e-05	
12043	13496	2784	36.8304	31.4168	2020	30	8	631	31	83	499	5	1.73623	880830	6.62515e-05	
12100	12908	2733	34.1818	27.4473	2016	32	5	641	3	73	508	5	0.83903	1.24369e+06	6.23092e-05	
11933	12712	2779	33.1197	28.5022	2141	28	7	601	8	81	506	5	0.799637	1.26838e+06	6.15574e-05	
12029	12897	2781	32.7132	27.7901	2126	29	9	619	10	87	489	4	0.926304	1.20522e+06	6.04266e-05	
12070	13219	2787	26.8732	27.362	2030	30	6	615	7	78	527	5	1.29903	1.23096e+06	5.74977e-05	
11784	12896	2712	31.3126	28.2437	2127	30	8	641	13	66	530	5	1.19562	1.06586e+06	6.17513e-05	
12070	13167	2780	28.2608	29.3239	2113	28	5	609	6	85	514	4	1.22998	1.16519e+06	5.90947e-05	
11849	13086	2733	35.0451	30.767	2046	29	9	618	5	88	502	6	1.3834	917405	6.56814e-05	
11626	12786	2732	35.5728	33.8522	2127	32	5	626	22	87	503	5	1.25438	863432	7.02198e-05	
11787	13237	2767	35.6237	33.2096	2094	28	5	626	33	85	525	6	1.68246	867787	6.74536e-05	
11876	12784	2711	35.4825	33.3238	2157	30	4	619	24	75	520	4	0.944219	970658	6.81663e-05	
11961	13113	2740	30.4824	25	2038	28	8	644	3	82	498	4	1.27998	1.18686e+06	5.78503e-05	
12029	12955	2761	36.341	28.6465	2106	29	9	615	10	87	489	4	1.00051	1.05794e+06	6.33433e-05	
11022	12664	2719	37	34.1873	2085	32	5	623	12	89	520	4	0.636002	1.11906e+06	7.27431e-05	
11882	13083	2713	34.0023	29.1824	2132	31	8	619	2	90	503	4	1.3286	976520	6.35163e-05	
11782	12552	2717	34.9319	29.2043	2078	29	8	609	12	69	523	5	0.760347	1.16893e+06	6.48593e-05	
11802	12742	2722	36.6214	30.9324	2049	32	9	610	0	81	519	4	0.983389	956710	6.77415e-05	
12097	12550	2754	34.7816	33.1374	2050	32	8	606	19	68	511	6	0.380614	1.10404e+06	0.000122654	
11857	12695	2754	32.055	34.3807	2127	30	8	616	19	66	492	5	0.861768	1.03765e+06	6.87994e-05	
12012	12916	2716	33.748	26.1382	2025	29	9	629	21	88	496	4	0.951607	1.18612e+06	6.06061e-05	
11918	13496	2732	32.9349	26.8225	2014	29	7	631	19	82	522	5	1.85343	1.0328e+06	6.04047e-05	
11688	12578	2760	30.5773	26.1479	2038	29	5	616	28	69	514	5	0.913652	1.29004e+06	5.99233e-05	
11698	12684	2708	35.0183	31.0256	2066	30	7	614	0	87	523	5	1.02639	971481	6.66001e-05	
12097	12550	2754	34.8449	33.499	2061	30	8	606	22	65	490	6	0.380669	1.1028e+06	0.000122414	
12039	13177	2744	33.3625	33.6894	2071	28	5	640	23	61	495	5	1.27695	911726	6.78334e-05	
12046	13307	2738	34.0839	29.5584	2068	29	10	642	25	76	516	5	1.44255	960445	6.3004e-05	
11888	12664	2719	34.8719	32.7793	2020	32	4	642	16	88	520	4	0.776822	1.09508e+06	6.76773e-05	
11698	12550	2708	33.5457	30.1258	2066	30	7	609	0	82	523	5	0.853789	1.09893e+06	6.51084e-05	
11896	12841	2757	35.8096	34.7777	2108	31	8	624	13	74	493	6	1.01123	902441	7.05617e-05	
12039	13016	2744	32.7441	28.4603	2071	28	4	641	23	77	495	5	1.05984	1.12998e+06	6.14439e-05	
11712	12744	2726	33.2759	31.8636	2110	30	8	649	13	84	520	6	1.09247	968362	6.60197e-05	
11885	12598	2751	37	29.1438	2053	30	9	639	16	82	509	5	0.705272	1.19581e+06	6.54365e-05	
11799	13228	2750	36.5323	32.7939	2079	31	8	649	4	89	495	4	1.64589	844509	6.86719e-05	
11626	12786	2725	35.5728	33.8522	2119	32	5	626	23	87	503	5	1.25116	861491	7.03581e-05	
11995	13219	2739	31.6139	26.7709	2073	31	6	615	2	78	514	5	1.38295	1.09942e+06	5.9891e-05	
11896	12841	2758	35.8096	34.7777	2108	31	8	624	14	74	493	6	1.0116	902723	7.05517e-05	
11845	12769	2717	34.9319	25.6514	2078	30	7	608	8	89	516	5	0.963776	1.18419e+06	6.10277e-05	
11629	12666	2769	30.5934	27.2624	2016	28	7	622	29	76	499	6	1.10288	1.13516e+06	6.11845e-05	
11656	12607	2768	34.8518	26.6207	2115	28	10	641	23	66	497	5	0.999007	1.09646e+06	6.2897e-05	
11885	12598	2751	36.4431	29.1438	2053	31	9	639	16	82	509	5	0.704994	1.20251e+06	6.54108e-05	
11490	12565	2797	35.7539	33.3993	2000	28	6	637	34	90	478	5	1.15587	883376	7.04027e-05	
11688	12578	2757	31.8551	28.9696	2078	29	7	616	28	69	512	5	0.915135	1.14618e+06	6.30358e-05	
12039	13016	2744	33.3625	33.5417	2086	28	6	640	23	63	492	5	1.06065	961162	6.76315e-05	
12100	12940	2725	37	28.6465	2018	29	9	627	8	87	516	4	0.880708	1.10307e+06	6.35001e-05	
12071	13167	2790	31.1232	29.3239	2132	29	5	614	14	85	514	5	1.24079	1.10035e+06	6.0107e-05	
11825	12970	2776	36.6186	33.5697	2148	31	7	638	24	83	524	4	1.27888	872852	6.82454e-05	
11916	12936	2764	34.3635	28.2246	2088	32	7	609	22	71	511	5	1.11452	1.05575e+06	6.32831e-05	
12070	13283	2780	29.7286	29.3239	2126	29	4	650	17	85	513	6	1.39384	1.09466e+06	5.95877e-05	
11867	12739	2798	32.3542	26.0403	2137	32	10	629	18	65	491	4	0.922133	1.22856e+06	6.09645e-05	
11911	12655	2731	33.2822	26.606	2000	30	10	613	20	71	452	5	0.739009	1.27375e+06	6.43832e-05	
12017	12892	2780	35.3378	30.9753	2133	29	7	636	24	64	493	5	0.937104	1.04591e+06	6.55351e-05	
11891	13098	2762	36.4424	33.2508	2130	30	5	634	26	85	494	5	1.36376	875585	6.82314e-05	
11867	12684	2708	35.0183	28.112	2078	30	7	614	13	87	519	5	0.824724	1.17447e+06	6.31313e-05	
11911	12655	2728	33.2822	25.0787	2005	30	10	609	20	71	453	5	0.738197	1.33e+06	6.31672e-05	
12001	12811	2737	36.8304	29.5795	2020	30	8	620	31	86	499	5	0.836678	1.09414e+06	6.53083e-05	
11885	12880	2800	34.3768	26.1734	2062	28	5	627	4	89	523	5	1.09201	1.18486e+06	5.9319e-05	
11994	12887	2763	34.4365	35	2058	32	9	628	26	67	474	5	0.952475	927890	7.15205e-05	
11885	12550	2740	33.4031	29.1438	2036	31	9	639	19	85	520	5	0.637748	1.30356e+06	6.65159e-05	
11842	13037	2729	33.5637	31.5762	2101	28	8	619	20	67	509	4	1.32309	926312	6.59283e-05	
11908	12871	2729	30.5615	25.1034	2008	30	8	624	26	79	513	5	1.01881	1.25971e+06	5.8713e-05	
12081	13167	2780	28.2608	30.2925	2132	28	5	609	14	85	514	4	1.21617	1.14189e+06	5.99377e-05	
11885	12550	2740	33.4031	32.4554	2036	29	8	625	19	67	520	5	0.637748	1.22565e+06	6.92377e-05	
11829	12950	2753	37	28.6465	2018	29	9	629	8	86	500	4	0.777108	1.06366e+06	6.87285e-05	
11717	12791	2706	35.1856	27.7386	2016	29	9	634	30	75	513	4	1.14113	1.00383e+06	6.43004e-05	
11851	13496	2797	32.9921	29.4183	2006	29	7	635	0	90	522	5	1.9809	967029	6.20347e-05	
11925	13061	2717	36.972	32.6864	2060	30	8	612	33	82	491	4	1.25151	866602	6.91419e-05	
11849	12550	2733	37	30.767	2046	29	7	618	5	90	502	6	0.682658	1.17102e+06	6.71501e-05	
12039	13051	2723	33.3625	32.99	2117	29	7	640	24	63	495	5	1.09897	953661	6.72948e-05	
11984	12739	2745	36.8748	29.673	2105	32	10	633	11	61	495	5	0.765685	1.11176e+06	6.71231e-05	
11888	13010	2754	27.2579	27.2327	2044	29	10	602	31	72	517	5	1.22767	1.19749e+06	5.88859e-05	
11773	13253	2799	29.8557	32.1967	2096	31	8	644	18	90	527	5	1.7327	950782	6.36375e-05	
11799	12581	2728	32.98	25.7194	2052	30	6	620	20	87	516	5	0.77805	1.34505e+06	6.05804e-05	
11976	12818	2770	29.243	27.4627	2134	29	10	602	31	75	515	5	0.876168	1.34367e+06	5.92382e-05	
11811	12803	2704	35.2679	28.7702	2106	30	5	650	31	80	503	5	1.04405	1.03937e+06	6.44995e-05	
11787	13364	2772	35.6934	32.0838	2119	29	7	636	24	83	511	5	1.8606	873555	6.66356e-05	
11726	12622	2774	34.826	28.1547	2142	30	7	604	35	85	500	5	0.935869	1.11717e+06	6.32351e-05	