12100	13257	2785	21.8869	25	2092	30	5	621	10	76	524	5	1.27243	1.67463e+06	5.41272e-05	
12100	12550	2700	33.899	27.1989	2042	31	8	647	18	71	501	5	0.368635	1.13669e+06	0.000130327	
11989	13500	2785	21.0217	25	2060	29	4	621	12	77	524	5	1.73687	1.55345e+06	5.37028e-05	
12043	12578	2704	25.6624	27.1989	2042	31	8	637	19	71	501	5	0.451432	958280	0.000238379	
11374	13274	2721	36.5617	34.4242	2076	32	9	643	9	69	512	5	2.19167	779454	7.4162e-05	
11245	13169	2713	34.7616	35	2002	31	10	628	12	60	469	4	2.19121	770801	7.70119e-05	
12097	12550	2743	30.0464	34.0914	2125	32	8	606	17	61	478	6	0.371738	979563	0.00020008	
12043	12550	2750	27.9242	32.579	2103	32	9	610	14	72	494	5	0.433355	1.03476e+06	0.00017191	
12083	12554	2742	30.691	34.0914	2001	28	7	611	18	69	516	6	0.395573	1.04873e+06	0.000153374	
12097	12568	2754	35.9522	33.9695	2038	32	7	606	13	65	511	6	0.404774	1.14263e+06	0.000105731	
12097	12554	2743	30.1661	34.0914	2135	32	7	606	20	65	487	6	0.377173	998973	0.000187371	
12097	12550	2754	32.8064	34.5191	2050	30	8	606	18	65	481	4	0.378394	1.06115e+06	0.000141784	
12100	12554	2743	30.691	34.0914	2040	29	8	611	18	67	516	6	0.374629	1.01454e+06	0.000177525	
12083	12554	2739	30.691	34.0914	2036	28	8	650	18	68	509	5	0.39514	1.05197e+06	0.000153233	
12097	13431	2753	21	25	2014	29	6	621	12	76	529	5	1.487	1.63296e+06	5.39433e-05	
11989	13400	2782	21.0217	25.0309	2022	29	5	622	12	76	524	4	1.59511	1.58249e+06	5.39957e-05	
11304	13190	2721	35.5548	34.4242	2102	32	9	630	9	64	492	5	2.15876	783432	7.47328e-05	
11697	13434	2773	31.9786	26.095	2116	28	7	625	17	86	513	6	2.06388	1.07589e+06	5.93331e-05	
12097	12550	2773	30.0062	34.0914	2135	32	8	606	20	65	515	6	0.375705	984144	0.000199561	
11697	13434	2765	31.9786	27.8142	2116	28	7	625	17	86	527	6	2.05793	1.02285e+06	6.05437e-05	
12097	12554	2743	30.0062	34.0914	2145	32	8	607	18	65	516	6	0.376789	989923	0.000192123	
11989	13162	2753	21.8243	25	2014	29	8	621	18	76	529	5	1.26546	1.63352e+06	5.47855e-05	
12100	13431	2753	21.8243	25	2014	29	6	621	12	76	529	5	1.49592	1.53322e+06	5.41025e-05	
11680	13360	2775	36.9122	34.1971	2041	30	8	621	15	77	502	4	1.98807	803828	7.11086e-05	
12097	12550	2754	36.6958	33.9695	2103	31	9	616	13	68	513	6	0.381923	1.12173e+06	0.000111857	
12100	13257	2785	21.8869	25	2075	30	5	621	10	76	519	5	1.27243	1.66682e+06	5.43449e-05	
12056	12550	2754	34.8449	33.8368	2050	32	8	606	19	65	490	6	0.431668	1.16246e+06	9.999e-05	
12100	12554	2743	33.1939	34.7309	2131	29	8	611	18	69	516	6	0.378823	1.06463e+06	0.000136593	
12097	12550	2752	34.2713	34.5191	2050	30	8	606	19	65	490	6	0.379858	1.08419e+06	0.000127324	
12097	12554	2743	33.2643	34.0914	2040	32	8	611	18	68	516	6	0.382636	1.07589e+06	0.000132996	
12054	12550	2708	35.1798	27.6406	2069	30	7	641	24	88	497	5	0.427172	1.237e+06	9.55019e-05	
12097	12554	2753	30.0062	34.0914	2135	32	8	606	19	64	516	6	0.378162	991631	0.000191828	
11304	13190	2756	36.5617	34.4242	2076	32	9	630	8	64	481	5	2.18715	775637	7.55002e-05	
12043	12550	2751	27.9242	34.9144	2144	32	7	608	14	76	464	5	0.433513	1.02347e+06	0.000173822	
12097	12554	2754	34.3521	34.6113	2128	32	8	606	18	65	516	6	0.385384	1.09072e+06	0.000123579	
12056	12550	2751	34.8449	32.8423	2050	32	9	606	19	65	490	6	0.431197	1.17099e+06	9.95421e-05	
12083	12554	2742	32.4885	35	2000	28	7	611	18	72	516	6	0.398794	1.07634e+06	0.00012955	
11304	13190	2721	36.5617	34.4242	2076	32	9	630	9	64	492	5	2.15938	771789	7.56029e-05	
11989	13442	2782	21.0217	25.0309	2014	29	4	622	12	76	524	4	1.65374	1.56537e+06	5.40015e-05	
11989	13128	2753	22.6653	25	2079	29	7	621	18	73	515	5	1.22985	1.57091e+06	5.49541e-05	
12100	12598	2740	37	29.1438	2056	30	10	632	19	83	496	5	0.43823	1.23561e+06	8.91742e-05	
12100	13431	2753	21.8243	25	2014	29	9	621	12	76	529	5	1.49592	1.52119e+06	5.42329e-05	
12097	12550	2760	35.5162	33.9695	2103	31	7	616	13	65	513	6	0.382033	1.11043e+06	0.000118022	
11960	12660	2790	31.4062	25	2014	29	8	621	14	81	519	5	0.697619	1.47277e+06	6.15233e-05	
12097	12609	2764	35.5162	33.9695	2023	32	7	634	34	72	513	6	0.459277	1.1916e+06	9.07194e-05	
12054	12550	2700	35.1798	26.2808	2001	31	8	647	34	71	509	5	0.425911	1.26504e+06	9.49938e-05	
11928	12801	2772	26.4964	25.1125	2054	31	4	626	15	81	509	4	0.903353	1.51735e+06	5.7857e-05	
11985	13402	2790	21.8243	25	2002	28	8	621	12	75	526	5	1.61995	1.49237e+06	5.4019e-05	
11954	12550	2725	33.7223	35	2115	30	9	610	11	63	459	6	0.550809	1.19585e+06	7.82963e-05	
12097	12550	2754	32.9918	33.499	2063	30	7	606	21	67	496	6	0.378647	1.07244e+06	0.000138985	
11912	12904	2733	24.0112	26.2525	2067	29	10	649	1	81	522	6	1.02981	1.50339e+06	5.72705e-05	
12022	12550	2756	34.9657	32.8274	2115	30	9	607	10	63	463	6	0.474275	1.2139e+06	8.71688e-05	
12097	12550	2752	33.7273	33.5728	2050	32	8	606	19	65	490	6	0.379279	1.08498e+06	0.000131614	
12049	12835	2749	29.2836	25.4044	2070	28	7	642	17	85	493	4	0.801892	1.46106e+06	5.90563e-05	
11897	12550	2746	32.98	25	2052	30	6	613	22	84	524	5	0.62395	1.46086e+06	6.45536e-05	
11858	12581	2746	33.03	25.1004	2052	30	10	613	20	89	530	5	0.711577	1.40055e+06	6.07312e-05	
11876	13496	2776	32.908	26.9996	2007	29	7	642	5	90	515	5	1.93512	1.03255e+06	6.01359e-05	
12097	12554	2743	32.7236	34.4677	2043	32	8	611	18	71	516	6	0.381916	1.0631e+06	0.000138966	
11989	13400	2782	21.0217	25.0309	2022	29	5	620	12	76	524	4	1.59511	1.58227e+06	5.39986e-05	
11840	13448	2775	36.1124	32.924	2156	30	9	626	22	77	508	5	1.91473	845755	6.78242e-05	
12097	12554	2738	34.7816	34.0914	2135	32	8	618	18	65	516	6	0.383542	1.09791e+06	0.000120598	
12007	13481	2782	21.8243	25.0309	2014	29	4	621	9	76	524	5	1.69828	1.4821e+06	5.41419e-05	
12097	12554	2754	34.7816	34.0914	2128	28	8	621	18	65	513	6	0.385783	1.10156e+06	0.000120192	
11989	13087	2789	24.9267	25	2070	29	5	610	14	68	524	5	1.20973	1.45245e+06	5.49662e-05	
11858	12581	2743	33.03	25.1004	2095	32	10	613	20	83	530	5	0.7108	1.39349e+06	6.11359e-05	
11912	12904	2733	24.0112	26.2525	2081	29	10	649	5	81	522	6	1.02981	1.50809e+06	5.72181e-05	
12100	12622	2735	35.3772	30.4912	2044	32	8	642	14	76	494	5	0.467412	1.235e+06	8.67604e-05	
12097	12550	2765	34.8449	33.635	2050	30	8	606	19	65	490	6	0.382189	1.10422e+06	0.000122234	
11851	13496	2751	32.9921	28.5123	2006	29	7	635	5	69	530	5	1.94832	978858	6.22743e-05	
12100	13104	2774	26.4964	25.0927	2096	30	4	628	10	81	516	4	1.09662	1.44425e+06	5.52303e-05	
11773	13335	2755	29.8557	31.3057	2145	31	8	645	15	74	527	5	1.81773	957071	6.35203e-05	
11989	13481	2782	21.8243	25.0309	2014	29	4	621	9	76	524	5	1.72076	1.47498e+06	5.41947e-05	
12051	12550	2700	35.3856	26.2808	2011	31	7	647	3	69	497	5	0.429718	1.27915e+06	9.30665e-05	
12100	12664	2735	34.4118	31.3129	2076	31	4	623	20	89	519	4	0.520885	1.27064e+06	7.85978e-05	
11612	13274	2721	36.5617	34.4242	2075	31	9	643	15	71	514	5	1.91331	792518	7.22909e-05	
12097	12550	2754	35.9486	33.9695	2068	32	8	606	18	68	505	6	0.381497	1.11461e+06	0.000115714	
12088	12554	2763	34.7816	34.0914	2136	31	8	620	15	66	516	6	0.39829	1.11667e+06	0.000114233	
11672	13089	2757	30.4984	28.9846	2062	28	9	630	17	82	504	6	1.60767	1.00497e+06	6.21041e-05	
11908	12550	2717	36.5115	25.1034	2024	29	8	624	26	80	498	6	0.607209	1.40546e+06	6.48845e-05	
11892	12967	2769	33.6064	25.5479	2049	28	6	636	24	86	490	4	1.18687	1.15e+06	5.98122e-05	
12100	13257	2785	21.8869	25	2075	30	5	621	10	76	524	5	1.27243	1.66865e+06	5.42123e-05	
11782	12550	2728	32.98	25.7194	2052	30	7	620	20	87	522	5	0.758774	1.34882e+06	6.07349e-05	
11702	13364	2772	35.6934	32.0838	2150	29	6	636	24	83	513	5	1.96409	873094	6.68717e-05	
12032	12552	2754	35.9522	29.9889	2050	32	8	606	7	63	519	6	0.464855	1.25207e+06	8.53825e-05	
11918	13496	2797	32.9349	26.9996	2006	29	7	631	13	79	521	5	1.89752	1.03779e+06	5.99628e-05	
11858	12581	2746	32.98	25	2052	30	6	613	22	87	530	5	0.711511	1.43821e+06	6.0573e-05	
12089	12624	2734	35.9522	29.069	2050	32	8	606	16	65	519	6	0.483822	1.28071e+06	8.1182e-05	
12036	12571	2782	34.951	32.9155	2113	31	7	640	2	65	497	5	0.488648	1.2246e+06	8.46668e-05	
12097	12554	2738	36.106	34.0914	2135	32	8	618	22	65	507	6	0.384517	1.11799e+06	0.000112841	
12057	12550	2780	36.2919	32.2531	2122	32	8	612	18	72	500	6	0.435535	1.19707e+06	9.37734e-05	
11816	13364	2776	36.6186	32.8154	2150	31	6	636	24	79	510	5	1.82831	852979	6.80272e-05	
12007	12550	2758	34.8449	33.499	2109	30	8	606	22	65	490	6	0.493105	1.21498e+06	8.3675e-05	
11836	13339	2776	36.6186	33.5697	2148	31	6	636	24	83	524	4	1.76912	844573	6.81524e-05	
12100	12554	2735	35.3772	30.4912	2095	32	8	642	14	76	493	6	0.379891	1.13872e+06	0.000117069	
12054	12578	2704	37	26.2808	2000	31	6	640	3	72	499	5	0.463204	1.34222e+06	8.11227e-05	
11968	12578	2741	35.6955	26.2808	2029	30	4	650	3	72	489	5	0.574697	1.42688e+06	6.79117e-05	
12097	12554	2754	35.3553	34.0914	2135	32	7	606	18	65	516	6	0.386252	1.11141e+06	0.000116604	
12043	12550	2750	27.9242	34.0428	2101	32	8	610	14	72	479	5	0.433355	1.02688e+06	0.00017319	
12054	12618	2704	34.5121	25.667	2160	31	6	647	5	71	497	5	0.512475	1.38307e+06	7.62428e-05	
11568	13274	2721	36.5617	34.4242	2076	32	9	643	9	69	512	5	1.9652	787229	7.2998e-05	
11918	13500	2732	32.9349	27.1577	2009	29	7	631	20	82	521	5	1.85894	1.02191e+06	6.0746e-05	
12097	12622	2754	34.3521	33.777	2098	32	8	606	15	65	513	5	0.473513	1.19325e+06	9.01226e-05	
12006	12554	2762	34.7816	34.1145	2066	32	8	606	18	64	517	6	0.500189	1.21016e+06	8.29463e-05	
12054	12578	2714	34.3409	35	2000	31	6	647	7	72	497	5	0.46308	1.17029e+06	9.20132e-05	
12091	12903	2740	29.2836	25.6182	2021	28	8	643	9	84	484	4	0.836956	1.42117e+06	5.89831e-05	
12100	12810	2722	33.6822	25.3397	2001	30	7	641	3	71	511	5	0.706882	1.41432e+06	6.15574e-05	
12097	12550	2743	36.2919	32.8176	2117	32	8	606	17	65	511	6	0.38018	1.12614e+06	0.000113533	
12054	12591	2704	36.3125	26.2808	2001	31	8	637	3	71	498	6	0.479397	1.33464e+06	7.9321e-05	
12051	12550	2700	35.663	26.2808	2018	31	7	642	3	69	496	5	0.429914	1.28361e+06	9.21319e-05	
12054	12578	2704	35.4912	25.667	2160	31	6	647	6	71	497	5	0.462336	1.33878e+06	8.39701e-05	
12005	12561	2782	34.0607	30.1627	2052	31	6	602	0	87	528	5	0.513501	1.2801e+06	8.01603e-05	
11734	13317	2796	36.4496	31.5609	2055	29	10	624	31	89	495	4	1.87682	861656	6.71772e-05	
12030	12807	2717	31.6211	25	2069	29	7	624	30	84	498	5	0.784558	1.41218e+06	5.93331e-05	
12095	12640	2730	35.0523	27.7565	2137	32	9	614	27	81	480	6	0.495684	1.30541e+06	8.00961e-05	
12088	12554	2738	34.7816	34.0914	2135	31	8	619	18	65	516	6	0.394686	1.11109e+06	0.000114784	
11851	13496	2788	32.9921	28.5123	2006	29	8	635	5	75	526	5	1.97452	981660	6.17436e-05	
11028	12712	2730	36.383	34.4355	2113	31	7	635	18	85	485	5	1.84927	785906	7.58495e-05	
11824	13034	2738	35.4877	34.9548	2101	29	8	619	35	73	496	5	1.34706	832957	7.08466e-05	
12043	12550	2761	34.896	34.0428	2095	32	8	610	14	65	479	6	0.448984	1.17778e+06	9.4679e-05	
12035	12820	2734	32.9514	25.1034	2041	31	9	622	28	81	509	5	0.802397	1.3523e+06	5.98337e-05	
11658	13089	2782	30.4984	28.9827	2062	29	9	630	17	83	504	6	1.63924	1.00539e+06	6.20578e-05	
11928	13104	2772	26.4964	25.0927	2031	30	4	628	10	81	521	4	1.31006	1.3137e+06	5.59624e-05	
11903	12585	2776	35.3388	25.0632	2100	30	10	602	11	68	463	6	0.671461	1.37597e+06	6.37146e-05	
12097	12653	2754	34.3521	34.0914	2135	32	8	606	18	65	516	5	0.513847	1.21506e+06	8.18264e-05	
12040	12835	2749	29.2836	25.4044	2070	28	7	645	16	85	484	4	0.813037	1.4488e+06	5.90982e-05	
12035	12861	2734	32.9514	25.1034	2041	31	9	622	28	81	513	5	0.856206	1.3157e+06	5.94318e-05	
12051	12628	2742	37	29.1438	2075	31	10	639	19	86	505	5	0.538017	1.30027e+06	7.17978e-05	
12079	12866	2722	36.3991	31.1995	2141	32	7	636	20	61	524	5	0.808122	1.08355e+06	6.67111e-05	
12006	12554	2754	35.0103	33.1805	2095	32	8	606	18	62	517	6	0.498936	1.22321e+06	8.20039e-05	
11989	13482	2785	24.9267	25	2076	29	4	624	15	76	524	5	1.75432	1.30858e+06	5.46448e-05	
11679	13274	2721	36.5617	34.7086	2075	32	9	643	9	69	514	5	1.8339	789243	7.26058e-05	
11840	13360	2775	36.9122	34.1971	2036	30	9	621	22	77	502	4	1.79279	811251	7.03334e-05	
11892	13080	2771	31.5975	25.9578	2049	28	6	636	25	88	490	4	1.33722	1.13221e+06	5.91156e-05	
11979	13432	2762	36.6186	33.879	2067	31	6	636	24	83	519	4	1.71284	839313	6.84275e-05	
11918	13311	2725	33.0239	26.8225	2012	29	7	631	20	74	521	5	1.59619	1.04058e+06	6.08458e-05	
11677	13220	2741	36.2231	34.2686	2021	31	9	650	22	86	497	4	1.77629	805802	7.13419e-05	
11825	13351	2776	36.6186	33.5697	2148	31	6	636	24	83	524	4	1.79925	843278	6.82128e-05	
11990	13500	2795	31.1232	29.3239	2132	29	5	615	14	83	520	5	1.80881	1.02767e+06	6.02627e-05	
11594	13220	2759	36.8307	34.2686	2001	31	9	650	22	86	501	4	1.88793	797952	7.1958e-05	
12011	13350	2790	36.1124	34.2235	2036	30	9	617	22	77	508	4	1.57533	838139	6.87521e-05	
12088	12607	2765	34.8449	33.635	2050	30	8	606	18	65	501	6	0.467556	1.19647e+06	9.02772e-05	
12043	12550	2726	34.896	34.0428	2101	32	8	613	9	68	468	5	0.443292	1.16837e+06	9.53289e-05	
11701	13083	2700	35.8924	34.7777	2015	31	8	624	12	72	504	6	1.53932	801491	7.27008e-05	
11964	12578	2760	35.6955	25.668	2001	31	10	650	3	75	510	5	0.583621	1.39187e+06	6.70286e-05	
11912	12904	2734	24.0112	26.2525	2067	29	10	649	1	83	522	6	1.03018	1.50654e+06	5.72213e-05	
11784	12896	2712	31.3126	28.2437	2127	30	8	641	13	66	530	5	1.19562	1.06586e+06	6.17513e-05	
11989	13402	2790	28.612	25	2014	29	8	621	12	76	529	4	1.66288	1.18052e+06	5.61388e-05	
12054	12713	2700	32.7603	27.4101	2051	30	5	639	3	81	497	5	0.631169	1.39051e+06	6.61244e-05	
11961	12835	2740	29.1569	25.9167	2041	28	5	645	1	85	491	5	0.907166	1.37729e+06	5.83805e-05	
11802	12752	2722	31.4773	29.216	2049	32	9	610	0	81	521	4	0.990802	1.08842e+06	6.34196e-05	
12051	12692	2736	33.4944	29.1438	2066	30	10	641	19	83	505	5	0.616948	1.31796e+06	6.77553e-05	
11134	12651	2739	34.9908	33.9733	2000	31	9	624	3	65	466	6	1.65488	794935	7.59878e-05	
11916	13411	2760	35.8018	30.1292	2027	28	10	643	35	74	522	5	1.75973	906194	6.47291e-05	
12100	12805	2734	36.3395	25	2036	31	9	623	32	81	511	5	0.705666	1.37201e+06	6.17513e-05	
11928	12641	2703	35.1798	27.7465	2069	30	7	641	3	81	497	5	0.694943	1.27601e+06	6.4082e-05	
11997	12600	2754	34.1765	33.9695	2050	32	9	606	13	65	511	4	0.568856	1.21603e+06	7.50751e-05	
12054	12816	2704	34.5568	25	2160	31	6	649	0	71	500	5	0.767051	1.38114e+06	6.05804e-05	
11893	12669	2709	31.5651	27.2607	2017	30	4	645	15	75	496	6	0.770154	1.33093e+06	6.22859e-05	
12082	13208	2778	28.0719	25.6411	2071	30	7	633	21	88	503	6	1.26953	1.25316e+06	5.66861e-05	
11028	12712	2730	36.383	35	2108	31	7	635	18	85	485	5	1.84927	778341	7.64701e-05	
12046	13483	2751	37	29.5584	2092	30	6	649	25	76	516	5	1.69398	935538	6.43294e-05	
12100	13350	2790	34.3764	33.3137	2051	30	9	617	20	79	504	4	1.46199	885722	6.64982e-05	
12051	12598	2768	37	29.1438	2042	30	9	639	19	83	496	5	0.503963	1.29089e+06	7.63301e-05	
11948	12610	2733	32.98	25.7194	2044	30	6	613	20	87	522	5	0.635964	1.43589e+06	6.42343e-05	
11698	13288	2790	29.655	26.0127	2133	30	8	647	10	72	494	5	1.86689	1.09871e+06	5.93437e-05	
11951	12618	2703	34.5121	25.667	2160	31	6	647	6	71	499	5	0.637261	1.41715e+06	6.40287e-05	
11718	12720	2711	36.3653	33.7635	2160	30	4	635	35	75	520	4	1.05105	900912	6.98861e-05	
12054	12578	2778	36.7689	25	2160	31	7	650	6	76	497	5	0.475771	1.38167e+06	7.96876e-05	
11943	13259	2775	31.4085	28.1973	2052	31	5	608	1	89	528	4	1.52028	1.05426e+06	6.03792e-05	
12000	13402	2753	30.0609	25	2014	29	8	621	12	76	529	5	1.63129	1.15795e+06	5.70874e-05	
11594	13220	2759	36.2231	34.2686	2001	31	9	650	22	86	501	4	1.8876	804001	7.15922e-05	
11944	13221	2775	31.4085	28.1973	2052	31	5	608	1	89	528	4	1.46685	1.05994e+06	6.03792e-05	
11987	13317	2800	36.4496	31.5609	2126	29	10	624	33	89	501	4	1.56527	890704	6.53595e-05	
11989	13442	2782	21.8243	25.0309	2027	29	4	623	12	81	524	5	1.66615	1.48817e+06	5.40219e-05	
12097	12550	2743	30.0464	34.0914	2135	32	8	606	19	63	478	6	0.371738	980122	0.00019996	
11640	13283	2799	29.5986	27.9747	2094	29	7	650	11	88	517	4	1.93666	1.05084e+06	5.98444e-05	
12036	12641	2782	35.1798	31.4609	2138	31	7	640	3	69	497	5	0.580612	1.27868e+06	7.11845e-05	
12020	12655	2743	33.5084	27.1606	2005	30	10	613	20	80	517	5	0.608733	1.36475e+06	6.71592e-05	
11948	12626	2733	33.0217	25.8206	2044	30	6	613	20	85	527	5	0.656647	1.43033e+06	6.31393e-05	
11816	13264	2776	33.6014	34.1936	2157	31	6	649	23	90	510	5	1.68765	866336	6.73809e-05	
12015	12590	2711	36.3653	32.8615	2148	30	4	635	35	75	520	4	0.526979	1.24454e+06	7.51315e-05	
12100	13104	2774	26.4964	25.0927	2096	30	4	628	10	81	520	4	1.09662	1.44752e+06	5.51146e-05	
12079	12705	2716	37	25	2115	30	7	632	35	67	473	4	0.597631	1.42957e+06	6.58415e-05	
12021	13283	2780	29.5991	28.5977	2126	29	8	622	17	85	497	6	1.45487	1.08141e+06	5.97122e-05	
12021	12592	2771	37	34.0438	2059	31	5	635	6	86	475	5	0.534101	1.2256e+06	7.5683e-05	
11808	12557	2795	34.3311	32.4162	2126	28	5	637	23	90	484	5	0.75612	1.15802e+06	6.63174e-05	
11883	13364	2785	37	32.8154	2150	29	6	638	27	80	510	5	1.75173	858562	6.74445e-05	
12100	12871	2710	34.7557	25.4482	2008	31	7	639	34	81	513	5	0.784191	1.33541e+06	6.08495e-05	
12006	12739	2798	32.3542	26.7544	2137	31	10	629	20	65	491	5	0.748509	1.35346e+06	6.18774e-05	
11909	12673	2795	32.8194	25.1386	2092	29	4	606	8	82	469	4	0.782016	1.41964e+06	6.00781e-05	
12046	13376	2751	36.8814	29.5584	2068	29	5	642	25	74	528	5	1.54614	954937	6.39304e-05	
11976	12818	2770	29.2381	27.2327	2096	29	10	602	31	75	515	5	0.876154	1.34539e+06	5.92312e-05	
11840	13360	2775	36.9122	34.1971	2036	30	8	627	22	77	502	4	1.79279	813591	7.02593e-05	
11836	13293	2776	36.6186	33.5697	2148	31	6	636	24	83	524	4	1.70555	846739	6.81524e-05	
11824	13034	2738	35.4877	34.9548	2109	29	8	641	35	70	496	5	1.34706	832595	7.0927e-05	
12006	12554	2754	34.7816	34.0914	2070	32	8	610	18	64	517	6	0.498741	1.2079e+06	8.30427e-05	
11702	12967	2776	36.6186	31.5634	2150	31	6	636	24	83	511	5	1.42506	893290	6.72495e-05	
11851	13228	2750	35.2843	32.7939	2079	31	8	649	4	84	495	4	1.58183	861022	6.7944e-05	
11892	13044	2748	35.6237	33.2096	2089	28	5	610	11	86	520	6	1.2826	898074	6.74172e-05	
12020	12579	2776	35.3388	27.2108	2115	30	9	600	4	63	463	6	0.518328	1.35268e+06	7.5815e-05	
12043	12550	2750	34.896	34.0428	2101	32	8	610	14	68	479	5	0.447195	1.17371e+06	9.48497e-05	
12097	12550	2754	35.8191	33.9695	2103	31	8	616	13	65	513	6	0.381412	1.11195e+06	0.000116387	
12053	13321	2785	24.9267	25	2076	29	4	639	15	76	524	5	1.44955	1.36735e+06	5.44277e-05	
11537	13019	2743	36.5832	34.8281	2007	32	6	616	20	67	516	5	1.67407	793547	7.37191e-05	
11787	13237	2767	35.6237	33.2096	2088	28	5	626	33	85	525	6	1.68246	867610	6.74809e-05	
11885	12550	2776	36.696	28.6127	2115	30	9	604	10	67	463	5	0.648899	1.24723e+06	6.71772e-05	
11989	13321	2779	24.9267	25	2076	29	5	624	15	76	524	5	1.52639	1.33402e+06	5.47405e-05	
12097	12925	2754	35.9486	33.9695	2068	32	8	606	18	68	508	5	0.873276	983330	6.94493e-05	
11911	12959	2786	36.0186	29.839	2116	30	6	609	27	72	513	5	1.16194	994494	6.45786e-05	
12088	12554	2738	34.7816	34.0914	2135	31	8	619	18	65	516	6	0.394686	1.11109e+06	0.000114784	
11773	13351	2764	29.8557	31.3057	2154	29	6	645	15	90	520	5	1.84573	972108	6.25391e-05	
11952	13167	2790	31.1232	28.9843	2132	29	5	614	14	85	514	5	1.38993	1.06916e+06	6.02446e-05	
11911	12655	2743	33.5084	27.1606	2005	30	10	613	20	80	452	5	0.742532	1.2591e+06	6.42756e-05	
11970	13402	2753	30.4204	25	2014	30	8	621	12	76	529	5	1.66915	1.14177e+06	5.76402e-05	
11985	13402	2786	21.8243	25	2014	29	8	621	12	75	529	5	1.61763	1.48649e+06	5.41888e-05	
11151	12651	2765	36.3846	33.9733	2009	31	9	634	3	65	466	6	1.65197	785726	7.64468e-05	
11596	13083	2762	35.8096	34.7777	2100	30	8	624	11	73	493	6	1.70096	808486	7.19166e-05	
12051	12578	2740	35.0989	29.1438	2046	30	10	646	19	80	496	5	0.471896	1.25074e+06	8.53242e-05	
11725	13019	2743	36.5832	34.9641	2027	32	6	616	20	67	513	5	1.44975	809157	7.2759e-05	
12039	13177	2744	33.3625	33.6894	2071	28	5	640	23	61	495	5	1.27695	911726	6.78334e-05	
11746	13364	2744	36.0216	32.6861	2137	29	7	615	24	80	522	5	1.89153	851804	6.79117e-05	
12100	12762	2704	35.0908	27.4473	2017	31	5	641	3	76	497	5	0.641515	1.3605e+06	6.53168e-05	
11889	13103	2727	37	30.7138	2020	30	8	642	29	75	495	5	1.35586	894201	6.76819e-05	
11134	12651	2739	34.9908	33.9733	2000	31	9	622	3	71	466	6	1.65488	797236	7.55344e-05	
11822	12963	2746	37	34.2209	2079	31	8	649	4	86	475	4	1.25957	837233	7.1048e-05	
11983	13500	2738	33.9805	29.5584	2074	30	5	643	25	76	526	5	1.78474	965171	6.29208e-05	
11701	13075	2750	36.6364	32.7939	2079	31	8	650	7	87	530	4	1.5575	849390	6.85119e-05	
11960	13300	2781	24.9267	25	2076	31	4	624	16	71	524	5	1.53454	1.32563e+06	5.54816e-05	
11989	13482	2785	24.9267	25.6032	2070	29	5	624	15	76	524	4	1.75432	1.27557e+06	5.51846e-05	
11885	12550	2740	32.9028	29.1438	2036	31	9	639	19	85	520	5	0.637105	1.31165e+06	6.67601e-05	
11972	12887	2763	36.7496	35	2091	32	9	617	23	67	472	5	0.981375	886779	7.25639e-05	
11961	12950	2744	36.0674	28.1352	2089	28	7	644	1	84	530	4	1.07125	1.0666e+06	6.20386e-05	
11776	12940	2759	35.8239	33.955	2097	31	9	628	2	68	485	5	1.29016	846459	7.09421e-05	
11907	12804	2736	37	33.7429	2101	29	6	609	11	61	508	5	0.942262	930471	7.02839e-05	
11985	13402	2790	21.8243	25	2014	29	8	640	12	75	529	5	1.61995	1.48359e+06	5.41243e-05	
11971	12655	2743	35.1632	33.1018	2005	30	10	613	16	80	452	5	0.670659	1.13724e+06	7.04771e-05	
12054	12756	2711	34.3409	35	2000	30	6	647	9	72	492	5	0.691082	1.11361e+06	7.08165e-05	
11858	12581	2746	32.98	25.1004	2052	30	6	613	20	87	530	5	0.711511	1.43296e+06	6.06428e-05	
12043	13455	2778	37	29.8755	2020	30	8	634	31	82	499	5	1.67519	915618	6.50364e-05	
11853	12720	2711	37	33.7635	2101	31	4	613	5	75	496	5	0.89005	948645	7.07014e-05	
11938	13408	2794	30.9339	30.7696	2145	29	9	626	3	82	481	6	1.7435	967557	6.29287e-05	
11697	13434	2773	31.9786	27.8142	2116	28	7	625	17	86	527	6	2.06388	1.02426e+06	6.04522e-05	
11922	13021	2762	36.4424	33.2847	2129	32	6	634	24	85	499	5	1.2218	889660	6.83714e-05	
11847	13034	2738	35.4877	34.6526	2101	29	8	619	35	73	496	5	1.31919	841901	7.04027e-05	
11913	12554	2754	34.3521	34.6113	2049	32	8	606	18	65	516	6	0.612901	1.17521e+06	7.27114e-05	
11961	12835	2740	30.1902	25.6448	2037	28	6	645	1	81	491	4	0.909857	1.3402e+06	5.85617e-05	
12020	12840	2743	33.5084	27.3091	2095	30	10	613	20	86	501	5	0.850564	1.22838e+06	6.10612e-05	
11892	12875	2769	34.3103	25.5479	2049	28	6	636	24	89	490	4	1.06457	1.17864e+06	6.01106e-05	
11995	13219	2787	27.7999	26.7709	2082	31	6	615	1	78	515	5	1.39695	1.19229e+06	5.77901e-05	
12050	12900	2741	35.8365	27.5988	2133	29	9	614	14	89	464	6	0.894174	1.14466e+06	6.30398e-05	
11776	12781	2753	36.0224	33.7489	2097	31	9	628	0	68	483	5	1.07703	881824	7.09874e-05	
11926	13291	2772	35.4491	30.1292	2014	29	10	643	26	74	522	5	1.58874	917912	6.4587e-05	
11626	12786	2707	35.5728	34.4553	2119	32	4	626	23	87	503	5	1.2429	851756	7.11946e-05	
12068	12951	2706	33.5926	29.1827	2140	30	6	637	12	84	477	6	0.925485	1.12498e+06	6.33032e-05	
11995	13219	2795	27.7999	26.7709	2073	31	6	615	1	78	514	5	1.40096	1.18877e+06	5.77834e-05	
11888	12664	2719	37	34.854	2085	32	5	642	16	87	520	4	0.778181	1.00207e+06	7.05517e-05	
12051	12550	2700	35.0756	26.2808	2001	31	7	647	3	69	497	5	0.429479	1.27434e+06	9.41974e-05	
12086	12892	2729	31.1101	25.4304	2100	30	10	610	20	70	503	4	0.829584	1.3653e+06	5.92487e-05	
11961	12945	2740	29.6126	25.6182	2089	28	8	645	0	74	530	4	1.05366	1.28444e+06	5.69898e-05	
11978	13323	2758	27.5309	27.8929	2105	29	4	629	20	81	514	5	1.5447	1.14762e+06	5.82785e-05	
11832	12578	2704	35.5407	26.2808	2001	31	6	647	3	74	499	5	0.7305	1.27872e+06	6.38774e-05	
11960	12586	2733	34.7159	31.4437	2113	30	7	613	20	87	522	5	0.592319	1.26931e+06	6.97691e-05	
11960	13306	2785	24.9267	25	2076	31	4	624	15	71	524	5	1.54506	1.3248e+06	5.54354e-05	
11848	12703	2725	36.6214	29.6369	2051	32	9	610	0	81	495	4	0.878489	1.0311e+06	6.68599e-05	
11557	12550	2776	34.9892	35	2116	31	7	625	20	80	485	5	1.0469	882720	7.16692e-05	
11918	13261	2736	32.5215	28.2866	2095	29	8	619	5	76	495	6	1.53398	1.01007e+06	6.20617e-05	
11911	13435	2741	35.2843	32.7939	2079	31	8	649	5	86	489	4	1.78636	853103	6.78518e-05	
11625	12650	2738	35.335	31.9444	2090	30	8	647	8	70	511	5	1.08111	922560	6.84229e-05	
11989	13402	2790	21.8243	25	2014	29	8	621	12	76	529	5	1.61495	1.48961e+06	5.41126e-05	
11773	13253	2799	29.8557	32.1967	2096	31	8	644	18	90	527	5	1.7327	950782	6.36375e-05	
12032	12751	2754	35.9522	29.9889	2020	32	8	606	12	65	519	6	0.724063	1.17971e+06	6.63967e-05	
11858	12581	2746	37	25.6691	2052	30	6	600	20	69	530	5	0.714938	1.32301e+06	6.28733e-05	
12100	13359	2763	28.0406	27.5761	2135	29	6	639	15	81	508	5	1.44726	1.157e+06	5.77734e-05	
11987	12578	2741	35.1798	25	2160	31	6	614	4	72	497	5	0.550988	1.4519e+06	6.95943e-05	
12054	12660	2704	36.2847	28.8406	2129	31	6	647	8	69	497	5	0.567445	1.32153e+06	6.96524e-05	
11889	12880	2800	34.3768	25.7692	2034	28	5	627	4	80	523	5	1.08703	1.19525e+06	5.93014e-05	
11879	13496	2797	31.3673	28.0456	2064	29	7	636	8	90	511	5	1.94351	1.02736e+06	5.99125e-05	
11814	13252	2734	30.6944	25.1034	2008	28	8	626	0	81	513	5	1.6436	1.12269e+06	5.8401e-05	
11773	13351	2755	29.8557	25.1329	2145	31	8	645	15	74	518	5	1.83972	1.12986e+06	5.81362e-05	
11909	13324	2776	35.454	34.1936	2151	30	6	647	24	90	513	5	1.65765	853871	6.7627e-05	
12100	12762	2704	35.0908	27.4473	2001	31	5	641	3	76	504	5	0.641515	1.36161e+06	6.52486e-05	
11916	13411	2760	35.5532	30.1292	2027	28	10	643	35	71	522	5	1.75956	908147	6.47124e-05	
11878	12889	2792	37	29.839	2116	30	6	609	24	76	513	5	1.11154	992705	6.51169e-05	
11954	12550	2776	35.6229	32.8274	2115	30	9	602	18	63	463	6	0.562861	1.22663e+06	7.4184e-05	
11838	13415	2775	36.1124	34.1971	2102	30	9	626	22	77	507	4	1.8712	820962	6.93914e-05	
11490	12565	2797	35.7539	33.3993	2000	28	6	637	34	90	478	5	1.15587	883376	7.04027e-05	
12096	12822	2780	35.3378	30.9753	2133	29	7	636	28	64	489	5	0.74454	1.18503e+06	6.56426e-05	
12033	12884	2742	30.5979	28.6804	2141	31	8	618	7	87	510	5	0.887454	1.25579e+06	6.06024e-05	
11374	13274	2721	36.5617	34.4242	2076	32	9	632	9	74	512	5	2.19167	781244	7.38716e-05	
11892	13237	2767	35.6237	33.2096	2088	28	5	626	33	85	525	6	1.55381	878706	6.69434e-05	
11503	13019	2743	36.5832	34.9641	2027	32	6	616	20	67	513	5	1.71425	789648	7.39919e-05	
11920	13147	2797	34.3768	32.1181	2034	28	5	627	3	86	523	5	1.41058	933181	6.48214e-05	
11941	13445	2797	32.9921	26.9996	2005	29	5	637	5	86	524	5	1.79706	1.06514e+06	5.94849e-05	
11976	13103	2776	29.2765	28.7023	2096	29	10	602	31	77	515	5	1.2615	1.10796e+06	5.99988e-05	
12100	13039	2763	28.4364	27.5761	2120	29	6	639	18	81	528	5	1.01235	1.31953e+06	5.74647e-05	
12097	12594	2761	35.9522	33.9695	2038	32	7	606	14	69	511	6	0.439566	1.17978e+06	9.45448e-05	
11615	12679	2741	36.1689	33.9662	2063	29	8	630	10	86	461	6	1.1324	857542	7.17875e-05	
11812	13021	2762	36.4424	33.2847	2130	32	5	634	24	85	502	5	1.35664	869650	6.88089e-05	
11847	12669	2720	35.0058	33.5742	2032	30	8	601	21	75	496	6	0.833157	997254	6.98227e-05	
11520	12590	2723	35.0519	32.0556	2055	28	8	619	32	70	505	4	1.12163	901778	6.91754e-05	
11490	12565	2797	34.0883	31.9466	2005	28	7	638	31	90	520	5	1.15442	942703	6.6836e-05	
11923	12598	2736	36.1097	30.4319	2045	31	6	631	21	86	480	5	0.654671	1.22052e+06	6.75721e-05	
11938	13239	2796	34.9211	30.3472	2000	29	9	626	3	82	481	5	1.515	926904	6.49899e-05	
11948	12626	2733	32.4231	25.8206	2044	30	6	609	20	85	527	5	0.655805	1.4348e+06	6.34719e-05	
11885	12550	2740	36.4431	29.1438	2076	31	9	639	19	81	530	5	0.640351	1.25662e+06	6.60502e-05	
11928	13104	2773	27.0019	25.0927	2038	29	4	628	10	83	519	4	1.31288	1.30278e+06	5.58285e-05	
12017	13167	2787	31.1232	33.3852	2132	29	6	614	19	78	517	4	1.30724	961525	6.46287e-05	
12097	12550	2754	36.2919	32.2531	2133	32	8	606	18	66	511	6	0.381705	1.13381e+06	0.00011302	
11938	13239	2794	34.9211	30.3472	2145	30	8	626	3	82	481	5	1.51392	938569	6.44579e-05	
12014	12932	2728	35.2911	31.476	2047	28	9	633	16	79	498	4	0.975891	994818	6.5937e-05	
12046	13500	2738	34.0839	29.5584	2074	29	5	642	25	76	526	5	1.70734	973601	6.24805e-05	
12054	12578	2701	35.1798	26.2808	2028	28	9	647	0	71	500	5	0.461591	1.2958e+06	8.51716e-05	
12043	12550	2751	27.9242	34.3294	2101	32	7	608	14	76	464	5	0.433513	1.02683e+06	0.00017343	
11961	12835	2740	29.2836	25	2037	28	5	645	4	85	491	4	0.907526	1.40837e+06	5.77234e-05	
11975	13029	2786	37	31.7318	2097	29	7	636	29	79	494	4	1.17757	928042	6.66223e-05	
11995	13219	2787	30.3359	26.7709	2079	31	6	615	1	78	514	5	1.40456	1.13499e+06	5.87751e-05	
12054	12641	2760	35.1798	28.3106	2120	31	5	644	3	72	497	5	0.55364	1.35891e+06	7.15512e-05	
12100	13155	2784	29.9185	29.4313	2097	30	6	635	31	73	482	5	1.18248	1.11012e+06	6.15688e-05	
12042	13080	2727	34.9817	29.1349	2142	32	9	614	27	81	496	6	1.13718	1.00914e+06	6.40246e-05	
11885	12567	2751	36.268	29.1438	2053	30	6	647	16	82	509	5	0.66478	1.26084e+06	6.55437e-05	
11801	12759	2786	35.4757	27.9202	2127	29	10	609	23	76	516	5	1.0296	1.0672e+06	6.27431e-05	
12066	12712	2730	36.383	35	2108	31	7	635	18	85	485	5	0.625506	1.14603e+06	7.16076e-05	
11946	13165	2758	36.3543	26.7694	2056	28	7	638	14	81	530	4	1.38483	1.04062e+06	6.12182e-05	
11971	12759	2793	34.655	28.6518	2116	30	6	609	23	76	513	5	0.820431	1.22125e+06	6.2282e-05	
11737	13040	2799	30.4637	27.9747	2109	30	8	650	9	88	506	4	1.48546	1.05519e+06	6.02882e-05	
11918	13496	2796	32.9349	26.9996	2006	29	7	630	13	79	520	5	1.89685	1.03753e+06	6.0006e-05	
12049	12550	2752	34.2713	34.2394	2069	30	8	606	19	66	497	6	0.439504	1.15623e+06	9.96711e-05	
11843	12710	2752	33.8839	32.2847	2049	29	9	639	8	79	465	6	0.900286	1.01664e+06	6.7861e-05	
11990	13200	2787	31.1232	29.3239	2132	29	5	615	14	83	520	5	1.38635	1.06247e+06	6.03573e-05	
11891	13098	2762	36.4424	33.2508	2130	30	5	634	26	85	494	5	1.36376	875585	6.82314e-05	
11954	12579	2720	35.3388	31.1887	2115	30	9	600	7	63	463	6	0.588353	1.23514e+06	7.15001e-05	
11640	13283	2799	34.3474	29.9642	2086	28	7	650	11	88	512	4	1.94491	931864	6.39632e-05	
12054	12578	2704	35.1798	25	2160	31	6	647	3	71	497	5	0.462103	1.35398e+06	8.44737e-05	
12085	12854	2787	30.9547	28.2906	2142	29	9	623	9	65	491	5	0.797193	1.3307e+06	6.14704e-05	
12089	12882	2721	35.5107	35	2100	28	6	608	8	62	522	5	0.815921	1.00901e+06	6.96233e-05	
11928	13104	2777	27.0019	25.0927	2038	28	4	627	10	81	518	4	1.31477	1.30975e+06	5.56297e-05	
11944	13213	2773	31.4085	27.8876	2052	31	5	607	1	89	528	4	1.45483	1.07091e+06	6.01395e-05	
11975	13029	2723	36.3598	31.7318	2097	31	7	616	27	79	494	4	1.15062	921008	6.75265e-05	
11918	13403	2725	33.0239	26.8225	2012	29	7	631	20	74	521	5	1.72137	1.03391e+06	6.08458e-05	
11840	13416	2762	36.1899	32.924	2156	30	9	626	22	77	508	5	1.86142	843902	6.80365e-05	
12007	13004	2729	34.9048	27.9542	2100	28	10	610	21	70	511	4	1.07978	1.05645e+06	6.23986e-05	
12035	12861	2733	34.8839	25.1034	2041	31	8	628	23	81	513	5	0.857987	1.28647e+06	6.02664e-05	
11892	13237	2748	35.6237	33.2096	2089	28	5	610	33	86	520	6	1.54314	874467	6.74127e-05	
12029	12955	2761	36.5134	25.6232	2106	29	9	615	10	87	489	4	1.0006	1.15837e+06	6.09496e-05	
12097	12550	2743	36.2919	32.2531	2122	32	8	606	17	65	511	6	0.38018	1.1316e+06	0.000113263	
11963	13378	2717	32.2979	34.5959	2138	32	6	632	11	82	520	5	1.62669	866125	6.76773e-05	
12051	12598	2753	37	29.1438	2046	30	10	639	19	83	487	5	0.501232	1.2841e+06	7.66166e-05	
11967	13167	2780	34.6476	29.3033	2132	29	5	614	14	85	498	4	1.37125	1.00344e+06	6.2637e-05	
11995	13219	2795	27.7999	26.7709	2073	31	6	612	1	80	514	5	1.40096	1.18967e+06	5.77334e-05	
12100	12765	2716	37	25.9038	2115	30	5	630	15	70	482	4	0.649426	1.38791e+06	6.41149e-05	
11832	13152	2754	35.4877	34.6526	2053	29	8	619	35	69	520	5	1.50425	830794	7.00231e-05	
11799	13228	2750	37	33.2421	2082	31	7	644	4	89	495	5	1.64611	835534	6.93577e-05	
11879	13042	2760	35.8018	30.1292	2021	28	7	643	35	62	522	6	1.30158	945191	6.54279e-05	
11885	12567	2751	36.268	29.1438	2053	30	6	625	16	82	509	5	0.66478	1.25944e+06	6.55953e-05	
11783	13083	2763	35.8924	35	2022	30	8	624	21	70	504	6	1.47575	818628	7.1495e-05	
11918	13403	2732	33.0239	26.8225	2012	29	7	631	20	74	521	5	1.7258	1.03516e+06	6.07644e-05	
12097	13202	2756	35.5162	33.9695	2117	31	6	616	13	65	513	5	1.24644	888640	6.84322e-05	
11866	13147	2797	34.3768	32.1181	2034	28	5	627	4	86	523	5	1.47777	923965	6.50703e-05	
11672	13089	2765	30.4914	28.9846	2101	29	9	627	17	83	504	6	1.61232	1.00696e+06	6.19924e-05	
11963	13378	2717	36.1205	34.5959	2123	32	4	632	7	79	520	5	1.63059	834745	6.95652e-05	
11879	13121	2774	34.5717	26.9996	2053	29	7	636	22	90	515	5	1.41437	1.04318e+06	6.08606e-05	
12100	12961	2796	33.1986	25.0735	2109	31	8	628	8	83	501	5	0.928884	1.31797e+06	5.82615e-05	
12005	12691	2765	34.1479	30.96	2029	29	9	629	3	76	515	6	0.68012	1.24654e+06	6.60633e-05	
11941	13104	2772	26.4964	25.6318	2022	30	4	628	8	79	521	5	1.29397	1.30014e+06	5.64812e-05	
11888	13010	2754	27.2579	27.2327	2044	28	7	602	31	72	517	6	1.22767	1.21816e+06	5.84898e-05	
11888	12664	2719	34.8719	33.5656	2038	32	4	642	16	89	520	4	0.776822	1.07746e+06	6.83153e-05	
11978	12933	2707	37	28.6465	2037	29	9	615	8	86	500	4	1.01443	1.0158e+06	6.47117e-05	
11989	13321	2785	24.9267	25	2076	29	4	624	23	76	524	5	1.52968	1.34261e+06	5.46717e-05	
11503	13019	2743	36.5832	34.9641	2000	32	6	616	20	74	529	5	1.71425	793006	7.33837e-05	
11961	12835	2741	29.2836	25.6182	2037	28	5	645	30	85	497	4	0.907857	1.38557e+06	5.81058e-05	
11901	12995	2756	33.4027	27.0511	2011	30	5	611	10	87	528	4	1.20746	1.10413e+06	6.06833e-05	
11470	12590	2723	35.0519	32.0556	2055	28	7	624	32	70	505	4	1.18016	891282	6.94203e-05	
11849	12550	2745	37	30.9757	2046	29	7	618	4	89	502	5	0.685656	1.1653e+06	6.71772e-05	
11820	12738	2727	35.4453	33.1733	2084	28	8	631	2	85	473	5	0.95759	946592	6.89655e-05	
12055	12624	2754	35.9522	29.9889	2050	31	7	606	7	65	519	6	0.529637	1.29574e+06	7.45101e-05	
12054	12591	2704	35.9118	26.2808	2001	31	8	639	3	71	497	5	0.479158	1.32963e+06	8.00769e-05	
11690	12712	2779	35.216	26.4251	2150	28	7	601	8	81	510	5	1.10013	1.10908e+06	6.16561e-05	
12100	13398	2701	28.8562	27.5761	2116	29	5	624	9	83	514	5	1.47011	1.1283e+06	5.85617e-05	
11835	12785	2786	35.4757	27.9202	2127	29	10	609	21	76	516	5	1.02232	1.07352e+06	6.25743e-05	
11913	12554	2754	34.7709	35	2049	32	8	606	18	66	520	6	0.61329	1.16161e+06	7.28757e-05	
11954	12550	2776	34.9657	33.9411	2115	30	9	602	10	65	463	6	0.562351	1.21339e+06	7.5358e-05	
11863	13389	2790	32.8144	29.326	2043	30	5	619	31	83	524	5	1.81082	985861	6.21581e-05	
12027	13481	2780	27.8045	25	2030	29	4	621	9	76	524	5	1.717	1.23426e+06	5.57171e-05	
11995	13113	2779	27.7999	26.7709	2143	30	6	617	4	84	514	5	1.24795	1.23941e+06	5.71494e-05	
11858	12553	2740	32.549	27.8842	2052	31	6	650	20	77	530	6	0.67331	1.35694e+06	6.42055e-05	
11816	13324	2788	36.6186	34.1936	2157	30	6	632	24	90	510	5	1.78058	835918	6.86908e-05	
12042	12859	2727	35.0523	27.7565	2137	32	9	614	27	81	480	6	0.845026	1.17046e+06	6.34276e-05	
11709	13216	2744	37	34.8873	2097	32	4	625	1	76	504	5	1.73481	807658	7.20409e-05	
12027	13202	2727	36.7609	30.8225	2095	30	9	603	9	82	493	5	1.32019	910346	6.64364e-05	
11542	13469	2748	36.9185	29.9058	2081	31	6	623	5	83	495	5	0.934606	1.14418e+06	6.22859e-05	
11938	13162	2733	29.4263	30.767	2046	29	9	618	8	88	508	6	1.36797	1.01192e+06	6.26253e-05	
11980	13123	2786	33.4882	32.85	2086	28	5	622	23	79	502	5	1.29652	939234	6.55566e-05	
11701	13083	2700	35.8924	34.7777	2054	31	8	630	3	72	507	5	1.53932	804079	7.227e-05	
11750	12944	2767	35.6237	30.2954	2088	28	5	622	33	85	529	6	1.33077	957455	6.47375e-05	
12006	13496	2732	32.9349	26.8225	2009	29	7	631	21	82	521	5	1.74587	1.04295e+06	6.00817e-05	
12051	12578	2704	35.1798	26.2808	2001	31	6	647	3	71	529	5	0.46576	1.3219e+06	8.42886e-05	
11961	12934	2740	31.1122	25.6182	2089	28	7	645	1	81	530	4	1.0425	1.26271e+06	5.74185e-05	
11871	12921	2753	35.8113	33.9908	2087	32	4	629	12	68	516	5	1.14641	894419	6.96573e-05	
11783	13083	2753	36.6244	35	2047	31	8	624	20	70	504	6	1.47083	808737	7.21397e-05	
12097	12550	2754	34.7816	33.9695	2050	32	8	606	18	65	511	6	0.380614	1.09755e+06	0.000123084	
11783	13083	2763	36.6244	35	2022	30	8	624	21	70	504	5	1.47617	810413	7.18597e-05	
11923	12566	2746	37	30.4319	2053	31	9	631	20	82	459	5	0.616201	1.2108e+06	6.94541e-05	
11988	12728	2704	35.2822	31.6217	2069	30	6	640	17	72	504	5	0.734275	1.13946e+06	6.70376e-05	
11799	13075	2750	36.5323	32.7939	2079	31	8	650	4	89	489	4	1.43902	854578	6.88468e-05	
11776	12557	2789	34.3311	32.1151	2072	28	5	622	21	88	498	5	0.793857	1.12753e+06	6.60328e-05	
11730	12723	2713	35.4453	33.1733	2084	29	8	620	2	85	517	5	1.04083	916721	6.8686e-05	
11888	12746	2719	33.4716	33.7298	2077	32	7	642	16	74	520	4	0.881302	1.00669e+06	6.83574e-05	
11858	13223	2748	28.9044	25.1004	2051	30	10	613	20	89	527	5	1.55448	1.15448e+06	5.72181e-05	
11925	12865	2734	35.5827	32.5051	2053	31	9	630	34	81	462	6	0.998849	937413	6.9377e-05	
11979	12703	2725	36.6214	30.8714	2049	32	9	610	0	81	503	4	0.719434	1.12995e+06	6.73129e-05	
11948	12581	2733	37	31.4437	2108	31	7	613	33	87	522	5	0.602054	1.23065e+06	6.8937e-05	
11961	12831	2773	29.2836	25.6182	2037	28	6	645	1	81	506	4	0.913135	1.39112e+06	5.74845e-05	
11392	12630	2730	34.9892	35	2000	31	7	630	18	85	485	5	1.32566	816555	7.36377e-05	
11875	12550	2776	37	28.6127	2115	30	9	604	10	67	463	6	0.661379	1.23004e+06	6.71456e-05	
11999	13350	2790	34.3764	33.3137	2029	29	9	616	20	77	522	5	1.58898	875799	6.65513e-05	
11773	13351	2755	29.8557	31.3057	2145	31	8	645	15	74	527	5	1.83972	956289	6.35203e-05	
11944	12758	2792	33.8214	26.3425	2136	32	8	620	15	83	504	4	0.851667	1.27288e+06	6.03573e-05	
11061	13377	2797	22.8716	30.0831	2121	28	4	622	5	89	525	6	1.26134	1.28538e+06	5.65323e-05	
12031	13201	2784	30.556	34.8795	2122	30	7	632	28	78	530	4	1.33377	933143	6.58805e-05	
11769	13110	2732	32.5308	28.5458	2067	29	9	638	5	88	502	5	1.50871	988213	6.24649e-05	
12070	13214	2787	37	29.5064	2137	30	9	609	6	89	506	4	1.31186	963390	6.36213e-05	
11851	13496	2788	34.3902	28.5123	2006	29	8	635	5	75	513	5	1.97615	962727	6.28022e-05	
12070	13167	2778	29.5932	29.3239	2132	28	8	609	14	85	514	4	1.23316	1.11586e+06	5.95877e-05	
11956	12892	2729	31.1101	25.4304	2100	30	10	610	20	70	503	4	0.989083	1.24155e+06	5.92557e-05	
11836	12879	2708	30.1845	26.265	2092	29	9	641	7	64	516	5	1.10712	1.17292e+06	5.97479e-05	
11883	13364	2776	36.6186	32.8154	2150	29	6	636	24	80	510	5	1.74588	861108	6.73265e-05	
12011	13228	2746	32.249	32.7939	2071	31	8	644	4	88	480	4	1.38004	914804	6.62383e-05	
11895	12921	2757	35.9746	35	2058	32	9	638	27	67	477	5	1.11877	852087	7.26375e-05	
11402	13274	2721	36.5617	34.4242	2076	32	9	632	9	78	512	5	2.15922	783886	7.34916e-05	
11960	13350	2765	34.1264	34.1971	2036	29	8	626	21	84	508	4	1.62281	853910	6.7714e-05	
11952	12871	2736	32.941	25.1034	2019	31	8	632	26	81	509	4	0.97184	1.23212e+06	5.97943e-05	
12006	12838	2798	36.9096	26.7544	2137	31	10	629	20	65	491	5	0.885303	1.15814e+06	6.31353e-05	
11860	13110	2797	34.3768	32.1181	2034	28	5	629	4	86	523	5	1.43442	927471	6.50787e-05	
11503	13019	2763	36.5832	34.9641	2007	32	6	616	20	67	516	5	1.72675	792138	7.37735e-05	
12033	12688	2736	31.8197	28.6804	2138	31	6	630	7	88	510	4	0.631536	1.36063e+06	6.74536e-05	
11898	13200	2787	32.5575	29.3239	2132	29	5	615	14	83	520	5	1.50337	1.01844e+06	6.13723e-05	
12012	12916	2716	33.748	26.1382	2025	29	9	629	21	88	496	4	0.951607	1.18612e+06	6.06061e-05	
11656	12607	2768	34.8518	26.6207	2115	28	10	641	23	66	497	5	0.999007	1.09646e+06	6.2897e-05	
11392	12712	2730	34.9892	35	2116	31	7	625	18	85	485	5	1.4317	815171	7.29874e-05	
11871	12851	2779	35.1788	31.9759	2142	29	6	604	30	86	470	6	1.06306	968776	6.6836e-05	
12078	12821	2763	36.3946	26.8578	2031	29	10	620	12	66	489	5	0.761841	1.24381e+06	6.31951e-05	
12097	12550	2754	34.7714	33.499	2063	30	7	606	21	67	494	6	0.380605	1.10245e+06	0.000122911	
11867	12739	2798	32.3542	26.0403	2137	32	10	629	18	65	491	4	0.922133	1.22856e+06	6.09645e-05	
11875	12550	2774	36.0069	29.8991	2115	30	9	600	9	60	463	6	0.660364	1.20861e+06	6.83574e-05	
11625	12744	2746	32.3911	31.9444	2110	30	8	649	13	71	512	4	1.20352	944637	6.65292e-05	
11765	12742	2722	36.6214	30.9324	2049	32	9	608	0	81	519	4	1.02777	939919	6.79579e-05	
11892	13102	2748	35.6237	33.2096	2089	28	5	610	33	86	520	6	1.3605	888087	6.74172e-05	
11851	12786	2723	33.2759	27.52	2097	28	8	649	17	71	520	6	0.979068	1.14008e+06	6.14326e-05	
12014	12845	2724	33.748	31.476	2088	28	9	634	21	71	496	4	0.858832	1.08309e+06	6.54965e-05	
11908	12891	2729	30.5615	25.1798	2008	30	8	624	26	79	514	5	1.04509	1.24307e+06	5.87406e-05	
11626	12786	2732	35.5728	33.8522	2127	32	5	626	22	87	503	5	1.25438	863432	7.02198e-05	
11892	12959	2769	33.6064	25.5479	2049	28	6	636	25	88	490	4	1.17613	1.15351e+06	5.97729e-05	
12082	13172	2770	26.941	26.149	2080	30	6	627	21	90	500	6	1.21217	1.29759e+06	5.6802e-05	
11717	12791	2708	35.7467	26.9117	2016	29	9	634	30	75	513	4	1.14238	1.02055e+06	6.391e-05	
11975	13131	2723	36.3598	31.7318	2097	30	7	616	27	79	494	4	1.28643	899837	6.73083e-05	
12070	13231	2780	28.2608	29.3239	2132	28	4	609	17	85	515	4	1.31777	1.14665e+06	5.89831e-05	
12039	13016	2744	33.3625	31.6279	2071	28	7	640	18	85	503	5	1.06065	1.01397e+06	6.42963e-05	
11842	13147	2714	34.3768	32.1181	2034	28	5	638	1	81	523	5	1.46279	904626	6.62647e-05	
11961	13233	2740	29.2836	25	2038	28	8	644	3	82	498	4	1.4389	1.17864e+06	5.73789e-05	
11989	13481	2782	21.8243	25.0309	2110	29	4	621	8	76	524	5	1.72076	1.48706e+06	5.37057e-05	
11778	13110	2732	32.5308	28.5458	2067	29	9	644	5	88	502	5	1.49789	989252	6.24259e-05	
11818	13156	2722	36.4726	30.9324	2053	32	9	611	33	88	514	4	1.5096	876405	6.74127e-05	
11928	13073	2777	27.0019	25.0927	2034	28	4	634	7	81	518	4	1.27265	1.32234e+06	5.56297e-05	
11826	12854	2700	34.4508	28.2868	2109	29	9	650	9	80	506	5	1.08995	1.03268e+06	6.33192e-05	
12013	13305	2758	28.8562	27.5761	2116	29	4	630	23	81	514	5	1.48131	1.14006e+06	5.82954e-05	
11885	12611	2751	36.4431	29.1438	2023	31	9	639	16	84	509	5	0.721846	1.18716e+06	6.5368e-05	
12011	12739	2745	36.8748	29.673	2097	32	10	633	4	61	495	5	0.732429	1.14145e+06	6.70961e-05	
11945	12728	2721	32.3271	25	2007	29	8	624	30	76	498	5	0.787961	1.37003e+06	6.01685e-05	
12024	12641	2760	35.1798	31.1269	2138	31	5	644	3	72	501	5	0.590922	1.28928e+06	6.99643e-05	
11995	13058	2728	34.1617	25.564	2026	30	6	617	4	84	514	5	1.16515	1.15259e+06	6.00384e-05	
11712	12744	2726	33.2759	31.8636	2110	30	8	649	13	84	520	6	1.09247	968362	6.60197e-05	
11952	13167	2790	32.3809	28.9843	2132	29	5	614	14	85	518	5	1.39215	1.04989e+06	6.07165e-05	
12013	13305	2758	28.0406	27.5761	2120	29	4	638	15	80	501	5	1.4786	1.1523e+06	5.83976e-05	
11698	12728	2708	35.0183	31.0256	2087	30	7	614	0	87	523	5	1.08299	958422	6.64938e-05	
12007	12759	2786	36.4008	28.6518	2128	30	6	609	23	75	513	5	0.774685	1.22289e+06	6.32471e-05	
11853	12720	2711	37	33.7635	2160	31	4	613	4	75	496	5	0.89005	951375	7.04374e-05	
12058	12939	2761	33.1915	28.2255	2149	30	7	635	18	62	505	4	0.940226	1.17176e+06	6.1717e-05	
11713	12592	2790	37	34.0438	2059	31	5	635	6	86	463	4	0.91915	931309	7.12403e-05	
11677	13184	2741	36.2231	34.2686	2021	31	9	645	22	86	505	4	1.72759	808664	7.11086e-05	
11847	13496	2797	31.3673	29.719	2017	29	7	623	5	88	513	5	1.98323	978733	6.18659e-05	
12051	12578	2703	35.1798	26.2808	2000	31	7	647	3	68	497	5	0.465588	1.32057e+06	8.44096e-05	
12029	12955	2761	36.341	28.6465	2106	29	9	615	10	87	489	4	1.00051	1.05794e+06	6.33433e-05	
12031	13201	2774	30.556	31.9447	2122	30	7	632	28	78	530	4	1.32898	995491	6.28457e-05	
12046	13307	2738	34.0839	29.5584	2068	29	10	642	25	76	516	5	1.44255	960445	6.3004e-05	
11826	13071	2700	34.4508	29.4614	2109	28	9	650	10	88	506	5	1.37387	953141	6.39427e-05	
11836	12879	2708	29.1777	28.169	2118	29	10	641	7	64	516	5	1.10454	1.13605e+06	6.09533e-05	
11976	12940	2792	35.8239	33.955	2113	31	9	613	2	68	485	5	1.05757	912997	6.95217e-05	
12100	12664	2735	34.4118	32.9257	2076	31	4	623	20	89	519	4	0.520885	1.24488e+06	7.94534e-05	
11908	12871	2729	32.941	25.1034	2008	31	8	626	26	81	513	5	1.02293	1.20299e+06	6.00384e-05	
11976	12778	2738	36.8748	28.3846	2109	32	10	633	9	61	519	5	0.824478	1.1132e+06	6.52997e-05	
12069	12871	2710	32.941	25.4482	2008	31	7	626	34	81	513	5	0.82018	1.33951e+06	6.00709e-05	
11945	13007	2748	35.3154	28.7488	2117	30	8	638	19	67	512	5	1.16795	1.01214e+06	6.3674e-05	
12100	12689	2746	34.6706	32.0482	2088	31	6	620	25	79	492	5	0.555754	1.26655e+06	7.42501e-05	
11944	13213	2773	31.4085	27.4155	2052	31	5	619	1	88	528	4	1.45483	1.08557e+06	5.95806e-05	
11987	13317	2796	36.4496	31.5609	2026	29	10	624	33	89	501	4	1.56304	884517	6.58631e-05	
11690	12747	2777	35.216	26.4251	2142	28	7	601	8	81	496	5	1.14559	1.09215e+06	6.20194e-05	
12029	12955	2765	37	28.6465	2094	29	9	615	18	87	489	4	1.00229	1.04673e+06	6.37592e-05	
11990	13376	2772	31.1232	32.6626	2132	29	5	611	14	83	504	4	1.62125	940748	6.42715e-05	
11851	13496	2797	32.9921	28.5123	2006	29	7	635	5	90	515	5	1.9809	988729	6.13723e-05	
12032	12624	2754	35.9522	29.9889	2050	31	8	610	12	65	512	6	0.558168	1.29359e+06	7.1664e-05	
11944	13329	2773	31.4085	30.382	2052	31	5	613	1	89	528	4	1.61442	985941	6.23752e-05	
11954	12550	2776	35.2885	27.4925	2132	30	9	602	18	63	463	6	0.562613	1.35573e+06	7.05716e-05	
12007	13059	2729	29.1131	27.7132	2073	28	10	609	16	70	507	5	1.14301	1.16344e+06	5.97229e-05	
11882	13083	2702	33.6966	27.7309	2132	31	8	619	2	90	503	4	1.32288	1.01919e+06	6.22161e-05	
11944	12550	2754	35.8191	33.9695	2103	31	8	617	13	65	513	6	0.570842	1.20225e+06	7.34214e-05	
11868	13350	2775	36.1124	34.1971	2036	29	10	639	21	77	504	4	1.74406	822295	6.94444e-05	
11876	12709	2767	35.4825	33.7635	2160	30	4	627	28	75	512	4	0.864834	1.01694e+06	6.80643e-05	
12036	12698	2760	35.1798	33.254	2135	30	5	644	3	84	503	5	0.650534	1.21465e+06	6.83854e-05	
11923	13104	2732	27.0019	25.0927	2038	28	4	627	10	81	518	4	1.29956	1.2967e+06	5.61262e-05	
11937	13171	2713	36.7609	30.3472	2145	30	9	608	5	82	483	5	1.38137	907182	6.66045e-05	
11914	12581	2712	33.6847	30.1483	2000	31	6	647	8	73	500	5	0.63605	1.27186e+06	6.80689e-05	
11626	12786	2707	33.344	34.4553	2119	32	7	626	23	87	503	4	1.24079	864793	7.0141e-05	
11780	12961	2716	30.7449	29.7356	2109	29	9	628	21	87	498	4	1.28637	1.0112e+06	6.2901e-05	
11799	13075	2750	36.5323	32.7939	2144	31	8	650	2	89	489	4	1.43902	857834	6.85072e-05	
12082	13163	2774	26.941	26.01	2080	30	7	632	21	87	498	5	1.20163	1.30122e+06	5.68085e-05	
11928	13104	2777	27.0019	25.0927	2053	29	4	628	10	81	518	4	1.31477	1.30459e+06	5.57849e-05	
11958	13167	2780	31.1232	33.3852	2132	29	6	614	14	86	517	4	1.37749	946841	6.46956e-05	
12088	12689	2745	34.6706	32.3186	2088	31	6	617	22	71	492	5	0.570451	1.26045e+06	7.31743e-05	
11722	12844	2733	24.0112	26.0068	2046	29	7	650	1	81	522	6	1.18038	1.40712e+06	5.68958e-05	
11952	12655	2743	33.3487	27.1606	2005	30	10	613	20	74	517	5	0.692154	1.32669e+06	6.33834e-05	
11853	12720	2711	35.4825	33.7635	2160	31	4	627	35	75	520	4	0.889173	981724	6.88705e-05	
11808	12550	2795	35.655	32.4162	2126	28	5	637	23	90	484	5	0.748061	1.13315e+06	6.69478e-05	
12014	12916	2716	33.748	28.7648	2098	30	9	629	21	88	502	4	0.949167	1.10718e+06	6.24766e-05	
11847	13496	2800	31.3673	29.719	2154	29	7	623	5	89	513	5	1.98535	991745	6.11583e-05	
11916	12936	2764	34.3635	28.2246	2088	32	7	609	22	71	511	5	1.11452	1.05575e+06	6.32831e-05	
11840	12680	2760	36.1002	28.3106	2120	29	5	647	3	72	516	5	0.86914	1.15e+06	6.33914e-05	
11629	12666	2769	30.5934	27.2624	2016	28	7	624	29	79	498	5	1.10288	1.13291e+06	6.11023e-05	
11717	12791	2706	35.1856	27.7386	2016	29	9	634	30	75	513	4	1.14113	1.00383e+06	6.43004e-05	
11906	12739	2787	32.3542	26.7544	2142	29	9	629	9	65	491	4	0.870188	1.26272e+06	6.05583e-05	
12097	12554	2743	30.0062	34.0914	2135	32	7	606	18	68	511	6	0.376789	991412	0.000192049	
11802	13156	2722	36.6214	30.9324	2053	32	9	611	33	81	514	4	1.52892	870852	6.78702e-05	
12017	13079	2761	29.5902	29.3239	2132	29	8	614	14	82	514	4	1.17232	1.11994e+06	6.01902e-05	
11954	12550	2765	34.9657	32.8274	2115	30	9	602	10	63	463	6	0.560122	1.23177e+06	7.47552e-05	
11725	12962	2729	31.1101	27.9542	2100	28	10	610	21	66	507	4	1.36056	1.03366e+06	6.18965e-05	
11960	13350	2775	34.1264	34.1971	2036	30	8	626	22	77	508	4	1.62868	852678	6.80967e-05	
11848	12591	2738	35.3677	33.4094	2000	29	6	624	6	67	464	6	0.736905	1.06249e+06	7.08968e-05	
11868	12622	2779	34.826	31.9759	2142	30	6	604	17	86	470	6	0.763448	1.13279e+06	6.68941e-05	
11968	12578	2752	35.6955	26.2808	2001	31	10	650	3	75	510	5	0.577003	1.37099e+06	6.78518e-05	
11871	12915	2753	35.8113	30.3909	2009	32	9	638	12	71	516	5	1.13843	944022	6.67913e-05	
11966	13104	2777	27.0019	25.0927	2026	29	4	623	10	81	518	4	1.26762	1.32277e+06	5.58036e-05	
11802	12742	2785	35.5601	30.9324	2049	32	9	610	0	81	481	4	1.00549	974616	6.73129e-05	
11979	12719	2725	36.6214	30.8714	2049	32	9	610	0	81	503	4	0.740153	1.1123e+06	6.72314e-05	
11931	13005	2765	28.8578	28.9846	2076	28	10	648	27	82	511	5	1.17865	1.12898e+06	6.00817e-05	
11909	12784	2711	35.6938	30.5824	2067	28	7	606	8	63	476	5	0.904576	1.01979e+06	6.75493e-05	
11876	12899	2711	35.4825	33.7635	2157	30	4	619	24	75	520	4	1.09389	913245	6.86248e-05	
11776	12557	2772	34.3311	33.7269	2000	28	6	622	21	88	498	6	0.789018	1.07196e+06	6.82874e-05	
11866	13147	2734	34.3768	32.1181	2059	31	5	627	9	86	523	5	1.44448	908869	6.62471e-05	
11907	12685	2700	33.24	34.4558	2108	29	9	613	23	65	513	5	0.773745	1.06034e+06	6.93145e-05	
12100	12805	2728	32.9514	25	2036	31	9	622	31	81	513	5	0.701008	1.4274e+06	6.14137e-05	
11892	13237	2767	35.6237	33.2096	2081	28	5	626	33	85	525	6	1.55381	878509	6.69748e-05	
11879	12990	2780	34.5717	26.9996	2006	29	7	636	7	90	515	5	1.23969	1.07179e+06	6.09756e-05	
11851	13213	2746	35.9814	34.2209	2079	31	8	649	4	86	475	4	1.55966	825692	7.03433e-05	
11989	13482	2727	24.9267	25	2076	29	4	624	15	76	524	5	1.71779	1.29538e+06	5.52517e-05	
12070	13219	2787	26.8732	27.1296	2030	30	6	615	-0	74	527	5	1.29903	1.2387e+06	5.74119e-05	
11907	12757	2700	33.7496	34.4558	2108	32	9	617	23	65	464	5	0.866793	959186	7.21345e-05	
11885	12999	2740	33.4031	32.7213	2036	29	9	647	19	67	520	5	1.22528	919097	6.6921e-05	
11829	12955	2707	37	28.6465	2018	29	6	615	8	86	500	4	1.22281	970525	6.54536e-05	
11737	13067	2794	33.4213	27.2675	2109	29	8	645	9	90	506	4	1.52468	1.02958e+06	6.08569e-05	
11863	13389	2790	32.8144	29.326	2036	30	5	619	31	83	524	5	1.81082	985389	6.21968e-05	
11882	12852	2704	30.6453	25.8487	2118	29	9	627	9	72	516	5	1.01623	1.22707e+06	5.9011e-05	
11961	12778	2740	31.1122	25.6915	2067	28	7	645	1	79	530	4	0.837067	1.38474e+06	5.8126e-05	
11978	12928	2707	37	28.6465	2037	29	9	615	8	86	500	4	1.00788	1.01802e+06	6.47124e-05	
11925	13089	2766	30.4984	28.9846	2025	29	9	632	17	83	504	6	1.30412	1.05293e+06	6.13384e-05	
11811	13034	2738	35.4877	35	2004	29	8	625	35	76	506	5	1.36279	828507	7.09572e-05	
11885	12550	2740	34.077	29.1438	2036	32	9	642	19	85	520	5	0.638507	1.28846e+06	6.65469e-05	
11698	12552	2717	34.9319	29.2043	2078	29	7	608	10	69	523	5	0.860557	1.0913e+06	6.51508e-05	
12046	13483	2738	34.0839	29.5584	2068	29	5	642	25	83	505	5	1.68386	970738	6.28141e-05	
12054	12922	2733	34.1818	27.4473	2015	32	5	641	3	71	504	5	0.914288	1.18256e+06	6.26999e-05	
11908	12807	2717	32.3271	25	2008	29	8	624	30	84	498	5	0.934094	1.26603e+06	5.96288e-05	
11747	12684	2708	32.5461	29.4056	2078	30	7	614	8	70	523	5	0.965473	1.07869e+06	6.4e-05	
11954	12579	2776	35.3388	30.1792	2100	30	10	600	8	63	463	6	0.600466	1.26888e+06	7.00525e-05	
11867	12739	2798	32.3542	25.8272	2137	32	10	629	25	66	499	4	0.922133	1.2404e+06	6.04668e-05	
11802	12742	2722	36.6214	30.9324	2049	32	9	610	0	81	519	4	0.983389	956710	6.77415e-05	
11954	12579	2776	35.3388	31.1887	2115	30	9	600	7	63	463	6	0.600466	1.24921e+06	7.07414e-05	
11833	12781	2759	35.8239	33.955	2097	31	9	627	0	68	485	5	1.00982	905104	7.06614e-05	
11933	12921	2757	34.9932	35	2058	32	9	638	26	67	477	5	1.07137	876423	7.19891e-05	
12055	12769	2735	34.4118	34.251	2075	31	4	626	20	89	520	4	0.713	1.15335e+06	6.80411e-05	
11615	12777	2790	33.2083	33.0464	2125	30	5	635	5	86	516	4	1.28001	924839	6.66756e-05	
12021	13059	2729	31.1457	27.9542	2073	32	10	609	16	73	507	5	1.13069	1.09359e+06	6.18276e-05	
11615	12679	2790	35.3322	34.0438	2059	31	5	635	6	86	463	4	1.15207	880360	7.08366e-05	
11982	13228	2750	35.2843	32.7939	2079	31	8	649	4	86	481	4	1.42128	875665	6.76407e-05	
11895	13140	2797	34.5717	26.9996	2045	29	8	636	5	90	515	5	1.43229	1.04496e+06	6.05364e-05	
12054	12629	2714	34.3409	35	2000	31	6	647	8	80	497	5	0.528297	1.20528e+06	7.95355e-05	
12020	12655	2753	33.5084	28.207	2010	30	9	613	20	80	517	5	0.610952	1.34386e+06	6.76498e-05	
12036	12641	2770	35.1798	31.4609	2138	31	5	640	3	79	497	5	0.578107	1.28946e+06	7.10379e-05	
11764	13111	2740	35.6934	32.0838	2150	29	6	632	24	83	513	5	1.52381	884334	6.69658e-05	
11738	12557	2793	34.826	31.9759	2160	30	6	600	23	86	450	5	0.842129	1.05431e+06	6.78748e-05	
12017	12892	2780	35.3378	30.9753	2133	29	7	636	24	64	493	5	0.937104	1.04591e+06	6.55351e-05	
12089	13246	2780	34.0673	29.3239	2142	28	4	608	17	85	499	4	1.32654	1.03806e+06	6.16865e-05	
11896	12841	2758	35.8096	34.7777	2108	31	8	624	14	74	493	6	1.0116	902723	7.05517e-05	
11878	12889	2786	37	29.839	2116	30	6	609	24	76	513	5	1.10915	991781	6.5189e-05	
11847	12894	2729	33.1066	25.1346	2008	29	8	626	0	82	513	5	1.12732	1.16377e+06	5.97372e-05	
12051	12636	2760	36.6214	30.8714	2049	32	9	610	0	81	503	4	0.551792	1.26812e+06	7.22491e-05	
11840	13350	2783	37	31.9466	2076	30	9	618	24	77	502	4	1.78411	853642	6.7838e-05	
11951	12941	2750	35.2843	33.1428	2122	29	8	646	4	82	494	4	1.07337	933816	6.7331e-05	
11695	12791	2709	34.2791	28.3611	2097	30	9	639	32	75	517	4	1.16769	998618	6.40861e-05	
12014	12845	2724	33.748	31.476	2047	28	9	634	21	71	498	4	0.858832	1.08007e+06	6.56254e-05	
12051	12598	2768	37	29.1438	2046	30	10	648	19	83	496	4	0.503963	1.28583e+06	7.63359e-05	
11874	12967	2769	35.0461	25.5479	2038	28	5	633	25	86	515	4	1.21045	1.14545e+06	5.99413e-05	
11896	13228	2750	37	34.0961	2083	31	8	649	4	89	495	5	1.52792	827932	6.97204e-05	
11434	12712	2730	36.383	35	2116	31	7	635	18	85	485	5	1.38371	805396	7.35835e-05	
11773	13351	2755	33.7888	32.9903	2145	31	8	645	15	73	530	5	1.84659	869160	6.69523e-05	
11941	13500	2797	32.9921	26.9996	2000	29	5	642	12	90	519	5	1.87455	1.06127e+06	5.95274e-05	
12029	12939	2761	29.7508	26.1295	2078	29	9	616	17	84	489	4	0.969856	1.29846e+06	5.8418e-05	
12028	12830	2736	33.0457	27.4858	2096	31	8	612	3	75	503	4	0.824845	1.25075e+06	6.16105e-05	
11847	13034	2720	36.0189	35	2101	29	8	619	35	73	496	5	1.31087	826950	7.13114e-05	
12100	13167	2780	31.1232	29.3239	2132	29	5	614	14	85	514	4	1.1999	1.1093e+06	6.00889e-05	
11994	12887	2763	36.7496	35	2091	32	9	617	23	67	474	5	0.954133	898528	7.23785e-05	
11914	12851	2727	37	29.8755	2020	30	8	642	29	75	495	5	0.992123	987852	6.67869e-05	
11847	12669	2720	36.023	33.5742	2032	30	8	600	21	75	496	6	0.833886	978071	7.03779e-05	
11615	12679	2741	37	33.9662	2066	29	6	624	6	86	461	6	1.13283	853401	7.21813e-05	
11374	13274	2721	36.5617	34.4242	2076	32	9	643	9	69	515	5	2.19167	779959	7.40741e-05	
11845	12769	2717	34.9319	25.6514	2078	30	7	608	8	89	516	5	0.963776	1.18419e+06	6.10277e-05	
11722	12822	2733	24.0112	26.0068	2046	29	6	650	1	81	520	6	1.15153	1.4285e+06	5.69249e-05	
11647	12598	2745	36.4431	35	2062	30	9	639	35	82	510	5	0.990943	878766	7.18236e-05	
12100	12765	2716	37	25.9038	2115	30	5	630	28	70	482	4	0.649426	1.38725e+06	6.41519e-05	
11844	12786	2723	33.2759	27.52	2086	28	8	649	17	71	525	6	0.987514	1.13652e+06	6.13761e-05	
12029	12955	2765	36.341	28.6465	2094	29	9	615	17	87	489	4	1.00195	1.0573e+06	6.33633e-05	
12076	13163	2774	28.4676	26.01	2080	31	7	633	13	87	512	5	1.21505	1.24228e+06	5.70907e-05	
12097	12554	2754	34.7816	34.0914	2128	28	9	621	0	65	504	6	0.385783	1.0999e+06	0.000120221	
11858	12553	2740	32.98	25.1004	2052	31	6	613	20	77	530	6	0.673912	1.44765e+06	6.22432e-05	
11711	12594	2793	34.826	31.9759	2160	30	6	600	18	86	450	5	0.92378	1.00737e+06	6.7981e-05	
12070	13289	2784	29.5991	28.5977	2126	29	4	622	16	85	511	6	1.4038	1.12077e+06	5.89518e-05	
11851	13213	2746	35.9814	34.2209	2069	31	8	649	3	83	475	4	1.55966	824242	7.05567e-05	
12043	12737	2778	37	29.8755	2020	30	8	634	23	79	499	5	0.698661	1.20908e+06	6.57117e-05	
11028	12721	2730	37	35	2116	31	7	618	14	85	485	5	1.86126	771028	7.68758e-05	
11816	13071	2776	36.6186	33.1328	2150	31	6	616	25	79	510	5	1.4264	865228	6.84556e-05	
11987	13410	2800	35.1258	31.5609	2126	31	10	624	35	83	518	4	1.69446	896624	6.48172e-05	
11849	12550	2745	37	30.9757	2029	29	8	618	5	90	502	5	0.685656	1.16076e+06	6.72495e-05	
11832	13147	2734	34.3768	32.1181	2059	31	5	627	9	86	523	5	1.48567	904343	6.64099e-05	
11624	12550	2721	36.5617	34.4242	2076	32	9	609	9	64	492	5	0.948181	872569	7.3779e-05	
12070	13283	2780	29.7286	29.3239	2126	29	4	650	17	85	513	6	1.39384	1.09466e+06	5.95877e-05	
12070	13158	2780	28.2608	29.3239	2095	28	5	618	11	83	508	4	1.21767	1.16506e+06	5.92839e-05	
12013	13269	2701	28.8562	27.5761	2116	29	4	630	9	83	514	5	1.40239	1.13792e+06	5.88339e-05	
11938	13500	2794	30.9339	30.7696	2049	29	9	626	3	82	481	6	1.87279	956098	6.33955e-05	
12097	12554	2754	34.3521	34.0914	2135	32	8	606	18	65	516	6	0.385384	1.09431e+06	0.00012332	
12043	12622	2735	35.3772	30.4912	2015	32	8	642	14	76	494	5	0.537795	1.27419e+06	7.45879e-05	
11871	12827	2753	33.9551	33.6573	2091	31	7	639	12	70	508	4	1.02026	947686	6.83153e-05	
11863	12890	2795	29.8897	26.3304	2037	28	6	600	16	88	506	6	1.12333	1.23173e+06	5.82106e-05	
12069	12949	2753	35.8113	33.9908	2087	32	4	644	14	67	516	5	0.939659	973859	6.8738e-05	
11954	12550	2754	34.3643	32.8274	2115	30	9	602	10	66	463	5	0.557349	1.23512e+06	7.52559e-05	
11783	13083	2772	35.8924	35	2022	29	8	626	21	75	504	6	1.48055	823196	7.08717e-05	
11737	12744	2711	35.4077	34.0979	2047	30	6	640	10	81	471	6	1.05881	884788	7.13267e-05	
11885	12598	2745	36.4431	29.1438	2053	30	9	639	27	82	508	5	0.703457	1.20429e+06	6.53083e-05	
11851	13496	2797	32.9921	29.4183	2006	29	7	635	0	90	522	5	1.9809	967029	6.20347e-05	
11879	13496	2797	31.3673	28.6623	2006	29	7	636	5	90	511	5	1.94351	1.00787e+06	6.07497e-05	
12014	12916	2711	33.748	28.7648	2098	29	9	629	21	86	496	4	0.947419	1.10515e+06	6.25626e-05	
11773	13351	2755	29.8557	31.4547	2122	31	8	645	16	74	527	5	1.83972	950689	6.38162e-05	
12035	12967	2769	35.0461	25.5479	2038	28	5	633	24	86	515	5	1.01113	1.23641e+06	5.92101e-05	
11853	12639	2700	34.9768	33.7635	2102	31	5	627	18	75	529	4	0.78151	1.04741e+06	6.88516e-05	
12029	13379	2765	36.341	28.6465	2130	29	9	615	17	87	499	4	1.57904	959277	6.29445e-05	
12097	12624	2754	35.9522	33.744	2050	32	8	606	12	65	511	6	0.477397	1.20674e+06	8.5237e-05	
11935	12890	2799	29.8897	26.3304	2120	29	7	603	16	88	505	6	1.03525	1.28848e+06	5.77934e-05	
11782	12581	2728	32.98	25.7194	2052	30	6	620	20	87	522	5	0.7985	1.32967e+06	6.03682e-05	
11713	12592	2790	34.324	34.0438	2059	31	5	635	6	86	463	4	0.917244	973483	6.98178e-05	
12097	12554	2748	34.3521	34.0914	2135	32	8	610	15	65	516	6	0.384544	1.09294e+06	0.000123442	
11981	12935	2716	35.183	26.1382	2025	30	8	629	21	73	496	4	1.01567	1.12301e+06	6.22859e-05	
12043	12872	2757	34.9932	35	2058	32	9	628	26	67	474	5	0.87027	959307	7.16384e-05	
12100	13305	2763	28.0406	27.5761	2120	29	6	639	15	81	501	5	1.37289	1.16747e+06	5.80754e-05	
12036	12698	2760	35.1798	28.8214	2133	30	5	644	3	84	484	5	0.650534	1.32907e+06	6.52188e-05	
11951	13247	2789	30.7285	30.8447	2059	31	8	619	17	90	506	4	1.50003	979058	6.2818e-05	
11847	12871	2729	31.3442	25.1034	2008	28	8	626	0	81	513	5	1.09434	1.21209e+06	5.86304e-05	
12005	12904	2752	34.1479	31.1198	2029	29	9	630	3	84	515	6	0.957365	1.04602e+06	6.44496e-05	
11968	12578	2741	35.6955	26.2808	2001	31	10	650	3	75	510	5	0.574697	1.36822e+06	6.79948e-05	
11596	13019	2762	35.548	34.7777	2100	30	8	624	11	73	493	6	1.61453	814223	7.17669e-05	
12054	12550	2720	34.3409	29.2316	2000	31	5	650	8	90	497	5	0.428331	1.21052e+06	9.95718e-05	
11910	13015	2759	36.0224	33.955	2088	31	8	627	1	68	485	5	1.22693	862938	7.03779e-05	
11769	12723	2713	35.7001	27.2321	2084	29	8	620	2	85	517	5	0.994519	1.08469e+06	6.3008e-05	
11791	13019	2753	35.2684	33.7252	2061	29	6	612	21	83	505	5	1.37429	865536	6.87994e-05	
11766	13034	2738	36.0322	34.6526	2101	29	8	619	35	64	506	5	1.41748	823181	7.13063e-05	
11987	13402	2790	21.8243	25	2039	29	8	621	12	75	519	5	1.61745	1.4893e+06	5.43006e-05	
11833	12795	2782	37	34.6367	2116	30	6	614	24	76	513	5	1.03752	896133	7.0141e-05	
12058	13160	2761	33.1915	29.6039	2154	30	7	635	18	62	521	4	1.2379	1.02606e+06	6.24415e-05	
11811	13100	2724	35.4877	35	2004	29	8	625	33	76	506	5	1.44365	819781	7.11389e-05	
12049	13167	2780	28.2608	29.3239	2113	28	5	609	16	85	514	4	1.25631	1.15435e+06	5.91646e-05	
12097	12624	2754	35.9522	33.9695	2050	32	8	609	10	75	511	6	0.477397	1.20099e+06	8.52878e-05	
11997	12600	2754	35.9522	33.9695	2050	32	8	606	13	65	511	6	0.570316	1.19834e+06	7.39317e-05	
12028	13276	2736	33.0457	27.4858	2096	31	8	607	3	75	503	4	1.4203	1.03691e+06	6.14968e-05	
11994	12893	2763	36.7496	35	2091	32	9	625	23	67	474	5	0.962122	895373	7.23589e-05	
11951	12974	2750	35.2843	33.1428	2079	30	8	646	4	82	508	4	1.11733	921133	6.73129e-05	
11089	12625	2793	24.2754	34.5658	2054	32	6	603	21	77	523	4	1.11445	983871	6.50745e-05	
12057	12550	2754	36.2919	32.2531	2122	32	7	606	18	65	483	6	0.431462	1.19732e+06	9.42774e-05	
11842	12918	2741	36.7496	34.4295	2108	32	9	617	23	67	474	5	1.17323	838267	7.27061e-05	
11636	12775	2746	36.4094	30.4681	2083	29	8	631	30	85	499	6	1.23496	918492	6.71953e-05	
12024	12779	2749	35.7435	30.0782	2097	28	8	649	17	71	530	6	0.769236	1.18064e+06	6.39264e-05	
11845	13110	2750	35.6188	30.8294	2067	29	9	638	5	88	502	5	1.42964	909567	6.56168e-05	
11151	12651	2765	36.3846	33.9733	2009	31	8	634	2	65	466	6	1.65197	787825	7.6365e-05	
11888	12778	2718	33.4716	33.7298	2104	32	7	642	16	74	520	4	0.922474	987482	6.81803e-05	
11916	13042	2760	35.8018	30.1292	2021	28	7	643	35	74	522	6	1.25614	959946	6.46705e-05	
11730	12723	2720	35.4453	33.1733	2084	29	8	620	10	90	517	5	1.04352	919774	6.84676e-05	
11737	12998	2800	32.2569	28.2294	2109	29	8	638	9	89	502	4	1.43219	1.02801e+06	6.11471e-05	
11847	13034	2710	35.4877	35	2101	29	8	636	35	73	496	5	1.3057	831087	7.11086e-05	
11949	13405	2775	36.1124	34.1971	2102	30	9	626	20	77	507	4	1.72028	829354	6.88279e-05	
11858	12581	2746	37	25.6691	2047	30	6	610	20	84	519	5	0.714938	1.32783e+06	6.2543e-05	
11618	12679	2741	37	33.9662	2063	29	6	630	6	86	461	6	1.12926	854282	7.21709e-05	
11945	13008	2740	35.7186	28.1311	2117	30	8	614	1	69	512	5	1.16617	1.02511e+06	6.34357e-05	
11820	12845	2727	35.4453	33.1733	2084	28	8	631	2	89	473	5	1.09712	905809	6.87947e-05	
12097	12550	2754	34.8449	33.499	2061	30	8	606	22	65	490	6	0.380669	1.1028e+06	0.000122414	
12043	13496	2784	36.8304	31.4168	2020	30	8	631	31	83	499	5	1.73623	880830	6.62515e-05	
12035	12861	2734	31.5706	31.2762	2041	31	9	622	26	81	529	5	0.85406	1.15418e+06	6.39754e-05	
11885	12550	2740	36.4431	29.1438	2053	31	9	639	19	82	520	5	0.640351	1.25198e+06	6.63218e-05	
12081	13167	2780	28.2608	30.2925	2132	28	5	609	14	85	514	4	1.21617	1.14189e+06	5.99377e-05	
12043	12939	2757	34.9932	35	2058	32	9	628	26	67	474	5	0.959391	919031	7.16281e-05	
12051	12598	2740	37	29.1438	2046	30	10	639	19	83	496	5	0.498865	1.28081e+06	7.67401e-05	
11892	13237	2748	35.6237	33.2096	2089	28	6	637	33	86	476	6	1.54314	862175	6.84041e-05	
11811	12803	2704	35.2679	28.7702	2106	30	5	650	31	80	503	5	1.04405	1.03937e+06	6.44995e-05	
11672	13089	2766	30.4984	28.9846	2062	29	9	630	17	83	504	6	1.61292	1.0042e+06	6.21852e-05	
11960	13193	2775	34.1264	34.3514	2036	31	8	622	22	77	508	4	1.41252	861351	6.85448e-05	
11901	13288	2790	29.655	26.0127	2133	30	9	647	10	74	494	5	1.61695	1.11966e+06	5.85206e-05	
12056	12748	2729	35.0781	25.4408	2045	31	7	619	33	72	485	4	0.683458	1.38276e+06	6.31398e-05	
11849	12550	2745	37	30.9757	2046	29	7	618	5	90	502	5	0.685656	1.16609e+06	6.71501e-05	
12056	12680	2756	34.898	33.8368	2062	32	8	606	19	64	490	6	0.600993	1.20073e+06	7.28863e-05	
11888	13010	2754	27.2579	27.2327	2044	28	7	639	31	72	510	6	1.22767	1.21277e+06	5.86201e-05	
11625	12744	2734	31.8294	31.9444	2110	30	8	649	13	70	520	5	1.19736	954662	6.62603e-05	
12012	12953	2716	33.748	26.1382	2025	29	9	629	21	88	505	4	1.0002	1.16398e+06	6.03282e-05	
11719	13089	2746	26.8468	28.9846	2076	28	6	640	27	82	507	6	1.27257	1.18115e+06	5.81058e-05	
11961	12835	2747	29.2836	25.6182	2037	28	5	645	30	86	497	4	0.909844	1.3874e+06	5.80215e-05	
11987	13317	2800	36.4496	31.5609	2126	29	10	617	33	89	501	4	1.56527	890673	6.54108e-05	
12056	12748	2729	35.8377	26.0618	2096	31	7	614	33	72	504	4	0.684012	1.35673e+06	6.30199e-05	
11594	13220	2759	36.2231	34.2686	2057	31	9	650	22	86	501	4	1.8876	806964	7.12454e-05	
11626	12786	2716	35.5728	33.8522	2119	32	5	626	23	87	503	5	1.24703	859823	7.04771e-05	
12070	12840	2752	34.1479	33.0135	2029	29	9	623	15	76	515	6	0.792078	1.10679e+06	6.65735e-05	
12017	13167	2780	31.1232	29.3239	2132	29	5	614	14	85	514	4	1.30396	1.07523e+06	6.04047e-05	
11928	13104	2772	26.4964	25.6318	2031	30	4	628	8	81	521	5	1.31006	1.29458e+06	5.64207e-05	
11802	12742	2787	35.5601	30.9324	2049	32	9	610	0	81	481	4	1.00621	975020	6.72857e-05	
12029	12940	2725	37	28.6465	2018	29	9	627	8	87	500	4	0.968006	1.04424e+06	6.42055e-05	
11766	13034	2738	35.4877	34.6526	2101	29	8	619	35	69	506	5	1.41712	830240	7.07164e-05	
11625	12744	2734	31.8294	31.9444	2110	30	6	649	9	68	520	5	1.19736	960509	6.62339e-05	
12005	12691	2752	34.1479	31.284	2029	29	9	629	3	76	515	6	0.676922	1.23523e+06	6.65026e-05	
11782	12552	2717	34.9319	29.2043	2078	29	8	609	12	69	523	5	0.760347	1.16893e+06	6.48593e-05	
12042	12859	2726	35.0523	31.3478	2137	32	9	611	11	83	501	6	0.844717	1.07514e+06	6.5937e-05	
11747	12709	2767	35.8387	32.089	2160	30	4	627	28	75	512	4	1.02276	969904	6.71908e-05	
11981	12935	2716	35.183	26.1382	2025	29	8	629	21	73	496	4	1.01567	1.12752e+06	6.20001e-05	
12035	12752	2767	34.0301	27.2784	2075	32	9	638	26	78	473	4	0.723444	1.29802e+06	6.36456e-05	
11908	12871	2717	32.3271	25.1034	2008	29	8	624	26	80	498	5	1.01756	1.21539e+06	5.97979e-05	
12054	12641	2760	36.0227	28.3106	2120	31	5	644	3	72	496	5	0.554238	1.36127e+06	7.06814e-05	
11954	12550	2765	34.9657	32.8274	2080	28	9	602	10	63	469	6	0.560122	1.23397e+06	7.44602e-05	
11899	12784	2711	35.9978	30.5824	2070	28	7	606	8	63	476	6	0.916842	1.01092e+06	6.77966e-05	
12005	12691	2752	34.1479	32.1391	2029	29	9	629	3	76	515	6	0.676922	1.21199e+06	6.7254e-05	
12054	12578	2711	34.3409	35	2000	31	6	647	10	72	492	5	0.462568	1.16978e+06	9.20895e-05	
11995	13219	2800	27.7999	26.7709	2084	31	8	615	1	78	514	5	1.40346	1.18374e+06	5.77634e-05	
12100	12689	2746	34.6706	32.0482	2088	31	6	620	25	71	492	5	0.555754	1.26593e+06	7.44103e-05	
12051	12598	2740	37	29.1438	2102	31	10	639	19	83	501	5	0.498865	1.28193e+06	7.66812e-05	
11885	12598	2740	36.4431	29.1438	2053	31	9	639	19	82	509	5	0.702175	1.2e+06	6.55609e-05	
11698	12550	2708	33.5457	27.9404	2049	30	7	609	0	82	523	6	0.853789	1.1678e+06	6.32151e-05	
11707	13034	2720	36.5333	35	2091	29	8	618	35	73	496	5	1.47889	803021	7.23956e-05	
12070	13214	2796	36.7609	30.6926	2137	30	9	602	19	79	495	4	1.31598	933716	6.51254e-05	
11866	12829	2763	34.5383	26.8472	2056	28	7	638	0	81	530	5	1.03334	1.13916e+06	6.05473e-05	
11434	12712	2730	37	34.9658	2116	31	7	645	18	90	485	5	1.38402	802853	7.37518e-05	
11847	12871	2729	29.8052	25.1034	2008	28	8	634	0	81	513	5	1.09098	1.2484e+06	5.79341e-05	