12100	13257	2785	21.8869	25	2092	30	5	621	7	76	524	5	1.27243	1.67461e+06	5.41213e-05	
11245	13169	2713	34.7616	35	2002	31	10	628	12	60	469	4	2.19121	770795	7.70119e-05	
11374	13274	2721	36.5617	34.4242	2076	32	9	632	9	74	512	5	2.19167	781250	7.38716e-05	
12100	13411	2759	21	25	2107	29	6	640	12	83	529	5	1.45881	1.66289e+06	5.32425e-05	
12100	12550	2773	28.8558	34.0914	2135	32	8	606	19	65	515	5	0.368763	882104	0.000275103	
12100	12550	2700	31.145	27.1989	2063	31	7	641	19	71	501	5	0.364601	1.06856e+06	0.000169895	
12100	12550	2743	29.1536	32.7072	2131	32	8	620	18	87	491	5	0.365655	924456	0.000250501	
12097	12554	2743	29.4743	34.0914	2124	32	7	606	18	68	511	6	0.375422	961960	0.000212857	
12043	12578	2704	25.6624	27.1989	2042	31	8	637	21	71	501	5	0.451432	958482	0.000238379	
12100	12554	2743	31.5061	34.0914	2040	29	8	611	18	75	516	6	0.376236	1.03658e+06	0.000159719	
12043	12578	2723	25.6624	33.508	2037	31	8	637	21	71	501	5	0.454604	917610	0.000245038	
12097	12550	2754	32.8064	34.5191	2050	30	8	610	12	64	509	4	0.378394	1.05984e+06	0.000141663	
11989	13162	2753	21.8243	25	2014	29	8	629	15	76	529	5	1.26546	1.63296e+06	5.47645e-05	
12100	12554	2754	32.1899	34.1413	2128	32	8	606	18	65	485	6	0.378908	1.05414e+06	0.000148699	
11697	13434	2773	31.9786	26.095	2116	28	7	625	17	86	513	6	2.06388	1.07581e+06	5.93331e-05	
11538	13274	2721	37	34.4242	2076	32	9	643	11	69	512	5	2.00068	781446	7.34538e-05	
12100	12550	2737	30.0464	32.7072	2129	32	7	606	19	63	491	6	0.367209	976344	0.000205761	
11985	13383	2790	21.8243	25	2065	28	8	621	12	75	526	5	1.59341	1.50885e+06	5.3697e-05	
12100	13257	2785	21.8869	25.3537	2092	30	5	621	10	77	524	4	1.27243	1.6576e+06	5.43596e-05	
12097	12554	2747	29.4743	34.0914	2118	32	7	635	18	68	519	6	0.375969	968550	0.000212269	
12043	12578	2704	25.6624	28.4396	2033	32	8	637	21	71	503	5	0.451432	948743	0.000240038	
12100	13120	2785	23.8248	25	2092	30	5	629	7	76	524	5	1.10536	1.59339e+06	5.48486e-05	
12100	13431	2753	21.8243	25	2029	29	9	621	14	78	529	5	1.49592	1.52303e+06	5.41038e-05	
12083	12554	2715	30.691	34.0914	2054	28	8	600	18	68	505	5	0.391678	1.03992e+06	0.000154226	
12100	12550	2743	30.0464	32.7072	2135	32	8	609	17	63	491	6	0.368014	976963	0.000205508	
12097	12550	2743	30.0464	34.0914	2125	32	8	606	17	61	478	6	0.371738	979658	0.00020008	
11445	13274	2717	36.5617	34.7086	2075	32	9	643	7	69	514	5	2.10613	777333	7.40192e-05	
12100	12550	2748	30.691	32.7674	2040	30	8	611	19	67	515	6	0.370154	1.01385e+06	0.000183554	
11989	13128	2753	22.6653	25	2079	29	7	621	18	73	515	5	1.22985	1.57136e+06	5.49543e-05	
12100	12550	2751	30.691	29.5586	2040	29	8	611	19	67	516	6	0.370558	1.03469e+06	0.000181291	
12100	13401	2759	21.8243	25	2014	29	6	621	12	83	529	5	1.45767	1.55559e+06	5.38967e-05	
12100	12554	2759	30.0062	33.8995	2116	32	9	606	31	65	526	5	0.375241	985834	0.000197668	
11304	13190	2721	36.5617	34.4242	2076	32	9	630	9	64	492	5	2.15938	771805	7.56029e-05	
12094	12550	2743	30.0464	32.9848	2098	32	8	605	18	63	491	5	0.37546	994545	0.000192493	
11989	13128	2753	22.6653	25	2108	29	7	617	18	73	515	5	1.22985	1.57898e+06	5.48155e-05	
11697	13434	2773	31.9786	26.095	2116	28	7	626	4	84	513	6	2.06388	1.07693e+06	5.93296e-05	
12100	12552	2743	33.1939	34.7309	2145	29	8	611	18	80	516	6	0.376249	1.06149e+06	0.00013837	
11445	13274	2717	36.5617	34.8802	2075	32	9	643	7	69	514	5	2.10613	775039	7.42005e-05	
12100	12554	2743	32.1683	35	2140	29	7	611	18	69	514	6	0.377361	1.04486e+06	0.000149454	
12097	12554	2753	30.0062	34.0914	2135	32	8	606	31	64	519	5	0.378162	993863	0.000191755	
12007	13481	2782	21.8243	25.0309	2014	29	5	621	9	80	524	5	1.69828	1.47603e+06	5.40833e-05	
11557	13360	2782	36.9122	34.1971	2041	30	8	621	18	77	502	4	2.14178	798975	7.17309e-05	
12097	12554	2743	30.1661	34.0914	2135	32	7	606	20	65	487	6	0.377173	998958	0.000187371	
11374	13274	2715	36.5617	34.8411	2076	32	10	632	13	80	512	5	2.18683	775180	7.41565e-05	
11928	12801	2780	26.4964	25	2123	30	4	626	7	81	509	4	0.90596	1.53859e+06	5.71331e-05	
12024	13236	2782	21.8243	25.0309	2014	29	5	621	9	80	524	5	1.33665	1.62545e+06	5.41243e-05	
12069	12550	2754	34.7816	34.6952	2118	28	9	629	17	76	513	5	0.415461	1.12925e+06	0.000106508	
11928	12801	2772	26.4964	25	2123	31	9	626	15	82	509	4	0.903353	1.49658e+06	5.76037e-05	
12100	12554	2743	30.691	35	2043	29	8	611	18	67	516	5	0.374629	1.00944e+06	0.000178063	
12033	13243	2790	21.8243	25	2014	29	8	640	15	75	529	5	1.33886	1.61639e+06	5.40862e-05	
12097	12580	2743	36.2919	34.233	2117	28	8	606	23	65	511	6	0.418835	1.15529e+06	9.92162e-05	
12058	12554	2754	28.5079	34.6952	2107	28	9	621	18	69	513	5	0.422558	1.02791e+06	0.000171057	
12097	12554	2757	30.1661	34.0914	2000	32	7	610	20	64	504	6	0.379098	1.00312e+06	0.000186881	
12059	12554	2743	32.954	34.0914	2015	29	8	611	11	72	516	6	0.429317	1.12868e+06	0.000109541	
12097	12576	2754	35.9486	33.4876	2136	32	8	606	17	78	505	6	0.415126	1.15516e+06	0.000101688	
12100	12550	2700	31.8054	25	2128	28	7	643	19	71	501	5	0.365789	1.11453e+06	0.000155352	
12100	13318	2785	23.3276	25.3537	2092	30	5	621	10	77	530	4	1.37335	1.4694e+06	5.41712e-05	
12068	13402	2790	21.8243	25	2014	29	8	640	12	78	529	5	1.51579	1.53023e+06	5.38184e-05	
12100	12554	2758	30.691	33.9656	2030	29	8	634	21	81	513	5	0.376678	1.02454e+06	0.000176429	
12010	13226	2790	21.8243	25	2014	29	8	640	15	75	529	5	1.34424	1.6094e+06	5.41389e-05	
12098	12554	2742	30.691	34.0914	2001	28	7	611	18	69	516	6	0.376974	1.02048e+06	0.000174216	
12100	13500	2793	21.0217	25	2060	29	6	621	12	78	524	5	1.6022	1.60334e+06	5.33646e-05	
12100	13411	2759	21.8243	25	2003	29	6	621	12	83	529	5	1.47149	1.54706e+06	5.39549e-05	
12097	12550	2731	34.5123	34.0914	2132	31	7	618	15	79	516	6	0.377192	1.08609e+06	0.000125518	
12010	13226	2790	21.8243	25	2035	30	8	644	17	78	529	4	1.34424	1.6014e+06	5.42329e-05	
12097	12550	2754	31.6635	34.0914	2135	29	8	602	15	79	516	5	0.376597	1.03975e+06	0.000157803	
12043	12550	2750	27.9242	34.0428	2127	32	8	610	10	72	479	5	0.433355	1.02658e+06	0.00017319	
12100	12550	2773	31.8831	33.6848	2108	28	8	608	20	65	515	5	0.375812	1.04559e+06	0.000157183	
11968	13167	2780	28.7502	28.1162	2113	28	5	609	14	85	514	4	1.35906	1.14717e+06	5.84795e-05	
12053	12578	2714	35.7574	35	2000	31	7	646	18	72	497	5	0.465454	1.17846e+06	8.76962e-05	
11989	13500	2793	21.0217	25	2060	29	5	621	12	77	524	5	1.74185	1.54964e+06	5.36481e-05	
12097	12550	2743	30.0464	33.5614	2098	32	8	606	18	60	494	5	0.371738	981212	0.000199442	
11310	13190	2709	36.5617	34.4242	2076	32	9	635	20	66	492	5	2.14298	771102	7.56487e-05	
11680	13334	2779	36.9122	33.9353	2041	31	8	626	15	77	483	4	1.95489	804676	7.15666e-05	
11928	12801	2772	26.4964	25	2123	31	4	626	15	82	509	4	0.903353	1.52891e+06	5.74383e-05	
12100	12550	2704	35.4912	26.0582	2160	31	6	644	6	70	497	5	0.370593	1.19103e+06	0.000117523	
11918	13496	2797	32.9349	26.9996	2006	29	7	631	13	79	521	5	1.89752	1.03774e+06	5.99628e-05	
11985	13402	2790	21.8243	25	2002	28	8	621	12	75	526	5	1.61995	1.49233e+06	5.4019e-05	
12100	12588	2754	35.9486	33.5983	2056	32	8	606	17	68	505	6	0.426933	1.1687e+06	9.79624e-05	
11909	12673	2795	31.6487	25.1386	2092	29	4	606	8	82	469	5	0.780147	1.44946e+06	5.98946e-05	
11979	13402	2790	34.8166	25	2003	28	8	621	12	80	529	4	1.68696	1.0987e+06	5.87717e-05	
11982	12550	2749	35.1547	34.4604	2006	29	8	640	12	68	516	5	0.522583	1.21231e+06	7.86225e-05	
12100	12550	2749	34.9661	34.4604	2030	29	8	631	21	68	516	5	0.376349	1.09094e+06	0.000124162	
12097	12554	2754	33.7629	34.6113	2128	32	8	606	18	65	516	6	0.384764	1.07976e+06	0.000128353	
12047	12830	2749	29.2836	25.4044	2070	28	7	642	17	85	493	4	0.797775	1.46327e+06	5.91646e-05	
11640	13283	2799	29.5986	27.9747	2094	29	7	650	11	88	517	4	1.93666	1.05092e+06	5.9848e-05	
11612	13274	2721	36.5617	34.4242	2075	31	9	643	15	71	514	5	1.91331	792466	7.22909e-05	
11882	13083	2766	33.6966	27.7309	2132	31	8	619	2	90	501	4	1.35422	1.03053e+06	6.1512e-05	
12100	12598	2740	37	30.528	2056	30	10	632	19	83	483	5	0.43823	1.21703e+06	8.98715e-05	
11961	12835	2740	29.2836	25	2037	28	5	645	4	85	491	4	0.907526	1.40834e+06	5.77234e-05	
11985	13402	2790	21.8243	25	2014	29	8	640	12	75	529	5	1.61995	1.48359e+06	5.41243e-05	
11979	13402	2790	28.612	25	2003	28	8	621	12	80	529	4	1.67538	1.18943e+06	5.5869e-05	
11776	13317	2796	37	33.7296	2055	29	10	624	16	89	495	4	1.82547	820900	6.93674e-05	
11858	12581	2743	33.03	25.1004	2095	32	10	613	20	83	530	5	0.7108	1.39351e+06	6.11359e-05	
11828	12581	2728	32.3092	25.7127	2052	30	5	620	20	82	522	5	0.742138	1.39796e+06	6.07201e-05	
12097	12550	2754	34.3521	34.6113	2128	32	8	606	18	65	530	6	0.380214	1.0836e+06	0.00012655	
12100	12598	2740	37	29.1438	2056	29	10	632	17	83	496	5	0.43823	1.23538e+06	8.91663e-05	
12043	12578	2702	25.6624	27.1989	2042	31	8	638	19	69	501	6	0.451098	957471	0.00023872	
12033	13243	2790	24.8948	25	2014	29	8	640	15	75	529	5	1.36901	1.36417e+06	5.47885e-05	
11990	13500	2800	32.7374	30.3219	2132	29	5	615	14	83	526	5	1.8148	980589	6.17551e-05	
11989	13321	2785	24.9267	25	2076	29	4	624	23	76	524	5	1.52968	1.34266e+06	5.46717e-05	
11907	13201	2768	33.1569	34.0996	2122	32	7	632	22	78	530	4	1.48423	877573	6.71908e-05	
12100	13257	2785	25.1029	25	2075	30	5	621	10	76	519	5	1.30305	1.40153e+06	5.48035e-05	
12100	12554	2743	33.1939	35	2140	29	7	611	18	69	514	6	0.378823	1.0638e+06	0.000136743	
12097	12554	2738	34.5761	34.1927	2018	31	9	623	24	65	506	6	0.383357	1.09595e+06	0.00012216	
12097	12609	2764	35.5162	33.9695	2023	30	8	634	31	75	517	6	0.459277	1.18831e+06	9.06536e-05	
12083	12554	2745	32.4885	35	2000	28	8	614	18	70	516	6	0.39923	1.07693e+06	0.000129467	
12037	12554	2763	34.7816	34.0914	2136	29	8	620	16	66	516	6	0.461861	1.184e+06	9.13659e-05	
12006	12554	2754	34.7816	34.0914	2070	32	8	610	18	64	517	6	0.498741	1.20811e+06	8.30496e-05	
12079	13500	2800	21	25	2060	29	4	621	12	77	524	5	1.63243	1.60578e+06	5.33001e-05	
11895	13496	2788	32.9921	28.8175	2006	29	8	635	5	75	526	5	1.92005	978070	6.18314e-05	
12097	12550	2743	30.0464	31.4611	2147	32	8	606	15	63	478	6	0.371738	994589	0.00019802	
12025	12811	2795	31.1232	29.3239	2132	29	6	615	12	85	520	5	0.817775	1.31155e+06	6.0794e-05	
12100	12765	2700	37	25.9038	2115	32	5	630	17	70	480	4	0.6456	1.37661e+06	6.4834e-05	
12097	12622	2754	35.9486	33.4876	2158	32	9	606	17	89	505	6	0.474795	1.20444e+06	8.54409e-05	
12100	12550	2764	33.9715	33.5728	2050	32	9	601	16	65	490	4	0.377451	1.08413e+06	0.000131562	
12097	12554	2754	34.3521	34.6113	2128	32	8	650	18	66	523	6	0.385384	1.0931e+06	0.000123457	
12088	12554	2763	34.7816	34.0914	2136	31	8	620	15	66	516	6	0.39829	1.11636e+06	0.000114233	
12100	12578	2703	35.1798	26.3502	2000	31	7	647	4	68	497	5	0.405772	1.23989e+06	0.000103008	
11892	13044	2774	35.6237	33.2096	2115	28	5	620	11	86	520	6	1.29474	904425	6.68449e-05	
12083	12550	2715	31.2273	34.0914	2052	28	8	648	18	65	511	5	0.387657	1.05087e+06	0.000149432	
12100	12692	2737	35.7259	29.1438	2066	30	10	642	19	83	505	5	0.558658	1.3076e+06	7.08767e-05	
12035	12550	2700	35.3856	26.2808	2149	31	8	647	3	69	497	5	0.449175	1.29179e+06	8.73897e-05	
11989	13482	2785	22.4351	25	2092	29	4	624	16	76	524	5	1.73187	1.43755e+06	5.38967e-05	
11594	13220	2759	36.8307	34.2686	2001	31	9	650	22	86	501	4	1.88793	797829	7.1958e-05	
12097	12550	2743	35.5836	34.0914	2135	32	8	606	23	63	481	5	0.379728	1.10882e+06	0.000118161	
12043	12550	2751	27.9242	34.9144	2143	32	7	608	14	76	464	5	0.433513	1.02307e+06	0.000173822	
12100	13257	2785	21.8869	25	2087	30	5	637	10	76	524	5	1.27243	1.67012e+06	5.4136e-05	
12054	12660	2704	36.0824	28.8406	2095	31	6	647	8	70	492	5	0.567326	1.31972e+06	6.99154e-05	
11936	13500	2797	31.3673	29.719	2035	29	7	623	5	88	522	5	1.87816	988798	6.12182e-05	
11964	12578	2760	35.6955	25.668	2001	31	10	650	8	76	510	5	0.583621	1.39037e+06	6.70151e-05	
11858	12550	2766	32.98	25	2052	30	6	613	22	86	530	5	0.676414	1.45671e+06	6.16485e-05	
11926	12550	2733	33.748	26.0798	2051	29	9	629	18	89	495	4	0.586627	1.38569e+06	6.76727e-05	
12042	12554	2754	34.7816	34.6952	2128	28	9	621	18	69	513	5	0.454156	1.1673e+06	9.35366e-05	
12100	13201	2774	32.7645	31.9447	2122	30	7	632	22	78	530	5	1.24656	982793	6.3484e-05	
11680	13360	2779	36.9122	34.1971	2041	31	8	621	15	77	483	4	1.99094	799962	7.18442e-05	
12100	12550	2752	33.7273	33.5728	2050	32	8	606	20	65	490	6	0.375543	1.081e+06	0.00013421	
12100	12550	2728	35.663	27.3411	2018	30	7	642	3	69	496	5	0.374003	1.17813e+06	0.000116618	
11940	13500	2788	32.9921	28.5123	2006	29	8	635	5	76	526	5	1.86976	990471	6.13234e-05	
12097	12550	2754	35.3553	34.0914	2135	29	7	602	18	79	516	6	0.381083	1.1044e+06	0.000119175	
11995	12550	2743	36.5832	34.9641	2044	32	6	614	20	70	513	5	0.506388	1.20151e+06	7.94407e-05	
11911	13471	2741	35.2843	32.7939	2096	31	8	649	5	80	491	4	1.83599	851546	6.79948e-05	
11538	13274	2717	37	34.4242	2088	32	9	643	11	69	512	5	1.99774	781509	7.34268e-05	
11848	13259	2775	32.0307	28.1973	2051	30	5	610	11	89	526	4	1.63866	1.03372e+06	6.07903e-05	
11989	13087	2789	24.9267	25	2070	29	5	610	14	68	524	5	1.20973	1.45236e+06	5.49652e-05	
11989	13482	2785	24.9267	25	2074	29	4	646	15	76	524	5	1.75432	1.30537e+06	5.46388e-05	
12100	13104	2774	26.4964	25.0927	2096	30	4	628	10	81	516	4	1.09662	1.44426e+06	5.52303e-05	
12100	12550	2743	34.0603	32.8176	2117	32	8	606	17	65	511	6	0.374677	1.0865e+06	0.000130822	
12097	12579	2754	34.7816	34.6952	2128	28	6	621	18	69	513	5	0.418128	1.13604e+06	0.000105955	
11851	13489	2788	32.9921	28.5123	2006	29	8	635	5	75	526	5	1.96468	981929	6.17436e-05	
12013	12737	2778	36.1081	29.8755	2020	30	8	634	23	79	499	5	0.735675	1.1928e+06	6.51126e-05	
12097	12550	2752	33.5006	33.5728	2050	32	9	601	16	65	490	4	0.379015	1.07883e+06	0.000133761	
12097	12568	2760	36.8882	35	2038	32	8	606	15	65	507	6	0.406174	1.14519e+06	0.000102407	
11838	12550	2728	32.98	25.7194	2069	30	7	620	20	87	523	5	0.691297	1.40039e+06	6.17627e-05	
12077	12554	2743	34.6348	34.9957	2148	32	8	606	18	63	516	5	0.40891	1.11881e+06	0.000109721	
11851	13496	2788	32.9921	28.5123	2006	29	8	635	5	75	526	5	1.97452	981641	6.17436e-05	
12100	12577	2743	36.1861	34.0914	2135	32	9	606	21	63	481	5	0.41118	1.14959e+06	0.000102229	
11879	13042	2760	35.8018	30.1292	2021	28	7	643	35	62	522	6	1.30158	945254	6.54279e-05	
11985	13472	2793	21.8243	25	2002	29	8	640	12	78	530	5	1.7199	1.45944e+06	5.40541e-05	
11799	13228	2750	37	33.2421	2082	31	7	643	2	89	502	5	1.64611	837159	6.91706e-05	
12097	12550	2743	36.2919	32.8176	2117	32	8	606	17	65	511	6	0.38018	1.12607e+06	0.000113533	
11961	12890	2747	29.1569	25.9167	2044	28	5	645	1	85	491	5	0.982134	1.33218e+06	5.80889e-05	
12030	13000	2786	27.7999	26.7709	2134	30	6	617	4	84	529	5	1.05362	1.34601e+06	5.66669e-05	
11773	13351	2764	29.8557	31.3057	2154	29	6	645	15	90	520	5	1.84573	971917	6.25391e-05	
11879	13500	2797	31.3673	28.0456	2064	29	7	636	8	89	516	5	1.94916	1.02865e+06	5.9805e-05	
12100	12577	2743	35.5836	34.0914	2135	32	9	606	23	63	481	5	0.410789	1.1417e+06	0.000104723	
11978	12928	2707	37	28.6465	2037	29	9	615	8	86	500	4	1.00788	1.01832e+06	6.47124e-05	
11702	12967	2776	36.6186	31.5634	2150	31	6	636	24	83	511	5	1.42506	893412	6.72495e-05	
11945	12728	2721	32.3271	25	2007	29	8	624	30	76	498	5	0.787961	1.36931e+06	6.01685e-05	
12100	13037	2796	34.282	25.0735	2079	31	8	628	8	83	500	5	1.0334	1.23433e+06	5.89414e-05	
12100	13257	2785	25.1029	25	2155	30	5	621	10	76	519	5	1.30305	1.41229e+06	5.43981e-05	
11896	13252	2734	30.6944	25	2017	28	8	626	0	81	513	5	1.5442	1.14315e+06	5.79408e-05	
12100	12554	2758	30.691	34.4604	2030	29	8	634	21	67	516	5	0.376678	1.02006e+06	0.000177022	
11766	13034	2738	35.4877	34.6526	2101	29	8	619	35	69	506	5	1.41712	830180	7.07164e-05	
11640	13283	2784	29.5986	26.2364	2049	28	7	650	11	88	517	4	1.92628	1.09493e+06	5.85412e-05	
12043	12550	2726	34.896	34.0428	2101	32	8	613	9	68	468	5	0.443292	1.1684e+06	9.53289e-05	
12051	12578	2740	35.5724	29.1438	2038	30	10	632	25	79	498	5	0.472255	1.25502e+06	8.40972e-05	
11679	13273	2718	36.5461	33.9145	2084	32	9	631	12	86	514	5	1.83052	806966	7.09019e-05	
12046	13307	2738	34.0839	29.5584	2068	29	10	642	25	76	516	5	1.44255	960366	6.3004e-05	
11981	13252	2734	30.6944	25.1034	2008	28	8	626	0	76	513	5	1.44044	1.15704e+06	5.78804e-05	
12024	12641	2760	36.0471	30.6055	2138	31	5	644	3	75	501	5	0.591535	1.294e+06	6.91228e-05	
11960	13350	2775	34.1264	34.1971	2036	30	8	626	22	77	508	4	1.62868	852522	6.80967e-05	
12097	12561	2762	36.9214	31.5425	2103	29	8	616	8	69	524	6	0.397402	1.16861e+06	0.000103734	
12005	12691	2765	34.1479	30.96	2029	29	9	629	3	76	515	6	0.68012	1.24338e+06	6.60633e-05	
11989	13442	2782	21.8243	25.0309	2027	29	4	623	12	81	524	5	1.66615	1.48818e+06	5.40219e-05	
12069	12554	2754	34.7816	34.6952	2118	28	9	629	18	76	513	5	0.42063	1.13449e+06	0.000104559	
12097	12554	2754	34.3521	34.6113	2128	32	8	605	18	65	523	6	0.385384	1.09029e+06	0.000123564	
12086	12892	2729	31.1101	26.5965	2100	30	10	633	20	81	495	4	0.829584	1.32485e+06	5.99664e-05	
12053	12553	2714	30.0377	35	2030	31	9	646	7	72	503	5	0.425536	1.07008e+06	0.000135428	
12097	12568	2754	35.9522	33.9695	2038	32	7	606	13	65	511	6	0.404774	1.14232e+06	0.000105731	
11866	13147	2797	34.3768	32.1181	2001	28	5	627	4	84	523	5	1.47777	921674	6.52742e-05	
11594	13199	2755	37	34.2686	2013	31	9	650	22	86	501	4	1.8567	796966	7.20409e-05	
11923	13104	2745	24.2446	25.0927	2140	28	4	627	11	81	518	4	1.28961	1.43454e+06	5.47076e-05	
11963	12550	2739	35.5836	34.0914	2135	32	9	619	23	63	481	5	0.544306	1.19888e+06	7.63359e-05	
11768	12850	2742	36.5617	33.8824	2075	31	9	643	11	70	514	5	1.17334	855725	7.06265e-05	
11825	13360	2760	37	34.1971	2036	30	9	621	10	77	520	4	1.80146	809379	7.02001e-05	
11503	13037	2743	36.7088	34.9641	2027	32	6	616	20	70	513	5	1.73836	789000	7.38771e-05	
12088	12554	2763	32.2492	34.0914	2130	31	8	620	15	66	530	6	0.395237	1.07532e+06	0.000135281	
12007	13481	2770	21.8243	25.0309	2010	28	4	621	9	76	524	4	1.69096	1.4843e+06	5.40044e-05	
12097	12550	2762	36.9214	33.9695	2103	29	8	618	13	65	507	6	0.383142	1.12727e+06	0.000110644	
11861	13496	2800	31.3673	29.719	2154	29	7	623	3	89	513	5	1.96797	992916	6.10986e-05	
11979	12703	2725	36.6214	30.8714	2049	32	9	610	0	81	503	4	0.719434	1.13039e+06	6.73129e-05	
12006	12554	2754	35.0103	33.1805	2095	32	8	606	18	62	517	6	0.498936	1.22276e+06	8.20008e-05	
12059	12601	2746	37	28.9939	2052	31	9	631	19	82	459	5	0.493933	1.2862e+06	7.78816e-05	
11840	13360	2775	36.9122	34.1971	2036	30	9	621	22	86	502	4	1.79279	813383	6.99252e-05	
11520	12590	2723	35.0519	32.0556	2055	28	8	619	32	70	505	4	1.12163	901926	6.91754e-05	
11793	12724	2703	34.5121	25.667	2160	29	8	647	6	71	515	5	0.96261	1.17666e+06	6.10463e-05	
12097	12616	2772	35.9522	30.4267	2038	29	8	604	15	65	509	6	0.470054	1.24957e+06	8.53825e-05	
12006	12554	2768	34.7816	33.7367	2070	32	8	610	18	70	517	5	0.501276	1.21454e+06	8.25559e-05	
12100	12635	2750	35.8191	33.9695	2103	31	9	616	13	65	513	6	0.487166	1.20567e+06	8.35492e-05	
11928	13046	2777	27.2642	25.0927	2053	29	7	628	10	83	518	4	1.23717	1.29564e+06	5.59378e-05	
12100	12550	2754	33.5874	34.5189	2128	28	9	621	18	69	517	5	0.375655	1.06762e+06	0.000135722	
11833	12889	2786	36.6975	29.839	2116	30	6	610	24	76	513	5	1.16459	978556	6.52146e-05	
12100	13257	2785	21.8869	25	2075	30	5	621	10	76	519	5	1.27243	1.66683e+06	5.43449e-05	
12100	13411	2788	24.6701	25	2014	29	6	621	12	83	529	5	1.51552	1.35132e+06	5.42977e-05	
12083	12550	2756	32.4885	34.716	2032	28	7	611	18	70	516	6	0.395657	1.07597e+06	0.000132345	
11503	13012	2743	36.5832	34.9641	2027	32	6	616	20	70	513	5	1.70491	791000	7.37953e-05	
11989	13379	2732	24.9267	25	2076	29	4	624	15	76	524	5	1.57965	1.31567e+06	5.52029e-05	
12097	12554	2754	34.6348	34.9957	2128	32	8	606	18	65	516	6	0.385651	1.09268e+06	0.000121714	
12089	12624	2723	35.9522	29.069	2050	32	10	606	12	65	512	6	0.481875	1.27177e+06	8.14001e-05	
12083	12554	2742	32.6852	35	2011	28	7	611	18	72	516	6	0.39908	1.07981e+06	0.000127616	
11764	12744	2719	33.2759	31.8636	2110	30	5	649	32	84	529	6	1.0276	1.00628e+06	6.55953e-05	
11840	13448	2775	36.1124	32.924	2156	30	9	626	22	77	508	5	1.91473	845778	6.78242e-05	
11856	13275	2772	27.7194	25.0927	2031	30	4	628	7	81	513	5	1.63785	1.21372e+06	5.68569e-05	
11602	13019	2745	36.5832	34.6946	2000	32	7	617	20	74	523	5	1.59809	800827	7.26956e-05	
11889	12550	2746	33.9553	25	2052	30	6	613	22	84	524	5	0.634893	1.45283e+06	6.33834e-05	
11885	12611	2751	36.4431	29.1438	2023	31	9	639	16	84	509	5	0.721846	1.18726e+06	6.5368e-05	
12100	13241	2774	25.0448	25.0927	2096	30	4	620	10	80	516	4	1.27554	1.41551e+06	5.48095e-05	
11876	13496	2769	32.908	26.9996	2021	29	7	626	5	90	515	5	1.93024	1.03089e+06	6.02011e-05	
12037	12554	2763	36.8179	35	2136	29	8	620	17	66	518	6	0.463235	1.18526e+06	8.63856e-05	
11928	13046	2777	27.2642	25.0927	2053	29	4	628	10	81	518	4	1.23717	1.32244e+06	5.58753e-05	
12097	12554	2743	33.2643	34.0744	2040	32	8	611	18	68	516	5	0.382636	1.07554e+06	0.000132979	
12100	12550	2752	33.5006	33.5728	2050	32	9	601	16	67	490	4	0.375279	1.07386e+06	0.000136444	
11824	13034	2738	35.4877	34.9548	2101	29	8	619	35	73	496	5	1.34706	832946	7.08466e-05	
12011	13333	2777	26.3349	25	2076	31	4	624	16	68	524	5	1.52269	1.28387e+06	5.58971e-05	
11954	12550	2725	33.7223	35	2115	30	9	610	11	63	459	6	0.550809	1.19587e+06	7.82963e-05	
11974	13042	2776	35.3024	32.8185	2021	28	7	629	35	62	522	6	1.19114	919352	6.72269e-05	
12008	13254	2780	28.8934	28.5977	2126	29	8	622	14	85	497	6	1.4291	1.0991e+06	5.95026e-05	
11956	12892	2729	31.1101	25.4304	2100	30	10	610	20	70	503	4	0.989083	1.24167e+06	5.92557e-05	
12100	13350	2790	34.3764	33.3137	2051	30	9	617	20	79	504	4	1.46199	885711	6.65026e-05	
12095	12838	2736	34.9653	33.5697	2150	29	6	636	24	83	524	4	0.754695	1.13111e+06	6.64761e-05	
11853	12714	2716	35.4825	33.7635	2160	31	4	627	35	75	491	4	0.883066	977289	6.96524e-05	
12100	13426	2790	34.1549	34.0516	2051	30	9	617	20	79	504	4	1.5679	865371	6.71817e-05	
12025	12560	2738	34.5761	35	2066	31	9	627	24	65	506	6	0.479993	1.18363e+06	8.75887e-05	
11680	13360	2763	36.9122	34.1971	2041	30	8	621	15	77	502	4	1.97948	802193	7.12708e-05	
12043	13106	2784	37	31.4168	2058	30	8	631	31	83	499	5	1.19642	930916	6.61463e-05	
12070	12840	2752	34.1479	33.0135	2029	29	9	623	15	76	515	6	0.792078	1.10646e+06	6.65735e-05	
12079	12705	2716	37	25	2115	30	7	632	35	67	473	4	0.597631	1.42959e+06	6.58415e-05	
12032	12550	2769	35.4839	27.9524	2079	31	8	621	18	68	513	6	0.464466	1.28101e+06	8.58811e-05	
12054	12578	2778	36.7689	25	2160	31	7	650	6	76	497	5	0.475771	1.38208e+06	7.96876e-05	
11672	12841	2756	30.4914	28.9846	2101	29	8	637	20	83	504	6	1.27579	1.04769e+06	6.20771e-05	
12057	12718	2705	35.3811	26.0621	2011	31	7	642	3	69	497	5	0.637832	1.37919e+06	6.49182e-05	
11951	12894	2750	34.7223	33.1428	2122	32	8	646	4	82	494	4	1.01048	955283	6.76865e-05	
11918	13496	2796	32.9349	26.9996	2006	29	7	630	13	79	520	5	1.89685	1.03758e+06	6.0006e-05	
12054	12591	2704	35.9118	26.8832	2001	31	8	638	4	71	497	5	0.479158	1.31438e+06	8.03471e-05	
11975	13029	2786	36.0974	31.7318	2044	29	7	623	29	79	494	4	1.17708	935181	6.63967e-05	
12100	13104	2774	26.4964	25.0927	2096	30	4	628	9	80	509	5	1.09662	1.44131e+06	5.54816e-05	
12100	12598	2740	37	29.993	2056	29	7	632	16	83	496	5	0.43823	1.23254e+06	8.95576e-05	
11784	12896	2712	31.3126	28.2437	2127	30	8	641	13	66	530	5	1.19562	1.06604e+06	6.17513e-05	
11944	13329	2773	31.4085	30.382	2052	31	5	613	1	89	528	4	1.61442	985929	6.23791e-05	
11151	12651	2765	36.3846	33.9733	2009	31	8	634	2	65	466	6	1.65197	787793	7.6365e-05	
12100	12550	2708	35.4405	33.1873	2069	30	7	634	24	80	497	5	0.371104	1.10015e+06	0.000121286	
11899	12784	2711	35.9978	30.5824	2070	28	7	606	8	63	476	6	0.916842	1.01102e+06	6.77966e-05	
11640	13283	2788	29.5986	26.2364	2020	29	7	650	11	88	517	4	1.92905	1.08851e+06	5.88651e-05	
11879	13496	2797	31.3673	28.0456	2064	29	7	636	8	90	511	5	1.94351	1.02743e+06	5.99125e-05	
12015	12590	2711	36.3653	32.8615	2148	30	4	635	35	75	520	4	0.526979	1.24521e+06	7.51315e-05	
11486	13190	2721	36.5617	34.4242	2076	32	9	628	9	64	492	5	1.94833	780141	7.44934e-05	
12050	12554	2754	34.7816	34.6952	2118	29	10	629	18	80	513	5	0.44423	1.15578e+06	9.64972e-05	
11984	12550	2720	36.023	33.5742	2032	30	8	600	21	75	496	6	0.515241	1.21456e+06	7.78331e-05	
11998	13364	2785	37	33.6516	2150	29	6	636	31	80	510	5	1.60871	853756	6.77186e-05	
11849	12550	2745	37	30.9757	2046	29	7	618	5	90	502	5	0.685656	1.16632e+06	6.71501e-05	
12082	13163	2777	26.941	26.2545	2080	30	7	632	21	87	498	5	1.20293	1.29289e+06	5.69736e-05	
11847	13496	2800	31.3673	29.719	2154	29	7	623	5	89	513	5	1.98535	991789	6.11583e-05	
12035	12861	2734	32.9514	25.1034	2041	31	9	622	28	81	513	5	0.856206	1.31549e+06	5.94318e-05	
11990	13500	2777	28.7142	29.3239	2132	29	5	627	14	83	520	5	1.79106	1.06333e+06	5.94424e-05	
12054	12640	2713	35.4912	25.7201	2160	31	6	647	14	71	497	5	0.543164	1.41839e+06	7.05816e-05	
12031	13201	2774	30.556	31.9447	2122	30	7	632	28	78	530	4	1.32898	995461	6.28457e-05	
11985	13396	2790	21.8243	25	2014	29	8	640	12	78	529	5	1.61156	1.4864e+06	5.40541e-05	
11888	12554	2747	33.1939	30.9991	2142	29	7	611	18	71	514	6	0.640609	1.27866e+06	6.75995e-05	
11952	12655	2743	33.3487	27.1606	2005	30	10	613	20	74	517	5	0.692154	1.32671e+06	6.33834e-05	
12088	12554	2738	34.6662	34.9674	2109	31	8	610	17	64	516	6	0.394584	1.10362e+06	0.000115955	
12091	12903	2740	29.2836	25.6182	2021	28	8	643	9	84	484	4	0.836956	1.421e+06	5.89831e-05	
12054	12550	2718	36.734	26.2808	2000	31	6	640	5	72	499	5	0.429732	1.30363e+06	8.96941e-05	
11879	13121	2767	34.315	26.9996	2053	29	8	636	22	90	515	5	1.41056	1.04212e+06	6.08384e-05	
11970	13306	2777	26.3349	25	2070	31	4	620	15	69	524	5	1.53642	1.2771e+06	5.60381e-05	
12097	12554	2754	34.7816	34.0914	2128	28	8	621	18	65	513	6	0.385783	1.1014e+06	0.000120192	
11864	12701	2767	36.807	25.6691	2052	30	6	600	14	69	530	6	0.869864	1.22753e+06	6.21118e-05	
12049	12835	2749	29.2836	25.4044	2070	28	7	642	17	85	493	4	0.801892	1.46123e+06	5.90563e-05	
11651	13190	2748	36.8307	34.2686	2001	31	9	650	17	83	501	4	1.77162	799226	7.18701e-05	
12054	12591	2704	35.9118	26.2808	2001	31	8	639	3	71	497	5	0.479158	1.32977e+06	8.00769e-05	
12082	13222	2780	28.0719	25.6411	2111	30	7	633	21	89	503	6	1.28967	1.25805e+06	5.6443e-05	
12080	12550	2752	35.1137	33.5728	2050	32	8	610	20	65	490	6	0.401769	1.13405e+06	0.000110205	
11851	13213	2746	35.9814	34.2209	2079	31	8	649	4	86	475	4	1.55966	825826	7.03433e-05	
12082	13163	2774	26.941	26.01	2080	30	7	632	21	87	498	5	1.20163	1.30122e+06	5.68053e-05	
12100	12805	2736	32.9514	25	2039	31	9	622	29	81	529	5	0.703063	1.43353e+06	6.1024e-05	
11989	12578	2700	36.5624	25	2160	31	6	647	3	71	497	5	0.541214	1.4424e+06	6.91037e-05	
11920	13147	2797	34.3768	32.1181	2034	28	5	627	3	86	523	5	1.41058	933089	6.48214e-05	
11897	12550	2746	33.9553	25	2052	30	6	613	22	84	524	5	0.625122	1.45545e+06	6.391e-05	
11618	12679	2741	37	33.9662	2063	29	6	630	6	86	461	6	1.12926	854202	7.21709e-05	
11916	13404	2760	35.5532	30.1292	2130	28	4	640	33	71	522	5	1.74987	946196	6.40574e-05	
11836	13339	2757	36.6186	33.5697	2148	31	6	636	24	83	524	4	1.75701	841440	6.83995e-05	
12100	13104	2774	26.4964	25.0927	2096	30	4	628	10	81	520	4	1.09662	1.44739e+06	5.51146e-05	
12097	12805	2748	32.8424	25	2066	31	9	622	29	81	529	5	0.709729	1.43961e+06	6.06575e-05	
12100	12624	2743	35.9522	33.9695	2050	32	8	609	5	66	511	6	0.471766	1.19817e+06	8.63036e-05	
12100	12554	2754	33.7889	33.9204	2058	32	9	621	18	82	503	5	0.381055	1.08085e+06	0.000130105	
11503	13019	2743	36.5832	34.7925	2000	32	6	616	20	74	529	5	1.71425	795539	7.32011e-05	
11941	13445	2797	32.9921	26.9996	2021	29	5	637	20	72	524	5	1.79706	1.06132e+06	5.98874e-05	
11882	12852	2704	30.6453	26.729	2026	29	8	627	4	72	516	5	1.01623	1.1898e+06	6.02192e-05	
11782	12581	2728	32.3092	25.7127	2052	30	5	620	20	82	522	5	0.797542	1.35391e+06	6.01974e-05	
11954	12550	2765	34.9657	32.8274	2115	30	9	602	10	63	463	6	0.560122	1.23209e+06	7.47552e-05	
11984	12550	2733	36.023	33.2711	2032	30	8	600	21	75	496	5	0.517704	1.22027e+06	7.74114e-05	
11840	13416	2762	36.1899	32.924	2156	30	9	626	24	79	508	5	1.86142	844601	6.79532e-05	
11984	12550	2720	36.023	33.5742	2032	30	8	634	21	75	496	6	0.515241	1.21628e+06	7.78028e-05	
12079	12608	2716	37	25	2056	30	7	632	35	67	475	4	0.472977	1.38537e+06	7.9139e-05	
11951	13247	2789	30.7285	32.523	2059	31	8	619	17	90	506	5	1.50003	942966	6.45036e-05	
11028	12712	2730	36.383	35	2108	31	7	635	18	85	485	5	1.84927	778389	7.64701e-05	
11893	13253	2708	35.7094	35	2098	30	6	634	24	75	497	5	1.54099	818421	7.09471e-05	
12089	12698	2734	35.9522	30.9186	2050	32	8	607	16	65	519	6	0.579583	1.26388e+06	7.09515e-05	
12043	12550	2761	34.896	34.0428	2095	32	8	610	14	65	479	6	0.448984	1.17775e+06	9.4679e-05	
11844	12842	2723	33.2759	27.52	2083	28	8	645	17	71	525	6	1.06056	1.1056e+06	6.13911e-05	
12031	13201	2768	33.1569	31.9447	2122	30	7	632	22	78	530	4	1.33058	953336	6.39672e-05	
11896	13228	2750	37	34.0961	2083	31	8	649	4	89	495	5	1.52792	828108	6.97204e-05	
12025	13500	2795	31.1232	29.3239	2132	29	5	615	12	86	520	5	1.76488	1.03251e+06	6.00565e-05	
12097	12666	2739	35.9522	33.6233	2050	32	8	625	11	65	508	6	0.529178	1.22168e+06	7.71545e-05	
11954	12550	2776	35.2885	27.4925	2132	30	9	602	18	63	463	6	0.562613	1.35749e+06	7.05716e-05	
11894	12779	2790	28.6221	25	2026	29	7	621	14	81	519	5	0.930655	1.42009e+06	5.68537e-05	
12100	12926	2735	35.3772	30.0657	2044	32	8	642	14	76	494	5	0.864465	1.08705e+06	6.5505e-05	
12046	13500	2738	34.0839	29.5584	2074	29	6	642	25	76	525	5	1.70734	965424	6.25469e-05	
11846	13090	2701	34.3768	32.1181	2059	30	5	627	9	86	520	5	1.37549	908462	6.66134e-05	
12100	12765	2716	37	25.9038	2115	30	5	630	28	70	482	4	0.649426	1.38804e+06	6.41519e-05	
11971	12763	2743	34.9354	33.1018	2005	30	7	613	16	80	452	5	0.811223	1.03573e+06	6.95604e-05	
11607	12630	2724	36.0173	35	2000	31	7	630	18	85	485	4	1.0716	848582	7.30194e-05	
11948	12626	2739	37	25.8206	2047	30	6	612	20	85	527	5	0.661451	1.37441e+06	6.3012e-05	
11844	12786	2723	33.2759	27.52	2086	28	8	649	17	71	525	6	0.987514	1.13669e+06	6.13761e-05	
11907	12550	2771	37	34.0438	2059	31	5	633	7	86	474	5	0.620754	1.16121e+06	7.13827e-05	
11916	13411	2760	35.5532	30.1292	2130	28	4	640	33	71	522	5	1.75956	945938	6.40574e-05	
11990	13500	2795	31.1232	29.3239	2132	29	5	615	14	83	520	5	1.80881	1.0277e+06	6.02627e-05	
11730	12723	2713	35.4453	32.7193	2084	29	8	621	2	85	517	5	1.04083	926065	6.82035e-05	
11950	13253	2708	35.7094	32.4483	2102	30	7	634	24	80	507	5	1.47217	874085	6.74718e-05	
12054	12816	2704	34.5568	25	2160	31	6	649	0	71	500	5	0.767051	1.38056e+06	6.05804e-05	
12004	12835	2753	31.2487	25	2037	28	7	645	4	85	491	4	0.863382	1.37323e+06	5.82886e-05	
11672	12931	2765	30.4914	28.9846	2101	29	9	627	20	83	504	6	1.39984	1.02572e+06	6.20078e-05	
12014	12932	2728	35.2911	31.476	2047	28	9	633	16	79	498	4	0.975891	994319	6.5937e-05	
12054	12550	2700	35.1798	26.2808	2001	31	8	647	34	71	509	5	0.425911	1.26523e+06	9.49938e-05	
12100	13286	2721	36.5617	34.4242	2076	32	9	638	9	74	510	5	1.34073	835853	6.99594e-05	
11717	12791	2706	35.1856	27.7386	2016	29	9	631	30	75	501	4	1.14113	1.00039e+06	6.46538e-05	
11987	13317	2794	36.4496	31.5609	2126	29	10	617	12	89	501	4	1.56192	890473	6.54407e-05	
12043	12737	2778	37	29.8755	2020	30	8	634	23	79	499	5	0.698661	1.20974e+06	6.57117e-05	
11680	13275	2758	36.9122	34.8655	2042	31	7	621	14	77	477	4	1.85918	790219	7.29448e-05	
11338	12996	2763	36.6244	35	2047	30	8	636	21	70	504	5	1.8906	782887	7.42832e-05	
11960	13350	2765	34.1264	34.1971	2036	29	8	626	21	84	508	4	1.62281	853922	6.7714e-05	
12100	13257	2785	21.8869	25	2107	30	6	621	10	76	519	5	1.27243	1.66796e+06	5.42241e-05	
11878	12889	2792	37	29.839	2116	30	6	609	24	76	513	5	1.11154	992783	6.51169e-05	
11972	13243	2750	35.2843	32.7388	2079	31	8	649	0	84	495	4	1.45401	875583	6.72766e-05	
11960	12742	2790	31.4062	25	2034	29	8	621	14	81	513	5	0.806248	1.42766e+06	5.84761e-05	
11490	12565	2800	35.7539	33.3993	2000	28	6	632	26	90	478	5	1.15711	883952	7.02938e-05	
12088	12554	2738	34.7816	34.0914	2135	31	8	619	18	65	516	6	0.394686	1.11142e+06	0.000114784	
11836	13339	2736	37	33.5697	2148	31	6	636	24	83	524	4	1.74381	834097	6.8899e-05	
12070	13167	2778	29.5932	29.3239	2132	28	8	609	14	85	514	4	1.23316	1.11593e+06	5.95877e-05	
11893	12669	2710	31.5651	27.2607	2017	30	4	645	15	75	496	6	0.770439	1.33123e+06	6.22743e-05	
11061	13377	2797	22.8716	30.0831	2121	28	4	622	5	89	525	6	0.464115	1.16735e+06	9.23532e-05	
12014	12916	2738	33.748	28.7648	2098	29	8	629	21	86	499	4	0.956855	1.11837e+06	6.21195e-05	
11998	12586	2745	34.7159	31.4437	2109	30	7	613	20	87	530	5	0.548188	1.27305e+06	7.37572e-05	
12100	12805	2700	32.9514	25	2039	31	9	622	29	81	529	5	0.693813	1.42447e+06	6.14439e-05	
11517	12565	2798	35.7539	33.3993	2000	28	6	634	26	82	478	5	1.12378	888611	7.04821e-05	
12097	12550	2743	35.3553	34.0914	2132	32	7	618	16	79	516	6	0.379561	1.10226e+06	0.000119417	
11912	12851	2734	27.2387	26.2525	2067	29	10	649	1	83	518	6	0.979336	1.36249e+06	5.76369e-05	
12054	12591	2704	36.3125	26.2808	2001	31	8	637	3	71	504	6	0.479397	1.33377e+06	7.92959e-05	
11680	13360	2775	36.9122	34.1971	2041	30	8	621	15	77	502	4	1.98807	804071	7.11086e-05	
11982	13258	2755	37	33.5383	2079	32	8	638	4	84	489	4	1.46582	840172	6.93193e-05	
12029	12955	2765	36.341	28.6465	2094	29	9	615	17	87	489	4	1.00195	1.05727e+06	6.33633e-05	
11028	12721	2730	37	35	2116	31	7	618	18	85	492	5	1.86126	772077	7.67165e-05	
11984	12861	2734	32.9514	26.6876	2041	31	9	622	27	81	507	5	0.918834	1.20155e+06	6.1024e-05	
12046	13277	2738	35.7815	28.589	2068	29	10	642	19	76	528	5	1.40317	971687	6.26802e-05	
12097	12550	2752	34.2713	34.5191	2050	29	9	606	23	65	490	5	0.379858	1.08179e+06	0.000127291	
11952	13167	2790	32.3809	28.9843	2132	29	5	616	17	85	518	5	1.39215	1.04965e+06	6.0698e-05	
12100	12770	2705	35.0908	27.4473	2001	31	5	641	7	76	504	5	0.65208	1.35535e+06	6.48803e-05	
11878	12858	2792	37	29.839	2116	30	6	609	24	76	513	6	1.06988	1.00525e+06	6.51466e-05	
11950	13253	2708	35.7094	35	2098	30	7	634	24	80	497	5	1.47217	823154	7.04523e-05	
11968	12578	2741	35.6955	26.2808	2029	30	4	650	3	72	489	5	0.574697	1.42672e+06	6.79117e-05	
12051	12550	2700	35.0756	26.2808	2001	31	7	647	3	69	497	5	0.429479	1.27467e+06	9.41974e-05	
11858	12581	2746	37	25.6691	2047	30	6	610	20	84	519	5	0.714938	1.32848e+06	6.25469e-05	
11845	12691	2775	33.24	30.96	2000	29	9	630	23	76	508	6	0.879553	1.09411e+06	6.50153e-05	
11980	12624	2754	35.9522	29.9889	2044	31	8	610	19	65	523	6	0.622472	1.26222e+06	6.78702e-05	
11948	13227	2726	32.98	34.504	2044	29	6	613	10	87	522	5	1.44663	873028	6.77507e-05	
11600	12975	2715	36.2048	34.9641	2027	32	7	616	20	67	509	5	1.52473	794454	7.37953e-05	
11882	13083	2702	33.6966	27.7309	2132	31	8	619	2	90	503	4	1.32288	1.01919e+06	6.22161e-05	
11911	13435	2741	35.4808	29.7781	2079	30	8	649	5	86	518	4	1.78651	921862	6.4041e-05	
12097	12550	2754	36.6958	33.9695	2103	30	9	616	13	86	513	6	0.381923	1.12166e+06	0.000111869	
12088	12640	2721	34.7816	34.0862	2135	30	8	620	17	65	498	6	0.502436	1.20693e+06	8.2352e-05	
12054	12550	2708	35.7094	35	2069	30	7	634	24	80	497	5	0.427557	1.14771e+06	9.72763e-05	
11889	12880	2800	34.3768	25.7692	2034	28	5	627	4	80	523	5	1.08703	1.19541e+06	5.93014e-05	
11835	12785	2786	35.4757	27.9202	2127	29	10	609	21	76	516	5	1.02232	1.07358e+06	6.25743e-05	
11847	13034	2733	36.0057	34.6526	2101	29	8	619	32	74	496	6	1.31713	836419	7.07364e-05	
11895	12921	2757	35.9746	35	2058	32	9	638	27	67	477	5	1.11877	852076	7.26375e-05	
11847	12759	2709	35.0058	33.5742	2032	30	8	601	23	75	496	6	0.945672	939483	6.99594e-05	
11884	13021	2762	36.4424	33.2847	2089	31	10	634	24	88	523	5	1.26852	871765	6.80365e-05	
11954	13402	2800	28.612	25	2014	29	8	630	14	76	521	4	1.71271	1.17257e+06	5.63507e-05	
11981	12876	2734	30.6944	29.8657	2008	28	8	626	0	76	513	5	0.938382	1.16314e+06	6.21929e-05	
12100	12770	2730	36.383	35	2108	31	7	635	18	85	485	5	0.65898	1.12434e+06	7.07614e-05	
12097	12609	2764	35.8946	33.9695	2023	32	7	634	34	75	513	6	0.459538	1.19362e+06	8.96298e-05	
12029	12955	2765	37	28.6465	2094	29	9	615	18	87	512	4	1.00229	1.05339e+06	6.32031e-05	
11961	12835	2730	29.2836	25.3306	2037	28	4	645	26	85	501	5	0.904214	1.41113e+06	5.78503e-05	
11776	12945	2742	29.6126	25.6182	2089	28	8	645	0	74	530	4	1.2796	1.1793e+06	5.76801e-05	
11968	12842	2797	35.6955	26.0747	2001	31	9	650	3	75	510	5	0.937297	1.17468e+06	6.15612e-05	
11871	12921	2753	35.8113	33.9908	2087	32	4	629	12	68	516	5	1.14641	894491	6.96573e-05	
12100	13411	2759	21.8243	25	2014	29	6	621	12	83	529	5	1.47149	1.54871e+06	5.38938e-05	
12097	12550	2752	37	34.5191	2050	30	8	602	23	65	490	6	0.38179	1.12268e+06	0.00011084	
11677	13220	2741	36.2231	34.9341	2021	31	9	616	22	87	497	4	1.77629	794073	7.20617e-05	
12097	12554	2736	34.7816	34.0914	2135	32	7	618	18	65	501	6	0.383261	1.10014e+06	0.000120685	
11028	12712	2735	36.7422	34.4355	2113	31	7	635	18	85	485	5	1.85285	783393	7.60688e-05	
11984	12691	2765	34.1479	30.96	2029	29	9	627	2	87	515	6	0.706167	1.22971e+06	6.52103e-05	
12054	12578	2704	35.1798	25	2160	31	6	647	3	71	497	5	0.462103	1.3536e+06	8.44737e-05	
12042	12859	2727	35.0523	27.7565	2137	32	9	614	27	81	480	6	0.845026	1.17025e+06	6.34276e-05	
11857	12859	2741	35.4808	29.7781	2079	30	8	649	5	86	504	4	1.07632	996672	6.46831e-05	
12069	12578	2704	37	26.2808	2122	31	6	640	3	72	499	5	0.444908	1.32276e+06	8.50123e-05	
11327	12712	2730	34.9892	35	2116	31	7	625	18	67	485	5	1.50709	802480	7.43384e-05	
12012	12916	2716	33.748	26.1382	2025	29	9	629	21	88	496	4	0.951607	1.18564e+06	6.06061e-05	
11651	13190	2761	36.8307	34.2686	2001	31	9	650	20	85	501	4	1.78	802246	7.16178e-05	
11761	13199	2755	37	34.1515	2013	31	9	631	19	86	501	5	1.65576	809240	7.09824e-05	
11470	12590	2723	35.0519	32.0556	2055	28	7	624	32	70	505	4	1.18016	891100	6.94203e-05	
12055	13194	2732	32.8205	34.251	2075	31	6	621	20	89	520	4	1.27386	906790	6.69165e-05	
12100	12554	2735	36.2386	30.4912	2095	32	8	645	14	76	493	6	0.380462	1.1512e+06	0.000112271	
11921	13283	2788	29.5986	26.2364	2026	29	7	650	11	88	517	4	1.58388	1.12541e+06	5.76668e-05	
11814	12560	2734	30.6944	25.1034	2008	28	9	626	24	81	513	5	0.730777	1.42706e+06	6.06759e-05	
12082	13208	2778	28.0719	25.6411	2071	30	7	633	21	88	503	6	1.26953	1.25317e+06	5.66926e-05	
12097	12550	2760	35.5162	33.9695	2103	31	7	616	13	65	513	6	0.382033	1.11044e+06	0.000118022	
12097	12554	2743	33.2643	33.5455	2040	32	9	611	18	71	511	5	0.382636	1.07799e+06	0.000132696	
12097	12554	2738	36.4085	34.0914	2135	32	8	618	22	65	499	6	0.384692	1.12044e+06	0.000111371	
11916	13277	2757	35.3243	33.2096	2110	30	9	606	33	86	520	6	1.57318	862886	6.73537e-05	
11878	12858	2754	37	30.98	2112	30	6	609	24	76	507	6	1.05532	966627	6.68405e-05	
11853	12681	2711	37	33.7635	2101	31	4	613	5	75	496	5	0.83985	972287	7.07064e-05	
11936	13378	2722	36.1205	34.5959	2020	32	10	632	24	79	530	5	1.66644	808503	7.04077e-05	
11895	12921	2750	36.6857	35	2058	32	9	638	22	67	483	5	1.11634	844362	7.28332e-05	
12043	12939	2757	34.9932	35	2058	32	9	628	26	67	474	5	0.959391	919175	7.16281e-05	
11883	13364	2776	36.6186	32.8154	2150	29	6	636	24	80	510	5	1.74588	861121	6.73265e-05	
11918	13410	2797	32.9349	26.9996	2006	29	7	631	13	79	521	5	1.77655	1.04221e+06	5.99664e-05	
12086	12902	2729	33.2002	26.5965	2100	30	10	630	20	70	495	4	0.846068	1.25184e+06	6.09682e-05	
11725	12975	2715	36.5832	34.9641	2027	32	6	616	20	67	508	5	1.37691	807446	7.32869e-05	
12089	12882	2721	35.5107	35	2083	28	6	608	8	63	522	5	0.815921	1.0084e+06	6.96476e-05	
11557	12550	2776	34.9892	35	2116	31	7	625	20	80	485	5	1.0469	882814	7.16692e-05	
12057	12550	2754	36.2919	32.2531	2122	32	7	606	18	65	483	6	0.431462	1.19733e+06	9.42774e-05	
11858	13223	2748	28.9044	25.1004	2039	30	10	613	20	89	527	5	1.55448	1.15341e+06	5.72869e-05	
11975	13029	2786	37	31.7318	2097	29	7	636	29	79	494	4	1.17757	928036	6.66223e-05	
11883	13364	2739	37	32.8154	2150	29	6	633	27	80	510	5	1.7228	850947	6.8055e-05	
12051	12550	2700	36.0877	26.2808	2001	31	8	647	0	69	497	5	0.430186	1.28253e+06	9.08265e-05	
12021	12590	2711	36.75	33.0511	2148	31	5	635	8	75	520	4	0.519868	1.23367e+06	7.57346e-05	
11923	12566	2746	37	30.4319	2053	31	9	631	20	82	459	5	0.616201	1.21063e+06	6.94541e-05	
12054	12550	2704	35.1798	27.6167	2008	30	8	641	19	76	497	5	0.426542	1.23713e+06	9.55657e-05	
12089	12624	2734	36.3016	29.069	2050	32	7	610	16	65	519	6	0.484032	1.28696e+06	8.04699e-05	
12054	12660	2723	36.2125	28.8406	2095	31	6	647	8	70	487	5	0.57139	1.32373e+06	6.97058e-05	
11914	13049	2738	35.4877	34.8222	2101	29	8	619	35	73	496	5	1.2577	849634	7.02593e-05	
11961	12835	2741	31.6211	25.6182	2037	28	5	645	30	85	497	4	0.913123	1.31837e+06	5.88547e-05	
11901	12995	2756	33.4027	27.0511	2011	30	5	611	10	87	528	4	1.20746	1.10421e+06	6.06833e-05	
11961	12835	2740	30.1902	25.6448	2037	28	6	645	1	81	491	4	0.909857	1.34012e+06	5.85617e-05	
11794	12742	2722	36.6214	30.9324	2015	32	9	608	2	73	526	5	0.992997	947642	6.83107e-05	
12057	12718	2708	35.3811	26.2808	2011	31	7	647	3	69	497	5	0.638539	1.37135e+06	6.50322e-05	
11805	13216	2744	37	34.8873	2097	32	4	623	1	76	504	5	1.61898	815601	7.15359e-05	
11945	13007	2748	35.3154	28.7488	2117	30	8	638	19	67	512	5	1.16795	1.01221e+06	6.3674e-05	
12097	12624	2754	35.9522	33.744	2050	32	8	606	12	65	511	6	0.477397	1.20656e+06	8.5237e-05	
12021	12592	2771	37	34.0438	2059	31	5	634	6	86	475	5	0.534101	1.22568e+06	7.5683e-05	
11985	13285	2790	30.8448	26.3458	2014	29	8	640	12	75	529	5	1.51093	1.11316e+06	5.81564e-05	
12054	12591	2728	36.3125	25.2955	2001	31	8	637	3	71	507	6	0.483652	1.3674e+06	7.84806e-05	
11925	12837	2734	35.5827	32.5051	2053	31	9	628	34	81	462	6	0.962072	950199	6.9377e-05	
11725	13019	2743	36.5832	34.7968	2033	32	6	621	20	67	513	5	1.44975	812515	7.25058e-05	
12054	12578	2712	35.6632	25.2694	2000	31	9	640	3	72	496	4	0.463824	1.33051e+06	8.34168e-05	
11892	13237	2764	35.6237	33.2096	2131	28	5	626	31	85	527	6	1.55213	880171	6.6769e-05	
12088	12554	2721	34.7816	34.0862	2135	31	8	619	18	65	516	6	0.392236	1.10742e+06	0.000115154	
12020	12840	2743	33.5084	27.3091	2095	30	10	613	20	86	501	5	0.850564	1.22819e+06	6.10612e-05	
11987	13410	2800	35.1258	31.5609	2126	31	10	624	35	83	518	4	1.69446	896695	6.48172e-05	
11631	12720	2711	34.8611	33.7635	2160	31	5	608	4	75	491	5	1.15298	881129	7.05467e-05	
12097	12550	2754	35.8191	33.9695	2103	31	8	616	13	65	513	6	0.381412	1.11216e+06	0.000116387	
11989	13481	2782	21.8243	25.0309	2110	29	4	621	8	76	524	5	1.72076	1.48706e+06	5.37057e-05	
12052	13496	2800	31.3673	29.719	2154	29	7	623	5	89	513	5	1.72883	1.01234e+06	6.03391e-05	
11737	13040	2795	30.4637	27.9747	2109	30	8	650	9	87	506	4	1.48333	1.05429e+06	6.03573e-05	
11912	12904	2725	37	26.2525	2013	29	10	643	7	81	522	5	1.06335	1.07229e+06	6.24493e-05	
12046	13500	2738	34.0839	29.5584	2053	29	5	642	22	86	526	5	1.70734	975101	6.22471e-05	
12054	12591	2704	36.3125	27.6263	2000	31	8	637	3	70	504	6	0.479397	1.30195e+06	7.99169e-05	
11737	13040	2768	30.4637	27.9747	2109	30	9	645	9	87	503	4	1.469	1.04412e+06	6.07903e-05	
11903	13147	2797	34.3768	32.1181	2021	31	5	627	3	86	530	5	1.43177	924881	6.53894e-05	
11936	13378	2717	36.1205	34.5959	2020	32	10	632	7	79	530	5	1.66338	807863	7.04424e-05	
12078	12821	2761	36.3946	26.8578	2024	28	10	620	12	65	489	5	0.76129	1.24586e+06	6.30517e-05	
11876	12899	2711	35.4825	33.7635	2157	30	4	619	24	75	520	4	1.09389	913249	6.86248e-05	
11963	13500	2774	36.8304	31.4168	2022	30	7	630	33	79	504	5	1.83522	875892	6.67601e-05	
11864	12581	2767	37	25.6691	2052	30	6	600	20	69	530	6	0.71304	1.33739e+06	6.26841e-05	
11028	12712	2730	36.383	34.4355	2099	31	7	635	19	85	485	5	1.84927	785445	7.59255e-05	
12038	13147	2797	34.3768	32.1181	2034	28	5	627	5	86	523	5	1.26272	963095	6.42921e-05	
11918	13403	2732	33.0239	26.8225	2012	29	7	631	20	74	521	5	1.7258	1.03527e+06	6.07644e-05	
12100	13318	2785	28.9436	27.0101	2092	30	5	621	10	79	530	4	1.40484	1.17439e+06	5.72377e-05	
12088	12674	2763	34.7816	34.0914	2136	31	8	620	17	73	512	6	0.554643	1.23103e+06	7.55173e-05	
12076	12569	2748	37	33.8284	2068	32	8	606	15	66	512	6	0.431837	1.17881e+06	9.30146e-05	
11680	12550	2773	36.9122	34.8655	2041	31	7	621	14	77	477	4	0.898805	906196	7.2759e-05	
11863	13389	2791	32.8144	29.326	2036	30	5	620	31	83	523	5	1.81147	985420	6.22007e-05	
12100	13350	2788	34.3764	30.2856	2074	30	9	617	20	79	504	4	1.46095	952404	6.34156e-05	
12097	12568	2754	35.9522	33.9695	2038	32	8	606	16	65	509	6	0.404774	1.14102e+06	0.000105742	
11626	12786	2732	35.5728	33.8522	2127	32	5	626	22	87	503	5	1.25438	863256	7.02198e-05	
12052	12550	2723	37	32.1719	2074	31	10	641	28	86	511	5	0.433102	1.18872e+06	9.10001e-05	
12029	12939	2761	29.7508	26.1295	2078	29	9	616	17	84	489	4	0.969856	1.2985e+06	5.8418e-05	
12097	12554	2738	36.106	34.0914	2135	32	8	618	22	65	507	6	0.384517	1.11757e+06	0.000112841	
12043	12550	2750	32.9637	34.3165	2103	32	10	610	13	81	494	5	0.445095	1.14141e+06	0.000103488	
12089	12578	2703	35.1798	25	2000	31	7	614	1	68	497	5	0.419221	1.29125e+06	9.72479e-05	
11938	13239	2794	34.9211	30.3472	2145	30	8	626	3	82	481	5	1.51392	938475	6.44579e-05	
12011	12625	2799	36.1124	34.2235	2032	30	9	617	22	77	508	4	0.595138	1.20141e+06	7.18649e-05	
11695	12791	2709	34.2791	28.3611	2097	30	9	639	32	75	517	4	1.16769	998648	6.40861e-05	
11568	13274	2721	36.5617	34.4242	2076	32	9	643	9	67	512	5	1.9652	786529	7.31315e-05	
12020	12655	2759	34.1007	27.1606	2000	29	10	613	20	85	517	5	0.612945	1.36373e+06	6.62822e-05	
11911	12655	2743	33.5084	27.1606	2005	30	10	613	20	80	452	5	0.742532	1.25911e+06	6.42756e-05	
11773	13351	2755	33.7888	32.9903	2145	31	8	645	15	73	530	5	1.84659	869062	6.69523e-05	
11615	12679	2741	37	33.9662	2066	29	6	624	6	86	461	6	1.13283	853287	7.21761e-05	
12043	13071	2784	36.8304	31.4168	2106	30	9	631	31	83	499	5	1.14866	943145	6.58588e-05	
11954	12579	2776	35.3388	31.1887	2115	30	9	600	7	63	463	6	0.600466	1.24906e+06	7.07414e-05	
12006	13200	2743	31.1232	29.3239	2132	29	5	615	18	83	520	5	1.34477	1.05869e+06	6.08051e-05	
11945	12728	2733	32.3271	25	2026	29	8	624	25	76	498	5	0.791436	1.37468e+06	5.99197e-05	
11985	13402	2790	29.894	33.1147	2000	28	9	621	12	75	530	5	1.67157	937598	6.43211e-05	
12054	12641	2760	36.0227	28.3106	2120	31	5	644	3	72	496	5	0.554238	1.36155e+06	7.06803e-05	
12055	13350	2765	34.1264	34.1971	2022	29	8	626	21	83	508	4	1.50485	863839	6.74036e-05	
12065	12550	2768	36.9214	33.787	2103	29	8	616	34	65	512	6	0.423995	1.17328e+06	9.57396e-05	
12038	13007	2786	35.9977	29.839	2116	30	6	609	24	76	513	6	1.06838	1.03525e+06	6.38244e-05	
11928	12579	2772	35.3935	27.2108	2115	29	9	626	16	65	502	6	0.631829	1.34897e+06	6.51381e-05	
12042	13080	2727	34.9817	29.1349	2142	32	9	614	27	81	496	6	1.13718	1.00906e+06	6.40246e-05	
12056	13104	2743	26.4964	25.0927	2096	30	6	628	10	81	516	4	1.13888	1.37954e+06	5.5732e-05	
11926	13291	2772	35.4491	30.1292	2014	29	10	643	26	74	522	5	1.58874	918288	6.4587e-05	
12097	12550	2743	36.2919	32.2531	2122	32	8	606	17	65	511	6	0.38018	1.13162e+06	0.000113263	
11903	12550	2776	35.3388	28.3081	2100	30	10	602	11	72	463	6	0.625812	1.29954e+06	6.71592e-05	
12043	13500	2774	36.8304	31.4168	2020	30	8	630	33	83	500	5	1.7356	879267	6.63614e-05	
11640	13283	2799	34.3474	29.9642	2086	28	7	650	11	88	512	4	1.94491	931864	6.39632e-05	
11937	13274	2799	36.5617	34.4242	2075	31	9	643	15	71	524	5	1.56756	831205	6.92281e-05	
12029	13078	2725	37	28.6465	2018	29	9	620	14	87	500	4	1.15089	987560	6.42632e-05	
12070	13283	2780	29.7286	29.3239	2126	29	4	650	17	85	513	6	1.39384	1.09466e+06	5.95877e-05	
11903	12804	2792	37	33.7429	2101	29	6	609	11	89	508	5	0.966521	951174	6.83527e-05	
11908	12550	2717	36.5115	25.1034	2057	29	8	624	24	88	502	6	0.607209	1.4087e+06	6.45203e-05	
11737	12758	2743	30.9189	26.861	2039	30	10	613	20	81	519	4	1.0837	1.13334e+06	6.0573e-05	
11743	12550	2708	35.7094	35	2069	30	7	634	24	80	503	5	0.802333	970207	7.15154e-05	
11980	13123	2786	33.4882	32.1295	2103	28	5	622	23	80	502	5	1.29652	957644	6.46998e-05	
12100	12554	2739	30.691	34.0914	2001	30	7	611	17	76	508	6	0.374083	1.01532e+06	0.000177557	
12082	13208	2772	28.0719	25.6411	2071	30	6	623	21	87	503	5	1.26678	1.25719e+06	5.67151e-05	
11995	13113	2779	27.7999	26.5383	2143	30	6	617	4	84	514	5	1.24795	1.24706e+06	5.69509e-05	
11868	13350	2775	36.1124	34.1971	2036	29	10	639	21	77	504	4	1.74406	822105	6.94444e-05	
12052	12628	2721	37	29.1438	2097	31	10	641	28	86	511	5	0.53267	1.29558e+06	7.21189e-05	
11209	12651	2765	36.358	33.9733	2056	31	9	634	6	65	466	6	1.5849	791756	7.57518e-05	
11826	12854	2700	34.4508	28.2868	2118	29	9	650	10	81	507	4	1.08995	1.03183e+06	6.31912e-05	
11957	12550	2764	34.7816	34.0914	2135	32	8	613	18	65	516	4	0.556053	1.2194e+06	7.52049e-05	
11892	12875	2769	34.3103	25.5479	2049	28	6	636	24	89	490	4	1.06457	1.17894e+06	6.01106e-05	
11847	12894	2729	33.1066	25.1346	2008	29	8	626	0	82	513	5	1.12732	1.16381e+06	5.97372e-05	
12006	12550	2754	34.6307	34.0914	2070	32	8	610	18	64	517	6	0.493436	1.20544e+06	8.43526e-05	
11928	13104	2773	27.0019	25	2038	29	4	630	9	83	519	4	1.31288	1.30634e+06	5.57476e-05	
12097	12550	2754	35.9486	33.9695	2068	32	8	606	18	68	505	6	0.381497	1.11477e+06	0.000115714	
11892	13044	2748	35.6237	33.2096	2089	28	5	610	11	86	520	6	1.2826	898165	6.74172e-05	
11778	13110	2732	32.5308	28.5458	2067	29	9	644	5	88	502	5	1.49789	989261	6.24259e-05	
11935	13059	2729	29.1131	27.7132	2160	28	10	609	8	70	507	5	1.23098	1.13771e+06	5.95203e-05	
12100	12578	2703	35.1798	25	2000	31	7	614	1	68	497	5	0.405772	1.26798e+06	0.000102396	
11848	12703	2724	36.6214	29.9883	2051	32	9	610	4	81	495	4	0.878167	1.02185e+06	6.71953e-05	
11840	13350	2783	36.0572	31.9466	2076	30	9	618	24	74	514	4	1.7836	864684	6.71096e-05	
11907	12578	2760	35.6955	25.668	2001	31	10	650	3	76	517	5	0.653847	1.35871e+06	6.36335e-05	
11915	12785	2786	35.4757	28.1081	2127	29	10	624	21	76	516	5	0.923328	1.12496e+06	6.22665e-05	
12027	13481	2780	27.8045	25	2030	29	4	621	9	76	524	5	1.717	1.23426e+06	5.57165e-05	
11885	12567	2751	36.268	29.1438	2053	30	6	647	16	82	509	5	0.66478	1.2609e+06	6.55437e-05	
12097	13232	2756	35.5162	33.9695	2117	31	6	619	13	81	513	5	1.2873	886793	6.75813e-05	
11694	12758	2792	33.8214	26.3425	2136	32	8	620	7	83	504	4	1.1602	1.09643e+06	6.13911e-05	
12076	12569	2754	35.9486	35	2068	32	8	606	14	66	507	6	0.432208	1.15955e+06	9.67212e-05	
11985	13402	2790	29.6012	25.8463	2000	28	8	621	12	75	530	5	1.6708	1.1419e+06	5.70841e-05	
11961	12835	2740	29.1569	25.9167	2041	28	5	645	1	85	508	5	0.907166	1.38829e+06	5.78436e-05	
12069	12578	2704	37	25.2612	2122	31	7	640	3	77	499	5	0.444908	1.33799e+06	8.45594e-05	
12100	12550	2773	31.8831	33.6848	2121	32	8	606	16	65	526	5	0.375812	1.04468e+06	0.000157257	
11900	12573	2775	34.1479	30.96	2012	29	7	630	3	76	508	6	0.658196	1.25642e+06	6.69434e-05	
11928	12801	2772	35.0565	25	2072	31	4	626	15	82	506	4	0.923506	1.29056e+06	6.0042e-05	
12100	12550	2710	33.899	27.7284	2042	31	8	647	21	71	513	5	0.37	1.1314e+06	0.000130327	
12100	13359	2763	28.0406	27.6093	2135	29	6	639	15	81	508	5	1.44726	1.15593e+06	5.78001e-05	
11851	13496	2797	32.9921	29.4183	2006	29	7	635	0	90	522	5	1.9809	966949	6.20347e-05	
12097	12591	2739	35.9522	33.6233	2050	32	8	625	11	65	508	6	0.432195	1.17257e+06	9.58957e-05	
11701	13083	2700	35.8924	34.4039	2015	31	8	614	12	79	504	6	1.53932	809905	7.19735e-05	
11615	12679	2741	36.1689	33.9662	2063	29	8	630	10	86	461	6	1.1324	857664	7.17875e-05	
12020	12579	2772	35.529	27.2108	2136	30	9	635	18	66	502	6	0.517723	1.34066e+06	7.52219e-05	
11028	12721	2730	35.6174	35	2116	31	7	618	14	82	485	5	1.86048	784404	7.59013e-05	
11782	12550	2728	32.98	25.7194	2052	30	7	620	20	87	522	5	0.758774	1.34866e+06	6.07349e-05	
11028	12712	2735	36.7422	34.4355	2145	31	6	636	18	85	485	5	1.85285	787228	7.58783e-05	
11903	13122	2797	34.3768	32.1181	2006	31	8	623	5	86	530	5	1.39743	912265	6.56728e-05	
11910	13015	2740	36.0224	33.955	2088	31	8	627	1	68	490	5	1.21848	860639	7.04523e-05	
11434	12712	2730	36.383	35	2116	31	7	635	18	85	485	5	1.38371	805426	7.35835e-05	
11718	12757	2711	36.3653	33.7635	2109	30	4	635	35	75	528	4	1.09882	889186	6.99056e-05	
11971	13147	2797	34.3768	32.522	2034	28	4	627	4	86	523	5	1.34685	941024	6.49815e-05	
11907	12685	2700	33.24	34.4558	2108	29	9	613	23	65	513	5	0.773745	1.06027e+06	6.93145e-05	
12079	12711	2716	37	25	2115	30	7	632	35	67	502	4	0.605373	1.43167e+06	6.48004e-05	
12011	12598	2737	37	29.5283	2056	30	10	632	19	82	483	5	0.54758	1.28461e+06	7.13776e-05	
12043	12622	2735	35.3772	30.4912	2015	32	8	642	14	76	494	5	0.537795	1.27441e+06	7.45879e-05	
12097	12550	2743	30.0464	34.0914	2125	31	8	616	17	61	478	6	0.371738	980996	0.00019992	
11963	13376	2751	36.8814	30.1742	2068	29	7	642	25	75	514	6	1.64865	912229	6.53467e-05	
12015	12590	2711	36.3653	32.8615	2138	30	4	635	35	75	520	4	0.526979	1.24483e+06	7.51484e-05	
11971	12598	2743	36.4824	33.1018	2005	30	7	613	16	80	450	5	0.59773	1.18145e+06	7.23223e-05	
11853	12720	2745	35.4825	33.7635	2160	28	4	627	17	75	520	4	0.900325	993351	6.79717e-05	
12029	12708	2741	36.7609	30.5359	2095	30	10	603	9	82	493	5	0.66871	1.19688e+06	6.68539e-05	
11925	12865	2734	35.5827	32.5051	2053	31	9	630	34	81	462	6	0.998849	937396	6.9377e-05	
11430	12736	2760	36.8307	34.2686	2001	31	9	650	20	85	501	5	1.43538	809276	7.30353e-05	
11883	13364	2785	37	32.8154	2150	29	6	638	27	80	510	5	1.75173	858591	6.74445e-05	
12043	13071	2784	36.8304	31.4168	2020	30	8	631	31	83	499	5	1.14866	941315	6.62603e-05	
12070	13158	2780	28.2608	29.3239	2095	28	5	618	11	83	508	4	1.21767	1.16498e+06	5.92839e-05	
12012	12944	2739	33.748	28.1929	2025	29	9	634	21	88	496	4	0.996737	1.10229e+06	6.20232e-05	
12024	13351	2764	29.8557	31.3057	2154	29	6	645	15	89	520	5	1.53701	1.00145e+06	6.15309e-05	
12100	12550	2750	27.9242	32.579	2060	32	7	610	14	68	494	5	1.55966	826393	7.01951e-05	
12043	12550	2750	27.9242	34.3165	2103	32	10	610	13	72	494	5	0.433355	1.02404e+06	0.00017322	
12050	12900	2741	35.8365	27.5988	2133	29	9	614	14	87	467	6	0.894174	1.1453e+06	6.29961e-05	
12033	12884	2742	30.5979	28.6804	2141	31	8	618	7	87	510	5	0.887454	1.25568e+06	6.06024e-05	
12100	12554	2743	30.691	34.0914	2040	29	8	611	18	67	516	6	0.374629	1.01495e+06	0.000177525	
12029	12939	2761	31.0876	26.1295	2078	29	6	616	17	84	489	5	0.972893	1.28044e+06	5.88235e-05	
12054	12713	2704	34.1448	25	2160	31	6	647	3	71	497	5	0.63375	1.46075e+06	6.38529e-05	
11885	12567	2751	36.4753	28.246	2053	30	6	647	16	82	516	5	0.664896	1.28775e+06	6.47626e-05	
11940	12550	2797	34.8075	28.0456	2064	29	7	636	8	87	511	5	0.583964	1.36028e+06	6.8306e-05	
12096	12822	2780	35.3378	30.9753	2133	29	7	636	28	64	489	5	0.74454	1.18525e+06	6.5647e-05	
12065	13034	2730	35.4877	34.9548	2101	29	8	622	33	73	503	5	1.04922	900279	6.95701e-05	
11968	12578	2752	35.6955	26.2808	2001	31	10	650	3	75	510	5	0.577003	1.37089e+06	6.78518e-05	
11836	13293	2776	36.6186	33.5697	2148	31	6	636	24	83	524	4	1.70555	846742	6.81524e-05	
11928	12989	2777	27.2642	25.0927	2053	29	4	622	10	81	518	4	1.16014	1.35672e+06	5.58971e-05	
11893	12865	2734	35.5827	32.5051	2053	31	9	608	34	81	462	6	1.03782	922813	6.95555e-05	
12008	12550	2743	36.2919	32.8176	2117	32	8	606	17	74	511	6	0.490223	1.2236e+06	8.07233e-05	
12024	13425	2800	29.8557	32.1967	2096	31	8	644	10	84	527	6	1.66073	964301	6.28062e-05	
12055	12624	2754	35.9522	29.9889	2050	31	7	606	7	65	519	6	0.529637	1.29604e+06	7.45101e-05	
12056	12748	2726	35.8377	26.0618	2160	31	7	614	35	72	504	4	0.68326	1.36572e+06	6.27628e-05	
11874	13237	2767	35.6237	33.2096	2088	28	5	626	33	85	525	6	1.57595	876485	6.70331e-05	
12051	12578	2740	35.0989	29.1438	2046	30	10	646	19	80	496	5	0.471896	1.25088e+06	8.53242e-05	
12083	12550	2756	32.4885	35	2017	28	7	611	18	72	516	6	0.395657	1.07505e+06	0.000132485	
11972	12861	2736	31.6908	31.1249	2053	31	9	622	28	81	513	5	0.932278	1.0916e+06	6.43542e-05	
11847	12871	2729	29.8052	25.1034	2008	28	8	634	0	81	513	5	1.09098	1.2483e+06	5.79307e-05	
12000	13019	2743	36.5832	34.9641	2027	32	6	616	18	67	513	5	1.11509	864946	7.13827e-05	
12100	13052	2755	37	29.1438	2056	29	10	626	22	83	496	4	1.04032	1.01586e+06	6.40861e-05	
11952	13167	2790	31.1232	28.9843	2132	29	5	624	14	85	509	5	1.38993	1.06743e+06	6.02918e-05	
11992	13113	2779	27.7999	26.7709	2134	30	6	617	4	84	529	5	1.25168	1.24224e+06	5.68246e-05	
11984	12635	2745	36.023	33.2711	2031	30	8	600	21	69	496	5	0.629818	1.16698e+06	7.07264e-05	
12100	12956	2769	33.6064	25.5479	2020	29	6	636	24	86	490	4	0.913707	1.29227e+06	5.92768e-05	
11968	12552	2741	35.6955	26.2808	2029	30	4	650	3	72	489	5	0.541221	1.42294e+06	7.09723e-05	
12088	12689	2726	37	28.3664	2088	28	6	617	22	71	483	5	0.56804	1.33586e+06	6.91037e-05	
12051	12550	2700	35.3856	26.2808	2011	31	6	647	3	69	497	5	0.429718	1.28745e+06	9.30579e-05	
11938	13500	2794	30.9339	30.7696	2049	29	9	626	3	82	481	6	1.87279	956097	6.33955e-05	
12100	12554	2733	36.2386	30.4912	2095	32	8	611	14	76	493	6	0.380184	1.14886e+06	0.000112334	
12059	12554	2732	32.954	34.9263	2015	29	8	611	11	72	523	6	0.427595	1.1175e+06	0.000110193	
11834	13390	2790	35.6082	33.3137	2029	29	9	616	20	77	522	5	1.85098	845015	6.7944e-05	
11868	12622	2779	34.826	33.077	2148	30	6	604	17	81	470	6	0.763448	1.10085e+06	6.81756e-05	
12097	12581	2738	34.8552	34.0914	2135	32	8	618	17	67	516	6	0.418338	1.13898e+06	0.000104679	
11952	13004	2790	33.6358	28.9843	2132	30	5	624	14	85	509	5	1.17138	1.06854e+06	6.16181e-05	
11836	13339	2768	36.6186	33.971	2148	29	6	636	24	83	524	4	1.76402	837577	6.83995e-05	
11985	12656	2725	32.9349	26.9996	2006	29	7	618	13	79	521	5	0.648119	1.3826e+06	6.45494e-05	
12052	12628	2742	37	29.1438	2075	31	10	641	19	86	505	5	0.536781	1.30069e+06	7.19269e-05	
11773	12566	2746	37	30.4319	2053	31	9	639	20	79	459	5	0.79872	1.03882e+06	6.89845e-05	
11982	13351	2764	29.8557	31.3057	2154	29	6	645	15	90	520	5	1.58912	994843	6.16713e-05	
11928	13104	2777	27.0019	25.704	2038	28	4	627	10	81	521	5	1.31477	1.28915e+06	5.60695e-05	
11865	12851	2758	35.1788	31.9759	2142	29	6	604	30	86	470	5	1.06237	961626	6.71006e-05	
12027	12578	2760	35.6955	25.668	2001	31	10	650	8	73	502	5	0.505613	1.35795e+06	7.62951e-05	
11918	12656	2725	32.9349	26.9996	2006	29	7	631	13	79	521	5	0.729727	1.33497e+06	6.19118e-05	
11874	13360	2748	37	34.1971	2036	30	9	621	10	77	520	4	1.73396	811106	7.01016e-05	
11858	12581	2746	32.98	25	2069	29	7	613	22	87	530	5	0.711511	1.43128e+06	6.03573e-05	
11979	13432	2762	36.6186	33.879	2067	31	6	636	24	83	519	4	1.71284	839298	6.84229e-05	
12082	13208	2784	28.0719	25.6411	2071	29	6	623	25	87	503	5	1.27227	1.26649e+06	5.63603e-05	
11960	12586	2733	34.7159	31.4437	2113	30	7	613	20	87	522	5	0.592319	1.26897e+06	6.97691e-05	
12066	12712	2761	36.383	35	2108	31	5	635	18	85	485	5	0.632609	1.1613e+06	7.11136e-05	
12034	12720	2711	35.4825	33.7635	2160	31	4	623	35	75	518	6	0.669989	1.16427e+06	6.89655e-05	
11967	13167	2780	34.6476	29.3033	2132	29	5	614	14	85	498	4	1.37125	1.00336e+06	6.2637e-05	
11713	12592	2790	37	34.1232	2059	31	5	635	6	86	463	4	0.91915	929784	7.13216e-05	
12033	12884	2742	34.7108	28.6804	2111	31	7	618	7	87	504	5	0.893479	1.15239e+06	6.26056e-05	
12089	12624	2727	35.9522	29.069	2050	32	8	606	16	65	512	6	0.482583	1.27961e+06	8.1314e-05	
12082	13172	2770	26.941	26.149	2080	30	6	627	21	90	500	6	1.21217	1.29758e+06	5.6802e-05	
11338	12996	2762	36.6244	35	2047	30	8	636	21	70	504	5	1.88991	782751	7.42997e-05	
12007	13004	2729	34.9048	27.9542	2100	28	10	610	21	70	511	4	1.07978	1.05639e+06	6.23986e-05	
12097	12554	2743	30.0062	34.0914	2135	32	7	606	18	68	511	6	0.376789	991385	0.000192049	
11982	12618	2716	37	25	2115	30	7	632	35	67	473	4	0.604321	1.41134e+06	6.56513e-05	
12053	12578	2714	34.1506	35	2000	31	7	646	7	72	497	5	0.464115	1.16735e+06	9.23532e-05	
11994	12887	2763	36.7496	35	2091	32	9	617	23	67	474	5	0.954133	898558	7.23798e-05	
11976	12778	2738	36.8748	28.3846	2109	32	10	633	9	61	519	5	0.824478	1.1131e+06	6.52997e-05	
11847	13259	2775	29.1588	28.1973	2052	31	5	610	1	89	526	4	1.63349	1.07532e+06	5.98444e-05	
12021	13116	2761	33.1915	28.4734	2149	30	7	635	18	62	505	4	1.22423	1.05477e+06	6.20694e-05	
11974	13042	2748	35.3024	32.8185	2021	28	7	629	19	62	520	6	1.17912	914345	6.76178e-05	
12054	12578	2708	37	26.2808	2061	31	6	640	3	81	499	5	0.463889	1.33791e+06	8.09585e-05	
11738	12557	2793	34.826	31.9759	2160	30	6	600	23	86	450	5	0.842129	1.05428e+06	6.78748e-05	
12011	13228	2746	32.249	32.7939	2072	31	8	644	4	88	480	4	1.38004	914930	6.62339e-05	
11886	12851	2758	35.1788	31.9759	2142	29	6	606	30	75	470	5	1.03665	966638	6.75037e-05	
12054	12550	2734	35.7094	35	2095	30	7	634	25	73	494	5	0.431662	1.15507e+06	9.67867e-05	
12097	12609	2774	35.5162	31.6219	2016	32	7	634	34	75	513	5	0.460939	1.22302e+06	8.93575e-05	
11982	13258	2755	35.718	32.7939	2079	31	8	649	4	86	481	4	1.4651	868671	6.7792e-05	
11858	12581	2746	37	27.9557	2047	30	6	615	20	80	506	5	0.714938	1.23385e+06	6.46998e-05	
11858	12609	2746	37	25.6691	2047	30	6	610	20	84	519	5	0.751141	1.29967e+06	6.22975e-05	
11902	12858	2754	37	30.98	2110	30	6	609	21	81	507	6	1.02593	979845	6.65159e-05	
12037	12669	2763	34.984	34.0914	2124	29	8	620	16	66	516	6	0.611843	1.20728e+06	7.10732e-05	
11825	13351	2776	36.2692	33.5697	2148	31	7	636	24	83	524	4	1.79905	842814	6.80504e-05	
11613	12719	2707	35.5728	34.4553	2128	32	4	642	23	87	503	5	1.17173	862423	7.11896e-05	
11938	12655	2743	33.5084	27.1606	2005	30	10	645	15	80	519	5	0.709502	1.31787e+06	6.2692e-05	
11989	13162	2753	27.6981	25	2014	29	8	629	15	71	529	5	1.30955	1.25829e+06	5.63507e-05	
12037	12578	2740	35.5724	29.1438	2046	30	10	646	25	76	496	5	0.489534	1.27023e+06	8.05477e-05	
11698	12552	2717	34.9319	29.2043	2078	29	7	608	10	69	523	5	0.860557	1.09109e+06	6.51508e-05	
11954	12550	2725	34.9447	35	2114	30	9	610	11	63	459	6	0.552002	1.18027e+06	7.71545e-05	
12051	12628	2742	37	29.1438	2085	31	10	639	12	86	505	4	0.538017	1.2983e+06	7.1736e-05	
12051	12550	2700	36.6613	26.2808	2001	31	8	647	3	69	499	5	0.430501	1.28851e+06	8.92061e-05	
11982	13258	2755	35.718	32.9145	2079	31	8	631	4	84	489	4	1.4651	867147	6.77966e-05	
12060	12550	2714	35.4912	26.0582	2160	31	6	644	5	70	497	5	0.42101	1.27601e+06	9.57946e-05	
11951	12941	2750	35.2843	33.1428	2122	29	8	646	4	82	494	4	1.07337	933809	6.7331e-05	
11916	13166	2750	35.3928	32.7939	2090	31	7	642	1	84	489	4	1.41836	876733	6.77369e-05	
11948	12581	2733	37	31.4437	2108	31	7	613	33	87	522	5	0.602054	1.2306e+06	6.8937e-05	
11910	12710	2759	36.0224	33.955	2088	31	7	627	1	68	485	5	0.822286	996515	7.03482e-05	
12068	12951	2706	34.2005	29.1827	2140	30	6	639	18	80	477	6	0.926138	1.10991e+06	6.37877e-05	
11746	13019	2743	36.5832	34.7968	2033	32	6	618	20	67	513	5	1.42447	814879	7.24113e-05	
11764	12581	2746	35.1479	25	2052	30	6	613	22	87	526	5	0.827815	1.29954e+06	6.06465e-05	
12097	12554	2754	34.7816	34.6952	2128	28	9	621	18	69	513	5	0.385783	1.09485e+06	0.000120453	
12100	12557	2704	35.4912	25.667	2160	31	6	647	2	70	497	5	0.379476	1.21486e+06	0.00011274	
11921	13042	2781	32.8435	30.1292	2021	28	7	643	35	90	522	6	1.25652	1.01276e+06	6.23441e-05	
11909	13324	2779	35.454	34.1936	2047	30	6	647	21	79	513	5	1.65944	846740	6.84791e-05	
12030	12866	2748	36.3991	31.1995	2124	32	7	630	20	61	518	5	0.876547	1.03963e+06	6.68986e-05	
11473	12712	2730	36.383	34.4355	2088	31	7	623	18	85	485	5	1.33811	816764	7.28928e-05	
11626	12786	2716	35.5728	33.8522	2119	32	5	626	23	87	503	5	1.24703	859779	7.04771e-05	
12100	13274	2717	34.7918	34.7086	2054	31	9	643	7	69	514	5	1.32136	849229	6.95024e-05	
11824	13034	2712	35.4877	34.9548	2075	29	8	619	35	80	496	5	1.33427	829204	7.09774e-05	
11811	12550	2768	37	29.1438	2046	30	10	648	19	83	496	4	0.737938	1.15356e+06	6.57592e-05	
11990	13200	2787	31.1232	29.3239	2132	29	5	615	14	83	520	5	1.38635	1.06237e+06	6.03573e-05	
11928	12641	2703	35.1798	27.7465	2069	30	7	641	3	81	497	5	0.694943	1.27588e+06	6.4082e-05	
12066	12897	2761	33.1915	28.2255	2139	30	7	635	18	78	505	4	0.87426	1.2245e+06	6.10016e-05	
12089	12698	2734	37	30.9186	2050	32	8	607	16	86	522	6	0.580148	1.26055e+06	6.99399e-05	
11998	12959	2786	33.5748	29.839	2116	31	6	609	17	72	513	5	1.05139	1.06943e+06	6.30955e-05	
11959	12578	2722	35.0989	29.1438	2046	30	10	646	19	82	496	5	0.581233	1.29704e+06	6.93289e-05	
12098	12554	2758	30.691	34.4604	2030	31	8	634	21	67	516	5	0.379174	1.02401e+06	0.000173853	
11836	13339	2776	36.6186	33.5697	2148	31	6	636	24	83	524	4	1.76912	844605	6.81524e-05	
11892	13237	2767	35.6237	33.2096	2088	28	5	626	33	85	525	6	1.55381	878567	6.69434e-05	
12069	12949	2753	35.8113	33.9908	2087	32	4	644	14	67	516	5	0.939659	973742	6.87427e-05	
11961	12778	2740	31.1122	25.6915	2067	28	7	637	1	79	530	4	0.837067	1.38472e+06	5.81463e-05	
11717	12791	2706	35.1856	27.7386	2016	29	9	634	30	75	513	4	1.14113	1.00383e+06	6.43004e-05	
11951	12941	2750	35.2843	33.1428	2057	31	7	650	4	82	488	4	1.07337	927263	6.81989e-05	
12046	13376	2751	36.8814	29.5584	2068	29	7	642	25	75	514	6	1.54614	938780	6.43666e-05	
11960	13306	2777	26.3349	25	2079	31	4	624	15	70	524	5	1.54885	1.27578e+06	5.5966e-05	
12100	12578	2706	34.3409	35	2000	31	6	647	7	72	513	5	0.405492	1.11224e+06	0.00011157	
11847	12669	2720	35.0058	33.5742	2032	30	8	601	21	75	496	6	0.833157	997088	6.98227e-05	
11907	12804	2736	37	33.7429	2101	29	6	609	11	61	508	5	0.942262	930503	7.02839e-05	
11954	12550	2765	36.0803	32.8274	2115	30	9	622	10	65	463	6	0.560933	1.22018e+06	7.39754e-05	
11972	12887	2763	36.7496	35	2091	32	9	617	23	67	472	5	0.981375	886833	7.25637e-05	
11928	13104	2777	27.0019	25.0927	2029	28	5	627	6	82	520	4	1.31477	1.30037e+06	5.56112e-05	
11899	12611	2751	36.4431	29.1438	2023	31	8	639	16	84	509	5	0.704717	1.20957e+06	6.53979e-05	
11928	13152	2777	28.952	25.0927	2024	29	4	628	6	81	518	4	1.38736	1.23429e+06	5.66123e-05	
11858	12609	2746	35.2854	25	2047	31	6	650	20	84	519	5	0.750105	1.36875e+06	6.10091e-05	
11987	13410	2800	35.1258	31.5609	2126	32	10	618	28	83	518	4	1.69446	894557	6.50872e-05	
12100	12805	2728	32.9514	25	2036	31	9	622	31	81	513	5	0.701008	1.42682e+06	6.14175e-05	
12091	12903	2740	29.2836	25	2030	28	8	643	9	84	490	4	0.836956	1.44782e+06	5.83226e-05	
11995	13119	2784	28.9374	26.7709	2124	30	6	614	4	75	514	5	1.26225	1.20146e+06	5.7857e-05	
12011	13350	2790	36.1124	34.2235	2036	30	9	617	22	77	508	4	1.57533	838118	6.87521e-05	
11907	12598	2736	36.0182	29.4733	2042	31	6	640	23	86	490	5	0.674123	1.23633e+06	6.62208e-05	
11979	12703	2751	36.6214	34.2673	2071	32	9	622	7	81	503	4	0.726299	1.05938e+06	6.99839e-05	
11392	12630	2730	34.9892	35	2007	31	7	630	18	90	485	5	1.32566	818631	7.3373e-05	
12070	13158	2780	30.9908	29.3239	2095	28	5	631	11	83	499	4	1.22502	1.09585e+06	6.04741e-05	
12051	12598	2740	37	29.1438	2102	31	10	639	19	83	501	5	0.498865	1.28172e+06	7.66754e-05	
11971	12759	2793	34.655	28.6518	2116	30	6	604	20	72	513	5	0.820431	1.21854e+06	6.24727e-05	
11925	13089	2766	31.5291	26.7693	2031	29	9	632	17	81	504	6	1.30621	1.09778e+06	5.98444e-05	
11922	13021	2762	36.2437	33.2847	2092	32	10	634	24	88	530	5	1.22169	883025	6.78012e-05	
12083	12866	2722	36.3991	31.1995	2141	32	7	630	20	61	524	5	0.803203	1.0875e+06	6.672e-05	
11787	12821	2728	32.98	26.0004	2052	30	7	620	20	85	523	5	1.10336	1.14012e+06	6.03792e-05	
11910	13015	2759	36.0224	33.955	2088	31	8	627	1	68	485	5	1.22693	862876	7.03779e-05	
12020	12840	2747	34.8328	31.5033	2035	30	10	619	18	86	480	5	0.85316	1.06244e+06	6.63394e-05	
12035	12854	2734	32.9514	27.6619	2041	31	9	622	28	83	516	5	0.847007	1.22878e+06	6.141e-05