9.6.2020 12:19	LaEska	10893	11867	24.28	29.93	1.890722	381698	450350	832049	15424	5961	8848	0.2314	0.1398	0.6565
9.6.2020 12:54	LaEska	10706	11690	23.23	26.99	1.884471	427562	513264	940826	16223	9008	10112	0.2147	0.1483	0.712
9.6.2020 13:31	LaEska	10723	11849	20.21	24.72	2.210482	409197	578042	987240	16317	13149	10078	0.1928	0.1876	0.7926
9.6.2020 14:4	LaEska	10481	11335	21.72	24.89	1.527216	436392	529211	965603	15748	11130	9317	0.1487	0.1679	0.7493
9.6.2020 14:51	LaEska	11381	12563	16.72	23.48	2.445613	624591	896962	1521552	19665	19852	20201	0.3845	0.1994	0.9089
9.6.2020 15:23	LaEska	10019	11101	17.91	23.3	1.970774	406683	651080	1057763	15966	11245	14966	0.1317	0.2072	0.8201
9.6.2020 15:56	LaEska	10299	11325	20.32	29.09	1.879475	349235	495270	844505	14898	4807	10501	0.1372	0.172	0.6738
9.6.2020 16:31	LaEska	10328	11470	18.33	25.63	2.151668	397975	623923	1021898	16113	8739	20799	0.1528	0.1829	0.7711
9.6.2020 17:10	LaEska	11068	12160	22.76	28.34	2.173154	390018	484647	874665	15913	8133	7225	0.2474	0.1603	0.7007
9.6.2020 17:45	LaEska	10643	11659	24.48	24.97	1.929364	376134	478451	854585	15532	14130	10238	0.1989	0.1447	0.7374
9.6.2020 18:27	LaEska	11112	12176	21.85	22.56	2.183435	536690	657649	1194339	18340	29409	23128	0.3494	0.1497	0.8567
9.6.2020 19:8	LaEska	11048	12168	16.8	24.62	2.22671	561723	810328	1372051	18494	14052	14340	0.2714	0.2079	0.8556
9.6.2020 19:53	LaEska	11199	12363	15.15	20.1	2.386015	729420	1115335	1844754	20487	30716	30596	0.3651	0.2449	1.0545
9.6.2020 20:33	LaEska	11061	12143	21.49	27.64	2.205824	447207	556745	1003952	16881	9180	9129	0.2501	0.164	0.7391
9.6.2020 21:10	LaEska	10957	12051	22.1	25.81	2.202855	448894	572028	1020922	17023	13893	10597	0.3088	0.1478	0.7646
9.6.2020 21:57	LaEska	11412	12248	21.84	20.61	1.666659	776395	748302	1524698	19952	51018	24542	0.4499	0.1505	0.9287
9.6.2020 22:38	LaEska	10841	12121	15.45	22.71	2.572013	517665	912640	1430305	18287	14933	19286	0.2453	0.2355	0.9341
9.6.2020 23:19	LaEska	11201	12183	17.81	21.87	1.924617	690566	839906	1530472	19497	25508	22048	0.3486	0.1991	0.9156
9.6.2020 23:58	LaEska	11295	12341	22.81	26.31	2.157587	492937	571985	1064922	17595	14711	6718	0.3282	0.1527	0.7642
10.6.2020 0:43	LaEska	11287	12485	15.5	25.46	2.492134	590476	913402	1503878	18975	12324	21287	0.2812	0.2307	0.8864
10.6.2020 1:25	LaEska	11246	12322	17.77	23.12	2.198305	611458	818121	1429578	19163	20966	27612	0.3337	0.1852	0.8965
10.6.2020 2:8	LaEska	11001	12189	15.26	21.68	2.367866	634574	1009084	1643657	19471	19482	20732	0.2822	0.2478	0.9729
10.6.2020 2:39	LaEska	10019	11033	18.12	23.3	1.822613	426806	654344	1081151	16092	11636	15112	0.1081	0.1988	0.8166
10.6.2020 3:19	LaEska	10831	11903	16.46	24.53	2.081418	564438	818568	1383005	18196	12999	15507	0.231	0.2146	0.8621
10.6.2020 3:56	LaEska	10917	11991	24.05	27.67	2.12001	398916	489621	888537	16067	8910	7998	0.2716	0.141	0.698
10.6.2020 4:37	LaEska	11065	12221	17.31	24.94	2.365438	537516	777796	1315312	18379	14159	21875	0.2748	0.1937	0.8519
10.6.2020 5:22	LaEska	11287	12485	15.5	25.46	2.492134	574609	897517	1472126	18756	11568	21747	0.2684	0.2325	0.886
10.6.2020 5:59	LaEska	10535	11709	18.7	23.14	2.286075	475560	692791	1168351	17449	14638	14285	0.2293	0.2006	0.8403
10.6.2020 6:39	LaEska	11229	12267	23.95	29.01	2.109306	417389	486462	903851	16303	8284	15335	0.2843	0.1295	0.6902
10.6.2020 7:17	LaEska	11229	12267	23.95	29.75	2.101551	401500	469663	871163	16016	7604	14099	0.2739	0.1296	0.6768
10.6.2020 7:55	LaEska	10723	11849	20.21	22.97	2.210482	432614	608346	1040960	16739	17696	10340	0.1988	0.1898	0.8372
10.6.2020 8:28	LaEska	10332	11352	17.91	22.8	1.897433	510039	735565	1245604	17422	16358	20413	0.1799	0.1915	0.8569
10.6.2020 9:6	LaEska	11068	12116	22.76	26.96	2.069348	414321	507144	921464	16254	9899	8197	0.2616	0.1614	0.7254
10.6.2020 9:45	LaEska	10923	12071	17.58	27.38	2.265072	470392	677379	1147772	17269	9242	12072	0.196	0.1959	0.7795
10.6.2020 10:21	LaEska	10722	11744	23.67	27.74	1.992054	398144	488120	886264	15834	9032	11486	0.2088	0.1478	0.6998
10.6.2020 10:55	LaEska	10141	11161	17.91	23.3	1.85884	463518	695997	1159516	16697	12804	18276	0.1128	0.1983	0.829
10.6.2020 11:38	LaEska	11413	12379	24.74	23.38	1.947153	521848	563578	1085427	17781	31261	19969	0.3387	0.1348	0.8154
10.6.2020 12:11	LaEska	10281	11381	22.26	27.36	2.041085	362285	493159	855444	15281	7775	9366	0.1679	0.1633	0.6904
10.6.2020 12:42	LaEska	10019	11039	17.91	22.44	1.834187	441302	681234	1122536	16335	13876	16158	0.1121	0.2017	0.8427
10.6.2020 13:12	LaEska	10257	11197	23.33	26.59	1.703646	351152	462790	813942	14751	8634	11590	0.1385	0.1553	0.6943
10.6.2020 13:48	LaEska	10587	11749	18.62	26.92	2.281721	438149	636502	1074652	16821	8540	11324	0.1529	0.1879	0.7631
10.6.2020 14:28	LaEska	11076	12072	16.69	25.13	1.94802	635349	818610	1453958	18598	12305	13412	0.2613	0.2075	0.8552
10.6.2020 15:2	LaEska	10246	11420	18.24	27.6	2.192026	388165	601156	989321	15875	7127	14148	0.1502	0.1937	0.7294
10.6.2020 15:40	LaEska	11128	12068	22.32	25.07	1.888673	514372	584670	1099041	17458	15425	17267	0.2661	0.1529	0.7857
10.6.2020 16:22	LaEska	11141	12297	17.31	24.94	2.382817	536258	777190	1313448	18379	13279	21765	0.2802	0.1949	0.8491
10.6.2020 17:2	LaEska	11209	12227	22.45	29.16	2.066818	414097	496817	910914	16162	7969	11032	0.219	0.1539	0.7026
10.6.2020 17:44	LaEska	10921	12127	15.26	20.67	2.398444	636863	1030663	1667526	19594	22824	22111	0.3021	0.2494	1.0036
10.6.2020 18:27	LaEska	11004	12138	15.12	26.74	2.228505	544860	850229	1395089	17810	8959	18007	0.2344	0.2419	0.8463
10.6.2020 19:8	LaEska	11048	12138	17.58	28.13	2.172422	478933	671457	1150390	17184	8219	10689	0.2457	0.1947	0.7661
10.6.2020 19:42	LaEska	10587	11579	22.7	28.97	1.888926	389193	488472	877665	15566	6270	8516	0.2195	0.1549	0.6729
10.6.2020 20:24	LaEska	11003	12093	15.02	24.88	2.131056	577137	883438	1460575	17919	11066	17261	0.2343	0.2584	0.8903
10.6.2020 21:2	LaEska	11167	12049	22.91	28.75	1.708363	452515	494078	946593	16183	8041	11932	0.2351	0.142	0.6997
10.6.2020 21:32	LaEska	10213	11001	23.83	28.85	1.371995	344757	421943	766701	13928	4579	5997	0.1492	0.1533	0.6461
10.6.2020 22:13	LaEska	11205	12273	19.37	25.6	2.135046	506361	644144	1150505	17701	15112	12110	0.2929	0.1816	0.8012
10.6.2020 22:47	LaEska	10246	11420	18.24	27.6	2.192026	386610	600648	987258	15863	7138	14020	0.16	0.1915	0.7291
10.6.2020 23:21	LaEska	10606	11476	22.77	25.55	1.625122	456215	533186	989401	16223	13455	13264	0.2164	0.1449	0.7475
10.6.2020 23:53	LaEska	10262	10988	19.72	28.89	1.231415	517574	535113	1052687	15220	4829	7639	0.1227	0.187	0.6884
11.6.2020 0:35	LaEska	11436	12346	22.54	26.27	1.833893	552475	579115	1131591	17805	16409	19583	0.3204	0.1403	0.7704
11.6.2020 1:20	LaEska	11227	12393	15	26.09	2.363753	578371	902746	1481117	18430	9888	18577	0.2658	0.2487	0.8772
11.6.2020 2:3	LaEska	10970	12104	15.12	26.74	2.229954	547732	855155	1402887	17842	8835	12151	0.2352	0.2485	0.8468
11.6.2020 2:44	LaEska	11048	11916	16.54	21.23	1.621859	820162	926700	1746862	19291	26857	31711	0.342	0.2039	0.9607
11.6.2020 3:25	LaEska	11097	11949	17.63	20.23	1.639787	809247	895961	1705208	19528	31292	19546	0.3997	0.1967	0.9781
11.6.2020 4:6	LaEska	10996	12012	20.69	21.62	2.029669	603489	741485	1344974	19057	31838	11329	0.414	0.1599	0.8863
11.6.2020 4:47	LaEska	11048	11916	16.54	21.23	1.621859	823229	928263	1751492	19313	28565	35217	0.346	0.2019	0.9625
11.6.2020 5:20	LaEska	10543	11331	25	29.44	1.399983	398838	429029	827867	14755	5234	6089	0.1757	0.1473	0.6406
11.6.2020 5:50	LaEska	10213	11001	23.79	28.88	1.371955	346435	422101	768537	13937	4603	5884	0.1592	0.155	0.6461
11.6.2020 6:31	LaEska	11325	12221	24.4	26.03	1.80122	516331	542223	1058554	17334	14881	12099	0.3794	0.1417	0.7522
11.6.2020 7:11	LaEska	10937	11963	16.85	22.1	1.97306	630866	857341	1488206	18863	23536	15219	0.3501	0.21	0.9197
11.6.2020 11:19	LaEska	11049	11997	23.9	23.87	1.873159	486258	555664	1041922	17147	23864	18689	0.2996	0.1349	0.7965
11.6.2020 12:5	LaEska	11393	12475	21.49	27.64	2.276787	481369	580949	1062319	17496	10771	9565	0.3174	0.1566	0.7548
11.6.2020 12:39	LaEska	10032	11156	15.73	20.87	2.023996	477292	825638	1302931	16952	17091	25230	0.1698	0.2358	0.935
11.6.2020 13:32	LaEska	11272	12406	15.95	20.68	2.346885	702828	1044647	1747476	20334	29085	26809	0.4152	0.2178	1.0136
11.6.2020 14:14	LaEska	11141	12297	17.31	24.94	2.382817	521239	764659	1285898	18156	12450	19659	0.2813	0.1976	0.8495
11.6.2020 14:55	LaEska	11016	12070	21.47	22.91	2.136011	505605	641802	1147408	17858	26775	21835	0.3057	0.1463	0.8492
11.6.2020 15:34	LaEska	10969	12119	17.53	21.85	2.338715	612053	879533	1491586	19483	22949	17440	0.3729	0.1938	0.9249
11.6.2020 16:7	LaEska	10141	11169	17.68	23.3	1.874807	462862	704657	1167519	16699	12326	18361	0.1058	0.2023	0.8312
11.6.2020 16:45	LaEska	10667	11707	16.23	26.41	1.974474	516830	755798	1272629	17188	9430	15207	0.2164	0.2259	0.8118
11.6.2020 17:27	LaEska	11229	12245	17.74	21.23	2.006337	681155	853514	1534669	19630	29188	19674	0.3543	0.203	0.9384
11.6.2020 17:58	LaEska	10200	11126	25	28.53	1.643064	315467	409628	725095	14011	5952	8053	0.1629	0.1433	0.6408
11.6.2020 18:34	LaEska	10445	11585	18.24	28.3	2.158214	388948	590070	979018	15861	7111	13632	0.1702	0.1905	0.7255
11.6.2020 19:16	LaEska	10993	12199	15.26	21.68	2.415427	632351	1015379	1647730	19538	20027	23039	0.2875	0.2466	0.9739
11.6.2020 19:54	LaEska	10913	11957	24.36	29.98	2.099766	371257	456865	828122	15484	6598	10791	0.2645	0.1332	0.6614
11.6.2020 20:31	LaEska	10739	11695	18.19	22.87	1.817957	587109	741939	1329048	18052	20800	25570	0.2682	0.1872	0.8722
11.6.2020 21:8	LaEska	11211	12023	22.04	20.8	1.54847	710725	691497	1402222	19025	44586	17114	0.3689	0.1483	0.9031
11.6.2020 21:56	LaEska	11411	12559	17.16	29.16	2.400824	460061	664668	1124730	17070	7828	13533	0.2334	0.2026	0.7734
11.6.2020 22:36	LaEska	11276	12236	21.24	20.68	1.958464	664845	752110	1416954	19616	42899	21327	0.4076	0.1516	0.9301
11.6.2020 23:13	LaEska	10610	11690	21.02	30	2.113804	359772	489704	849476	15247	5213	10166	0.1883	0.1659	0.6768
11.6.2020 23:56	LaEska	11121	12319	15.5	25.46	2.452882	569762	893690	1463452	18667	11814	25813	0.2513	0.2311	0.8788
12.6.2020 0:38	LaEska	11299	12425	20.62	20.99	2.336589	593276	735659	1328935	19335	46604	25051	0.3551	0.1597	0.9305
12.6.2020 1:18	LaEska	11124	12166	19.58	21.69	2.103594	585586	755113	1340699	18863	32311	26525	0.4527	0.1652	0.9018
12.6.2020 1:57	LaEska	10836	12002	18.58	21.61	2.321276	498569	723268	1221837	17910	21961	13296	0.2195	0.2022	0.9018
12.6.2020 2:40	LaEska	11352	12428	21.19	22.95	2.246424	581580	708942	1290522	19057	32902	22295	0.4517	0.1482	0.8639
12.6.2020 3:14	LaEska	10275	11127	18.12	22.96	1.515212	564481	701271	1265752	16905	12918	16168	0.1484	0.2002	0.8417
12.6.2020 3:51	LaEska	10893	11917	21.31	29.93	2.001762	401271	502768	904038	15881	5857	11078	0.198	0.1544	0.6811
12.6.2020 4:27	LaEska	10236	11448	15.73	20.35	2.220266	501245	869694	1370939	17693	23315	24171	0.2229	0.2357	0.9572
12.6.2020 5:6	LaEska	11087	12143	21.47	24.86	2.145058	528612	638213	1166825	18115	21595	12446	0.3403	0.1583	0.8016
12.6.2020 5:45	LaEska	11112	12176	21.85	22.56	2.183435	542303	662544	1204847	18422	29454	23012	0.3531	0.1493	0.8568
12.6.2020 6:25	LaEska	10996	12084	17.89	21.62	2.18584	633154	873191	1506345	19542	27214	18413	0.4221	0.1831	0.9248
12.6.2020 7:4	LaEska	10822	11898	17.77	23.12	2.10874	550035	774840	1324875	18278	17384	18619	0.287	0.1934	0.8723
12.6.2020 7:47	LaEska	11141	12311	16.94	23.72	2.415819	571770	835817	1407586	18902	17816	25069	0.2776	0.2008	0.8953
12.6.2020 8:29	LaEska	10841	12009	16.21	22.71	2.316171	509892	835811	1345703	17891	14462	18786	0.2211	0.2218	0.9127
12.6.2020 9:13	LaEska	11352	12456	19.82	22.95	2.310289	586287	757842	1344129	19171	30383	26668	0.4966	0.1582	0.8771
12.6.2020 10:1	LaEska	11400	12542	16.72	21.87	2.338729	683314	954447	1637761	20250	28514	25474	0.4253	0.1979	0.9553
12.6.2020 10:35	LaEska	10325	11453	20.32	29.55	2.105793	339721	492907	832628	14939	4794	8910	0.1539	0.1715	0.6683
12.6.2020 11:9	LaEska	10341	11331	21.6	25.14	1.819519	422561	552102	974663	16111	10797	9735	0.1978	0.1692	0.7428
12.6.2020 11:49	LaEska	11048	12064	16.57	28.85	1.99915	468638	676308	1144947	16464	5951	10981	0.2208	0.2103	0.7711
12.6.2020 12:30	LaEska	11016	12104	21.47	21.22	2.217849	528429	675396	1203825	18332	38491	20497	0.3204	0.1493	0.8993
12.6.2020 13:7	LaEska	10481	11579	20.18	29.69	2.109991	382118	528076	910193	15646	5966	10056	0.1779	0.1732	0.684
12.6.2020 13:48	LaEska	11226	12224	20.53	22.56	1.993998	585267	697810	1283077	18686	29208	24644	0.3829	0.1556	0.8671
12.6.2020 14:20	LaEska	10019	11039	17.91	22.55	1.820922	436048	673274	1109322	16247	13569	16065	0.1111	0.201	0.8368
12.6.2020 14:52	LaEska	10281	11381	22.26	24.98	2.056179	376494	516631	893125	15584	11915	9593	0.1729	0.1684	0.7434
12.6.2020 15:23	LaEska	10200	11116	24.04	29.23	1.648611	330735	429857	760592	14268	5186	7238	0.1615	0.1469	0.6414
12.6.2020 16:7	LaEska	11300	12432	17.85	21.72	2.32709	622922	855544	1478466	19617	25994	18499	0.3843	0.187	0.9355
12.6.2020 16:45	LaEska	11229	12255	25	29.75	2.073677	394006	452411	846417	15842	7686	13450	0.2725	0.1281	0.6693
12.6.2020 17:30	LaEska	11287	12477	15.5	25.46	2.455207	571668	889424	1461092	18672	11728	21763	0.2678	0.2318	0.8827
12.6.2020 18:12	LaEska	11242	12372	18.82	21.23	2.332365	606546	809752	1416297	19474	30153	17930	0.3763	0.1789	0.9361
12.6.2020 18:44	LaEska	10200	11192	20.88	29.23	1.826985	325628	470901	796529	14374	5000	9162	0.1558	0.1678	0.6725
12.6.2020 19:19	LaEska	10778	11652	25	22.05	1.665871	477909	536725	1014634	16700	26355	15021	0.2553	0.1431	0.8168
12.6.2020 20:5	LaEska	11197	12353	15.75	21.58	2.334122	660367	997865	1658233	19813	22175	20960	0.3574	0.2262	0.9749
12.6.2020 20:44	LaEska	11141	12145	22.45	29.16	2.017085	430479	509892	940370	16380	8470	9373	0.266	0.1487	0.6989
12.6.2020 21:27	LaEska	11209	12343	16.75	24.94	2.338718	561204	816571	1377775	18571	13274	22518	0.2893	0.2037	0.8629
12.6.2020 22:7	LaEska	11094	12162	18.6	28.22	2.136521	459823	614135	1073957	16877	8283	15592	0.2217	0.1825	0.7554
12.6.2020 22:46	LaEska	10824	11856	19.27	23.12	2.001191	524513	691343	1215856	17863	19900	19520	0.2506	0.1768	0.8486
12.6.2020 23:29	LaEska	11141	12363	15.85	24.94	2.527564	536852	869476	1406328	18449	11983	23137	0.2828	0.2182	0.8784
13.6.2020 0:7	LaEska	10985	12027	24.36	29.98	2.109201	375295	459509	834804	15570	6619	9671	0.2779	0.1329	0.6643
13.6.2020 0:46	LaEska	11229	12267	23.95	29.75	2.101551	405077	471147	876224	16067	7323	14692	0.2683	0.13	0.6775
13.6.2020 1:30	LaEska	11001	12189	15.26	21.68	2.357585	629740	1002881	1632621	19406	19281	20261	0.2826	0.2469	0.9707
13.6.2020 2:6	LaEska	10643	11659	24.48	25.84	1.929364	374074	472202	846276	15478	11877	9603	0.1986	0.1441	0.7189
13.6.2020 2:50	LaEska	11272	12394	15.95	20.68	2.317273	738669	1070403	1809072	20662	28181	25357	0.418	0.2169	1.0121
13.6.2020 3:17	LaEska	9979	10569	22.84	25.36	0.910999	489419	464089	953508	13933	9049	12254	0.1795	0.1489	0.7067
13.6.2020 3:53	LaEska	10662	11746	21.63	28.46	2.102463	360151	490558	850709	15351	7741	15424	0.2374	0.1485	0.6946
13.6.2020 4:27	LaEska	10481	11335	21.72	24.89	1.549902	442490	537329	979820	15848	11049	9346	0.1476	0.1693	0.7545
13.6.2020 5:14	LaEska	11469	12511	18.87	23.26	2.12868	602110	760575	1362685	19013	20700	12959	0.3886	0.1761	0.8767
13.6.2020 5:52	LaEska	10813	11875	18.92	23.84	2.039768	496745	675388	1172132	17516	15689	18465	0.2926	0.1776	0.8261
13.6.2020 6:30	LaEska	11089	12161	16.72	21.87	2.112932	672456	921445	1593902	19674	25777	26064	0.3685	0.1995	0.9413
13.6.2020 6:58	LaEska	10019	11021	18.12	22.68	1.781517	410081	616371	1026452	15597	11293	11729	0.2015	0.2139	0.8291
13.6.2020 9:24	LaEska	11331	12481	15.5	23.27	2.386703	686692	1010898	1697590	19993	19098	21699	0.3158	0.232	0.9482
13.6.2020 10:6	LaEska	11061	12243	16.66	23.91	2.426632	565341	848404	1413745	18803	16848	18591	0.2878	0.2109	0.8921
13.6.2020 10:44	LaEska	11024	12116	22.76	26.96	2.163188	402574	504068	906642	16158	9688	7965	0.2619	0.1611	0.7232
13.6.2020 11:20	LaEska	11063	12015	24.42	26.69	1.886348	466393	518332	984725	16790	11761	8121	0.2745	0.1424	0.7297
13.6.2020 12:5	LaEska	11330	12462	17.59	29.98	2.312121	436263	617685	1053948	16659	6536	16087	0.2376	0.183	0.741
13.6.2020 12:39	LaEska	10443	11417	22.83	22.37	1.786716	460036	567534	1027570	16678	27063	18810	0.313	0.1484	0.8049
13.6.2020 13:24	LaEska	11272	12406	15.95	20.68	2.346885	702171	1044315	1746486	20324	28604	20607	0.4114	0.2206	1.0134
13.6.2020 14:4	LaEska	11206	12282	21.06	24.35	2.221656	515404	640557	1155961	18035	18039	15016	0.3016	0.1628	0.8204
13.6.2020 14:46	LaEska	11076	12072	16.72	25.13	1.94833	625490	808975	1434465	18485	11933	13369	0.2559	0.2098	0.8534
13.6.2020 15:20	LaEska	10328	11470	18.33	27.26	2.148806	371352	587619	958970	15603	6509	18492	0.1447	0.184	0.7368
13.6.2020 15:58	LaEska	11086	12190	22.05	28.76	2.252317	431173	527770	958943	16634	8393	5793	0.2349	0.1651	0.7128
13.6.2020 16:40	LaEska	11086	12216	15	21.12	2.274577	706720	1084460	1791181	19920	24804	27876	0.3441	0.2462	1.0157
13.6.2020 17:22	LaEska	11117	12183	16.72	21.87	2.091774	670884	914643	1585526	19620	25552	25890	0.374	0.2	0.9377
13.6.2020 18:7	LaEska	11331	12453	16.18	25.66	2.274383	575685	841652	1417337	18579	14280	26651	0.3792	0.205	0.8577
13.6.2020 18:39	LaEska	10174	11132	18.12	23.3	1.72824	487696	691896	1179592	16757	12870	16384	0.1304	0.1953	0.8263
13.6.2020 19:16	LaEska	10639	11813	18.7	22.62	2.310122	501613	719579	1221192	17898	17310	17328	0.2462	0.1958	0.8608
13.6.2020 19:49	LaEska	10141	11195	17.91	24.56	1.939561	446053	676206	1122260	16521	10084	16774	0.1196	0.2002	0.799
13.6.2020 20:24	LaEska	10948	11958	24.36	29.83	2.02047	377681	458784	836464	15530	6900	11119	0.2729	0.1301	0.6648
13.6.2020 21:1	LaEska	11072	12050	22.81	24.97	1.934134	464391	552984	1017376	16923	17478	16785	0.2569	0.1439	0.7777
13.6.2020 21:41	LaEska	10816	11954	16.94	22.18	2.2345	536934	815880	1352814	18259	17480	15267	0.2498	0.2136	0.9114
13.6.2020 22:22	LaEska	10974	12130	17.31	22.04	2.344627	586842	847019	1433861	19083	24452	28768	0.3097	0.1976	0.9272
13.6.2020 22:57	LaEska	10481	11487	19.93	29.37	1.898754	387060	524844	911904	15460	5756	12584	0.1768	0.1726	0.6912
13.6.2020 23:36	LaEska	11224	12330	21.92	26.18	2.255705	481461	585457	1066918	17578	13521	13025	0.3195	0.1467	0.7641
14.6.2020 0:14	LaEska	10979	12017	20.38	26.05	2.067196	499465	624695	1124160	17529	12547	7001	0.2877	0.1751	0.778
14.6.2020 0:55	LaEska	11169	12241	19.67	27.11	2.176207	492519	622545	1115064	17513	10618	15500	0.2511	0.1679	0.7696
14.6.2020 1:38	LaEska	11415	12265	19.22	20.8	1.695182	856452	854282	1710735	20417	43832	37483	0.3692	0.1604	0.9655
14.6.2020 2:18	LaEska	10941	12147	17.68	23.54	2.435632	535499	778091	1313590	18511	15492	16528	0.2644	0.2022	0.8657
14.6.2020 2:54	LaEska	10299	11431	16.96	26.46	2.097138	401902	657282	1059184	15973	7073	14055	0.1793	0.2146	0.7716
14.6.2020 3:40	LaEska	11395	12509	17.08	22.93	2.343327	670793	901020	1571813	19978	23584	23666	0.367	0.2007	0.9313
14.6.2020 4:20	LaEska	11100	12176	19.8	27.6	2.163231	476973	611786	1088759	17315	9491	13301	0.2683	0.161	0.7519
14.6.2020 5:3	LaEska	11197	12305	16.55	22.03	2.22302	601728	878412	1480140	18994	21742	28264	0.3147	0.2024	0.9438
14.6.2020 5:51	LaEska	11381	12613	16.72	23.67	2.556887	599281	879764	1479045	19503	18957	19254	0.3648	0.2006	0.9016
14.6.2020 6:27	LaEska	10824	11806	21.99	24.79	1.894507	442323	555053	997377	16543	15431	15968	0.2166	0.1517	0.7765
14.6.2020 7:9	LaEska	10853	12029	15	23.3	2.337565	592670	981488	1574158	18794	13958	25246	0.2674	0.2439	0.9324
14.6.2020 7:53	LaEska	11449	12531	22.81	23.58	2.278093	564325	645716	1210040	18824	28282	9014	0.3714	0.1506	0.8384
14.6.2020 8:28	LaEska	10721	11705	23.23	21.25	1.887355	519251	610881	1130132	17717	32331	16304	0.3054	0.1488	0.852
14.6.2020 9:9	LaEska	11251	12265	18.76	25.84	2.069544	571572	701064	1272637	18316	16054	17660	0.286	0.1828	0.8177
14.6.2020 9:50	LaEska	11294	12258	20.2	25.78	1.951174	577696	656917	1234613	18263	15135	17143	0.312	0.1686	0.799
14.6.2020 10:21	LaEska	10163	11247	21.31	23.55	1.977896	394553	557922	952475	15944	14575	11472	0.1344	0.171	0.7697
14.6.2020 10:57	LaEska	10999	12045	21.72	27.38	2.062552	452335	551940	1004275	16863	10843	9130	0.2359	0.1546	0.7339
14.6.2020 11:35	LaEska	11016	12104	21.47	21.22	2.22222	530233	677229	1207462	18359	39889	20375	0.3211	0.1493	0.9006
14.6.2020 12:11	LaEska	10577	11647	19.32	21.92	2.046477	464392	667281	1131673	17134	20126	25141	0.1648	0.176	0.8649
14.6.2020 12:49	LaEska	11058	12076	22.18	23.97	2.024649	486254	587544	1073799	17384	18799	17702	0.275	0.1486	0.8071
14.6.2020 13:27	LaEska	10837	11945	19.87	24.51	2.225454	487005	652368	1139373	17569	14492	11450	0.2525	0.1824	0.8144
14.6.2020 14:8	LaEska	11073	12189	17.49	27.6	2.238199	494847	691181	1186028	17512	9339	10262	0.2134	0.2002	0.7848
14.6.2020 14:46	LaEska	10269	11441	15.78	23.08	2.189388	471242	827192	1298434	17188	11715	14285	0.1646	0.2391	0.8796
14.6.2020 15:37	LaEska	11476	12804	15.12	24.08	2.834988	562551	961393	1523944	19061	14496	24156	0.2724	0.2426	0.9396
14.6.2020 16:22	LaEska	11453	12293	21.76	24.05	1.70297	675568	672826	1348394	18853	25931	26907	0.442	0.1471	0.832
14.6.2020 17:5	LaEska	11285	12405	19.26	20.78	2.315276	614675	797428	1412103	19593	41472	28243	0.3398	0.166	0.9547
14.6.2020 17:42	LaEska	10723	11849	20.21	22.97	2.203123	454705	626322	1081026	17115	18415	10500	0.205	0.1859	0.8363
14.6.2020 18:21	LaEska	11276	12314	23.95	29.75	2.111018	406437	471482	877919	16099	7177	13733	0.2697	0.1307	0.6795
14.6.2020 19:0	LaEska	11209	12237	21.83	29.16	2.074958	435573	521706	957279	16540	8279	12527	0.2559	0.147	0.7062
14.6.2020 19:39	LaEska	11259	12245	22.17	24.53	1.989671	550229	622288	1172517	18203	21966	18096	0.3162	0.1422	0.8061
14.6.2020 20:17	LaEska	10950	11996	21.72	27.76	2.052642	440109	541421	981530	16652	9764	8818	0.2291	0.1549	0.7236
14.6.2020 20:54	LaEska	10837	11937	20.29	24.51	2.19152	490146	639696	1129841	17583	14843	11487	0.2444	0.1798	0.807
14.6.2020 21:32	LaEska	11030	12040	22.41	29.88	2.016755	413189	492556	905745	16052	6753	11117	0.229	0.1519	0.6837
14.6.2020 22:5	LaEska	10275	11127	18.12	22.96	1.515212	564494	701964	1266458	16913	13096	16081	0.1533	0.1993	0.8416
14.6.2020 22:51	LaEska	11293	12365	17.19	22.56	2.191917	606840	837250	1444089	18994	18544	20320	0.2845	0.2041	0.9204
14.6.2020 23:34	LaEska	11400	12488	22.57	26.53	2.282019	488777	575499	1064275	17671	13351	7183	0.3163	0.1547	0.7625
15.6.2020 0:23	LaEska	11416	12474	21.95	20.9	2.192616	629092	726622	1355714	19668	47119	23711	0.4649	0.1488	0.9118
15.6.2020 1:5	LaEska	11071	12151	16.83	20.68	2.181564	704120	975176	1679296	20203	30616	20799	0.3879	0.2042	0.9836
15.6.2020 1:47	LaEska	11284	12320	18.27	21.87	2.072046	658107	817438	1475545	19560	26871	22539	0.3475	0.1935	0.9143
15.6.2020 2:34	LaEska	11331	12473	15.5	21.25	2.366891	745049	1085771	1830819	20659	27295	25831	0.3744	0.2329	1.011
15.6.2020 3:14	LaEska	11164	12232	21.32	22.34	2.196982	578377	704288	1282665	18948	35528	15185	0.4103	0.1533	0.875
15.6.2020 3:48	LaEska	10335	11373	18.46	26.59	1.935742	396821	594832	991652	15719	7808	14856	0.1577	0.1912	0.7547
15.6.2020 4:25	LaEska	11228	12190	22.23	22.32	1.939334	588428	654978	1243405	18613	28352	13742	0.3367	0.1588	0.8626
15.6.2020 4:57	LaEska	10604	11746	20.04	28.48	2.202013	372085	524758	896843	15589	7032	10466	0.1732	0.1776	0.7094
15.6.2020 8:39	LaEska	10039	10975	20.3	29.22	1.631968	346058	480535	826593	14441	4597	7778	0.109	0.178	0.6617
15.6.2020 9:18	LaEska	11285	12145	19.76	20.03	1.690533	803631	830991	1634622	20151	52111	33002	0.3905	0.1559	0.9737
15.6.2020 9:55	LaEska	10330	11394	23.78	23.47	1.983925	392398	521121	913519	15879	15954	9931	0.3025	0.1449	0.7613
15.6.2020 10:33	LaEska	10797	11851	15.79	21.72	2.032983	620353	942874	1563226	18705	18506	20111	0.3415	0.2214	0.9516
15.6.2020 11:13	LaEska	10836	12002	18.58	20	2.321276	549288	778850	1328138	18689	33035	15012	0.2684	0.2001	0.9565
15.6.2020 11:54	LaEska	10873	12075	15.26	21.28	2.383972	611007	996894	1607901	19222	19833	19826	0.2564	0.2512	0.9809
15.6.2020 12:31	LaEska	10878	12004	19.87	23.96	2.211087	493302	657763	1151065	17770	16772	19079	0.2372	0.1658	0.8161
15.6.2020 13:16	LaEska	11331	12481	15.5	23.27	2.383556	678635	1004678	1683314	19904	18668	21990	0.3203	0.2311	0.9473
15.6.2020 13:55	LaEska	11016	12104	21.47	25.57	2.217849	453970	588911	1042881	17112	13644	13702	0.263	0.1509	0.7827
15.6.2020 14:35	LaEska	11196	12226	20.08	25.68	2.094412	519289	648609	1167899	17851	11903	19336	0.3045	0.16	0.7934
15.6.2020 15:16	LaEska	10937	12021	17.58	26.97	2.149684	502546	699798	1202344	17526	9631	11857	0.1956	0.1977	0.7917
15.6.2020 15:55	LaEska	11335	12421	23.19	29.76	2.256016	422061	495326	917387	16493	8721	5014	0.2911	0.1508	0.6955
15.6.2020 16:30	LaEska	10695	11663	23.67	27.74	1.861653	404556	486253	890809	15765	8375	11493	0.2093	0.1471	0.6976
15.6.2020 17:13	LaEska	10921	12205	15.26	21.68	2.586531	568896	972301	1541198	18998	18918	26677	0.2393	0.2476	0.9702
15.6.2020 17:49	LaEska	10827	11837	22.42	29.16	1.971945	372184	471019	843203	15355	6204	11643	0.1694	0.1588	0.6828
15.6.2020 18:22	LaEska	10334	11222	23.81	27.94	1.624762	366245	455352	821597	14801	6739	12735	0.1316	0.1474	0.6746
15.6.2020 19:8	LaEska	11372	12396	17.11	28.62	2.105527	544496	705508	1250003	17670	8822	15907	0.2591	0.2018	0.789
15.6.2020 19:47	LaEska	10837	11885	19.57	20	2.081403	583342	755113	1338455	18777	40789	18454	0.2993	0.1855	0.9511
15.6.2020 20:28	LaEska	11272	12228	20.59	20.68	1.945817	694604	787881	1482486	19883	41595	26164	0.4157	0.1545	0.9349
15.6.2020 21:11	LaEska	11293	12293	18.01	22.56	2.023893	644488	806667	1451154	19156	21553	21257	0.3056	0.1923	0.9096
15.6.2020 21:51	LaEska	11229	12177	19.13	29.75	1.87339	480283	576341	1056624	16628	6889	16520	0.2517	0.1637	0.7209
15.6.2020 22:28	LaEska	11076	12132	22.84	25.13	2.121695	501071	585405	1086476	17704	16361	10399	0.2843	0.1464	0.7783
15.6.2020 23:7	LaEska	11086	12190	22.05	29.68	2.252317	414757	508676	923433	16336	7238	5354	0.2162	0.1649	0.6959
15.6.2020 23:42	LaEska	10771	11747	24.76	29.06	1.90577	383142	457266	840407	15465	6956	9585	0.2072	0.14	0.6674
16.6.2020 0:19	LaEska	10837	11963	19.55	24.02	2.266889	494847	677677	1172524	17786	15743	13016	0.242	0.1781	0.831
16.6.2020 1:0	LaEska	11001	12057	18.34	21.96	2.091996	605123	795705	1400827	19010	22943	18896	0.3177	0.1908	0.9025
16.6.2020 1:45	LaEska	11300	12474	16.14	21.72	2.412105	629878	952787	1582666	19637	21121	19367	0.3416	0.2193	0.9648
16.6.2020 2:16	LaEska	10127	11165	23.33	28.38	1.907133	293398	422182	715581	13803	5102	6258	0.1581	0.1726	0.6559
16.6.2020 3:0	LaEska	11293	12433	17.66	22.56	2.368556	586723	823371	1410094	19124	20348	21992	0.3024	0.1945	0.9162
16.6.2020 3:36	LaEska	10587	11735	18.62	26.84	2.249039	438903	635160	1074062	16789	8364	10230	0.1618	0.1911	0.7653
16.6.2020 4:14	LaEska	10969	12031	22.19	21.85	2.149248	554906	668852	1223757	18579	28339	15809	0.3449	0.1534	0.8641
16.6.2020 4:57	LaEska	11400	12462	22.81	22.43	2.218466	588007	665881	1253888	19095	36922	10960	0.4008	0.1505	0.8673
16.6.2020 5:38	LaEska	11125	12209	17.58	25.51	2.157714	559273	749776	1309049	18366	12940	12147	0.2342	0.1948	0.8284
16.6.2020 6:12	LaEska	10646	11688	23.52	26.65	2.024131	386843	494159	881001	15751	10475	10225	0.2118	0.15	0.7163
16.6.2020 6:51	LaEska	10655	11753	16.98	28.53	2.117217	438499	658544	1097042	16421	6377	13726	0.1676	0.2136	0.754
16.6.2020 7:24	LaEska	10218	11214	18.74	23.71	1.831375	464533	665078	1129610	16709	13261	15418	0.1489	0.1878	0.8119
16.6.2020 8:6	LaEska	11442	12448	23.95	29.12	2.066671	439012	492718	931731	16581	9627	13933	0.3147	0.1304	0.6984
16.6.2020 8:53	LaEska	11331	12489	15.5	23.57	2.403355	666728	991094	1657822	19794	17936	21251	0.3093	0.232	0.9394
16.6.2020 9:30	LaEska	10878	11952	20.18	24.78	2.093171	485314	630272	1115587	17477	14203	17599	0.2344	0.1633	0.7926
16.6.2020 10:6	LaEska	10604	11746	20.04	23.67	2.195361	446948	620465	1067413	16982	18037	14758	0.2034	0.1756	0.8134
16.6.2020 10:43	LaEska	10535	11617	18.7	27.95	2.040945	406277	584069	990345	16029	6191	13565	0.1418	0.1849	0.7264
16.6.2020 11:23	LaEska	11239	12259	20.28	24.53	2.072808	570702	686732	1257434	18564	20796	18578	0.3426	0.155	0.8274
16.6.2020 11:54	LaEska	10019	11033	18.12	23.3	1.802841	422297	647407	1069704	16014	12151	10885	0.1116	0.2052	0.8136
16.6.2020 12:36	LaEska	10923	12027	15.68	25.61	2.182499	565803	855412	1421215	18165	10762	13950	0.2155	0.2336	0.859
16.6.2020 13:23	LaEska	11473	12593	16.06	20	2.358333	810580	1134108	1944688	21486	42117	24302	0.4837	0.2115	1.0566
16.6.2020 14:6	LaEska	10929	12179	15.87	21.68	2.514932	543161	895918	1439080	18602	20179	24825	0.2457	0.2325	0.957
16.6.2020 14:46	LaEska	10905	12073	18.97	24.72	2.344126	467558	661635	1129193	17421	12475	11313	0.1984	0.191	0.8159
16.6.2020 15:22	LaEska	10722	11764	22.22	28.06	2.036196	408747	515051	923798	16067	8234	12150	0.2105	0.1551	0.7059
16.6.2020 16:2	LaEska	11209	12217	23.24	29.16	2.044107	407759	481028	888787	16032	7442	15289	0.2021	0.1452	0.6956
16.6.2020 16:35	LaEska	10141	11169	17.68	23.3	1.874807	462862	704657	1167519	16699	12326	18361	0.1058	0.2023	0.8312
16.6.2020 17:17	LaEska	10929	12213	15.26	21.68	2.586818	586806	993766	1580572	19249	20179	26154	0.2679	0.2463	0.9702
16.6.2020 17:55	LaEska	10837	11935	19.87	25.62	2.197299	465717	620852	1086568	17168	12824	13078	0.2252	0.1814	0.7883
