24.5.2020 18:36	LaEska	10051	10879	17.24	22.96	1.417879	551023	699936	1250959	16176	11442	16236	0.1473	0.2186	0.8425
24.5.2020 19:17	LaEska	10711	11767	20	27.99	2.023537	424721	567919	992641	16378	7497	8782	0.2491	0.165	0.721
24.5.2020 19:58	LaEska	10710	11948	16.17	21.87	2.451878	514996	866012	1381008	18189	19686	13894	0.3212	0.2243	0.9348
24.5.2020 20:33	LaEska	10906	11466	23.82	25.2	0.938563	678252	540412	1218664	15823	15383	19062	0.3687	0.1282	0.7458
24.5.2020 21:10	LaEska	10502	11572	23.87	20.86	2.071997	439572	566868	1006439	16718	31150	10295	0.3592	0.1598	0.8454
24.5.2020 21:57	LaEska	11409	12447	19.98	29.98	2.111077	430631	549126	979756	16450	6966	15180	0.3304	0.1503	0.7098
24.5.2020 22:32	LaEska	10198	10978	24.35	20.3	1.343422	480485	535749	1016233	15966	31805	9985	0.3282	0.1522	0.8331
24.5.2020 23:7	LaEska	10468	11300	18.52	21.94	1.490688	650647	733549	1384196	17732	22551	14868	0.2545	0.2014	0.8738
24.5.2020 23:45	LaEska	10674	11824	18.92	23.71	2.210994	440310	642783	1083093	16896	16797	17918	0.2992	0.1792	0.8215
25.5.2020 0:26	LaEska	10934	11644	15.59	25.3	1.253052	640932	755305	1396237	15147	8926	17468	0.4723	0.2211	0.8649
25.5.2020 1:0	LaEska	10407	11317	22.51	22.29	1.662493	475901	583142	1059043	16706	26531	15574	0.347	0.1471	0.8102
25.5.2020 1:49	LaEska	11448	12566	16.11	26.65	2.287511	571315	813494	1384809	18423	12455	17188	0.2869	0.219	0.8388
25.5.2020 2:28	LaEska	11078	11946	19.55	29.04	1.660177	481660	552557	1034217	16148	6202	9591	0.2103	0.1786	0.7238
25.5.2020 3:8	LaEska	11082	11838	17.47	23.88	1.389847	752691	787095	1539786	17741	17044	22929	0.3974	0.1826	0.867
25.5.2020 3:46	LaEska	10500	11666	18.66	21.54	2.204738	457555	690710	1148264	17214	22153	17385	0.3346	0.1891	0.8693
25.5.2020 4:25	LaEska	10974	12048	20.12	28.52	2.132786	440733	571859	1012592	16721	7893	11435	0.2472	0.16	0.724
25.5.2020 5:2	LaEska	10324	11416	16.57	27.5	2.019832	428012	677385	1105398	16139	5808	15769	0.1574	0.2238	0.7608
25.5.2020 5:33	LaEska	10372	10996	23.41	27.94	1.016198	504184	449220	953404	14430	5889	7636	0.187	0.1672	0.6672
25.5.2020 6:4	LaEska	10070	10636	19.67	21.35	0.85233	605630	593055	1198685	14578	16134	12406	0.5128	0.1799	0.8449
25.5.2020 6:38	LaEska	10231	11351	16.88	28.84	2.05339	372111	605366	977477	15295	5348	16117	0.2008	0.2115	0.726
25.5.2020 7:10	LaEska	10193	11127	18.29	22.17	1.672194	488073	687415	1175488	16664	13657	13783	0.1416	0.1996	0.8505
25.5.2020 7:48	LaEska	11035	11839	18.28	26.61	1.502013	611678	662042	1273720	17010	9981	16150	0.2861	0.1795	0.7834
25.5.2020 8:21	LaEska	10199	11341	19.21	23.97	2.0956	408499	612550	1021050	16212	10646	13113	0.1974	0.1909	0.7825
25.5.2020 8:58	LaEska	10592	11338	21.97	22.3	1.343414	660001	649442	1309443	17685	28699	12339	0.3876	0.1543	0.8323
25.5.2020 9:27	LaEska	10041	10713	19.84	27.8	1.069952	473078	476271	949349	13899	5062	6979	0.2211	0.2004	0.688
25.5.2020 10:1	LaEska	10330	11304	17.81	21.87	1.742485	529660	721496	1251156	17245	19178	25504	0.2284	0.2093	0.8653
25.5.2020 10:35	LaEska	10679	11307	18.13	25.22	1.053912	671554	647360	1318914	15471	10060	10345	0.4547	0.1894	0.7974
25.5.2020 11:2	LaEska	9900	10490	19.8	26	0.899259	458191	429295	887486	12664	4573	7048	0.203	0.1809	0.7181
25.5.2020 11:41	LaEska	10690	11662	23.47	21.07	1.850525	526443	613017	1139459	17747	39745	6716	0.3956	0.1615	0.8554
25.5.2020 12:16	LaEska	10987	11661	22.25	29.88	1.198141	573111	494270	1067381	15759	6447	10867	0.253	0.1437	0.6732
25.5.2020 12:48	LaEska	10050	11196	19.07	23.23	2.088174	357299	563067	920366	15227	12567	14472	0.2241	0.1893	0.8029
25.5.2020 13:17	LaEska	10140	10778	21.25	26.98	1.021044	504780	482787	987567	14293	6358	9178	0.2138	0.1778	0.6974
25.5.2020 13:51	LaEska	10789	11549	22.3	22.7	1.400296	577577	582373	1159949	16938	22481	15739	0.244	0.1628	0.8264
25.5.2020 14:21	LaEska	9832	10920	17.9	22.52	1.945573	132567	240084	372651	9182	5198	2617	0.2722	0.2422	0.8229
25.5.2020 14:54	LaEska	10565	11267	21.79	26.93	1.205068	506151	506528	1012678	15356	7921	9361	0.2346	0.1578	0.7084
25.5.2020 15:38	LaEska	11315	12423	16.65	21.99	2.285822	673422	956119	1629541	19963	25520	19667	0.474	0.2068	0.9503
25.5.2020 16:5	LaEska	9850	10492	21.24	29.63	0.993034	251156	266744	517899	10325	2194	6271	0.2254	0.174	0.6337
25.5.2020 16:42	LaEska	10738	11498	16	20.46	1.341349	788333	912194	1700527	17575	26289	26447	0.4332	0.2158	0.9827
25.5.2020 17:22	LaEska	10634	11700	18.17	22.81	2.033996	523393	742873	1266266	17858	19310	15197	0.349	0.1891	0.859
25.5.2020 17:48	LaEska	9810	10282	24.53	23.39	0.65457	284614	232917	517531	9225	5908	4254	0.2747	0.1581	0.7213
25.5.2020 18:19	LaEska	10711	11267	23.55	23.28	0.90887	688278	546518	1234795	15811	16966	14833	0.2537	0.1509	0.7823
25.5.2020 18:48	LaEska	9800	10540	15.81	24.61	1.172103	163852	193190	357042	7589	2839	2687	0.2989	0.2641	0.8104
25.5.2020 19:29	LaEska	11284	12184	17.63	20.83	1.786781	791560	903182	1694742	19887	30203	19325	0.4078	0.1959	0.9687
25.5.2020 20:8	LaEska	11185	12113	22.03	23.01	1.847601	553438	629268	1182707	17971	26833	18394	0.3859	0.1508	0.8398
25.5.2020 20:35	LaEska	9866	10580	22.48	21.54	1.15488	344765	398517	743283	13036	12856	6874	0.1841	0.1678	0.7965
25.5.2020 21:9	LaEska	10498	11340	18.31	23.18	1.491868	622062	727517	1349578	17543	15113	15209	0.3148	0.1842	0.8329
25.5.2020 21:46	LaEska	10396	11374	16.13	25.87	1.78158	542942	773208	1316151	17067	9099	14693	0.2694	0.2188	0.8113
25.5.2020 22:16	LaEska	10250	11010	24.3	29.43	1.325492	364991	420697	785688	14068	4457	6722	0.1561	0.1483	0.639
25.5.2020 22:54	LaEska	10980	12052	20.25	23.84	2.119883	506820	655705	1162524	17838	17693	17860	0.3124	0.1615	0.8232
25.5.2020 23:26	LaEska	9969	10987	16.81	29.43	1.778675	274325	462482	736807	12834	3535	7764	0.2108	0.235	0.6995
26.5.2020 0:4	LaEska	10426	11586	15.31	29.11	2.165426	409038	706925	1115963	15828	5545	12230	0.1704	0.2558	0.7629
26.5.2020 0:37	LaEska	10505	11203	24	23.55	1.197207	545829	523528	1069357	16014	16110	7568	0.2911	0.159	0.7625
26.5.2020 1:21	LaEska	11453	12545	21.76	22.93	2.290028	553794	662213	1216007	18717	29065	31820	0.4257	0.1494	0.8536
26.5.2020 1:56	LaEska	10687	11341	21.64	23.72	1.141263	664595	595536	1260131	16571	17803	15987	0.2231	0.1597	0.8007
26.5.2020 2:32	LaEska	10817	11509	18	25.06	1.232572	729710	718211	1447920	16846	12614	16017	0.3724	0.1833	0.8211
26.5.2020 3:16	LaEska	11308	12426	18.07	26.48	2.294182	524745	723519	1248263	18153	12318	7982	0.3862	0.1797	0.8065
26.5.2020 3:46	LaEska	9945	10609	18.95	25.59	1.045275	436733	465129	901862	13132	5276	6877	0.2517	0.2112	0.7358
26.5.2020 4:24	LaEska	11348	11984	23.01	24.78	1.19139	787216	616450	1403666	17739	18479	14132	0.3649	0.1501	0.7996
26.5.2020 5:2	LaEska	10746	11814	18.62	23.53	2.039407	459808	663567	1123375	16994	14848	17162	0.2037	0.1866	0.8329
26.5.2020 5:41	LaEska	11035	11783	20.17	27.42	1.409615	665338	625082	1290420	17357	10210	16303	0.299	0.1579	0.7547
26.5.2020 6:10	LaEska	10006	10658	17.91	21.97	1.014015	558979	589828	1148807	14286	11850	10471	0.3322	0.2246	0.8434
26.5.2020 6:44	LaEska	10089	11145	15.99	22.4	1.912917	486455	799212	1285667	16833	12570	12334	0.2176	0.237	0.8886
26.5.2020 7:14	LaEska	10115	10727	18.02	27.27	0.968168	581602	584276	1165878	14190	5617	14371	0.4094	0.186	0.7368
26.5.2020 7:55	LaEska	11247	12203	18.07	22.37	1.925773	715280	867701	1582982	19716	28020	36766	0.4628	0.1708	0.9157
26.5.2020 8:26	LaEska	10195	10843	19.06	20.38	1.032709	677145	682979	1360124	16209	20135	14657	0.2587	0.1905	0.8821
26.5.2020 9:9	LaEska	11146	12100	23.05	22.12	1.915747	572245	644430	1216675	18435	34930	16761	0.4222	0.1447	0.8531
26.5.2020 9:43	LaEska	10472	11520	19.44	22.93	1.942329	422806	608760	1031566	16281	13768	14410	0.1699	0.189	0.822
26.5.2020 10:17	LaEska	10746	11578	18.28	22.67	1.531375	670132	742359	1412491	17952	15982	17704	0.2509	0.1965	0.8671
26.5.2020 10:48	LaEska	10585	11247	22.77	26.07	1.140824	627852	551724	1179576	16308	12940	10462	0.3002	0.1565	0.7273
26.5.2020 13:33	LaEska	10127	11107	18.06	23.87	1.726705	471891	675295	1147186	16558	11655	10730	0.2724	0.1949	0.8035
26.5.2020 14:6	LaEska	10130	11180	18.06	25.02	1.926932	410114	634829	1044943	15952	7837	12510	0.1698	0.2012	0.7798
26.5.2020 14:45	LaEska	11185	12103	20.89	23.01	1.813947	576466	663063	1239529	18128	25448	21627	0.3946	0.1562	0.85
26.5.2020 15:20	LaEska	10756	11674	21.27	29.3	1.72201	422504	506410	928914	15771	7619	12864	0.2404	0.156	0.6841
26.5.2020 15:58	LaEska	11073	12109	20.06	23	2.092008	576557	729227	1305784	18747	22964	13329	0.3926	0.1583	0.8629
26.5.2020 16:45	LaEska	11416	12206	20.79	22.59	1.537402	715454	691869	1407324	18688	28754	29172	0.3263	0.1512	0.8769
26.5.2020 17:28	LaEska	11278	12236	16.28	22.63	1.882382	755780	924627	1680406	19517	20907	33569	0.3169	0.2082	0.9383
26.5.2020 18:4	LaEska	10450	11440	22.37	23.06	1.817091	449396	561826	1011222	16530	18200	13687	0.3107	0.1631	0.7838
26.5.2020 18:43	LaEska	11260	12020	24.7	27.51	1.476459	572001	516741	1088742	16961	13610	8662	0.2965	0.1471	0.7259
26.5.2020 19:22	LaEska	10602	11430	16.34	28.95	1.484704	606446	691756	1298201	16263	5363	19239	0.2123	0.2103	0.7546
26.5.2020 19:56	LaEska	10221	11189	19.99	27.96	1.727553	350787	501193	851980	14704	6226	8844	0.1654	0.178	0.6972
26.5.2020 20:26	LaEska	10282	10880	24.32	26.05	0.960248	543816	475013	1018829	14790	8450	6607	0.1757	0.1605	0.6968
26.5.2020 21:5	LaEska	10721	11749	17.64	27.32	1.961098	447363	640869	1088231	16417	8209	14728	0.2642	0.1957	0.763
26.5.2020 21:46	LaEska	10742	11966	17.22	22.24	2.451145	490686	782543	1273230	17867	16431	13540	0.2702	0.2113	0.9026
26.5.2020 22:23	LaEska	11140	11954	22.88	28.01	1.580663	494839	512255	1007094	16346	9793	12529	0.2685	0.1539	0.7167
26.5.2020 22:56	LaEska	10349	11337	24.78	25.06	1.850673	369003	477334	846337	15248	14047	9752	0.2709	0.1446	0.7258
26.5.2020 23:26	LaEska	10068	11036	23.52	28.37	1.754565	298964	415574	714539	13668	4890	9029	0.1965	0.1693	0.653
27.5.2020 0:3	LaEska	11128	12068	22.32	25.07	1.888673	514267	584768	1099034	17457	15428	17241	0.266	0.1529	0.7857
27.5.2020 0:52	LaEska	11405	12657	15.31	24.07	2.635511	605451	958759	1564209	19384	18540	28245	0.3145	0.2385	0.9346
27.5.2020 1:30	LaEska	10886	11702	19.38	23.54	1.505631	638343	704731	1343073	17855	17835	16948	0.3875	0.1627	0.8309
27.5.2020 2:3	LaEska	10606	11476	22.77	25.55	1.61977	452110	529068	981179	16154	12246	9545	0.2018	0.1506	0.7463
27.5.2020 2:38	LaEska	11020	11728	23.93	21.88	1.32313	669880	606864	1276744	17685	40583	23007	0.3558	0.1327	0.8544
27.5.2020 3:16	LaEska	11128	11818	21.18	20.66	1.250636	863781	748517	1612298	18982	44836	23184	0.4395	0.1544	0.9066
27.5.2020 3:53	LaEska	10911	11793	18.5	25.27	1.666753	562496	662267	1224763	17217	13095	16854	0.239	0.1837	0.811
27.5.2020 4:24	LaEska	10200	11124	23.54	29.23	1.66561	309673	420140	729813	13908	5038	8177	0.143	0.1512	0.6449
27.5.2020 4:57	LaEska	10468	11268	19.74	21.94	1.426106	638692	687401	1326092	17560	22193	12837	0.2665	0.1892	0.8571
27.5.2020 5:34	LaEska	10885	12011	19.99	25.97	2.222851	464089	628935	1093024	17307	13779	19050	0.3472	0.1545	0.7719
27.5.2020 6:19	LaEska	11227	12393	15	26.09	2.360597	577622	900769	1478392	18416	9874	18639	0.2631	0.2489	0.8767
27.5.2020 6:54	LaEska	10498	11340	18.31	23.18	1.491868	620167	723863	1344031	17507	15758	14405	0.3158	0.1873	0.8328
27.5.2020 7:36	LaEska	11141	12297	17.31	24.94	2.382817	536259	777189	1313448	18379	13283	21759	0.2802	0.1949	0.8491
27.5.2020 8:14	LaEska	10753	11753	20.04	25.67	1.915487	439582	568882	1008465	16336	11392	20415	0.2	0.1793	0.768
27.5.2020 8:49	LaEska	11016	11724	21.41	26.49	1.299702	668742	597297	1266040	17187	12701	18964	0.3029	0.147	0.7553
27.5.2020 9:27	LaEska	11256	12168	23.74	28.95	1.801968	441965	491469	933434	16250	8395	10322	0.3599	0.1287	0.6942
27.5.2020 10:15	LaEska	11407	12339	15.53	24.19	1.816696	768899	929934	1698833	18932	15640	18634	0.3273	0.2285	0.9141
27.5.2020 11:2	LaEska	11448	12528	16.95	26.65	2.241864	573334	774506	1347840	18444	12365	17207	0.2901	0.2052	0.8289
27.5.2020 11:43	LaEska	10720	11716	17.12	29.87	1.86883	411554	583938	995492	15435	4879	8486	0.1907	0.2188	0.7237
27.5.2020 12:24	LaEska	11066	12112	15.68	25.88	2.059039	590016	860669	1450685	18138	10885	22396	0.3453	0.2169	0.8494
27.5.2020 12:57	LaEska	10199	11321	19.21	23.97	2.051702	412017	613807	1025824	16226	10955	9996	0.1963	0.197	0.784
27.5.2020 13:39	LaEska	11062	12218	15.75	21.94	2.311536	587472	928980	1516452	18872	16795	26993	0.2732	0.2249	0.9535
27.5.2020 14:20	LaEska	11303	12075	18.58	26.13	1.497786	733335	719200	1452535	18030	12996	14682	0.3792	0.1765	0.8124
27.5.2020 15:6	LaEska	11407	12339	15.53	24.19	1.816696	768710	929848	1698558	18930	15616	18640	0.3269	0.2285	0.9141
27.5.2020 15:46	LaEska	10449	11635	15.78	21.81	2.263062	530201	884912	1415112	18074	18935	11934	0.2731	0.2454	0.9323
27.5.2020 16:25	LaEska	10606	11576	15.32	24.7	1.793351	596462	851428	1447890	17343	10386	15261	0.2079	0.2414	0.8744
27.5.2020 16:59	LaEska	10509	11361	25	28.5	1.573914	403925	456881	860806	15202	6471	9143	0.2211	0.1455	0.6637
27.5.2020 17:37	LaEska	11019	11945	24.42	22.8	1.816852	540941	582589	1123530	17803	30726	18033	0.3297	0.1383	0.8191
27.5.2020 18:11	LaEska	10184	11066	21.14	23.91	1.561599	463886	580281	1044167	16198	13656	9128	0.2852	0.1721	0.7689
27.5.2020 18:44	LaEska	10534	11242	20.66	29.53	1.23479	551958	530812	1082770	15661	5565	6240	0.2276	0.1627	0.6833
27.5.2020 19:23	LaEska	11048	11916	16.54	21.5	1.621859	814970	919734	1734704	19236	27023	34701	0.3384	0.2014	0.9535
27.5.2020 20:9	LaEska	11293	12401	17.79	22.56	2.291124	583095	802715	1385810	18936	19282	19541	0.2883	0.1984	0.911
27.5.2020 20:54	LaEska	11287	12485	15.5	25.46	2.492134	576789	903461	1480249	18800	11777	21477	0.2894	0.2302	0.8855
27.5.2020 21:26	LaEska	10019	11101	17.91	23.3	1.970774	406601	651142	1057744	15966	11245	14966	0.1317	0.2072	0.8201
27.5.2020 22:7	LaEska	11253	12067	18.9	27.01	1.574576	603772	646213	1249985	17222	9637	16166	0.2711	0.1687	0.7823
27.5.2020 22:39	LaEska	10281	10985	17.52	28.44	1.180073	565596	600478	1166074	14902	4974	15014	0.2209	0.1979	0.729
27.5.2020 23:13	LaEska	10472	11520	19.44	22.93	1.942329	423550	609370	1032920	16293	13891	14376	0.1721	0.1883	0.8223
27.5.2020 23:44	LaEska	10033	11053	21.11	26.92	1.847313	279923	421805	701728	13302	5434	7026	0.2453	0.1964	0.695
28.5.2020 0:21	LaEska	10192	11322	16.35	27.92	2.054786	398235	660744	1058979	15748	5581	19983	0.168	0.2146	0.7518
28.5.2020 1:2	LaEska	11125	11937	17.93	27.51	1.542946	631032	654925	1285958	17020	9378	12086	0.2515	0.198	0.7839
28.5.2020 1:34	LaEska	10051	10751	17.24	22.96	1.141936	619232	666064	1285296	15359	11368	13442	0.2927	0.2228	0.8448
28.5.2020 2:10	LaEska	10269	11455	15.78	23.08	2.221053	457578	814009	1271587	17011	12173	15851	0.1667	0.2394	0.8813
28.5.2020 2:53	LaEska	11299	12039	22.98	21.69	1.423058	729081	666366	1395448	18604	44494	21126	0.4741	0.1392	0.8791
28.5.2020 3:31	LaEska	10682	11518	16.24	22.73	1.508182	774295	882270	1656565	18249	18745	15789	0.3413	0.2249	0.9043
28.5.2020 4:2	LaEska	10033	11053	21.11	24.04	1.833909	301955	452277	754232	13799	9222	8490	0.2341	0.199	0.7523
28.5.2020 4:38	LaEska	11260	11854	23.82	28.27	1.081977	725457	537747	1263204	16551	11667	8421	0.3179	0.1507	0.7176
28.5.2020 5:12	LaEska	10219	11245	20.32	29.08	1.860416	340009	487213	827221	14693	4724	10107	0.14	0.1753	0.6693
28.5.2020 5:42	LaEska	10017	11031	24.99	23.7	1.788301	308702	421938	730640	13927	11823	11145	0.276	0.1575	0.7168
28.5.2020 6:24	LaEska	10715	11865	17.31	21.85	2.278722	569351	851147	1420498	18807	20913	13915	0.337	0.2075	0.9137
28.5.2020 10:27	LaEska	11144	12282	19.12	27.56	2.327054	473645	634622	1108267	17434	10649	12259	0.2927	0.1752	0.7641
28.5.2020 11:8	LaEska	10980	11876	22.25	26.5	1.713903	501128	556477	1057605	16944	12475	10552	0.2752	0.1516	0.7432
28.5.2020 11:43	LaEska	10767	11797	23.75	26.68	1.995856	427579	513783	941362	16392	11654	14395	0.2506	0.1377	0.719
28.5.2020 12:19	LaEska	10128	11162	17.06	23.97	1.839571	470308	707291	1177599	16593	12244	19501	0.1906	0.211	0.8209
28.5.2020 12:59	LaEska	10603	11633	20.3	27.16	1.949019	435642	571131	1006773	16419	9250	10194	0.2472	0.1717	0.7288
28.5.2020 13:35	LaEska	10824	11806	21.99	24.97	1.894507	436675	550733	987409	16458	15104	15472	0.2049	0.1521	0.7722
28.5.2020 14:14	LaEska	10867	11901	19.46	24.62	2.006724	518330	670142	1188473	17761	14554	12697	0.2759	0.1762	0.8055
28.5.2020 14:43	LaEska	10019	10927	23.23	25.9	1.610489	357091	472797	829888	14700	8110	9888	0.1349	0.1558	0.6991
28.5.2020 15:28	LaEska	11400	12600	17.7	23.71	2.537769	601626	835285	1436911	19533	20899	10343	0.3731	0.1977	0.8935
28.5.2020 16:7	LaEska	11200	12122	18.98	23.81	1.846252	669124	762129	1431252	19029	20090	29116	0.3374	0.1673	0.8585
28.5.2020 16:47	LaEska	10587	11807	16.04	26.92	2.393113	452414	748358	1200773	16942	7990	11119	0.2097	0.2415	0.8065
28.5.2020 17:29	LaEska	11294	12260	17.38	27.51	1.948841	597615	727259	1324874	18034	11521	11108	0.287	0.2045	0.8018
28.5.2020 18:2	LaEska	10206	11278	18.05	23.64	1.987526	465050	706695	1171745	16982	12811	18090	0.2419	0.1883	0.8203
28.5.2020 18:36	LaEska	10699	11699	23.75	28.18	1.930765	375264	467465	842729	15389	7905	6873	0.2546	0.1564	0.6829
28.5.2020 19:11	LaEska	10659	11579	19.86	21.75	1.740339	540731	687728	1228459	17618	26036	22937	0.3052	0.1618	0.8739
28.5.2020 19:46	LaEska	10784	11734	21.89	28.53	1.810613	438256	521124	959380	16191	8026	12971	0.2491	0.1489	0.6984
28.5.2020 20:28	LaEska	11309	12373	18.86	23.42	2.198577	579281	741117	1320398	18756	19753	18171	0.3087	0.1826	0.8779
28.5.2020 21:15	LaEska	11389	12267	20.88	20.92	1.779106	736612	780028	1516640	19833	49888	21231	0.5018	0.1552	0.9338
28.5.2020 21:55	LaEska	10975	12063	17.89	22.23	2.182051	587627	831671	1419298	18938	21825	12869	0.4254	0.1897	0.9042
28.5.2020 22:32	LaEska	11119	12085	22.77	26.18	1.950454	473462	552346	1025807	17003	12088	14192	0.2471	0.1462	0.7564
28.5.2020 23:10	LaEska	11130	12044	24.3	27.16	1.795795	470693	509470	980163	16668	12701	13126	0.2876	0.1357	0.7239
28.5.2020 23:52	LaEska	11096	12168	15.26	23.81	2.117163	675159	964095	1639254	19150	16479	28723	0.2992	0.2382	0.9169
29.5.2020 0:31	LaEska	11002	11956	23.52	23.25	1.865011	529129	594431	1123560	17771	23634	12160	0.361	0.1442	0.807
29.5.2020 1:15	LaEska	11360	12328	19.02	21.77	1.939028	682745	800868	1483612	19588	31753	19002	0.4342	0.1771	0.9164
29.5.2020 1:50	LaEska	10457	11437	20.91	30	1.84359	388804	501568	890372	15378	5567	13805	0.172	0.166	0.6691
29.5.2020 2:25	LaEska	11060	11918	21.26	23.36	1.628274	613384	647397	1260781	18124	20634	13201	0.3308	0.1619	0.8244
29.5.2020 3:12	LaEska	11407	12339	15.53	24.19	1.81977	767995	941584	1709579	18948	16530	20030	0.3882	0.2238	0.9129
29.5.2020 3:43	LaEska	10230	11078	19.37	22.24	1.492186	520979	639393	1160372	16535	17539	16201	0.1859	0.188	0.8394
29.5.2020 4:18	LaEska	10589	11523	20.17	27.99	1.724431	444419	556920	1001339	16140	7433	7029	0.2236	0.1699	0.7145
29.5.2020 5:2	LaEska	11056	12122	16.72	21.87	2.080689	665906	911083	1576989	19546	25396	25906	0.3602	0.1996	0.9369
29.5.2020 5:37	LaEska	10663	11587	23.54	29.23	1.748482	363552	450752	814303	14961	6618	10031	0.1972	0.1424	0.6683
29.5.2020 6:22	LaEska	11494	12306	22.35	20.71	1.604623	739631	717971	1457602	19459	54056	29073	0.5124	0.1323	0.9211
29.5.2020 6:52	LaEska	10116	10806	24.12	27.28	1.130782	414626	437757	852383	14236	7169	9964	0.1699	0.1436	0.6644
29.5.2020 7:26	LaEska	10789	11663	22.3	22.7	1.662734	507007	582777	1089783	16971	23004	15571	0.2642	0.1595	0.826
29.5.2020 8:8	LaEska	11360	12214	19.02	21.77	1.667043	778027	801284	1579311	19591	31552	22522	0.4002	0.1767	0.9173
29.5.2020 8:38	LaEska	10050	10944	23.11	29.47	1.550967	319723	420202	739925	13855	4494	10366	0.154	0.1576	0.6298
29.5.2020 9:19	LaEska	11361	12303	21.44	23.33	1.906945	596960	669542	1266503	18614	24141	13630	0.4287	0.1578	0.8431
29.5.2020 10:3	LaEska	11215	12379	15.15	20.1	2.389697	737847	1123995	1861842	20585	31341	31733	0.3724	0.2446	1.0555
29.5.2020 10:41	LaEska	10562	11616	17.91	27.25	2.021762	445340	646897	1092238	16544	6680	11334	0.1768	0.1977	0.7586
29.5.2020 11:24	LaEska	11200	12272	15.26	23.81	2.138947	683922	985336	1669257	19310	17618	31294	0.3767	0.2312	0.9198
29.5.2020 12:4	LaEska	10836	12014	18.1	27.35	2.369762	442484	648340	1090823	16927	9688	10285	0.2472	0.195	0.7736
29.5.2020 12:33	LaEska	10039	10763	20.89	27.42	1.180521	468265	504717	972982	14864	6646	9951	0.1263	0.1663	0.687
29.5.2020 13:6	LaEska	10454	11484	23.75	26.68	1.928565	391217	493041	884258	15709	9634	12994	0.2214	0.1429	0.7002
29.5.2020 13:45	LaEska	10667	11689	16.34	26.41	1.931716	522455	749774	1272229	17176	9533	15102	0.2197	0.2231	0.809
29.5.2020 14:26	LaEska	10766	11838	16.46	24.53	2.07604	556259	816684	1372943	18092	12774	28395	0.2493	0.2025	0.8589
29.5.2020 15:3	LaEska	10910	11792	21.1	24.97	1.686907	557278	624951	1182229	17579	15618	10862	0.3145	0.1629	0.7855
29.5.2020 15:47	LaEska	11500	12188	18.96	22.03	1.309889	893370	797334	1690704	18732	31273	20942	0.4441	0.179	0.9231
29.5.2020 16:23	LaEska	10610	11674	21.85	29.06	2.077461	368519	487366	855885	15390	6575	13356	0.1886	0.1578	0.6852
29.5.2020 17:4	LaEska	11231	12297	18.68	26.6	2.144795	498700	653069	1151769	17533	11431	17965	0.2549	0.1778	0.7914
29.5.2020 17:46	LaEska	10901	11935	17.12	28.36	2.006501	488293	673667	1161960	16917	7667	12197	0.2288	0.2045	0.7655
29.5.2020 18:26	LaEska	10491	11677	15.29	23.82	2.280906	496059	857864	1353923	17455	11150	17246	0.2372	0.2543	0.8865
29.5.2020 19:15	LaEska	11407	12371	15	23.88	1.884132	806364	1008615	1814979	19316	16510	18611	0.3557	0.2416	0.9374
29.5.2020 19:52	LaEska	10878	12004	19.87	23.96	2.21482	459591	634093	1093685	17262	16006	24503	0.2017	0.1648	0.8159
29.5.2020 20:28	LaEska	10246	11420	18.24	27.6	2.192026	386976	599045	986021	15843	7291	13534	0.1626	0.1957	0.7292
29.5.2020 21:14	LaEska	11331	12423	15.36	22.74	2.214538	669912	970973	1640885	19333	16523	32364	0.282	0.235	0.9583
29.5.2020 21:58	LaEska	11406	12316	22.54	25.66	1.860447	572018	601147	1173165	18102	17698	17989	0.3166	0.1415	0.7893
29.5.2020 22:31	LaEska	10219	11273	18.79	29.9	1.914371	337688	512486	850174	14644	4096	10292	0.1637	0.1903	0.6734
29.5.2020 23:1	LaEska	10165	10991	23.88	29.78	1.45562	332754	414644	747398	13842	3969	4725	0.1543	0.1671	0.6321
29.5.2020 23:31	LaEska	10200	11132	25	29.24	1.685607	311441	407983	719424	13949	5285	7677	0.1462	0.1451	0.6347
30.5.2020 0:11	LaEska	11166	12304	19.12	27.11	2.34282	489668	652683	1142351	17699	12027	12677	0.3071	0.1748	0.7775
30.5.2020 0:51	LaEska	11284	12266	20.19	22.81	1.950485	611276	706581	1317857	18871	27991	15256	0.3671	0.172	0.8664
30.5.2020 1:33	LaEska	11306	12354	20.19	22.81	2.133138	574346	699084	1273430	18725	25203	16110	0.3661	0.1747	0.8689
30.5.2020 2:11	LaEska	10957	12051	22.1	25.81	2.202855	448181	571951	1020133	17016	13794	10833	0.308	0.1468	0.7647
30.5.2020 2:47	LaEska	10481	11503	20.18	29.69	1.936241	394986	528387	923373	15645	5931	10136	0.176	0.1726	0.684
30.5.2020 3:26	LaEska	10742	11958	17.22	21.32	2.432138	508907	814850	1323756	18166	19747	18053	0.2889	0.2037	0.9297
30.5.2020 4:2	LaEska	10231	11439	16.4	21.87	2.277638	456834	791681	1248516	17132	14075	14439	0.2422	0.2279	0.8944
30.5.2020 4:39	LaEska	10619	11661	21.28	28.48	2.002036	395088	521513	916601	15864	6285	12248	0.2145	0.1535	0.6957
30.5.2020 5:14	LaEska	10877	11907	24.64	30	2.048436	377676	454323	831999	15506	6658	8667	0.2414	0.1402	0.6577
30.5.2020 5:44	LaEska	10380	11308	23.24	25.41	1.706225	393898	497426	891325	15466	10529	11752	0.1928	0.1554	0.7248
30.5.2020 10:7	LaEska	10746	11774	23.43	25.94	1.976011	385262	492398	877660	15736	11871	10506	0.194	0.1476	0.7305
30.5.2020 10:39	LaEska	10257	11247	20.38	25.63	1.806649	380650	540015	920665	15391	9455	14254	0.1408	0.175	0.7423
30.5.2020 11:11	LaEska	10246	11314	20.68	27.6	1.968645	380051	529684	909736	15528	7565	12575	0.1794	0.1717	0.6995
30.5.2020 11:54	LaEska	11360	12328	19.02	21.77	1.939028	684389	801029	1485418	19602	32308	18773	0.4313	0.1772	0.9175
30.5.2020 12:38	LaEska	11453	12483	21.76	25.11	2.137706	522006	616990	1138995	18001	17261	20550	0.3906	0.1499	0.7974
30.5.2020 13:15	LaEska	10893	11867	24.28	27.76	1.890722	413904	484486	898390	16022	9717	13062	0.2432	0.137	0.6948
30.5.2020 13:52	LaEska	11083	12057	22.18	23.97	1.933943	500561	592572	1093133	17437	18086	22291	0.2884	0.1466	0.8064
30.5.2020 14:34	LaEska	11048	12148	17.28	24.62	2.198723	568630	793752	1362382	18570	15738	18605	0.2975	0.1957	0.853
30.5.2020 15:12	LaEska	10923	12011	19.7	27.38	2.138032	455002	595174	1050176	16962	8655	16931	0.1925	0.1649	0.7471
30.5.2020 15:49	LaEska	10194	11350	15.75	22.85	2.123028	418913	775231	1194144	16239	9642	17383	0.2085	0.241	0.8779
30.5.2020 16:29	LaEska	11195	12265	17.89	27.47	2.129985	513454	679636	1193090	17658	10838	20951	0.2541	0.1787	0.7822
30.5.2020 17:12	LaEska	11252	12308	17.74	23.07	2.107176	610243	801066	1411310	18998	20364	14117	0.3203	0.1982	0.8854
30.5.2020 18:35	LaEska	11299	12427	19.12	26.76	2.337934	512867	662792	1175660	18014	11279	15043	0.2681	0.177	0.7872
30.5.2020 19:15	LaEska	11248	12308	19.41	22.57	2.150257	602256	757297	1359553	19149	25247	15458	0.3633	0.1679	0.8876
30.5.2020 19:59	LaEska	11193	12357	15.15	20	2.391706	674471	1057065	1731536	19831	29434	29731	0.3117	0.2498	1.0584
30.5.2020 20:37	LaEska	11173	12055	22.91	29.41	1.713422	448334	486461	934795	16096	7016	9166	0.2312	0.1433	0.6901
30.5.2020 21:13	LaEska	10786	11782	22.01	29.33	1.943935	406720	503220	909940	15888	6885	9586	0.2353	0.1535	0.6877
30.5.2020 22:25	LaEska	10994	11930	24.69	27	1.81835	444536	496779	941314	16383	11061	11122	0.266	0.1358	0.7126
30.5.2020 23:0	LaEska	10763	11793	22.53	29.93	1.981223	372649	469058	841707	15414	5713	8754	0.2117	0.1485	0.6618
30.5.2020 23:35	LaEska	10893	11867	24.28	29.85	1.898946	382622	452730	835351	15450	6194	8637	0.2281	0.1395	0.6592
31.5.2020 0:11	LaEska	10481	11547	20.18	29.77	2.02795	383778	524620	908398	15593	5928	9960	0.1821	0.1721	0.6811
31.5.2020 0:55	LaEska	11389	12299	19.43	21.6	1.851403	735905	818288	1554193	19859	38886	20233	0.4767	0.1697	0.9305
31.5.2020 1:32	LaEska	10723	11853	20.02	21.61	2.219049	480922	663941	1144863	17572	25982	11344	0.2385	0.1853	0.8794
31.5.2020 2:11	LaEska	10804	11742	15.74	29.45	1.774542	551879	723912	1275792	16570	5736	12364	0.1893	0.227	0.7726
31.5.2020 2:58	LaEska	11479	12571	22.8	22.99	2.261001	564114	650461	1214575	18879	35977	18578	0.4496	0.1346	0.8453
31.5.2020 3:35	LaEska	10737	11673	24.69	23.36	1.763921	470996	539176	1010171	16802	20196	12727	0.3182	0.1376	0.777
31.5.2020 4:16	LaEska	11201	12183	17.81	26.89	1.931126	563340	698314	1261655	17825	11349	13272	0.2764	0.1988	0.7913
31.5.2020 5:8	LaEska	11377	12589	15.7	24.76	2.543894	573754	897401	1471156	18887	13236	21849	0.2666	0.2279	0.9037
31.5.2020 5:39	LaEska	10200	11126	25	29.23	1.638634	306023	399655	705678	13815	4993	6025	0.1659	0.1461	0.6282
31.5.2020 6:19	LaEska	11121	12259	19.12	27.11	2.328116	484225	648026	1132251	17607	12207	13839	0.3016	0.174	0.7746
31.5.2020 6:52	LaEska	10286	11356	19.92	24.9	2.012182	421673	604456	1026130	16367	9332	11861	0.1747	0.1787	0.7682
31.5.2020 7:36	LaEska	11466	12494	20.19	28.32	2.155944	492788	599566	1092353	17421	9596	24475	0.3031	0.1508	0.7526
31.5.2020 8:14	LaEska	10457	11437	20.91	30	1.845412	385562	500516	886079	15358	5332	14259	0.1405	0.1619	0.6697
31.5.2020 8:55	LaEska	11246	12322	17.77	23.12	2.198305	610777	823204	1433982	19166	21147	27266	0.3689	0.183	0.8957
31.5.2020 9:37	LaEska	11141	12273	17.97	23.63	2.329843	562788	778926	1341714	18746	17760	24208	0.2814	0.1874	0.873
31.5.2020 10:20	LaEska	11364	12332	19.02	24.56	1.96262	615864	736641	1352505	18742	19041	14711	0.4163	0.1759	0.8435
31.5.2020 11:6	LaEska	11140	12178	24.98	22.02	2.077438	527295	590878	1118173	18126	39869	12358	0.3811	0.1281	0.8384
31.5.2020 11:52	LaEska	11221	12405	15.51	22.03	2.411626	643374	1002084	1645458	19679	19798	30551	0.3355	0.224	0.9726
