27.2.2019 10:33	HHP Baksan	2500	3140	16.6	13	0.153324	20274	14562	34837	6316	4592	258
10.3.2019 15:31	HHP Baksan	2500	3140	16.6	13	0.153324	20281	14563	34843	6316	4591	258
20.4.2019 10:18	HHP Baksan	2500	3140	16.6	13	0.153324	20279	14561	34840	6316	4591	258
4.5.2019 13:42	HHP Baksan	2500	3140	16.6	13	0.153324	20277	14565	34842	6316	4592	258
4.5.2019 11:48	HHP Baksan	2500	3140	16.6	13	0.153324	20469	14810	35279	6341	3599	203
4.5.2019 13:7	HHP Baksan	2500	3140	16.6	13	0.153324	20630	14902	35532	6339	1616	148	0.102
4.5.2019 13:46	HHP Baksan	2500	3140	16.6	13	0.153324	20387	14733	35120	6342	4502	255	0
4.5.2019 14:36	HHP Baksan	2500	3140	16.6	13	0.153324	20389	14732	35120	6342	4481	254	0.71	200
4.5.2019 15:3	HHP Baksan	2500	3140	16.6	13	0.153324	20463	14809	35272	6341	3574	201	0.6485	100
4.5.2019 16:46	HHP Baksan	2500	3140	16.6	13	0.153324	20469	14810	35280	6341	3598	203	0.6484
8.5.2019 21:55	HHP Baksan	2500	3140	16.6	13	0.153324	9296	7077	16373	6339	1620	151	3.7664
8.5.2019 22:23	HHP Baksan	2500	3140	16.6	13	0.153324	9296	7078	16374	6339	1629	151	3.7677
10.5.2019 10:56	HHP Baksan	2500	3140	16.6	13	0.153324	20626	14901	35528	4068	1614	149	116.1595
10.5.2019 11:36	HHP Baksan	2500	3140	16.6	13	0.153324	20616	14901	35517	6340	1615	149	3.7699
10.5.2019 18:1	HHP Baksan	2500	3140	16.6	13	0.153324	20619	14899	35518	10981	1616	149	0.3614
10.5.2019 18:13	HHP Baksan	2500	3140	16.6	13	0.153324	9295	7078	16373	6340	1629	151	0.3614	100
10.5.2019 18:52	HHP Baksan	2500	3140	16.6	13	0.153324	9315	7144	16458	6342	4549	257	0.7102	200
10.5.2019 23:24	HHP Baksan	2500	3140	16.6	13	0.153324	9307	7132	16439	6341	4272	238	0.6935	150
16.6.2019 14:33	HHP Baksan	2500	3140	16.6	13	0.153324	9312	7128	16440	6342	4273	238	0.6928	150
18.6.2019 17:12	HHP Baksan	2500	3140	16.6	13	0.153324	9313	7145	16457	6342	4551	257	0.7094
21.5.2020 12:43	LaEska HHP	10840	11820	19	25	1.886732	496521	648814	1145334	17132	12609	13457	0.2634	0.59360.5936 — 200
22.5.2020 7:50	LaEska HHP	10840	11820	19	25	1.886732	496479	648642	1145121	17132	12261	13248	0.2626	0.1634	0.5936 — 150
22.5.2020 9:50	LaEska HHP	10840	11820	19	25	1.886732	496429	648517	1144946	17132	12221	12972	0.2642	0.1222	0.5153 
22.5.2020 10:51	LaEska HHP	10840	11820	19	25	1.886732	491470	638681	1130150	17102	4938	8977	0.936	0.1235	0.5568 — 20
22.5.2020 13:12	LaEska HHP	10840	11820	19	25	1.886732	431934	585054	1016989	16924	173	72	15.6827	0.166	0.7334 — 5
23.5.2020 14:16	LaEska HHP	10840	11820	19	25	1.886732	431896	584830	1016726	16923	170	68	15.6862	0.1811	0.8047 — 5
23.5.2020 15:1	LaEska HHP	10840	11820	19	25	1.886732	496352	648017	1144369	17132	12289	12923	0.2602	0.1811	0.8047
