9.6.2020 12:19	LaEska	10610	11674	21.85	29.06	2.077461	368519	487366	855885	15390	6575	13356	0.1886	0.1578	0.6852
9.6.2020 12:57	LaEska	10878	12004	19.87	23.96	2.21482	459592	634094	1093686	17262	16006	24503	0.2017	0.1648	0.8159
9.6.2020 13:30	LaEska	10200	11132	25	29.24	1.685607	311441	407983	719424	13949	5285	7677	0.1462	0.1451	0.6347
9.6.2020 14:8	LaEska	11083	12125	22.18	23.97	2.095575	485715	591847	1077562	17470	18737	17926	0.2755	0.1489	0.8102
9.6.2020 14:49	LaEska	10969	12127	17.31	21.85	2.35603	612802	889546	1502347	19493	22387	17715	0.3604	0.1986	0.9293
9.6.2020 15:21	LaEska	10257	11197	23.33	26.59	1.718387	355648	468107	823756	14836	8655	11609	0.1359	0.1566	0.6973
9.6.2020 16:3	LaEska	11125	12209	17.58	27.14	2.157714	512250	697389	1209639	17670	10248	12057	0.2208	0.1935	0.7918
9.6.2020 16:40	LaEska	10596	11620	19.32	23.02	1.936753	460663	641078	1101740	16844	15409	21131	0.1733	0.1795	0.8334
9.6.2020 17:28	LaEska	11416	12628	16.38	20.61	2.579399	714308	1063864	1778173	20973	32967	27830	0.462	0.206	1.0092
9.6.2020 18:11	LaEska	11061	12243	16.66	24.94	2.425835	545320	818788	1364108	18496	14047	17099	0.276	0.2108	0.8652
9.6.2020 18:45	LaEska	10325	11351	20.32	29.55	1.88086	353139	493606	846746	14947	4950	10036	0.1535	0.1699	0.6685
9.6.2020 19:25	LaEska	11295	12315	22.81	22.42	2.094345	583850	652581	1236431	18841	36854	16554	0.3823	0.1496	0.8624
9.6.2020 20:2	LaEska	11019	11971	24.42	26.69	1.878135	458456	514832	973287	16674	11389	8137	0.2709	0.141	0.7273
9.6.2020 20:42	LaEska	11206	12326	21.06	20.75	2.329146	570233	714248	1284481	19025	34728	16726	0.3755	0.1688	0.92
9.6.2020 21:21	LaEska	10449	11635	15.78	21.81	2.238333	515412	856611	1372022	17802	18122	12530	0.215	0.2525	0.9283
9.6.2020 22:6	LaEska	11215	12419	15.15	20.1	2.488169	717347	1124359	1841706	20595	32366	36139	0.3713	0.2429	1.0557
9.6.2020 22:41	LaEska	10643	11591	24.48	24.78	1.786311	392856	484508	877363	15625	15081	11676	0.1927	0.1439	0.7439
9.6.2020 23:16	LaEska	10778	11700	21.49	22.05	1.771826	517387	624380	1141767	17409	23352	16703	0.2345	0.1622	0.8506
9.6.2020 23:55	LaEska	10923	12005	17.58	27.38	2.110701	487522	677695	1165218	17266	9235	12078	0.1944	0.1961	0.7795
10.6.2020 0:38	LaEska	11251	12415	15.15	20.1	2.39798	754090	1138052	1892142	20773	32404	34848	0.3901	0.242	1.058
10.6.2020 1:14	LaEska	10219	11403	16.91	24.13	2.184345	446692	727285	1173977	16868	10261	19510	0.1574	0.2092	0.8241
10.6.2020 1:56	LaEska	11380	12464	22.81	28.76	2.268351	448343	526721	975064	16961	10190	5721	0.3135	0.1518	0.7194
10.6.2020 2:33	LaEska	10962	12014	23.29	21.44	2.074856	474274	584285	1058558	17379	37157	18925	0.2676	0.1449	0.8579
10.6.2020 3:7	LaEska	10408	11482	20.12	28.52	2.003605	386956	537346	924302	15712	6035	9221	0.1791	0.169	0.6962
10.6.2020 3:39	LaEska	10275	11327	22.26	27.36	1.933765	370082	495508	865589	15322	7973	7653	0.1735	0.1674	0.6906
10.6.2020 4:14	LaEska	10751	11739	22.36	21.97	1.872324	459073	576570	1035643	16881	25328	17960	0.2389	0.1553	0.8316
10.6.2020 4:54	LaEska	11201	12299	18.9	23.07	2.2648	552666	737259	1289925	18557	18565	13743	0.2947	0.1889	0.8766
10.6.2020 5:39	LaEska	11384	12518	19.86	24.72	2.374311	511740	660746	1172486	18104	19823	14677	0.2741	0.1733	0.8365
10.6.2020 6:22	LaEska	11164	12220	21.95	20.31	2.172323	614833	728485	1343317	19433	58162	21339	0.4581	0.1477	0.932
10.6.2020 7:0	LaEska	11042	12124	21.49	27.64	2.208294	446737	557521	1004258	16872	9050	9215	0.2461	0.164	0.7393
10.6.2020 7:35	LaEska	10285	11473	18.27	22.69	2.213141	451359	688472	1139832	17011	16686	19077	0.1894	0.1987	0.8401
10.6.2020 8:13	LaEska	11131	12093	24.11	23.32	1.918757	508170	569837	1078007	17537	24025	18271	0.3032	0.1372	0.8124
10.6.2020 8:55	LaEska	11285	12163	18.87	20.78	1.728913	828089	863170	1691259	20324	42742	26850	0.355	0.1682	0.9613
10.6.2020 9:39	LaEska	11199	12363	15.15	20.31	2.393091	725829	1107758	1833588	20436	29935	28835	0.3634	0.2473	1.0482
10.6.2020 10:18	LaEska	10723	11861	20.21	22.97	2.238439	470750	636610	1107361	17346	18789	7706	0.2519	0.1964	0.8382
10.6.2020 10:57	LaEska	11061	12143	21.49	27.64	2.205824	446998	555036	1002034	16863	9070	9337	0.2323	0.1659	0.7394
10.6.2020 11:34	LaEska	10410	11456	17.44	22.21	1.945231	514424	758557	1272981	17535	16129	24729	0.2132	0.2004	0.8731
10.6.2020 12:17	LaEska	10989	12197	15	21.68	2.414657	628423	1029157	1657580	19416	18081	18765	0.2718	0.2573	0.9807
10.6.2020 12:48	LaEska	10257	11197	23.3	26.66	1.703608	350315	461332	811647	14725	8465	11572	0.1333	0.1568	0.6933
10.6.2020 13:30	LaEska	11252	12308	17.74	23.07	2.107176	611208	802950	1414158	19015	20485	14189	0.3255	0.1979	0.8854
10.6.2020 14:4	LaEska	10286	11340	17.91	26.29	1.96415	428026	641481	1069507	16219	6963	11344	0.1516	0.2048	0.7656
10.6.2020 14:45	LaEska	11302	12378	21.46	25.02	2.182659	520793	625833	1146626	18119	17817	18888	0.3519	0.1436	0.7947
10.6.2020 15:32	LaEska	11500	12416	20.88	20.92	1.89221	709323	778320	1487642	19837	48053	20061	0.5263	0.1564	0.9394
10.6.2020 16:10	LaEska	11142	12114	22.37	26.73	1.932427	489963	560213	1050176	17192	12998	13244	0.2925	0.1465	0.7494
10.6.2020 16:54	LaEska	11272	12394	15.95	20.68	2.317273	741383	1074053	1815436	20693	30283	22767	0.4283	0.2181	1.0141
10.6.2020 17:29	LaEska	10643	11659	24.48	24.97	1.944285	379076	482540	861616	15589	14069	10278	0.1984	0.1454	0.7398
10.6.2020 18:9	LaEska	10927	12015	17.89	21.62	2.171743	616538	861606	1478144	19323	27384	15485	0.4191	0.1883	0.9206
10.6.2020 18:45	LaEska	10701	11499	19.52	22.58	1.460927	630597	681475	1312073	17524	17594	14752	0.2225	0.1843	0.8537
10.6.2020 19:28	LaEska	11048	12168	16.8	27.95	2.236424	485633	712683	1198316	17306	8067	9572	0.2458	0.2108	0.7821
10.6.2020 20:14	LaEska	11405	12503	19.16	23.74	2.300675	595861	754366	1350227	19174	26297	25102	0.4151	0.1715	0.8724
10.6.2020 20:56	LaEska	11278	12134	16.28	22.63	1.651004	860649	941111	1801760	19392	20837	32892	0.3468	0.2093	0.9411
10.6.2020 21:38	LaEska	11146	12100	23.05	22.32	1.915747	570042	642976	1213018	18403	32181	14448	0.4214	0.1448	0.8471
10.6.2020 22:18	LaEska	11251	12213	18.76	22.66	1.941267	667237	794530	1461766	19301	24459	14878	0.3923	0.1878	0.8951
10.6.2020 23:0	LaEska	11231	12297	18.68	26.6	2.144795	498701	653070	1151771	17533	11430	17959	0.2549	0.1778	0.7914
10.6.2020 23:40	LaEska	11166	12304	19.12	27.11	2.34282	489680	652706	1142387	17699	12027	12677	0.3071	0.1748	0.7775
11.6.2020 0:21	LaEska	11284	12266	20.19	22.81	1.950485	611276	706580	1317856	18871	27994	15247	0.3672	0.172	0.8664
11.6.2020 0:54	LaEska	10411	11217	19.4	28.94	1.444431	481555	552236	1033791	15583	4744	13621	0.1339	0.1769	0.7015
11.6.2020 1:31	LaEska	10981	11955	21.8	22.03	1.909181	538335	643434	1181769	18004	24806	20437	0.312	0.1496	0.855
11.6.2020 2:7	LaEska	11024	11830	24.62	27.64	1.523926	471547	478234	949780	16028	9254	16353	0.2335	0.1373	0.701
11.6.2020 2:48	LaEska	10996	12084	17.89	21.62	2.18584	633739	872687	1506426	19542	27211	18414	0.422	0.1831	0.9248
11.6.2020 3:28	LaEska	10667	11689	16.34	26.41	1.931716	522466	749777	1272243	17176	9534	15094	0.2197	0.2231	0.809
11.6.2020 4:10	LaEska	11294	12260	17.38	27.51	1.948841	597618	727262	1324879	18034	11521	11108	0.287	0.2045	0.8018
11.6.2020 4:57	LaEska	11456	12376	20.95	23.26	1.861964	626006	685477	1311483	18806	27432	27546	0.3859	0.1523	0.8566
11.6.2020 5:33	LaEska	10238	11298	15.65	20.04	1.938132	589880	942182	1532062	18246	22885	21029	0.2787	0.2355	0.9773
11.6.2020 6:20	LaEska	11448	12490	16.95	26.65	2.14817	590751	775384	1366135	18444	12387	17161	0.2936	0.2047	0.8288
11.6.2020 6:51	LaEska	10257	11225	23.33	22.21	1.764182	397296	522487	919783	15712	21395	16395	0.1825	0.1555	0.7929
11.6.2020 7:29	LaEska	10862	11918	17.06	25.23	2.061676	551711	770541	1322251	18026	13740	20755	0.2679	0.1988	0.8372
11.6.2020 8:5	LaEska	11285	12139	22.36	21.23	1.669887	656634	674588	1331222	18830	37701	19377	0.3921	0.1447	0.89
11.6.2020 11:22	LaEska	11287	12267	20.06	25.78	1.987961	562050	655883	1217933	18152	16373	26311	0.3174	0.1622	0.8
11.6.2020 12:12	LaEska	11381	12563	16.72	24.58	2.445613	566016	825581	1391598	18835	14030	19919	0.2993	0.2037	0.8783
11.6.2020 12:57	LaEska	11413	12493	20.59	23.38	2.212584	576585	698109	1274694	18937	29264	15289	0.4101	0.1572	0.8544
11.6.2020 13:30	LaEska	10280	11378	22.26	26.17	2.044657	349538	488553	838091	15082	8992	8809	0.1541	0.1689	0.7158
11.6.2020 14:11	LaEska	10911	12141	16.21	22.12	2.455868	553693	895968	1449661	18796	19062	17947	0.2842	0.2157	0.9354
11.6.2020 14:50	LaEska	10905	12073	18.97	24.72	2.344126	442471	640618	1083089	17002	13046	10730	0.1953	0.193	0.8177
11.6.2020 15:22	LaEska	10193	11127	18.29	22.17	1.672194	483766	685319	1169084	16614	13899	13333	0.1392	0.1996	0.8505
11.6.2020 16:11	LaEska	11381	12695	15.34	21.87	2.749683	661919	1074961	1736880	20450	24682	24131	0.4142	0.2294	0.9885
11.6.2020 16:51	LaEska	11180	12310	20.62	23.06	2.306925	523179	667996	1191176	18313	24880	25362	0.3033	0.1583	0.853
11.6.2020 17:22	LaEska	10257	11211	24.18	28.38	1.734307	321924	426683	748607	14233	5846	10126	0.1349	0.1497	0.6537
11.6.2020 17:56	LaEska	10643	11597	24.21	24.97	1.799701	392778	485714	878493	15629	15088	12874	0.1828	0.1453	0.7426
11.6.2020 18:33	LaEska	11030	12040	22.41	29.88	2.016755	395915	481653	877568	15785	6025	11504	0.2206	0.154	0.6797
11.6.2020 19:19	LaEska	11331	12423	15.36	22.74	2.219708	697083	996680	1693763	19652	18323	29716	0.3171	0.2349	0.9594
11.6.2020 20:2	LaEska	11196	12352	17.31	24.93	2.396182	544604	783755	1328359	18506	13554	22358	0.2878	0.1945	0.8524
11.6.2020 20:45	LaEska	11142	12286	15.97	22.45	2.303781	578376	898934	1477310	18738	15673	26150	0.2734	0.2194	0.9369
11.6.2020 21:19	LaEska	10450	11466	24.48	24.37	1.909837	375477	486166	861643	15484	15058	9765	0.2062	0.148	0.7446
11.6.2020 21:54	LaEska	10706	11624	24.13	26.99	1.724673	432631	495165	927796	16032	9378	9645	0.2379	0.1438	0.7035
11.6.2020 22:28	LaEska	10229	11249	16.09	29.94	1.849948	399782	631535	1031317	15155	4166	11378	0.1809	0.2337	0.7269
11.6.2020 23:2	LaEska	10449	11475	20.71	21.81	1.914606	484998	636623	1121621	17215	26321	11073	0.3081	0.1786	0.8472
11.6.2020 23:41	LaEska	10780	11954	18.7	22.62	2.342723	523454	737352	1260805	18268	18570	18091	0.2716	0.1929	0.869
12.6.2020 0:25	LaEska	11163	12327	15.15	20.1	2.389483	731385	1125132	1856517	20519	31007	27414	0.3803	0.2462	1.0545
12.6.2020 1:2	LaEska	10842	11918	19.66	23.43	2.115575	483902	656042	1139944	17466	18131	21628	0.2353	0.1738	0.8353
12.6.2020 1:40	LaEska	10986	11946	23.92	23.41	1.872142	513994	573398	1087392	17530	22517	14409	0.3319	0.1458	0.8
12.6.2020 2:21	LaEska	11222	12110	19	23.13	1.759475	657582	745519	1403102	18677	22304	22445	0.295	0.1728	0.8772
12.6.2020 2:53	LaEska	10293	11235	24.48	24.33	1.708495	350587	457883	808470	14765	13975	12636	0.1638	0.1514	0.7343
12.6.2020 3:30	LaEska	10987	12061	22.18	24.61	2.153209	454514	575877	1030391	17077	15575	14844	0.2801	0.1471	0.7893
12.6.2020 4:1	LaEska	10019	11101	17.91	23.3	1.970774	408102	653360	1061463	15997	11452	15069	0.127	0.2063	0.8206
12.6.2020 4:42	LaEska	11309	12145	21.84	20.61	1.649786	756732	736545	1493277	19724	48557	23234	0.4472	0.1521	0.922
12.6.2020 5:20	LaEska	10837	11961	19.15	24.51	2.26003	490242	679624	1169867	17680	13880	12783	0.2262	0.1828	0.8236
12.6.2020 6:2	LaEska	11048	12186	16.54	21.23	2.244536	618721	897001	1515722	19292	29851	32393	0.3338	0.2078	0.9605
12.6.2020 6:36	LaEska	10694	11632	23.54	29.23	1.786215	363561	451803	815365	15017	6760	10167	0.192	0.1428	0.67
12.6.2020 7:13	LaEska	11008	11956	24.11	23.32	1.86885	495385	559815	1055200	17266	22856	17197	0.2806	0.1399	0.8067
12.6.2020 7:51	LaEska	11128	12030	22.32	25.07	1.782044	527792	582282	1110074	17430	15212	17669	0.2758	0.1515	0.7822
12.6.2020 8:36	LaEska	11287	12485	15.5	25.46	2.483909	569288	891045	1460332	18682	11710	21228	0.266	0.2321	0.8845
12.6.2020 9:25	LaEska	11470	12380	19.27	25.28	1.832081	660537	716674	1377212	18838	17133	20533	0.3335	0.1607	0.8293
12.6.2020 9:58	LaEska	10193	11219	18.86	22.17	1.879334	442943	657248	1100191	16501	14071	13388	0.1317	0.2	0.8426
12.6.2020 10:33	LaEska	10706	11582	23.23	27.38	1.638297	451838	509232	961071	16122	8667	10697	0.2366	0.1439	0.704
12.6.2020 11:11	LaEska	10519	11677	17.47	26.92	2.248106	435362	669285	1104647	16664	7053	14985	0.1515	0.2049	0.7743
12.6.2020 11:56	LaEska	11428	12446	18.58	25.78	2.100543	590105	722479	1312584	18606	13735	15438	0.3141	0.1821	0.8248
12.6.2020 12:36	LaEska	11167	12215	22.76	26.96	2.089274	425771	514734	940505	16467	10408	8433	0.2751	0.1592	0.7303
12.6.2020 13:15	LaEska	11147	12219	20.73	29.85	2.202661	429199	538911	968109	16524	6465	14809	0.2309	0.1541	0.7091
12.6.2020 13:45	LaEska	10213	11001	23.79	28.44	1.371955	352717	427619	780336	14043	5237	4899	0.1592	0.1598	0.6549
12.6.2020 14:28	LaEska	11272	12352	16.83	20.68	2.224561	731722	999718	1731441	20552	31557	27777	0.4276	0.1984	0.9921
12.6.2020 15:1	LaEska	10299	11325	20.32	29.09	1.876323	349201	487906	837107	14812	5561	8920	0.1784	0.1829	0.6739
12.6.2020 15:42	LaEska	11251	12213	18.76	22.66	1.941267	669334	801359	1470692	19350	23003	16764	0.3882	0.1778	0.8953
12.6.2020 16:20	LaEska	11066	12148	21.49	25.61	2.208348	490334	604262	1094596	17603	13982	10311	0.2772	0.163	0.784
12.6.2020 16:59	LaEska	10443	11617	15.73	22.37	2.183137	508067	843356	1351423	17661	16648	25185	0.2094	0.2312	0.907
12.6.2020 17:40	LaEska	11252	12282	18.57	23.07	2.051329	597511	756837	1354347	18808	21079	14219	0.3291	0.1877	0.8725
12.6.2020 18:15	LaEska	10481	11351	20.89	24.27	1.560013	451234	560337	1011570	16023	12204	10138	0.1522	0.174	0.7724
12.6.2020 18:58	LaEska	11076	12260	15.15	24.78	2.338963	563185	900596	1463781	18400	13379	21055	0.2717	0.2418	0.8924
12.6.2020 19:38	LaEska	11181	12293	21.47	21.29	2.290113	571769	702559	1274329	18997	44294	27476	0.3956	0.1509	0.9022
12.6.2020 20:9	LaEska	10200	11116	24.04	29.23	1.648611	331407	430020	761427	14280	5460	9287	0.1606	0.1435	0.6415
12.6.2020 20:42	LaEska	10246	11314	20.68	27.6	1.968645	380094	529346	909440	15519	7217	10980	0.1699	0.1757	0.6996
12.6.2020 21:20	LaEska	11082	12116	24.02	29.88	2.100609	391909	466192	858101	15811	7155	14102	0.2644	0.1417	0.6713
12.6.2020 22:0	LaEska	11054	12106	18.55	20.26	2.061299	603636	800597	1404232	19032	33036	23739	0.4334	0.1837	0.9444
12.6.2020 22:41	LaEska	11231	12251	20.59	28.04	2.044154	459668	560049	1019717	16851	9542	15188	0.2455	0.1595	0.7393
12.6.2020 23:23	LaEska	11141	12293	17.39	24.94	2.373769	535922	772693	1308615	18368	13337	21734	0.2789	0.1939	0.8477
13.6.2020 0:3	LaEska	11148	12148	20.62	23.06	2.001297	555064	669434	1224498	18278	24574	24727	0.2976	0.1591	0.8535
13.6.2020 0:42	LaEska	11024	11830	24.62	27.64	1.523926	472287	478612	950899	16038	9252	16347	0.234	0.1372	0.701
13.6.2020 1:23	LaEska	11285	12139	22.36	21.23	1.669887	656878	675185	1332063	18833	37248	17397	0.3922	0.1456	0.8909
13.6.2020 2:12	LaEska	11475	12673	15.5	25.46	2.536585	602493	920299	1522792	19146	13031	22572	0.2966	0.2304	0.8967
13.6.2020 2:52	LaEska	10739	11895	17.51	23.34	2.292713	519973	764867	1284841	18061	18174	23108	0.245	0.1995	0.874
13.6.2020 3:32	LaEska	11251	12213	18.73	22.66	1.94175	673661	800274	1473935	19375	25263	14729	0.3925	0.1883	0.8958
13.6.2020 4:16	LaEska	11466	12402	23.12	29.19	1.936863	470029	516318	986347	16782	9600	21087	0.3361	0.1271	0.712
13.6.2020 4:55	LaEska	10969	12007	22.19	21.85	2.091749	559397	671372	1230770	18573	28483	15625	0.3658	0.1508	0.8634
13.6.2020 5:33	LaEska	10720	11796	18.56	26.99	2.083127	464168	639163	1103331	16970	7939	12416	0.1815	0.185	0.7621
13.6.2020 6:17	LaEska	11197	12397	15	23.58	2.43617	580412	965291	1545703	18769	12018	25239	0.2744	0.2423	0.9334
13.6.2020 6:52	LaEska	10912	11944	20.08	27.05	2.041604	456693	591753	1048445	16850	7922	14445	0.2307	0.1652	0.7496
13.6.2020 9:17	LaEska	11285	12095	21.05	20.8	1.572147	794445	754439	1548884	19728	49141	28908	0.3708	0.1471	0.9308
13.6.2020 9:54	LaEska	10824	11806	21.99	24.97	1.898939	436227	553134	989361	16467	14760	15597	0.1997	0.1506	0.7731
13.6.2020 10:27	LaEska	10290	11142	20.09	25.65	1.512797	434736	553654	988391	15513	9121	14769	0.138	0.1786	0.746
13.6.2020 11:2	LaEska	10481	11397	21.72	25.28	1.672754	406710	523377	930087	15634	10662	10059	0.1421	0.167	0.7429
13.6.2020 11:39	LaEska	10881	11939	20.21	24.67	2.074184	446447	596918	1043365	16785	13708	10017	0.2019	0.1831	0.8005
13.6.2020 12:9	LaEska	10072	11142	21.33	27.96	1.923924	338819	485394	824213	14768	5999	8356	0.1489	0.1676	0.6764
13.6.2020 12:45	LaEska	10957	11947	22.18	26.43	1.94361	457495	552407	1009902	16779	11939	10348	0.2725	0.1512	0.7485
13.6.2020 13:22	LaEska	10734	11840	19.9	22.6	2.188113	469210	651534	1120744	17326	21273	16997	0.2013	0.1773	0.8583
13.6.2020 13:58	LaEska	10596	11666	19.36	21.92	2.041757	462986	659351	1122337	17086	20916	24478	0.1769	0.1783	0.8634
13.6.2020 14:41	LaEska	11313	12379	17.77	22.11	2.188031	652713	850867	1503580	19620	24702	15598	0.3674	0.1988	0.9317
13.6.2020 15:14	LaEska	10281	11381	22.26	27.36	2.041085	360952	492503	853456	15268	7639	9278	0.1647	0.1628	0.6891
13.6.2020 15:57	LaEska	10914	12128	15.11	21.68	2.406905	579500	964150	1543650	18786	18694	18311	0.2681	0.2589	0.9734
13.6.2020 16:34	LaEska	11068	12158	22.93	28.34	2.168751	387498	482534	870032	15878	7662	8156	0.2298	0.1562	0.6995
13.6.2020 17:10	LaEska	10722	11774	21.68	28.06	2.058218	413482	528012	941494	16174	7953	12749	0.1956	0.1573	0.7112
13.6.2020 17:50	LaEska	10723	11861	20.21	22.97	2.238439	473498	641821	1115319	17419	18285	8891	0.2292	0.1904	0.8384
13.6.2020 18:28	LaEska	10655	11625	16.98	25.93	1.81002	518581	700172	1218753	16879	9439	15346	0.1901	0.2202	0.804
13.6.2020 19:15	LaEska	11381	12585	17.78	21.87	2.493257	637525	879035	1516560	20058	30992	27227	0.4123	0.1804	0.935
13.6.2020 19:47	LaEska	10019	11033	18.12	23.3	1.816622	423574	645713	1069287	15996	10577	12204	0.1279	0.2041	0.815
13.6.2020 20:29	LaEska	11164	12154	23.07	20.29	2.014369	630998	692624	1323621	19338	56938	12283	0.3851	0.1526	0.9244
13.6.2020 21:10	LaEska	10877	12041	15.15	20.12	2.311919	699287	1100676	1799963	20136	28231	29260	0.321	0.2411	1.0359
13.6.2020 21:47	LaEska	10285	11447	18.11	23.25	2.154262	440023	679474	1119497	16804	14331	13415	0.1547	0.2029	0.8293
13.6.2020 22:27	LaEska	11279	12273	22.23	22.56	2.039101	584700	667807	1252507	18753	34535	22870	0.3891	0.1435	0.8632
13.6.2020 23:1	LaEska	10646	11670	25	29.24	1.983834	343422	432593	776014	14867	6524	8139	0.1874	0.1417	0.6575
13.6.2020 23:40	LaEska	10923	12033	17.58	27.38	2.17389	474829	673940	1148769	17195	8588	9074	0.1861	0.2	0.7767
14.6.2020 0:13	LaEska	10062	11070	18.12	24.96	1.816834	419069	636610	1055679	15939	8591	13932	0.1044	0.1971	0.7791
14.6.2020 0:53	LaEska	10699	11963	15.95	21.07	2.529211	495878	867314	1363192	17936	21327	28238	0.2429	0.2265	0.9676
14.6.2020 1:32	LaEska	11028	12144	18.91	25.43	2.224333	508872	679456	1188328	17904	13041	20391	0.26	0.1743	0.8019
14.6.2020 2:22	LaEska	11500	12656	15.75	23.31	2.410202	631400	953671	1585072	19461	15284	27405	0.3547	0.2173	0.9361
14.6.2020 3:3	LaEska	11295	12341	22.81	22.39	2.165456	565016	650377	1215393	18704	32508	11430	0.3776	0.153	0.8631
14.6.2020 3:46	LaEska	11270	12270	15.26	21.68	1.974912	809035	1048033	1857068	19935	21123	18327	0.3263	0.2454	0.9913
14.6.2020 4:28	LaEska	11076	12214	15.85	24.54	2.275434	604993	898458	1503450	18959	13845	19722	0.2604	0.2199	0.8866
14.6.2020 5:11	LaEska	11301	12423	19.12	26.76	2.322172	510824	669769	1180593	18005	12719	14485	0.3482	0.1698	0.7879
14.6.2020 5:56	LaEska	11500	12586	20.59	23.38	2.245233	560841	675583	1236423	18716	27374	21620	0.3423	0.1624	0.8603
14.6.2020 6:37	LaEska	10980	12016	15.95	20.68	2.037239	731695	1018815	1750511	19922	24484	23189	0.3643	0.221	0.9914
14.6.2020 7:21	LaEska	11213	12419	15.26	22.58	2.487862	656831	1031661	1688492	19871	18653	20025	0.3076	0.2445	0.964
14.6.2020 8:1	LaEska	10751	11921	16.94	22.3	2.325459	549599	834981	1384579	18548	20741	24589	0.2472	0.2062	0.9138
14.6.2020 8:38	LaEska	11083	12125	22.18	23.97	2.099759	487193	593295	1080488	17492	19055	19535	0.2758	0.148	0.8111
14.6.2020 9:13	LaEska	10857	11825	24.28	29.87	1.870024	372792	445064	817856	15261	5737	7773	0.2181	0.1424	0.6556
14.6.2020 9:53	LaEska	11201	12261	19.41	22.02	2.142002	601946	762283	1364229	19159	28040	17467	0.359	0.1678	0.8991
14.6.2020 10:30	LaEska	10701	11829	20.25	26.43	2.216333	423234	582911	1006145	16573	9079	10693	0.2048	0.1714	0.7537
14.6.2020 11:11	LaEska	11229	12349	17.97	23.77	2.320089	582104	795259	1377363	18984	19194	24224	0.3417	0.1824	0.8774
14.6.2020 11:47	LaEska	10771	11795	24.76	29.98	2.01821	360585	441596	802180	15181	5873	9037	0.2023	0.1402	0.6518
14.6.2020 12:23	LaEska	10587	11685	19.48	26.92	2.145285	442066	612192	1054258	16749	8334	12544	0.2013	0.1759	0.7511
14.6.2020 13:3	LaEska	10753	11825	17.31	25.46	2.07671	498129	711693	1209822	17317	10268	17139	0.1967	0.2083	0.817
14.6.2020 13:45	LaEska	11122	12346	15.7	23.83	2.527324	595127	933347	1528473	19214	16377	30517	0.288	0.2224	0.9189
14.6.2020 14:26	LaEska	10617	11771	15.34	25.94	2.214325	505706	828674	1334380	17413	9014	17089	0.1826	0.2488	0.8414
14.6.2020 15:1	LaEska	10679	11595	24.42	27.42	1.73226	419459	483414	902873	15814	9110	11250	0.2253	0.1443	0.6948
14.6.2020 15:33	LaEska	10141	11169	17.68	22.69	1.861865	467558	710593	1178152	16768	13945	19097	0.1109	0.2038	0.8443
14.6.2020 16:4	LaEska	10193	11147	24.18	28.38	1.737283	317872	426994	744866	14152	5514	11133	0.134	0.1471	0.6526
14.6.2020 16:42	LaEska	10921	11933	20.19	22.42	1.984101	559753	692744	1252497	18336	22812	16925	0.2877	0.1716	0.8603
14.6.2020 17:26	LaEska	11030	12326	15	21.69	2.678763	601146	1034303	1635449	19461	19232	19201	0.2638	0.2575	0.996
14.6.2020 17:56	LaEska	9877	10909	17.91	22.44	1.832733	297609	500960	798570	13613	8532	11223	0.1935	0.2077	0.8326
14.6.2020 18:37	LaEska	10911	12139	16.21	22.12	2.451122	549814	887154	1436968	18717	19787	17413	0.278	0.2187	0.9352
14.6.2020 19:17	LaEska	10893	11901	18.61	27.81	1.98141	484541	629461	1114002	16957	7586	9026	0.2069	0.1949	0.758
14.6.2020 19:50	LaEska	10334	11212	23.81	27.19	1.602417	378426	465700	844126	14974	7870	13323	0.1407	0.1474	0.6885
14.6.2020 20:24	LaEska	10408	11460	21.18	28.52	1.958165	379799	511473	891272	15555	6066	9039	0.1768	0.1593	0.6853
14.6.2020 21:6	LaEska	10993	12137	15.26	21.68	2.267267	658434	1016189	1674623	19519	20170	22458	0.2964	0.2455	0.9735
14.6.2020 21:49	LaEska	10929	12213	15.26	21.68	2.586818	589886	997055	1586941	19292	19918	25775	0.2718	0.2461	0.9703
14.6.2020 22:28	LaEska	10978	12124	18.93	21.85	2.341136	589687	803032	1392719	19268	24261	17115	0.3501	0.1753	0.9048
14.6.2020 23:8	LaEska	11144	12238	19.16	20.68	2.248658	646703	835656	1482359	19893	36670	20599	0.383	0.1708	0.9488
14.6.2020 23:43	LaEska	10219	11313	16.91	24.13	1.985529	472750	733460	1206209	16953	10367	19616	0.1645	0.2085	0.8241
15.6.2020 0:16	LaEska	10275	11225	18.12	22.96	1.733532	501347	697908	1199255	16889	13862	13724	0.1425	0.2038	0.8429
15.6.2020 0:54	LaEska	11236	12134	22.98	25.07	1.805265	534138	574461	1108599	17537	16931	17643	0.2735	0.1491	0.7864
15.6.2020 1:33	LaEska	11209	12227	22.45	28.82	2.066818	423599	505393	928992	16325	8492	11320	0.2213	0.154	0.709
15.6.2020 2:2	LaEska	10029	10995	22.71	21.51	1.694011	397158	533515	930672	15630	22375	11624	0.18	0.165	0.801
15.6.2020 2:33	LaEska	10091	11081	18.97	25.9	1.789637	402390	591100	993490	15651	7062	11488	0.1032	0.1908	0.7471
15.6.2020 3:15	LaEska	11028	12212	16.91	24.71	2.381836	550647	801175	1351822	18564	14230	25433	0.2487	0.2016	0.8575
15.6.2020 4:2	LaEska	11226	12474	15.73	22.17	2.599608	605362	977009	1582371	19527	19986	27158	0.3628	0.225	0.9622
15.6.2020 8:41	LaEska	10141	11127	19.06	23.3	1.789959	452015	646245	1098259	16483	13566	17251	0.1186	0.1869	0.8103
15.6.2020 9:16	LaEska	10587	11687	19.48	26.92	2.143604	434447	603096	1037543	16616	8476	10767	0.1612	0.1824	0.7509
15.6.2020 9:58	LaEska	11284	12320	18.27	21.87	2.072046	651269	818191	1469460	19500	27648	19235	0.3743	0.1913	0.9131
15.6.2020 10:39	LaEska	11201	12295	20.87	27.64	2.259441	468208	580508	1048716	17265	9327	13342	0.2321	0.1606	0.7513
15.6.2020 11:18	LaEska	10587	11685	19.48	26.92	2.137548	440012	607713	1047725	16705	8218	12841	0.1683	0.1771	0.7502
15.6.2020 11:56	LaEska	10908	11978	19.87	24.51	2.124739	489517	639922	1129440	17469	14483	12186	0.2357	0.1836	0.8136
15.6.2020 12:25	LaEska	9944	11024	21.31	23.55	1.917503	317548	479852	797399	14374	11767	9441	0.1221	0.1758	0.7562
15.6.2020 12:55	LaEska	10118	11156	23.95	29.75	1.877708	286319	402463	688782	13643	3796	8877	0.1306	0.1539	0.6227
15.6.2020 13:34	LaEska	10969	12051	17.81	27.37	2.173632	486949	682564	1169513	17341	8455	15761	0.2294	0.1851	0.7807
15.6.2020 14:10	LaEska	11061	12119	23.27	30	2.163039	392757	480955	873712	15914	6812	10412	0.2568	0.1406	0.677
15.6.2020 14:48	LaEska	11150	12188	23.95	29.75	2.085638	386965	460428	847392	15762	6532	13104	0.2465	0.1343	0.6731
15.6.2020 15:27	LaEska	11238	12290	22.37	25.75	2.144569	488007	574821	1062828	17506	14863	9018	0.2879	0.1597	0.7741
15.6.2020 16:3	LaEska	10596	11666	19.32	21.35	2.068197	496145	698340	1194484	17642	25026	21065	0.1876	0.1806	0.8889
15.6.2020 16:40	LaEska	10973	12027	23.31	27.64	2.120306	427675	515840	943516	16489	9524	11902	0.2537	0.1444	0.7175
15.6.2020 17:29	LaEska	11475	12709	15.5	25.06	2.635818	604823	938941	1543764	19360	12743	19470	0.2842	0.2339	0.9076
15.6.2020 18:12	LaEska	11380	12472	22.81	29.76	2.296376	430873	508038	938912	16671	8427	5434	0.2898	0.1498	0.703
15.6.2020 18:51	LaEska	11131	12127	22.18	24.53	1.992831	495888	586358	1082246	17439	17263	17454	0.2769	0.1477	0.7989
15.6.2020 19:31	LaEska	10923	12071	17.58	26.55	2.268122	490045	698771	1188816	17565	9599	17764	0.205	0.1925	0.7958
15.6.2020 20:14	LaEska	10804	11934	16.33	22.12	2.212135	581958	877419	1459377	18713	17558	18469	0.2497	0.2274	0.9241
15.6.2020 20:52	LaEska	11061	12143	21.49	27.64	2.205824	447424	557325	1004750	16888	9708	11022	0.256	0.1613	0.7388
15.6.2020 21:30	LaEska	11229	12255	25	29.75	2.073677	397935	455813	853748	15906	7422	14014	0.2698	0.1253	0.67
15.6.2020 22:13	LaEska	11325	12427	20.1	25.02	2.245222	535080	672875	1207954	18374	16406	20280	0.3572	0.1524	0.8102
15.6.2020 22:53	LaEska	11251	12335	22.25	28.68	2.246502	438372	531583	969956	16793	8311	12522	0.2669	0.1423	0.7173
15.6.2020 23:30	LaEska	10874	11894	22.5	22.25	2.012137	523630	626843	1150473	17935	26141	10322	0.338	0.162	0.8419
16.6.2020 0:6	LaEska	10722	11794	23.67	20	2.118997	504568	612377	1116945	17759	48444	21572	0.3182	0.1505	0.8936
16.6.2020 0:46	LaEska	11164	12274	19.37	29.03	2.283329	449276	598397	1047673	16963	9438	11807	0.3086	0.1686	0.7377
16.6.2020 1:19	LaEska	10275	11127	18.12	22.45	1.515212	574480	712548	1287028	17039	14427	16776	0.1558	0.2003	0.8556
16.6.2020 2:0	LaEska	10793	12005	15	22.98	2.412629	527406	933478	1460884	18059	13556	25401	0.2094	0.2538	0.9383
16.6.2020 2:32	LaEska	10200	11264	23.54	26.02	1.961938	317247	451449	768696	14439	9338	9852	0.1609	0.1514	0.7014
16.6.2020 3:11	LaEska	10905	12073	18.97	28.14	2.344126	404818	582800	987618	16296	7235	8497	0.1796	0.191	0.7435
16.6.2020 3:57	LaEska	11141	12311	16.95	20.37	2.413519	643347	930202	1573550	19911	30971	32743	0.3422	0.2064	0.9906
16.6.2020 4:37	LaEska	11209	12227	22.45	29.24	2.066818	420585	500911	921496	16270	8047	10735	0.2271	0.1526	0.7013
16.6.2020 5:14	LaEska	10596	11666	19.32	22.83	2.046362	469891	664992	1134883	17215	17548	19344	0.1816	0.1772	0.8416
16.6.2020 5:47	LaEska	10275	11127	18.12	21.66	1.515212	590074	729817	1319891	17243	17281	17715	0.1693	0.2004	0.8783
16.6.2020 6:30	LaEska	11287	12407	17.16	23.58	2.320586	607548	840544	1448091	19213	17515	24103	0.2871	0.1992	0.8978
16.6.2020 7:16	LaEska	11293	12443	17.66	23.4	2.393138	559521	790691	1350212	18755	16985	18565	0.272	0.1969	0.8935
16.6.2020 7:56	LaEska	10837	11997	17.65	24.67	2.322768	491764	721651	1213415	17661	11874	16337	0.2108	0.2037	0.8377
16.6.2020 8:42	LaEska	11405	12507	19.25	25.1	2.302598	562435	704842	1267277	18679	20525	22873	0.3389	0.173	0.8362
16.6.2020 9:17	LaEska	10643	11653	24.92	25.4	1.916055	367534	464168	831701	15339	12755	9649	0.2018	0.1447	0.7242
16.6.2020 9:51	LaEska	10481	11407	21.14	25.72	1.693374	404203	530401	934604	15607	9614	9978	0.1473	0.171	0.739
16.6.2020 10:32	LaEska	10793	12011	15	21.07	2.426986	553654	982415	1536069	18491	19024	29408	0.2215	0.2545	0.9967
16.6.2020 11:14	LaEska	11293	12379	19.16	24.14	2.243358	546409	706293	1252702	18420	15646	16483	0.2649	0.1824	0.8478
16.6.2020 11:49	LaEska	10285	11447	18.11	22.69	2.154988	459823	702169	1161993	17139	16702	19870	0.1582	0.1961	0.8439
16.6.2020 12:19	LaEska	10200	11282	23.54	29.43	1.999064	286796	412787	699583	13801	4866	8051	0.1423	0.1507	0.6388
16.6.2020 12:56	LaEska	10957	12051	22.1	26.43	2.201396	440500	555144	995644	16836	11707	10761	0.249	0.1534	0.7522
16.6.2020 13:46	LaEska	11457	12737	15.12	24.76	2.730372	581725	961793	1543518	19155	13528	22096	0.2843	0.2426	0.9244
16.6.2020 14:30	LaEska	11400	12486	22.81	22.64	2.273004	566048	657406	1223454	18880	32274	13239	0.3935	0.1488	0.8549
16.6.2020 15:17	LaEska	11500	12586	20.59	23.38	2.245233	560841	675583	1236423	18716	27374	21620	0.3423	0.1624	0.8603
16.6.2020 15:58	LaEska	10877	11977	15.15	20.1	2.159318	733855	1099283	1833137	20090	27750	29167	0.3187	0.2403	1.0356
16.6.2020 16:43	LaEska	11272	12398	15.86	20.68	2.325815	725839	1067950	1793789	20521	29015	23278	0.427	0.2208	1.016
16.6.2020 17:19	LaEska	10722	11804	23.48	27.28	2.131662	395797	496298	892094	15944	9287	13324	0.1967	0.1486	0.7087
16.6.2020 17:54	LaEska	10771	11795	24.76	29.98	2.01821	364269	444297	808567	15240	5632	6467	0.2027	0.1428	0.6542
