9.6.2020 12:17	LaEska	10285	11443	18.27	22.69	2.150834	457196	690464	1147660	17036	17426	18988	0.1874	0.2001	0.8417
9.6.2020 12:55	LaEska	11209	12227	22.45	29.16	2.06407	432909	513009	945918	16482	8757	9538	0.2728	0.1478	0.7021
9.6.2020 13:37	LaEska	11144	12256	16.64	22.12	2.264041	642755	904650	1547405	19521	22846	20571	0.3074	0.2181	0.942
9.6.2020 14:8	LaEska	10200	11134	24.76	28.36	1.689861	312595	415910	728505	14010	6137	8085	0.1502	0.1459	0.6507
9.6.2020 14:50	LaEska	11413	12379	24.74	23.38	1.948472	520546	562607	1083154	17764	30533	20161	0.3383	0.1357	0.8147
9.6.2020 15:34	LaEska	11197	12353	15.75	22.2	2.334122	604142	935698	1539840	19088	17321	27496	0.2908	0.2238	0.9525
9.6.2020 16:9	LaEska	10257	11353	17.54	26.49	2.024745	399960	634670	1034631	15889	6959	17564	0.1385	0.2014	0.7611
9.6.2020 16:50	LaEska	10974	12048	20.12	27.6	2.132786	459166	593773	1052939	17036	9280	12365	0.2631	0.1604	0.742
9.6.2020 17:24	LaEska	10299	11325	20.32	29.09	1.875062	348288	493927	842215	14880	4807	10501	0.1372	0.1718	0.673
9.6.2020 17:57	LaEska	10481	11335	21.72	24.89	1.527216	434923	528344	963267	15727	11049	9345	0.1476	0.1681	0.749
9.6.2020 18:38	LaEska	10841	12121	15.45	22.71	2.596727	521762	898418	1420180	18273	15784	29644	0.241	0.2409	0.9394
9.6.2020 19:16	LaEska	10723	11849	20.21	24.72	2.211218	409318	580703	990021	16335	13023	10312	0.1869	0.1861	0.7925
9.6.2020 19:55	LaEska	11293	12357	22.62	26.5	2.169314	484110	566279	1050389	17501	14525	11303	0.3249	0.145	0.7567
9.6.2020 20:33	LaEska	10701	11829	20.25	26.43	2.221484	419193	579170	998363	16501	9778	10461	0.2088	0.1711	0.7572
9.6.2020 21:9	LaEska	10824	11806	21.99	24.97	1.894507	436870	550803	987672	16458	15105	15477	0.2049	0.1521	0.7722
9.6.2020 21:55	LaEska	11400	12600	17.7	23.71	2.537769	601683	835177	1436860	19533	20898	10343	0.3731	0.1977	0.8935
9.6.2020 22:38	LaEska	11309	12373	18.86	23.42	2.198577	579130	741242	1320372	18756	19755	18179	0.3088	0.1826	0.8779
9.6.2020 23:17	LaEska	11119	12085	22.77	26.18	1.950454	473482	552315	1025797	17003	12089	14179	0.2472	0.1462	0.7564
9.6.2020 23:57	LaEska	11056	12122	16.72	21.87	2.080689	665908	911084	1576991	19546	25396	25906	0.3602	0.1996	0.9369
10.6.2020 0:41	LaEska	11076	12260	15.15	24.78	2.338963	566916	902023	1468939	18440	13159	21300	0.2609	0.243	0.8924
10.6.2020 1:18	LaEska	10837	11945	19.87	22.43	2.225454	512585	688477	1201061	18012	21986	14328	0.244	0.1809	0.8701
10.6.2020 1:56	LaEska	11131	12099	24.11	23.21	1.933034	509577	572739	1082316	17584	24672	18249	0.3105	0.1367	0.8161
10.6.2020 2:41	LaEska	11476	12478	21.44	23.33	2.079039	593504	682967	1276471	18902	27077	13898	0.4495	0.1575	0.8527
10.6.2020 3:20	LaEska	11229	12267	23.95	29.75	2.101551	403052	470759	873812	16042	7395	14487	0.278	0.129	0.6772
10.6.2020 3:55	LaEska	10585	11523	23.54	29.12	1.738029	350059	439240	789299	14734	5810	11775	0.1594	0.1466	0.6581
10.6.2020 4:35	LaEska	10838	11910	16.46	24.53	2.082887	583182	834817	1417999	18434	14282	17130	0.2522	0.2111	0.8638
10.6.2020 5:19	LaEska	11466	12458	22.19	28.32	2.07281	478392	549221	1027613	17150	10603	23190	0.3144	0.1361	0.7332
10.6.2020 5:52	LaEska	10334	11212	23.81	27.19	1.602417	378426	465700	844126	14974	7870	13323	0.1407	0.1474	0.6885
10.6.2020 6:34	LaEska	11001	12189	15.26	21.68	2.371821	635817	1010016	1645832	19484	19374	20501	0.283	0.2491	0.9736
10.6.2020 7:22	LaEska	11488	12484	19.12	26.76	2.052619	577719	677999	1255718	18351	14063	27546	0.2897	0.1617	0.799
10.6.2020 8:5	LaEska	11228	12294	17.77	21.3	2.170245	656421	864480	1520902	19674	27344	16456	0.3758	0.1991	0.9503
10.6.2020 8:49	LaEska	10921	12127	15.26	21.68	2.398444	619221	1002374	1621595	19355	19315	22613	0.2743	0.2479	0.9698
10.6.2020 9:30	LaEska	11198	12234	20.78	22.81	2.062319	556051	666931	1222982	18413	28003	14096	0.3382	0.1691	0.8555
10.6.2020 10:3	LaEska	10111	11131	17.91	27.83	1.852778	386157	595000	981157	15374	5257	11756	0.1192	0.1988	0.7259
10.6.2020 10:41	LaEska	10535	11741	17.68	23.54	2.352967	477766	729526	1207292	17515	12787	14336	0.2093	0.2135	0.8453
10.6.2020 11:24	LaEska	11272	12352	16.83	20.68	2.224561	735995	1001103	1737097	20596	32851	22220	0.4286	0.2013	0.9952
10.6.2020 12:4	LaEska	10751	11921	16.94	23.72	2.325459	520825	794400	1315225	18107	15618	22220	0.2157	0.2063	0.8738
10.6.2020 12:42	LaEska	10837	11945	19.87	24.51	2.225454	487005	652368	1139373	17569	14492	11450	0.2525	0.1824	0.8144
10.6.2020 13:22	LaEska	11209	12235	21.95	29.16	2.085	415994	504479	920474	16209	7285	15529	0.2136	0.1522	0.7058
10.6.2020 13:53	LaEska	10019	11033	18.12	23.3	1.822613	427636	655592	1083228	16106	12151	10885	0.1116	0.2063	0.8181
10.6.2020 14:38	LaEska	11293	12443	17.66	22.56	2.393138	575607	813625	1389232	19000	19745	20027	0.2838	0.1973	0.9163
10.6.2020 15:21	LaEska	10921	12127	15.26	21.68	2.398444	612572	996106	1608678	19266	18691	20346	0.2658	0.2497	0.9696
10.6.2020 16:3	LaEska	11178	12196	22.45	29.23	2.084606	422258	508637	930895	16316	8029	10352	0.2573	0.15	0.7037
10.6.2020 16:34	LaEska	10200	11264	23.54	29.43	1.961938	289427	413708	703135	13822	4835	8088	0.1449	0.1507	0.6394
10.6.2020 17:16	LaEska	11169	12353	16.91	25.43	2.40221	550597	796043	1346640	18596	13295	25280	0.2798	0.1939	0.8449
10.6.2020 17:58	LaEska	11229	12221	17.74	22.66	1.949639	657583	812251	1469834	19150	22113	17139	0.3229	0.2028	0.8949
10.6.2020 18:38	LaEska	10835	11933	17.63	20.4	2.122629	587243	838817	1426060	18919	31793	18058	0.331	0.1924	0.9523
10.6.2020 19:14	LaEska	10486	11446	24.64	21.44	1.773582	399129	505778	904907	15791	27623	14516	0.2098	0.1482	0.8111
10.6.2020 19:57	LaEska	11413	12303	23.41	23.38	1.762215	574452	594660	1169112	18075	29981	17620	0.3466	0.1424	0.8261
10.6.2020 20:32	LaEska	10694	11602	22.45	26.09	1.694644	423676	514686	938362	15910	10390	15479	0.2009	0.1486	0.7295
10.6.2020 21:14	LaEska	11306	12354	20.19	22.81	2.133138	574251	699083	1273334	18725	25203	16109	0.3661	0.1747	0.8689
10.6.2020 21:54	LaEska	10742	11958	17.22	21.32	2.432138	508907	814850	1323756	18166	19747	18053	0.2889	0.2037	0.9297
10.6.2020 22:29	LaEska	10619	11661	21.28	28.48	2.002036	395088	521513	916601	15864	6285	12248	0.2145	0.1535	0.6957
10.6.2020 23:1	LaEska	10294	11188	20.73	28.22	1.605167	401080	513309	914389	15257	5511	9210	0.1666	0.1666	0.6912
10.6.2020 23:39	LaEska	11126	12012	20.12	21.65	1.742229	636642	717724	1354366	18622	27136	23648	0.3026	0.1657	0.8971
11.6.2020 0:20	LaEska	11242	12302	19.41	21.72	2.150459	596189	760987	1357176	19093	27801	16912	0.3603	0.1701	0.9091
11.6.2020 1:7	LaEska	11469	12515	18.72	23.26	2.169271	611797	779183	1390981	19157	20664	12750	0.3881	0.1787	0.885
11.6.2020 1:39	LaEska	10229	11099	21.03	29.94	1.552538	378507	477747	856254	14718	4456	9288	0.1503	0.1665	0.6566
11.6.2020 2:9	LaEska	10165	10991	23.88	29.78	1.45562	332754	414644	747398	13842	3969	4725	0.1543	0.1671	0.6321
11.6.2020 2:46	LaEska	10390	11442	16.16	21.08	1.93056	546590	820866	1367457	17587	20441	17318	0.2309	0.2433	0.9369
11.6.2020 3:31	LaEska	11096	12168	15.26	23.81	2.117163	675171	964090	1639261	19150	16477	28724	0.2992	0.2382	0.9169
11.6.2020 4:7	LaEska	10694	11588	22.45	26.09	1.670266	434233	519299	953532	15995	10529	17853	0.2075	0.1475	0.7313
11.6.2020 4:42	LaEska	10328	11434	19.65	25.63	2.064294	389536	573841	963377	15862	8336	11295	0.1718	0.1814	0.7516
11.6.2020 5:19	LaEska	10535	11709	18.7	28.86	2.273219	383561	567281	950842	15785	5427	9469	0.1832	0.1994	0.713
11.6.2020 5:55	LaEska	10746	11568	18.62	22.67	1.510804	668751	734528	1403279	17981	16485	18474	0.2421	0.1859	0.8623
11.6.2020 6:33	LaEska	11101	11973	20.82	23.7	1.695966	597421	659403	1256825	18084	19919	20462	0.3202	0.1514	0.8271
11.6.2020 7:12	LaEska	10714	11926	16.74	21.87	2.399867	547185	857899	1405084	18618	21302	13904	0.32	0.2163	0.9254
11.6.2020 7:51	LaEska	10934	12106	15.11	20.01	2.278612	616729	1020431	1637160	19167	25739	34687	0.3044	0.2371	1.0256
11.6.2020 8:23	LaEska	10910	11792	21.14	23.91	1.687002	579772	647873	1227645	17896	19494	11760	0.334	0.162	0.8108
11.6.2020 8:55	LaEska	11048	12032	22.03	28.13	1.942793	448836	533822	982658	16592	8865	9259	0.261	0.1521	0.7138
11.6.2020 9:28	LaEska	11246	12070	23.89	26.65	1.620287	510809	522482	1033291	16781	11631	18368	0.2632	0.135	0.7411
11.6.2020 9:56	LaEska	10393	11381	24.64	22.61	1.818221	374205	486841	861046	15396	23072	11646	0.2184	0.1459	0.7818
11.6.2020 10:29	LaEska	11285	12083	23.3	22.13	1.552783	703871	649895	1353766	18892	40768	23656	0.3619	0.1338	0.8642
11.6.2020 11:23	LaEska	10831	11903	16.46	24.53	2.081418	560756	811514	1372270	18121	13178	26057	0.2334	0.2094	0.8606
11.6.2020 12:5	LaEska	11053	12221	17.31	25.7	2.398904	508380	752516	1260895	18001	12310	14843	0.2434	0.1986	0.8305
11.6.2020 12:37	LaEska	10193	11127	18.29	21.95	1.672194	492227	692382	1184609	16727	14398	14018	0.1464	0.1991	0.8567
11.6.2020 13:19	LaEska	11400	12486	22.81	25.86	2.277535	508224	588945	1097169	17974	17033	7163	0.3437	0.1516	0.7799
11.6.2020 13:54	LaEska	10286	11340	17.91	26.29	1.96415	432770	645821	1078591	16295	6972	11362	0.1501	0.2044	0.7657
11.6.2020 14:32	LaEska	11131	12093	24.11	23.32	1.918757	509126	570664	1079789	17550	24271	17994	0.3085	0.1365	0.8132
11.6.2020 15:3	LaEska	10039	10763	20.89	23.99	1.180521	532234	563167	1095401	15717	12919	14600	0.1682	0.1626	0.7586
11.6.2020 15:43	LaEska	10841	12061	15.45	26.14	2.447289	484303	818489	1302792	17452	9050	11473	0.2446	0.2476	0.85
11.6.2020 16:15	LaEska	9967	11137	16.94	23.72	2.14377	341957	605785	947742	14840	8556	14952	0.2347	0.2232	0.8259
11.6.2020 16:51	LaEska	10859	11697	18.61	26.43	1.573575	602505	668177	1270682	17330	9502	10977	0.251	0.1797	0.7861
11.6.2020 17:24	LaEska	10200	11264	23.54	29.43	1.959975	289029	413306	702335	13815	4834	8087	0.1449	0.1506	0.6391
11.6.2020 18:1	LaEska	11102	12000	22.88	27.16	1.751429	488670	532363	1021033	16804	11242	14025	0.2607	0.1466	0.731
11.6.2020 18:45	LaEska	11293	12385	19.51	22.56	2.262815	561970	727401	1289371	18735	21516	19440	0.2958	0.1767	0.8864
11.6.2020 19:30	LaEska	11359	12297	15.74	23.9	1.88054	804914	961140	1766054	19490	18865	17780	0.3556	0.2309	0.9243
11.6.2020 20:11	LaEska	11279	12337	22.23	22.56	2.204818	564362	667668	1232030	18750	33007	24147	0.3867	0.1448	0.8623
11.6.2020 20:43	LaEska	10396	11336	24.64	22.55	1.714434	383840	484119	867960	15361	23233	12969	0.226	0.15	0.7834
11.6.2020 21:19	LaEska	10596	11666	19.32	21.92	2.041585	466298	666789	1133087	17164	20324	25377	0.1674	0.1752	0.8642
11.6.2020 22:3	LaEska	11453	12545	21.76	22	2.290028	570344	680147	1250491	18964	35014	35667	0.4366	0.1499	0.8801
11.6.2020 22:39	LaEska	10588	11480	24.64	21.44	1.647929	439003	518584	957588	16145	34991	15319	0.2363	0.1442	0.828
11.6.2020 23:28	LaEska	11372	12672	15	26.09	2.714142	549677	915996	1465673	18683	11214	14210	0.2802	0.2507	0.8838
12.6.2020 0:8	LaEska	11016	12176	18.51	20.88	2.370961	601928	826128	1428056	19475	31988	31123	0.3097	0.177	0.9439
12.6.2020 0:51	LaEska	10921	12129	15	22.51	2.398591	596647	988057	1584704	18979	16002	15118	0.252	0.2607	0.9524
12.6.2020 1:26	LaEska	10499	11431	23.11	28.42	1.713136	385754	471428	857183	15265	6844	16222	0.1851	0.1461	0.6708
12.6.2020 2:14	LaEska	11406	12658	15.31	24.07	2.635757	605469	958837	1564306	19385	18541	28259	0.3145	0.2385	0.9347
12.6.2020 2:53	LaEska	11068	12112	21.49	22.05	2.11375	525721	652757	1178478	18128	26123	19128	0.2962	0.1564	0.8671
12.6.2020 3:31	LaEska	10974	11926	20.12	28.29	1.845399	476965	575987	1052952	16757	7827	10573	0.2501	0.1613	0.7283
12.6.2020 4:15	LaEska	11033	12253	17.31	24.94	2.513517	514786	766821	1281607	18239	13270	18815	0.2333	0.2008	0.8471
12.6.2020 4:57	LaEska	10921	12127	15.26	22.33	2.398444	604089	980431	1584520	19141	17115	21246	0.2573	0.2484	0.9497
12.6.2020 5:33	LaEska	10699	11699	23.75	27.53	1.930765	383827	477337	861163	15550	8837	7193	0.2585	0.1563	0.6948
12.6.2020 6:14	LaEska	11201	12175	18.06	22.43	1.914078	680756	818191	1498947	19372	23817	17530	0.339	0.1984	0.8976
12.6.2020 6:49	LaEska	10481	11579	20.18	29.69	2.109991	376000	522656	898656	15540	5630	12182	0.1745	0.1705	0.6835
12.6.2020 7:29	LaEska	11295	12305	21.77	22.42	2.067885	604146	683345	1287491	19045	36190	19870	0.3525	0.1541	0.8728
12.6.2020 8:9	LaEska	11285	12135	19.22	20.8	1.664059	827878	837755	1665634	20119	42820	30739	0.3488	0.1632	0.9551
12.6.2020 8:47	LaEska	11142	12156	22.37	25.5	2.033546	502969	584174	1087142	17575	17709	14867	0.3017	0.1485	0.7766
12.6.2020 9:35	LaEska	11416	12628	16.38	21.84	2.579399	677482	1014274	1691756	20504	25616	24798	0.4424	0.2041	0.9686
12.6.2020 10:9	LaEska	10285	11461	18.67	22.69	2.189047	450178	673716	1123894	16973	17632	18793	0.1976	0.1932	0.8354
12.6.2020 10:51	LaEska	11296	12348	19.18	21.69	2.161122	618782	795292	1414074	19328	35435	29501	0.4796	0.1654	0.9208
12.6.2020 11:29	LaEska	10269	11455	15.78	23.08	2.209286	453581	810813	1264394	16961	11555	14154	0.1689	0.2394	0.877
12.6.2020 12:4	LaEska	10706	11678	24.13	26.66	1.866685	428252	504826	933077	16187	9777	9895	0.2302	0.1469	0.713
12.6.2020 12:49	LaEska	11373	12441	15.36	22.74	2.15693	692114	974837	1666950	19404	16799	32821	0.2898	0.2339	0.9588
12.6.2020 13:28	LaEska	10836	11950	18.35	25.31	2.179825	452604	655256	1107859	16983	10853	10213	0.2104	0.1944	0.8032
12.6.2020 14:3	LaEska	10468	11376	17.71	23.6	1.654819	527172	689904	1217076	16783	13346	14801	0.1758	0.2106	0.8402
12.6.2020 14:36	LaEska	10225	11273	20.32	29.08	1.903428	335786	485343	821129	14676	4843	11419	0.1388	0.1734	0.6685
12.6.2020 15:14	LaEska	11058	12114	20.12	28.72	2.085813	442310	562295	1004605	16665	9153	9887	0.2653	0.1689	0.7202
12.6.2020 15:55	LaEska	11191	12255	18.62	25.14	2.148637	558760	715620	1274380	18404	14775	19974	0.285	0.1746	0.8288
12.6.2020 16:26	LaEska	10019	11141	18.12	22.78	2.060904	409456	661289	1070745	16180	11904	16360	0.1218	0.2001	0.8302
12.6.2020 17:13	LaEska	11473	12595	15.95	20.68	2.361946	777658	1104582	1882241	21121	32767	24068	0.4628	0.2153	1.0255
12.6.2020 17:57	LaEska	10921	12099	15.26	20.67	2.331836	660064	1043941	1704006	19734	23355	21813	0.3132	0.2489	1.0038
12.6.2020 18:44	LaEska	11337	12519	16.72	21.87	2.415887	654467	942318	1596785	20068	26785	23386	0.4133	0.1977	0.9506
12.6.2020 19:18	LaEska	10325	11425	22.26	27.36	2.050464	367453	496440	863893	15387	7977	9523	0.1696	0.1624	0.6928
12.6.2020 20:6	LaEska	11466	12528	17.2	28.32	2.197864	520581	704799	1225380	17641	8737	26395	0.2893	0.1851	0.7883
12.6.2020 20:47	LaEska	11039	12097	19.48	25.68	2.128833	519915	660203	1180119	17846	12463	15485	0.2607	0.1771	0.7982
12.6.2020 21:22	LaEska	10457	11437	20.91	30	1.84359	388862	502027	890889	15379	5229	8232	0.1747	0.174	0.6694
12.6.2020 22:5	LaEska	11282	12160	20.88	20.92	1.760508	720825	766329	1487154	19627	49997	33836	0.4735	0.1513	0.9281
12.6.2020 22:35	LaEska	9984	10970	19.12	22.44	1.760774	409685	609611	1019295	15772	14181	14744	0.1089	0.1909	0.8219
12.6.2020 23:17	LaEska	11205	12305	18.16	26.9	2.20376	487092	658674	1145766	17415	11623	11470	0.2825	0.1936	0.7883
13.6.2020 0:4	LaEska	11405	12505	19.32	25.25	2.298069	558203	697685	1255888	18615	20052	22533	0.3354	0.1722	0.8314
13.6.2020 0:43	LaEska	10704	11818	20.12	26.54	2.167197	444944	602549	1047493	16901	9804	10993	0.2538	0.1662	0.7497
13.6.2020 1:26	LaEska	11413	12301	24.74	22.55	1.761146	569183	580461	1149643	18047	37582	17992	0.3607	0.1375	0.838
13.6.2020 2:12	LaEska	11440	12536	22.31	22.84	2.260824	541177	635380	1176557	18544	26626	25171	0.3844	0.146	0.8439
13.6.2020 2:49	LaEska	10285	11443	18.27	22.69	2.150834	456449	690124	1146573	17026	16908	16700	0.1868	0.2024	0.8416
13.6.2020 3:38	LaEska	11475	12673	15.5	25.46	2.536585	599716	919095	1518811	19117	12852	25261	0.2941	0.2287	0.8955
13.6.2020 4:6	LaEska	9979	10617	22.76	24.09	1.010664	467064	471723	938787	14258	12065	13487	0.1864	0.1485	0.7363
13.6.2020 4:42	LaEska	10893	11867	24.28	29.38	1.890722	388416	457916	846333	15557	6967	10053	0.2317	0.1384	0.6658
13.6.2020 5:25	LaEska	11282	12148	21.48	20.92	1.733284	717466	748168	1465634	19562	50811	19298	0.4722	0.1531	0.9216
13.6.2020 6:6	LaEska	11282	12160	20.88	20.92	1.760508	725824	770225	1496049	19685	51136	22346	0.4746	0.1561	0.929
13.6.2020 6:36	LaEska	10606	11476	22.77	25.55	1.612811	449946	526705	976651	16120	13400	13191	0.2153	0.1452	0.7446
13.6.2020 9:15	LaEska	10468	11528	17.86	23.34	2.016119	466674	691995	1158669	16886	14133	15157	0.172	0.2119	0.8487
13.6.2020 9:53	LaEska	10748	11750	18.55	22.84	1.927967	563771	739571	1303342	18176	19018	19998	0.2552	0.1824	0.8635
13.6.2020 10:33	LaEska	10701	11837	20.25	25.97	2.242406	425786	587225	1013011	16619	10765	10349	0.2219	0.174	0.7675
13.6.2020 11:4	LaEska	10007	11045	19.99	27.96	1.83713	331613	489963	821576	14496	5641	9461	0.1415	0.1768	0.6864
13.6.2020 11:52	LaEska	11475	12673	15.5	25.06	2.536585	616663	938961	1555623	19349	13741	23424	0.3018	0.2294	0.9061
13.6.2020 12:39	LaEska	11395	12455	18.7	23.36	2.221775	642357	793831	1436188	19556	25873	20663	0.3813	0.1828	0.8922
13.6.2020 13:17	LaEska	11131	12127	22.18	24.53	1.992831	494954	585928	1080881	17427	17036	17614	0.2754	0.148	0.7982
13.6.2020 13:53	LaEska	10596	11666	19.32	21.92	2.041585	466296	666788	1133084	17164	20324	25377	0.1674	0.1752	0.8642
13.6.2020 14:31	LaEska	10655	11625	16.98	26.48	1.81002	511079	694751	1205831	16807	8468	15476	0.1708	0.2152	0.7923
13.6.2020 15:9	LaEska	11087	12143	21.47	24.86	2.134435	525622	634554	1160176	18068	21596	12446	0.3403	0.1579	0.7996
13.6.2020 15:56	LaEska	11381	12591	16.64	21.87	2.492096	654439	953537	1607976	20180	27224	23279	0.4171	0.1995	0.9546
13.6.2020 16:39	LaEska	11048	12182	16.63	21.23	2.24366	614750	897627	1512377	19282	28246	35278	0.3165	0.2009	0.9605
13.6.2020 17:17	LaEska	10995	11977	17.81	22.58	1.885686	636868	796412	1433279	18820	19943	19186	0.3108	0.1996	0.8835
13.6.2020 18:2	LaEska	11380	12462	22.87	21.57	2.263525	597122	677386	1274508	19296	46204	9802	0.4287	0.1579	0.892
13.6.2020 18:47	LaEska	11287	12515	15	25.39	2.549369	574523	936507	1511031	18757	11522	21469	0.2679	0.2466	0.8999
13.6.2020 19:29	LaEska	11001	12141	16.13	21.68	2.26659	629217	937123	1566340	19401	20725	21144	0.2779	0.2231	0.9516
13.6.2020 20:8	LaEska	10969	12119	17.53	21.85	2.338715	616058	882682	1498739	19523	23930	16671	0.3752	0.1943	0.9272
13.6.2020 20:58	LaEska	11475	12703	15	25.16	2.60338	612007	978317	1590324	19303	12621	23744	0.2904	0.2426	0.9147
13.6.2020 21:39	LaEska	11246	12318	20.73	28.79	2.222942	467295	573193	1040488	17165	8450	15785	0.2634	0.152	0.7332
13.6.2020 22:21	LaEska	10792	12012	17.31	24.37	2.452105	494255	756673	1250928	17891	13210	18868	0.1981	0.2048	0.8479
13.6.2020 22:56	LaEska	10219	11403	16.91	24.13	2.184345	446871	727120	1173991	16866	10302	19420	0.1625	0.2094	0.8242
13.6.2020 23:24	LaEska	10039	10903	20.89	29.06	1.485145	344413	457971	802384	14103	4893	8415	0.141	0.1731	0.6586
14.6.2020 0:1	LaEska	10834	11910	19.66	23.26	2.114597	515372	686254	1201626	17953	17985	10684	0.2741	0.177	0.8396
14.6.2020 0:40	LaEska	11229	12255	25	29.75	2.073677	397682	455406	853088	15898	7710	13441	0.2716	0.1281	0.6696
14.6.2020 1:18	LaEska	11156	12170	20.62	23.06	2.036291	545676	664818	1210494	18210	25023	24634	0.289	0.1604	0.8539
14.6.2020 1:59	LaEska	11062	12168	16.78	20	2.20667	622693	912636	1535329	19341	29067	33833	0.3165	0.203	0.9951
14.6.2020 2:39	LaEska	10617	11651	15.65	25.32	1.929551	562556	821838	1384394	17549	9820	18042	0.1842	0.239	0.8438
14.6.2020 3:18	LaEska	11010	12144	17.58	27.38	2.242244	478198	677402	1155600	17343	8222	18637	0.2041	0.1876	0.7783
14.6.2020 4:2	LaEska	11234	12366	18.05	23.92	2.320277	587029	792854	1379883	19081	19909	18524	0.3682	0.1846	0.8687
14.6.2020 4:47	LaEska	11290	12478	15.26	20.89	2.434826	710541	1104282	1814823	20483	24567	26161	0.3993	0.235	1.0133
14.6.2020 5:22	LaEska	10771	11795	24.76	30	2.015557	358797	441227	800024	15162	5890	8897	0.22	0.1379	0.6507
14.6.2020 5:57	LaEska	10448	11468	17.91	22.8	1.920871	523555	745770	1269325	17640	17147	21304	0.196	0.1893	0.8639
14.6.2020 6:37	LaEska	11285	12255	21.32	20.78	1.972383	681274	748745	1430019	19832	50675	24748	0.3792	0.1472	0.9331
14.6.2020 7:15	LaEska	11106	12158	22.78	22.39	2.127448	528099	627569	1155668	18169	27103	9945	0.347	0.1569	0.8473
14.6.2020 7:52	LaEska	11022	12060	23.95	29.75	2.059853	376274	454362	830636	15554	6138	12653	0.2287	0.1361	0.6671
14.6.2020 8:36	LaEska	11276	12398	15.95	20.68	2.320448	726516	1060013	1786529	20530	29983	26682	0.4292	0.2172	1.0151
14.6.2020 9:25	LaEska	11367	12447	16.83	24.08	2.244882	647443	884882	1532325	19487	16289	18786	0.3532	0.1984	0.8952
14.6.2020 9:57	LaEska	10223	11249	21.4	29.16	1.87665	299734	437377	737112	13877	4438	9009	0.1878	0.1792	0.6598
14.6.2020 10:37	LaEska	10823	12007	16.91	24.13	2.333809	539873	806971	1346843	18413	14077	23771	0.2548	0.1998	0.8607
14.6.2020 11:20	LaEska	10989	12197	15	21.68	2.414657	628595	1029579	1658175	19421	18715	20813	0.274	0.2557	0.9809
14.6.2020 12:49	LaEska	11448	12560	17.13	22.14	2.3513	698756	929354	1628110	20340	29351	25118	0.4061	0.2039	0.956
14.6.2020 13:32	LaEska	10921	12047	16.83	22	2.229823	593362	863375	1456737	18960	19573	18685	0.2866	0.2156	0.923
14.6.2020 14:9	LaEska	10901	11881	22.7	23.26	1.927044	528820	615147	1143968	17864	20074	9206	0.2852	0.1533	0.8129
14.6.2020 14:46	LaEska	10723	11861	20.21	28.78	2.238439	381145	523017	904162	15724	6952	9446	0.1939	0.1831	0.7074
14.6.2020 15:19	LaEska	10193	11127	18.29	22.67	1.672194	485694	680009	1165703	16614	13513	13093	0.1595	0.1958	0.8423
14.6.2020 15:54	LaEska	10706	11748	23.67	26.66	2.028578	419115	512644	931758	16265	10144	12364	0.2262	0.146	0.7159
14.6.2020 16:31	LaEska	10837	11881	19.87	22.43	2.071966	535006	695171	1230177	18118	22629	14519	0.2441	0.1786	0.87
14.6.2020 17:11	LaEska	10739	11817	17.51	24.62	2.110368	532901	747120	1280020	17901	13993	23359	0.2301	0.1974	0.8392
14.6.2020 17:45	LaEska	10286	11384	17.91	24.9	2.063606	431051	664851	1095902	16479	8638	12470	0.1585	0.2048	0.7951
14.6.2020 18:24	LaEska	10837	11965	19.04	28.09	2.268952	427012	596093	1023105	16547	7069	11209	0.1973	0.1879	0.7454
14.6.2020 19:6	LaEska	11142	12286	15.97	22.45	2.310711	579518	898492	1478010	18746	16171	22636	0.2732	0.2238	0.9393
14.6.2020 19:41	LaEska	10361	11395	19.78	23.26	1.920749	442795	621797	1064592	16586	14711	10333	0.1757	0.1887	0.8107
14.6.2020 20:22	LaEska	10822	11996	15.73	20.35	2.26871	594079	956733	1550812	19031	26607	31783	0.2897	0.221	0.9935
14.6.2020 21:9	LaEska	11381	12625	16.72	22.74	2.597581	627224	924132	1551356	19946	23061	21549	0.4037	0.1998	0.9304
14.6.2020 21:48	LaEska	11020	12046	21.46	30	2.064134	398803	496700	895503	15840	6204	15496	0.2121	0.1608	0.6871
14.6.2020 22:33	LaEska	11287	12427	17.74	21.72	2.342784	621264	861390	1482654	19616	25680	18463	0.3839	0.1885	0.9367
14.6.2020 23:16	LaEska	11154	12302	17.42	24.94	2.367235	537073	772298	1309371	18378	13285	24304	0.2907	0.1915	0.847
14.6.2020 23:57	LaEska	11033	12249	17.31	26.04	2.508727	494303	738990	1233293	17891	11066	17300	0.2258	0.201	0.822
15.6.2020 0:38	LaEska	10910	11934	16.73	21.39	1.971078	673639	912037	1585676	19351	26881	23017	0.3677	0.2054	0.943
15.6.2020 1:20	LaEska	11033	12253	17.31	24.94	2.513517	515069	768447	1283516	18249	13312	18708	0.2442	0.1996	0.8469
15.6.2020 1:53	LaEska	10192	11206	19.9	28.01	1.813615	377391	527972	905363	15306	6545	14561	0.1174	0.1722	0.6946
15.6.2020 3:5	LaEska	10273	11435	18.62	26.92	2.179669	391267	595639	986906	15921	7330	10113	0.1516	0.1958	0.742
15.6.2020 3:53	LaEska	11475	12673	15.5	25.46	2.536585	610768	930188	1540956	19268	12876	22783	0.2982	0.2273	0.8954
15.6.2020 4:28	LaEska	10269	11455	15.78	23.08	2.221053	460163	815926	1276088	17051	12453	18262	0.1582	0.2385	0.8815
15.6.2020 8:45	LaEska	10924	11872	18.78	20.88	1.829319	693449	815632	1509081	19469	35783	24337	0.3109	0.1757	0.9366
15.6.2020 9:26	LaEska	11311	12419	21.72	27.38	2.277948	473345	570380	1043725	17426	12745	9439	0.2953	0.1509	0.7496
15.6.2020 10:3	LaEska	10837	11983	19.87	22.39	2.316167	535395	712775	1248170	18449	24293	15844	0.2577	0.178	0.8721
15.6.2020 10:45	LaEska	10782	12060	15.26	21.71	2.528921	549367	960950	1510318	18710	16631	18615	0.2515	0.247	0.9588
15.6.2020 11:24	LaEska	10655	11737	17.4	25.94	2.084212	484933	701922	1186854	17188	9720	18088	0.1631	0.2069	0.7985
15.6.2020 12:10	LaEska	11319	12633	15.34	21.87	2.7339	651643	1060261	1711904	20303	24180	22770	0.3957	0.2336	0.9853
15.6.2020 12:59	LaEska	11454	12622	16.25	22.57	2.45669	663472	970774	1634246	20072	20815	18641	0.3756	0.2117	0.9524
15.6.2020 13:40	LaEska	11215	12273	18.31	20.1	2.125062	696577	874405	1570982	20187	42840	28347	0.3713	0.1844	0.9776
15.6.2020 14:20	LaEska	10655	11777	15.96	25.93	2.160845	504891	787391	1292282	17405	9436	19445	0.1789	0.2327	0.8282
15.6.2020 14:52	LaEska	10017	11021	18.12	23.3	1.800269	434189	657276	1091465	16151	11576	15207	0.1099	0.1984	0.8166
15.6.2020 15:36	LaEska	11164	12220	21.95	20.31	2.172323	609328	722801	1332129	19355	57859	21086	0.4529	0.1498	0.9319
15.6.2020 16:9	LaEska	10481	11397	21.81	25.28	1.672958	406272	522444	928716	15638	10728	10043	0.146	0.1644	0.742
15.6.2020 16:49	LaEska	11301	12387	22.81	23.45	2.256423	548897	636283	1185179	18591	26191	8910	0.3572	0.1517	0.834
15.6.2020 17:27	LaEska	11207	12217	21.76	22.54	2.050414	598272	680845	1279117	18946	35086	18361	0.3585	0.1548	0.8647
15.6.2020 18:5	LaEska	10827	11847	22.42	29.16	1.99393	379184	476143	855327	15499	6358	11563	0.175	0.1591	0.6827
15.6.2020 18:42	LaEska	10837	11927	20.64	21.75	2.177793	524429	677452	1201880	18144	26710	14497	0.2608	0.1759	0.8788
15.6.2020 19:19	LaEska	10604	11734	20.59	28.48	2.180309	378479	519833	898312	15693	7146	10512	0.1648	0.1717	0.7048
15.6.2020 20:6	LaEska	11416	12628	16.38	20.61	2.579399	708356	1050250	1758607	20894	31787	29144	0.4318	0.2082	1.01
15.6.2020 20:42	LaEska	10771	11795	24.76	29.98	2.019537	364092	444524	808617	15240	5979	8843	0.2072	0.1394	0.6521
15.6.2020 21:20	LaEska	10404	11648	16.72	21.87	2.358806	499774	820397	1320171	17948	18066	17483	0.2578	0.2125	0.8991
15.6.2020 21:59	LaEska	11314	12418	21.99	26.58	2.268028	468902	566796	1035698	17367	14022	12885	0.2808	0.1505	0.763
15.6.2020 22:42	LaEska	11070	12252	15.15	20.61	2.388225	677094	1065041	1742135	19949	25907	25573	0.3181	0.249	1.0246
15.6.2020 23:23	LaEska	11212	12160	17.81	21.87	1.894691	744373	871673	1616047	19841	25281	20223	0.3481	0.201	0.9289
15.6.2020 23:55	LaEska	10244	11308	23.52	28.95	1.969074	296656	422972	719628	14011	5301	8611	0.1293	0.1497	0.6489
16.6.2020 0:32	LaEska	11016	12128	21.47	24.7	2.277998	465675	605109	1070784	17362	16337	14297	0.279	0.1535	0.802
16.6.2020 1:4	LaEska	10285	11301	23.33	28.38	1.875197	332478	447420	779898	14575	5980	7813	0.145	0.1618	0.6624
16.6.2020 1:49	LaEska	11331	12423	15	21.25	2.234687	785415	1119465	1904880	20489	25615	30092	0.3528	0.2456	1.0246
16.6.2020 2:32	LaEska	10921	12127	15.26	20.67	2.398444	628059	1018938	1646996	19471	23541	19955	0.3003	0.2508	1.0033
16.6.2020 3:14	LaEska	11272	12276	19.16	21.25	2.055781	689270	833542	1522813	19980	34568	20252	0.4075	0.1675	0.9376
16.6.2020 3:56	LaEska	10921	12047	19.25	24.11	2.249721	498315	678371	1176686	17809	15660	19694	0.2513	0.1789	0.8267
16.6.2020 4:43	LaEska	11312	12486	18.76	24.53	2.406545	498990	683942	1182932	17966	15196	13323	0.3103	0.1875	0.8335
16.6.2020 5:23	LaEska	11036	12170	18.8	22.95	2.326713	551496	748910	1300406	18639	19304	14090	0.2801	0.1892	0.8817
16.6.2020 6:5	LaEska	11066	12240	17.69	25.93	2.406364	509168	728486	1237654	18013	12002	12429	0.2724	0.1968	0.8229
16.6.2020 6:43	LaEska	10923	11965	18.87	28.88	2.038897	417818	573042	990860	16134	7449	11698	0.1774	0.1813	0.7334
16.6.2020 7:14	LaEska	10200	11282	23.54	28.18	2.005074	339919	461560	801480	14838	6393	9165	0.2177	0.1468	0.6621
16.6.2020 8:1	LaEska	11475	12475	21.82	26.02	2.08251	516865	595313	1112178	17775	14535	17566	0.2909	0.1501	0.7875
16.6.2020 8:38	LaEska	10722	11790	21.11	27.74	2.103627	411833	541877	953711	16218	7934	13416	0.1791	0.1607	0.7234
16.6.2020 9:11	LaEska	10285	11357	20.67	22.69	1.971665	444891	606996	1051887	16686	20357	17207	0.2239	0.1749	0.8101
16.6.2020 9:48	LaEska	10837	11899	20.15	23.57	2.11584	513545	666504	1180049	17866	17709	13198	0.2315	0.1762	0.8353
16.6.2020 10:20	LaEska	10141	11177	17.91	22.49	1.898763	469387	708460	1177847	16839	15136	18991	0.1292	0.2038	0.8508
16.6.2020 10:59	LaEska	10748	11834	16.28	23.3	2.120213	584607	863241	1447848	18501	14604	19289	0.2016	0.2228	0.8958
16.6.2020 11:36	LaEska	10838	11782	18.08	24.83	1.800063	590001	731833	1321834	18019	14075	18850	0.257	0.1824	0.8267
16.6.2020 12:16	LaEska	10827	11889	15.79	21.72	2.042981	614071	938465	1552536	18684	18089	16822	0.346	0.2228	0.9491
16.6.2020 12:51	LaEska	10723	11801	21.72	27.38	2.100308	420240	539177	959417	16397	9369	8644	0.1896	0.1593	0.7232
16.6.2020 13:29	LaEska	11071	12167	22.05	28.76	2.225417	429430	528859	958289	16608	8655	5355	0.265	0.1616	0.7106
16.6.2020 14:7	LaEska	11081	12087	21.49	27.64	2.024524	467153	562562	1029715	16954	9628	8620	0.2907	0.1599	0.739
16.6.2020 14:46	LaEska	10837	11945	19.87	22.43	2.225454	520992	694443	1215434	18131	22421	14460	0.2442	0.1809	0.8705
16.6.2020 15:31	LaEska	10911	12141	16.21	21.76	2.459156	561894	908752	1470645	18920	20483	18427	0.2916	0.2159	0.947
16.6.2020 16:10	LaEska	10908	11952	19.87	24.51	2.0723	499651	644099	1143750	17525	15143	13476	0.2365	0.1821	0.8155
16.6.2020 16:52	LaEska	11144	12322	16.64	22.12	2.41441	613736	898494	1512229	19459	22049	18376	0.3039	0.2191	0.94
16.6.2020 17:34	LaEska	11293	12353	19.51	21.25	2.179528	626680	775620	1402299	19485	29327	24628	0.3521	0.1756	0.9239
16.6.2020 18:15	LaEska	10837	11997	18.97	23.26	2.34509	512965	715452	1228417	18108	17350	14068	0.2421	0.1903	0.8584
