10878	375	2966	19.8237	23.9647	1756	17.4216	5	531	19	77	57	5	1.10477e+06	5.8292e-05	0.2218	
11306	194	2972	23.3815	22.5078	1832	14.1106	5	532	7	79	40	6	1.28909e+06	5.4609e-05	0.3951	
11253	155	3028	17.4511	27.0141	1786	18.6942	8	525	3	58	69	5	1.4785e+06	5.89623e-05	0.2891	
9823	175	3041	21.7777	29.6281	1816	16.3858	7	501	14	70	43	6	1.38227e+06	0.000117028	0.2193	
11131	344	3007	24.1066	23.3176	1844	14.6951	9	529	7	62	60	6	1.05275e+06	5.70223e-05	0.3032	
10359	143	3010	17.3388	22.0577	1742	17.5395	9	507	3	60	53	4	1.5696e+06	6.0794e-05	0.3236	
11246	247	3021	19.6356	22.4084	1857	14.5418	9	517	15	56	52	6	1.13009e+06	5.49239e-05	0.2996	
11292	370	2966	17.6875	24.9162	1756	18.8267	7	526	4	81	52	5	1.13009e+06	5.49239e-05	0.2996	
10673	286	2970	21.9441	21.8317	1805	17.9749	6	513	2	71	73	5	1.1552e+06	5.97051e-05	0.2871	
10289	250	2987	18.5004	26.0244	1849	15.8383	5	519	12	76	27	5	1.25613e+06	6.26331e-05	0.1952	
10134	382	2969	18.6984	23.5571	1814	18.5263	6	535	0	74	46	5	1.18873e+06	6.42674e-05	0.2064	
10701	257	3012	19.9875	20.9709	1850	15.6236	8	520	16	64	50	3	1.21328e+06	5.56545e-05	0.2754	
10401	325	3039	19.3258	23.5869	1831	14.2074	5	523	7	60	36	5	1.44795e+06	6.52443e-05	0.2851	
10059	157	3027	23.6409	22.2365	1876	16.2707	10	525	15	73	13	5	1.44795e+06	6.52443e-05	0.2851	
11329	264	2996	22.9166	25.1802	1745	16.8834	5	519	5	72	65	6	1.42038e+06	6.01793e-05	0.2948	
10104	175	3025	20.9871	20.3456	1788	15.447	5	514	10	67	22	4	1.42038e+06	6.01793e-05	0.2948	
11206	151	2992	16.5517	24.0892	1829	15.9352	8	534	15	80	72	4	1.52818e+06	5.73789e-05	0.3474	
10230	339	3026	22.0379	28.1277	1748	14.2821	10	499	15	84	69	5	1.10963e+06	7.01656e-05	0.2001	
11376	144	2966	24.0402	24.5082	1793	14.9565	5	532	14	66	52	5	1.42731e+06	5.94955e-05	0.3594	
10616	229	2951	17.3422	24.7168	1871	14.1125	4	506	4	84	8	5	1.31722e+06	5.70548e-05	0.3096	
11416	377	3041	16.3829	20.5116	1708	14.6539	7	513	10	77	11	4	1.20852e+06	4.77304e-05	0.4649	
10985	387	3049	24.3612	29.9848	1708	18.2245	6	512	5	60	22	4	1.01394e+06	6.41643e-05	0.2731	
10200	334	3020	24.7604	29.2284	1840	18.8779	6	511	12	59	65	4	1.09437e+06	7.2812e-05	0.1418	
11303	189	3045	18.583	25.3904	1823	18.0106	8	503	11	74	47	5	1.3461e+06	5.48908e-05	0.4016	
10230	136	3011	18.714	28.3965	1893	17.7604	10	534	8	75	41	6	1.54838e+06	6.88042e-05	0.2514	
11141	237	3000	15.9422	23.0847	1769	14.8581	8	512	4	64	42	5	1.34967e+06	5.24054e-05	0.3531	
11285	245	3004	23.2777	20.775	1899	18.8594	5	534	16	55	3	4	1.18469e+06	5.16209e-05	0.3723	
10049	303	2976	23.1062	28.4233	1756	16.0505	4	522	14	65	18	6	1.14234e+06	7.09622e-05	0.162	
11229	381	2981	23.9534	29.7508	1759	15.2159	6	524	8	58	11	6	1.00598e+06	6.22975e-05	0.2797	
11322	187	2999	18.119	26.031	1860	18.1194	8	498	5	63	5	4	1.35958e+06	5.49662e-05	0.4328	
11374	117	3044	16.7379	23.7187	1760	14.1673	8	508	2	75	67	6	1.68654e+06	6.12107e-05	0.4418	
10155	165	3007	18.5947	25.5285	1849	16.6938	10	508	7	79	21	6	1.35098e+06	6.4189e-05	0.1731	
10516	168	2971	22.3193	26.9079	1780	18.6245	10	533	6	62	26	5	1.35098e+06	6.4189e-05	0.1731	
11141	368	3037	17.3101	24.9432	1716	18.6787	6	520	16	65	31	5	1.15357e+06	5.44188e-05	0.2775	
10751	245	3005	19.5132	29.9696	1880	16.6342	9	513	1	71	41	4	1.18917e+06	6.34196e-05	0.2364	
10291	320	2967	19.3249	23.3986	1722	14.4042	7	512	5	78	73	5	1.18419e+06	6.43749e-05	0.2158	
11360	301	2972	19.0202	21.7694	1810	14.8646	8	516	17	79	33	4	1.15566e+06	5.10152e-05	0.4313	
9848	314	3038	19.9449	22.6529	1738	14.5071	9	513	8	81	72	5	1.25986e+06	0.00010287	0.2613	
9857	333	3046	20.6922	25.6769	1720	16.426	9	515	11	82	25	4	1.21475e+06	0.000103509	0.2453	
11496	271	3044	19.3183	22.3728	1890	16.8306	7	508	3	64	52	5	1.18984e+06	5.07074e-05	0.4869	
10262	256	2961	18.9611	23.2541	1750	17.6309	6	504	8	68	23	5	1.24676e+06	6.01251e-05	0.2455	
10078	380	3043	16.2342	23.6515	1773	18.0202	7	524	6	85	74	5	1.30914e+06	6.73537e-05	0.2666	
10577	224	3029	16.3184	24.8867	1899	16.1493	9	516	4	64	43	4	1.36058e+06	5.79072e-05	0.2346	
10836	393	3034	17.6738	27.3501	1890	18.3146	8	498	3	77	48	4	1.13879e+06	5.91401e-05	0.303	
10750	212	3017	17.1356	26.2126	1867	15.5023	10	497	11	80	52	5	1.33731e+06	5.89206e-05	0.2989	
10862	313	3012	17.0558	25.2258	1894	14.5905	5	514	20	66	22	4	1.20667e+06	5.54754e-05	0.2679	
10206	339	3039	18.0485	23.6386	1724	16.4138	6	497	19	62	12	5	1.20478e+06	5.90214e-05	0.2375	
10404	108	2987	19.994	22.2298	1886	16.434	6	502	18	59	47	6	1.66834e+06	6.7861e-05	0.4692	
10200	293	2953	17.7675	23.4599	1747	15.2476	8	534	11	68	23	3	1.24058e+06	6.10911e-05	0.1588	
10029	384	2965	21.3102	23.5502	1716	18.2754	6	530	4	57	19	3	1.12602e+06	6.49519e-05	0.1248	
10883	247	2977	18.4113	24.2435	1744	16.8615	7	516	4	73	6	4	1.2344e+06	5.51907e-05	0.3227	
10157	152	3016	19.6884	26.5787	1800	14.7354	6	495	2	85	25	4	1.46667e+06	6.52912e-05	0.2731	
9992	316	3009	22.7773	24.3135	1731	18.4482	5	500	18	68	50	5	1.15456e+06	7.01115e-05	0.1854	
10095	324	2963	15.2479	27.431	1866	16.9471	7	500	12	73	31	4	1.33843e+06	6.52912e-05	0.2191	
11395	209	3018	20.1019	25.9708	1850	16.9795	8	526	18	84	15	4	1.24903e+06	5.45494e-05	0.3491	
10311	341	3004	22.9205	22.3256	1848	17.7266	4	526	20	75	42	5	1.13083e+06	6.26135e-05	0.2565	
10769	152	2952	17.5901	29.8162	1851	18.6763	7	527	14	62	63	5	1.48479e+06	6.5591e-05	0.2044	
9994	313	2960	15.8346	23.2854	1818	18.8198	10	527	8	63	62	5	1.37078e+06	6.70961e-05	0.2828	
10897	345	2970	20.6736	28.2183	1834	15.5443	6	533	11	67	50	3	1.07547e+06	6.17932e-05	0.1888	
10585	245	2988	19.2181	23.3494	1874	17.4321	9	528	2	82	13	5	1.24059e+06	5.69995e-05	0.277	
10948	197	3012	22.2503	22.7181	1844	15.9799	6	520	14	71	58	6	1.28902e+06	5.69152e-05	0.3119	
10609	167	3028	17.7613	20.3702	1822	15.0784	9	535	11	70	33	6	1.47325e+06	5.54324e-05	0.292	
10699	157	2970	22.6689	29.5569	1786	15.0798	6	531	1	70	65	3	1.18989e+06	5.26926e-05	0.3124	
11202	294	2952	17.736	22.6569	1703	16.4986	8	529	20	84	27	4	1.18989e+06	5.26926e-05	0.3124	
11050	275	3011	18.9359	24.1497	1890	15.1131	5	514	15	83	21	5	1.18803e+06	5.41301e-05	0.3612	
10835	262	2960	17.2753	21.755	1823	18.8719	9	518	4	60	33	4	1.26662e+06	5.38329e-05	0.317	
10877	356	2960	19.66	26.0202	1777	16.1593	10	514	10	84	7	4	1.09227e+06	5.78536e-05	0.3072	
10075	230	3026	19.0813	24.6333	1880	15.6791	10	518	4	57	32	4	1.28015e+06	6.31273e-05	0.1671	
10082	136	2996	19.2265	23.8815	1759	18.0774	6	528	11	80	54	5	1.56661e+06	6.84603e-05	0.246	
11143	392	3033	21.3026	24.521	1761	18.6133	10	506	1	63	62	4	1.05532e+06	5.66958e-05	0.3709	
10808	229	2994	19.7086	20.0468	1784	18.5529	7	513	2	68	53	5	1.27817e+06	5.45227e-05	0.3367	
10970	228	3021	17.789	25.7571	1745	15.2999	9	505	15	56	25	5	1.27416e+06	5.61514e-05	0.2989	
9830	183	3049	17.4227	29.1379	1759	15.9505	5	498	10	69	51	4	1.45602e+06	0.000110047	0.214	
10278	107	2956	20.2606	28.0494	1754	14.5491	5	496	2	77	12	5	1.64731e+06	7.27061e-05	0.437	
10947	333	3011	15.3123	29.2101	1827	18.3161	8	509	16	63	74	5	1.28061e+06	6.17055e-05	0.2002	
10438	324	2963	23.1265	28.5082	1761	17.888	9	531	0	84	16	5	1.09021e+06	6.64364e-05	0.2175	
11246	336	3015	17.772	23.117	1782	16.1298	7	519	7	65	34	4	1.16075e+06	5.20129e-05	0.3725	
10293	328	3000	24.4227	22.7954	1807	16.9464	6	533	8	63	18	4	1.11443e+06	6.26331e-05	0.2414	
10194	359	2995	23.7851	23.4735	1876	14.7427	8	505	6	61	37	5	1.1021e+06	6.42591e-05	0.2955	
10406	113	2950	19.6204	20.7487	1863	18.6892	5	535	11	62	10	5	1.64537e+06	6.52656e-05	0.5208	
10271	214	3012	20.3582	25.3568	1898	17.5888	4	530	18	80	63	5	1.29172e+06	6.63482e-05	0.2133	
10040	204	3049	21.442	23.3167	1737	18.7686	6	512	1	62	26	6	1.25863e+06	6.29089e-05	0.1996	
10060	265	2991	18.2786	24.4611	1768	17.8794	6	499	6	63	24	4	1.25863e+06	6.29089e-05	0.1996	
10650	157	2951	23.4271	29.5008	1843	14.1482	7	526	3	65	26	6	1.37931e+06	6.64982e-05	0.2275	
10621	110	3029	24.9374	21.216	1705	17.7657	9	530	2	74	52	3	1.19978e+06	8.42744e-05	0.2486	
9921	362	2970	20.4739	23.9803	1798	14.3016	5	516	7	82	72	3	1.19978e+06	8.42744e-05	0.2486	
10182	275	2997	19.169	27.6136	1726	18.6899	8	496	7	74	18	6	1.2023e+06	6.5066e-05	0.2008	
9958	172	3032	17.9777	25.4859	1809	17.7066	7	525	5	62	54	4	1.47381e+06	7.07564e-05	0.2444	
10033	350	3032	21.1082	25.6137	1710	18.6044	8	528	4	85	74	5	1.16847e+06	7.37463e-05	0.2401	
11476	390	3021	16.95	27.1595	1877	15.5947	6	535	12	58	73	4	1.14147e+06	5.57134e-05	0.2519	
10822	136	3031	23.6173	20.8528	1734	15.7927	7	503	4	78	67	3	1.49037e+06	6.05217e-05	0.4148	
11200	277	3048	15.5316	23.8115	1739	17.0307	5	528	0	77	7	6	1.30855e+06	5.13584e-05	0.3196	
10360	185	2954	19.0564	23.6102	1853	14.966	8	525	20	76	17	3	1.37867e+06	6.00024e-05	0.2337	
10696	308	3009	20.8082	20.7145	1890	18.2844	9	509	19	61	20	4	1.14896e+06	5.44247e-05	0.3646	
9972	317	3050	16.3356	22.0063	1788	17.3759	6	502	20	68	23	4	1.31874e+06	6.38407e-05	0.2156	
10267	154	3029	23.3794	28.3305	1763	16.8284	6	534	12	56	20	5	1.40319e+06	6.79948e-05	0.1201	
10631	254	3025	24.1473	21.2549	1806	18.3024	9	523	16	63	21	4	1.16614e+06	5.78737e-05	0.2968	
10577	196	2988	21.0327	29.8809	1711	18.3165	6	497	2	56	68	3	1.26579e+06	6.77553e-05	0.2014	
11376	187	3027	18.0427	28.7953	1750	15.4978	5	513	4	69	41	3	1.34565e+06	5.80181e-05	0.3246	
10129	143	3028	23.2976	24.8707	1861	15.5832	7	535	19	81	58	4	1.49181e+06	7.03136e-05	0.2296	
11449	121	3027	21.8387	20.6126	1787	15.4866	8	521	14	76	5	5	1.57032e+06	5.96801e-05	0.5598	
11101	273	3011	20.8223	23.6965	1715	17.9845	7	519	10	55	36	5	1.14634e+06	5.52975e-05	0.3202	
10916	297	3015	24.69	21.0365	1739	18.304	10	509	14	78	61	4	1.10437e+06	5.76967e-05	0.3814	
10599	195	2981	24.2402	28.3117	1812	18.1977	9	530	12	66	38	5	1.24388e+06	6.61813e-05	0.1761	
9951	106	3007	18.8732	26.738	1734	14.7044	4	497	3	65	57	4	1.72738e+06	7.76096e-05	0.3164	
10454	167	3014	20.8323	20.1744	1841	15.2775	5	526	13	71	30	5	1.43336e+06	5.76402e-05	0.2977	
10315	133	2988	23.1655	27.0376	1733	17.8211	10	503	4	65	46	6	1.48817e+06	6.8918e-05	0.2471	
10218	118	3013	23.4466	24.9229	1871	15.3357	5	515	13	60	21	4	1.57916e+06	6.87569e-05	0.2894	
11253	219	3029	17.756	23.274	1739	14.0795	10	515	15	71	25	6	1.30562e+06	5.1994e-05	0.3765	
11309	347	3027	18.8624	23.2822	1870	17.6515	7	531	12	74	58	5	1.04227e+06	5.53833e-05	0.3524	
11302	394	2953	21.4636	25.0163	1720	14.9267	5	522	3	60	10	5	1.04227e+06	5.53833e-05	0.3524	
9889	245	2994	22.9214	25.3935	1880	17.2486	8	500	10	59	59	4	1.22197e+06	8.05867e-05	0.2036	
10799	282	2967	15.9164	29.2716	1810	15.5733	4	506	13	56	21	5	1.27878e+06	6.08458e-05	0.2338	
10792	340	3014	15.6039	29.6892	1781	17.4282	9	507	18	65	74	5	1.26825e+06	6.37024e-05	0.1823	
10841	387	3047	15.4484	22.7081	1817	18.9246	9	523	4	76	54	5	1.26039e+06	5.46837e-05	0.2601	
11048	208	2961	16.5415	21.2262	1893	15.2265	5	532	0	61	39	5	1.4065e+06	5.17786e-05	0.346	
11271	380	3041	18.9249	25.54	1859	18.5199	8	508	0	81	71	3	1.42528e+06	5.17464e-05	0.3466	
11278	196	2981	16.2798	22.6253	1854	16.9648	5	527	20	64	37	5	1.42528e+06	5.17464e-05	0.3466	
11142	321	3000	15.8463	27.1556	1890	15.1055	8	527	8	68	6	6	1.22927e+06	5.52029e-05	0.2789	
10239	377	3027	23.9477	25.4556	1775	15.9493	9	522	17	60	3	4	1.07755e+06	6.43045e-05	0.2276	
10848	230	3013	20.5397	22.9514	1880	18.992	4	525	15	68	41	5	1.11615e+06	5.47615e-05	0.4099	
10826	310	2992	23.8721	20.1744	1866	14.1721	9	522	12	71	9	4	1.11615e+06	5.47615e-05	0.4099	
11412	207	3034	20.8187	28.6193	1860	16.7391	8	510	16	68	57	5	1.22376e+06	5.84898e-05	0.3264	
11209	361	3005	22.449	29.1561	1763	16.3101	6	522	17	66	67	3	1.02873e+06	6.19387e-05	0.2352	
10409	268	2972	19.889	25.2765	1864	18.4376	8	523	6	73	19	6	1.19327e+06	6.10314e-05	0.2205	
10643	373	2992	24.4782	24.9749	1802	17.851	8	523	9	58	72	4	1.05339e+06	6.42013e-05	0.1984	
9960	278	2986	18.3285	20.6519	1827	15.4207	5	535	13	65	46	5	1.3011e+06	6.67379e-05	0.2334	
11144	225	2996	23.1949	23.9389	1877	15.8099	7	509	19	80	16	5	1.19553e+06	5.57103e-05	0.3975	
11470	224	3007	20.6004	25.2776	1788	16.9528	6	534	4	58	5	5	1.21357e+06	5.36251e-05	0.3388	
9918	238	3005	18.3096	25.5429	1704	16.7111	7	529	11	57	33	6	1.31946e+06	7.36106e-05	0.2019	
10272	180	3050	16.2526	24.3429	1807	16.6345	10	497	15	67	25	5	1.48903e+06	5.91786e-05	0.2623	
10718	110	3019	18.8034	27.107	1818	16.1471	8	524	7	71	70	4	1.652e+06	6.91228e-05	0.4089	
9813	357	2974	16.0935	25.4561	1779	16.5788	5	504	10	77	30	5	1.35874e+06	0.000118078	0.2482	
11053	225	2968	24.8565	26.7398	1891	15.1721	5	522	6	85	56	4	1.16688e+06	6.14364e-05	0.3049	
10025	289	3026	17.1083	27.6543	1865	18.4884	5	499	6	78	4	4	1.27014e+06	6.73627e-05	0.2189	
10349	106	3036	24.5848	29.289	1891	17.2461	9	503	19	62	20	4	1.62589e+06	7.47217e-05	0.3439	
10885	392	2974	20.2893	26.9673	1884	15.8047	5	500	9	66	19	5	1.07535e+06	5.89553e-05	0.3393	
11413	311	2954	24.7353	23.3763	1843	18.7159	6	527	17	70	60	3	1.06258e+06	5.61136e-05	0.3419	
11381	336	3004	23.8998	23.3772	1867	18.6772	7	510	5	66	57	6	1.06085e+06	5.52425e-05	0.4144	
10327	327	2979	24.1096	20.8741	1774	14.4393	5	497	8	66	7	3	1.12519e+06	5.97836e-05	0.3787	
10221	313	2967	19.9892	27.9643	1877	17.2469	6	523	2	59	58	3	1.15881e+06	6.79763e-05	0.1669	
9951	240	2996	20.505	28.3103	1843	18.105	8	532	5	60	57	3	1.25242e+06	7.62544e-05	0.2311	
10269	371	2995	20.3616	20.8149	1875	17.4373	8	525	5	61	63	5	1.15532e+06	6.11023e-05	0.2051	
10146	386	3006	23.0447	22.1562	1760	14.8156	9	517	2	67	75	6	1.12192e+06	6.66445e-05	0.2235	
10498	228	2968	18.307	23.178	1763	16.5912	9	499	10	71	11	6	1.2958e+06	5.70028e-05	0.3148	
9866	209	3004	22.482	21.5364	1826	16.5922	10	516	18	56	5	4	1.2976e+06	7.67106e-05	0.1841	
11185	312	3012	22.0342	23.0105	1789	18.2266	6	509	4	77	67	4	1.09882e+06	5.56452e-05	0.3859	
11284	246	3028	17.6253	20.8344	1733	18.8014	9	519	6	72	39	4	1.2746e+06	5.02841e-05	0.4078	
9800	127	3042	15.8054	24.6105	1802	18.6742	6	532	5	83	8	4	1.81936e+06	0.00013177	0.2989	
10711	137	2961	23.552	23.2833	1737	16.7422	9	535	11	63	51	6	1.46425e+06	6.32471e-05	0.2537	
9810	102	3002	24.5332	23.387	1884	15.0114	10	507	17	66	63	6	1.79203e+06	0.000108401	0.2747	
10634	338	2993	18.1675	22.8074	1822	16.1238	9	501	6	81	27	6	1.17878e+06	5.59973e-05	0.349	
11141	339	3010	17.6946	29.5162	1861	14.1854	8	510	13	82	2	6	1.64042e+06	5.6899e-05	0.4332	
10738	142	3005	16.0015	20.4556	1859	15.9753	5	497	18	63	58	4	1.64042e+06	5.6899e-05	0.4332	
9850	162	2981	21.2423	29.6326	1805	16.1476	6	530	18	58	15	5	1.42693e+06	9.68523e-05	0.2254	
11315	331	3022	16.6515	21.9854	1767	18.7811	9	504	3	81	14	5	1.21448e+06	5.00927e-05	0.474	
10565	197	2957	21.7902	26.9256	1736	18.0995	8	498	15	67	65	4	1.2623e+06	6.51211e-05	0.2346	
9832	344	3045	17.9013	22.5192	1762	17.2747	9	519	14	80	66	3	1.30418e+06	0.000108909	0.2722	
10789	230	3032	22.2981	22.6997	1768	17.0024	7	528	12	69	70	4	1.20696e+06	5.90388e-05	0.244	
10140	161	2982	21.2513	26.9806	1846	14.1468	8	529	7	69	62	5	1.41905e+06	6.99643e-05	0.2138	
10050	391	2986	19.069	23.2255	1898	14.5117	6	511	14	75	52	5	1.18088e+06	6.56728e-05	0.2241	
10987	187	2953	22.2485	29.877	1744	14.898	6	511	18	61	15	4	1.26226e+06	6.34558e-05	0.253	
10690	345	2995	23.4688	21.0739	1849	14.5552	10	511	17	83	8	3	1.08819e+06	5.63476e-05	0.3956	
9900	122	3021	19.7994	25.9958	1724	18.171	9	505	10	62	11	5	1.6202e+06	7.8964e-05	0.203	
10679	118	2991	18.1334	25.2152	1766	17.2692	9	496	2	80	24	5	1.61713e+06	6.46371e-05	0.4547	
10330	286	2957	17.8119	21.873	1701	14.747	4	529	14	85	8	5	1.25928e+06	5.79878e-05	0.2284	
10041	163	2969	19.8367	27.8025	1775	17.9112	8	525	17	79	36	4	1.43824e+06	7.19476e-05	0.2211	
10592	221	3043	21.969	22.297	1842	18.4839	8	500	3	79	4	5	1.24789e+06	5.65451e-05	0.3876	
10199	390	2961	19.2097	23.9668	1732	17.104	9	520	15	74	13	6	1.14885e+06	6.16827e-05	0.1974	
11035	208	2989	18.2783	26.608	1749	18.9655	6	505	5	65	63	4	1.29832e+06	5.87889e-05	0.2861	
10193	274	3026	18.2947	22.1667	1715	15.8408	10	519	17	56	39	5	1.25193e+06	6.00096e-05	0.1416	
10231	342	2985	16.8829	28.8401	1830	17.957	4	523	3	72	24	5	1.23407e+06	6.53808e-05	0.2008	
10070	108	2967	19.6736	21.3456	1881	17.5749	9	526	3	59	18	5	1.66888e+06	6.85965e-05	0.5128	
10372	171	2959	23.4093	27.9358	1718	15.7771	8	533	1	74	58	4	1.34202e+06	6.93001e-05	0.187	
10324	321	3003	16.5666	27.5018	1712	14.5645	6	530	18	65	6	5	1.25043e+06	6.19617e-05	0.1574	
10974	367	2991	20.1226	28.5218	1793	15.6892	7	518	10	59	3	4	1.06664e+06	5.9805e-05	0.2472	
10500	395	2950	18.6593	21.5406	1709	14.4347	6	500	7	82	48	4	1.15845e+06	5.80923e-05	0.3346	
11082	171	2985	17.4668	23.8842	1877	18.7069	5	497	1	62	72	4	1.45055e+06	5.63666e-05	0.3974	
11078	258	2980	19.5465	29.0397	1789	14.4853	10	530	10	65	72	4	1.16373e+06	6.19272e-05	0.2103	
11448	323	2963	16.1095	26.6484	1714	16.5525	6	528	20	74	8	4	1.20439e+06	5.428e-05	0.2869	
10407	307	3004	22.5117	22.2942	1840	18.4885	6	498	6	71	31	5	1.14025e+06	5.98587e-05	0.347	
10934	105	3013	15.5862	25.302	1845	16.2864	6	505	2	64	12	5	1.792e+06	6.60197e-05	0.4723	
10674	391	2953	18.9225	23.7063	1822	14.3935	6	503	12	78	62	5	1.13161e+06	5.91856e-05	0.2992	
10468	226	3017	18.5248	21.935	1782	18.3997	7	524	14	81	12	4	1.30667e+06	5.63952e-05	0.2545	
10198	254	2999	24.3479	20.3012	1787	17.5853	10	505	9	71	38	5	1.1995e+06	6.26331e-05	0.3282	
11409	348	2957	19.976	29.9774	1721	15.8327	6	503	7	58	33	5	1.07002e+06	6.07903e-05	0.3304	
10951	360	3029	17.4433	26.2782	1706	16.4047	7	505	3	84	37	3	1.08353e+06	5.98158e-05	0.3592	
10502	397	3047	23.8703	20.8647	1742	18.6547	9	509	4	82	48	4	1.08353e+06	5.98158e-05	0.3592	
10906	141	2960	23.8182	25.2013	1773	14.896	4	498	5	57	65	4	1.44647e+06	6.31991e-05	0.3687	
10710	385	3020	16.1701	21.8697	1852	18.8757	9	504	1	74	53	4	1.23569e+06	5.49783e-05	0.3212	
10711	357	2973	20.0009	27.986	1825	17.2459	9	513	2	61	11	4	1.08701e+06	6.10575e-05	0.2491	
10051	203	3047	17.2405	22.9577	1759	17.0178	7	528	15	60	32	5	1.41222e+06	6.182e-05	0.1473	
10436	324	2975	22.6112	27.7887	1703	14.0771	8	496	8	57	7	4	1.08838e+06	6.46037e-05	0.2596	
10699	160	3046	19.8011	24.0868	1821	17.5752	5	528	9	57	45	6	1.42757e+06	5.89171e-05	0.2363	
9846	345	3008	16.1626	21.9522	1887	16.1271	8	532	10	74	26	4	1.37726e+06	9.36417e-05	0.3034	
10694	231	2966	22.4495	26.0882	1721	15.8243	5	515	19	57	11	5	1.18931e+06	6.09273e-05	0.2368	
11441	208	2960	17.0117	24.3056	1837	14.8349	6	522	13	84	66	6	1.34741e+06	5.36884e-05	0.3543	
10225	362	2970	16.9902	27.4402	1839	15.9003	8	525	12	60	34	3	1.21828e+06	6.44538e-05	0.1772	
10506	193	2994	18.614	24.5442	1862	16.2723	8	529	20	83	12	3	1.35768e+06	5.87993e-05	0.2363	
10070	121	3023	18.31	24.9008	1833	18.8483	8	500	3	65	43	6	1.63753e+06	6.78334e-05	0.3337	
10124	321	2965	17.7859	26.7345	1723	18.4513	5	510	16	72	59	6	1.23748e+06	6.80133e-05	0.2052	
10622	281	3039	19.0094	24.4421	1805	17.8739	9	532	20	66	54	5	1.67313e+06	7.03284e-05	0.2159	
10878	189	2980	23.0001	24.9632	1894	14.4224	8	521	1	72	53	6	1.67313e+06	7.03284e-05	0.2159	
9918	150	3002	15.3668	24.0079	1721	14.8429	6	500	11	60	17	4	1.67313e+06	7.03284e-05	0.2159	
11294	171	3039	16.1265	22.5993	1859	14.5954	6	529	9	79	68	4	1.49527e+06	5.33362e-05	0.3661	
10335	146	3003	22.509	22.9365	1750	15.2589	8	522	6	71	8	3	1.45324e+06	6.2027e-05	0.2793	
10965	305	3024	15.9057	23.9936	1882	14.8472	6	516	14	70	12	5	1.26651e+06	5.27565e-05	0.3183	
10400	134	3016	19.4988	26.467	1887	18.1844	6	516	18	69	15	5	1.52364e+06	6.42055e-05	0.2859	
10679	166	3010	17.9655	23.2239	1794	18.0728	8	523	4	83	18	6	1.45016e+06	5.6899e-05	0.3208	
11416	232	2983	20.7914	22.5944	1827	16.4542	6	531	11	58	72	5	1.21251e+06	5.35103e-05	0.3263	
10869	188	2971	20.7439	25.7293	1777	14.0131	6	510	9	66	9	4	1.3117e+06	5.81362e-05	0.327	
11236	184	2966	15.8632	21.7733	1741	16.9463	8	520	11	62	41	4	1.47318e+06	5.20454e-05	0.3992	
10468	309	3021	23.227	25.2693	1841	17.2565	10	505	11	77	37	5	1.10434e+06	6.27589e-05	0.2946	
11466	338	3039	22.6902	28.3225	1818	16.0872	4	517	19	59	32	6	1.04194e+06	5.82785e-05	0.336	
10622	168	2952	16.9197	27.5556	1752	15.6967	9	532	13	74	71	5	1.4729e+06	6.47333e-05	0.2218	
11425	283	2987	18.3798	26.9293	1841	14.4723	6	509	7	84	60	6	1.16713e+06	5.61798e-05	0.366	
10492	170	2977	15.0595	24.9374	1818	18.1925	10	531	5	67	72	4	1.5897e+06	6.22975e-05	0.2684	
10626	384	2967	23.5587	25.475	1887	15.1991	8	504	5	68	12	4	1.05044e+06	6.10091e-05	0.3419	
10016	400	2975	19.7413	22.7748	1839	17.6348	10	519	10	77	14	4	1.15847e+06	6.54407e-05	0.2251	
10635	380	2994	18.0357	28.1638	1754	15.389	4	498	3	59	52	3	1.14996e+06	6.24025e-05	0.2433	
10016	200	2977	15.8783	24.3124	1840	17.8206	6	512	17	60	73	5	1.50322e+06	6.71908e-05	0.2654	
10950	369	2970	17.5789	27.3753	1886	16.7621	8	534	17	57	15	3	1.1299e+06	5.77334e-05	0.2003	
10930	258	2989	19.5971	23.5587	1811	15.1427	7	514	2	74	70	3	1.19455e+06	5.71886e-05	0.3126	
10534	190	3016	21.4971	29.5173	1861	15.0655	9	507	6	56	9	3	1.27853e+06	6.43252e-05	0.2363	
11287	347	3030	15.4966	25.4642	1797	16.4585	7	533	3	66	33	5	1.23672e+06	5.31915e-05	0.278	
10410	316	3006	17.8016	20.0845	1709	15.7674	6	518	11	64	28	6	1.23767e+06	5.54262e-05	0.2552	
10432	131	3045	24.9896	20.5609	1788	14.3825	10	534	15	71	48	3	1.5238e+06	6.41026e-05	0.2871	
10966	367	2986	23.3419	23.362	1721	17.1966	7	503	2	84	41	5	1.05749e+06	5.76834e-05	0.3789	
9984	332	2956	24.4381	22.4063	1890	15.7924	8	519	4	75	70	5	1.15432e+06	7.34754e-05	0.2641	
10761	162	3043	21.8363	24.0904	1871	17.5048	5	498	12	64	43	6	1.39789e+06	5.90249e-05	0.3457	
11048	287	3011	20.7285	25.6162	1733	17.7342	6	515	14	62	3	4	1.12454e+06	5.64557e-05	0.3154	
10172	117	2986	18.7407	25.0316	1809	16.0763	4	502	8	84	22	4	1.63384e+06	6.77507e-05	0.4144	
10191	236	3030	16.5322	22.6656	1815	15.2236	10	497	10	55	36	5	1.36252e+06	5.86854e-05	0.2313	
9918	171	2990	21.0922	28.9745	1842	15.259	8	525	3	79	10	4	1.39918e+06	8.92459e-05	0.2536	
10756	301	2973	20.1281	29.2952	1797	16.2419	4	510	10	74	22	5	1.12331e+06	6.27313e-05	0.2365	
11202	241	2995	21.3014	24.4597	1859	18.8018	6	513	6	60	44	5	1.18304e+06	5.56638e-05	0.3598	
10753	329	2991	20.0368	26.4034	1711	15.6749	4	535	1	83	62	5	1.12336e+06	6.19157e-05	0.1946	
11416	340	2954	19.7944	26.1987	1857	15.2449	8	507	6	71	66	4	1.08559e+06	5.63507e-05	0.3822	
11213	249	2999	17.7019	29.2085	1843	16.9023	5	499	12	77	15	3	1.22251e+06	5.87648e-05	0.3336	
10433	188	3015	15.1376	22.1139	1853	17.0748	6	522	7	81	23	5	1.54225e+06	5.62272e-05	0.2776	
11352	379	3026	21.1884	22.9465	1766	16.4926	5	499	14	76	32	4	1.07162e+06	5.28681e-05	0.4645	
11236	153	2998	15.0313	27.6777	1754	16.8811	7	520	9	71	6	5	1.58943e+06	5.81734e-05	0.3517	
11390	366	2964	19.4839	22.7311	1873	16.3777	8	522	15	73	46	5	1.09533e+06	5.22439e-05	0.4004	
10671	367	3038	22.6743	23.4187	1856	15.6821	5	497	10	61	73	5	1.09038e+06	6.02627e-05	0.3042	
11260	134	3006	16.911	20.1197	1823	15.3737	6	500	8	57	19	5	1.61458e+06	5.49089e-05	0.5002	
10566	214	2955	23.7403	25.8718	1709	15.2351	7	498	9	74	35	5	1.21251e+06	6.35364e-05	0.2916	
10264	333	3042	21.7335	28.0662	1869	15.136	10	512	9	71	31	3	1.10821e+06	6.59152e-05	0.2151	
10066	216	3006	22.2451	26.839	1784	15.7414	8	522	9	63	56	3	1.24922e+06	7.0082e-05	0.1646	
10124	349	2969	19.2294	27.8015	1790	18.133	4	532	16	69	61	3	1.46558e+06	6.26213e-05	0.3011	
10505	153	2990	18.9708	25.5713	1794	17.614	5	497	11	84	49	5	1.46558e+06	6.26213e-05	0.3011	
9897	373	3036	22.5164	24.2434	1785	17.2373	9	505	15	84	20	5	1.16417e+06	8.81523e-05	0.2397	
11408	367	2971	21.4985	25.462	1854	17.8853	7	515	9	72	40	4	1.04579e+06	5.54939e-05	0.3998	
11039	313	2996	23.3695	29.888	1710	17.374	8	505	9	85	27	3	1.04972e+06	6.36537e-05	0.2965	
10894	287	2994	20.1895	25.6139	1814	17.3499	9	496	3	83	19	5	1.14125e+06	5.76004e-05	0.3832	
10339	287	3036	19.0054	25.4009	1887	15.4882	6	528	18	76	55	5	1.47316e+06	5.06945e-05	0.3937	
10895	207	2987	15.4787	20.165	1811	16.2624	8	522	5	70	14	6	1.47316e+06	5.06945e-05	0.3937	
10145	149	2975	21.938	29.8652	1798	18.2586	7	498	5	59	67	5	1.4288e+06	7.303e-05	0.1774	
10281	213	3036	19.8599	28.4438	1792	15.8603	5	504	10	56	61	5	1.27464e+06	6.70601e-05	0.1648	
10618	115	2973	19.8322	28.0483	1854	14.1964	5	515	14	62	45	4	1.60596e+06	6.8975e-05	0.3548	
10857	260	3036	17.076	22.5559	1802	18.144	7	501	18	77	72	4	1.27912e+06	5.59503e-05	0.3069	
10691	264	2966	16.2509	26.2412	1799	14.8262	9	507	10	71	45	3	1.28881e+06	5.92452e-05	0.2524	
10481	220	2961	21.7248	24.5221	1706	17.5453	7	524	5	58	56	3	1.22687e+06	6.30477e-05	0.1649	
11377	316	2987	18.0956	29.2137	1832	15.2406	6	510	17	84	58	3	1.13134e+06	5.8924e-05	0.3151	
10607	112	3010	17.6715	22.0705	1751	18.25	6	527	4	84	56	5	1.69576e+06	6.55136e-05	0.5152	
11048	340	2993	16.8009	28.1333	1720	15.2243	7	526	2	62	15	3	1.17403e+06	5.79274e-05	0.2432	
11430	231	2998	21.8086	23.5377	1841	17.4548	10	496	16	80	20	5	1.19161e+06	5.3396e-05	0.4679	
11441	157	2968	21.9779	28.4595	1756	16.6162	4	508	8	65	55	4	1.37141e+06	6.08976e-05	0.3737	
10908	182	2977	16.4566	25.009	1853	15.4011	6	529	8	77	44	5	1.44962e+06	5.69476e-05	0.2764	
10440	195	2966	20.4417	20.2335	1794	17.0198	8	534	6	58	65	4	1.34161e+06	5.96054e-05	0.1968	
11216	203	2963	20.2345	26.6988	1754	15.9178	6	520	0	58	72	5	1.26063e+06	5.89484e-05	0.2739	
10346	223	2958	24.0576	28.81	1811	15.5317	9	504	12	60	25	4	1.26724e+06	5.24962e-05	0.4127	
11131	270	2993	17.0457	21.8913	1839	15.0542	5	504	20	77	56	4	1.26724e+06	5.24962e-05	0.4127	
10467	197	3036	15.7836	25.544	1884	15.5804	8	502	14	76	68	5	1.46134e+06	6.15006e-05	0.2517	
11239	124	3017	17.4572	20.3948	1824	14.8071	8	499	16	62	34	5	1.63771e+06	5.76668e-05	0.491	
9899	185	2999	18.6848	24.3717	1836	17.2078	4	498	13	68	33	6	1.41615e+06	7.83515e-05	0.2255	
11087	133	3002	21.9498	29.3762	1715	17.8577	4	509	1	74	39	4	1.4768e+06	6.52146e-05	0.3383	
10285	305	3047	15.5034	27.6497	1772	14.1365	4	500	9	78	48	3	1.32587e+06	6.36699e-05	0.2169	
11303	315	2966	18.8666	28.4679	1841	14.2038	7	503	12	61	36	6	1.12127e+06	5.83805e-05	0.3438	
10348	358	3008	20.6523	25.1304	1840	17.367	8	496	7	62	45	5	1.27017e+06	5.73427e-05	0.2493	
10231	369	3030	16.3971	20.9524	1712	16.5824	9	498	8	60	39	5	1.27017e+06	5.73427e-05	0.2493	
10691	263	3029	16.5245	28.3832	1778	18.5334	10	530	5	81	61	3	1.27872e+06	6.28299e-05	0.2067	
11440	399	2954	22.3114	22.0217	1720	15.6874	8	524	17	71	48	6	1.04014e+06	5.31858e-05	0.3978	
10239	316	3046	15.1611	29.1916	1895	18.4488	8	530	19	69	60	4	1.36778e+06	6.77461e-05	0.2267	
9959	187	2961	21.9771	28.2735	1844	18.4783	10	530	12	81	49	5	1.33909e+06	8.3682e-05	0.2734	
9844	238	3030	21.48	23.5148	1778	15.8358	5	511	11	66	48	4	1.29026e+06	9.18864e-05	0.2419	
10702	226	2986	18.3508	21.8869	1715	16.3206	9	510	9	57	8	4	1.29468e+06	5.41126e-05	0.3256	
10657	144	2995	19.5907	25.4189	1783	14.1222	5	497	7	58	37	6	1.48622e+06	6.13158e-05	0.3474	
10469	116	3024	23.0101	20.8112	1742	16.8241	6	533	13	58	22	4	1.59307e+06	6.51339e-05	0.4041	
10202	276	3034	19.9426	25.7029	1824	17.9531	9	506	20	63	3	4	1.18702e+06	6.18047e-05	0.2043	
11192	189	2962	20.6626	23.4689	1813	15.4779	6	509	7	79	6	3	1.31752e+06	5.42476e-05	0.4186	
10246	370	2990	18.5438	27.5971	1796	14.0583	4	521	17	66	4	3	1.15773e+06	6.31991e-05	0.1565	
9898	114	2962	20.8133	27.2124	1861	14.8497	8	495	12	70	15	6	1.65651e+06	8.58959e-05	0.2399	
10412	380	3013	24.9982	20.3899	1897	17.1303	10	520	18	66	48	3	1.0887e+06	6.13723e-05	0.3094	
10386	239	2967	22.6644	23.9534	1707	15.3013	10	500	15	82	59	4	1.19081e+06	6.43666e-05	0.2751	
10846	327	2965	16.9281	25.6576	1826	16.1021	5	507	8	73	31	6	1.07652e+06	6.41766e-05	0.2517	
10704	333	2983	21.4174	29.2162	1733	15.7528	8	501	8	68	35	3	1.07652e+06	6.41766e-05	0.2517	
10307	238	3039	23.5927	26.828	1842	14.4556	8	533	17	80	70	4	1.19714e+06	6.95943e-05	0.2129	
9975	339	3039	17.5349	28.6044	1868	16.3017	5	534	15	74	28	6	1.2642e+06	7.56773e-05	0.257	
10655	190	2962	16.6157	24.6938	1740	17.5654	5	501	20	73	69	4	1.43258e+06	6.02011e-05	0.2533	
11366	149	2959	18.9432	27.2502	1812	14.1362	7	498	16	79	9	4	1.45076e+06	5.91401e-05	0.4204	
9950	238	2974	15.9833	29.7375	1758	14.8046	5	508	11	68	37	4	1.14201e+06	6.13271e-05	0.2318	
10911	251	2951	23.7383	25.2729	1860	18.0739	7	532	18	73	61	6	1.14201e+06	6.13271e-05	0.2318	
10481	364	3028	20.1805	29.6948	1809	14.0759	5	522	4	67	5	3	1.09896e+06	6.38896e-05	0.1825	
10395	269	3038	22.4946	29.9096	1845	18.807	8	502	4	64	3	5	1.13532e+06	6.6291e-05	0.2376	
10492	218	2960	19.2175	26.6869	1854	15.0811	7	520	0	74	28	4	1.27059e+06	6.17093e-05	0.2179	
10668	242	3015	19.6682	26.9129	1757	16.7185	10	510	3	75	35	5	1.20454e+06	6.07386e-05	0.2451	
11395	343	3049	18.6981	22.6332	1878	17.0584	8	534	7	84	24	6	1.12546e+06	5.04643e-05	0.3875	
10035	194	2989	19.8798	26.0416	1741	15.8938	4	534	2	63	28	4	1.3479e+06	6.71862e-05	0.1538	
9925	347	2972	20.7134	22.2024	1725	18.629	9	515	15	69	46	5	1.65434e+06	6.95072e-05	0.4553	
10964	105	2990	20.0632	26.4373	1766	18.2609	6	496	10	76	3	6	1.65434e+06	6.95072e-05	0.4553	
10130	293	2970	16.7668	23.8678	1892	14.1514	10	495	17	59	7	5	1.27651e+06	5.93331e-05	0.2467	
11098	330	2954	19.8546	21.2563	1898	15.0736	10	527	14	81	74	4	1.12468e+06	5.49239e-05	0.3395	
10017	375	2951	24.9885	24.7199	1711	14.7828	6	517	19	81	25	6	1.11837e+06	7.28597e-05	0.2528	
10865	182	3001	22.759	26.3163	1731	15.5318	10	511	11	85	16	5	1.29708e+06	6.01866e-05	0.3248	
11282	277	3044	20.8769	20.9176	1857	16.12	7	502	15	81	26	4	1.16721e+06	5.08053e-05	0.4718	
10587	184	3020	24.4056	28.1607	1871	18.3732	8	496	10	65	33	6	1.27785e+06	6.53125e-05	0.2892	
9832	272	2959	17.9839	28.1439	1719	18.6019	4	508	12	83	35	6	1.31805e+06	0.000124906	0.2353	
11374	161	2975	18.9515	24.9056	1777	18.4004	4	496	16	82	52	5	1.43145e+06	5.6443e-05	0.4513	
11072	153	3015	15.6882	23.4219	1773	14.3385	8	533	8	84	71	6	1.57301e+06	5.7169e-05	0.3549	
10811	379	3011	21.8456	22.5588	1811	16.1079	6	513	14	71	51	5	1.08414e+06	5.71755e-05	0.3095	
10440	182	3036	21.003	27.4698	1843	15.0537	6	522	16	68	56	4	1.32972e+06	6.50576e-05	0.1836	
10028	125	2953	20.2468	24.212	1863	18.0081	7	509	16	84	14	3	1.46708e+06	6.10016e-05	0.3882	
10790	144	2969	20.4428	25.1088	1725	18.8553	5	499	8	80	24	5	1.46708e+06	6.10016e-05	0.3882	
9918	165	2978	24.9301	28.5574	1736	16.7294	10	514	10	73	17	4	1.37785e+06	8.71992e-05	0.2089	
10675	141	3045	15.3131	29.5918	1879	18.6275	10	535	12	74	46	4	1.36019e+06	5.31773e-05	0.4686	
11232	174	2997	21.8754	21.3347	1794	15.9829	6	504	17	57	6	4	1.36019e+06	5.31773e-05	0.4686	
10875	137	2978	19.6945	27.4927	1819	16.0766	10	513	17	80	18	4	1.48022e+06	6.26449e-05	0.337	
9977	192	2969	23.4775	23.4276	1892	17.9246	7	527	11	76	65	3	1.32651e+06	7.47496e-05	0.2484	
9826	394	3004	17.9688	24.471	1782	17.1797	8	519	9	78	66	5	1.27793e+06	0.0001155	0.2649	
10031	257	3039	16.991	26.003	1746	16.7867	4	515	2	67	44	6	1.59903e+06	7.3185e-05	0.3022	
10194	113	2969	24.118	27.9025	1823	17.2813	5	498	12	64	16	6	1.59903e+06	7.3185e-05	0.3022	
11391	124	3046	17.0524	23.0214	1833	15.9666	8	505	6	75	59	4	1.63556e+06	5.8713e-05	0.4506	
9916	300	2992	19.995	28.1351	1876	17.4817	4	533	13	79	33	4	1.23368e+06	9.03587e-05	0.2766	
9947	257	3017	17.7393	29.5043	1712	15.9114	7	503	14	65	73	4	1.31316e+06	7.8604e-05	0.1966	
10131	148	2962	16.7807	24.0802	1773	15.5318	8	522	11	83	25	4	1.14449e+06	6.57419e-05	0.267	
10087	301	3047	23.4695	23.3709	1769	16.7996	10	504	9	69	44	4	1.14449e+06	6.57419e-05	0.267	
10189	392	3041	16.7874	29.9246	1752	17.1401	9	524	14	80	47	6	1.23484e+06	6.92089e-05	0.207	
10810	166	3031	16.781	21.6389	1784	17.9494	8	496	20	84	61	5	1.50573e+06	5.6079e-05	0.4023	
10645	351	3042	24.0097	22.5893	1849	16.6877	7	496	15	85	69	5	1.08568e+06	6.08976e-05	0.3729	
11344	101	2998	24.1213	29.1076	1800	18.9762	5	509	14	77	9	4	1.64258e+06	7.32118e-05	0.4604	
11458	193	2954	22.4461	20.5448	1883	16.3414	8	515	19	71	10	6	1.3195e+06	5.13373e-05	0.4892	
11066	276	3006	15.6777	25.8845	1709	17.71	5	497	9	62	15	3	1.29961e+06	5.50903e-05	0.3463	
10229	323	2960	23.1193	27.862	1719	14.1127	7	504	20	69	23	5	1.10507e+06	6.78334e-05	0.2092	
11153	356	2987	18.9404	21.9117	1714	15.9746	7	500	14	56	57	5	1.14098e+06	5.33134e-05	0.4164	
11031	109	2961	22.3558	21.3258	1738	15.208	5	506	2	56	26	3	1.63212e+06	6.59674e-05	0.4951	
11312	336	3001	17.5744	29.783	1787	18.1328	6	503	16	79	33	6	1.14063e+06	5.95026e-05	0.3131	
10733	119	2963	22.9542	22.4215	1820	17.2124	8	517	6	72	49	5	1.55826e+06	6.49942e-05	0.4084	
10390	125	3025	24.2182	24.9696	1801	14.1296	4	518	10	62	10	6	1.54299e+06	6.64849e-05	0.2852	
10587	392	3039	18.6164	26.9211	1879	18.5611	8	535	4	64	14	4	1.11965e+06	5.96267e-05	0.1679	
10549	118	2983	19.0995	29.1344	1864	15.4814	10	533	12	76	16	4	1.59212e+06	6.87663e-05	0.3566	
10917	101	3030	21.3724	20.1506	1793	16.6819	8	512	4	67	51	3	1.15332e+06	5.79643e-05	0.2967	
11101	344	2966	17.445	26.7545	1716	17.588	10	506	16	79	49	5	1.15332e+06	5.79643e-05	0.2967	
11457	284	2972	19.3581	28.4209	1801	18.9207	10	516	14	65	2	4	1.11884e+06	5.73427e-05	0.3202	
10019	311	3042	17.9084	23.2998	1757	18.4694	7	527	3	56	19	5	1.2436e+06	6.20463e-05	0.1096	
10310	361	3041	24.7791	25.063	1846	18.2985	5	509	3	67	53	3	1.08496e+06	6.59283e-05	0.2682	
11229	105	2971	24.9301	27.1025	1725	16.1377	8	510	3	82	25	6	1.61457e+06	7.14796e-05	0.4395	
10344	298	3039	23.7465	21.369	1800	14.0302	7	526	16	61	61	5	1.14752e+06	6.25e-05	0.2277	
10203	187	3047	20.5596	25.0714	1734	14.2647	4	511	10	61	30	3	1.34524e+06	6.26723e-05	0.1939	
10565	244	3010	21.2807	26.0613	1827	18.7197	5	516	6	70	3	3	1.19002e+06	6.00889e-05	0.256	
10711	242	3029	24.771	28.8271	1792	14.53	7	508	2	65	34	3	1.13664e+06	6.49815e-05	0.27	
11248	215	2956	15.6752	24.6821	1852	14.5341	8	517	10	59	47	6	1.39467e+06	5.37028e-05	0.3293	
10507	289	3005	20.4226	25.9664	1737	14.846	5	504	10	71	48	3	1.15386e+06	6.21002e-05	0.2455	
10508	388	3015	24.68	23.6169	1717	17.1036	6	511	16	68	6	6	1.06487e+06	6.10501e-05	0.3007	
10723	121	3007	19.2539	27.7779	1837	14.5068	5	530	1	60	18	5	1.58021e+06	6.57462e-05	0.3602	
10120	389	2992	21.4763	22.5235	1814	17.0902	9	528	6	84	45	4	1.13334e+06	6.51423e-05	0.2359	
11364	309	3024	17.7247	26.5808	1750	15.7968	10	498	1	83	49	6	1.16671e+06	5.56452e-05	0.3961	
10163	143	2973	23.8068	26.5245	1895	17.7614	9	509	6	72	47	4	1.65717e+06	6.67735e-05	0.3878	
10787	121	2970	16.4018	29.27	1812	16.6757	5	532	1	83	26	6	1.65717e+06	6.67735e-05	0.3878	
10294	127	3015	16.1788	29.495	1767	16.7058	6	534	14	69	50	6	1.68372e+06	6.99105e-05	0.2693	
11351	238	3017	15.2627	27.5232	1798	17.6841	8	521	18	57	35	5	1.35391e+06	5.55432e-05	0.2625	
10592	378	3015	18.3742	21.2938	1857	18.407	4	516	15	77	43	4	1.17221e+06	5.60255e-05	0.2853	
11325	313	3015	24.4027	26.0336	1746	14.7885	9	512	17	84	15	5	1.0441e+06	5.76901e-05	0.3794	
11223	212	3046	18.2547	27.2774	1703	16.6681	5	504	11	62	63	5	1.29017e+06	5.77334e-05	0.3057	
11246	274	3025	23.8915	26.6478	1753	15.5597	7	527	15	57	64	6	1.09122e+06	5.95912e-05	0.2632	
10723	394	3004	20.2061	24.7238	1806	18.7862	9	532	19	69	75	3	1.09555e+06	6.13121e-05	0.1936	
10184	337	3002	18.7898	26.5571	1793	18.1452	7	518	9	62	61	6	1.1914e+06	6.67067e-05	0.1815	
11039	283	2964	15.9885	25.513	1896	15.2091	8	517	20	59	50	5	1.28143e+06	5.88824e-05	0.3181	
11388	241	3049	16.6596	29.4071	1823	17.5281	8	496	12	55	69	6	1.28143e+06	5.88824e-05	0.3181	
10382	173	3043	20.4021	22.4762	1812	18.9437	9	503	4	78	54	5	1.39563e+06	6.06649e-05	0.2925	
10817	218	2965	18.6373	27.5203	1734	14.8365	10	524	5	59	14	5	1.2611e+06	5.9609e-05	0.2102	
9913	364	3004	18.5874	23.656	1856	18.085	4	513	9	58	7	5	1.21663e+06	7.04077e-05	0.1856	
10662	387	3001	22.8494	29.7278	1791	17.0487	4	500	1	67	72	5	1.05516e+06	6.73174e-05	0.237	
10282	183	3030	19.7745	26.3084	1828	17.6986	8	501	10	65	40	5	1.35349e+06	6.35526e-05	0.2168	
10410	205	3016	16.4871	23.9993	1827	16.0902	4	513	5	71	44	6	1.41932e+06	5.91506e-05	0.228	
10934	315	3009	19.3291	25.1182	1899	18.8765	6	514	16	59	43	4	1.13777e+06	5.6912e-05	0.2804	
11256	317	2974	23.7356	28.9461	1836	15.7015	7	502	16	57	30	5	1.04454e+06	6.14855e-05	0.3626	
10097	270	3041	15.0784	29.0595	1864	17.4446	7	522	16	67	49	5	1.41834e+06	6.82221e-05	0.2177	
11363	183	3047	20.3418	23.6869	1852	14.9279	7	513	9	58	28	4	1.33778e+06	5.31011e-05	0.4451	
10651	106	2967	23.0778	24.9321	1841	16.479	5	502	16	71	39	4	1.62294e+06	7.05965e-05	0.44	
11299	345	3017	22.9828	21.6926	1900	17.6368	5	497	15	79	63	5	1.08904e+06	5.38619e-05	0.4576	
9895	138	3031	22.2043	20.3011	1770	18.9414	8	511	9	71	37	5	1.55562e+06	7.69823e-05	0.2362	
10331	350	3003	17.0842	27.5404	1700	16.3735	10	531	12	82	19	3	1.20938e+06	6.34518e-05	0.2028	
10945	138	3034	20.9691	28.8055	1836	17.277	5	523	6	75	18	4	1.46457e+06	6.31991e-05	0.3029	
11064	398	2991	15.4631	29.8164	1750	18.9154	6	499	9	56	22	4	1.2242e+06	6.03391e-05	0.2711	
10652	358	2999	18.3074	26.014	1760	14.7043	10	504	11	67	4	4	1.13719e+06	5.80686e-05	0.2771	
10219	374	2973	16.9094	25.4291	1872	15.3191	7	527	12	61	7	6	1.21841e+06	6.05877e-05	0.1521	
10595	318	3008	17.0525	29.2574	1788	18.5618	5	534	4	58	48	4	1.21619e+06	6.39018e-05	0.1675	
10025	317	2979	23.9779	21.4998	1840	18.349	7	506	8	69	55	4	1.1556e+06	6.75083e-05	0.2863	
10408	208	2990	22.8847	25.2325	1884	18.7318	8	517	16	74	16	6	1.25421e+06	6.25547e-05	0.274	
10882	152	2958	20.2966	22.8444	1816	17.882	5	508	1	76	36	5	1.44871e+06	5.79274e-05	0.4091	
10845	173	3013	16.4379	26.3169	1771	18.7613	7	513	2	78	17	4	1.46685e+06	5.76502e-05	0.3137	
10732	181	2961	24.6258	22.3297	1801	14.9184	8	507	19	71	33	5	1.32047e+06	5.95203e-05	0.3501	
10496	318	3031	22.8115	26.723	1727	14.6907	9	520	11	62	66	6	1.10048e+06	6.5475e-05	0.1744	
10460	247	2981	18.7152	20.2898	1747	17.3675	7	522	10	75	2	4	1.27564e+06	5.48125e-05	0.2973	
10341	392	2956	18.3004	29.6403	1873	16.4534	9	502	13	79	17	5	1.19901e+06	5.56762e-05	0.2363	
10930	261	3033	19.3605	23.1297	1734	18.7548	5	532	3	56	51	3	1.19901e+06	5.56762e-05	0.2363	
11177	160	3029	20.8811	20.6368	1743	17.3005	5	505	8	74	30	3	1.42524e+06	5.36711e-05	0.5054	
10314	385	3034	24.5551	21.9228	1879	14.8727	8	518	3	79	16	3	1.092e+06	6.11396e-05	0.3481	
11326	343	2974	15.3839	29.2151	1885	18.1011	8	519	4	77	54	6	1.20571e+06	5.98444e-05	0.2968	
11271	250	2981	18.0707	29.3106	1770	16.2604	6	512	5	85	56	4	1.20571e+06	5.98444e-05	0.2968	
10533	399	2963	19.1719	26.1874	1875	16.4148	10	515	6	60	22	6	1.10986e+06	6.04522e-05	0.2268	
10417	238	2983	19.1784	28.8164	1896	18.3686	4	530	15	77	73	5	1.25302e+06	6.85965e-05	0.2241	
10905	111	2983	23.68	24.0783	1703	17.1514	6	514	9	59	41	5	1.59625e+06	6.76453e-05	0.4272	
10433	227	3019	22.8363	20.3589	1833	18.3808	4	514	6	83	45	6	1.26625e+06	5.94142e-05	0.3503	
9912	139	3033	21.0882	27.0302	1880	16.5685	5	513	5	74	8	5	1.5376e+06	8.29738e-05	0.2376	
10191	178	3018	20.274	25.9847	1751	15.6911	6	509	6	60	46	6	1.3712e+06	6.50237e-05	0.178	
11353	217	2971	23.7631	20.9247	1811	14.8064	5	506	11	85	6	4	1.24154e+06	5.25486e-05	0.4681	
10831	309	3005	16.4565	24.5252	1854	14.4928	5	522	17	56	24	3	1.23695e+06	5.48878e-05	0.238	
10860	118	2982	23.6693	27.7919	1813	15.021	4	503	17	77	53	6	1.10373e+06	5.72148e-05	0.3944	
10908	346	2984	21.0115	23.1111	1751	15.6585	6	497	3	83	59	5	1.10373e+06	5.72148e-05	0.3944	
11337	303	3011	23.0006	22.9129	1804	16.3317	9	503	8	80	51	6	1.0926e+06	5.44603e-05	0.4436	
11292	324	2976	16.0271	25.4652	1883	16.1166	7	510	5	64	13	5	1.22452e+06	5.31208e-05	0.3752	
11016	371	3044	21.4673	21.2168	1890	18.677	6	516	12	56	63	5	1.09677e+06	5.44781e-05	0.3288	
11038	269	2970	24.6231	27.6554	1818	14.1439	6	499	1	67	67	6	1.09862e+06	6.2897e-05	0.3432	
10270	163	2987	21.8602	27.1746	1824	15.1182	6	533	20	71	15	5	1.40041e+06	6.58285e-05	0.1839	
10194	179	3017	19.0359	27.0542	1717	14.2253	8	530	18	64	36	4	1.3898e+06	6.55824e-05	0.1587	
11317	266	3010	23.0872	28.4959	1866	15.6978	6	501	15	63	31	5	1.10108e+06	5.97336e-05	0.3909	
10334	120	2972	16.2033	25.0632	1840	18.0572	8	516	11	55	20	5	1.69856e+06	6.51848e-05	0.4194	
11197	333	2992	15.7467	22.0299	1758	14.1876	9	523	16	58	62	6	1.25879e+06	5.21023e-05	0.2976	
9966	149	3022	15.4423	22.8255	1799	17.7905	8	527	5	65	64	4	1.69404e+06	6.8465e-05	0.2971	
11124	110	2984	22.4275	24.3534	1744	16.4379	10	527	18	84	61	6	1.59058e+06	6.71908e-05	0.4638	
10925	131	3026	18.97	22.9685	1719	17.6798	8	525	1	67	26	4	1.53829e+06	5.92944e-05	0.3925	
11497	281	3019	21.9112	25.323	1843	18.9308	8	516	3	84	51	3	1.10013e+06	5.49692e-05	0.4183	
10828	315	2956	19.4548	27.8079	1804	14.8461	6	528	19	73	31	4	1.12257e+06	6.07533e-05	0.1927	
11381	369	2951	16.7224	21.8671	1856	15.2081	9	520	15	64	13	5	1.18001e+06	4.95319e-05	0.4256	
11179	236	3030	22.88	28.0107	1720	14.5958	5	518	16	78	71	3	1.15043e+06	6.09905e-05	0.2743	
11076	276	2995	16.6886	24.5357	1822	14.3877	10	531	8	58	5	4	1.23939e+06	5.30842e-05	0.2677	
11281	228	2986	22.731	21.1977	1865	17.0569	5	532	19	57	55	5	1.21934e+06	5.34731e-05	0.3223	
10699	283	3046	16.403	21.0738	1855	17.7051	5	528	20	58	59	4	1.30167e+06	5.46866e-05	0.2241	
10814	118	2964	22.1543	26.5596	1704	16.6126	10	516	19	83	40	6	1.55266e+06	6.73809e-05	0.3558	
10236	343	3009	18.6933	22.6771	1756	15.5436	6	507	3	84	46	4	1.18883e+06	6.12708e-05	0.2569	
11164	303	3036	23.067	20.314	1887	17.5244	7	509	7	76	26	4	1.12066e+06	5.22002e-05	0.4367	
11026	380	3010	21.2766	28.7342	1741	15.2504	7	511	17	57	23	5	1.04488e+06	6.08532e-05	0.2602	
10995	172	3038	20.9707	29.4656	1861	16.2541	4	509	14	67	11	5	1.34136e+06	6.12257e-05	0.297	
10465	240	2994	24.4982	22.6068	1784	15.5338	7	501	17	76	46	6	1.19086e+06	6.22278e-05	0.3328	
11054	360	2998	16.953	23.5742	1880	15.14	9	496	7	71	23	5	1.18689e+06	5.29185e-05	0.4424	
9832	111	2960	19.3573	23.9721	1854	15.6979	8	513	2	85	7	3	1.7544e+06	0.000111932	0.2736	
10599	255	3026	18.49	26.5191	1889	15.9287	9	532	1	57	68	6	1.2339e+06	6.20732e-05	0.1921	
10994	142	3001	20.6179	23.0574	1806	14.7676	5	526	18	60	55	3	1.47018e+06	5.87165e-05	0.3222	
10276	109	3011	18.0809	24.9401	1740	18.8518	10	495	2	58	63	4	1.70432e+06	6.95459e-05	0.3859	
10200	177	3049	21.9091	21.8181	1891	18.9383	6	516	9	65	57	3	1.37387e+06	6.28022e-05	0.2287	
10281	244	3006	19.0456	24.3585	1853	15.2872	9	528	14	82	36	5	1.01606e+06	6.25391e-05	0.3148	
10994	379	2967	24.6929	27.8259	1785	15.7251	7	507	7	76	36	4	1.01606e+06	6.25391e-05	0.3148	
10057	162	2963	20.523	29.1816	1746	18.8554	8	531	7	55	72	4	1.41945e+06	7.40741e-05	0.1965	
11053	212	2970	16.938	24.8666	1853	17.7164	9	505	2	83	51	3	1.33928e+06	5.57693e-05	0.3468	
9913	189	3006	24.539	20.3129	1784	14.9514	5	500	2	68	6	4	1.19182e+06	5.82785e-05	0.2977	
11000	259	2976	18.881	26.5612	1735	14.4723	5	509	3	80	43	4	1.19182e+06	5.82785e-05	0.2977	
9851	235	3047	23.9938	29.6082	1760	18.9934	5	496	15	60	27	4	1.23068e+06	9.54836e-05	0.1767	
11450	308	3013	18.4096	23.9975	1812	17.5134	5	517	1	72	22	4	1.15651e+06	5.17679e-05	0.4272	
10921	167	3023	21.1197	29.2538	1751	15.804	5	531	3	64	62	4	1.3513e+06	6.35284e-05	0.2001	
10327	319	3009	21.2744	25.0415	1783	15.2379	5	522	6	58	28	3	1.12897e+06	6.21041e-05	0.1797	
10220	132	3034	15.3595	20.751	1762	16.5863	8	513	13	75	59	3	1.72654e+06	6.23908e-05	0.4232	
10031	316	3018	18.784	21.869	1820	16.7085	6	502	4	62	65	5	1.23379e+06	6.39386e-05	0.2197	
9976	350	2976	23.6077	25.8891	1853	16.4679	4	497	5	73	3	5	1.1297e+06	7.23014e-05	0.2678	
11048	347	2968	19.5457	28.9425	1774	15.3623	9	495	15	64	21	4	1.08661e+06	6.05583e-05	0.3169	
10731	124	2955	23.1236	21.0387	1760	14.6647	5	534	14	82	68	6	1.56694e+06	6.45494e-05	0.3609	
10117	262	2969	15.3114	29.4403	1720	17.8732	9	535	7	62	10	4	1.38351e+06	6.6769e-05	0.1722	
10685	121	3021	17.9968	24.0746	1843	18.4558	9	527	16	75	57	4	1.62091e+06	6.39386e-05	0.4141	
10804	109	2984	17.0508	21.0422	1840	16.0641	9	497	1	65	45	5	1.72891e+06	6.37633e-05	0.4918	
11306	355	2952	20.1885	22.809	1846	15.7677	8	524	19	85	48	4	1.08369e+06	5.35131e-05	0.3735	
10234	153	3033	20.9427	29.5194	1728	16.5844	9	496	17	62	41	3	1.41996e+06	6.87474e-05	0.186	
10479	251	3024	19.9357	27.423	1822	14.0712	9	525	5	63	16	4	1.19515e+06	6.17322e-05	0.1876	
10960	132	2972	18.591	27.6876	1778	17.928	5	516	13	60	51	4	1.53888e+06	6.37389e-05	0.3092	
11020	299	3041	22.2302	21.8766	1899	17.8725	5	515	0	62	69	5	1.13275e+06	5.55309e-05	0.3412	
10213	397	3043	17.6602	26.2482	1795	14.1701	5	534	4	70	8	4	1.18964e+06	6.15688e-05	0.172	
10017	107	2969	16.2542	26.6437	1709	16.4948	5	509	14	73	34	4	1.79574e+06	7.4184e-05	0.4179	
11407	215	2954	15.5305	24.1903	1856	15.9665	9	521	19	62	59	3	1.39459e+06	5.28457e-05	0.3272	
10259	147	3042	24.4761	20.0972	1767	14.9998	5	501	5	82	57	5	1.49363e+06	6.38081e-05	0.3401	
10790	260	2988	24.3582	26.0541	1877	16.7096	8	521	12	80	51	5	1.12542e+06	6.23791e-05	0.2824	
9956	392	3028	18.4826	26.903	1824	15.9068	9	532	6	79	20	5	1.21567e+06	7.77605e-05	0.2615	
11103	398	2969	18.1563	24.415	1796	17.6375	4	511	7	55	62	5	1.13512e+06	5.59441e-05	0.3099	
11100	157	3028	17.1449	24.7379	1722	14.504	7	534	8	78	6	5	1.48123e+06	5.57196e-05	0.3562	
11121	294	2981	19.0215	20.0279	1733	17.5809	5	496	10	69	42	5	1.20383e+06	5.14774e-05	0.4792	
9823	188	2961	20.7273	20.7261	1756	16.3618	8	532	4	61	58	3	1.41977e+06	9.21744e-05	0.299	
10281	400	2975	22.26	27.3636	1888	18.3846	8	534	11	65	45	4	1.08452e+06	6.75128e-05	0.1605	
10163	254	2982	23.3984	20.7495	1833	16.4624	7	514	15	81	39	4	1.21753e+06	6.33392e-05	0.3202	
10890	101	3003	17.6852	25.1092	1787	18.2714	6	501	14	77	57	5	1.74091e+06	6.94734e-05	0.4634	
10918	345	2983	16.102	21.1603	1818	15.7078	5	500	11	55	65	5	1.27334e+06	5.33675e-05	0.3639	
10992	189	3005	17.3488	20.443	1720	14.5006	9	511	3	66	67	4	1.42248e+06	5.34188e-05	0.3822	
10847	196	3004	18.5792	28.1836	1822	17.6666	8	528	1	71	71	5	1.32178e+06	6.23636e-05	0.2176	
10837	381	3050	19.8681	24.5115	1817	17.7625	9	528	19	75	40	4	1.09165e+06	5.71331e-05	0.2405	
10534	312	2954	15.1295	29.888	1789	17.0153	6	535	8	67	23	5	1.35091e+06	6.08606e-05	0.2773	
11095	170	3033	20.0848	29.068	1724	17.0082	9	516	10	73	37	4	1.35091e+06	6.08606e-05	0.2773	
10865	310	3002	20.4189	21.9502	1880	14.2947	10	501	2	70	62	6	1.14276e+06	5.5869e-05	0.3691	
9970	315	3021	22.4356	22.6714	1771	18.0532	6	516	4	74	61	6	1.36185e+06	9.43841e-05	0.3116	
9839	271	2996	18.1437	21.0027	1852	17.4077	6	531	17	70	61	5	1.36185e+06	9.43841e-05	0.3116	
10318	284	3009	20.7253	28.2203	1854	15.5925	9	516	11	60	28	6	1.15329e+06	6.52443e-05	0.1704	
10126	262	2982	22.063	20.7988	1792	15.2972	8	508	4	77	36	5	1.21386e+06	6.22432e-05	0.3324	
11008	235	2969	16.8802	29.6184	1856	18.9515	9	503	0	68	29	3	1.27383e+06	6.0562e-05	0.2919	
10187	267	3014	22.3969	22.2444	1712	15.9097	5	517	6	64	16	4	1.18912e+06	6.12257e-05	0.2694	
10262	177	3014	19.7175	28.8907	1774	17.1351	7	530	15	61	12	4	1.36786e+06	6.57376e-05	0.126	
11476	314	3010	21.4359	23.3297	1732	18.233	9	510	13	80	35	4	1.0865e+06	5.3042e-05	0.4454	
11080	139	3050	21.7616	24.1247	1743	15.129	8	518	7	84	57	4	1.46209e+06	5.96872e-05	0.3798	
9998	357	3031	18.791	21.7378	1715	14.3387	7	497	17	58	46	6	1.20964e+06	6.31154e-05	0.1887	
11061	102	2952	24.885	24.9336	1856	17.4534	4	509	11	56	10	5	1.65616e+06	7.20357e-05	0.4722	
11304	247	3028	21.1568	25.1683	1769	15.4313	4	517	19	68	24	3	1.1678e+06	5.47975e-05	0.3643	
10138	388	2998	20.1436	22.3478	1854	14.7512	10	523	12	73	35	5	1.14747e+06	6.22471e-05	0.2198	
10458	207	3040	23.8066	27.1898	1790	14.9265	5	531	7	56	46	5	1.23115e+06	6.55523e-05	0.153	
11090	205	3035	24.9445	24.3545	1819	16.1026	10	513	8	57	34	4	1.21698e+06	5.78436e-05	0.3551	
10840	189	3042	24.1485	23.7834	1900	17.9142	9	512	20	69	61	4	1.27795e+06	5.97051e-05	0.3091	
10591	255	2965	18.154	29.5508	1769	18.7081	8	523	2	69	63	4	1.22865e+06	6.60633e-05	0.1957	
9971	245	3013	16.9576	28.0038	1706	17.4886	7	510	19	80	4	5	1.34362e+06	7.55629e-05	0.2069	
10856	236	2987	23.5594	25.4273	1700	16.9416	4	511	12	83	21	4	1.1702e+06	5.9952e-05	0.3085	
9878	372	3022	23.3691	20.3541	1739	18.9757	10	528	13	75	58	3	1.47209e+06	5.28765e-05	0.4893	
10997	169	3047	17.7229	20.2698	1704	17.9151	6	500	13	80	40	5	1.47209e+06	5.28765e-05	0.4893	
11272	321	3042	15.954	20.6783	1772	15.008	7	517	15	57	18	3	1.26113e+06	4.82672e-05	0.4286	
11342	169	2996	19.1101	22.1229	1854	14.3953	5	499	7	58	31	4	1.42292e+06	5.26704e-05	0.5389	
10700	331	3042	16.0331	26.7262	1764	18.8517	9	510	10	72	41	5	1.24666e+06	5.90563e-05	0.2352	
10713	236	3025	15.5915	28.5077	1790	17.7614	4	503	0	75	31	5	1.36645e+06	6.02228e-05	0.2534	
11119	275	2988	17.2035	25.9062	1755	18.0189	8	503	19	77	34	6	1.22208e+06	5.59973e-05	0.3272	
10931	160	2976	21.7876	28.3353	1754	15.4831	4	515	16	80	46	4	1.37314e+06	6.29129e-05	0.2713	
11233	222	3041	24.7094	21.7916	1894	18.3561	5	498	13	69	11	3	1.21181e+06	5.39462e-05	0.4254	
10958	199	2962	22.2203	20.1441	1899	14.7842	9	526	10	67	4	5	1.30939e+06	5.30476e-05	0.3866	
10160	363	2966	23.9794	21.6144	1797	17.244	6	521	18	85	29	6	1.62734e+06	7.0492e-05	0.4041	
10074	111	3009	23.2023	22.4787	1799	14.1681	10	529	14	72	18	4	1.62734e+06	7.0492e-05	0.4041	
10535	236	3039	24.0015	28.7396	1782	14.6679	5	506	5	71	31	3	1.16334e+06	6.55781e-05	0.2533	
10595	146	2980	22.8584	24.5838	1782	16.0122	4	499	4	64	19	4	1.44398e+06	6.20964e-05	0.336	
10671	162	3007	22.5459	21.6618	1738	18.0842	6	498	7	70	68	4	1.16063e+06	6.20655e-05	0.2171	
10038	361	3016	21.2544	20.3082	1706	17.8552	7	513	7	62	33	5	1.16063e+06	6.20655e-05	0.2171	
10091	275	3014	21.5568	24.6919	1837	15.0641	8	499	11	68	2	4	1.17843e+06	6.30557e-05	0.2944	
9914	390	3023	17.9161	23.5588	1823	17.5119	7	528	3	81	5	5	1.25782e+06	8.03342e-05	0.2718	
10394	128	2962	22.207	22.9987	1791	18.9179	10	529	5	57	69	5	1.53557e+06	6.66844e-05	0.2356	
10499	260	3021	22.9782	22.41	1748	17.0068	10	516	5	69	2	6	1.16802e+06	5.83771e-05	0.3271	
10979	211	2961	23.6252	27.5936	1816	14.4504	9	518	15	75	7	5	1.19834e+06	6.09645e-05	0.2904	
9849	123	2970	19.0244	24.5493	1819	18.2781	10	499	18	81	65	5	1.66213e+06	0.000106247	0.251	
11254	169	2966	16.9839	24.696	1755	18.5077	9	514	6	82	20	4	1.44571e+06	5.51025e-05	0.401	
10690	166	3014	18.6888	21.1248	1799	16.9862	7	497	2	83	49	6	1.45643e+06	5.64366e-05	0.4403	
10643	235	3029	17.9793	29.9211	1767	15.8667	9	521	6	73	67	6	1.26242e+06	6.55265e-05	0.1944	
10347	164	2975	18.4943	27.0093	1789	15.4311	5	509	1	72	38	3	1.44216e+06	6.3955e-05	0.2313	
10859	367	3002	22.4727	28.4948	1813	15.4977	7	506	2	68	22	4	1.0442e+06	6.19579e-05	0.3083	
10313	105	2982	17.312	21.9921	1774	18.2698	7	516	17	62	75	3	1.78766e+06	6.94348e-05	0.5196	
10509	294	3043	16.6493	28.0941	1776	17.9287	8	534	5	70	5	6	1.24984e+06	6.07017e-05	0.1801	
10192	335	2954	16.3473	28.012	1878	17.9571	4	529	1	59	7	5	1.26029e+06	6.36497e-05	0.1555	
11304	276	3018	17.6468	26.2223	1799	18.5898	9	509	10	62	59	6	1.20271e+06	5.58815e-05	0.3246	
10040	273	3036	19.9743	21.4448	1815	16.3578	7	528	6	79	10	4	1.23927e+06	6.25939e-05	0.2397	
9902	290	3004	23.2852	20.5577	1762	14.6382	6	532	14	82	15	4	1.232e+06	8.25014e-05	0.2776	
10213	255	3020	23.7908	28.8463	1731	18.1687	9	507	5	62	67	4	1.1592e+06	7.1736e-05	0.1585	
10194	273	2980	18.2322	23.1359	1845	18.4998	10	499	9	70	42	5	1.24782e+06	6.13949e-05	0.247	
11468	301	3031	20.4165	22.2214	1763	17.0178	5	503	15	65	60	5	1.14153e+06	5.19157e-05	0.473	
10001	186	3013	22.6133	23.0518	1791	16.9924	8	523	13	68	3	4	1.34816e+06	6.63922e-05	0.2394	
10774	271	2967	22.6341	20.9841	1761	14.6337	5	527	14	68	3	5	1.16834e+06	5.51724e-05	0.3434	
9839	122	3011	15.5562	20.9925	1899	14.3984	5	513	2	72	13	6	1.08192e+06	5.95912e-05	0.2906	
11217	283	3037	22.8337	28.9326	1882	15.4948	7	527	11	62	8	6	1.08192e+06	5.95912e-05	0.2906	
10269	274	3044	21.1688	23.7826	1773	18.9541	6	514	5	57	67	4	1.1859e+06	6.3861e-05	0.1544	
10299	345	2976	20.3236	29.0942	1708	14.9713	6	514	17	64	34	4	1.12006e+06	6.72405e-05	0.1434	
11410	274	3032	17.3805	27.5084	1861	18.8511	8	530	6	83	3	4	1.19368e+06	5.47375e-05	0.3047	
10961	365	3021	16.0159	24.3795	1727	15.1184	9	525	5	82	66	5	1.22453e+06	5.65068e-05	0.2618	
11226	347	2981	20.3045	27.1646	1798	14.9135	7	519	4	75	8	5	1.07066e+06	5.70841e-05	0.3275	
9810	302	2960	15.3833	25.7348	1705	16.8291	6	518	0	61	21	3	1.42285e+06	0.000102817	0.2309	
10535	312	3040	18.6951	23.1434	1746	15.9352	5	528	5	78	20	5	1.18854e+06	5.69184e-05	0.2387	
10280	242	2963	15.1375	24.4042	1730	16.8983	6	527	0	57	68	4	1.45178e+06	6.29287e-05	0.2332	
10400	105	3002	17.9986	22.5126	1732	17.5796	8	525	18	67	69	5	1.75006e+06	6.93626e-05	0.5086	
10152	142	2979	16.3713	20.5411	1873	16.0272	10	519	1	85	67	3	1.08362e+06	5.60193e-05	0.3064	
11273	361	3018	19.1166	27.1054	1852	18.9366	8	519	12	74	16	5	1.08362e+06	5.60193e-05	0.3064	
10706	349	3001	24.1316	26.9893	1787	15.9799	9	532	6	64	9	5	1.04894e+06	6.22587e-05	0.2317	
10922	281	3043	20.7473	25.4607	1824	18.8137	7	516	17	68	39	4	1.1366e+06	5.76801e-05	0.2773	
10611	164	2950	16.475	28.1446	1834	14.0524	6	520	18	71	3	3	1.49086e+06	6.12595e-05	0.2575	
11126	250	3039	21.4935	22.0493	1722	18.0543	8	524	19	60	61	5	1.17742e+06	5.48125e-05	0.2993	
10700	182	3011	16.0787	26.5115	1788	17.7366	6	515	20	78	7	5	1.46782e+06	5.80619e-05	0.2679	
10889	294	2965	16.8532	22.0976	1829	18.7066	7	517	7	73	28	3	1.24193e+06	5.33476e-05	0.3383	
11293	298	2973	22.6236	26.504	1845	16.8908	8	520	15	69	21	4	1.06947e+06	5.73164e-05	0.331	
11494	257	2980	21.4848	20.7131	1883	16.1567	6	502	17	59	40	4	1.18925e+06	5.05408e-05	0.5099	
10071	329	2999	22.8656	26.9406	1727	17.7624	7	519	8	72	39	5	1.12746e+06	6.99643e-05	0.1805	
9932	189	2958	20.1474	21.4687	1886	15.5081	9	518	16	81	25	6	1.38728e+06	7.57576e-05	0.279	
11129	312	2997	24.5718	23.4961	1899	16.491	7	502	5	60	22	4	1.07327e+06	5.63825e-05	0.4026	
10747	343	2981	18.7286	27.7358	1879	14.5887	5	515	2	74	30	4	1.12916e+06	6.02664e-05	0.2483	
9844	183	3020	22.9029	24.0209	1711	15.5586	6	511	3	65	11	6	1.36644e+06	9.04814e-05	0.2278	
10938	172	3043	23.6152	21.9206	1737	17.0711	4	535	8	58	7	4	1.35952e+06	5.59034e-05	0.3441	
10376	116	2961	19.2152	22.057	1762	17.6707	7	513	18	69	3	3	1.61346e+06	6.49056e-05	0.4987	
9833	308	2991	21.5271	21.9396	1833	14.26	5	510	2	77	21	5	1.24511e+06	9.94233e-05	0.2858	
11252	192	3010	15.1872	24.7368	1888	15.1354	6	507	3	76	49	6	1.49285e+06	5.35762e-05	0.4105	
9966	210	3049	21.5302	21.9555	1830	14.6119	9	503	0	58	6	5	1.29967e+06	6.40328e-05	0.2912	
10476	254	2991	18.6563	28.4434	1898	14.8813	5	530	18	67	15	5	1.22687e+06	6.26999e-05	0.1751	
10925	291	2979	21.9956	21.014	1780	15.4429	6	515	7	65	3	4	1.14105e+06	5.35504e-05	0.3923	
11324	162	3028	21.5656	29.372	1866	15.3374	4	527	13	66	32	6	1.35916e+06	6.04047e-05	0.2947	
11011	122	2981	23.6321	23.845	1818	18.6665	5	528	2	84	33	5	1.53799e+06	6.3857e-05	0.4221	
10355	202	2985	20.5648	20.0389	1899	14.5145	6	531	17	84	51	5	1.34961e+06	6.01106e-05	0.2826	
11473	206	3030	18.8342	23.6166	1889	15.6188	8	511	16	64	22	5	1.3081e+06	5.13321e-05	0.4693	
10638	163	3036	19.1495	23.642	1826	16.8105	8	518	10	64	57	5	1.43155e+06	5.92803e-05	0.2623	
10490	388	3021	18.2984	27.7871	1899	16.5638	9	503	8	83	62	3	1.14039e+06	6.40697e-05	0.2411	
10468	342	3028	16.5503	28.7443	1753	15.9433	8	533	17	58	46	3	1.2319e+06	6.39713e-05	0.1721	
9865	195	3018	18.5059	26.6703	1750	18.4662	10	510	14	85	22	3	1.39434e+06	0.000104537	0.2395	
10970	260	2973	15.3838	27.5101	1868	17.2012	7	504	18	55	44	4	1.33225e+06	5.82242e-05	0.2627	
10745	331	3048	20.1757	28.9609	1868	15.6074	4	510	7	59	59	6	1.11308e+06	6.3004e-05	0.2184	
10622	107	2984	23.2661	28.8459	1765	16.205	9	504	18	58	48	5	1.61539e+06	7.34376e-05	0.3382	
10711	319	3022	19.3786	29.0091	1816	18.8193	5	529	19	84	75	4	1.14062e+06	6.5475e-05	0.2042	
10039	231	2965	20.8851	28.5146	1789	17.5397	5	523	2	55	7	3	1.22889e+06	6.86342e-05	0.1123	
11011	169	3026	24.333	22.8907	1840	18.0486	6	531	4	55	34	4	1.34661e+06	5.74977e-05	0.3121	
11453	275	2972	17.3817	29.5503	1798	15.7046	9	524	4	82	71	4	1.18509e+06	5.93155e-05	0.2737	
10129	171	2972	23.7039	20.3567	1826	16.2478	9	514	19	56	70	3	1.37854e+06	6.55652e-05	0.2209	
10990	287	2999	15.7875	21.7158	1855	14.7528	10	498	18	69	40	4	1.30522e+06	5.18672e-05	0.425	
11426	286	2984	19.4586	27.4525	1811	17.719	8	502	12	67	45	3	1.12756e+06	5.69509e-05	0.3686	
10497	318	3011	20.6325	20.0813	1728	17.5391	6	524	11	65	31	5	1.16469e+06	5.64207e-05	0.2569	
10403	236	3021	24.67	27.9118	1790	18.2614	6	535	2	67	29	4	1.17249e+06	6.70691e-05	0.1915	
10768	338	2952	18.3737	29.6085	1799	14.071	6	509	10	77	33	6	1.13597e+06	6.29208e-05	0.2444	
10925	130	3039	23.0478	26.91	1876	17.6116	7	498	13	56	7	6	1.49319e+06	6.36132e-05	0.4024	
11194	213	2977	20.4697	22.3447	1894	16.7207	7	496	13	85	62	5	1.2718e+06	5.42947e-05	0.4459	
10019	399	2991	24.5969	21.9085	1850	18.7015	6	495	15	68	56	5	1.12055e+06	6.83107e-05	0.2942	
9837	115	2963	20.5261	23.1381	1826	18.1485	9	505	17	77	67	5	1.19781e+06	6.42508e-05	0.2055	
10230	276	2988	20.7011	23.9997	1812	16.5514	4	507	2	63	62	6	1.19781e+06	6.42508e-05	0.2055	
10704	180	3002	24.4394	23.3738	1876	17.5357	10	532	19	60	63	6	1.3082e+06	6.17475e-05	0.2183	
11068	378	2950	22.7557	26.9638	1719	16.8661	10	527	3	81	67	4	1.02763e+06	6.14931e-05	0.2631	
9850	397	2950	23.9557	22.2967	1838	17.0809	6	496	20	57	59	5	1.15811e+06	8.46453e-05	0.2082	
10322	308	3022	23.3112	20.4435	1818	17.0333	5	515	11	57	28	4	1.14838e+06	5.93718e-05	0.2932	
11018	322	3028	19.7018	27.3898	1898	14.1027	7	529	8	79	13	4	1.10314e+06	5.74317e-05	0.2674	
10917	216	2978	18.0787	21.804	1880	15.6623	9	504	7	80	30	4	1.32344e+06	5.32368e-05	0.3987	
10165	275	3038	23.8761	29.7978	1758	14.2296	9	525	12	62	53	3	1.14113e+06	7.2317e-05	0.1546	
10547	164	3012	16.2125	29.9301	1707	15.3606	9	530	19	58	27	4	1.50544e+06	6.43459e-05	0.1642	
10602	281	3019	16.3365	26.4118	1778	15.1241	5	518	5	62	23	6	1.28027e+06	5.85035e-05	0.2107	
10288	371	3018	23.16	23.8417	1871	14.05	9	522	18	83	60	6	1.11168e+06	5.50873e-05	0.361	
11391	365	2969	18.3519	25.3104	1762	17.1953	9	509	5	64	60	4	1.11168e+06	5.50873e-05	0.361	
9805	383	2962	21.6349	20.1099	1879	16.7738	7	513	10	62	31	4	1.22421e+06	9.5039e-05	0.2856	
10636	141	3044	24.1949	25.351	1822	17.9958	9	497	8	71	58	5	1.44714e+06	6.43666e-05	0.3233	
11006	366	2962	15.8992	23.313	1830	15.2768	6	498	5	85	62	6	1.24231e+06	5.49843e-05	0.3772	
10392	177	2972	22.7394	25.5516	1885	16.1979	5	534	6	84	29	5	1.35615e+06	6.42839e-05	0.2616	
9880	215	2995	23.9947	20.9721	1719	15.2746	8	534	5	58	45	3	1.28932e+06	7.76699e-05	0.1974	
10048	292	2986	17.2277	21.084	1847	14.0354	8	532	14	84	28	5	1.30183e+06	6.33593e-05	0.2449	
10589	243	3040	22.5603	29.2594	1756	16.3948	7	527	3	76	11	3	1.16034e+06	6.42632e-05	0.2142	
10773	105	2981	24.4688	23.3451	1769	17.3996	7	534	3	65	33	5	1.63036e+06	7.02099e-05	0.4341	
10003	259	3026	24.8607	23.0281	1776	16.0464	8	510	13	74	15	5	1.17942e+06	6.51508e-05	0.1947	
11163	288	3033	20.496	27.0616	1707	14.2284	10	503	5	62	56	4	1.17942e+06	6.51508e-05	0.1947	
10063	228	3007	22.0517	28.6548	1898	14.2979	7	520	8	80	34	6	1.17942e+06	6.51508e-05	0.1947	
10720	306	3022	17.953	29.8691	1757	14.9385	9	528	7	76	71	4	1.17942e+06	6.51508e-05	0.1947	
10699	215	2993	22.7639	23.6375	1797	18.4833	9	509	2	66	46	3	1.22307e+06	5.96267e-05	0.3028	
10538	141	2995	18.8602	27.3766	1869	14.1703	6	524	4	61	47	4	1.50445e+06	6.43335e-05	0.2494	
10760	298	3028	21.3014	26.6642	1713	14.788	6	526	19	79	18	6	1.11784e+06	6.0006e-05	0.2379	
9974	167	2966	24.6725	23.9834	1768	14.052	8	506	10	80	18	4	1.38851e+06	7.41345e-05	0.2724	
10957	396	3019	22.0987	26.4302	1894	16.4989	9	528	1	62	49	4	1.03825e+06	5.94001e-05	0.2518	
9817	248	2993	20.8543	29.1524	1720	14.2925	8	512	9	75	49	5	1.2723e+06	0.00012837	0.2333	
11253	133	2999	22.3376	23.6501	1894	14.7349	6	525	17	73	63	5	1.49315e+06	6.00925e-05	0.3853	
10116	376	2977	24.1351	27.7075	1770	17.8176	5	513	5	56	60	4	1.0916e+06	7.18959e-05	0.137	
11075	179	2994	19.6231	20.8736	1718	15.9536	10	531	15	69	12	4	1.36938e+06	5.26454e-05	0.3691	
11221	143	3008	21.4547	27.1823	1806	16.53	8	525	13	79	48	6	1.43057e+06	6.09347e-05	0.3226	
10920	322	2952	23.6515	21.624	1799	14.9648	4	515	13	85	19	4	1.10219e+06	5.6057e-05	0.3889	
10478	391	3034	17.9374	21.2402	1777	15.8289	5	495	2	71	5	5	1.19073e+06	5.4095e-05	0.3746	
9842	173	2986	17.5041	21.7438	1868	15.8606	5	529	11	61	9	6	1.53204e+06	8.40195e-05	0.2641	
11016	149	3006	21.412	25.7563	1815	17.0241	5	521	6	62	21	5	1.42719e+06	5.94849e-05	0.3429	
11022	327	2991	23.5162	23.2451	1763	18.9854	10	516	9	71	10	5	1.06545e+06	5.63158e-05	0.3632	
10158	235	2951	16.0922	24.3832	1766	16.7622	8	527	14	56	47	6	1.39551e+06	6.30199e-05	0.1737	
9992	147	2987	19.0198	27.6478	1767	17.5505	9	499	2	81	44	6	1.5084e+06	7.4355e-05	0.2287	
10172	327	3010	19.775	29.5639	1873	14.3857	4	502	7	68	25	6	1.15342e+06	6.72359e-05	0.1924	
9929	132	2973	16.3411	23.3125	1732	15.0914	5	506	14	66	66	5	1.70895e+06	7.39153e-05	0.2482	
10725	174	3049	17.421	25.0754	1735	16.418	6	531	13	77	56	4	1.44286e+06	5.92628e-05	0.2289	
9803	235	2977	15.039	29.5742	1758	18.0051	9	519	17	62	30	4	1.49676e+06	0.000118694	0.2373	
11302	198	2951	19.4934	27.4991	1896	16.2951	5	522	0	71	58	4	1.28269e+06	5.80349e-05	0.3032	
10368	121	3017	19.5515	28.6819	1826	16.713	9	503	8	75	47	4	1.58447e+06	6.94589e-05	0.3185	
10068	324	3048	21.1328	28.3737	1750	15.7284	6	530	10	82	46	5	1.15992e+06	7.19476e-05	0.2165	
10824	159	2995	23.3473	20.6773	1765	14.8657	5	508	4	61	65	5	1.42061e+06	5.8326e-05	0.3615	
9876	159	3046	16.6667	21.8902	1865	17.7042	4	507	7	74	21	4	1.59917e+06	8.11359e-05	0.2675	
10987	322	2951	15.1113	20.0064	1820	16.16	6	521	11	58	21	5	1.32798e+06	4.99401e-05	0.3744	
10144	120	3016	16.8777	21.4677	1700	14.2808	5	502	18	57	3	4	1.68504e+06	6.27865e-05	0.4705	
10457	172	3013	21.4753	28.2136	1888	17.8551	10	499	14	77	49	4	1.34519e+06	6.55738e-05	0.2514	
11030	356	3025	22.4059	29.8806	1709	14.0988	5	520	15	78	56	6	1.04345e+06	6.34598e-05	0.2224	
10804	179	3041	21.025	29.4579	1898	17.0238	8	499	13	73	7	5	1.31232e+06	6.20617e-05	0.3045	
11405	368	3011	19.3222	23.2961	1900	14.9531	5	531	18	81	38	5	1.09741e+06	5.18618e-05	0.3788	
10355	117	2984	23.3609	25.2685	1733	15.944	4	505	7	82	46	5	1.58343e+06	6.96088e-05	0.3305	
10425	284	2958	21.2216	27.2891	1879	16.1801	8	498	18	82	66	5	1.14258e+06	6.66578e-05	0.2345	
10616	135	2985	23.8061	26.8863	1767	17.1951	9	501	1	69	17	5	1.46455e+06	6.56082e-05	0.3278	
11454	160	3009	18.1213	22.8483	1804	18.5076	4	524	5	82	59	3	1.12362e+06	7.23327e-05	0.1993	
10035	343	2966	23.6305	26.0437	1767	16.8366	9	519	0	72	58	5	1.12362e+06	7.23327e-05	0.1993	
10168	122	3048	19.5354	26.4863	1762	17.2192	9	519	20	79	18	4	1.13372e+06	5.9952e-05	0.336	
11246	242	3025	23.6282	27.5841	1789	18.3797	5	512	7	66	55	3	1.13372e+06	5.9952e-05	0.336	
10205	346	3009	23.8802	29.3273	1890	18.112	8	520	1	70	26	4	1.08959e+06	6.9667e-05	0.2074	
11106	298	2979	19.0111	25.9242	1731	18.8295	4	509	6	58	26	6	1.15365e+06	5.67634e-05	0.3212	
11447	307	3037	22.4584	27.4163	1889	14.9892	5	534	12	59	31	4	1.06321e+06	5.66861e-05	0.3127	
9997	219	3016	22.2698	21.7199	1785	18.8018	5	496	4	58	40	5	1.27601e+06	6.48256e-05	0.2603	
10655	269	3015	16.9773	25.9336	1759	15.693	5	534	17	68	8	4	1.25993e+06	5.76236e-05	0.1674	
11128	340	3048	24.701	26.1768	1719	18.8029	7	529	17	58	47	5	1.03474e+06	5.99161e-05	0.2538	
10795	217	3037	17.6935	28.5695	1764	15.7386	7	497	14	75	65	6	1.30112e+06	6.20078e-05	0.2574	
10228	121	2965	20.0157	28.2191	1800	18.6344	9	495	3	72	13	3	1.56987e+06	6.94493e-05	0.3351	
10855	228	2980	18.154	21.6952	1896	16.9283	7	530	14	75	73	6	1.29913e+06	5.65099e-05	0.2583	
10688	239	3011	24.109	29.7076	1863	18.8169	9	505	13	81	55	5	1.14557e+06	6.6912e-05	0.2561	
11417	271	2998	16.3613	23.8758	1741	18.2449	8	505	1	65	55	3	1.07715e+06	5.71755e-05	0.3357	
11014	307	2972	24.2365	23.4142	1806	14.8165	9	533	11	69	24	5	1.07715e+06	5.71755e-05	0.3357	
11013	204	2972	21.4841	22.1088	1895	14.6434	7	526	9	56	8	5	1.28423e+06	5.3723e-05	0.3727	
10310	276	2986	24.4498	23.9746	1851	18.9153	5	530	8	84	63	6	1.16108e+06	6.73673e-05	0.258	
10192	105	2962	23.55	27.7707	1746	14.4848	10	522	11	79	26	3	1.63721e+06	7.56659e-05	0.3549	
10781	179	2974	18.4723	24.7989	1893	16.0486	5	495	9	85	21	6	1.4028e+06	5.73132e-05	0.3882	
10704	327	3018	23.0088	21.4672	1723	15.2907	5	498	17	58	71	4	1.11938e+06	5.89206e-05	0.3179	
11226	174	2977	18.1306	24.4537	1821	16.7141	5	502	3	69	61	4	1.4095e+06	5.57103e-05	0.4152	
10859	236	2977	18.6991	21.0055	1813	17.2528	9	505	1	74	64	4	1.27289e+06	5.50449e-05	0.3774	
11382	179	2978	21.7917	24.8102	1862	18.6774	4	503	5	67	38	5	1.3295e+06	5.58378e-05	0.4652	
10409	163	2986	24.3179	26.0482	1777	18.6916	10	534	5	66	40	4	1.36041e+06	6.63834e-05	0.1904	
10297	269	2968	23.1713	22.4551	1748	15.3679	9	527	15	81	69	6	1.17572e+06	6.60895e-05	0.2364	
10406	246	2982	16.7978	20.8412	1750	17.1832	6	528	18	79	53	6	1.34707e+06	5.86923e-05	0.2067	
10722	331	3008	24.5074	27.7352	1855	15.4384	7	531	7	68	37	5	1.059e+06	6.38529e-05	0.2327	
9826	121	3020	18.3862	29.8965	1714	18.0241	8	533	5	60	23	5	1.69068e+06	0.000106508	0.2352	
10229	274	3029	21.0271	29.941	1779	15.4452	6	518	2	63	26	4	1.1606e+06	6.7944e-05	0.1503	
10220	138	2954	21.1965	27.3971	1723	17.3248	4	529	3	78	20	4	1.498e+06	6.82175e-05	0.2041	
11284	328	2956	23.1655	25.8614	1762	14.5951	8	507	7	62	53	5	1.08595e+06	5.62272e-05	0.3864	
10806	382	2966	22.4278	21.0345	1862	17.0131	8	499	17	66	43	5	1.08595e+06	5.62272e-05	0.3864	
10568	144	2977	16.5337	28.0651	1810	15.6664	4	497	9	57	58	4	1.57115e+06	6.43625e-05	0.2781	
10108	262	3038	22.5412	29.1033	1738	14.5315	8	533	14	82	8	6	1.18224e+06	7.00967e-05	0.2142	
9843	317	2978	24.47	26.2308	1795	17.2024	9	509	0	55	34	5	1.16332e+06	9.0465e-05	0.1971	
10183	371	2951	16.908	27.1051	1853	15.0139	10	511	3	76	46	4	1.22159e+06	6.58501e-05	0.2314	
10389	368	3014	24.8434	25.9405	1849	18.6402	10	515	9	79	64	6	1.50367e+06	6.53211e-05	0.2512	
10283	135	3027	22.2873	24.7707	1719	15.9583	4	511	11	68	31	5	1.50367e+06	6.53211e-05	0.2512	
10684	333	3017	15.1049	23.7454	1899	18.5406	8	509	10	65	70	6	1.33034e+06	5.76568e-05	0.2622	
10715	369	3047	17.3095	21.8513	1763	14.0628	9	509	12	77	14	4	1.18726e+06	5.3118e-05	0.3408	
11255	151	3034	22.461	24.3713	1788	18.4914	8	517	1	72	58	4	1.4058e+06	5.80754e-05	0.4004	
11331	290	2998	15.3612	22.7386	1798	15.5567	7	531	14	73	61	6	1.30549e+06	5.18592e-05	0.2928	
10374	392	2961	20.1644	28.4238	1899	14.0515	10	533	16	67	68	4	1.11491e+06	6.84416e-05	0.2117	
11073	348	3038	18.6493	23.0021	1864	14.757	10	500	14	58	28	4	1.13869e+06	5.26399e-05	0.4137	
10450	397	2952	22.3739	23.0565	1744	16.9538	8	526	1	82	16	6	1.08301e+06	6.04961e-05	0.3105	
10350	169	2995	16.2467	26.5144	1702	16.7719	9	527	1	63	64	4	1.52167e+06	6.46078e-05	0.2305	
9832	262	2979	24.434	23.4899	1878	15.1885	10	519	6	73	51	5	1.24811e+06	0.000105319	0.2883	
9845	125	3019	20.0483	29.7719	1894	17.5161	5	495	4	73	24	3	1.60262e+06	0.000106895	0.2279	
11355	107	3031	23.1999	26.2075	1877	16.9428	4	525	16	61	43	6	1.61967e+06	6.81989e-05	0.4401	
11123	111	2961	21.5594	23.9194	1800	16.672	8	497	6	66	19	3	1.59477e+06	6.59326e-05	0.4983	
9906	363	3024	20.3939	23.6225	1824	15.557	4	520	17	67	14	6	1.19625e+06	7.64994e-05	0.2338	
10622	185	3033	19.0607	25.7695	1822	18.5767	8	523	5	75	43	5	1.35832e+06	6.02337e-05	0.2236	
10558	302	2994	18.0454	27.2099	1772	18.0783	9	525	1	68	28	6	1.18786e+06	6.12783e-05	0.183	
10721	306	2994	17.6395	27.3207	1740	15.1887	6	499	13	72	52	4	1.19422e+06	6.08199e-05	0.2557	
11392	310	2992	15.087	28.0394	1768	14.7157	8	504	9	84	44	6	1.28186e+06	5.65068e-05	0.3347	
10669	233	2967	21.024	20.7537	1846	14.5565	7	511	16	72	17	4	1.24463e+06	5.50995e-05	0.3747	
9909	335	2981	22.0233	29.1507	1841	17.1207	6	532	4	62	27	5	1.16144e+06	8.38364e-05	0.2297	
11302	129	3050	24.3561	22.7813	1861	17.7908	6	510	6	63	57	4	1.51124e+06	6.03027e-05	0.4593	
10682	185	2989	16.2405	21.1598	1836	15.603	7	513	14	79	18	4	1.47865e+06	5.37837e-05	0.3766	
9852	242	2980	24.411	28.0242	1774	14.586	5	526	15	71	33	5	1.38873e+06	6.80921e-05	0.2278	
10169	162	3019	24.7373	24.4028	1864	16.6292	8	518	9	61	59	5	1.38873e+06	6.80921e-05	0.2278	
11176	209	2981	21.9154	24.9188	1846	14.7175	6	497	12	61	12	4	1.23435e+06	5.59378e-05	0.4042	
10127	328	3046	16.9939	25.2983	1704	16.1727	8	504	17	82	32	5	1.24963e+06	6.32951e-05	0.2051	
10285	385	2964	18.2684	22.6906	1824	17.9059	5	534	12	72	9	4	1.17895e+06	5.87786e-05	0.1863	
10643	252	2989	23.4301	23.6455	1802	17.3921	6	530	11	78	48	5	1.1684e+06	6.11023e-05	0.2563	
9811	104	3011	15.5851	22.4188	1722	14.1392	5	508	6	77	24	6	1.98473e+06	0.000109854	0.2751	
10457	328	3036	20.9063	23.0178	1773	15.7219	4	527	5	65	4	5	1.1401e+06	5.75705e-05	0.2554	
9942	387	3009	20.3852	23.7246	1796	17.477	5	518	19	80	70	4	1.19322e+06	7.88706e-05	0.2596	
10627	143	2971	19.9419	28.0345	1795	15.9323	6	534	1	75	74	4	1.4756e+06	6.68673e-05	0.2259	
11496	207	3003	15.9669	27.2626	1844	17.0445	6	501	10	65	68	5	1.38719e+06	5.56793e-05	0.3609	
11209	159	3047	21.5019	26.8248	1876	14.7932	7	529	3	61	20	4	1.37678e+06	5.8099e-05	0.3325	
11242	352	2989	19.4117	21.7151	1781	17.1301	10	520	17	59	49	4	1.11137e+06	5.23752e-05	0.3603	
10802	300	3039	15.1232	24.1066	1732	18.6909	9	513	16	66	39	5	1.32801e+06	5.54354e-05	0.249	
11296	240	3021	22.447	20.7106	1737	17.6275	9	517	1	76	32	3	1.188e+06	5.19751e-05	0.4407	
11492	228	3024	22.0637	22.1211	1880	16.2508	9	504	7	58	49	5	1.21167e+06	5.19588e-05	0.4855	
11059	147	2999	23.583	22.6419	1885	14.3698	9	507	12	73	47	6	1.4324e+06	5.85617e-05	0.4219	
11342	255	3002	21.6947	27.7392	1706	17.7468	9	531	7	82	64	5	1.12388e+06	5.92979e-05	0.2695	
11214	356	2966	16.4668	23.3738	1773	18.0814	7	511	1	69	31	5	1.2004e+06	5.25458e-05	0.3749	
10564	116	2992	16.367	20.6011	1777	14.3012	7	521	7	73	9	4	1.70601e+06	6.14402e-05	0.5789	
10491	179	2963	16.1148	27.6906	1777	17.9348	5	531	16	56	45	3	1.47732e+06	6.31353e-05	0.1769	
10668	292	3004	18.8097	21.3435	1785	14.1656	8	532	8	71	34	4	1.19728e+06	5.52273e-05	0.2515	
9805	349	2994	18.3423	21.891	1766	15.0923	6	532	17	76	60	4	1.31512e+06	0.000120279	0.3067	
11244	266	3000	20.577	29.8543	1703	18.3308	8	528	15	71	30	5	1.12269e+06	6.09719e-05	0.2335	
10112	325	2969	21.6105	29.7472	1784	18.7407	7	501	19	68	24	5	1.12163e+06	7.03482e-05	0.1631	
11009	237	2992	15.2139	28.0107	1825	16.3552	7	521	18	81	17	5	1.36526e+06	5.75142e-05	0.2515	
11375	270	3025	16.2557	29.4808	1774	16.9185	9	495	18	82	51	6	1.25173e+06	5.86923e-05	0.3366	
10071	134	3023	18.3472	21.1846	1806	14.9179	8	512	4	67	50	5	1.59105e+06	6.38978e-05	0.3305	
11368	225	2958	24.1018	29.1522	1709	15.1803	8	522	0	72	39	4	1.14348e+06	6.16485e-05	0.3067	
10964	290	3026	20.5927	27.8261	1752	14.7853	10	527	9	69	6	4	1.11033e+06	5.89692e-05	0.2388	
11476	187	2992	24.4868	26.6124	1860	16.8153	8	528	13	81	20	4	1.25582e+06	5.75341e-05	0.3553	
11467	112	3038	19.9088	20.5529	1746	14.6738	6	512	15	83	32	3	1.64245e+06	6.16333e-05	0.5196	
10901	349	3025	22.6961	29.0719	1716	16.2347	7	525	8	56	5	5	1.046e+06	6.22743e-05	0.2312	
11369	192	3039	24.9146	21.5072	1811	18.244	10	500	3	63	31	3	1.278e+06	5.39578e-05	0.4863	
11421	143	3041	17.791	25.3008	1856	14.2853	9	516	7	83	38	4	1.50769e+06	5.68828e-05	0.4234	
10232	381	3025	21.9423	28.1426	1839	17.4354	7	529	7	83	42	6	1.20951e+06	7.00182e-05	0.2008	
10051	334	2955	17.9532	28.9477	1707	18.7393	5	515	6	82	4	4	1.20951e+06	7.00182e-05	0.2008	
10585	328	2968	23.5377	29.1217	1725	16.3822	5	515	19	59	38	4	1.0705e+06	6.68628e-05	0.1816	
10886	355	2986	18.5858	25.8907	1744	17.6076	6	511	12	62	25	4	1.12597e+06	5.75473e-05	0.2691	
11490	156	2961	16.2601	28.9978	1876	17.8179	7	516	16	67	34	6	1.50277e+06	5.91156e-05	0.357	
10286	328	3041	17.9138	26.2942	1713	14.1507	8	517	15	63	23	4	1.19498e+06	6.16675e-05	0.1531	
10646	112	3013	21.7309	27.0612	1740	16.429	8	524	6	82	66	5	1.60543e+06	7.0205e-05	0.358	
10333	241	3010	21.4457	28.9152	1855	18.9771	5	507	1	76	8	6	1.19558e+06	6.53851e-05	0.2326	
11197	336	2989	19.1793	24.9063	1732	17.7868	7	511	17	83	64	4	1.11335e+06	5.64207e-05	0.3206	
11254	195	2993	23.3168	25.8377	1900	14.7312	10	503	5	82	53	4	1.244e+06	5.79744e-05	0.3973	
11421	366	3026	16.5973	29.6211	1890	15.3608	4	515	19	75	19	3	1.15211e+06	5.73132e-05	0.3041	
11326	185	3014	24.8536	21.6009	1884	15.2466	9	525	19	62	19	5	1.30123e+06	5.38851e-05	0.3833	
10409	188	3023	22.4627	25.6491	1785	17.0626	8	527	2	82	23	5	1.31235e+06	6.29564e-05	0.2489	
11112	116	3030	17.7096	27.6161	1832	17.731	4	519	8	79	47	6	1.63635e+06	6.51339e-05	0.4124	
10289	174	3009	19.8055	24.2722	1892	15.9344	9	504	18	71	73	3	1.39068e+06	6.45953e-05	0.244	
10910	281	3010	21.1352	23.9053	1777	16.8503	8	499	20	76	11	4	1.13716e+06	5.59222e-05	0.3567	
10991	209	3028	24.22	26.7326	1712	17.1577	5	497	5	76	10	3	1.20554e+06	6.03901e-05	0.3621	
10354	360	2950	21.9425	28.9218	1895	16.2817	7	532	16	81	26	5	1.09221e+06	6.7563e-05	0.2006	
11345	360	3039	19.1453	23.4673	1738	17.1641	7	518	8	71	40	4	1.10562e+06	5.24962e-05	0.379	
11240	351	2997	18.7517	29.3784	1830	15.9109	9	496	7	62	36	6	1.10166e+06	5.97086e-05	0.3497	
10996	344	3031	17.8899	21.6237	1774	14.8191	9	499	12	66	5	3	1.16928e+06	5.11143e-05	0.4274	
10270	381	3011	18.6337	26.851	1711	18.5709	8	506	15	79	48	4	1.1564e+06	6.52231e-05	0.192	
11397	131	3010	20.2472	24.2656	1803	18.315	7	515	20	69	9	4	1.50883e+06	5.91051e-05	0.4398	
10006	127	2973	17.9084	21.9737	1779	16.8624	8	528	9	74	64	4	1.65837e+06	6.99986e-05	0.3322	
11035	205	3047	20.1678	27.4202	1816	14.616	6	514	14	63	4	5	1.26332e+06	5.76136e-05	0.299	
10647	183	2990	24.8814	23.5254	1851	18.732	5	512	13	57	20	6	1.1562e+06	5.88443e-05	0.2037	
10746	345	2956	18.6216	23.5329	1721	14.7366	6	525	13	56	70	3	1.1562e+06	5.88443e-05	0.2037	
11348	174	3038	23.0131	24.7757	1809	14.0185	9	528	8	78	52	5	1.3191e+06	5.6373e-05	0.3649	
9945	148	2994	18.9462	25.5947	1707	16.6561	9	518	17	69	64	4	1.53176e+06	7.61499e-05	0.2517	
11308	362	2986	18.0696	26.4843	1824	15.6916	10	501	3	63	7	3	1.11253e+06	5.50873e-05	0.3862	
10817	148	3038	18.0026	25.0563	1848	14.892	6	496	5	66	59	4	1.50367e+06	5.93613e-05	0.3724	
10687	172	3025	21.6353	23.7207	1807	18.1002	7	525	9	64	63	5	1.36178e+06	6.03464e-05	0.2231	
11453	392	3001	21.7575	22.9322	1718	16.1982	5	517	17	79	54	6	1.05337e+06	5.34274e-05	0.4257	
10505	211	2970	23.9959	23.5451	1728	18.7126	9	517	1	75	40	3	1.23178e+06	6.24454e-05	0.2911	
10426	322	2985	15.3133	29.1094	1711	15.8255	5	534	13	68	13	3	1.30785e+06	6.31792e-05	0.1704	
9969	289	2990	16.8098	29.4319	1700	15.2118	5	516	19	74	42	3	1.31261e+06	7.7918e-05	0.2108	
10980	368	2977	20.2543	23.8408	1816	15.0719	8	515	14	65	43	5	1.08815e+06	5.60601e-05	0.3124	
10250	244	3039	24.2952	29.4326	1783	14.6789	8	512	6	57	58	4	1.16364e+06	7.10833e-05	0.1561	
10396	254	3016	16.1319	25.8651	1836	14.2355	8	499	0	72	9	6	1.32944e+06	5.85926e-05	0.2694	
10234	285	3050	20.4365	22.8791	1715	15.845	5	500	19	68	53	4	1.19381e+06	6.19848e-05	0.2241	
11206	364	3035	21.0557	20.7547	1701	15.2035	9	529	5	70	56	3	1.08174e+06	5.25293e-05	0.3742	
10578	319	2979	17.4354	22.9158	1707	15.5421	5	535	3	79	52	4	1.22097e+06	5.87648e-05	0.2008	
11359	224	3043	15.7434	23.8992	1798	16.268	7	519	16	56	18	4	1.3731e+06	5.08647e-05	0.3512	
10377	268	2965	18.5195	24.6833	1771	16.2085	8	500	1	76	67	5	1.22941e+06	6.32191e-05	0.2371	
10432	246	3003	20.4417	29.3319	1709	17.8011	7	508	7	77	75	6	1.201e+06	6.89322e-05	0.1937	
10849	252	2959	22.9233	24.6575	1779	17.4103	7	525	18	71	63	6	1.15128e+06	6.09162e-05	0.2356	
10580	203	2995	17.038	24.9554	1875	16.1282	6	506	3	68	42	4	1.37813e+06	5.84385e-05	0.2653	
10375	217	2955	18.2944	20.6886	1890	14.3084	7	504	1	70	38	4	1.34548e+06	5.70907e-05	0.3255	
11469	330	3016	18.5804	25.7757	1797	14.7465	7	524	0	80	18	6	1.11857e+06	5.34759e-05	0.3529	
9941	214	2990	16.107	27.3646	1728	15.0134	9	527	5	81	23	5	1.44993e+06	8.21018e-05	0.2451	
11390	301	2996	20.6087	23.339	1791	17.5633	6	497	7	55	33	3	1.12298e+06	5.3056e-05	0.479	
10972	131	3004	23.3316	24.2381	1876	15.1297	4	496	12	73	57	5	1.50433e+06	6.22665e-05	0.4225	
10682	379	2975	23.75	26.1575	1863	15.8383	6	527	12	59	6	5	1.0468e+06	6.12895e-05	0.2565	
10129	198	3023	24.2521	27.855	1877	14.1504	5	528	4	83	23	3	1.28742e+06	6.96524e-05	0.2649	
10089	151	2965	15.8152	28.6981	1845	17.8695	5	534	7	81	32	6	1.62765e+06	6.99447e-05	0.2335	
11222	336	2951	18.9829	20.2588	1716	14.3591	9	499	2	80	55	5	1.1559e+06	5.17893e-05	0.5047	
9840	337	2972	17.3447	28.9682	1845	18.1914	9	518	15	76	49	5	1.29115e+06	0.000116932	0.2538	
10806	147	3026	21.6561	22.4699	1731	15.3481	6	525	4	84	12	4	1.44699e+06	5.80552e-05	0.3548	
10193	350	3041	15.2891	22.7716	1768	14.1657	7	511	16	81	24	5	1.33153e+06	5.86579e-05	0.2211	
11438	138	3038	18.5896	26.3144	1769	18.6076	6	513	14	68	50	4	1.50988e+06	5.89762e-05	0.3831	
10753	278	2983	15.0213	24.8806	1743	15.2891	9	529	19	83	48	4	1.35117e+06	5.80215e-05	0.2308	
10465	213	2983	17.1225	25.8149	1850	18.3687	8	532	9	76	36	3	1.35109e+06	6.10874e-05	0.2054	
11320	175	3014	16.5023	26.6356	1825	15.0663	8	524	0	55	63	4	1.44748e+06	5.64016e-05	0.3145	
10761	198	2991	24.7324	20.7942	1855	17.7001	4	533	16	76	32	4	1.30542e+06	5.77534e-05	0.3361	
9810	358	2969	17.5076	28.8302	1763	15.6763	8	498	16	60	69	6	1.27796e+06	0.000112587	0.21	
10563	381	3011	19.9952	28.2544	1887	17.6493	10	500	6	80	65	5	1.09689e+06	6.47417e-05	0.2415	
9966	349	3050	18.1282	27.8848	1779	15.6288	8	510	2	65	68	5	1.23344e+06	7.38225e-05	0.2331	
11414	172	3034	17.8536	27.7287	1725	16.8908	7	518	15	74	43	4	1.39981e+06	5.71657e-05	0.3262	
10492	171	2987	15.5768	21.2157	1744	14.72	5	535	17	62	52	6	1.56882e+06	5.75573e-05	0.2464	
11020	184	3042	21.0461	20.8783	1800	18.8307	9	534	9	81	35	3	1.34346e+06	5.37895e-05	0.3244	
10362	163	3036	19.4189	25.5849	1803	17.3515	6	518	14	73	70	3	1.43235e+06	6.49224e-05	0.2106	
10074	264	2967	18.7761	20.5403	1878	17.4766	4	525	10	74	44	3	1.28226e+06	6.22084e-05	0.2142	
10886	230	2988	15.3678	24.3075	1725	15.1004	6	497	1	56	48	3	1.40154e+06	5.53986e-05	0.3356	
9819	385	2950	16.9347	20.4624	1859	16.0091	5	495	4	68	47	5	1.33391e+06	9.41088e-05	0.2989	
10860	232	3005	20.6743	21.4477	1741	17.3336	6	513	17	80	37	4	1.23698e+06	5.49813e-05	0.3358	
9935	218	3047	24.3118	21.3298	1747	15.2162	7	518	6	59	19	6	1.27371e+06	6.92377e-05	0.2357	
10279	144	3008	15.7179	29.7237	1776	17.411	9	530	13	73	14	4	1.61638e+06	6.66489e-05	0.2284	
10523	387	3036	16.4245	24.1222	1751	14.1413	10	500	8	85	41	5	1.21864e+06	5.80147e-05	0.2749	
10238	282	3024	15.6544	20.039	1782	16.1356	7	505	12	63	55	4	1.37503e+06	5.7554e-05	0.2452	
10443	223	2967	20.0389	27.1775	1743	14.338	4	499	15	79	47	3	1.24294e+06	6.42343e-05	0.2263	
10076	251	3009	23.3406	25.3772	1800	14.0655	7	506	3	67	7	5	1.19159e+06	6.57419e-05	0.2895	
10766	201	2979	20.4849	27.5729	1717	17.3676	4	533	1	80	41	4	1.27418e+06	6.2027e-05	0.1895	
10841	361	2955	17.1865	29.9403	1781	15.2587	5	508	3	61	65	5	1.17141e+06	6.37796e-05	0.2204	
10645	109	2997	19.6002	29.62	1731	14.5538	6	511	18	68	39	5	1.63742e+06	7.13827e-05	0.3585	
10084	136	2993	19.7735	23.9111	1866	17.1917	6	518	20	62	49	6	1.5447e+06	6.66001e-05	0.2274	
11256	186	2972	17.4034	28.4846	1725	14.0195	6	533	5	68	5	6	1.37346e+06	5.79341e-05	0.2778	
10315	268	2957	20.684	21.5847	1746	17.8741	9	512	15	81	60	4	1.20094e+06	6.24571e-05	0.2409	
9885	262	3037	23.6017	25.4295	1807	17.6405	8	519	2	58	47	6	1.2054e+06	8.11096e-05	0.1891	
11016	390	3034	18.5088	22.9838	1795	15.7745	5	534	3	57	29	5	1.1249e+06	5.31576e-05	0.2849	
11227	148	3012	18.0715	23.2044	1817	17.337	9	520	5	71	9	5	1.48314e+06	5.52273e-05	0.42	
10722	235	2982	23.6072	21.1485	1710	17.0392	8	529	5	61	51	5	1.19834e+06	5.85549e-05	0.2689	
11400	397	3016	22.8145	26.3102	1845	16.6552	10	524	15	73	19	3	1.00135e+06	5.6123e-05	0.3397	
11260	163	3037	23.824	28.8246	1861	15.2752	8	534	14	83	16	4	1.33585e+06	6.07312e-05	0.307	
10425	286	2998	24.3657	21.1647	1826	14.3844	7	530	8	63	2	3	1.14671e+06	5.90214e-05	0.3299	
11469	336	2992	18.4979	23.2593	1740	15.1683	4	514	0	65	56	3	1.14365e+06	5.2154e-05	0.4263	
11405	271	2963	22.1051	22.1477	1745	16.1267	6	506	8	73	20	4	1.14002e+06	5.26593e-05	0.4562	
10695	270	3010	19.8411	20.1171	1747	16.9747	5	519	16	59	64	6	1.22113e+06	5.6079e-05	0.2662	
10733	343	2953	22.8858	25.7367	1793	14.6782	6	515	11	68	2	5	1.06845e+06	6.0107e-05	0.2905	
10537	299	3036	17.4977	22.3771	1732	17.3909	6	498	0	78	36	4	1.23691e+06	5.62461e-05	0.3404	
10311	356	2996	24.9428	25.2506	1754	18.7356	8	502	5	63	36	3	1.07392e+06	6.6011e-05	0.2715	
10917	400	2977	24.7497	23.2042	1754	17.6481	9	514	11	61	23	5	1.02965e+06	5.83397e-05	0.3417	
10770	240	2951	23.8983	20.9071	1782	18.6519	10	524	19	82	52	3	1.1848e+06	5.87717e-05	0.344	
11013	166	3048	18.0785	25.9873	1830	18.2712	8	525	18	72	64	3	1.42213e+06	5.85138e-05	0.2634	
10030	115	2984	17.9029	29.3541	1899	18.2443	7	531	6	79	73	4	1.70585e+06	7.87774e-05	0.2874	
11212	296	2958	22.9095	29.4054	1835	18.5039	10	531	12	59	65	5	1.06184e+06	6.3012e-05	0.2133	
11128	186	3001	17.5839	20.6599	1790	15.8664	8	503	11	77	8	5	1.42413e+06	5.08751e-05	0.51	
11215	320	3035	15.1547	20.1018	1827	15.0387	6	533	4	71	34	4	1.31292e+06	4.85791e-05	0.3723	
10455	186	3008	21.1925	21.8196	1859	14.7638	6	523	6	72	66	6	1.35459e+06	6.09162e-05	0.2533	
11477	317	2957	15.8402	25.7147	1815	15.6224	4	499	15	67	49	6	1.25057e+06	5.38387e-05	0.4034	
10128	291	2977	17.0553	26.4102	1860	17.5404	4	528	5	65	2	3	1.266e+06	6.24766e-05	0.1578	
10606	228	3019	24.4686	25.5482	1870	17.5819	9	526	0	55	48	4	1.17541e+06	6.32231e-05	0.223	
10586	220	3035	16.1834	28.539	1856	16.1146	5	503	14	77	57	4	1.36732e+06	6.26841e-05	0.2259	
10069	348	3005	18.5589	26.8182	1808	18.9839	5	520	5	77	49	4	1.20089e+06	6.8465e-05	0.2196	
9994	167	3036	15.7133	24.6259	1873	14.9157	5	500	1	62	48	5	1.58605e+06	6.52273e-05	0.2605	
9912	134	3033	23.5281	27.9987	1705	18.9011	7	528	1	68	70	4	1.53202e+06	8.62292e-05	0.2488	
10805	121	3000	23.7083	20.5029	1758	18.1548	9	509	1	64	25	6	1.56042e+06	6.2822e-05	0.4702	
10688	324	2950	17.2642	22.8761	1880	18.8594	6	496	6	57	25	5	1.22245e+06	5.53373e-05	0.3638	
10195	310	3029	24.1046	29.0673	1843	14.1166	9	528	7	79	22	6	1.12e+06	6.97107e-05	0.2352	
10768	159	2953	19.1872	25.3238	1700	18.106	8	520	20	75	41	5	1.4222e+06	6.06171e-05	0.2537	
10666	374	3048	16.0667	21.1385	1799	18.8097	8	508	5	84	21	4	1.24793e+06	5.29857e-05	0.3643	
10579	105	2990	21.7862	24.6947	1726	14.7495	9	532	8	73	16	4	1.62621e+06	7.01656e-05	0.4745	
10107	391	2978	18.1625	25.7178	1786	14.1979	4	524	10	69	11	6	1.18939e+06	6.34156e-05	0.1662	
11465	161	2958	15.016	26.624	1891	17.2906	8	519	1	60	23	6	1.04345e+06	6.34598e-05	0.2224	
10868	389	3031	20.1393	28.418	1817	16.2124	7	501	17	72	73	5	1.07706e+06	6.25234e-05	0.2526	
11476	266	2960	21.8563	29.5912	1856	14.2414	7	519	11	81	39	5	1.09731e+06	5.99556e-05	0.3186	
10722	117	2988	20.1793	29.7719	1800	16.7331	5	528	14	80	52	5	1.58968e+06	6.99839e-05	0.3099	
11280	292	2993	20.4657	25.1728	1764	18.6148	5	496	11	80	74	5	1.1321e+06	5.68861e-05	0.4146	
10738	247	2954	21.6349	29.2868	1874	16.2093	9	528	10	77	4	6	1.1562e+06	6.31712e-05	0.2253	
10066	352	3047	20.2701	20.0431	1733	17.2688	4	510	15	55	56	3	1.18832e+06	6.14439e-05	0.1899	
11323	265	2968	19.7409	25.733	1746	17.9789	7	495	2	75	40	3	1.16212e+06	5.60632e-05	0.4207	
10240	102	2951	24.0263	29.9887	1778	15.0485	8	521	15	59	37	4	1.23235e+06	6.65823e-05	0.2155	
10279	342	2956	16.86	28.2085	1753	14.0366	6	528	19	83	38	3	1.23235e+06	6.65823e-05	0.2155	
10921	344	3002	15.2572	21.6771	1730	15.1824	8	530	9	71	25	4	1.2829e+06	5.19049e-05	0.2658	
10818	153	3026	15.2787	23.5216	1716	16.4429	6	510	3	56	30	3	1.60605e+06	5.62493e-05	0.385	
10386	220	2953	23.6555	23.6655	1759	14.0688	10	509	3	58	36	3	1.21376e+06	6.28891e-05	0.2823	
10739	320	3008	17.5141	22.8653	1883	18.8017	5	530	8	75	31	6	1.20824e+06	5.52883e-05	0.2499	
10102	178	3029	17.5497	24.6006	1746	18.5817	5	498	2	74	59	5	1.45555e+06	6.48256e-05	0.2255	
10718	377	3021	21.9027	29.6847	1886	16.4061	7	507	6	81	15	5	1.05133e+06	6.34921e-05	0.2692	
11105	169	2988	15.288	22.7869	1759	15.6636	7	496	7	76	27	6	1.56273e+06	5.35045e-05	0.4783	
10269	349	3020	15.7759	21.8139	1847	15.0088	6	513	9	77	31	3	1.29815e+06	5.74812e-05	0.2418	
11024	178	2995	22.6628	22.9362	1881	18.0022	6	512	11	58	50	5	1.33461e+06	5.68764e-05	0.3475	
11280	143	3037	16.1228	25.2993	1825	15.247	4	528	2	56	26	4	1.58163e+06	5.67601e-05	0.396	
10386	209	2986	24.9961	29.3679	1894	15.6387	4	534	11	74	11	4	1.23293e+06	6.84229e-05	0.2378	
11447	157	2956	15.7939	25.3477	1788	16.7523	9	515	18	62	44	6	1.53643e+06	5.58659e-05	0.3804	
10901	303	2994	15.1192	26.7448	1816	18.5325	7	533	0	70	18	4	1.3002e+06	5.66701e-05	0.2306	
11009	174	2970	24.8461	26.4282	1780	18.5449	5	521	8	72	61	4	1.30559e+06	6.23441e-05	0.2799	
10139	343	3000	17.0166	25.0289	1724	15.6693	6	532	12	73	57	4	1.26517e+06	6.58285e-05	0.2396	
9850	123	3024	23.5663	23.9794	1877	16.0621	5	518	14	61	8	4	1.62192e+06	8.75887e-05	0.2314	
9899	146	3006	15.9894	23.326	1760	14.7413	5	507	3	58	48	6	1.67146e+06	7.29129e-05	0.232	
10972	123	3021	16.4831	20.9266	1786	14.315	5	496	13	84	61	4	1.68845e+06	5.93225e-05	0.4812	
10676	390	3004	24.5083	25.3561	1852	16.9508	9	535	8	83	74	4	1.33741e+06	5.71984e-05	0.3035	
11428	255	2978	15.0356	28.5763	1810	18.9029	9	512	5	74	52	5	1.33741e+06	5.71984e-05	0.3035	
10779	283	2969	16.7894	25.5493	1807	14.2633	9	500	10	59	37	4	1.24347e+06	5.73888e-05	0.2927	
10566	257	2963	24.9533	29.9725	1819	16.2473	10	496	8	67	26	6	1.11814e+06	6.83293e-05	0.272	
11211	240	2969	22.0403	20.8001	1794	16.266	8	532	4	56	33	3	1.19161e+06	5.25597e-05	0.3625	
11098	298	2960	24.2324	24.5228	1886	16.4248	9	523	16	74	37	5	1.07509e+06	5.80147e-05	0.3405	
10438	394	2980	15.3927	25.9598	1701	17.7296	6	533	1	61	62	3	1.30081e+06	6.25782e-05	0.2169	
9910	155	2968	17.2395	23.9411	1879	17.0197	10	515	17	60	64	5	1.57229e+06	7.47999e-05	0.2847	
10455	313	2964	17.2857	21.2867	1862	16.1091	9	532	16	72	34	5	1.12582e+06	5.25183e-05	0.4038	
10595	355	2957	16.3093	27.7595	1880	17.7135	4	509	9	56	43	4	1.12582e+06	5.25183e-05	0.4038	
11388	278	2978	22.3647	21.829	1754	16.2268	9	522	2	61	30	5	1.12582e+06	5.25183e-05	0.4038	
10725	173	2973	24.7684	21.5006	1759	16.4009	4	510	18	62	28	3	1.35619e+06	5.90005e-05	0.3441	
10925	289	3039	18.5251	22.9949	1714	16.0024	6	508	8	69	3	3	1.18804e+06	5.31237e-05	0.368	
10658	170	2954	24.9482	27.4586	1743	15.5387	9	499	6	62	51	6	1.31437e+06	6.61813e-05	0.287	
10328	378	3007	19.6481	25.6329	1767	16.3116	9	519	10	56	39	5	1.1286e+06	6.26056e-05	0.1505	
11478	322	2962	16.2607	24.7666	1870	14.407	9	498	15	81	34	5	1.21726e+06	5.24439e-05	0.4426	
11384	215	2992	21.9259	27.7091	1744	17.3194	6	528	18	57	7	4	1.19571e+06	5.78001e-05	0.284	
11078	108	2984	23.0105	28.6468	1855	15.3236	6	503	19	70	48	5	1.60609e+06	7.08165e-05	0.4154	
11371	131	3020	16.7605	26.2818	1721	17.953	6	511	3	70	5	5	1.59469e+06	5.97229e-05	0.4121	
10134	191	2988	22.6993	23.8348	1706	17.3889	5	528	8	67	36	5	1.31708e+06	6.55523e-05	0.1818	
11068	282	2961	18.5274	20.5043	1706	17.1482	6	500	10	73	59	5	1.2214e+06	5.3087e-05	0.438	
10790	212	2976	15.021	29.8016	1782	15.1803	4	516	1	60	65	6	1.45184e+06	6.32751e-05	0.1894	
10585	185	3005	22.7742	26.073	1793	14.0848	7	515	7	84	6	5	1.30724e+06	6.13196e-05	0.3002	
10746	222	3011	18.2801	22.6698	1708	14.7016	9	529	6	71	36	5	1.29686e+06	5.57041e-05	0.2509	
10472	346	2955	19.4354	22.9338	1757	18.1416	10	535	10	66	61	6	1.15541e+06	6.14213e-05	0.1699	
11146	333	3030	23.0495	22.1176	1742	18.5826	7	503	15	76	23	4	1.07859e+06	5.42446e-05	0.4222	
10195	142	2961	19.0633	20.3797	1701	14.124	9	525	4	55	44	4	1.53438e+06	6.16941e-05	0.2587	
11247	281	3039	18.0699	22.369	1830	16.0669	4	505	3	65	18	6	1.22506e+06	5.07202e-05	0.4628	
10115	108	3046	18.0193	27.2734	1824	16.6899	4	508	5	55	18	4	1.70204e+06	7.04722e-05	0.4094	
10089	289	3050	15.9861	22.3989	1810	14.5676	9	508	1	65	33	4	1.3367e+06	5.94071e-05	0.2176	
10432	158	3030	15.0183	22.2353	1779	16.5209	6	532	19	57	14	4	1.62463e+06	5.65963e-05	0.3154	
10161	294	2983	21.9134	29.4107	1847	17.6424	4	506	17	66	42	4	1.14157e+06	7.01016e-05	0.1645	
11140	296	3003	19.1514	23.6836	1709	18.8474	6	507	3	76	66	5	1.1634e+06	5.56235e-05	0.3584	
10118	380	3029	18.3895	20.0691	1881	14.3803	10	498	0	82	37	5	1.2056e+06	5.89657e-05	0.3355	
11100	248	2993	24.9895	21.4928	1732	15.4984	4	529	13	82	37	6	1.17374e+06	5.59628e-05	0.3852	
10396	360	2974	24.6381	21.443	1872	18.5774	7	532	3	58	72	4	1.10151e+06	6.41272e-05	0.2105	
10966	397	3046	20.0202	29.9204	1847	16.4251	8	518	5	68	47	5	1.62401e+06	7.22648e-05	0.3974	
10836	105	3013	24.0017	27.8258	1722	15.1619	6	521	18	73	52	5	1.62401e+06	7.22648e-05	0.3974	
11125	207	3020	17.9262	27.1398	1899	18.8506	9	531	6	84	65	6	1.30743e+06	5.83567e-05	0.2587	
11143	106	3005	16.7657	20.4954	1762	18.1679	8	518	2	74	65	4	1.7554e+06	6.35284e-05	0.5011	
10358	102	3040	16.7591	28.9744	1701	18.2192	9	498	14	79	31	3	1.75809e+06	7.28279e-05	0.4497	
9979	394	3011	17.7526	24.2266	1758	15.6273	5	521	5	56	67	5	1.24905e+06	6.78841e-05	0.2187	
10628	199	3015	18.7704	26.9377	1862	16.4559	6	500	13	67	39	4	1.31907e+06	6.04851e-05	0.2567	
10569	362	2976	18.78	28.039	1895	16.7555	7	497	9	82	59	6	1.13333e+06	6.38488e-05	0.2568	
11242	226	2962	23.7467	25.7279	1857	16.1359	7	529	0	58	70	5	1.16737e+06	5.91471e-05	0.2887	
10348	368	3025	22.1083	27.8347	1848	16.3541	8	528	8	79	68	4	1.09548e+06	6.86436e-05	0.2016	
10383	195	2984	15.8095	24.6657	1818	15.2062	10	503	9	83	55	5	1.02876e+06	6.49477e-05	0.2284	
10893	351	2989	24.2765	29.9322	1728	16.7075	7	519	19	62	16	4	1.02876e+06	6.49477e-05	0.2284	
9838	168	2990	15.0264	29.4184	1838	17.0743	5	518	14	76	14	6	1.64325e+06	0.000114613	0.2515	
10661	137	2992	19.2324	21.7411	1832	16.3896	6	525	13	73	10	4	1.52526e+06	5.8713e-05	0.3914	
10247	171	3045	17.8494	20.698	1735	17.1483	10	532	2	83	21	5	1.47783e+06	5.83737e-05	0.2618	
11077	355	3017	23.7543	22.0697	1732	18.8537	8	510	6	84	51	4	1.06214e+06	5.61735e-05	0.3967	
10198	246	3018	19.3734	22.4039	1866	18.4893	8	528	15	69	35	6	1.26408e+06	6.09905e-05	0.1852	
11205	172	3028	21.3916	22.9577	1728	18.1765	6	534	1	76	14	5	1.35891e+06	5.44573e-05	0.3715	
10032	341	2950	15.7298	20.3473	1861	16.6854	5	527	5	70	20	5	1.34296e+06	6.01938e-05	0.2048	
9992	379	3042	22.3605	28.594	1780	17.6699	9	496	9	77	43	5	1.11486e+06	7.50244e-05	0.1909	
11061	385	3034	21.4868	25.4552	1851	14.0729	10	511	20	70	41	4	1.04628e+06	5.69249e-05	0.3255	
11118	302	3021	16.3969	29.2092	1850	14.5531	8	509	11	76	68	4	1.21887e+06	5.99592e-05	0.2658	
10378	222	2975	20.1219	23.3179	1829	16.4134	7	508	14	81	63	5	1.26983e+06	6.26566e-05	0.2545	
10742	396	3036	17.2223	22.237	1750	16.7946	10	511	8	77	61	5	1.18062e+06	5.61545e-05	0.2751	
9926	354	3018	18.6669	29.9338	1735	17.3889	7	522	3	75	38	5	1.21891e+06	8.66852e-05	0.2276	
10977	305	3005	17.6687	28.8788	1850	18.23	6	533	1	81	41	3	1.16762e+06	6.01214e-05	0.2313	
9985	237	2968	24.7085	28.3805	1735	15.6468	5	530	6	70	19	4	1.21269e+06	7.68285e-05	0.2055	
10105	181	3015	18.2127	24.7141	1844	18.4811	5	522	2	69	50	5	1.42916e+06	6.47836e-05	0.202	
10334	164	2986	16.3739	22.9553	1754	18.5981	7	511	15	79	29	5	1.53204e+06	5.97051e-05	0.2741	
10298	202	2962	21.8968	27.3576	1879	17.3583	4	516	13	75	48	4	1.27329e+06	6.72179e-05	0.2028	
10257	342	3003	23.3307	28.3758	1744	16.1307	5	525	12	59	53	4	1.09765e+06	6.96767e-05	0.1282	
10974	387	2992	19.5345	25.1109	1895	17.0552	5	506	9	60	6	4	1.09332e+06	5.54877e-05	0.3551	
10027	328	3027	24.0213	27.1864	1828	16.0583	5	524	14	82	12	4	1.13653e+06	7.2648e-05	0.2427	
10056	381	2980	16.2106	26.5459	1851	18.7864	10	522	17	60	73	4	1.30855e+06	6.90894e-05	0.2705	
10583	322	2955	17.3632	22.3081	1790	18.6299	4	509	17	57	17	3	1.21846e+06	5.54201e-05	0.2856	
10542	393	2951	20.2044	22.1089	1732	16.4376	5	517	12	73	7	5	1.11667e+06	5.6815e-05	0.2887	
10784	322	3029	21.8908	28.5346	1812	14.0464	9	524	2	67	12	6	1.07946e+06	6.15309e-05	0.2483	
10655	248	3004	15.3678	21.8205	1758	16.8886	8	505	5	63	74	3	1.39946e+06	5.66219e-05	0.2661	
10411	225	2967	19.4017	28.9386	1759	17.2586	7	530	6	65	32	4	1.24918e+06	6.56728e-05	0.1522	
11279	101	2999	19.7596	23.0444	1861	15.9006	9	500	16	81	45	5	1.69436e+06	6.78748e-05	0.4679	
11461	110	2977	16.2437	23.7916	1778	17.8472	4	529	20	66	22	4	1.74148e+06	6.32992e-05	0.4483	
11087	332	3029	19.3385	26.0359	1861	14.9661	7	504	7	80	6	4	1.11404e+06	5.5605e-05	0.3859	
10878	280	2987	23.5048	22.4773	1877	17.4809	8	535	1	72	12	4	1.12568e+06	5.61924e-05	0.3345	
10302	350	2955	20.4865	22.0039	1883	18.115	10	508	10	56	49	3	1.13486e+06	6.08347e-05	0.2277	
9979	114	3000	22.8354	24.0918	1865	18.76	4	499	8	59	65	4	1.10286e+06	5.33846e-05	0.3012	
11293	353	3021	19.507	22.5603	1714	14.5609	9	530	17	67	67	4	1.10286e+06	5.33846e-05	0.3012	
10325	139	3004	17.7346	23.6928	1712	15.1909	9	530	14	67	3	3	1.54761e+06	6.11883e-05	0.3187	
10156	272	2995	22.2672	26.5635	1815	18.2523	9	514	15	71	8	6	1.16344e+06	6.56642e-05	0.2233	
11227	316	3003	15.2717	26.7615	1836	16.2891	9	531	18	75	30	6	1.26338e+06	5.50721e-05	0.2578	
10128	328	3020	22.82	27.8769	1790	15.3649	10	498	8	59	6	5	1.10753e+06	6.6912e-05	0.2399	
10279	190	3023	24.2528	23.8441	1846	15.8521	5	515	19	66	25	4	1.30823e+06	6.35122e-05	0.2702	