11016	400	3034	22.5617	23.3578	1795	15.7745	5	534	7	60	18	5	1.04844e+06	5.52486e-05	0.2906	
11285	288	3004	18.7833	20.8793	1887	18.1747	6	534	16	60	3	4	1.18675e+06	4.92708e-05	0.3514	
11016	400	3034	22.5617	23.3164	1795	15.7745	9	534	3	60	18	5	1.03894e+06	5.52273e-05	0.2948	
11086	400	3016	22.0505	28.7556	1852	16.6552	10	535	15	73	19	3	1.01634e+06	6.01178e-05	0.235	
11331	323	3034	15.4966	23.2696	1804	16.4585	7	533	5	66	10	4	1.25686e+06	5.00175e-05	0.3158	
10941	400	3004	17.6796	23.5397	1740	16.4347	9	535	15	74	32	5	1.13559e+06	5.47735e-05	0.2265	
11400	391	3016	23.1419	26.0248	1804	16.6552	10	525	15	73	32	3	1.0016e+06	5.63444e-05	0.3362	
10837	385	3050	19.8681	22.4256	1817	17.8864	9	529	19	64	29	4	1.09723e+06	5.46388e-05	0.248	
10942	400	3050	21.6003	23.3164	1808	18.1949	9	534	3	60	18	5	1.05392e+06	5.51207e-05	0.2693	
10825	390	3034	19.4812	20.8806	1804	16.7717	6	534	3	58	29	5	1.1225e+06	5.31858e-05	0.2675	
10426	392	3039	18.6164	26.9211	1843	18.5611	8	535	4	57	8	4	1.12954e+06	6.07165e-05	0.1277	
11454	397	3037	22.8145	25.8624	1845	16.6552	10	524	15	73	25	4	1.00377e+06	5.52853e-05	0.3531	
11030	381	3050	15	21.6865	1817	17.3426	9	531	16	68	40	4	1.2773e+06	5.13848e-05	0.2638	
10923	369	2982	17.5789	22.6762	1886	16.3533	7	534	18	59	15	3	1.15511e+06	5.29157e-05	0.2624	
10141	376	3042	17.6843	23.2998	1812	18.4694	6	531	5	56	19	5	1.20923e+06	5.97122e-05	0.1127	
10837	381	3050	19.1411	22.4256	1781	17.8864	9	529	19	65	40	4	1.11661e+06	5.49451e-05	0.2406	
11400	397	3016	22.5682	26.5311	1734	16.6552	10	525	15	78	52	3	1.00689e+06	5.73066e-05	0.3132	
11016	390	3034	18.5088	20.8806	1792	15.7745	6	534	3	57	23	4	1.13306e+06	5.10908e-05	0.3117	
11306	394	3005	20.2061	25.333	1798	18.0033	8	533	19	66	75	3	1.0571e+06	5.67279e-05	0.2419	
11295	373	3016	21.7732	22.4399	1845	17.0537	4	530	12	66	37	3	1.063e+06	5.2843e-05	0.3387	
10942	400	3050	21.6003	23.3164	1808	18.1949	9	535	0	60	33	5	1.05532e+06	5.56731e-05	0.2567	
11030	400	3050	15	21.6641	1807	17.3426	9	531	16	68	40	4	1.27013e+06	5.13901e-05	0.2632	
11229	394	2992	23.9276	29.0129	1731	15.4696	7	530	12	58	9	6	1.0017e+06	6.1252e-05	0.2617	
11449	395	3016	22.8145	23.5751	1845	15.9093	10	524	12	73	19	3	1.01516e+06	5.31124e-05	0.372	
10900	400	3050	21.054	23.3164	1808	18.1949	9	534	3	60	18	5	1.06432e+06	5.51025e-05	0.2596	
11400	400	3016	22.8145	22.4269	1870	16.2518	10	525	15	73	31	3	1.024e+06	5.25597e-05	0.3938	
11264	391	3016	23.6373	26.0248	1816	16.6552	10	525	15	73	32	3	1.00466e+06	5.74086e-05	0.3121	
10587	382	3039	22.2796	26.6445	1831	18.5611	8	535	8	59	13	4	1.05902e+06	6.13798e-05	0.1688	
10978	400	3034	20.0129	23.3164	1795	15.7745	9	534	3	60	26	5	1.0777e+06	5.43242e-05	0.2759	
10837	381	3039	20.1463	22.4256	1808	17.8087	9	530	19	68	24	4	1.09326e+06	5.46866e-05	0.2523	
11209	387	3009	22.449	29.1561	1763	15.6644	6	535	16	66	19	3	1.01345e+06	6.04339e-05	0.2285	
10814	380	3024	25	29.2444	1819	19	7	532	10	63	51	4	1.02259e+06	6.58501e-05	0.177	
11400	397	3016	22.5084	25.8624	1845	16.9696	10	524	15	73	19	3	1.00632e+06	5.54785e-05	0.3445	
10871	400	3008	22.26	26.1687	1888	18.8132	8	534	12	65	28	3	1.03733e+06	5.93577e-05	0.2177	
11381	400	3038	21.5275	23.0738	1843	15.2073	9	522	15	65	13	5	1.04211e+06	5.19832e-05	0.3681	
10950	385	2992	22.0318	27.3753	1886	16.7621	8	532	19	57	15	3	1.03329e+06	5.95912e-05	0.2228	
11073	392	2992	20.2087	27.5987	1837	15.3967	8	535	17	61	21	3	1.04922e+06	5.83431e-05	0.2151	
11233	337	3002	15	21.6771	1738	15.2472	9	532	9	71	18	4	1.28636e+06	4.96303e-05	0.3187	
11110	330	3045	19.8653	20.775	1837	18.5804	7	534	16	67	10	4	1.1293e+06	5.07074e-05	0.3285	
11412	400	3016	22.8145	26.5861	1852	17.0209	10	524	15	73	19	3	999100	5.63444e-05	0.34	
11016	390	3034	17.8799	20.1845	1792	15.7745	6	534	3	59	21	5	1.15912e+06	5.02134e-05	0.3243	
10938	400	3034	21.1563	23.3164	1795	15.1195	10	534	3	60	26	5	1.05982e+06	5.51815e-05	0.2687	
10426	392	3039	18.6164	26.9211	1843	18.5611	8	535	4	57	8	5	1.13127e+06	6.07497e-05	0.1268	
11016	390	3034	21.5163	22.9838	1795	15.7745	5	535	4	55	29	4	1.06484e+06	5.46388e-05	0.2749	
11500	377	3016	23.2756	22.4269	1845	16.9643	10	524	15	72	19	3	1.02544e+06	5.20996e-05	0.4124	
11016	400	3034	20.612	23.3578	1795	15.7745	5	533	6	60	17	4	1.07175e+06	5.40716e-05	0.2821	
11113	400	3012	22.26	26.1687	1888	18.8132	8	535	12	65	28	3	1.0231e+06	5.75639e-05	0.2523	
10893	335	2972	17.9531	20	1794	16.7621	7	535	19	65	15	4	1.1842e+06	5.14774e-05	0.2825	
11140	400	3027	22.4766	29.7597	1862	16.0526	10	524	15	70	19	3	1.00616e+06	6.11284e-05	0.2573	
11500	400	3007	20.5915	22.6985	1843	18.7159	5	534	19	73	66	3	1.05783e+06	5.25652e-05	0.3403	
11269	389	3016	22.5084	25.8624	1845	16.9696	10	535	15	73	16	3	1.01446e+06	5.60601e-05	0.2874	
11411	327	3036	19.5682	20.2022	1899	17.0128	6	534	20	58	5	4	1.13785e+06	4.80607e-05	0.3927	
11072	400	2987	21.6003	23.3164	1808	18.1949	8	534	5	60	24	5	1.04938e+06	5.5063e-05	0.284	
11457	370	3016	22.946	21.5994	1781	18.7205	10	524	20	78	21	3	1.03698e+06	5.1792e-05	0.4038	
11473	354	3042	16.056	20	1772	15.008	7	535	6	57	20	3	1.2261e+06	4.67464e-05	0.4206	
10663	321	3042	15.954	20.6783	1858	15.008	7	535	15	57	14	3	1.27917e+06	5.17786e-05	0.2461	
11016	400	3034	22.5617	23.3164	1791	16.7798	9	534	3	60	18	5	1.03883e+06	5.53036e-05	0.2905	
10793	339	3046	15	21.0738	1749	17.7051	5	528	20	65	27	4	1.3222e+06	5.2021e-05	0.2336	
11264	391	3016	23.6373	26.0248	1821	16.7432	10	525	15	74	32	3	1.00452e+06	5.74185e-05	0.3127	
11030	389	3050	16.3715	21.6865	1817	17.3426	9	533	16	68	34	4	1.19606e+06	5.15145e-05	0.2738	
10991	366	3027	22.5617	23.3164	1795	15.7745	9	534	19	60	7	5	1.05293e+06	5.51907e-05	0.2838	
11308	400	2994	19.3912	26.8408	1817	18.5611	9	533	8	66	19	3	1.05319e+06	5.59284e-05	0.2623	
11500	393	3016	22.8145	28.7556	1852	16.6552	10	534	13	75	25	4	991952	5.83431e-05	0.2955	
11381	400	3009	19.6045	21.8671	1856	15.2081	9	520	19	64	13	4	1.07972e+06	5.01605e-05	0.387	
10942	400	3050	21.5415	23.3164	1808	18.1949	9	534	3	60	18	5	1.05453e+06	5.50873e-05	0.269	
10587	392	3040	18.4105	24.6454	1843	18.5611	6	535	4	57	14	3	1.13414e+06	5.71265e-05	0.1782	
10923	370	2990	17.5789	22.6762	1886	16.3171	7	534	18	59	7	3	1.15458e+06	5.25348e-05	0.2672	
10462	311	3042	17.9084	20.0338	1761	18.4694	6	530	5	56	9	5	1.22896e+06	5.36884e-05	0.2243	
10923	328	3003	19.3558	22.8395	1867	16.7621	7	534	19	62	10	3	1.12965e+06	5.35733e-05	0.2567	
10725	335	2998	15.7732	21.6771	1730	15.6399	8	533	9	61	23	4	1.2692e+06	5.33191e-05	0.2166	
10723	394	3005	20.2061	24.7238	1833	18.4968	10	532	19	61	49	3	1.08494e+06	5.9312e-05	0.1751	
11173	337	3029	15.2572	22.8643	1730	15.0293	7	534	9	71	19	4	1.26858e+06	5.09009e-05	0.2813	
11306	394	2960	20.2061	25.333	1798	18.0033	8	533	19	56	75	3	1.05911e+06	5.71984e-05	0.2359	
10723	394	3004	20.2061	22.967	1806	18.7862	9	532	16	56	56	4	1.09796e+06	5.8126e-05	0.17	
10725	399	3024	19.507	22.5603	1714	14.5609	9	530	16	60	61	4	1.11342e+06	5.75043e-05	0.1936	
10587	400	3016	19.4847	26.9211	1775	18.5611	8	535	5	61	20	4	1.0969e+06	6.08162e-05	0.1441	
11230	396	3016	22.8145	25.3413	1852	16.6552	10	534	13	68	25	4	1.0151e+06	5.61577e-05	0.2857	
10426	392	3039	18.6164	26.9211	1843	18.9889	8	535	4	57	8	5	1.13099e+06	6.07903e-05	0.1254	
11016	390	3034	18.5088	20	1792	15.8558	6	534	3	57	23	4	1.14165e+06	5.03931e-05	0.3236	
11380	392	3030	20.9259	20.9083	1793	16.6552	10	527	15	83	19	3	1.06272e+06	5.02386e-05	0.3857	
10766	393	3039	19.0343	26.9211	1816	16.6576	8	533	4	63	14	5	1.0976e+06	5.85035e-05	0.1909	
11233	351	3002	15	21.8861	1738	15.2472	9	532	9	71	18	4	1.27679e+06	4.98082e-05	0.3134	
11209	387	3009	21.4362	28.6597	1763	15.6644	6	535	13	66	19	3	1.02534e+06	5.93014e-05	0.2272	
11500	342	3050	19.1834	22.6588	1703	17.9321	8	535	18	85	23	5	1.10726e+06	5.0656e-05	0.3435	
11400	391	3021	23.1419	26.0248	1804	16.6552	10	525	15	73	32	3	1.00178e+06	5.62968e-05	0.3362	
10587	400	3030	19.7523	26.9211	1843	18.5611	8	535	5	59	6	4	1.09017e+06	6.00096e-05	0.1667	
11285	365	3004	19.2551	21.1715	1899	17.483	6	535	16	55	57	4	1.11858e+06	5.15384e-05	0.3175	
11301	400	3025	22.8144	23.2631	1845	16.3283	8	534	17	73	19	3	1.02202e+06	5.35246e-05	0.3333	
11454	400	3037	22.8145	25.8624	1761	16.6552	10	524	15	72	25	4	1.00273e+06	5.55556e-05	0.3446	
11399	400	3025	22.0505	28.7556	1859	16.6552	10	535	11	73	19	3	999321	5.82242e-05	0.2741	
11144	394	3004	22.2344	21.6145	1754	18.6117	9	532	19	69	21	4	1.0476e+06	5.34302e-05	0.3181	
10837	381	3050	19.5489	26.9231	1817	18.9156	8	526	14	64	35	4	1.08775e+06	5.91156e-05	0.1957	
11061	385	3034	21.4868	27.6366	1761	16.3511	10	532	19	70	33	3	1.03433e+06	5.9319e-05	0.2227	
10396	339	3026	20.3236	29.0942	1708	14.9713	5	534	16	57	24	4	1.11901e+06	6.54664e-05	0.1105	
11123	400	2987	22.26	26.1687	1888	18.8132	8	534	13	65	47	4	1.02648e+06	5.85069e-05	0.2452	
11018	400	3016	20.349	28.7556	1857	16.6552	10	535	15	73	19	3	1.04324e+06	5.97372e-05	0.2074	
11369	392	2992	20.2087	27.5987	1798	15.3967	9	535	16	61	21	3	1.03402e+06	5.67795e-05	0.2503	
11209	387	3026	22.449	29.1644	1790	15.6644	6	533	16	66	19	3	1.01377e+06	6.0183e-05	0.2386	
10225	307	3044	16.348	22.8527	1748	17.9959	7	529	17	58	14	5	1.29155e+06	5.78972e-05	0.1154	
10524	392	2990	18.9181	24.0772	1873	16.3533	7	534	18	59	9	3	1.1245e+06	5.75043e-05	0.1765	
10837	390	3050	19.8681	22.4256	1794	17.8864	9	530	19	64	29	4	1.09474e+06	5.47076e-05	0.2447	
10784	381	3036	19.9003	22.6017	1856	15.1379	7	528	19	62	67	4	1.13665e+06	5.51298e-05	0.2034	
10590	392	3026	18.6164	22.4013	1843	18.5611	8	535	9	55	10	4	1.13665e+06	5.51298e-05	0.2034	
10659	373	3037	16.5009	23.8853	1783	18.5611	9	535	1	68	14	4	1.2047e+06	5.54262e-05	0.1905	
11400	397	3016	22.5682	26.5311	1725	16.6552	10	525	15	69	9	3	1.0036e+06	5.64812e-05	0.3148	
11293	365	3014	19.1595	26.9368	1754	15.0545	9	535	17	69	23	4	1.07488e+06	5.59566e-05	0.2413	
11429	323	3036	15.4966	23.2696	1804	16.4585	6	534	5	66	10	5	1.25769e+06	4.95295e-05	0.3298	
11306	400	3016	20.2061	26.2182	1820	18.0033	8	533	19	67	69	3	1.04891e+06	5.71233e-05	0.2367	
11113	400	3001	22.26	26.1687	1900	16.3915	8	535	12	67	28	3	1.02366e+06	5.75043e-05	0.2579	
10921	388	3029	15.7356	21.6771	1737	18.0616	6	535	7	68	21	4	1.23604e+06	5.18054e-05	0.2585	
11473	354	3042	16.4959	20	1772	15.008	7	535	6	57	12	3	1.20452e+06	4.66657e-05	0.4251	
11285	288	3003	18.7833	20.8793	1893	18.4086	6	534	16	60	2	4	1.18838e+06	4.92562e-05	0.3535	
11449	395	3046	22.8145	23.5751	1845	16.2518	10	526	12	73	19	3	1.01691e+06	5.28262e-05	0.3656	
10225	307	3038	16.348	22.3464	1748	17.9959	7	529	17	62	14	5	1.29462e+06	5.76568e-05	0.1252	
11263	395	3020	22.8145	24.4962	1845	15.9093	9	531	12	73	19	3	1.01714e+06	5.49089e-05	0.3141	
11016	390	3034	18.9648	21.0897	1795	15.6643	5	534	4	57	29	5	1.12667e+06	5.17036e-05	0.3032	
11483	396	3037	23.6701	26.6412	1855	15.9834	8	531	7	68	40	5	996954	5.65643e-05	0.3297	
11001	343	2994	15.2572	21.6771	1706	15.1824	8	535	9	71	23	4	1.27726e+06	5.14668e-05	0.2599	
10893	393	3021	23.1064	29.9322	1740	15.3862	7	532	20	70	16	4	1.02234e+06	6.36132e-05	0.1977	
11400	400	3016	22.8145	26.1617	1870	16.2518	10	525	14	73	31	3	1.00131e+06	5.60884e-05	0.3369	
10808	344	3002	15.2572	22.3271	1732	14.7461	7	535	12	72	20	4	1.28619e+06	5.31321e-05	0.2185	
11110	341	3045	18.1962	20.0078	1837	18.5804	7	534	16	67	20	4	1.16874e+06	4.9729e-05	0.3242	
11088	331	3043	16.6691	20.1018	1836	16.1021	6	534	7	64	7	4	1.23146e+06	4.8631e-05	0.3468	
10723	394	3012	20.2061	21.2262	1806	18.8183	9	532	16	58	17	4	1.09877e+06	5.45316e-05	0.2409	
11125	373	2973	17.6435	25.6444	1808	19	8	535	17	60	4	3	1.12144e+06	5.48787e-05	0.2271	
10881	381	3050	19.5228	26.7923	1789	16.0317	8	526	16	61	35	4	1.08543e+06	5.8524e-05	0.2012	
11110	333	3050	19.5305	20.775	1843	18.5804	7	535	16	67	16	4	1.13438e+06	5.06868e-05	0.3165	
11312	397	3016	22.5859	25.8624	1845	16.5198	10	524	15	73	19	3	1.01042e+06	5.59785e-05	0.327	
10257	342	3012	20.8928	26.874	1716	16.146	5	525	19	55	34	4	1.12555e+06	6.52188e-05	0.1044	
11264	391	3016	23.6373	26.0248	1816	16.2566	10	525	15	73	32	3	1.00443e+06	5.73921e-05	0.313	
10942	400	3029	15.2572	22.8643	1730	15.0293	7	534	9	71	19	4	1.25029e+06	5.23204e-05	0.2422	
11001	335	2994	15	21.6771	1730	16.5199	8	533	9	61	7	4	1.29831e+06	5.06355e-05	0.2833	
11452	374	3019	16.9094	20	1871	15.3191	7	528	15	61	12	3	1.18015e+06	4.69285e-05	0.4201	
10524	392	2993	18.9181	24.0772	1809	16.3533	6	534	18	61	22	3	1.12919e+06	5.82785e-05	0.1626	
11329	400	3014	21.6994	29.7597	1871	14.9236	10	524	18	74	19	3	1.00501e+06	5.97943e-05	0.2724	
11306	364	3050	20.1885	22.809	1846	15.7677	8	531	19	57	56	4	1.08242e+06	5.27426e-05	0.3036	
11024	400	3034	22.5617	23.3164	1791	16.7798	9	534	3	60	18	5	1.03827e+06	5.52334e-05	0.2919	
11331	323	3034	15.4966	23.2696	1809	16.4585	7	533	5	66	10	4	1.25684e+06	5.00025e-05	0.3167	
11400	391	3002	24.8523	28.2325	1804	16.3304	10	525	20	78	43	3	982551	6.00384e-05	0.3059	
10942	400	3002	21.1014	23.3164	1808	18.1949	9	534	3	60	18	5	1.06004e+06	5.52944e-05	0.2676	
10587	400	3033	21.1324	26.9211	1843	18.5611	8	534	5	59	6	4	1.06676e+06	6.0698e-05	0.1788	
10592	308	3035	15.1547	20.3489	1827	18.2716	7	533	8	56	12	4	1.34521e+06	5.19238e-05	0.2458	
10392	392	3039	18.6164	27.0797	1843	18.5611	8	535	18	58	13	4	1.1339e+06	6.16029e-05	0.1136	
11169	337	3050	15	21.6771	1787	15.2472	9	532	18	70	27	5	1.29312e+06	4.98604e-05	0.2921	
10936	390	3046	19.5559	20.8806	1792	16.1869	6	534	13	58	29	5	1.11535e+06	5.23396e-05	0.2754	
11302	365	3004	19.2551	21.1715	1899	18.0097	6	535	16	55	57	4	1.11795e+06	5.14774e-05	0.3205	
10524	392	2999	18.9181	24.902	1873	16.3533	7	535	18	59	4	3	1.12113e+06	5.80248e-05	0.1693	
10881	320	3028	15.422	20	1845	18.0973	6	535	12	58	34	4	1.30967e+06	5.08699e-05	0.2701	
11016	387	3050	17.8799	20.8806	1783	15.323	6	534	4	56	58	4	1.16093e+06	5.23314e-05	0.2733	
11399	400	3026	22.0505	21.1508	1859	16.6552	10	535	11	73	19	3	1.03988e+06	5.06637e-05	0.4087	
11068	366	3037	20.7547	22.3697	1818	16.1575	9	524	17	58	33	3	1.07828e+06	5.34616e-05	0.3058	
11293	365	3014	19.1595	24.0372	1747	14.7046	9	535	19	67	60	4	1.09358e+06	5.42888e-05	0.2613	
11400	395	3020	22.0114	22.4269	1845	15.7531	10	527	18	59	36	4	1.03599e+06	5.22739e-05	0.3543	
11229	389	3016	22.5084	25.8624	1857	16.9696	10	535	15	72	18	3	1.01636e+06	5.63222e-05	0.2785	
11273	351	3002	15.2789	21.8861	1720	15.2472	9	532	9	71	16	4	1.25577e+06	4.96475e-05	0.3229	
10950	385	2992	22.0318	27.3753	1886	16.7621	8	532	19	57	15	3	1.03329e+06	5.95912e-05	0.2228	
10885	385	3033	16.7677	22.4532	1805	18.0569	8	532	20	71	36	4	1.18559e+06	5.37577e-05	0.2242	
10712	369	2974	20.8381	25.993	1886	17.0727	7	534	17	57	11	6	1.07998e+06	5.92593e-05	0.1917	
11380	392	3032	20.8065	22.3915	1820	16.6552	10	525	17	83	19	3	1.05342e+06	5.13795e-05	0.3854	
11155	391	3002	15	21.6771	1738	15.2472	9	532	8	68	34	4	1.26436e+06	5.06329e-05	0.2958	
11229	378	2998	25	30	1754	15.7758	5	535	9	64	4	5	1.00052e+06	6.27431e-05	0.2511	
10225	313	3044	15.6192	22.1528	1770	17.9959	7	529	17	61	2	5	1.32761e+06	5.62841e-05	0.1328	
10257	357	3003	23.1875	27.4614	1716	15.7926	5	525	16	55	40	4	1.08918e+06	6.78012e-05	0.117	
10587	400	3048	18.6164	26.6445	1831	18.5611	8	535	11	59	13	4	1.1174e+06	5.93648e-05	0.142	
10321	388	2992	23.3307	28.3758	1744	16.226	5	526	11	58	52	3	1.07271e+06	6.89988e-05	0.127	
10587	392	3040	18.4105	24.6454	1815	18.5611	6	535	4	57	14	3	1.13423e+06	5.7205e-05	0.1735	
11306	394	3005	20.2061	21.852	1798	18.0033	8	533	19	71	75	3	1.07514e+06	5.36596e-05	0.2949	
10825	379	3034	19.4812	20.8806	1804	15.1328	6	534	8	57	29	5	1.12721e+06	5.30673e-05	0.2654	
11016	400	3034	18.3257	22.9838	1786	15.1582	5	534	15	57	29	5	1.12625e+06	5.31406e-05	0.2665	
10970	389	3050	15.4075	21.6865	1817	17.1533	9	534	16	70	34	4	1.24872e+06	5.16662e-05	0.247	
10864	390	3033	17.8799	20.5782	1811	15.7745	6	535	3	57	21	5	1.16271e+06	5.14933e-05	0.2856	
10642	377	3002	15.7356	21.6771	1737	16.0107	6	535	7	74	12	4	1.25792e+06	5.36251e-05	0.2257	
11400	391	3016	22.3896	20.8512	1870	15.7789	10	525	15	73	16	3	1.04434e+06	5.06124e-05	0.4404	
10804	335	3008	15.2572	21.6771	1727	15.6786	8	535	9	67	35	4	1.29696e+06	5.3234e-05	0.2183	
11483	396	3045	23.6701	26.1393	1855	15.9834	7	531	7	68	40	6	1.00253e+06	5.5991e-05	0.332	
10881	337	3029	16.5603	20	1845	18.0973	6	535	9	57	13	4	1.23879e+06	5.0221e-05	0.3023	
10975	359	3034	19.5682	20.2022	1736	17.0128	6	534	10	58	5	5	1.13135e+06	5.09684e-05	0.3216	
11088	362	3043	15	20.1018	1836	16.1021	6	535	7	64	5	4	1.29853e+06	4.8033e-05	0.3589	
11203	400	3050	19.7242	23.0088	1808	17.1741	7	532	10	55	26	5	1.0793e+06	5.24274e-05	0.3187	
11115	396	3012	22.8145	25.3413	1852	16.9288	10	534	13	68	25	4	1.02019e+06	5.69541e-05	0.2694	
10587	400	3017	19.4847	26.9211	1775	18.5611	8	535	15	61	20	4	1.0972e+06	6.0905e-05	0.1326	
10861	369	2973	17.5789	24.036	1900	16.7621	7	535	18	56	18	5	1.15406e+06	5.48667e-05	0.2191	
11091	385	3034	18.5088	20.9556	1813	15.7745	5	534	17	61	23	4	1.13347e+06	5.07357e-05	0.3064	
10396	339	3026	21.01	29.0942	1708	14.8117	5	534	19	55	24	4	1.10695e+06	6.58415e-05	0.1011	
11500	400	3044	17.3589	20	1839	15.3191	6	526	12	61	7	3	1.15589e+06	4.66179e-05	0.4427	
10413	330	3042	17.6843	23.6316	1773	18.4694	6	530	5	56	19	5	1.20662e+06	5.76369e-05	0.1511	
11086	337	3002	15	21.6771	1724	15.2472	9	535	8	70	27	4	1.29285e+06	5.08725e-05	0.2743	
11032	356	2992	19.3223	21.9184	1758	16.2732	6	535	17	55	62	6	1.13089e+06	5.46807e-05	0.2295	
10256	318	3042	18.9674	25.9005	1724	18.4081	8	532	0	56	7	5	1.17345e+06	6.14893e-05	0.1144	
10424	392	2990	17.5752	22.3974	1873	16.3533	7	534	18	59	10	3	1.17844e+06	5.61735e-05	0.1765	
11285	400	3004	19.2551	20.0308	1899	17.4244	6	535	19	55	52	4	1.11292e+06	5.04261e-05	0.3328	
10950	385	2966	19.5914	27.3753	1871	16.7621	10	534	20	57	15	3	1.06618e+06	5.87061e-05	0.196	
10917	242	3009	15	21.917	1759	17.5586	6	535	12	67	18	3	1.40539e+06	5.17893e-05	0.244	
10748	353	3046	17.9084	21.0215	1743	17.0571	8	535	13	59	19	3	1.1719e+06	5.28318e-05	0.2469	
11400	395	3016	22.8145	22.4269	1840	14	10	524	15	70	19	3	1.02514e+06	5.22766e-05	0.3986	
11272	349	3042	16.8296	24.3614	1730	14.3266	6	534	15	58	9	3	1.16999e+06	5.18215e-05	0.2734	
11400	397	3010	22.5682	22.848	1751	16.6552	10	528	15	69	9	3	1.02117e+06	5.26954e-05	0.3573	
11209	369	3037	19.507	22.5603	1714	14.5609	8	535	17	65	67	4	1.09983e+06	5.38967e-05	0.2603	
11186	373	3016	21.7732	22.4399	1845	17.0537	4	533	12	66	37	3	1.06659e+06	5.35504e-05	0.3133	
10397	400	3027	22.6017	26.0943	1749	19	9	527	5	58	56	3	1.07223e+06	6.53552e-05	0.1324	
11500	393	3016	22.8145	28.7556	1852	16.6552	10	534	13	68	25	4	992432	5.83703e-05	0.2904	
10843	391	3021	23.1419	26.0248	1804	16.845	10	529	15	58	32	3	1.0288e+06	6.01468e-05	0.2148	
10587	392	3039	18.6164	22.3944	1843	18.5611	8	534	20	57	41	4	1.14514e+06	5.67408e-05	0.1597	
11068	366	3037	20.7547	22.0493	1818	16.1575	9	527	17	55	36	3	1.0793e+06	5.32907e-05	0.2966	
11086	400	3016	22.229	28.2177	1845	16.6552	9	535	15	73	19	3	1.01742e+06	5.96161e-05	0.2479	
10630	365	3034	16.5632	22.2095	1737	17.5773	6	534	18	64	25	5	1.22499e+06	5.48186e-05	0.1715	
11184	370	3040	18.3681	23.9146	1813	16.6696	7	533	16	60	60	5	1.12462e+06	5.43154e-05	0.2441	
10523	400	3047	21.3106	25.5514	1805	18.3846	8	532	11	63	56	4	1.08482e+06	6.25547e-05	0.1545	
11113	382	3012	23.7978	26.1687	1888	18.8132	8	535	11	65	28	3	1.01499e+06	5.84693e-05	0.2621	
10734	400	3035	19.4843	22.6017	1856	15.9655	6	529	19	55	48	4	1.11414e+06	5.6123e-05	0.2097	
10938	400	3035	20.4226	23.1081	1795	15.0655	9	534	3	60	16	5	1.07319e+06	5.42094e-05	0.2763	
11086	400	3016	22.0505	28.7556	1852	16.6552	8	535	15	73	19	3	1.01842e+06	6.01034e-05	0.2364	
10462	303	3042	17.9084	20.0338	1761	18.4901	8	530	5	56	9	5	1.23147e+06	5.37374e-05	0.2221	
10864	385	3017	15.2572	21.6771	1730	15.1824	7	533	9	71	25	3	1.2654e+06	5.21921e-05	0.2446	
10426	392	3039	18.6164	26.9211	1843	18.9889	8	535	4	57	8	5	1.13099e+06	6.07903e-05	0.1254	
11500	380	3004	18.2465	21.1353	1899	18.1747	9	532	17	57	2	4	1.11925e+06	4.81556e-05	0.3843	
10587	392	3037	21.1894	26.9211	1843	18.5526	8	535	17	59	8	4	1.06864e+06	6.08717e-05	0.1578	
11400	400	3016	22.5682	27.9205	1725	16.6552	10	525	16	69	4	3	998758	5.80046e-05	0.3011	
10225	307	3044	16.348	23.2998	1751	17.4153	7	529	17	55	14	5	1.28843e+06	5.81835e-05	0.113	
10426	397	3039	18.4262	26.4635	1843	19	8	535	4	57	8	5	1.13657e+06	6.01938e-05	0.1271	
11400	391	3021	23.1419	26.0248	1804	16.6552	10	525	15	73	32	3	1.00178e+06	5.62968e-05	0.3362	
10587	400	3016	19.4847	26.9211	1749	18.4685	8	535	5	61	20	4	1.09712e+06	6.08902e-05	0.1425	
10734	381	3035	19.9003	22.6017	1856	16.6354	6	529	19	55	51	4	1.11208e+06	5.65419e-05	0.2069	
11432	394	3016	23.6373	26.0248	1820	17.5649	10	525	17	74	32	3	995250	5.64525e-05	0.3394	
11295	366	3016	20.5138	23.3724	1845	16.2992	5	533	11	73	13	3	1.07298e+06	5.23368e-05	0.33	
10836	394	2995	19.0141	21.6145	1754	18.7203	9	532	19	66	48	4	1.1201e+06	5.53955e-05	0.2286	
10808	390	3034	18.5088	20.8806	1829	15.7745	6	534	6	55	29	4	1.14379e+06	5.26704e-05	0.2649	
11301	400	3025	22.8144	23.2631	1810	16.3283	8	534	15	68	19	3	1.0214e+06	5.35992e-05	0.3213	
11400	400	3016	22.5084	25.8624	1845	16.1189	10	524	15	73	19	3	1.0052e+06	5.54508e-05	0.3452	
11444	327	3036	19.6671	20.2022	1899	17.0128	6	534	20	58	3	4	1.13484e+06	4.78973e-05	0.398	
11229	380	3035	23.2601	30	1772	17.757	6	535	5	64	43	6	1.01169e+06	6.21929e-05	0.2224	
11500	400	3007	21.0241	22.6985	1843	18.7159	5	534	19	73	66	3	1.05107e+06	5.27454e-05	0.3405	
11400	395	3016	22.3866	22.4269	1845	16.5406	10	524	15	75	19	3	1.03014e+06	5.21186e-05	0.3903	
11483	400	3023	23.6701	27.2184	1855	15.9834	8	533	7	68	40	6	994412	5.7346e-05	0.3224	
11301	397	3018	22.8144	30	1845	14.1119	10	528	15	73	19	3	993304	6.07386e-05	0.265	
10257	366	3039	23.3307	28.3758	1718	16.9276	6	525	16	55	19	4	1.07873e+06	6.74718e-05	0.1202	
10881	320	3006	16.5603	20.3104	1871	18.0973	9	535	7	57	13	4	1.24276e+06	5.06432e-05	0.301	
11088	331	3043	15	20.1018	1836	16.1021	9	534	7	63	32	4	1.31307e+06	4.914e-05	0.3324	
11305	385	3050	19.8681	22.4256	1817	17.9163	9	529	19	64	29	4	1.07565e+06	5.15145e-05	0.3408	
10804	356	3042	16.8296	20.6783	1756	14.3266	6	531	15	57	9	3	1.2123e+06	5.1036e-05	0.2884	
11040	400	2993	23.6068	28.7556	1742	16.829	8	527	15	73	19	3	1.00646e+06	6.19118e-05	0.2471	
10141	376	3042	17.6843	22.9703	1817	15.9135	6	535	5	56	13	5	1.20941e+06	5.89449e-05	0.1289	
11263	381	3009	24.4272	25.4964	1807	19	8	534	17	55	22	4	1.00729e+06	5.75573e-05	0.2744	
11380	392	3030	23.6388	20.9083	1793	16.6552	10	527	16	83	19	3	1.0327e+06	5.1725e-05	0.4227	
10333	308	3035	15.1235	20.1018	1827	18.96	7	533	14	56	12	4	1.36668e+06	5.3859e-05	0.1845	
10709	374	3016	19.4847	22.941	1775	17.0741	8	535	5	61	13	4	1.11272e+06	5.54293e-05	0.2274	
11407	396	3016	22.616	25.5532	1852	18.1422	10	525	19	83	19	3	1.00705e+06	5.52395e-05	0.3473	
11437	378	3016	22.8689	21.5731	1852	16.6552	10	529	12	83	19	3	1.03869e+06	5.14615e-05	0.4276	
10951	323	3036	15.4966	23.2696	1805	16.3009	8	534	10	66	10	5	1.2717e+06	5.21485e-05	0.2439	
10225	307	3044	17.0156	23.5448	1748	17.9959	7	529	17	55	2	5	1.25551e+06	5.81125e-05	0.1142	
11500	399	3025	21.8175	20.7326	1720	15.6874	7	524	15	69	36	4	1.05747e+06	5.04439e-05	0.4296	
11400	397	3027	22.5084	25.8624	1842	16.9696	10	524	15	73	19	3	1.00669e+06	5.53833e-05	0.3445	
10396	339	3026	15.7929	21.8651	1708	15.0972	5	534	16	57	24	4	1.29671e+06	5.59003e-05	0.14	
10019	297	3048	19.6725	25.7692	1734	18.4694	8	527	19	56	19	5	1.19607e+06	6.58111e-05	0.1006	
10294	384	2974	20.1214	27.3201	1717	18.2754	6	530	4	57	19	3	1.1108e+06	6.45953e-05	0.1122	
10587	382	3039	22.2796	26.6445	1844	18.5611	9	535	6	59	13	4	1.05796e+06	6.13459e-05	0.1738	
10995	323	3034	18.36	20.7042	1841	15.7745	6	534	7	55	14	5	1.17908e+06	5.05868e-05	0.3099	
11493	377	3041	20.8787	20.5349	1766	15.4704	6	532	15	66	9	3	1.07754e+06	4.88544e-05	0.4087	
10225	313	3044	15.6192	22.1528	1755	17.9959	7	529	17	61	4	5	1.328e+06	5.64366e-05	0.1274	
11293	388	3044	22.2649	28.7556	1859	16.6552	10	535	11	59	19	3	1.00715e+06	5.88235e-05	0.2574	
11420	397	3031	22.5084	23.8407	1845	16.7838	10	523	15	76	12	3	1.01863e+06	5.31265e-05	0.3632	
11023	339	2994	16.2123	21.4921	1730	16.177	8	535	9	61	23	4	1.22902e+06	5.13321e-05	0.2875	
10966	375	3043	16.4703	23.0643	1781	14.9379	6	535	11	61	14	6	1.19922e+06	5.2222e-05	0.256	
11304	391	3016	23.6373	26.0248	1821	16.7668	10	525	15	73	32	3	1.00344e+06	5.7169e-05	0.3182	
10524	392	2993	18.9181	24.0772	1809	16.3533	6	534	18	61	22	3	1.12919e+06	5.82785e-05	0.1626	
11113	367	3012	23.7978	26.1687	1839	18.8132	9	535	11	65	28	3	1.01921e+06	5.8627e-05	0.2534	
10787	380	2963	19.8653	25.4582	1756	17.319	7	534	17	57	19	5	1.08884e+06	5.84317e-05	0.1931	
11395	383	3049	19.5934	22.9312	1846	17.4539	8	534	18	62	23	4	1.07726e+06	5.10282e-05	0.3387	
11088	362	3027	16.1917	20.1018	1835	16.7955	6	535	7	64	5	4	1.23145e+06	4.85861e-05	0.3481	
11088	362	3050	15.8405	20.1018	1836	16.1021	5	535	7	64	5	4	1.25185e+06	4.82207e-05	0.3512	
11480	361	3050	19.1834	23.3507	1710	18.3975	9	535	18	76	23	5	1.09e+06	5.13611e-05	0.3241	
11381	382	3046	15.4121	23.5949	1841	15.2175	9	529	18	58	6	5	1.22227e+06	4.9724e-05	0.3211	
11028	375	3050	16.9094	23.385	1793	14.9379	6	535	11	61	14	6	1.17593e+06	5.22084e-05	0.2689	
11016	400	3034	22.5617	23.3164	1791	17.216	9	534	3	60	18	5	1.03866e+06	5.53342e-05	0.2891	
10881	315	3029	16.5603	20.7048	1845	18.0973	6	535	9	57	13	4	1.24817e+06	5.07846e-05	0.2925	
10642	378	3002	15.7356	21.6771	1737	16.0822	6	535	7	74	12	4	1.25741e+06	5.36279e-05	0.2255	
11285	312	3004	18.7833	20.8793	1887	18.1747	6	534	16	60	3	4	1.1628e+06	4.92659e-05	0.3515	
11268	400	3027	20.1967	20.0333	1734	16.4079	8	534	16	73	2	4	1.08338e+06	4.94389e-05	0.3719	
11400	391	3025	23.1419	26.0248	1791	16.6552	10	525	15	72	32	3	1.00177e+06	5.63e-05	0.3355	
11361	382	3030	16.7727	21.459	1793	16.6552	10	527	10	84	19	4	1.23932e+06	5.25707e-05	0.2407	
11018	389	3019	15.4075	22.7556	1781	16.7484	9	534	16	70	34	4	1.23932e+06	5.25707e-05	0.2407	
11400	400	3047	22.8145	22.0659	1864	16.6566	10	525	15	73	31	3	1.0277e+06	5.19994e-05	0.4012	
10950	385	2992	21.5876	25.4438	1886	16.7621	8	532	19	57	15	3	1.04533e+06	5.72935e-05	0.2349	
10837	381	3050	20.2102	22.8645	1781	17.8598	9	534	19	65	21	4	1.08793e+06	5.49722e-05	0.2352	
10900	400	3050	21.054	23.3164	1808	18.8118	9	535	3	60	18	5	1.06442e+06	5.51694e-05	0.254	
11113	400	3014	22.26	26.3121	1900	15.5133	8	535	15	67	19	3	1.02272e+06	5.72213e-05	0.2595	
11263	395	3005	22.8145	24.4962	1845	16.4177	9	531	12	73	28	3	1.01735e+06	5.53006e-05	0.3099	
10749	387	3012	21.9719	29.9322	1775	16.736	8	526	20	59	9	3	1.03907e+06	6.39345e-05	0.1711	
11495	400	3043	20.1635	23.0837	1878	18.0197	5	509	4	76	25	4	1.14481e+06	5.41506e-05	0.22	
10587	392	3040	18.645	21.1912	1815	18.5611	6	535	4	57	14	3	1.14481e+06	5.41506e-05	0.22	
11400	400	3015	22.8145	26.1617	1870	16.2518	10	525	14	73	31	3	1.00127e+06	5.60978e-05	0.3369	
11500	373	3016	21.7732	22.4399	1845	17.0537	4	530	12	66	26	3	1.05639e+06	5.13611e-05	0.3847	
11500	354	3049	16.4959	20	1785	14.6746	7	535	6	57	12	3	1.20429e+06	4.64253e-05	0.4317	
11449	395	3045	22.8145	23.5751	1832	16.2518	10	526	12	78	19	3	1.0167e+06	5.29017e-05	0.3662	
11113	400	3028	22.26	26.1687	1900	16.3915	8	535	12	66	25	3	1.02418e+06	5.71135e-05	0.259	
10396	400	3026	18.0448	21.8651	1708	16.9922	5	534	16	57	24	4	1.17793e+06	5.69509e-05	0.1561	
10818	391	3050	21.6003	23.4357	1808	18.1949	9	534	3	58	18	5	1.06259e+06	5.61136e-05	0.2454	
10804	358	3042	16.8903	20.6783	1756	14.3266	6	535	15	57	18	3	1.20874e+06	5.14801e-05	0.2652	
10257	357	3003	23.1875	27.4614	1743	15.7926	5	525	16	55	40	4	1.08878e+06	6.77186e-05	0.1176	
10986	400	3050	21.6003	23.3164	1819	18.1949	9	535	0	60	33	5	1.05348e+06	5.53618e-05	0.2642	
11171	337	3043	15.1547	20.1018	1809	16.3309	8	535	7	72	2	4	1.16313e+06	5.93155e-05	0.1277	
10494	377	3042	18.213	24.4843	1724	18.4081	7	535	14	56	37	5	1.16313e+06	5.93155e-05	0.1277	
10723	394	3003	20.2061	24.7238	1833	18.4968	10	531	19	61	16	3	1.07815e+06	5.76801e-05	0.2037	
11123	400	2951	22.3187	28.3385	1746	16.3458	10	531	14	73	67	5	1.01902e+06	6.23286e-05	0.2144	
11381	400	3009	19.811	21.9858	1856	15.2081	9	521	19	64	13	4	1.07532e+06	5.03575e-05	0.3818	
11474	368	3050	19.1834	23.2788	1710	17.9321	9	535	18	81	19	5	1.08713e+06	5.12111e-05	0.3308	
11387	375	3038	21.5275	23.0738	1843	15.2073	9	522	15	65	17	5	1.05151e+06	5.20427e-05	0.3677	
10729	376	3034	20.1463	22.4532	1772	18.0569	9	531	17	61	24	4	1.09957e+06	5.56297e-05	0.223	
11500	369	3037	19.507	22.5603	1714	14.6786	8	533	17	65	67	4	1.0896e+06	5.18538e-05	0.3258	
11399	400	3026	22.0505	21.1508	1859	16.6552	10	535	12	73	21	3	1.03979e+06	5.07202e-05	0.4038	
10725	335	2989	15.7732	21.6771	1730	15.6399	8	533	9	61	21	4	1.26851e+06	5.33049e-05	0.2206	
10893	400	3021	24.7023	29.9322	1740	15.3862	9	532	17	73	20	4	1.00842e+06	6.46663e-05	0.2093	
11447	400	3043	22.7421	20	1878	18.0337	7	520	4	72	30	4	1.06318e+06	5.0045e-05	0.4722	
10871	400	3008	22.26	27.3116	1868	18.8132	8	534	12	65	26	3	1.03362e+06	6.05217e-05	0.2097	
11400	400	3016	17.8573	25.8624	1845	16.6552	10	535	15	70	19	3	1.09082e+06	5.33789e-05	0.2737	
11392	327	3043	15.2567	20	1836	16.8714	6	533	15	71	5	4	1.29464e+06	4.65766e-05	0.4172	
11417	397	3016	22.8144	23.4508	1857	16.4639	7	534	15	70	23	3	1.02007e+06	5.31491e-05	0.3378	
11338	392	3030	20.8065	21.5834	1803	16.8309	10	525	15	83	15	3	1.06112e+06	5.08673e-05	0.3766	
10587	400	3043	18.6164	26.6445	1831	18.5611	8	535	11	59	13	4	1.11731e+06	5.94177e-05	0.142	
10426	392	3050	18.6164	26.9211	1843	18.9889	6	535	4	57	10	5	1.13457e+06	6.07201e-05	0.1236	
11500	389	3035	18.4433	21.2734	1836	14.2892	7	533	7	63	8	4	1.11369e+06	4.81348e-05	0.4078	
10610	392	3011	18.6164	26.9211	1831	18.5611	8	535	14	55	7	3	1.11288e+06	5.96232e-05	0.1378	
11222	348	3043	16.6691	20.1018	1836	15.8316	6	534	7	64	7	4	1.21656e+06	4.78606e-05	0.3711	
11028	374	3043	16.9094	23.0791	1852	15.1807	6	535	17	63	18	6	1.1788e+06	5.20318e-05	0.2671	
10523	400	3047	21.3106	25.5514	1805	18.3846	8	532	11	65	56	4	1.08767e+06	5.91086e-05	0.1958	
10837	381	3050	19.5489	26.9231	1817	18.8564	8	526	14	64	35	4	1.08767e+06	5.91086e-05	0.1958	
11411	327	3036	19.5682	20.9831	1899	17.0128	6	534	20	58	5	4	1.13023e+06	4.86997e-05	0.3635	
11203	400	3050	19.7242	23.0088	1808	17.1741	7	532	10	55	26	5	1.0793e+06	5.24274e-05	0.3187	
11214	361	3009	22.4217	29.1561	1723	16.11	10	534	17	66	67	3	1.02365e+06	6.2027e-05	0.2042	
10941	400	3027	18.0928	25.1368	1836	16.4347	9	535	15	74	20	5	1.11504e+06	5.5497e-05	0.2271	
11454	397	3037	22.8145	24.276	1845	16.5662	10	524	15	73	25	4	1.01239e+06	5.37115e-05	0.3605	
10587	392	3033	22.0853	26.9211	1850	18.5526	10	535	19	59	7	4	1.05459e+06	6.14439e-05	0.1569	
11289	362	3043	15	20	1823	16.1021	6	535	7	64	4	4	1.29168e+06	4.68845e-05	0.3967	
10494	349	3042	18.213	24.2008	1724	18.4081	6	532	16	56	33	4	1.17349e+06	5.87268e-05	0.1342	
11400	400	3016	22.8145	26.5852	1870	16.2518	10	525	14	73	31	3	999817	5.65259e-05	0.3362	
11380	400	3038	22.7623	29.7597	1871	16.3159	9	524	16	74	19	3	992264	5.98301e-05	0.2909	
11086	400	3016	22.229	28.2177	1845	16.6552	9	535	13	73	11	3	1.01736e+06	5.94177e-05	0.2535	
10809	365	3034	19.1098	20.278	1737	17.5773	6	534	18	64	25	5	1.14558e+06	5.28569e-05	0.2632	
10519	381	2987	20.3236	28.9136	1708	14.928	6	533	14	56	24	4	1.08934e+06	6.45245e-05	0.1184	
11264	400	3018	17.3589	20	1868	15.3191	6	529	15	63	7	3	1.16145e+06	4.79111e-05	0.3811	
11248	400	3028	21.6627	21.6788	1855	14	10	527	17	64	33	4	1.04978e+06	5.20969e-05	0.3566	
11412	400	3016	22.8145	26.5861	1852	17.0209	10	524	15	69	19	3	999155	5.63444e-05	0.3382	
10524	392	2999	18.9181	24.902	1873	16.3533	7	535	13	59	4	3	1.12115e+06	5.79744e-05	0.1768	
11215	337	3043	15.2567	20	1836	15.0025	6	535	15	71	5	4	1.29337e+06	4.74113e-05	0.3754	
11312	400	2986	22.5859	25.8624	1882	16.8562	10	533	15	73	19	3	1.00742e+06	5.61041e-05	0.2981	
10860	390	3040	19.4812	22.4628	1806	16.5404	6	535	0	63	19	5	1.10932e+06	5.37663e-05	0.2653	
11293	365	3014	19.1595	26.9368	1754	15.0545	9	535	15	69	23	4	1.07494e+06	5.59503e-05	0.2437	
11230	400	3040	20.922	23.8634	1838	16.6552	10	535	13	67	25	4	1.04376e+06	5.35733e-05	0.2976	
10722	400	3036	23.6701	28.3941	1827	16.8893	7	535	8	67	37	4	1.03309e+06	6.38447e-05	0.1869	
10590	392	3026	19.2764	22.4013	1843	17.6816	8	535	18	55	10	4	1.11943e+06	5.54508e-05	0.1889	
11400	391	3002	23.5832	22.903	1804	16.3304	10	533	17	76	22	3	1.01336e+06	5.34788e-05	0.3591	
11018	400	3016	20.349	28.7556	1857	16.6552	10	535	15	64	19	3	1.04256e+06	5.97657e-05	0.1986	
10722	400	3036	23.6548	28.3941	1827	16.6154	6	535	7	65	37	4	1.03423e+06	6.38162e-05	0.1843	
10141	400	3041	17.6843	22.4667	1859	15.9135	6	535	5	56	12	5	1.20432e+06	5.83431e-05	0.1402	
11380	396	3017	15.9943	21.9079	1782	16.6552	10	534	9	78	28	4	1.18906e+06	4.95614e-05	0.3406	
10877	388	3050	20.3005	22.809	1829	15.7461	8	531	19	57	56	4	1.08917e+06	5.59597e-05	0.2182	
11367	400	3034	21.0443	23.3164	1821	15.1195	9	534	6	61	18	5	1.04524e+06	5.21567e-05	0.343	
10587	400	3048	19.0053	26.6445	1775	18.5611	8	534	11	59	13	4	1.10813e+06	5.97086e-05	0.139	
11399	400	3026	22.0505	21.1508	1857	15.4103	10	534	11	73	19	3	1.03943e+06	5.06201e-05	0.4151	
11169	337	3050	15.0183	21.6771	1787	16.0704	9	533	18	70	27	5	1.29083e+06	4.99226e-05	0.2864	
11204	388	2990	16.7381	22.7989	1768	15.4405	10	533	20	55	37	4	1.16392e+06	5.20508e-05	0.2693	
10723	394	3012	20.2061	24.0666	1806	18.2026	10	532	16	58	17	4	1.08166e+06	5.70613e-05	0.205	
11454	395	3012	23.6939	21.4223	1826	16.0146	10	524	12	75	17	3	1.02312e+06	5.17572e-05	0.44	
10675	400	3021	22.2796	26.6445	1830	18.7431	8	531	8	61	13	4	1.0472e+06	6.08532e-05	0.1957	
10881	362	3028	15.422	20	1801	18.5727	6	535	13	58	34	3	1.28167e+06	5.10204e-05	0.2603	
10744	400	3025	19.4847	23.3018	1784	17.0215	8	535	19	61	14	4	1.09967e+06	5.55494e-05	0.2106	
11054	392	3042	15.763	22.3944	1843	18.5611	8	534	20	57	35	4	1.22212e+06	5.18296e-05	0.2477	
10917	400	3048	21.1563	22.6687	1795	15.1195	9	534	3	65	18	5	1.06561e+06	5.43301e-05	0.2865	
11380	396	3016	22.946	21.696	1852	16.6552	10	524	20	73	19	3	1.02886e+06	5.19022e-05	0.4141	
10881	381	3050	19.5228	26.3867	1789	16.0317	8	527	17	56	35	4	1.08715e+06	5.81091e-05	0.2001	
10923	356	2989	17.5789	22.6762	1878	16.3533	7	534	18	61	15	3	1.162e+06	5.29157e-05	0.2621	
11209	361	3009	22.449	30	1780	17.926	6	535	17	66	65	4	1.0279e+06	6.2901e-05	0.1882	
10950	392	3001	22.6961	29.6816	1716	17.1714	8	525	15	58	19	5	1.02269e+06	6.33553e-05	0.2051	
11285	349	3028	19.2551	21.8522	1899	16.2396	6	535	16	55	57	4	1.12262e+06	5.1792e-05	0.3066	
11370	335	3044	15.2572	21.6771	1727	15.6786	8	535	9	68	35	4	1.2699e+06	4.9186e-05	0.3227	
11105	392	3009	22.449	29.1561	1760	15.6644	6	535	16	66	19	3	1.01712e+06	6.10426e-05	0.2185	
11470	392	3030	23.6388	20.1276	1793	16.6552	10	527	16	83	19	3	1.03654e+06	5.0597e-05	0.4473	
10837	381	3042	20.1463	22.4256	1804	17.3384	9	530	20	68	24	4	1.09338e+06	5.46418e-05	0.252	
10837	386	3050	20.1463	22.4256	1808	16.666	9	530	19	68	18	4	1.09086e+06	5.42505e-05	0.2629	
10642	377	3002	15.7356	21.6771	1737	16.9928	6	535	7	74	12	4	1.25734e+06	5.36855e-05	0.2227	
10921	399	3049	15.5015	21.9524	1737	15.6399	6	533	7	70	25	4	1.24579e+06	5.17759e-05	0.2542	
11209	387	3041	21.4546	29.1644	1746	15.6644	6	535	16	66	19	3	1.0247e+06	5.96694e-05	0.215	
11449	400	3016	23.2714	24.2205	1845	15.9093	10	524	12	73	19	3	1.00705e+06	5.3984e-05	0.3628	
10846	389	3050	16.3715	21.6865	1817	15.872	10	533	18	65	34	4	1.20529e+06	5.26954e-05	0.2329	
11105	349	3042	16.8296	24.7788	1719	14.3266	6	534	15	58	9	3	1.17497e+06	5.31717e-05	0.241	
10587	400	3046	18.6164	26.6445	1810	17.7119	8	535	11	59	13	4	1.11735e+06	5.93718e-05	0.141	
10833	365	2990	16.7381	22.7989	1768	15.4405	9	533	20	55	37	3	1.19255e+06	5.45167e-05	0.2008	
11091	385	3022	18.5088	20.9556	1813	15.7745	5	534	17	61	23	4	1.13323e+06	5.08414e-05	0.3064	
11500	400	3044	20.0809	20	1839	15.3191	6	530	12	61	7	3	1.0878e+06	4.77327e-05	0.428	
11215	337	3044	16.0235	20	1854	17.6469	5	533	17	70	5	4	1.25474e+06	4.76963e-05	0.3683	
10917	242	3009	15	21.917	1759	17.5586	6	535	12	68	18	3	1.40534e+06	5.17974e-05	0.2445	
10720	392	2990	18.9181	24.0772	1873	16.3533	8	534	18	59	9	3	1.1104e+06	5.59942e-05	0.2099	
10396	339	3026	21.01	29.0942	1708	14.8162	5	534	20	55	24	4	1.10705e+06	6.58545e-05	0.1005	
10225	309	3044	17.1434	23.5448	1760	17.9959	7	529	17	56	2	5	1.24929e+06	5.81497e-05	0.1194	
11380	389	2998	22.8689	20.6287	1848	16.7183	10	535	17	70	19	3	1.04011e+06	5.11038e-05	0.3927	
10396	346	3026	15.7929	21.8651	1708	15.2324	5	532	20	56	24	4	1.29325e+06	5.59003e-05	0.1408	
10930	385	2995	22.4461	27.3753	1871	16.5643	10	534	17	57	21	4	1.02987e+06	6.01902e-05	0.2112	
11184	370	3040	18.3681	23.9146	1813	16.6696	7	534	16	60	60	5	1.1244e+06	5.43213e-05	0.2408	
11208	400	3032	21.8067	23.3203	1855	14	10	527	17	64	33	4	1.0369e+06	5.38213e-05	0.3175	
11262	337	3045	15.2567	20	1854	17.6469	5	533	13	72	6	4	1.29421e+06	4.72701e-05	0.3923	
11055	355	3009	15	22.016	1731	16.1463	6	534	18	66	22	4	1.28668e+06	5.11195e-05	0.2597	
11416	400	3025	22.8144	23.2631	1810	16.3283	8	529	15	68	19	3	1.01913e+06	5.29577e-05	0.35	
11049	400	3029	15.2572	22.8643	1730	15.0293	7	534	9	68	19	4	1.24379e+06	5.15703e-05	0.2594	
10802	400	2999	21.3875	23.674	1743	16.847	8	532	11	59	75	4	1.07547e+06	5.99053e-05	0.1786	
11095	341	3045	18.1962	20.0078	1837	18.5804	8	534	16	68	20	4	1.1669e+06	4.98455e-05	0.3225	
10602	400	3016	19.4847	26.9211	1775	19	7	535	8	61	20	4	1.0973e+06	6.0746e-05	0.141	
11473	354	3042	16.4959	20	1772	15.008	7	535	6	57	8	3	1.20407e+06	4.65636e-05	0.4284	
10234	400	3007	20.9186	28.4485	1716	16.1307	6	525	13	55	34	4	1.10167e+06	6.72766e-05	0.1073	
10950	385	2986	19.951	27.3753	1871	16.9148	10	534	17	57	18	3	1.06023e+06	5.87682e-05	0.2025	
10587	382	3039	24.1606	27.7979	1752	17.9342	8	535	14	59	8	4	1.04023e+06	6.39795e-05	0.1695	
11001	334	2994	15.4875	21.6771	1730	16.5199	8	535	9	61	15	4	1.26888e+06	5.10908e-05	0.2733	
10881	381	3035	19.5228	26.7923	1789	16.0317	8	526	16	61	35	4	1.08499e+06	5.86751e-05	0.2012	
10422	308	3048	15.1547	20.3489	1836	18.2716	7	533	8	56	12	4	1.35704e+06	5.3118e-05	0.2088	
11016	389	3034	18.5088	20.8806	1794	15.7745	7	534	17	57	29	5	1.13209e+06	5.14377e-05	0.2903	
11016	390	3034	19.5398	20.6145	1795	15.9662	5	534	4	57	29	5	1.11929e+06	5.15996e-05	0.3092	
11380	392	3030	23.6388	20.9761	1793	16.6552	10	527	16	83	19	3	1.03209e+06	5.17813e-05	0.4252	
11295	373	3004	21.7732	22.4399	1845	17.0537	4	534	8	66	37	3	1.06247e+06	5.29409e-05	0.3324	
11169	381	3050	18.8935	21.6771	1787	15.2472	9	534	18	70	27	5	1.11028e+06	5.11876e-05	0.3214	
11032	356	3005	19.3223	21.9184	1758	16.3272	6	535	17	55	62	6	1.13125e+06	5.45613e-05	0.2294	
10523	400	3047	21.2594	25.5514	1805	18.3846	8	532	15	63	56	4	1.08589e+06	6.25821e-05	0.1505	
11500	336	3035	15.1547	20.1018	1836	14.2892	7	533	9	58	13	4	1.29164e+06	4.61233e-05	0.4362	
11144	394	3004	22.2344	21.6145	1754	18.6117	9	532	20	69	21	4	1.04754e+06	5.34359e-05	0.3167	
11380	396	3022	15	22.5079	1852	16.6552	10	534	12	75	28	4	1.24366e+06	4.95638e-05	0.3239	
11196	385	3034	21.4868	27.6366	1761	16.3511	8	532	19	70	38	3	1.0291e+06	5.8548e-05	0.2375	
10994	377	3004	20.6696	21.6145	1764	18.6117	9	532	15	69	4	4	1.08079e+06	5.29661e-05	0.3021	
11120	396	2998	19.4038	27.3753	1739	17.2741	10	534	20	57	15	3	1.06061e+06	5.77334e-05	0.2068	
10791	387	3050	17.8799	20.8806	1783	15.323	6	534	4	56	38	4	1.16652e+06	5.29325e-05	0.254	
10333	308	3033	15	20.1018	1827	19	7	533	14	55	20	4	1.3779e+06	5.428e-05	0.1601	
10410	383	3034	16.8569	22.2095	1712	17.5773	7	534	18	59	25	5	1.2216e+06	5.67795e-05	0.1326	
11016	393	3034	17.8799	20.1845	1792	15.7745	6	534	3	61	17	4	1.15564e+06	5.00501e-05	0.3281	
10587	392	3040	18.8339	24.0059	1815	18.5611	6	535	4	56	14	3	1.12599e+06	5.6773e-05	0.1855	
11088	331	3043	16.6691	20.1018	1836	16.1021	6	534	7	64	7	4	1.23146e+06	4.8631e-05	0.3468	
11411	327	3036	19.5682	20.2022	1878	17.0128	6	534	18	58	5	4	1.13791e+06	4.81116e-05	0.3867	
11380	396	3016	22.8145	28.7556	1852	16.7858	10	534	15	75	25	4	995490	5.89414e-05	0.2822	
11452	374	3019	17.5946	20	1871	14.9303	7	528	15	61	7	3	1.15711e+06	4.70367e-05	0.4093	
11500	396	3016	22.8145	28.7556	1852	16.4328	10	534	13	75	25	4	990913	5.83363e-05	0.2959	
11138	377	3042	19.1596	20.5647	1756	14.909	9	535	16	58	9	3	1.10898e+06	4.995e-05	0.3356	
10734	377	3034	19.6699	22.7845	1856	16.7418	6	529	19	55	2	4	1.10976e+06	5.43508e-05	0.2537	
10642	377	3002	15.7356	21.6771	1757	16.0107	6	535	7	74	12	4	1.25819e+06	5.3582e-05	0.2279	
10923	356	2995	17.5789	27.3753	1823	16.7621	9	535	7	57	2	4	1.02634e+06	6.1222e-05	0.2078	
11209	366	3009	22.4199	28.817	1776	15.6644	6	535	17	66	62	3	1.02634e+06	6.1222e-05	0.2078	
11028	374	3048	16.9094	23.385	1852	15.1807	6	535	17	65	18	6	1.17653e+06	5.22821e-05	0.2609	
11272	350	3028	16.8296	26.9883	1809	14	6	531	15	58	2	3	1.09372e+06	5.23642e-05	0.2866	
10950	400	2987	19.9141	20.8008	1805	16.7973	8	532	20	57	15	3	1.09372e+06	5.23642e-05	0.2866	
10735	392	2999	21.0738	23.674	1828	16.847	8	532	9	57	75	4	1.08667e+06	6.01214e-05	0.1746	
11068	366	3037	20.7547	22.0493	1818	16.1575	9	527	17	55	42	3	1.07941e+06	5.35361e-05	0.2924	
11306	364	3050	20.1885	22.809	1853	15.7677	8	531	19	57	56	4	1.08239e+06	5.27259e-05	0.3041	
10426	392	3039	18.7357	26.9211	1843	18.5611	8	535	4	56	8	4	1.12643e+06	6.07792e-05	0.1255	
10703	339	3023	16.5603	20	1845	18.0973	6	535	9	57	13	4	1.24571e+06	5.14615e-05	0.2702	
10703	337	3026	15.7929	21.8651	1708	15.0972	5	534	16	57	24	4	1.27517e+06	5.34302e-05	0.1922	
11184	369	3037	18.5541	22.5603	1738	14.5609	8	535	14	65	67	4	1.12462e+06	5.36222e-05	0.2581	
10936	390	3046	19.5559	24.7387	1792	16.1869	6	534	15	58	29	3	1.08765e+06	5.5816e-05	0.2255	
10592	308	3035	15.6974	20.3489	1772	18.1478	7	533	17	56	12	4	1.31135e+06	5.23177e-05	0.2285	
10715	326	3034	15.8125	22.2095	1711	16.3847	7	534	18	61	25	5	1.27537e+06	5.38155e-05	0.1857	
11086	400	3016	22.0505	28.7556	1852	15.6516	10	535	15	73	19	3	1.01622e+06	6.00817e-05	0.2378	
11214	361	3009	22.4217	28.7664	1737	15.6644	6	535	18	66	67	4	1.03215e+06	6.15082e-05	0.2035	
10734	400	3041	20.8323	22.6017	1856	16.4558	7	529	16	55	48	4	1.08649e+06	5.67666e-05	0.2184	
11500	395	3043	22.7421	20.1251	1878	18.0337	8	509	7	65	30	4	1.06279e+06	4.99675e-05	0.4901	
11216	391	3013	20.1169	23.9513	1899	18.832	6	533	16	55	22	4	1.06752e+06	5.34845e-05	0.3003	
11085	370	3034	19.9466	23.9146	1848	16.6696	7	534	16	60	30	5	1.08598e+06	5.42594e-05	0.2684	
10991	366	3027	22.5617	23.3164	1795	15.7745	9	534	19	60	7	5	1.05293e+06	5.51907e-05	0.2838	
10878	394	2966	21.6618	23.2901	1817	17.3172	7	533	16	59	41	5	1.06347e+06	5.7346e-05	0.2247	
10396	339	3029	20.6251	29.0942	1708	14.9713	5	534	16	57	24	4	1.11382e+06	6.55996e-05	0.1094	
11483	396	3039	23.3686	26.1393	1855	15.8644	7	531	7	66	40	6	1.0051e+06	5.59034e-05	0.3339	
11091	385	3034	18.5088	20.9556	1854	15.7745	5	534	17	61	23	4	1.13526e+06	5.06406e-05	0.3049	
10938	400	3034	20.9705	23.3164	1799	15.1195	10	534	3	60	26	5	1.06305e+06	5.50691e-05	0.2675	
10873	380	3008	25	29.2444	1815	19	7	532	10	63	51	4	1.01788e+06	6.55179e-05	0.1844	
11001	343	2994	15.2572	21.6771	1706	15.1824	8	533	9	70	20	4	1.27759e+06	5.13084e-05	0.2696	
10930	392	2992	20.2087	23.2962	1815	15.3967	7	535	15	61	21	3	1.0765e+06	5.48757e-05	0.2469	
11500	307	3044	17.8207	20	1839	17.2173	6	526	12	58	5	3	1.19833e+06	4.6856e-05	0.4355	
10225	363	3044	17.0156	23.7767	1748	16.0977	7	529	17	55	4	5	1.22327e+06	5.82785e-05	0.1131	
10684	400	3019	19.4847	26.9211	1775	18.5611	8	534	15	61	20	4	1.08991e+06	6.01106e-05	0.1481	
10950	385	2994	21.7228	27.3753	1848	15.4197	6	535	17	57	19	3	1.04122e+06	5.95415e-05	0.2132	
10966	383	3019	18.36	20.4411	1800	15.7745	8	534	7	60	21	5	1.14386e+06	5.10908e-05	0.3034	
11301	397	3018	22.8144	30	1834	14.1119	10	528	15	73	19	3	993480	6.07792e-05	0.2628	
11119	400	3034	22.0516	24.3656	1795	15.7745	6	533	3	60	18	4	1.03905e+06	5.51907e-05	0.2937	
10669	392	3024	21.5224	26.9211	1843	18.9889	8	535	4	57	8	5	1.05906e+06	6.05254e-05	0.1861	
11204	387	2974	25	29.7508	1751	18.1362	6	535	8	64	2	6	997207	6.29683e-05	0.2471	
10864	400	3036	20.7547	22.0493	1818	16.1575	9	530	17	55	36	3	1.07471e+06	5.47915e-05	0.2472	
11230	396	3016	22.8145	25.3413	1852	16.6552	10	534	13	59	25	4	1.0145e+06	5.62177e-05	0.2794	
10372	400	3004	19.911	20.0308	1899	17.4244	6	535	19	55	52	4	1.1507e+06	5.82377e-05	0.1596	
11078	341	3045	18.1962	20.0078	1837	18.5804	7	534	16	67	22	4	1.17029e+06	5.00075e-05	0.317	
10885	395	3046	16.7677	21.5421	1805	18.0569	8	532	20	71	36	4	1.1877e+06	5.28234e-05	0.2475	
11411	368	3031	20.0329	20.2022	1899	17.0128	6	534	20	58	5	4	1.10292e+06	4.83185e-05	0.4	
10697	400	3016	22.0505	28.7556	1852	15.617	8	535	15	55	16	3	1.04132e+06	6.28615e-05	0.1627	
11357	394	2982	20.2061	25.333	1798	18.0033	8	533	19	55	75	3	1.05757e+06	5.66636e-05	0.2435	
10970	339	3009	15.7732	21.4921	1730	15.7943	7	535	9	61	19	4	1.25539e+06	5.12007e-05	0.2782	
11464	354	3027	16.4959	20	1772	15.008	8	535	6	57	12	3	1.20165e+06	4.68252e-05	0.4222	
10893	393	3021	23.1064	29.9322	1740	15.3862	6	532	20	70	16	4	1.02379e+06	6.36051e-05	0.199	
10878	400	2985	21.2287	23.9647	1858	17.319	6	533	15	56	21	5	1.06325e+06	5.65323e-05	0.2347	
10627	390	3002	15	22.5848	1720	14.689	7	534	11	64	19	5	1.29712e+06	5.44484e-05	0.1847	
10426	392	3039	18.6164	26.9211	1843	18.6721	8	535	3	57	8	5	1.13116e+06	6.07497e-05	0.1275	
11016	390	3034	18.9648	21.0897	1795	15.6287	6	534	3	57	29	5	1.12305e+06	5.17036e-05	0.3038	
11331	355	3030	15.4966	22.3215	1804	16.4585	7	533	5	66	17	4	1.24158e+06	4.93657e-05	0.3381	
11301	397	3018	22.8144	30	1845	14.1119	10	528	15	73	19	3	993304	6.07386e-05	0.265	
11068	366	3037	20.7547	22.0493	1818	16.7706	9	527	17	55	36	3	1.07942e+06	5.33362e-05	0.2959	
10942	400	3043	15.7006	22.931	1751	15.7483	7	534	9	71	19	4	1.22407e+06	5.23725e-05	0.241	
10783	390	3032	18.5088	20.8806	1794	15.7745	6	534	4	57	29	5	1.1472e+06	5.29857e-05	0.2621	
11223	333	3050	19.5305	20.775	1863	18.3856	7	535	16	67	16	4	1.13165e+06	4.99426e-05	0.3357	
11110	333	3050	20.0032	20.775	1843	18.5804	7	535	16	67	16	4	1.12559e+06	5.09035e-05	0.3233	
11117	327	3036	18.3959	20.1865	1899	17.0128	6	534	20	58	3	4	1.1716e+06	4.90605e-05	0.3541	
10257	366	3039	23.3431	28.3758	1740	16.9276	6	525	16	55	19	4	1.0784e+06	6.74127e-05	0.1212	
10975	359	3034	19.5682	20.2022	1728	17.0128	6	534	10	58	2	5	1.13174e+06	5.08984e-05	0.3236	
10587	400	3033	21.1324	26.5124	1843	18.5611	8	534	16	59	6	4	1.06772e+06	6.03464e-05	0.1656	
11432	394	3010	23.6373	26.4335	1820	17.5649	10	525	6	74	32	3	994337	5.69249e-05	0.3477	
10141	311	3050	20.0568	23.2998	1769	18.4694	5	532	8	56	12	5	1.17787e+06	6.06244e-05	0.1234	
10091	390	3050	18.9674	24.5417	1731	17.5685	8	533	0	56	19	5	1.16514e+06	6.23014e-05	0.1063	
10396	339	3026	21.01	29.0942	1708	15.0109	5	535	19	55	24	4	1.10712e+06	6.58675e-05	0.1004	
11308	400	3020	19.3912	26.8408	1817	18.5611	9	533	7	67	19	3	1.05407e+06	5.56638e-05	0.2636	
11400	391	3006	23.1419	26.5678	1777	16.6552	10	527	15	73	32	3	999346	5.70972e-05	0.319	
11473	370	3046	19.7118	20	1768	15.6939	8	535	8	57	26	3	1.10109e+06	4.83302e-05	0.4104	
11088	331	3043	16.6691	20.1018	1836	16.3553	6	534	7	64	7	4	1.23157e+06	4.86452e-05	0.3467	
10590	392	3015	18.6164	22.4013	1853	18.5611	8	534	9	55	10	4	1.13638e+06	5.51968e-05	0.2085	
11016	390	3034	18.5088	20	1792	15.8558	6	535	3	58	23	4	1.14167e+06	5.04007e-05	0.3202	
10861	369	2973	17.5789	24.036	1900	16.7621	7	535	18	56	18	5	1.15406e+06	5.48667e-05	0.2191	
11016	393	3033	17.8799	20	1792	15.7745	8	534	3	59	17	5	1.15473e+06	4.99476e-05	0.3296	
11349	400	3009	19.6045	21.8671	1856	15.7782	9	520	19	62	13	4	1.0809e+06	5.03499e-05	0.3808	
11369	392	2992	19.3235	27.5987	1798	15.3967	8	535	16	61	21	3	1.05317e+06	5.64079e-05	0.2477	
11500	400	3044	17.3589	20	1827	16.8967	6	526	12	61	7	3	1.1541e+06	4.67486e-05	0.4481	
11331	323	3034	15.4966	23.2696	1769	16.4585	7	533	5	66	10	3	1.2542e+06	5.01077e-05	0.312	
11229	394	2992	23.3012	29.0129	1731	15.4696	7	530	17	59	41	5	1.00647e+06	6.15612e-05	0.2363	
11018	400	3002	20.4099	28.7556	1857	15.5276	10	535	17	73	19	3	1.04143e+06	5.98767e-05	0.2078	
11500	377	3035	23.2756	22.4269	1746	16.9643	10	524	15	73	17	3	1.02518e+06	5.21839e-05	0.3919	
11173	337	3022	15.2572	22.9051	1730	15.4368	7	534	9	71	19	4	1.268e+06	5.1023e-05	0.2809	
10494	349	3042	18.213	24.4843	1724	18.4081	7	532	16	56	33	5	1.17255e+06	5.90598e-05	0.1305	
11138	377	3050	18.4976	20.2933	1756	14.909	9	535	16	58	15	3	1.12811e+06	4.95565e-05	0.341	
10994	395	3004	18.5822	22.1242	1884	16.9493	6	535	16	55	52	4	1.12649e+06	5.38358e-05	0.2427	
10298	392	3039	18.8002	27.6998	1843	18.5611	8	535	18	58	11	4	1.13654e+06	6.31273e-05	0.1101	
10837	400	3050	19.8681	22.4256	1798	17.8864	9	529	19	65	29	4	1.09172e+06	5.46896e-05	0.2489	
10814	382	3014	25	29.2444	1819	19	7	532	10	65	51	4	1.19603e+06	6.58501e-05	0.1	
10019	297	3047	19.6725	25.7692	1715	18.4694	8	526	19	56	19	5	1.19603e+06	6.58501e-05	0.1	
11473	354	3042	16.056	20	1772	15.3726	7	535	6	55	20	3	1.22682e+06	4.67705e-05	0.42	
11016	393	3034	17.7971	20.1845	1792	15.7745	6	534	4	59	17	5	1.16114e+06	5.00325e-05	0.3258	
11001	343	2994	15.2572	21.6771	1706	15.1824	8	535	13	70	23	4	1.2773e+06	5.14907e-05	0.2546	
11308	400	2998	19.3912	26.8408	1817	18.5611	9	535	3	67	19	3	1.05334e+06	5.58597e-05	0.262	
11454	400	3037	22.8145	25.8624	1762	17.5812	10	524	15	72	25	4	1.00287e+06	5.56019e-05	0.3431	
11293	388	3044	22.2649	28.7556	1859	16.6552	10	535	11	59	14	3	1.00707e+06	5.87268e-05	0.2597	
10640	369	2975	17.5789	24.036	1900	16.7621	7	535	18	56	18	5	1.16725e+06	5.64844e-05	0.1755	
10864	400	3036	20.7547	22.0493	1781	16.1575	10	530	16	57	26	3	1.07193e+06	5.44514e-05	0.2576	
11473	354	3046	16.4959	24.2368	1774	15.008	8	535	6	56	8	3	1.17086e+06	5.04363e-05	0.3159	
10091	390	3050	18.9674	20	1731	17.5685	8	533	0	57	18	5	1.18409e+06	5.81125e-05	0.145	
10494	349	3042	18.213	24.4843	1724	18.4081	8	532	16	56	36	5	1.17215e+06	5.92663e-05	0.1317	
11120	396	2998	21.8958	27.233	1739	17.2741	10	533	20	57	15	3	1.02123e+06	5.87579e-05	0.2341	
11483	396	3039	23.3686	26.1393	1850	15.8644	7	531	7	66	18	6	1.00472e+06	5.55309e-05	0.3381	
10587	400	3048	23.2115	26.6445	1811	17.8855	8	534	11	59	13	4	1.04454e+06	6.1931e-05	0.1831	
10951	332	3023	15.4966	23.2696	1805	16.3009	8	535	8	66	10	5	1.26511e+06	5.22575e-05	0.243	
10587	392	3036	18.6164	27.4386	1831	18.2495	8	535	14	57	2	3	1.11351e+06	5.98874e-05	0.1362	
10537	380	2972	19.8653	26.6712	1756	17.319	5	534	17	57	19	4	1.10394e+06	6.15839e-05	0.1254	
11086	400	3016	22.0505	29.7946	1852	15.6516	10	535	15	73	19	3	1.0133e+06	6.13121e-05	0.2156	
10591	365	3003	23.649	28.3758	1807	16.6118	6	529	11	55	35	4	1.05066e+06	6.53637e-05	0.1559	
11329	355	3050	15.4966	22.3215	1784	16.4585	7	533	5	63	17	5	1.24465e+06	4.9249e-05	0.3331	
11400	391	3008	24.8523	28.2325	1751	16.3304	8	525	19	78	43	3	984712	6.01359e-05	0.3006	
11317	400	2996	20.7009	20	1766	15.3191	8	529	12	59	7	3	1.07359e+06	4.95589e-05	0.401	
11331	323	3034	15.4966	23.2696	1804	16.4585	7	533	5	64	10	4	1.25716e+06	4.99925e-05	0.316	
10294	384	2974	20.1214	27.3201	1717	18.2754	6	530	2	57	19	3	1.11076e+06	6.45745e-05	0.1141	
10837	386	3050	20.1463	22.4256	1820	16.666	9	530	19	68	18	4	1.09088e+06	5.42211e-05	0.2649	
10993	383	3034	18.5088	20.9556	1844	15.4134	5	534	17	60	23	4	1.14011e+06	5.12636e-05	0.2884	
10853	388	3029	15.7356	21.6771	1737	18.0616	6	535	7	68	21	4	1.24009e+06	5.22521e-05	0.244	
11493	377	3041	20.8787	20.8537	1781	16.805	6	534	15	66	9	3	1.07413e+06	4.91376e-05	0.3907	
10239	380	3007	20.9186	28.4485	1719	16.1307	6	525	13	55	33	4	1.10592e+06	6.71727e-05	0.1069	
11102	400	3037	19.8457	22.4527	1795	15.2728	7	534	9	58	30	5	1.08356e+06	5.27621e-05	0.2982	
10729	400	3029	20.0575	22.6555	1768	18.0569	10	531	19	60	42	4	1.0941e+06	5.67634e-05	0.1972	
10075	400	3046	17.908	22.4402	1764	18.4694	7	532	12	56	16	4	1.20321e+06	5.99377e-05	0.1103	
11317	325	3043	15	20.1018	1836	16.1021	6	535	11	64	4	4	1.31455e+06	4.68033e-05	0.3958	
11409	400	3033	21.1324	26.5124	1804	18.6865	9	534	16	59	6	4	1.02341e+06	5.52914e-05	0.2935	
10923	370	2990	17.5789	22.6762	1886	16.3171	7	534	18	59	2	3	1.05179e+06	5.60821e-05	0.2502	
11369	392	2992	19.3235	27.5987	1808	15.3967	8	535	16	60	5	3	1.05179e+06	5.60821e-05	0.2502	
10712	369	2974	20.8381	25.993	1876	17.0727	7	534	17	58	11	6	1.08026e+06	5.9319e-05	0.1913	
11128	379	3034	19.4812	20	1804	15.1328	6	535	6	57	29	5	1.12338e+06	5.02841e-05	0.3339	
11003	364	3050	20.1885	22.809	1853	15.7677	8	531	19	58	56	4	1.09418e+06	5.48757e-05	0.2447	
10942	400	3050	21.6003	25.0193	1808	18.1949	8	534	3	60	5	5	1.04749e+06	5.63539e-05	0.255	
11140	370	3040	15.4057	20	1813	16.6696	7	533	16	58	60	5	1.27519e+06	5.03297e-05	0.2907	
11305	385	2999	20.2589	22.4256	1817	18.3106	8	529	19	64	11	5	1.07213e+06	5.16849e-05	0.3415	
10725	335	2989	15.7732	21.6771	1730	15.6399	8	533	17	61	21	4	1.26836e+06	5.33789e-05	0.2066	
11230	400	3040	22.8145	23.8634	1832	16.8225	10	535	15	67	21	4	1.02054e+06	5.44989e-05	0.2971	
10098	366	3044	17.0156	23.7767	1789	16.6707	7	529	17	55	8	5	1.23393e+06	5.97479e-05	0.0984	
11155	359	3002	15	21.6771	1738	15.2472	9	532	8	68	34	4	1.02957e+06	5.18323e-05	0.4019	
11500	377	3016	22.8068	22.4269	1845	16.9643	10	524	15	72	19	3	1.02957e+06	5.18323e-05	0.4019	
10587	400	3031	19.4847	26.9211	1775	18.5611	8	535	15	62	20	4	1.09778e+06	6.07533e-05	0.1347	
10333	308	3035	15	20.1018	1827	18.96	7	533	14	56	12	4	1.37514e+06	5.38184e-05	0.1813	
10396	328	3026	15.7929	21.8651	1708	15.0972	5	534	17	57	24	4	1.30327e+06	5.59159e-05	0.1392	
11473	346	3042	16.4959	20.2928	1829	15.008	6	535	6	57	12	3	1.21087e+06	4.67596e-05	0.4227	
10592	308	3035	15.1547	20.0561	1781	18.2716	7	533	8	56	12	4	1.34744e+06	5.18188e-05	0.2451	
11473	370	3046	17.5757	20	1774	15.6939	8	535	8	57	22	3	1.15199e+06	4.73418e-05	0.419	
11296	370	3016	21.2054	21.5994	1781	18.7205	10	524	20	78	21	3	1.0641e+06	5.17679e-05	0.3631	
10386	313	3044	17.3598	22.1528	1770	17.9959	7	529	17	61	2	5	1.04319e+06	5.15969e-05	0.377	
11380	400	3026	21.1583	22.3711	1793	16.6552	10	526	15	75	19	3	1.04319e+06	5.15969e-05	0.377	
10413	340	3042	19.7914	27.3365	1773	18.4694	6	530	13	56	19	5	1.12979e+06	6.25939e-05	0.1119	
11500	397	3016	22.7838	25.8624	1845	16.3441	10	524	13	67	19	4	1.00226e+06	5.51481e-05	0.3612	
10814	382	3014	24.0734	29.2444	1819	19	7	532	12	70	51	3	1.02705e+06	6.52614e-05	0.1881	
11123	400	2987	22.6745	26.1687	1888	18.8132	8	534	15	65	43	4	1.02146e+06	5.85789e-05	0.2436	
11470	392	3030	24.0864	20.1276	1793	17.1899	10	526	18	64	19	3	1.03089e+06	5.08776e-05	0.4304	
10825	390	3034	17.3469	20	1804	15.4781	8	534	3	58	25	5	1.18388e+06	5.12558e-05	0.2909	
11068	351	3037	20.7547	22.0493	1834	17.1832	9	528	17	57	32	3	1.0873e+06	5.32028e-05	0.2951	
11066	400	3036	21.4093	25.3526	1855	14	10	526	17	61	17	3	1.03705e+06	5.59034e-05	0.2796	
11449	395	3046	22.8145	23.9475	1845	16.2518	10	526	12	67	20	3	1.01403e+06	5.3183e-05	0.3564	
11400	400	3047	22.8145	23.8718	1864	16.6566	10	527	15	73	31	3	1.01429e+06	5.35733e-05	0.3428	
11380	396	3016	21.7609	28.7556	1852	16.6552	10	534	13	74	25	4	1.00683e+06	5.84317e-05	0.2645	
11016	393	3034	18.8508	20.1845	1781	15.7745	6	534	4	60	17	5	1.13212e+06	5.05127e-05	0.3275	
10942	400	3050	21.3681	23.3164	1808	18.1949	9	535	3	59	10	5	1.05622e+06	5.47345e-05	0.2703	
10371	400	3039	18.6164	26.9496	1808	18.5611	8	534	4	63	20	5	1.01736e+06	5.27537e-05	0.3748	
11449	395	3046	22.8145	23.5751	1871	16.2518	10	526	9	72	19	3	1.01736e+06	5.27537e-05	0.3748	
10684	397	3017	19.4847	26.8547	1775	18.5611	8	534	15	59	20	4	1.0909e+06	6.00745e-05	0.146	
11381	381	3035	21.5275	20.4613	1848	15.2073	9	528	15	65	12	5	1.06921e+06	4.96697e-05	0.4245	
11076	354	2995	16.0795	25.2976	1761	14.9261	10	535	7	58	2	4	1.2643e+06	4.649e-05	0.421	
11473	354	3042	15.3566	20	1780	14.4696	7	535	6	57	20	3	1.2643e+06	4.649e-05	0.421	
10321	388	2992	23.3307	28.3758	1744	17.1105	5	530	11	58	52	3	1.07395e+06	6.91467e-05	0.1175	
10495	398	3019	19.7524	26.9211	1775	18.1069	8	533	15	61	20	4	1.09997e+06	6.17208e-05	0.1304	
10644	375	3046	19.5089	26.9211	1807	15.9061	7	535	18	64	4	4	1.10138e+06	5.92382e-05	0.168	
10225	315	3044	15.6192	22.7726	1770	17.9959	7	535	17	61	2	5	1.32475e+06	5.70288e-05	0.1152	
10426	392	3050	18.6164	26.9211	1804	18.9889	6	535	4	57	10	5	1.13462e+06	6.08421e-05	0.1174	
10587	392	3043	18.4105	24.6454	1811	18.5611	6	535	4	57	25	3	1.1364e+06	5.77034e-05	0.1612	
10871	400	3017	22.26	25.7774	1868	18.8132	8	534	12	65	16	3	1.03748e+06	5.8483e-05	0.231	
10950	385	2992	21.5876	26.978	1886	16.7621	8	532	19	56	20	3	1.04109e+06	5.90877e-05	0.2217	
11285	400	3044	17.3589	20	1839	15.6514	6	526	11	61	3	3	1.16323e+06	4.75692e-05	0.3998	
11113	400	3014	22.26	25.0872	1828	14.7467	9	535	15	67	19	4	1.02687e+06	5.6164e-05	0.2701	
11301	400	3018	23.3057	27.676	1834	15.4472	10	534	17	73	19	3	995592	5.82886e-05	0.2821	
10703	363	3026	15.8832	22.2434	1708	14.2258	5	534	16	57	24	4	1.25513e+06	5.37432e-05	0.1872	
10828	400	3003	22.26	27.3116	1857	18.6844	8	535	12	65	26	3	1.03553e+06	6.09385e-05	0.1997	
10766	394	3039	19.0343	26.9296	1806	16.6576	8	533	9	63	14	5	1.09725e+06	5.85789e-05	0.1828	
11400	397	2978	22.8145	25.8624	1841	16.5451	10	527	15	73	40	3	1.00213e+06	5.6427e-05	0.3297	
10619	392	3026	18.6164	22.1593	1843	17.9914	8	535	9	55	17	4	1.13684e+06	5.49511e-05	0.2089	
10848	388	3050	20.3005	22.6285	1819	15.7461	8	531	19	57	54	4	1.09084e+06	5.59534e-05	0.217	
10356	366	3045	16.348	21.4483	1748	17.9959	7	529	17	58	14	5	1.25559e+06	5.54232e-05	0.1626	
11016	400	3040	20.612	23.3578	1795	15.7745	5	533	7	59	7	4	1.07143e+06	5.3697e-05	0.2884	
11184	370	3040	18.3681	23.9146	1813	16.6696	8	534	16	60	60	5	1.1229e+06	5.4339e-05	0.2406	
10930	391	2987	21.7228	27.3753	1871	17.7001	9	534	17	58	24	4	1.03788e+06	6.00709e-05	0.2074	
11454	394	3012	23.6335	21.4223	1826	16.1209	10	524	11	75	17	3	1.02399e+06	5.17224e-05	0.4405	
10814	380	3024	25	29.2444	1819	19	7	532	12	63	51	4	1.02255e+06	6.58675e-05	0.1745	
10970	389	3050	16.5828	21.6865	1714	17.1533	9	534	16	70	34	4	1.18942e+06	5.22876e-05	0.2496	
10309	381	2987	20.3236	28.9136	1811	14.928	6	533	14	56	24	4	1.10532e+06	6.61551e-05	0.1146	
10225	363	3044	17.1058	23.7767	1765	16.0977	7	533	17	55	10	5	1.22129e+06	5.86717e-05	0.0999	
11407	396	3016	22.616	25.5532	1807	17.8306	10	525	19	83	19	3	1.00604e+06	5.53679e-05	0.349	
11016	400	3025	18.3257	23.4615	1786	15.1895	5	534	17	57	29	3	1.11786e+06	5.36452e-05	0.2526	
10911	385	2978	25	27.3753	1846	16.7621	10	534	15	57	18	5	1.01094e+06	6.22587e-05	0.2237	
11038	392	3003	20.2376	24.4988	1853	17.4244	7	535	20	62	50	4	1.07265e+06	5.65163e-05	0.2234	
11072	400	3039	21.6003	23.3164	1808	18.1949	8	534	5	60	23	5	1.05044e+06	5.45316e-05	0.2845	
11373	400	3025	22.8144	23.2631	1810	16.3283	8	529	15	63	13	3	1.02067e+06	5.30955e-05	0.3446	
11072	400	2987	21.6003	23.3164	1808	18.1949	8	534	5	60	24	5	1.04945e+06	5.5063e-05	0.2839	
11400	395	3018	22.3866	21.7361	1814	16.5406	9	524	16	75	14	3	1.03675e+06	5.14748e-05	0.4068	
11479	354	3042	16.056	20	1772	15.008	7	535	6	55	20	3	1.22629e+06	4.66984e-05	0.422	
11023	375	2991	16.2123	21.4921	1728	16.177	8	535	9	61	23	4	1.20989e+06	5.13637e-05	0.287	
10426	400	3050	18.6164	26.9211	1843	18.9889	6	535	4	57	15	5	1.13334e+06	6.09533e-05	0.1235	
11329	400	3014	21.6994	29.7597	1871	14.9236	10	524	18	74	14	3	1.00485e+06	5.973e-05	0.2732	
11181	400	3026	22.26	26.1687	1900	17.1403	8	535	12	66	25	3	1.02021e+06	5.67408e-05	0.2686	
11293	366	3044	22.2649	28.7556	1749	16.6552	10	535	11	55	19	3	1.01749e+06	5.92593e-05	0.24	
10141	325	3050	20.0568	23.2998	1769	18.4694	5	532	15	56	12	5	1.16907e+06	6.07128e-05	0.1183	
10659	373	3040	16.5009	23.8853	1783	18.3906	9	535	1	68	14	4	1.20479e+06	5.53802e-05	0.1909	
11500	342	3047	19.1834	22.6588	1708	17.9321	8	535	18	85	23	5	1.10724e+06	5.06663e-05	0.3448	
11380	380	2998	22.8689	20.6287	1848	16.9062	10	535	20	70	19	3	1.04369e+06	5.11247e-05	0.3893	
11475	391	3018	22.8144	30	1845	14.1119	10	528	15	73	19	3	988713	5.9891e-05	0.2802	
11411	368	3024	20.0329	20	1874	17.0128	6	534	20	58	5	4	1.10456e+06	4.82789e-05	0.3983	
10664	400	3034	18.0375	21.9503	1788	15.2533	5	534	15	57	27	5	1.16073e+06	5.45345e-05	0.2109	
11088	362	3027	16.7997	20.1018	1777	15.0664	6	535	13	64	5	5	1.20731e+06	4.8883e-05	0.3438	
11483	377	3029	23.2756	22.4269	1768	18.2362	10	528	17	75	19	3	1.02427e+06	5.2356e-05	0.3736	
10824	385	2992	20.9621	28.957	1815	16.7621	8	532	19	57	14	3	1.04945e+06	6.19272e-05	0.1674	
10587	373	3009	20.7739	23.8853	1763	18.5611	8	535	4	59	23	4	1.09287e+06	5.86407e-05	0.184	
10938	400	3013	20.4226	23.1081	1795	15.0655	9	535	3	60	16	5	1.07242e+06	5.44218e-05	0.2731	
10642	377	3024	15.7356	21.6771	1748	16.0107	6	535	7	74	12	4	1.25875e+06	5.3396e-05	0.2271	
11400	395	3020	22.0114	23.3369	1869	15.7531	10	532	18	59	36	4	1.02751e+06	5.30082e-05	0.3252	
11473	370	3037	19.7118	20	1768	15.6939	8	535	14	57	26	3	1.09946e+06	4.84215e-05	0.4027	
10924	382	3027	22.5617	23.3164	1795	15.7745	9	534	19	62	7	5	1.04965e+06	5.56545e-05	0.2835	
10755	400	3016	22.0505	28.7556	1852	15.617	8	535	3	55	16	3	1.0374e+06	6.23364e-05	0.1899	
10958	400	3034	22.5617	23.3164	1791	16.7798	8	534	15	60	18	5	1.04284e+06	5.57196e-05	0.2678	
10962	400	3015	23.6701	28.3941	1827	16.8893	9	535	8	67	37	4	1.01319e+06	6.21543e-05	0.2173	
10925	390	3046	19.5559	20.8806	1792	15.5759	6	534	13	58	36	5	1.11653e+06	5.27037e-05	0.2678	
10958	377	3034	19.6612	22.7845	1856	16.7418	6	529	19	55	2	4	1.09982e+06	5.29045e-05	0.2814	
10804	392	3006	15.2572	21.6771	1814	15.3299	8	535	8	67	35	4	1.26909e+06	5.30279e-05	0.2281	
10600	398	3035	15.1547	20.3489	1827	18.2716	8	533	8	56	28	4	1.29868e+06	5.27454e-05	0.2126	
10921	388	3041	15.7525	21.6771	1737	18.0616	6	535	7	68	21	5	1.2374e+06	5.17224e-05	0.2577	
11016	393	3032	17.7803	20.1845	1792	15.7745	6	534	4	59	17	4	1.15862e+06	5.0025e-05	0.3261	
11473	400	3042	19.7118	22.7697	1768	15.6939	8	535	8	57	26	3	1.06454e+06	5.07228e-05	0.3577	
10978	400	3034	20.0129	22.2383	1795	15.7745	9	534	3	60	26	4	1.08201e+06	5.33419e-05	0.2847	
11040	400	2993	23.6068	28.125	1742	16.829	8	527	15	68	23	3	1.00739e+06	6.13309e-05	0.2469	
10519	381	2987	20.3236	28.9136	1708	14.4559	6	533	14	60	20	4	1.08941e+06	6.43294e-05	0.1282	
11125	377	2974	17.5789	25.5136	1815	15.7607	6	535	17	57	4	3	1.12563e+06	5.43981e-05	0.2359	
11227	351	3002	15	21.8861	1738	15.5562	9	532	9	71	18	3	1.01421e+06	6.25743e-05	0.2094	
11220	357	3009	23.6443	29.1561	1723	15.5487	10	535	17	66	67	3	1.01421e+06	6.25743e-05	0.2094	
11088	372	3043	15	20.1018	1865	16.1021	6	534	7	61	5	4	1.29461e+06	4.79386e-05	0.3617	
11380	392	3032	20.8065	22.9192	1840	16.6552	10	527	17	83	19	3	1.04981e+06	5.1784e-05	0.3751	
11173	337	3022	15.2572	22.3773	1730	15.6685	7	534	9	71	19	4	1.27121e+06	5.05587e-05	0.2856	
11061	385	3034	21.4868	27.6366	1761	16.3525	9	532	19	70	33	3	1.03536e+06	5.93085e-05	0.2243	
11230	396	3038	22.8145	25.3413	1852	16.6552	10	534	13	69	25	4	1.01563e+06	5.59378e-05	0.2866	
11052	365	3004	20.0855	21.1715	1777	17.9175	9	534	16	55	60	4	1.10386e+06	5.40804e-05	0.257	
11402	396	3017	15	21.9079	1827	16.6552	10	534	9	68	28	4	1.24762e+06	4.89333e-05	0.3373	
11125	400	2998	19.8244	20.5142	1817	16.992	8	535	3	67	19	3	1.09159e+06	5.0958e-05	0.3419	
10257	357	3003	23.1875	27.4614	1716	15.7926	7	527	16	55	40	4	1.0862e+06	6.78748e-05	0.115	
10396	339	3026	15.7929	20.5576	1708	15.0972	5	534	16	57	20	4	1.30326e+06	5.4487e-05	0.1626	
10493	388	2987	22.0318	27.3753	1872	16.996	8	532	20	57	15	3	1.06153e+06	6.32751e-05	0.1465	
11400	392	3016	23.1419	26.0248	1804	16.6552	10	525	15	73	26	3	1.00107e+06	5.62272e-05	0.3383	
11500	396	3016	22.8145	28.7556	1852	16.4328	10	534	13	75	26	4	990939	5.83499e-05	0.2955	
11301	397	2950	22.8144	30	1845	14.1119	10	527	15	73	19	4	992909	6.15006e-05	0.2691	
10141	311	3050	20.0568	23.2998	1772	18.4694	7	532	8	56	12	5	1.17431e+06	6.06686e-05	0.125	
10587	400	3037	21.1324	26.5124	1843	18.5611	8	534	15	62	6	4	1.06871e+06	6.02773e-05	0.1736	
10494	349	3001	17.9216	21.6126	1724	18.6291	6	535	16	56	33	4	1.19618e+06	5.67022e-05	0.1535	
10697	400	3016	22.0505	28.7556	1852	15.617	7	530	15	56	16	3	1.0426e+06	6.28101e-05	0.1797	
11380	396	3016	22.946	20.6205	1852	16.6808	10	524	20	73	19	3	1.0387e+06	5.10178e-05	0.4209	
11264	391	3016	23.6526	26.0248	1821	16.7176	10	525	17	74	32	3	1.00422e+06	5.74317e-05	0.3093	
11262	394	2992	23.9276	29.8607	1731	15.4696	7	530	12	58	9	5	996470	6.20694e-05	0.2525	
11171	398	3001	21.1702	21.2198	1754	15.0134	7	526	17	67	7	3	1.06422e+06	5.16636e-05	0.3616	
11066	384	3035	21.4868	25.0762	1842	14.819	9	527	18	67	36	4	1.35576e+06	5.27204e-05	0.2227	
10460	308	3038	15.1235	20.1018	1880	18.96	8	533	14	56	12	4	1.35576e+06	5.27204e-05	0.2227	
11230	396	3016	22.8145	25.3413	1852	16.6552	10	534	13	68	25	4	1.0151e+06	5.61577e-05	0.2857	
10587	392	3011	18.6164	26.9211	1831	18.5611	8	535	14	57	7	3	1.11478e+06	5.98015e-05	0.1365	
10722	353	3046	18.4132	21.0215	1743	17.0571	8	535	15	59	19	3	1.15712e+06	5.32283e-05	0.2383	
10676	389	3037	19.4847	21.3464	1806	18.8234	10	535	4	63	32	4	1.11823e+06	5.51298e-05	0.2301	
10917	242	3009	15	21.917	1763	17.5586	6	535	12	67	18	3	1.4054e+06	5.17759e-05	0.2442	
11407	396	3016	22.616	25.5532	1852	18.1422	10	525	19	84	11	3	1.00737e+06	5.51116e-05	0.3537	
11068	371	3047	20.7547	21.5546	1818	16.1575	9	527	17	55	36	3	1.08116e+06	5.27788e-05	0.304	
11335	400	2997	24.8523	28.2325	1751	16.3304	8	525	19	72	43	3	984345	6.06943e-05	0.288	
11268	400	3027	20.1967	20.0333	1734	16.4079	7	535	16	73	2	4	1.08673e+06	4.94267e-05	0.3745	
11449	400	3016	23.2714	24.2205	1845	15.1593	10	524	12	72	19	3	1.00697e+06	5.39607e-05	0.3638	
11048	400	3034	18.0375	22.9838	1795	15.1383	5	534	15	57	41	5	1.13571e+06	5.33077e-05	0.2515	
11322	395	3020	22.8145	24.4962	1845	15.9093	9	531	12	73	19	3	1.01489e+06	5.45643e-05	0.3212	
11115	396	3007	22.8145	25.3413	1852	16.9288	10	534	13	68	25	4	1.02002e+06	5.70028e-05	0.2694	
11230	396	3016	22.8145	25.3413	1852	16.6552	10	534	13	68	25	4	1.0151e+06	5.61577e-05	0.2857	
11400	400	3023	22.8145	22.4269	1870	16.2518	10	525	15	73	31	3	1.02401e+06	5.24934e-05	0.3938	
10443	393	3033	17.9696	20	1792	15.7745	6	534	3	59	17	5	1.18902e+06	5.41536e-05	0.2194	
10830	373	3003	22.9191	28.4693	1716	14.9735	7	527	16	55	42	4	1.03865e+06	6.35001e-05	0.1851	
11487	341	3004	17.9196	20.775	1899	15.9026	6	535	14	55	2	4	1.16194e+06	4.75851e-05	0.3821	
10825	379	3034	19.4812	20.8806	1805	15.1328	6	534	8	57	29	5	1.12727e+06	5.30645e-05	0.2656	
10881	337	3029	16.5603	20	1845	18.0973	6	535	9	57	13	4	1.23879e+06	5.0221e-05	0.3023	
10930	385	2995	22.4461	26.8131	1871	16.5643	10	535	15	57	21	5	1.03247e+06	5.95948e-05	0.2138	
11173	337	3015	15.2572	22.9051	1730	15.4368	7	534	10	71	19	4	1.26778e+06	5.10908e-05	0.2797	
11138	377	3050	20.8864	20.2933	1830	14.909	9	535	16	58	51	3	1.08356e+06	5.19157e-05	0.3026	
11432	400	3010	23.6373	26.4335	1820	17.5649	10	525	6	57	32	3	994030	5.70907e-05	0.3405	
11429	335	3011	15.2572	21.6771	1727	15.1972	8	535	9	67	35	4	1.26756e+06	4.9099e-05	0.3337	
10725	335	2987	15.7732	21.6771	1730	15.6399	8	533	9	61	21	4	1.26836e+06	5.3322e-05	0.2206	
11306	394	3005	20.2061	25.333	1798	18.0033	8	535	19	66	75	3	1.05674e+06	5.6744e-05	0.2366	
11034	400	3017	20.349	22.9453	1857	16.6552	10	535	15	76	19	3	1.06516e+06	5.37057e-05	0.2898	
10917	386	2997	22.1014	26.7535	1852	17.7001	10	534	17	60	24	4	1.03642e+06	5.9641e-05	0.2104	
10936	390	3046	19.5559	20.8806	1811	16.1869	6	534	13	58	29	5	1.11548e+06	5.22931e-05	0.2762	
11494	400	3041	19.1637	21.2699	1814	15.008	7	528	17	58	23	3	1.08856e+06	4.88687e-05	0.4051	
10966	383	3019	18.36	20.4411	1800	15.7745	8	534	7	60	21	5	1.14386e+06	5.10908e-05	0.3034	
10643	400	2999	21.3875	23.674	1743	16.847	8	532	9	57	75	4	1.08649e+06	6.13949e-05	0.1564	
11500	356	3029	23.2756	22.4269	1768	17.8762	8	532	15	73	19	4	1.04043e+06	5.21866e-05	0.3758	
11264	400	3018	17.3589	20	1868	17.9584	6	535	12	62	7	3	1.15821e+06	4.80746e-05	0.3623	
10141	376	3042	17.6843	22.9703	1808	15.9135	6	535	8	57	13	5	1.21016e+06	5.90982e-05	0.1266	
11068	351	3040	20.7547	22.0493	1832	17.1832	9	528	17	57	36	3	1.0876e+06	5.3339e-05	0.2918	
10864	400	3036	20.4249	22.4557	1818	16.1575	9	533	17	55	36	3	1.07712e+06	5.49904e-05	0.2312	
10787	380	2959	19.8653	25.4582	1756	17.0259	7	534	17	57	20	5	1.08895e+06	5.84898e-05	0.1921	
11415	331	3043	16.6691	20.1176	1814	16.1021	6	535	7	64	9	4	1.21921e+06	4.70323e-05	0.4117	
11311	392	3030	20.8065	21.5834	1825	16.4977	10	525	15	83	13	3	1.06209e+06	5.08984e-05	0.3733	
10720	392	3005	18.9181	25.6193	1738	15.4618	8	534	18	59	9	3	1.10399e+06	5.77401e-05	0.1834	
11380	392	3023	20.8065	21.5731	1798	16.8309	10	525	15	83	15	3	1.05982e+06	5.07228e-05	0.388	
10587	400	3033	21.1324	26.5124	1838	18.5611	8	534	16	59	6	4	1.06763e+06	6.0361e-05	0.1652	
10671	397	3042	24.9812	29.8201	1708	17.3055	5	533	16	62	34	3	1.02699e+06	6.70556e-05	0.1554	
11127	387	3044	17.0156	23.7767	1748	16.0977	9	529	17	55	4	5	1.15267e+06	5.20373e-05	0.2769	
11331	383	3046	15.4966	21.8308	1804	15.7696	7	533	10	66	10	4	1.23102e+06	4.85673e-05	0.356	
11400	383	3029	22.3896	20.8512	1870	15.9228	10	525	15	73	16	3	1.04802e+06	5.05025e-05	0.4397	
10494	349	3042	18.213	22.85	1724	15.7574	7	532	16	56	33	5	1.17881e+06	5.72508e-05	0.1513	
11016	390	3034	21.5163	22.9838	1795	18.0795	5	535	4	55	29	4	1.06311e+06	5.48155e-05	0.27	
11091	385	3016	18.5088	20.9556	1813	15.6486	5	534	17	61	27	4	1.13414e+06	5.10438e-05	0.306	
11342	392	2992	20.2087	28.677	1788	15.3967	9	535	16	61	20	3	1.03226e+06	5.82106e-05	0.236	
10610	349	3042	18.0744	24.2008	1724	18.4081	6	532	16	56	33	4	1.16951e+06	5.77301e-05	0.152	
10579	349	3042	18.213	24.3755	1724	18.4081	6	532	16	56	33	4	1.16663e+06	5.8214e-05	0.1454	
10225	363	3047	17.0156	23.7767	1748	16.0977	7	525	17	55	4	5	1.22277e+06	5.81801e-05	0.1265	
11214	387	3009	20.1554	22.9846	1723	15.886	10	534	17	66	67	3	1.07025e+06	5.47735e-05	0.2647	
10363	342	3010	23.6624	28.3758	1745	18.2766	6	525	11	55	35	4	1.07786e+06	6.77782e-05	0.1232	
11088	371	3043	16.6691	20.1018	1836	16.1021	6	534	7	64	7	4	1.20757e+06	4.86287e-05	0.347	
10415	400	3042	20.6975	22.0833	1764	18.4694	7	535	13	55	26	6	1.11188e+06	5.83192e-05	0.1439	
11454	395	3012	23.2699	21.9879	1826	16.3583	10	524	12	75	17	3	1.02301e+06	5.19994e-05	0.4204	
11229	400	2992	23.0023	28.4473	1743	15.4696	7	530	15	57	41	5	1.00915e+06	6.07017e-05	0.2474	
10837	381	3042	20.1463	22.4256	1804	17.3384	9	530	20	68	23	3	1.09127e+06	5.45792e-05	0.2532	
11169	387	2974	25	29.7508	1741	18.1362	6	535	8	64	24	6	999369	6.36254e-05	0.2367	
10225	309	3044	17.1434	23.5448	1772	17.7866	7	529	17	56	2	5	1.24922e+06	5.80923e-05	0.122	
11267	400	3004	19.2551	20.3076	1887	17.6336	6	535	19	55	52	4	1.1104e+06	5.07924e-05	0.3255	
10587	382	3039	24.1606	27.7979	1752	17.6832	8	535	13	55	8	4	1.03893e+06	6.40287e-05	0.1592	
11500	393	3016	22.8145	28.7556	1852	16.6552	10	534	13	75	21	4	991840	5.82886e-05	0.2969	
10966	375	3043	16.4703	23.0643	1781	14.8219	6	535	11	63	14	6	1.19921e+06	5.22248e-05	0.2577	
10652	364	3030	25	29.2444	1761	19	8	532	10	58	48	4	1.03763e+06	6.74627e-05	0.142	
11117	327	3036	18.3959	20.1865	1900	17.0128	6	534	20	58	39	4	1.17295e+06	5.04108e-05	0.3135	
10712	369	2978	20.8381	25.993	1886	16.5442	7	534	17	57	12	6	1.08039e+06	5.92242e-05	0.1924	
11140	400	3027	22.4766	29.7597	1862	16.1275	10	524	15	70	19	3	1.00622e+06	6.11322e-05	0.2572	
11006	400	2987	19.9141	20.8008	1805	16.7973	8	532	20	62	15	3	1.09105e+06	5.20183e-05	0.3014	
11380	396	3016	22.9115	28.7556	1852	16.6552	10	535	13	74	20	4	994733	5.88963e-05	0.2846	
10994	380	2963	19.8653	21.4014	1763	17.319	8	534	17	57	19	5	1.09787e+06	5.31152e-05	0.2839	
11065	377	3042	19.1596	24.3501	1765	14.909	9	535	16	58	9	3	1.09012e+06	5.37953e-05	0.2669	
11166	354	3013	15.9607	22.2309	1755	15.008	7	535	6	70	29	3	1.22112e+06	5.09788e-05	0.2933	
11368	391	3026	23.6373	26.0248	1816	16.2566	10	525	15	56	32	3	999331	5.68053e-05	0.3213	
11214	361	2983	22.4217	28.7664	1822	16.2323	6	535	18	66	67	4	1.03061e+06	6.1565e-05	0.2065	
11125	373	3010	17.6435	25.6444	1723	19	8	535	17	60	4	3	1.12364e+06	5.48396e-05	0.2283	
10675	400	3021	21.6789	26.2045	1830	17.2345	8	531	17	62	13	4	1.05579e+06	5.99664e-05	0.1917	
11115	396	3012	23.0046	25.3413	1852	16.9288	10	535	13	68	25	4	1.01846e+06	5.70679e-05	0.2681	
10737	313	3044	15.262	22.1528	1770	18.1075	7	529	17	59	2	5	1.31306e+06	5.22302e-05	0.2365	
11500	399	3036	21.8175	20	1720	15.6874	8	524	15	67	36	4	1.06369e+06	4.97438e-05	0.4412	
11016	389	3034	18.5088	20.8806	1826	15.7745	7	534	17	57	70	5	1.14379e+06	5.35045e-05	0.2379	
11110	298	3045	18.1962	20.0078	1866	18.5804	7	534	17	67	20	4	1.20407e+06	4.96672e-05	0.3252	
11481	354	3042	16.056	20.3033	1768	15.6921	8	535	8	57	20	3	1.22017e+06	4.70124e-05	0.4056	
10166	311	3036	18.4261	24.5417	1731	18.4081	8	532	5	55	19	5	1.20794e+06	6.14137e-05	0.0994	
11233	337	3002	15	21.6771	1738	15.2472	9	532	18	71	18	4	1.28556e+06	4.96796e-05	0.305	
10749	396	3012	21.9719	29.9322	1775	16.736	8	524	20	59	8	5	1.03893e+06	6.39632e-05	0.1767	
10942	391	3050	21.6003	23.3164	1808	18.1949	9	535	0	60	33	3	1.0546e+06	5.56297e-05	0.2574	
10524	392	2993	20.1799	24.0772	1809	16.3533	6	534	18	61	22	4	1.10386e+06	5.89206e-05	0.1678	
11110	341	3045	18.1962	20.0078	1837	18.6695	7	534	16	67	17	4	1.16824e+06	4.96253e-05	0.3268	
11420	397	3031	22.5084	25.5962	1845	16.7838	10	523	15	76	15	3	1.00726e+06	5.49239e-05	0.3574	
11416	400	3025	22.8144	24.3197	1810	16.3283	8	530	15	68	19	3	1.01183e+06	5.39607e-05	0.3368	
11399	400	3026	22.0505	21.1508	1861	16.0279	10	535	11	73	19	3	1.03938e+06	5.06303e-05	0.413	
10981	362	3043	15	20.1018	1836	16.5616	7	535	7	64	5	4	1.30136e+06	4.87021e-05	0.3384	
11467	400	3022	22.5084	25.8848	1853	14.9585	8	531	15	62	19	5	1.00851e+06	5.50025e-05	0.3288	
11032	356	3005	19.3223	21.9184	1782	16.3272	6	535	15	55	62	5	1.12947e+06	5.44573e-05	0.2338	
11301	400	3025	23.0922	23.2631	1810	16.3283	8	534	15	69	19	3	1.01894e+06	5.37606e-05	0.3259	
11399	364	3050	20.1885	22.8356	1853	15.7677	8	531	19	57	56	4	1.07894e+06	5.21621e-05	0.3233	
11016	400	3034	17.5725	22.9838	1786	15.1582	5	534	12	57	29	5	1.14936e+06	5.28262e-05	0.2631	
10723	394	3012	20.2061	21.2262	1818	18.8183	7	532	16	59	17	4	1.10413e+06	5.44573e-05	0.248	
11079	341	3050	18.1962	20.0078	1825	18.0588	8	534	16	66	22	4	1.16696e+06	4.99525e-05	0.3178	
11415	331	3050	16.7186	20.1176	1836	16.1021	6	534	7	62	7	4	1.21936e+06	4.68538e-05	0.4098	
11420	395	3016	19.9123	26.4604	1845	16.2518	7	533	13	63	26	3	1.04585e+06	5.48607e-05	0.2916	
11302	365	3004	18.8843	21.4262	1899	18.0097	7	534	16	55	57	4	1.12298e+06	5.15464e-05	0.3164	
10396	346	3017	15.7929	21.8651	1708	15.1301	5	533	20	56	24	4	1.29321e+06	5.60004e-05	0.1388	
10941	381	3016	16.6904	24.115	1734	16.1575	6	529	17	70	8	4	1.17814e+06	5.3749e-05	0.2377	
11173	338	2970	17.6435	25.5136	1829	16.181	7	535	20	55	4	3	1.13969e+06	5.42182e-05	0.2382	
11113	400	3028	22.4031	26.1687	1900	16.3915	7	535	12	66	18	3	1.02359e+06	5.69833e-05	0.2641	
11293	389	3018	23.8718	26.0862	1747	14.603	9	535	17	67	60	4	1.00561e+06	5.84249e-05	0.2663	
11189	379	3000	15	21.0694	1738	15.2472	9	532	8	71	36	4	1.27163e+06	5.00626e-05	0.3104	
11051	386	2998	22.6335	29.7508	1754	15.7711	6	535	7	64	25	5	1.02206e+06	6.25391e-05	0.2071	
10333	308	3035	15.1235	20.1018	1827	18.96	7	533	14	56	19	4	1.36847e+06	5.42623e-05	0.1631	
10799	400	3050	21.5415	23.3164	1808	18.5117	9	534	4	60	18	5	1.06227e+06	5.61608e-05	0.244	
10787	399	3014	16.1941	22.2095	1727	17.5773	6	534	18	64	32	5	1.2187e+06	5.40599e-05	0.1963	
11400	391	3025	23.7289	26.5769	1806	18.5944	8	525	13	64	32	3	998752	5.7323e-05	0.3254	
10587	400	3043	19.2904	26.6445	1816	16.6219	10	535	11	56	13	4	1.0986e+06	5.96588e-05	0.1459	
11383	383	3019	17.5965	20	1867	14.9303	7	526	15	61	9	3	1.15518e+06	4.74271e-05	0.4039	
11449	400	2996	22.8145	29.7597	1871	16.6552	9	527	14	74	17	3	987636	5.9891e-05	0.2908	
11500	396	3016	22.8145	24.6304	1852	15.8479	10	526	13	75	25	4	1.00871e+06	5.39462e-05	0.3682	
11494	366	3041	20.1038	25.395	1795	16.2671	7	533	17	57	20	3	1.05865e+06	5.32368e-05	0.3184	
11083	373	3045	15	20.8151	1836	16.1021	6	534	5	59	12	4	1.28706e+06	4.88019e-05	0.3453	
11113	400	3028	22.26	26.1687	1900	16.3915	7	535	13	66	25	3	1.0256e+06	5.71135e-05	0.2574	
11210	388	3012	23.7978	25.626	1888	18.6573	8	535	18	65	28	3	1.00974e+06	5.73066e-05	0.2709	
10901	392	3025	22.6961	28.6802	1827	16.3817	8	535	15	57	19	5	1.02774e+06	6.17551e-05	0.1995	
10723	400	3012	20.2061	24.0666	1774	18.2026	10	532	16	58	17	4	1.07976e+06	5.71559e-05	0.2079	
10811	385	3033	16.7677	22.4532	1784	18.0569	7	532	20	71	36	4	1.19209e+06	5.43242e-05	0.2096	
10371	381	3039	18.6164	26.9496	1808	18.5611	9	535	14	59	8	5	1.1392e+06	6.15006e-05	0.1133	
10814	382	3014	25	29.2444	1819	19	8	532	10	65	53	4	1.02066e+06	6.60284e-05	0.18	
11263	392	3020	22.674	24.4962	1845	15.9093	9	531	12	73	24	3	1.01992e+06	5.49481e-05	0.312	
11293	381	3020	18.7039	25.4034	1769	14.5609	8	533	17	60	8	4	1.08712e+06	5.36279e-05	0.2742	
11170	337	3045	15	20.1884	1836	15.2492	6	533	15	60	5	4	1.30986e+06	4.75692e-05	0.37	
10149	373	3003	23.0088	27.8839	1761	14.9735	5	525	16	55	42	4	1.09539e+06	6.93145e-05	0.1146	
11229	386	3029	22.5084	20	1857	16.9696	10	535	15	71	17	3	1.05782e+06	5.09788e-05	0.3762	
10923	365	3034	17.8722	27.3753	1823	16.7621	9	535	7	57	2	4	1.03304e+06	6.42178e-05	0.185	
10722	400	2997	23.6548	28.3941	1844	16.9365	6	535	7	65	37	4	1.03304e+06	6.42178e-05	0.185	
10482	339	3030	15.7929	21.8651	1708	15.0972	5	534	16	57	23	4	1.28962e+06	5.50509e-05	0.1509	
11411	368	3027	20.0329	20.2022	1899	17.0128	6	534	20	58	6	4	1.10262e+06	4.83746e-05	0.3991	
10808	344	3002	15.2572	22.3271	1796	14.7461	7	535	12	72	20	4	1.28662e+06	5.29886e-05	0.2235	
11380	392	3016	22.5524	21.696	1857	16.6552	9	528	20	78	18	3	1.03595e+06	5.16476e-05	0.4144	
10722	400	3035	23.6548	29.2905	1827	17.1869	6	535	7	65	37	4	1.03237e+06	6.48466e-05	0.1783	
11454	400	3026	22.8145	25.8624	1761	16.6552	10	524	18	72	25	4	1.00202e+06	5.56607e-05	0.3407	
11380	396	3010	22.8145	28.7556	1826	16.7858	10	534	15	75	25	3	993864	5.90667e-05	0.2757	
10141	311	3050	20.0568	22.3411	1749	18.4694	5	535	8	56	12	5	1.18307e+06	5.98623e-05	0.1178	
11091	385	3022	18.5088	21.9143	1813	15.7745	5	534	17	61	23	4	1.12687e+06	5.16449e-05	0.2982	
10808	382	3039	22.2796	26.598	1840	18.5611	8	535	8	59	13	4	1.04465e+06	5.95877e-05	0.203	
11417	400	3016	22.8144	23.4508	1868	16.6552	10	524	15	57	19	3	1.01738e+06	5.31717e-05	0.364	
11247	396	3007	20.1169	25.138	1899	18.832	6	535	17	55	22	3	1.05586e+06	5.45227e-05	0.2891	
11347	385	2996	16.1335	22.0779	1730	17.6557	8	535	9	61	7	4	1.19003e+06	4.96056e-05	0.3315	
11500	377	3032	23.2756	22.4269	1845	16.9643	10	524	15	72	18	3	1.02549e+06	5.19346e-05	0.4127	
10494	349	3042	18.213	24.0598	1724	18.4081	6	532	16	56	33	4	1.17405e+06	5.85892e-05	0.1356	
10160	384	2974	21.3102	23.7981	1716	18.2754	6	535	4	57	19	3	1.1127e+06	6.30716e-05	0.122	
11380	392	3023	20.8065	21.5731	1806	16.6552	10	525	16	76	19	3	1.05855e+06	5.07331e-05	0.3797	
10461	382	3013	16.1907	21.8651	1708	15.3528	5	532	20	56	24	4	1.25047e+06	5.55803e-05	0.1468	
10424	392	2990	17.5752	22.359	1873	16.3533	9	534	18	60	10	3	1.01668e+06	6.25782e-05	0.2066	
11123	400	2951	22.8245	28.3385	1746	16.3458	8	535	14	72	67	5	1.01668e+06	6.25782e-05	0.2066	
10881	383	3028	15.422	20	1845	18.0973	6	533	12	58	28	3	1.27118e+06	5.05306e-05	0.2929	
10950	385	2994	21.7228	27.3753	1900	15.4197	6	535	17	57	19	3	1.04112e+06	5.9393e-05	0.2173	
10950	400	2987	19.9141	20.8008	1805	16.7973	7	532	20	57	15	3	1.09395e+06	5.2356e-05	0.2867	
11317	331	3043	15	20.1018	1836	16.1021	6	535	11	64	5	4	1.30976e+06	4.68318e-05	0.3964	
10924	394	3010	21.0666	22.967	1796	17.5617	9	532	15	60	54	3	1.06688e+06	5.66283e-05	0.2299	
11028	383	3050	16.9094	23.385	1793	16.4975	6	535	11	61	14	6	1.17183e+06	5.2304e-05	0.2645	
10971	353	2988	25	29.2444	1735	19	7	532	10	63	51	4	1.02257e+06	6.52061e-05	0.1956	
10472	377	3033	21.1324	25.4233	1843	18.3547	8	534	12	59	6	4	1.08675e+06	6.00889e-05	0.167	
11016	400	3050	15	21.1264	1795	15.6643	4	534	4	64	29	5	1.28632e+06	5.02361e-05	0.2872	
10276	342	3012	20.8928	26.874	1716	16.146	5	525	19	56	34	3	1.12217e+06	6.50195e-05	0.1105	
10378	400	3027	22.6017	26.267	1749	19	9	527	5	57	56	4	1.0752e+06	6.57592e-05	0.1251	
11337	334	3040	15.007	20.0685	1836	16.1021	9	534	8	63	20	4	1.30128e+06	4.72144e-05	0.3961	
11215	337	3043	15.2567	20	1836	15.0025	6	533	15	71	5	3	1.29069e+06	4.73866e-05	0.3821	
10200	400	2995	23.5449	29.4328	1854	18.5077	6	511	9	60	65	4	1.07552e+06	5.24549e-05	0.3149	
11203	400	3050	19.7242	23.0088	1808	17.1741	9	532	10	55	26	5	1.07552e+06	5.24549e-05	0.3149	
11494	400	3009	20.5391	21.8671	1856	15.7409	7	520	19	67	13	4	1.06212e+06	5.00626e-05	0.4047	
11156	377	3050	18.4976	20.2933	1743	15.5405	9	535	16	58	15	4	1.13016e+06	4.95491e-05	0.3472	
11500	336	3035	15.1547	20.1018	1835	14.2892	7	533	8	58	5	3	1.28813e+06	4.59074e-05	0.439	
10936	390	3049	19.5559	20.8806	1779	17.2668	6	534	15	58	17	5	1.11364e+06	5.19561e-05	0.2808	
10841	382	3007	23.632	29.2444	1819	19	7	530	10	65	51	4	1.02977e+06	6.49013e-05	0.1875	
11500	400	3044	21.3303	20	1839	14.8631	6	532	12	61	7	3	1.06738e+06	4.83209e-05	0.4459	
10493	385	2987	22.0318	27.3753	1896	16.996	8	535	20	57	25	3	1.06395e+06	6.37186e-05	0.1365	
11016	400	3034	22.6076	23.3164	1791	16.9903	9	534	3	60	22	4	1.03698e+06	5.5457e-05	0.2864	
11110	333	3050	19.9408	23.0421	1843	18.5804	7	535	16	63	16	4	1.1081e+06	5.28039e-05	0.281	
10874	387	3002	15.2572	22.3271	1732	14.7461	7	535	12	72	20	4	1.26112e+06	5.26177e-05	0.2301	
10923	370	2990	17.5789	22.6762	1886	16.3171	8	534	18	58	7	3	1.15348e+06	5.25403e-05	0.2673	
11483	377	3032	22.5799	22.4269	1768	17.9554	10	524	15	73	19	3	1.03325e+06	5.19534e-05	0.3886	
10872	353	3002	15.2572	22.3271	1732	14.7461	6	535	12	55	21	4	1.28e+06	5.23917e-05	0.2254	
11400	400	3016	22.5682	27.9205	1763	16.6552	10	525	16	66	4	3	998625	5.7867e-05	0.307	
11485	394	3005	20.2061	21.852	1798	18.0033	8	533	19	70	75	3	1.06817e+06	5.23505e-05	0.3303	
11454	397	3037	22.8145	24.276	1845	16.5662	10	524	15	63	25	4	1.01282e+06	5.37172e-05	0.3558	
11395	383	3049	19.5934	22.1275	1846	17.4539	8	534	18	62	23	4	1.08227e+06	5.0317e-05	0.3467	
11473	370	3046	17.6114	20	1768	15.6939	8	535	8	57	26	3	1.15202e+06	4.74879e-05	0.4171	
11127	400	3050	15	21.6641	1799	17.3426	9	528	16	68	40	4	1.2655e+06	5.06842e-05	0.2931	
10820	341	3050	17.8556	20.0078	1837	18.5804	7	534	16	67	20	4	1.19114e+06	5.15198e-05	0.2764	
11399	400	3032	22.7623	29.7597	1873	16.3159	9	524	16	74	19	3	991708	5.97943e-05	0.2928	
10652	350	3031	24.7342	28.8589	1751	19	7	535	10	63	51	4	1.04876e+06	6.69478e-05	0.1475	
11414	400	3036	19.5682	20.9831	1898	17.0128	6	534	20	60	5	4	1.08945e+06	4.86831e-05	0.365	
10424	392	2990	17.5752	22.3974	1873	16.3575	7	532	18	57	5	3	1.17781e+06	5.58503e-05	0.1824	
11144	333	3032	16.1665	23.2248	1741	18.1296	7	533	16	76	21	4	1.21991e+06	5.19805e-05	0.2633	
10697	400	3010	22.0505	28.8556	1852	15.617	7	535	15	55	24	3	1.04289e+06	6.33433e-05	0.156	
10723	397	2996	20.2061	22.967	1806	18.7862	9	532	14	56	67	4	1.10112e+06	5.88963e-05	0.1689	
11001	330	3008	16.1335	21.6771	1730	16.3297	8	535	9	61	7	4	1.23784e+06	5.08751e-05	0.2938	
11481	368	3032	16.056	20.3033	1785	15.8442	8	535	8	57	20	3	1.21355e+06	4.7061e-05	0.4089	
11500	307	3044	19.8014	20	1839	17.2173	8	532	12	57	4	3	1.14838e+06	4.76508e-05	0.4048	
11149	400	3033	21.1324	26.5124	1843	19	8	534	16	60	6	4	1.03533e+06	5.65483e-05	0.2648	
10166	276	3050	18.8396	24.5417	1731	18.4081	8	535	5	55	19	5	1.2259e+06	6.15347e-05	0.0976	
11500	400	3050	20.0809	20	1839	15.3191	6	530	12	61	7	3	1.08787e+06	4.76826e-05	0.428	
11500	400	3023	23.8591	27.6491	1855	15.9834	8	533	7	68	40	6	991068	5.78068e-05	0.3226	
10524	392	2990	19.7757	24.0772	1873	16.3533	7	534	18	58	9	3	1.10466e+06	5.79341e-05	0.1775	
11500	399	3025	20.9598	20.7326	1720	15.6874	7	524	15	69	33	4	1.06716e+06	4.99401e-05	0.4407	
11473	370	3046	19.7118	20	1768	15.6939	8	535	8	57	24	3	1.10037e+06	4.82742e-05	0.4107	
10160	400	2974	21.739	23.826	1714	18.2754	7	529	12	57	25	3	1.10154e+06	6.37714e-05	0.1244	
11209	387	3041	21.4546	29.1644	1789	15.3947	6	535	17	71	26	4	1.0266e+06	5.96267e-05	0.2172	
10936	390	3046	19.5559	20.8806	1749	15.9142	6	535	13	58	22	4	1.11138e+06	5.21241e-05	0.2847	
11028	374	3048	17.9343	23.385	1852	15.1807	6	535	17	65	28	6	1.14316e+06	5.3056e-05	0.2621	
10860	390	3042	19.4812	23.187	1806	16.5404	6	535	0	61	19	5	1.10442e+06	5.43981e-05	0.2562	
10622	392	3048	18.645	21.1912	1815	18.5611	6	535	4	57	14	3	1.14293e+06	5.38213e-05	0.2267	
10951	390	3022	19.1637	21.2699	1752	15.008	7	530	18	57	23	3	1.11025e+06	5.23478e-05	0.2903	
11068	366	3037	20.7547	22.0493	1818	16.1239	9	527	15	55	36	3	1.07941e+06	5.32765e-05	0.3	
11392	327	3046	15.2567	20	1836	16.8714	6	533	17	71	2	4	1.16955e+06	5.09217e-05	0.2942	
11016	389	3038	17.3136	20.8806	1794	15.7745	7	534	17	57	29	5	1.16955e+06	5.09217e-05	0.2942	
10827	362	3046	17.0357	20.5622	1836	16.1021	5	535	7	64	5	4	1.20844e+06	5.0656e-05	0.2948	
10546	394	3040	18.4105	24.6454	1843	18.5611	6	535	7	57	14	3	1.13628e+06	5.74812e-05	0.1657	
10587	382	3034	21.3282	27.7979	1752	17.9342	9	535	16	59	23	4	1.06917e+06	6.28259e-05	0.1351	
11233	337	3002	15	21.6771	1738	15.2472	9	532	9	68	16	4	1.28634e+06	4.95123e-05	0.3206	
10256	318	3042	18.9674	26.0579	1767	18.4081	8	535	8	56	7	5	1.17334e+06	6.16485e-05	0.1013	
10893	400	3021	24.7023	29.9322	1740	15.3862	9	532	17	73	20	4	1.00842e+06	6.46663e-05	0.2093	
11380	396	3016	15	22.5079	1852	16.6552	10	534	12	75	28	4	1.24346e+06	4.96155e-05	0.3239	
10363	342	2989	22.7962	28.783	1744	16.6118	6	528	11	55	35	4	1.085e+06	6.77415e-05	0.1186	
10587	400	3033	21.9852	26.9211	1843	18.5611	8	534	5	59	6	4	1.0561e+06	6.12107e-05	0.1795	
10715	326	3041	15.8125	21.3014	1711	16.3847	7	534	18	73	25	5	1.28077e+06	5.32822e-05	0.207	
10524	392	2990	18.9181	24.8408	1873	16.7769	7	534	18	59	9	3	1.12156e+06	5.82886e-05	0.1683	
11381	381	3037	21.4385	20.569	1848	15.2073	8	527	15	65	12	5	1.07244e+06	4.96894e-05	0.424	
11113	382	3012	23.7978	26.1687	1888	18.8132	8	535	11	65	28	3	1.01499e+06	5.84693e-05	0.2621	
11500	399	3015	21.9332	20.7326	1720	14.9503	7	524	15	68	36	4	1.05618e+06	5.05536e-05	0.4283	
10587	382	3035	25	27.7979	1752	17.9342	8	535	12	59	8	4	1.03602e+06	6.46872e-05	0.1825	
10587	400	3030	19.7523	26.9211	1843	18.922	8	535	5	59	6	4	1.09009e+06	6.0042e-05	0.1654	
11400	391	3003	24.8523	28.2325	1788	16.3304	10	525	20	66	43	3	982917	6.01793e-05	0.2965	
10787	370	2963	19.8653	25.4582	1756	17.319	7	534	17	57	21	5	1.09296e+06	5.85138e-05	0.1897	
10663	385	2992	22.0318	27.3753	1886	16.7621	8	532	19	59	15	3	1.05112e+06	6.17093e-05	0.1788	
10897	394	2992	24.0126	29.0129	1719	15.4696	8	530	14	55	15	6	1.01599e+06	6.36335e-05	0.2093	
11285	288	3004	18.7833	20.8793	1869	18.1747	6	535	16	60	3	4	1.18696e+06	4.93194e-05	0.3452	
11329	399	3050	19.5305	20.775	1843	18.5804	7	535	16	67	16	4	1.09225e+06	4.94047e-05	0.3501	
10410	383	3034	16.8569	24.1692	1712	17.5773	7	534	18	59	25	5	1.21373e+06	5.85995e-05	0.1266	
11068	366	3037	20.7547	22.0493	1832	16.1575	8	527	17	55	36	3	1.08106e+06	5.32453e-05	0.2974	
10523	392	3047	21.3106	25.5514	1799	18.3846	8	532	11	63	56	4	1.08684e+06	6.25704e-05	0.1537	
10519	381	2987	19.663	27.3438	1708	14.928	6	533	14	56	24	4	1.10598e+06	6.2383e-05	0.1242	
11500	400	3044	18.2504	20	1829	15.3191	6	526	12	61	7	3	1.12878e+06	4.69859e-05	0.434	
11235	350	3004	18.7833	20.7294	1887	18.456	6	535	15	60	3	4	1.13904e+06	4.94218e-05	0.3477	
10930	385	3007	21.7228	28.7487	1849	17.7001	10	534	16	57	21	4	1.03442e+06	6.14137e-05	0.1916	
11174	400	3044	17.3589	20	1839	15.3191	6	533	12	61	7	3	1.16198e+06	4.82369e-05	0.3573	
10057	363	3050	17.0156	23.7767	1748	16.0977	7	531	17	55	4	4	1.23776e+06	6.02918e-05	0.0997	
10793	293	3046	15	21.0738	1749	17.7051	5	528	20	65	27	4	1.35785e+06	5.20237e-05	0.2336	
10179	379	3038	23.4771	28.3758	1738	15.9387	5	522	12	56	56	4	1.09251e+06	7.04672e-05	0.117	
11500	336	3035	15.1547	20.1018	1836	14.2892	6	533	7	71	13	4	1.29262e+06	4.62299e-05	0.4516	
11400	391	3002	24.8523	28.2325	1751	16.3304	8	525	20	78	43	3	984460	6.02011e-05	0.2994	
11447	400	3043	22.7421	20.1251	1878	18.0337	8	509	4	72	30	4	1.06221e+06	5.0279e-05	0.494	
11478	400	3044	17.3589	20	1773	16.8967	7	526	13	69	7	3	1.15016e+06	4.70323e-05	0.472	
10501	397	3042	24.9812	29.8201	1708	17.3055	5	527	17	62	34	3	1.04095e+06	6.86248e-05	0.147	
11500	336	3035	15.1547	20.1018	1836	14.2892	7	533	7	71	13	4	1.28996e+06	4.62342e-05	0.4483	
11400	391	3016	22.3896	20.8512	1870	15.7789	10	525	15	73	16	3	1.04434e+06	5.06124e-05	0.4404	
10526	308	3048	15.1547	20.3489	1823	18.2716	7	533	8	63	5	4	1.34896e+06	5.21458e-05	0.2397	
11494	393	3041	19.4985	20.2756	1752	15.008	7	519	12	59	15	3	1.09909e+06	4.81881e-05	0.4631	
10492	331	3035	15.1547	20.1018	1827	18.2716	6	532	6	57	12	4	1.33854e+06	5.24576e-05	0.2384	
10592	308	3035	15.1547	20.3489	1827	18.2716	7	533	7	56	12	4	1.34538e+06	5.19184e-05	0.2472	
10463	308	3041	15.1547	20.1018	1827	17.9857	6	532	8	59	12	4	1.35711e+06	5.26565e-05	0.2293	
10917	338	3023	15	21.917	1737	16.1463	6	531	12	67	18	3	1.30307e+06	5.15358e-05	0.2585	
11500	400	3044	16.6884	20	1841	17.3642	6	526	12	66	13	3	1.17936e+06	4.66592e-05	0.4577	
10363	342	3003	20.9186	28.3758	1716	15.7124	6	525	11	55	40	4	1.11077e+06	6.61989e-05	0.1211	
10019	342	3045	20.3694	23.9343	1734	18.0101	8	529	17	56	19	5	1.16133e+06	6.43087e-05	0.1145	
10877	308	3035	15.1547	20.1018	1827	18.0973	6	532	8	57	12	4	1.33385e+06	4.9781e-05	0.318	
10814	350	3024	25	29.2444	1819	19	7	532	10	62	51	4	1.03419e+06	6.58762e-05	0.1747	
10257	357	3003	23.1875	27.4614	1716	15.7926	5	525	15	55	40	4	1.08914e+06	6.77874e-05	0.118	
10962	331	3043	15	20.1018	1863	15.8438	6	532	7	65	5	5	1.32839e+06	4.87068e-05	0.3433	
11317	331	3043	15	20.1018	1836	16.1021	6	535	11	64	5	4	1.30976e+06	4.68318e-05	0.3964	
10185	373	2978	19.7766	27.755	1813	17.9375	7	535	18	60	4	3	1.12669e+06	6.51763e-05	0.1162	
10192	358	2955	18.6358	29.2573	1854	18.6191	7	532	14	56	7	4	1.156e+06	6.64894e-05	0.1115	
11088	331	3040	15.007	20.0685	1836	16.1021	9	534	6	63	32	4	1.31282e+06	4.91352e-05	0.3351	
11215	337	3043	15.2567	20	1836	15.0025	6	533	15	71	5	4	1.29401e+06	4.74024e-05	0.3821	
10200	393	2993	24.7075	28.3525	1827	18.2049	6	514	12	66	41	4	1.04172e+06	6.46245e-05	0.1652	
10225	313	3044	15.6192	22.1528	1790	17.9959	7	529	17	63	2	4	1.32657e+06	5.6319e-05	0.1407	
10693	308	3035	15.1547	21.8774	1801	18.2716	6	529	14	56	36	4	1.33617e+06	5.37692e-05	0.2144	
10885	385	3033	16.7677	22.4532	1823	17.5344	8	527	20	71	36	4	1.18629e+06	5.36049e-05	0.2469	
11380	400	2996	22.8145	29.7597	1871	16.6552	9	525	14	74	19	3	990509	6.02845e-05	0.2907	
10653	400	3048	17.8799	20.8071	1824	15.7745	6	533	2	60	22	4	1.16877e+06	5.30757e-05	0.2572	
11494	336	3035	16.0285	20.1018	1836	14.2892	7	533	11	71	13	4	1.24011e+06	4.65116e-05	0.4378	
11384	400	3044	17.3589	20	1845	15.3191	6	526	12	61	7	3	1.16088e+06	4.71365e-05	0.4133	
11169	337	3050	15.0183	20.2224	1787	16.8665	6	533	18	70	27	5	1.30792e+06	4.87424e-05	0.3395	
11001	354	2994	15.2572	21.6771	1706	15.1824	8	530	13	70	23	4	1.27219e+06	5.14377e-05	0.2727	
10493	385	2987	22.0318	27.3753	1872	16.996	8	532	20	57	15	3	1.06261e+06	6.32791e-05	0.1465	
10477	308	3024	16.6541	20.1018	1827	18.96	7	533	12	56	17	4	1.27496e+06	5.36279e-05	0.2243	
11264	400	3044	17.3589	20	1868	15.3191	6	526	12	59	7	3	1.1646e+06	4.76781e-05	0.3919	
10893	390	3000	25	30	1728	14.594	7	528	19	67	8	4	1.01012e+06	6.50026e-05	0.214	
11400	400	3020	22.3896	21.5257	1870	15.7789	10	526	15	83	16	3	1.037e+06	5.12007e-05	0.4337	
11272	349	3042	16.8296	20.6783	1756	14.3266	6	534	15	58	9	3	1.19542e+06	4.82812e-05	0.3728	
11473	354	3013	15.9607	20	1780	15.008	7	535	6	57	19	3	1.23058e+06	4.69043e-05	0.4218	
10055	328	3020	19.1183	22.3976	1785	18.4694	7	531	13	56	13	5	1.19643e+06	6.09347e-05	0.1234	
10408	379	3038	23.0731	28.3758	1738	15.9387	5	526	14	56	18	5	1.06776e+06	6.56728e-05	0.1449	
10784	381	2981	25	29.7508	1754	16.5553	6	527	8	60	14	6	1.02296e+06	6.59892e-05	0.2051