10234	400	2990	20.9186	28.1567	1708	18.2091	6	528	11	55	24	4	1.1004e+06	6.68092e-05	0.0957	
11400	390	3002	25	28.2325	1804	16.3304	10	525	15	78	40	3	981481	6.00745e-05	0.3125	
11500	390	3044	18.4986	20	1812	15.3191	7	520	12	60	14	3	1.12618e+06	4.73059e-05	0.4558	
10257	391	3021	23.3307	28.3758	1718	18.0304	6	525	16	55	19	4	1.07088e+06	6.77828e-05	0.1149	
11500	336	3035	15.1547	20.1018	1835	14.2892	7	533	8	58	5	3	1.28813e+06	4.59074e-05	0.439	
10917	242	3009	15	21.917	1763	17.5586	6	535	12	67	18	3	1.4054e+06	5.17759e-05	0.2442	
10333	308	3033	15	20.1018	1827	19	7	533	14	55	20	4	1.3779e+06	5.428e-05	0.1601	
10917	242	3009	15	21.917	1759	17.5586	6	535	12	68	18	3	1.40534e+06	5.17974e-05	0.2445	
10333	357	3038	15.1235	20.1018	1827	18.96	7	533	14	57	12	4	1.33684e+06	5.39054e-05	0.181	
10652	364	3030	25	29.2444	1761	19	8	532	10	58	48	4	1.03763e+06	6.74627e-05	0.142	
10333	368	3016	15	20.1018	1827	19	7	533	14	55	20	4	1.34278e+06	5.44366e-05	0.1601	
10652	345	3030	25	28.2925	1761	19	8	532	10	58	48	4	1.04745e+06	6.64275e-05	0.1529	
10396	339	3026	20.8918	29.0942	1708	14.7926	5	534	16	57	11	4	1.10755e+06	6.51636e-05	0.11	
10420	320	3035	15.1547	20.0561	1781	18.2716	7	533	8	55	12	4	1.34963e+06	5.3135e-05	0.2043	
10396	339	3031	21.01	28.3643	1708	14.8117	5	534	19	55	24	4	1.10959e+06	6.49351e-05	0.102	
10378	400	3008	22.6017	26.267	1749	19	9	527	5	57	56	4	1.07465e+06	6.59761e-05	0.1251	
10422	308	3048	15.1547	20.3489	1836	18.2716	7	533	8	56	12	4	1.35704e+06	5.3118e-05	0.2088	
10333	308	3035	15.1235	20.5569	1827	18.96	7	535	13	58	13	4	1.36368e+06	5.4407e-05	0.1538	
11438	372	3043	15	20.1018	1865	15.5494	7	534	5	61	5	4	1.27974e+06	4.61148e-05	0.428	
10547	346	3017	15	21.8651	1761	15.1301	5	533	20	56	24	4	1.33029e+06	5.43272e-05	0.1671	
10239	380	3007	20.9186	27.8739	1719	16.1307	7	526	13	55	33	4	1.10606e+06	6.64894e-05	0.1071	
11500	368	3042	16.4959	20	1772	15.008	8	534	6	57	8	3	1.193e+06	4.64403e-05	0.4363	
10652	350	3031	24.7342	28.8589	1751	19	7	535	10	63	54	3	1.04776e+06	6.70826e-05	0.1462	
10333	308	3035	15.1235	20.1018	1827	18.96	7	533	14	56	19	4	1.36847e+06	5.42623e-05	0.1631	
10609	399	3042	24.9812	29.8201	1708	17.3055	5	533	16	62	37	3	1.03186e+06	6.77553e-05	0.1471	
11500	400	3044	22.3289	20	1839	15.3191	6	530	10	65	7	3	1.05703e+06	4.88926e-05	0.4533	
10333	335	3033	15	20.1867	1818	19	7	533	14	55	20	4	1.35928e+06	5.43685e-05	0.1568	
11500	400	3044	17.3589	20	1839	15.3191	6	526	12	61	7	3	1.15589e+06	4.66179e-05	0.4427	
10592	308	3035	15.1547	20.0561	1781	18.2716	7	533	8	56	12	4	1.34744e+06	5.18188e-05	0.2451	
10333	308	3035	15	20.1018	1827	18.96	7	533	14	56	12	4	1.37514e+06	5.38184e-05	0.1813	
10075	400	3046	17.908	22.6682	1747	18.4694	7	533	14	55	16	4	1.20301e+06	6.02047e-05	0.1026	
11264	400	3018	17.3589	20	1868	15.3191	6	529	15	63	7	3	1.16145e+06	4.79111e-05	0.3811	
11500	400	3044	17.3589	20	1827	17.6431	6	526	11	61	7	3	1.15369e+06	4.68077e-05	0.45	
11222	348	3043	16.6691	20.1018	1836	15.8316	6	534	7	64	7	4	1.21656e+06	4.78606e-05	0.3711	
10587	382	3039	24.1606	27.7979	1752	17.6832	8	535	13	55	8	4	1.03893e+06	6.40287e-05	0.1592	
10225	315	3044	15.6192	22.7726	1770	17.9959	7	535	17	61	2	5	1.32475e+06	5.70288e-05	0.1152	
11331	383	3046	15.4966	21.8308	1804	15.7696	7	533	10	66	10	4	1.23102e+06	4.85673e-05	0.356	
11500	354	3049	16.4959	20	1785	14.6746	7	535	6	57	12	3	1.20429e+06	4.64253e-05	0.4317	
11500	400	3044	21.3303	20	1839	14.8631	6	532	12	61	7	3	1.06738e+06	4.83209e-05	0.4459	
11088	362	3043	15	20.1018	1836	16.1021	6	535	7	64	5	4	1.29853e+06	4.8033e-05	0.3589	
10793	342	3046	15	21.0738	1758	17.7051	5	528	20	65	24	4	1.31988e+06	5.18457e-05	0.2371	
11317	337	3043	15	20.1018	1836	16.1021	6	535	11	64	5	4	1.30543e+06	4.68318e-05	0.3964	
11500	400	3044	18.2504	20	1829	15.3191	6	526	12	61	7	3	1.12878e+06	4.69859e-05	0.434	
10652	350	3031	24.7342	28.8589	1751	19	7	535	10	63	51	4	1.04876e+06	6.69478e-05	0.1475	
10602	382	3039	24.1543	27.7979	1752	17.2923	8	535	15	59	21	4	1.03999e+06	6.42921e-05	0.1578	
10294	385	2974	20.406	27.3201	1717	16.4739	7	530	12	57	19	3	1.10439e+06	6.46956e-05	0.1148	
10873	380	3008	25	29.2444	1815	19	7	532	10	63	51	4	1.01788e+06	6.55179e-05	0.1844	
11500	380	3004	18.2465	21.1353	1899	18.1747	9	532	17	57	2	4	1.11925e+06	4.81556e-05	0.3843	
10225	313	3044	15.6192	22.1528	1770	17.9959	7	529	17	61	2	5	1.32761e+06	5.62841e-05	0.1328	
10396	349	3026	15.3984	21.8651	1708	15.0972	5	533	16	57	24	4	1.31551e+06	5.57414e-05	0.1451	
10091	390	3050	18.9674	24.5417	1731	17.5685	8	535	0	56	19	5	1.16565e+06	6.23441e-05	0.1056	
10874	387	3002	15.2572	22.3271	1732	14.7461	7	535	12	72	20	4	1.26112e+06	5.26177e-05	0.2301	
10257	378	3039	22.4662	27.3259	1718	16.9276	6	525	16	55	19	4	1.08437e+06	6.56556e-05	0.122	
10519	381	2987	19.663	27.3438	1708	14.928	6	533	14	56	24	4	1.10598e+06	6.2383e-05	0.1242	
10642	377	3019	15.7356	21.6771	1748	16.0107	6	535	7	68	12	4	1.25816e+06	5.32793e-05	0.2193	
11411	313	3036	18.9692	20.9831	1899	17.0128	6	534	20	58	5	5	1.15635e+06	4.84614e-05	0.3608	
11235	347	3004	18.7833	20.1551	1887	18.456	6	535	17	60	3	4	1.14639e+06	4.89668e-05	0.3617	
10225	344	3044	15.6192	22.1528	1755	18.2642	7	529	17	61	4	5	1.30927e+06	5.64621e-05	0.1264	
10397	400	3027	22.6017	26.0943	1749	19	9	527	5	58	56	3	1.07223e+06	6.53552e-05	0.1324	
11023	339	2994	16.2123	21.4921	1730	16.177	8	535	9	61	23	4	1.22902e+06	5.13321e-05	0.2875	
11473	354	3042	16.4959	20	1772	15.008	7	535	6	57	12	3	1.20452e+06	4.66657e-05	0.4251	
10830	373	3003	22.9191	28.4693	1716	14.9735	7	527	16	55	42	4	1.03865e+06	6.35001e-05	0.1851	
11317	325	3043	15	20.1018	1836	16.1021	6	535	11	64	4	4	1.31455e+06	4.68033e-05	0.3958	
10793	339	3046	15	21.0738	1749	17.7051	5	528	20	65	27	4	1.3222e+06	5.2021e-05	0.2336	
11392	327	3043	15.2567	20	1836	16.8714	6	533	15	71	5	4	1.29464e+06	4.65766e-05	0.4172	
11473	370	3037	19.7118	20	1768	15.6939	8	535	14	57	26	3	1.09946e+06	4.84215e-05	0.4027	
10697	400	3010	22.0505	28.8556	1852	15.8471	6	535	15	55	22	3	1.04434e+06	6.32711e-05	0.1561	
10372	400	3004	19.911	20.0308	1899	17.4244	6	535	19	55	52	4	1.1507e+06	5.82377e-05	0.1596	
10413	340	3042	19.7914	27.3365	1773	18.4694	6	530	13	56	19	5	1.12979e+06	6.25939e-05	0.1119	
10671	397	3042	24.9812	29.8201	1708	17.3055	5	533	16	62	34	3	1.02699e+06	6.70556e-05	0.1554	
11317	325	3043	15	20.1018	1817	17.8563	6	535	11	64	8	4	1.31207e+06	4.7112e-05	0.3911	
11464	354	3027	16.4959	20.3115	1772	15.0197	8	535	10	57	5	3	1.19763e+06	4.69087e-05	0.4118	
11470	392	3030	24.0864	20.4098	1793	17.1899	10	526	18	64	7	3	1.02803e+06	5.08544e-05	0.4284	
10225	379	3044	17.1434	23.1457	1774	17.9959	7	532	17	56	2	5	1.21585e+06	5.77701e-05	0.1219	
11500	336	3028	15.2222	20.1018	1782	14.2892	7	535	8	57	5	3	1.28167e+06	4.61021e-05	0.425	
11380	400	3026	21.1583	22.3711	1793	16.6552	10	526	15	75	19	3	1.04319e+06	5.15969e-05	0.377	
10166	276	3050	18.8396	24.5417	1731	18.4081	8	535	5	55	19	5	1.2259e+06	6.15347e-05	0.0976	
11170	337	3045	15	20.1884	1836	15.2492	6	533	15	60	5	4	1.30986e+06	4.75692e-05	0.37	
10256	396	3042	18.9674	26.6645	1762	18.4081	8	535	8	56	15	5	1.13955e+06	6.27392e-05	0.0989	
11473	370	3037	21.6834	20	1768	15.6939	8	535	12	69	26	3	1.0698e+06	4.93681e-05	0.4106	
10723	346	3017	15.6946	21.8651	1708	16.67	5	533	20	56	24	4	1.27347e+06	5.34302e-05	0.1944	
11473	354	3040	15.9325	20	1772	14.7761	7	535	8	57	20	3	1.23198e+06	4.67159e-05	0.4181	
11215	337	3044	16.0235	20	1854	17.6469	5	533	17	70	5	4	1.25474e+06	4.76963e-05	0.3683	
11169	387	2974	25	29.7508	1741	18.1362	6	535	8	64	24	6	999369	6.36254e-05	0.2367	
11452	400	3034	17.3589	20	1839	15.6514	6	526	11	61	3	3	1.15733e+06	4.6845e-05	0.4315	
11500	400	3044	17.3589	20	1827	16.8967	6	526	12	61	7	3	1.1541e+06	4.67486e-05	0.4481	
10787	399	3014	16.1941	22.2095	1727	17.5773	6	534	18	64	32	5	1.2187e+06	5.40599e-05	0.1963	
10519	381	2993	20.3236	28.9136	1708	14.312	6	533	14	56	24	4	1.08954e+06	6.44164e-05	0.1199	
10482	339	3030	15.7929	21.8651	1708	15.0972	5	534	16	57	23	4	1.28954e+06	5.50509e-05	0.1509	
10160	384	2974	21.3102	23.7981	1716	18.2754	6	535	4	57	19	3	1.1127e+06	6.30716e-05	0.122	
10378	400	3027	22.6017	26.267	1749	19	7	527	10	57	56	4	1.07763e+06	6.57462e-05	0.1199	
10587	400	3048	18.7954	26.6445	1811	17.8855	8	534	11	59	13	5	1.11443e+06	5.94601e-05	0.143	
10768	387	3009	22.449	29.1561	1763	16.6511	6	533	16	65	19	3	1.0396e+06	6.33995e-05	0.1818	
11387	375	3038	21.5275	23.0738	1843	15.2073	9	522	15	65	17	5	1.05151e+06	5.20427e-05	0.3677	
10846	389	3050	16.3715	21.6865	1817	15.872	10	533	18	65	34	4	1.20529e+06	5.26954e-05	0.2329	
10298	392	3039	18.8002	27.6998	1843	18.5611	8	535	18	58	11	4	1.13654e+06	6.31273e-05	0.1101	
11229	380	3035	23.2601	30	1772	17.757	6	535	5	64	43	6	1.01169e+06	6.21929e-05	0.2224	
10853	388	3029	15.7356	21.6771	1737	18.0616	6	535	7	68	21	4	1.24009e+06	5.22521e-05	0.244	
11399	400	3026	22.0505	21.1508	1857	15.4103	10	534	11	73	19	3	1.03943e+06	5.06201e-05	0.4151	
11214	361	2983	22.4217	28.7664	1822	16.2323	6	535	18	66	67	4	1.03061e+06	6.1565e-05	0.2065	
10091	390	3050	18.9674	24.5417	1731	17.5685	8	533	0	56	19	5	1.16514e+06	6.23014e-05	0.1063	
10630	365	3034	16.5632	22.2095	1737	17.5773	6	534	18	64	25	5	1.22499e+06	5.48186e-05	0.1715	
11331	345	3034	15.4966	23.2696	1769	16.4585	7	533	6	66	10	3	1.23889e+06	5.01077e-05	0.3109	
10821	350	3031	24.7342	28.8589	1751	19	7	535	10	63	51	4	1.03705e+06	6.53766e-05	0.1686	
10723	394	3012	20.2061	24.0666	1806	18.2026	10	532	16	58	17	4	1.08166e+06	5.70613e-05	0.205	
11414	400	3036	19.5682	20.9831	1898	17.0128	6	534	20	60	5	4	1.08945e+06	4.86831e-05	0.365	
10225	309	3044	16.0323	23.5448	1791	17.7866	7	529	17	56	2	5	1.2994e+06	5.75473e-05	0.1119	
11380	392	3030	23.6347	30	1798	16.9643	10	527	16	83	19	3	986458	6.08939e-05	0.277	
11128	379	3034	19.4812	20	1804	15.1328	6	535	6	57	29	5	1.12338e+06	5.02841e-05	0.3339	
11088	362	3050	15	20.1018	1836	16.1021	7	534	7	64	5	4	1.29693e+06	4.798e-05	0.3612	
10519	381	2987	20.3236	28.9136	1708	14.928	6	533	14	56	24	4	1.08934e+06	6.45245e-05	0.1184	
11117	341	3040	17.678	20.1865	1899	17.0128	6	534	20	58	6	4	1.1829e+06	4.88186e-05	0.3398	
10396	400	3034	18.0448	21.8651	1708	16.9922	8	535	16	57	24	4	1.17195e+06	5.69541e-05	0.1503	
10225	309	3044	17.1434	23.5448	1760	17.9959	7	529	17	56	2	5	1.24929e+06	5.81497e-05	0.1194	
11262	390	3045	15.2567	20	1854	17.3528	5	535	13	72	14	4	1.26293e+06	4.75172e-05	0.3871	
10396	328	3026	15.7929	21.8651	1708	15.0972	5	534	17	57	24	4	1.30327e+06	5.59159e-05	0.1392	
10723	394	2998	21.9294	22.967	1806	18.7862	9	532	16	56	56	4	1.06911e+06	5.91296e-05	0.1876	
10378	400	3027	22.6017	26.267	1749	19	9	534	5	57	56	4	1.07642e+06	6.58848e-05	0.1114	
11018	400	3016	20.349	28.7556	1857	16.6552	10	535	15	64	19	3	1.04256e+06	5.97657e-05	0.1986	
10524	392	2990	19.7757	24.0772	1873	16.3533	7	534	18	58	9	3	1.10466e+06	5.79341e-05	0.1775	
11411	368	3027	20.0329	20.2022	1899	17.0128	6	534	20	58	6	4	1.10262e+06	4.83746e-05	0.3991	
11500	400	3044	17.3589	20	1849	15.5392	6	526	12	61	7	3	1.15628e+06	4.66048e-05	0.438	
10519	381	2987	20.1163	27.3438	1708	14.928	6	533	14	56	24	4	1.09736e+06	6.26135e-05	0.1256	
11473	336	3050	16.4991	20.2928	1829	15.008	7	535	6	57	12	3	1.2146e+06	4.67028e-05	0.4197	
10684	400	3019	19.4847	26.9211	1775	18.5611	8	534	15	61	20	4	1.08991e+06	6.01106e-05	0.1481	
11331	383	3046	15.4966	21.8308	1804	15.7696	8	534	14	66	11	4	1.22749e+06	4.86192e-05	0.3434	
11209	369	3009	22.449	30	1760	17.5878	6	535	17	66	65	4	1.02462e+06	6.29406e-05	0.1883	
10333	308	3035	15.1235	20.1018	1827	18.96	7	533	14	56	12	4	1.36668e+06	5.3859e-05	0.1845	
10494	349	3001	17.9216	21.6126	1724	18.6291	6	535	16	56	33	4	1.19618e+06	5.67022e-05	0.1535	
11268	400	3027	20.1967	20.0333	1734	16.4079	8	534	16	73	2	4	1.08338e+06	4.94389e-05	0.3719	
11363	327	3033	18.3959	20.1865	1899	17.0128	6	534	20	58	3	4	1.16434e+06	4.77601e-05	0.3714	
10923	370	2990	17.5789	22.6762	1886	16.3171	8	534	18	58	7	3	1.15348e+06	5.25403e-05	0.2673	
11289	362	3043	15	20	1823	16.1021	6	535	7	64	4	4	1.29168e+06	4.68845e-05	0.3967	
11473	370	3046	19.7118	20	1887	15.6939	8	535	8	57	31	3	1.10325e+06	4.81812e-05	0.3937	
11337	334	3040	15.007	20.0685	1836	16.1021	9	534	8	63	20	4	1.30128e+06	4.72144e-05	0.3961	
11429	335	3011	15.2572	21.6771	1727	15.1972	8	535	9	67	35	4	1.26756e+06	4.9099e-05	0.3337	
10396	339	3026	21.01	29.0942	1708	14.8117	5	534	19	55	24	4	1.10695e+06	6.58415e-05	0.1011	
11454	394	3012	23.6335	21.4223	1826	16.1209	10	524	11	75	17	3	1.02399e+06	5.17224e-05	0.4405	
10587	400	3033	21.1324	26.5124	1849	18.5611	8	534	17	59	6	4	1.06763e+06	6.03355e-05	0.1648	
11173	366	3011	15.2572	22.9051	1730	15.4368	7	534	12	61	19	4	1.25192e+06	5.10308e-05	0.2767	
11169	337	3050	15	21.6771	1787	15.2472	9	532	18	70	27	5	1.29312e+06	4.98604e-05	0.2921	
11086	400	3016	22.0505	29.7946	1775	15.9334	10	535	15	55	19	3	1.01281e+06	6.17932e-05	0.1906	
11329	355	3050	15.4966	22.3215	1784	16.7541	7	535	5	63	17	5	1.24387e+06	4.92708e-05	0.3243	
10587	400	3032	22.8779	26.6445	1811	17.8855	9	534	11	59	13	4	1.04591e+06	6.1885e-05	0.1762	
11473	354	3042	16.056	20	1779	15.3981	7	535	8	56	20	3	1.22648e+06	4.67596e-05	0.4188	
10225	315	3036	16.0051	22.7726	1770	17.9959	7	535	17	59	2	5	1.3024e+06	5.71461e-05	0.1075	
10590	392	3026	19.2764	22.4013	1843	17.6816	8	535	18	55	10	4	1.11943e+06	5.54508e-05	0.1889	
11335	400	2997	24.8523	28.2325	1751	16.3304	8	525	19	72	43	3	984345	6.06943e-05	0.288	
11473	346	3042	16.4959	20.2928	1829	14.7974	6	535	6	57	12	3	1.21089e+06	4.67464e-05	0.4229	
10225	313	3044	15.6192	22.1528	1755	17.9959	7	529	17	61	4	5	1.328e+06	5.64366e-05	0.1274	
10426	400	3050	18.6164	26.9211	1843	18.9889	6	535	4	57	15	5	1.13334e+06	6.09533e-05	0.1235	
10587	400	3016	19.4847	26.9211	1775	18.5611	8	535	5	61	20	4	1.0969e+06	6.08162e-05	0.1441	
10256	318	3042	18.9674	26.0579	1767	18.4081	8	535	8	56	7	5	1.17334e+06	6.16485e-05	0.1013	
10723	397	2996	20.2061	22.967	1806	18.7862	9	532	14	56	67	4	1.10112e+06	5.88963e-05	0.1689	
11452	374	3019	16.9094	20	1871	15.3191	7	528	15	61	12	3	1.18015e+06	4.69285e-05	0.4201	
11481	368	3032	16.056	20.3033	1785	15.8442	8	535	8	57	20	3	1.21355e+06	4.7061e-05	0.4089	
10141	376	3045	17.9699	25.2159	1817	15.7012	6	535	5	56	13	5	1.19091e+06	6.13046e-05	0.1109	
10702	328	3026	15.7929	21.8651	1708	14.2947	6	534	17	57	24	4	1.27831e+06	5.34074e-05	0.1901	
10923	356	3033	17.5789	22.6762	1878	16.4257	10	534	18	58	15	3	1.15845e+06	5.25045e-05	0.2631	
10333	308	3033	15	20.1997	1827	19	7	533	14	55	20	4	1.37704e+06	5.43567e-05	0.1576	
11500	391	3018	22.8144	30	1840	14.1119	10	528	15	73	19	3	988003	5.97907e-05	0.2827	
11030	389	3050	16.3715	21.6865	1817	17.3426	9	533	16	68	34	4	1.19606e+06	5.15145e-05	0.2738	
11483	377	3032	22.5799	22.4269	1768	17.9554	10	524	15	73	19	3	1.03325e+06	5.19534e-05	0.3886	
11400	395	3018	22.3866	21.7361	1814	16.5406	9	524	16	75	14	3	1.03675e+06	5.14748e-05	0.4068	
10587	392	3037	21.6635	26.9211	1844	18.5526	8	535	17	59	8	4	1.06213e+06	6.11471e-05	0.1568	
11449	395	3046	22.8145	23.5751	1871	17.0416	10	533	9	72	19	3	1.01504e+06	5.27204e-05	0.3522	
10333	400	3035	15.1235	20.1018	1827	18.96	7	533	14	56	12	4	1.32026e+06	5.38561e-05	0.1846	
10546	394	3040	18.4105	24.6454	1843	18.5611	6	535	7	57	14	3	1.13628e+06	5.74812e-05	0.1657	
11400	400	3016	22.5682	27.9205	1763	16.6552	10	525	16	66	4	3	998625	5.7867e-05	0.307	
10459	354	3011	19.4809	27.971	1831	18.321	8	535	14	57	7	3	1.11572e+06	6.23752e-05	0.1168	
11422	400	3044	22.2605	20	1809	14.5335	6	532	12	59	7	3	1.05858e+06	4.92684e-05	0.4319	
10494	349	3042	18.213	24.2008	1724	18.4081	6	532	16	56	33	4	1.17349e+06	5.87268e-05	0.1342	
10600	398	3035	15.1547	20.3489	1827	18.2716	8	533	8	56	28	4	1.29868e+06	5.27454e-05	0.2126	
10911	385	2978	25	27.3753	1846	16.7621	10	534	15	57	18	5	1.01094e+06	6.22587e-05	0.2237	
11016	400	3048	15	21.1264	1795	15.6643	4	534	14	64	29	4	1.28326e+06	5.03119e-05	0.272	
10124	336	3050	19.1741	21.7926	1749	18.4694	5	534	8	56	12	4	1.18884e+06	5.90005e-05	0.1308	
11138	377	3042	19.1596	20.5647	1756	14.909	9	535	16	58	9	3	1.10898e+06	4.995e-05	0.3356	
11483	396	3037	23.6701	26.6412	1855	15.9834	8	531	7	68	40	5	996954	5.65643e-05	0.3297	
11215	337	3043	15.2567	20	1811	15.0025	6	532	15	71	5	3	1.29055e+06	4.74406e-05	0.3868	
10160	400	2974	21.739	23.826	1714	18.2754	7	529	12	57	25	3	1.10154e+06	6.37714e-05	0.1244	
11088	362	3050	15.8405	20.1018	1836	16.1021	5	535	7	64	5	4	1.25185e+06	4.82207e-05	0.3512	
10294	384	2974	20.1214	27.3201	1717	18.2754	6	530	4	57	19	3	1.1108e+06	6.45953e-05	0.1122	
10141	376	3042	17.6843	22.9703	1817	15.9135	6	535	5	56	13	5	1.20941e+06	5.89449e-05	0.1289	
11216	391	3013	20.1169	23.9513	1899	18.832	6	533	16	55	22	4	1.06752e+06	5.34845e-05	0.3003	
11493	377	3041	20.8787	20.5349	1766	15.4704	6	532	15	66	9	3	1.07754e+06	4.88544e-05	0.4087	
10519	381	2987	20.3236	28.9136	1708	14.4559	6	533	14	60	20	4	1.08941e+06	6.43294e-05	0.1282	
10610	392	3020	18.6164	26.9211	1831	18.5611	8	535	14	55	7	3	1.11327e+06	5.95309e-05	0.1378	
10075	400	3046	18.9677	22.4402	1764	18.4694	7	532	12	56	16	4	1.17053e+06	6.04705e-05	0.1226	
11293	389	3018	23.8718	26.0862	1747	14.603	9	535	17	67	60	4	1.00561e+06	5.84249e-05	0.2663	
10697	400	3010	22.0505	28.8556	1852	15.617	7	535	15	55	24	3	1.04289e+06	6.33433e-05	0.156	
11110	341	3045	18.1962	20.0078	1837	18.6695	7	534	16	67	17	4	1.16824e+06	4.96253e-05	0.3268	
11086	400	3016	22.0505	29.7946	1852	15.6516	10	535	15	73	19	3	1.0133e+06	6.13121e-05	0.2156	
10663	321	3042	15.954	20.6783	1858	15.008	7	535	15	57	14	3	1.27917e+06	5.17786e-05	0.2461	
11452	374	3031	16.9094	20	1871	15.3191	7	528	15	61	12	3	1.18042e+06	4.68296e-05	0.4201	
11233	351	3002	15	21.8861	1738	15.2472	9	532	9	71	18	4	1.27679e+06	4.98082e-05	0.3134	
10881	381	3050	19.5228	26.7923	1789	16.0317	8	526	16	61	35	4	1.08543e+06	5.8524e-05	0.2012	
11329	393	3050	19.0049	20.775	1843	18.5804	7	535	16	59	16	4	1.10733e+06	4.91763e-05	0.3483	
10697	400	3016	22.0505	28.7556	1852	15.617	7	530	15	56	16	3	1.0426e+06	6.28101e-05	0.1797	
11003	337	3050	15	21.6771	1795	15.2472	9	532	18	70	27	5	1.30122e+06	5.09243e-05	0.2623	
11473	370	3046	19.7118	20	1768	15.6939	8	535	17	59	24	3	1.0995e+06	4.82928e-05	0.4	
11076	400	3044	17.3589	20	1839	15.3191	6	533	12	61	7	3	1.16617e+06	4.87805e-05	0.3428	
10966	375	3043	16.4703	23.0643	1781	14.9379	6	535	11	61	14	6	1.19922e+06	5.2222e-05	0.256	
11400	395	3016	24.8835	22.4269	1840	14	10	524	15	70	19	3	1.00976e+06	5.35848e-05	0.3974	
10493	385	2987	22.0318	27.3753	1896	16.996	8	535	20	57	25	3	1.06395e+06	6.37186e-05	0.1365	
10587	400	3048	23.2115	26.6445	1811	17.8855	8	534	11	59	13	4	1.04454e+06	6.1931e-05	0.1831	
10881	320	3006	16.5603	20.3104	1871	18.0973	9	535	7	57	13	4	1.24276e+06	5.06432e-05	0.301	
10729	400	3029	20.0575	22.6555	1768	18.0569	10	531	19	60	42	4	1.0941e+06	5.67634e-05	0.1972	
10519	374	2987	20.3236	28.9136	1708	14.928	6	535	14	56	24	4	1.0921e+06	6.45494e-05	0.1155	
10930	385	2995	22.4461	27.3753	1871	16.5643	10	534	17	57	21	4	1.02987e+06	6.01902e-05	0.2112	
11262	337	3045	15.2567	20	1854	17.6469	5	533	13	72	6	4	1.29421e+06	4.72701e-05	0.3923	
11215	337	3043	15.2567	20.1804	1836	15.0025	8	532	15	71	5	3	1.28551e+06	4.75376e-05	0.3816	
11183	335	3035	15.2572	21.0351	1727	15.6786	8	535	9	68	35	4	1.28185e+06	4.98281e-05	0.3006	
10901	392	3025	22.6961	28.6802	1827	16.3817	8	535	15	57	19	5	1.02774e+06	6.17551e-05	0.1995	
10737	313	3044	15.262	22.1528	1770	18.1075	7	529	17	59	2	5	1.31306e+06	5.22302e-05	0.2365	
11400	395	3020	22.0114	22.4269	1845	15.7531	10	527	18	59	36	4	1.03599e+06	5.22739e-05	0.3543	
11110	298	3045	18.1962	20.0078	1886	18.5804	7	534	17	67	20	3	1.20094e+06	4.96056e-05	0.3312	
10225	363	3044	17.1058	23.7767	1765	16.0977	7	533	17	55	10	5	1.22129e+06	5.86717e-05	0.0999	
11305	385	2999	19.6614	22.4256	1777	18.3106	8	534	19	64	14	5	1.08034e+06	5.15996e-05	0.3324	
10723	394	3004	20.2061	22.967	1806	18.7862	9	532	16	56	56	4	1.09796e+06	5.8126e-05	0.17	
10396	339	3026	15.7929	20.5576	1708	15.0972	5	534	16	57	20	4	1.30326e+06	5.4487e-05	0.1626	
11381	381	3035	21.5275	20.4613	1848	15.2073	9	528	15	65	12	5	1.06921e+06	4.96697e-05	0.4245	
10098	366	3044	17.0156	23.7767	1789	16.6707	7	529	17	55	8	5	1.23393e+06	5.97479e-05	0.0984	
11380	400	2998	22.8689	21.3457	1848	15.9262	10	535	17	70	19	3	1.02857e+06	5.16476e-05	0.3903	
11500	377	3029	22.9974	22.4269	1768	17.945	10	528	17	64	19	3	1.02725e+06	5.20833e-05	0.3734	
11125	400	2998	19.8244	20.5142	1817	16.992	8	535	3	67	19	3	1.09159e+06	5.0958e-05	0.3419	
11262	394	2992	23.9276	29.8607	1731	15.4696	7	530	12	58	9	5	996470	6.20694e-05	0.2525	
11127	400	3050	15	21.1603	1799	17.3426	4	528	16	68	40	4	1.28035e+06	5.02134e-05	0.3011	
11048	400	3034	20.0129	22.2383	1795	15.7745	8	534	3	60	26	4	1.08075e+06	5.2843e-05	0.2985	
10722	398	3036	23.6548	28.3941	1827	16.6154	6	535	9	65	34	4	1.03451e+06	6.37064e-05	0.1833	
11410	327	3021	18.3959	20.1865	1899	17.0128	6	534	20	58	3	4	1.16465e+06	4.76259e-05	0.3753	
10494	349	3042	18.213	24.0598	1724	18.4081	6	532	16	56	33	4	1.17405e+06	5.85892e-05	0.1356	
11500	377	3024	21.6115	22.4269	1879	16.9643	9	524	15	66	19	3	1.0466e+06	5.10152e-05	0.3896	
10424	392	2990	17.5752	22.3974	1873	16.3575	7	532	18	57	5	3	1.17781e+06	5.58503e-05	0.1824	
11475	391	3040	22.8144	30	1845	14	10	528	15	62	15	3	989727	5.96374e-05	0.2777	
11473	346	3042	16.4959	20.5663	1829	15.008	6	535	9	58	4	3	1.20706e+06	4.67924e-05	0.4141	
10669	392	3024	21.5224	26.9211	1843	18.9889	8	535	4	57	8	5	1.05906e+06	6.05254e-05	0.1861	
10923	370	2990	17.5789	21.2087	1886	16.0343	9	533	18	58	7	3	1.1627e+06	5.12374e-05	0.2887	
11470	392	3044	23.6388	20.1276	1795	16.6552	10	527	16	84	19	3	1.03644e+06	5.04948e-05	0.447	
11494	400	3025	20.5391	22.4448	1856	15.7409	9	520	19	67	13	4	1.05461e+06	5.04515e-05	0.4014	
10979	387	3016	20.9621	28.957	1816	16.7621	8	532	15	57	14	3	1.04043e+06	6.06097e-05	0.1951	
10885	385	3033	16.7677	22.4532	1805	18.0569	8	532	20	71	36	4	1.18559e+06	5.37577e-05	0.2242	
11138	377	3050	18.4976	20.2933	1756	14.909	9	535	16	58	15	3	1.12811e+06	4.95565e-05	0.341	
11233	351	3020	15	21.8861	1700	15.2472	8	532	9	71	23	4	1.27969e+06	4.99226e-05	0.309	
11210	388	3012	23.7978	25.626	1888	18.6573	8	535	18	65	28	3	1.00974e+06	5.73066e-05	0.2709	
11500	354	3049	16.9136	20	1782	14.6746	7	534	6	57	12	3	1.18688e+06	4.65766e-05	0.4389	
10951	323	3036	15.4966	23.2696	1805	16.3009	8	534	10	66	10	5	1.2717e+06	5.21485e-05	0.2439	
11380	389	2998	22.8689	20.6287	1848	16.764	10	535	15	56	19	3	1.03971e+06	5.11091e-05	0.3822	
10333	308	3030	15	20.1018	1827	19	7	533	17	55	13	4	1.37549e+06	5.39345e-05	0.1738	
11473	382	3005	24.8523	28.2325	1751	16.3304	8	532	19	70	43	3	984613	5.973e-05	0.2847	
10415	400	3042	20.6975	22.0833	1764	18.4694	7	535	13	55	26	6	1.11188e+06	5.83192e-05	0.1439	
11215	337	3043	15.2567	20	1836	15.0025	6	533	15	71	5	3	1.29069e+06	4.73866e-05	0.3821	
10664	400	3034	18.0375	21.9503	1788	15.2533	5	534	15	57	27	5	1.16073e+06	5.45345e-05	0.2109	
10942	400	3050	21.6003	23.3164	1808	18.1949	9	535	0	60	33	5	1.05532e+06	5.56731e-05	0.2567	
11475	391	3018	22.8144	30	1845	14.1119	10	528	15	73	19	3	988713	5.9891e-05	0.2802	
11248	400	3042	21.6945	21.6788	1855	14	10	527	17	64	33	5	1.05205e+06	5.20075e-05	0.3577	
11347	385	2996	16.1335	22.0779	1730	17.6557	8	535	9	61	7	4	1.19003e+06	4.96056e-05	0.3315	
11416	400	3025	22.8144	23.2631	1810	16.3283	8	529	15	68	19	3	1.01913e+06	5.29577e-05	0.35	
11048	400	3034	18.0375	22.9838	1795	15.1383	5	534	15	57	41	5	1.13571e+06	5.33077e-05	0.2515	
11454	399	3012	23.6939	21.4223	1826	16.0146	10	524	12	75	17	3	1.0216e+06	5.17572e-05	0.44	
10225	307	3044	16.348	23.2998	1751	17.4153	7	529	17	55	14	5	1.28843e+06	5.81835e-05	0.113	
11019	400	3029	15.2572	22.8643	1700	15.0293	6	534	9	68	10	4	1.24732e+06	5.15119e-05	0.2563	
11400	400	3016	22.8145	22.4269	1870	16.2518	10	525	15	73	31	3	1.024e+06	5.25597e-05	0.3938	
10993	383	3034	18.5088	20.9556	1844	15.4134	5	534	17	60	23	4	1.14011e+06	5.12636e-05	0.2884	
11273	400	3012	17.8573	25.8624	1843	16.6552	10	535	20	70	18	3	1.09579e+06	5.40804e-05	0.2485	
10921	388	3029	15.7356	21.6771	1737	18.0616	6	535	7	68	21	4	1.23604e+06	5.18054e-05	0.2585	
11262	394	2992	23.9276	29.8607	1731	15.4696	7	532	12	58	9	5	996657	6.20463e-05	0.2469	
10461	382	3013	16.1907	21.8651	1708	15.3528	5	532	20	56	24	4	1.25047e+06	5.55803e-05	0.1468	
11400	400	3002	25	22.903	1804	15.7007	10	533	17	76	22	3	1.00095e+06	5.43537e-05	0.3857	
11073	392	2992	20.2087	27.5987	1837	15.6309	9	535	17	61	21	3	1.04802e+06	5.83635e-05	0.2136	
11444	327	3036	19.6671	20.2022	1899	17.0128	6	534	20	58	3	4	1.13484e+06	4.78973e-05	0.398	
11500	400	3023	23.8591	27.6491	1813	15.8477	8	533	5	68	35	5	989782	5.78235e-05	0.3199	
10424	392	2990	17.5752	22.3974	1873	16.3533	7	534	18	59	10	3	1.17844e+06	5.61735e-05	0.1765	
11032	379	3005	19.3223	21.9184	1758	16.2732	6	535	17	55	62	6	1.12071e+06	5.45554e-05	0.2295	
11293	388	3044	22.2649	28.7556	1859	16.6552	9	535	11	59	19	3	1.00826e+06	5.88166e-05	0.2584	
10981	362	3043	15	20.1018	1836	16.5616	7	535	7	64	5	4	1.30136e+06	4.87021e-05	0.3384	
10918	388	3016	21.9699	25.8624	1845	17.0328	10	535	15	73	16	3	1.04039e+06	5.80686e-05	0.2389	
10663	385	2992	22.0318	27.3753	1886	16.7621	8	532	19	59	15	3	1.05112e+06	6.17093e-05	0.1788	
11467	400	3022	22.5084	25.8848	1853	14.9585	8	531	15	62	19	5	1.00851e+06	5.50025e-05	0.3288	
11369	392	2992	20.2087	27.5987	1798	15.3967	9	535	16	61	21	3	1.03402e+06	5.67795e-05	0.2503	
10396	354	3026	15.7929	20.5576	1708	15.0972	5	534	16	57	13	5	1.29606e+06	5.41155e-05	0.1782	
11264	400	3018	17.3589	20	1868	17.9584	6	535	12	62	7	3	1.15821e+06	4.80746e-05	0.3623	
11400	391	3002	24.8523	28.2325	1804	16.3304	10	525	20	78	43	3	982551	6.00384e-05	0.3059	
10872	343	3002	15.0002	22.3271	1732	14.8607	6	535	16	55	21	4	1.30236e+06	5.23478e-05	0.2209	
10885	395	3046	16.7677	21.5421	1805	18.0569	8	532	20	71	36	4	1.1877e+06	5.28234e-05	0.2475	
10715	326	3034	15.8125	22.2095	1718	16.3847	7	534	18	61	19	5	1.27428e+06	5.3496e-05	0.1882	
11317	400	2996	20.7009	20	1766	15.3191	8	529	12	59	7	3	1.07359e+06	4.95589e-05	0.401	
11268	400	3027	20.1967	20.0333	1734	16.4079	7	535	16	73	2	4	1.08673e+06	4.94267e-05	0.3745	
11016	393	3034	18.8508	20.1845	1781	15.7745	6	534	4	60	17	5	1.13212e+06	5.05127e-05	0.3275	
11494	400	3041	19.1637	21.2699	1814	15.008	7	528	17	58	23	3	1.08856e+06	4.88687e-05	0.4051	
10410	383	3022	16.8569	24.1692	1712	17.5773	8	535	18	59	25	5	1.21195e+06	5.87682e-05	0.1269	
11329	355	3050	15.4966	22.3215	1784	16.4585	7	533	5	63	17	5	1.24465e+06	4.9249e-05	0.3331	
11281	386	3007	21.277	28.7487	1849	17.7001	10	534	16	57	21	4	1.02107e+06	5.90145e-05	0.2315	
10587	381	3044	22.2796	26.6445	1844	18.5611	9	535	6	59	12	4	1.05833e+06	6.1252e-05	0.1749	
11464	354	3027	16.4959	20	1772	15.008	8	535	6	57	12	3	1.20165e+06	4.68252e-05	0.4222	
11258	394	2992	23.9276	29.0129	1731	15.4696	7	530	14	58	9	6	1.00016e+06	6.10836e-05	0.2621	
11076	354	2995	16.0795	25.2976	1761	14.9261	10	535	7	58	2	4	1.2643e+06	4.649e-05	0.421	
10935	365	2990	16.7381	22.7989	1815	15.1433	9	532	20	55	37	3	1.18619e+06	5.36136e-05	0.2275	
11331	323	3034	15.4966	23.2696	1804	16.4585	7	533	5	66	10	4	1.25686e+06	5.00175e-05	0.3158	
11473	354	3042	16.4959	20	1772	15.008	7	535	6	57	8	3	1.20407e+06	4.65636e-05	0.4284	
10166	311	3036	18.4261	24.5417	1731	18.4081	8	532	5	55	19	5	1.20794e+06	6.14137e-05	0.0994	
11494	400	3041	19.1637	21.041	1814	15.008	7	528	18	58	23	3	1.09051e+06	4.86784e-05	0.4063	
10580	392	3011	18.6164	27.0965	1831	18.5611	7	535	14	55	7	4	1.11776e+06	6.00528e-05	0.13	
11174	400	3044	17.3589	20	1839	15.3191	6	533	12	61	7	3	1.16198e+06	4.82369e-05	0.3573	
10546	394	3040	17.1564	24.6454	1843	18.0972	6	534	8	57	14	3	1.17592e+06	5.68925e-05	0.1557	
11235	350	3004	18.7833	20.7294	1870	18.456	6	535	15	60	3	4	1.1383e+06	4.94707e-05	0.3429	
11317	400	2996	20.0265	20	1797	15.3191	8	529	12	59	7	3	1.08394e+06	4.91352e-05	0.3927	
10524	392	2999	18.9181	24.902	1873	16.3533	7	535	13	59	4	3	1.12115e+06	5.79744e-05	0.1768	
11088	371	3043	16.6691	20.1018	1836	16.1021	6	534	7	64	7	4	1.20757e+06	4.86287e-05	0.347	
10749	387	3012	21.9719	29.9322	1775	16.736	8	526	20	59	9	3	1.03907e+06	6.39345e-05	0.1711	
10494	349	3042	18.213	24.4843	1724	18.4081	8	532	16	56	36	5	1.17215e+06	5.92663e-05	0.1317	
10921	388	3041	15.7525	21.6771	1737	18.0616	6	535	7	68	21	5	1.2374e+06	5.17224e-05	0.2577	
10494	349	3042	18.7039	24.7811	1724	18.4081	7	532	16	56	33	5	1.15753e+06	5.95841e-05	0.1284	
10936	390	3046	19.5559	24.7387	1792	16.1869	6	534	15	58	29	3	1.08765e+06	5.5816e-05	0.2255	
11140	370	3040	15.4057	20	1813	16.6696	7	533	16	58	60	5	1.27519e+06	5.03297e-05	0.2907	
10748	326	3034	16.1643	20.4772	1711	16.3847	7	535	18	62	25	5	1.26671e+06	5.22712e-05	0.2354	
11303	400	3042	19.7118	22.7697	1768	15.6939	8	534	6	59	15	3	1.06955e+06	5.13479e-05	0.346	
10589	359	3037	21.1894	26.9211	1843	18.5526	8	535	17	59	8	4	1.08059e+06	6.08606e-05	0.1581	
10424	392	2990	17.5752	22.5762	1873	16.3575	7	535	16	57	12	3	1.17758e+06	5.6392e-05	0.1694	
10075	400	3046	17.908	22.4402	1764	18.4694	7	532	12	56	16	4	1.20321e+06	5.99377e-05	0.1103	
11001	330	3008	16.1335	21.6771	1730	16.3297	8	535	9	61	7	4	1.23784e+06	5.08751e-05	0.2938	
10950	385	2986	19.951	27.3753	1871	16.9148	10	534	17	57	18	3	1.06023e+06	5.87682e-05	0.2025	
10864	390	3014	17.8799	20	1811	15.7745	6	535	3	57	21	5	1.16744e+06	5.12085e-05	0.2905	
11500	370	3046	17.6114	23.5136	1767	15.6939	8	535	8	57	26	3	1.12729e+06	5.04796e-05	0.3317	
11454	397	3037	22.8145	25.8624	1845	16.6552	10	526	15	73	25	4	1.00316e+06	5.52608e-05	0.3462	
10921	381	3029	15.8029	21.6771	1746	17.351	7	535	7	60	21	4	1.2344e+06	5.16529e-05	0.2593	
10837	390	3050	19.8681	22.4256	1794	17.8864	9	530	19	64	29	4	1.09474e+06	5.47076e-05	0.2447	
11431	392	3009	22.449	29.1561	1760	15.6644	6	535	16	66	19	3	1.00091e+06	5.92242e-05	0.2525	
10970	389	3050	16.5828	21.6865	1714	17.1533	9	534	16	70	34	4	1.18942e+06	5.22876e-05	0.2496	
10587	392	3043	18.4105	24.6454	1811	18.5611	6	535	4	57	25	3	1.1364e+06	5.77034e-05	0.1612	
10958	377	3034	19.6612	22.7845	1856	16.7418	6	529	19	55	2	4	1.09982e+06	5.29045e-05	0.2814	
11263	395	3020	22.8145	24.4962	1845	15.9093	9	531	12	73	19	3	1.01714e+06	5.49089e-05	0.3141	
10950	385	2966	19.5914	27.3753	1871	16.7621	10	534	20	57	15	3	1.06618e+06	5.87061e-05	0.196	
10587	395	3037	21.1894	26.9211	1843	16.739	8	535	17	59	8	4	1.06809e+06	6.07312e-05	0.1636	
10749	396	3012	21.9719	29.9322	1803	16.7123	8	524	20	59	8	5	1.0388e+06	6.3861e-05	0.1814	
11268	400	3027	20.1967	20.3487	1839	16.4079	10	534	16	73	2	4	1.04043e+06	6.06097e-05	0.1951	
11407	396	3016	22.616	25.5532	1852	18.1422	10	525	19	84	11	3	1.00737e+06	5.51116e-05	0.3537	
10378	400	3027	22.6017	26.267	1749	19	9	527	5	57	56	4	1.0752e+06	6.57592e-05	0.1251	
10141	311	3050	20.0568	22.3411	1749	18.4694	5	535	8	56	12	5	1.18307e+06	5.98623e-05	0.1178	
11229	389	3016	22.5084	25.8624	1857	16.9696	10	535	15	72	18	3	1.01636e+06	5.63222e-05	0.2785	
11317	325	3043	15	23.8101	1836	16.1021	6	535	11	64	4	4	1.28443e+06	5.00977e-05	0.2974	
11227	400	3025	22.9299	23.2631	1789	16.3283	8	534	14	66	19	3	1.02371e+06	5.418e-05	0.3111	
11016	393	3034	17.8799	20.1845	1792	15.7745	6	534	3	61	17	4	1.15564e+06	5.00501e-05	0.3281	
10722	400	3036	23.6701	28.3941	1827	16.8893	7	535	8	67	37	4	1.03309e+06	6.38447e-05	0.1869	
11228	392	2990	18.6156	22.4396	1873	16.3533	7	534	18	59	10	3	1.10225e+06	5.10543e-05	0.3181	
11113	400	3012	22.26	26.1687	1888	18.8132	8	535	12	65	28	3	1.0231e+06	5.75639e-05	0.2523	
10524	392	3000	16.6224	23.9548	1873	16.3533	7	535	18	59	4	3	1.1982e+06	5.60507e-05	0.1612	
11088	362	3027	16.1917	20.1018	1835	16.7955	6	535	7	64	5	4	1.23145e+06	4.85861e-05	0.3481	
10994	395	2993	18.5822	20.8249	1847	16.9493	6	535	16	55	45	4	1.13272e+06	5.25873e-05	0.2722	
10333	308	3035	15.1235	20.1018	1827	18.96	8	533	14	56	19	4	1.36714e+06	5.42888e-05	0.163	
11383	383	3019	17.5965	20	1867	14.9303	7	526	15	61	9	3	1.15518e+06	4.74271e-05	0.4039	
11381	397	3038	21.5275	23.0738	1843	15.0164	9	522	15	65	11	5	1.04339e+06	5.19373e-05	0.369	
10392	392	3039	18.6164	27.0797	1843	18.5611	8	535	18	58	13	4	1.1339e+06	6.16029e-05	0.1136	
10225	307	3044	16.348	22.8527	1748	17.9959	7	529	17	58	14	5	1.29155e+06	5.78972e-05	0.1154	
11400	395	3020	22.0114	23.3369	1869	15.7531	10	532	18	59	36	4	1.02751e+06	5.30082e-05	0.3252	
11436	382	3013	15.4399	21.8651	1708	15.3528	5	532	20	59	24	4	1.23569e+06	4.89548e-05	0.3357	
11168	389	3016	22.5084	25.8624	1869	15.2335	10	535	15	72	18	3	1.0199e+06	5.66027e-05	0.2751	
10744	400	3025	19.4847	23.3018	1784	17.0215	8	535	19	61	14	4	1.09967e+06	5.55494e-05	0.2106	
11487	364	3004	17.9196	20.775	1899	15.9026	6	535	14	55	2	4	1.14795e+06	4.75828e-05	0.3822	
11400	391	3003	24.8523	28.2325	1788	16.3304	10	525	20	66	43	3	982917	6.01793e-05	0.2965	
11078	341	3045	18.1962	20.0078	1837	18.5804	7	534	16	67	22	4	1.17029e+06	5.00075e-05	0.317	
11264	391	3016	23.6526	26.0248	1821	16.7176	10	525	17	74	32	3	1.00422e+06	5.74317e-05	0.3093	
10091	390	3050	18.9674	20	1731	17.5685	8	533	0	57	18	5	1.18409e+06	5.81125e-05	0.145	
10853	366	3029	15.7356	21.6771	1737	18.0525	6	535	9	64	23	4	1.25106e+06	5.23259e-05	0.2335	
11479	354	3042	16.056	20	1772	15.008	7	535	6	55	20	3	1.22629e+06	4.66984e-05	0.422	
10587	392	3033	22.0853	26.9211	1850	18.5526	10	535	19	59	7	4	1.05459e+06	6.14439e-05	0.1569	
11399	400	3026	22.0505	20.3115	1849	15.4103	10	534	16	66	19	3	1.04679e+06	4.99451e-05	0.4047	
11452	374	3019	17.5946	20	1871	14.9303	7	528	15	61	7	3	1.15711e+06	4.70367e-05	0.4093	
10225	363	3044	17.0156	23.7767	1748	16.0977	7	529	17	55	4	5	1.22327e+06	5.82785e-05	0.1131	
10396	339	3026	15.7929	21.8651	1708	15.0972	5	534	16	57	24	4	1.29671e+06	5.59003e-05	0.14	
11127	400	3050	15	21.6641	1799	17.3426	9	528	16	68	40	4	1.2655e+06	5.06842e-05	0.2931	
11432	394	3016	23.6373	26.0248	1820	17.5649	10	525	17	74	32	3	995250	5.64525e-05	0.3394	
11495	400	3043	20.1635	23.0837	1878	18.0197	5	509	4	76	25	4	1.14481e+06	5.41506e-05	0.22	
11411	327	3036	19.5682	20.2022	1899	17.0128	6	535	20	59	5	4	1.13717e+06	4.80561e-05	0.3907	
10225	307	3038	16.348	22.3464	1748	17.9959	7	529	17	62	14	5	1.29462e+06	5.76568e-05	0.1252	
11281	400	3025	22.8144	24.3197	1799	16.2633	8	530	15	68	19	3	1.01669e+06	5.47375e-05	0.3147	
11173	337	3022	15.2572	22.3773	1730	16.231	7	534	9	71	19	4	1.27117e+06	5.05945e-05	0.2853	
11142	391	3036	19.5934	22.1275	1838	17.4539	7	534	18	62	23	4	1.0904e+06	5.18968e-05	0.2957	
10804	356	3042	16.8296	20.6783	1756	14.3266	6	531	15	57	9	3	1.2123e+06	5.1036e-05	0.2884	
10881	315	3029	16.5603	20.7048	1845	18.0973	6	535	9	57	13	4	1.24817e+06	5.07846e-05	0.2925	
10587	400	3036	21.1324	26.5124	1843	18.6902	8	532	15	62	6	4	1.06837e+06	6.02809e-05	0.1793	
10723	400	3001	20.2061	24.0666	1787	18.2026	10	532	16	58	17	4	1.07942e+06	5.72279e-05	0.2067	
10893	335	2972	17.9531	20	1794	16.7621	7	535	19	65	15	4	1.1842e+06	5.14774e-05	0.2825	
11411	327	3036	19.5682	20.2022	1878	17.0128	6	534	18	58	5	4	1.13791e+06	4.81116e-05	0.3867	
10587	400	3037	21.1324	26.5124	1843	18.5611	8	534	15	62	6	4	1.06871e+06	6.02773e-05	0.1736	
11000	400	3034	22.5617	23.3164	1791	18.9731	9	535	3	60	12	5	1.03943e+06	5.54232e-05	0.2835	
11196	385	3034	21.4868	27.6366	1761	16.3511	8	532	19	70	38	3	1.0291e+06	5.8548e-05	0.2375	
10723	394	3003	20.2061	24.7238	1833	18.4968	10	531	19	61	16	3	1.07815e+06	5.76801e-05	0.2037	
10828	400	3003	22.26	27.3116	1857	18.6844	8	535	12	65	26	3	1.03553e+06	6.09385e-05	0.1997	
11235	350	3004	18.7833	20.7294	1887	18.456	6	535	15	60	3	4	1.13904e+06	4.94218e-05	0.3477	
11016	400	3034	17.5725	22.9838	1786	15.1582	5	534	12	57	29	5	1.14936e+06	5.28262e-05	0.2631	
11473	370	3008	19.7118	23.445	1768	15.6939	9	535	14	57	26	3	1.07111e+06	5.16796e-05	0.3368	
11214	387	3009	20.1554	22.9846	1723	15.886	10	534	17	66	67	3	1.07025e+06	5.47735e-05	0.2647	
10871	400	3008	22.26	26.1687	1888	18.8132	8	535	12	65	28	4	1.03913e+06	5.93895e-05	0.2147	
11055	355	3009	15	22.016	1731	16.1463	6	534	18	66	22	4	1.28668e+06	5.11195e-05	0.2597	
10942	400	3050	21.6003	23.817	1808	18.3741	8	534	3	67	5	5	1.05308e+06	5.51602e-05	0.2807	
11380	400	3026	21.4707	22.2019	1793	16.6552	10	528	15	73	37	3	1.04082e+06	5.20616e-05	0.3639	
10592	308	3035	15.6974	20.3489	1772	18.1478	7	533	18	56	12	4	1.31137e+06	5.23286e-05	0.2266	
10225	307	3044	16.348	22.8527	1784	17.9959	7	529	17	58	14	5	1.29092e+06	5.77968e-05	0.1175	
10587	392	3011	18.6164	26.9648	1831	18.5611	8	535	14	57	7	3	1.11476e+06	5.98516e-05	0.1362	
10950	385	2966	19.5914	27.3753	1872	16.7621	9	534	20	57	15	3	1.06716e+06	5.86889e-05	0.1959	
10587	363	3040	18.645	21.1912	1815	17.0402	6	535	4	57	14	3	1.15622e+06	5.40219e-05	0.2248	
11473	354	3042	15.811	20	1772	15.008	7	535	6	57	14	3	1.23856e+06	4.6503e-05	0.4213	
10942	400	3050	22.1941	23.3164	1808	18.5097	9	534	3	60	18	4	1.04518e+06	5.54754e-05	0.2739	
11091	385	3022	18.5088	20.9556	1813	15.7745	5	534	17	61	23	4	1.13323e+06	5.08414e-05	0.3064	
10643	400	2999	21.3875	23.674	1743	16.847	8	532	9	57	75	4	1.08649e+06	6.13949e-05	0.1564	
11493	377	3041	20.8787	20.8537	1781	16.805	6	534	15	66	9	3	1.07413e+06	4.91376e-05	0.3907	
10587	373	3009	20.7739	23.8853	1763	18.5611	8	535	4	59	23	4	1.09287e+06	5.86407e-05	0.184	
10894	377	3050	18.4976	20.2933	1743	17.5148	9	535	16	58	16	4	1.14034e+06	5.14033e-05	0.2856	
10722	400	3036	23.6548	28.3941	1827	16.6154	6	535	7	65	37	4	1.03423e+06	6.38162e-05	0.1843	
10587	392	3039	18.6164	22.3944	1843	18.5611	8	534	20	57	41	4	1.14514e+06	5.67408e-05	0.1597	
11381	382	3046	15.4121	23.5949	1841	15.2175	9	529	18	58	6	5	1.22227e+06	4.9724e-05	0.3211	
11370	335	3044	15.2572	21.6771	1727	15.4641	8	535	9	68	33	4	1.26988e+06	4.9099e-05	0.323	
11016	389	3034	18.5088	20.8806	1794	15.7745	7	534	17	57	29	5	1.13209e+06	5.14377e-05	0.2903	
10675	400	3021	21.6789	26.2045	1830	17.2345	8	531	17	62	13	4	1.05579e+06	5.99664e-05	0.1917	
11233	337	3002	15	21.6771	1738	15.2472	9	532	8	68	16	4	1.28647e+06	4.95074e-05	0.3221	
11317	400	3025	21.4251	21.5731	1798	16.8309	10	525	14	83	15	3	1.04926e+06	5.13584e-05	0.3755	
11001	343	2994	15.2572	21.6771	1706	15.1824	8	535	13	70	23	4	1.2773e+06	5.14907e-05	0.2546	
11395	383	3034	19.5934	22.9312	1846	17.0725	8	534	18	60	23	4	1.07701e+06	5.1143e-05	0.3382	
10587	400	3048	19.0053	26.6445	1775	18.5611	8	534	11	59	13	4	1.10813e+06	5.97086e-05	0.139	
10787	380	2963	19.8653	25.4582	1756	17.319	7	534	17	57	19	5	1.08884e+06	5.84317e-05	0.1931	
10938	400	3013	20.4226	23.1081	1795	15.0655	9	535	3	60	16	5	1.07242e+06	5.44218e-05	0.2731	
10872	353	3002	15.2572	22.3271	1732	14.7461	6	535	12	55	21	4	1.28e+06	5.23917e-05	0.2254	
11079	341	3050	18.1962	20.0078	1825	18.0588	8	534	16	66	22	4	1.16696e+06	4.99525e-05	0.3178	
10627	390	3002	15	22.3047	1720	14.689	7	535	11	64	9	5	1.29581e+06	5.36625e-05	0.1852	
11068	397	3037	20.7547	22.0493	1834	17.1832	9	528	9	57	32	3	1.06814e+06	5.31576e-05	0.308	
11500	393	3016	22.8145	28.7556	1852	16.6552	10	534	13	75	21	4	991840	5.82886e-05	0.2969	
11040	368	3050	15	21.6771	1787	16.9866	9	532	17	70	27	5	1.28118e+06	5.07666e-05	0.2671	
10664	400	3034	18.0375	21.9503	1788	15.2533	10	534	15	57	27	5	1.14992e+06	5.4609e-05	0.2098	
11500	397	3016	22.7838	25.8624	1845	16.3441	10	524	13	67	19	4	1.00226e+06	5.51481e-05	0.3612	
11449	400	3016	23.2714	24.2205	1845	15.9093	10	524	12	74	20	3	1.00519e+06	5.40044e-05	0.3632	
11479	400	3042	16.6685	20	1759	15.347	7	535	11	55	20	4	1.17807e+06	4.69748e-05	0.4096	
11115	399	3007	22.8145	25.3413	1852	16.9288	10	534	13	68	21	4	1.01895e+06	5.68861e-05	0.2719	
10426	392	3050	18.6164	26.9211	1804	18.9889	6	535	4	57	10	5	1.13462e+06	6.08421e-05	0.1174	
11402	396	3017	15	21.9079	1827	16.6552	10	534	9	68	28	4	1.24762e+06	4.89333e-05	0.3373	
11500	380	3004	18.2465	20.8238	1875	18.1747	9	532	13	57	9	4	1.12167e+06	4.81186e-05	0.3963	
10936	390	3046	19.5559	20.8806	1749	15.9142	6	535	13	58	22	4	1.11138e+06	5.21241e-05	0.2847	
10659	373	3040	16.5009	23.8853	1783	18.3906	9	535	1	68	14	4	1.20479e+06	5.53802e-05	0.1909	
11446	400	2986	22.5859	25.8624	1882	16.802	10	533	15	73	19	3	1.00177e+06	5.53526e-05	0.3216	
10697	400	3016	22.0505	28.7556	1852	15.617	8	535	15	55	16	3	1.04132e+06	6.28615e-05	0.1627	
10587	382	3039	24.1606	27.7979	1752	17.9342	8	535	14	59	8	4	1.04023e+06	6.39795e-05	0.1695	
11473	391	3046	19.7118	20	1768	15.6939	8	535	9	57	24	3	1.09043e+06	4.82742e-05	0.4098	
10587	392	3011	18.6164	26.9211	1831	18.5611	8	535	14	57	7	3	1.11478e+06	5.98015e-05	0.1365	
11170	337	3045	15.7295	20.1884	1836	17.3348	6	533	15	60	5	4	1.26514e+06	4.79317e-05	0.3646	
10141	311	3050	20.0568	22.6938	1769	18.4694	8	533	8	56	10	5	1.1751e+06	6.00565e-05	0.1242	
11414	400	3036	19.5682	20.9831	1898	17.9144	7	533	20	60	5	4	1.09099e+06	4.87567e-05	0.3637	
10386	313	3044	17.3598	22.1528	1770	17.9959	7	529	17	61	2	5	1.04319e+06	5.15969e-05	0.377	
10993	383	3034	18.2368	20.9556	1844	15.4134	5	534	16	60	23	4	1.14739e+06	5.11378e-05	0.2918	
10587	400	3043	18.6164	26.6445	1831	18.5611	8	535	11	59	13	4	1.11731e+06	5.94177e-05	0.142	
10587	400	3017	19.4847	26.9211	1775	18.5333	8	535	16	59	22	4	1.09741e+06	6.10165e-05	0.1273	
10848	388	3050	20.3005	22.6285	1819	15.7461	8	531	19	57	54	4	1.09084e+06	5.59534e-05	0.217	
10930	385	2995	22.4461	26.8131	1871	16.5643	10	535	15	57	21	5	1.03247e+06	5.95948e-05	0.2138	
11285	365	3004	19.2551	21.1715	1899	17.483	6	535	16	55	57	4	1.11858e+06	5.15384e-05	0.3175	
11357	394	2982	20.2061	25.333	1798	18.0033	8	533	19	55	75	3	1.05757e+06	5.66636e-05	0.2435	
11125	373	3010	17.6435	25.6444	1723	19	8	535	17	60	4	3	1.12364e+06	5.48396e-05	0.2283	
11034	400	3017	20.349	22.9453	1857	16.6552	10	535	15	76	19	3	1.06516e+06	5.37057e-05	0.2898	
11078	363	3045	18.1962	20.0078	1837	18.5804	7	534	16	69	22	4	1.15653e+06	5.002e-05	0.3195	
10808	390	3034	18.5088	20.8806	1829	15.7745	6	534	6	55	29	4	1.14379e+06	5.26704e-05	0.2649	
10818	391	3050	21.6003	23.4357	1808	18.1949	9	534	3	58	18	5	1.06259e+06	5.61136e-05	0.2454	
11016	400	3050	15	21.1264	1795	15.6643	4	534	4	64	29	5	1.28632e+06	5.02361e-05	0.2872	
11072	400	3039	21.6003	23.3164	1808	18.1949	8	534	5	60	23	5	1.05044e+06	5.45316e-05	0.2845	
10799	400	3050	20.8894	23.3164	1808	18.5117	9	534	4	59	18	5	1.0717e+06	5.57911e-05	0.2365	
10524	392	2999	18.9181	24.902	1873	16.3533	7	535	18	59	4	3	1.12113e+06	5.80248e-05	0.1693	
10587	382	3034	21.3282	27.7979	1752	17.9342	9	535	16	59	23	4	1.06917e+06	6.28259e-05	0.1351	
11329	399	3050	19.5305	20.775	1843	18.5804	7	535	16	67	16	4	1.09225e+06	4.94047e-05	0.3501	
11500	342	3047	19.1834	22.6588	1708	17.9321	8	535	18	85	23	5	1.10724e+06	5.06663e-05	0.3448	
11473	354	3046	16.4959	24.2368	1774	15.008	8	535	6	56	8	3	1.17086e+06	5.04363e-05	0.3159	
10837	381	3042	20.1463	22.4256	1804	17.3384	9	530	20	68	23	3	1.09127e+06	5.45792e-05	0.2532	
10587	400	3043	19.2904	26.6445	1816	16.6219	10	535	11	56	13	4	1.0986e+06	5.96588e-05	0.1459	
10587	382	3039	22.2796	26.6445	1844	18.5611	9	535	6	59	13	4	1.05796e+06	6.13459e-05	0.1738	
11392	335	3025	15.2567	20	1836	16.8714	7	533	15	70	5	4	1.28561e+06	4.67246e-05	0.414	
11432	400	3010	23.6373	26.4335	1820	17.5649	10	525	6	57	32	3	994030	5.70907e-05	0.3405	
10942	400	3050	21.3681	23.3164	1808	18.1949	9	535	3	59	10	5	1.05622e+06	5.47345e-05	0.2703	
11169	387	2965	23.6741	29.7508	1741	17.6469	8	535	13	64	24	6	1.00415e+06	6.29327e-05	0.2201	
11273	351	3002	15.2789	21.8861	1720	15.2472	9	532	9	71	16	4	1.25577e+06	4.96475e-05	0.3229	
11166	354	3013	15.9607	22.2309	1755	15.008	7	535	6	70	29	3	1.22112e+06	5.09788e-05	0.2933	
10160	400	2974	19.9745	23.4708	1714	18.2754	7	527	10	56	25	3	1.13269e+06	6.21929e-05	0.1252	
11306	394	3034	21.1447	21.8881	1798	18.0033	8	533	19	66	75	3	1.06071e+06	5.37461e-05	0.2931	
10587	400	3030	19.7523	26.9211	1843	18.5611	8	535	5	59	6	4	1.09017e+06	6.00096e-05	0.1667	
11189	379	3000	15	21.0694	1738	15.2472	9	532	8	71	36	4	1.27163e+06	5.00626e-05	0.3104	
11473	358	3042	15.3566	20	1780	14.5292	7	535	6	57	20	3	1.26172e+06	4.64922e-05	0.4211	
11110	367	3050	19.9408	24.1483	1843	19	7	535	16	63	16	4	1.08291e+06	5.38677e-05	0.2795	
11420	395	3016	19.9123	26.4604	1845	16.2518	7	533	13	63	26	3	1.04585e+06	5.48607e-05	0.2916	
11105	349	3042	16.8296	24.7788	1719	14.3266	6	534	15	58	9	3	1.17497e+06	5.31717e-05	0.241	
11117	327	3036	18.3959	20.1865	1900	17.0128	6	534	20	58	39	4	1.17295e+06	5.04108e-05	0.3135	
10871	400	3008	22.26	26.1687	1888	18.8132	8	534	12	65	28	3	1.03733e+06	5.93577e-05	0.2177	
11088	331	3043	15	20.1018	1836	16.1021	10	534	16	63	32	4	1.30979e+06	4.92174e-05	0.3171	
11001	334	2994	15.4875	21.6771	1730	16.5199	8	535	9	61	15	4	1.26888e+06	5.10908e-05	0.2733	
10294	384	2974	20.1214	27.3201	1717	18.2754	6	530	2	57	19	3	1.11076e+06	6.45745e-05	0.1141	
11086	337	3002	15	20.447	1724	15.2472	9	535	10	60	27	4	1.30247e+06	4.97512e-05	0.3035	
10951	332	3023	15.4966	23.2696	1805	16.3009	8	535	12	66	10	4	1.26295e+06	5.22657e-05	0.2377	
10824	385	2992	21.2153	28.957	1815	16.7621	8	532	19	57	14	3	1.04584e+06	6.20617e-05	0.1709	
11306	394	3005	20.2061	25.333	1798	18.0033	8	533	19	66	75	3	1.0571e+06	5.67279e-05	0.2419	
11229	394	2992	23.3012	29.0129	1731	15.4696	7	530	17	59	41	5	1.00647e+06	6.15612e-05	0.2363	
11028	374	3048	16.9094	23.385	1852	15.1807	6	535	17	65	18	6	1.17653e+06	5.22821e-05	0.2609	
11138	377	3050	20.8864	20.2933	1830	14.909	9	535	16	58	51	3	1.08356e+06	5.19157e-05	0.3026	
10443	393	3033	17.9696	20	1792	15.7745	6	534	3	59	17	5	1.18902e+06	5.41536e-05	0.2194	
11293	388	3044	22.2649	28.7556	1859	16.6552	10	535	11	59	19	3	1.00715e+06	5.88235e-05	0.2574	
11230	400	3040	21.4363	23.8634	1838	16.6552	10	535	13	61	20	4	1.03607e+06	5.36826e-05	0.2952	
10950	385	2992	21.5876	25.4438	1886	16.7621	8	532	19	57	15	3	1.04533e+06	5.72935e-05	0.2349	
10396	346	3017	15.7929	21.8651	1708	15.1301	5	533	20	56	24	4	1.29321e+06	5.60004e-05	0.1388	
11500	377	3035	23.2756	22.4269	1746	16.9643	10	524	15	73	17	3	1.02518e+06	5.21839e-05	0.3919	
10715	326	3041	15.8125	21.3014	1711	16.3847	7	534	18	73	25	5	1.28077e+06	5.32822e-05	0.207	
11028	374	3048	22.8616	23.385	1852	15.9199	6	535	17	57	19	6	1.05331e+06	5.51998e-05	0.2791	
10141	376	3042	17.6843	23.2998	1812	18.4694	6	531	5	56	19	5	1.20923e+06	5.97122e-05	0.1127	
10981	354	3026	15	20.1018	1836	16.5616	7	535	7	64	5	3	1.30262e+06	4.88305e-05	0.338	
10962	400	3015	23.8826	28.3941	1827	16.451	9	535	8	67	37	4	1.01226e+06	6.22549e-05	0.217	
11016	390	3034	18.5088	20	1792	16.1646	6	535	3	58	23	4	1.14127e+06	5.0421e-05	0.32	
10893	393	3007	23.1064	29.9322	1731	15.3862	7	535	20	60	21	3	1.01987e+06	6.40164e-05	0.1747	
11204	400	3016	21.6158	25.3413	1852	16.6211	10	535	13	59	25	4	1.02759e+06	5.56917e-05	0.2771	
10482	368	3030	15.7929	21.8651	1708	16.5183	5	534	16	57	23	4	1.27511e+06	5.5145e-05	0.1514	
10715	326	3034	15.8125	22.2095	1711	16.3847	7	534	18	61	25	5	1.27537e+06	5.38155e-05	0.1857	
10703	363	3026	15.8832	22.2434	1708	14.2258	5	534	16	57	24	4	1.25513e+06	5.37432e-05	0.1872	
10881	362	3028	15.422	20	1801	18.2469	6	534	13	58	44	3	1.28426e+06	5.15039e-05	0.2522	
10098	366	3040	17.0156	24.3931	1789	16.6707	7	529	19	55	8	5	1.23126e+06	6.04303e-05	0.0989	
10610	349	3042	18.0744	24.2008	1724	18.4081	6	532	16	56	33	4	1.16951e+06	5.77301e-05	0.152	
11400	395	3016	22.8145	22.4269	1840	14	10	524	15	70	19	3	1.02514e+06	5.22766e-05	0.3986	
11113	367	3012	23.7978	26.1687	1839	18.8132	9	535	11	65	28	3	1.01921e+06	5.8627e-05	0.2534	
10524	392	2993	20.1799	24.0772	1809	16.3533	6	534	18	61	22	4	1.10386e+06	5.89206e-05	0.1678	
10802	400	2999	21.3875	23.674	1743	16.847	8	532	11	59	75	4	1.07547e+06	5.99053e-05	0.1786	
10622	392	3048	18.645	21.1912	1815	18.5611	6	535	4	57	14	3	1.14293e+06	5.38213e-05	0.2267	
11256	377	3004	20.6696	21.6145	1764	18.6117	9	532	15	69	2	4	1.13413e+06	5.73625e-05	0.1728	
10871	400	3017	22.26	25.7774	1868	18.8132	8	534	12	65	16	3	1.03748e+06	5.8483e-05	0.231	
11233	337	3002	15	21.6771	1738	15.2472	9	532	9	68	16	4	1.28634e+06	4.95123e-05	0.3206	
11149	400	3034	20.4394	26.5124	1843	19	8	534	16	60	6	4	1.04652e+06	5.6205e-05	0.2608	
10587	400	3016	19.4847	26.9211	1749	18.4685	8	535	5	61	20	4	1.09712e+06	6.08902e-05	0.1425	
11399	400	3026	22.0505	21.1508	1859	16.6552	10	535	12	73	21	3	1.03979e+06	5.07202e-05	0.4038	
10256	318	3042	18.9674	25.9005	1724	18.4081	8	532	0	56	7	5	1.17345e+06	6.14893e-05	0.1144	
10410	383	3034	16.8569	24.1692	1712	17.5773	7	534	18	59	25	5	1.21373e+06	5.85995e-05	0.1266	
11248	396	3010	15	21.9079	1827	16.6552	8	534	9	68	25	4	1.2568e+06	4.97117e-05	0.3159	
10942	400	3050	21.6003	25.0193	1808	18.1949	8	534	3	60	5	5	1.04749e+06	5.63539e-05	0.255	
11449	400	3016	23.2714	24.2205	1845	15.9093	10	524	12	73	19	3	1.00705e+06	5.3984e-05	0.3628	
10994	395	3004	18.5822	22.1242	1884	16.9493	6	535	16	55	52	4	1.12649e+06	5.38358e-05	0.2427	
11230	396	3038	22.8145	25.3413	1852	16.6552	10	534	13	69	23	4	1.01555e+06	5.58847e-05	0.2877	
10587	400	3048	18.6164	26.6445	1831	18.5611	8	535	11	59	13	4	1.1174e+06	5.93648e-05	0.142	
11078	385	2980	25	27.3753	1846	16.7621	10	534	15	57	18	5	1.0015e+06	6.10314e-05	0.2414	
10825	390	3034	19.4812	20.8806	1804	16.7717	6	534	3	58	29	5	1.1225e+06	5.31858e-05	0.2675	
11141	400	3050	19.9159	23.364	1807	17.1741	7	532	12	55	21	5	1.07471e+06	5.30701e-05	0.3019	
11110	341	3045	18.1962	20.0078	1837	18.5804	7	534	16	67	19	4	1.16861e+06	4.96894e-05	0.325	
10833	365	2990	16.7381	22.7989	1768	15.4405	9	533	20	55	37	3	1.19255e+06	5.45167e-05	0.2008	
10791	387	3050	17.8799	20.8806	1783	15.323	6	534	4	56	38	4	1.16652e+06	5.29325e-05	0.254	
11085	370	3034	19.9466	23.9146	1848	16.6696	7	534	16	60	30	5	1.08598e+06	5.42594e-05	0.2684	
11209	387	3041	21.4546	29.1644	1746	15.6644	6	535	16	66	19	3	1.0247e+06	5.96694e-05	0.215	
11329	399	3050	19.5305	20.775	1843	18.1512	7	535	16	67	16	4	1.09255e+06	4.93681e-05	0.351	
11483	377	3029	23.2756	22.4269	1768	18.2362	10	528	17	75	19	3	1.02427e+06	5.2356e-05	0.3736	
10723	394	3005	20.2061	24.7238	1833	18.4968	10	532	19	61	49	3	1.08494e+06	5.9312e-05	0.1751	
10723	400	3012	20.2061	24.0666	1774	18.2026	10	532	16	58	17	4	1.07976e+06	5.71559e-05	0.2079	
10787	371	2963	19.8653	25.4582	1756	17.319	7	534	17	57	21	5	1.09256e+06	5.85138e-05	0.1897	
10942	400	3029	15.2572	22.8643	1730	15.0293	7	534	9	71	19	4	1.25029e+06	5.23204e-05	0.2422	
11301	400	3025	23.0922	23.2631	1810	16.3283	8	534	15	69	19	3	1.01894e+06	5.37606e-05	0.3259	
11293	366	3044	22.2649	28.7556	1749	16.6552	10	535	11	55	19	3	1.01749e+06	5.92593e-05	0.24	
11028	383	3050	16.9094	23.385	1793	16.4975	6	535	11	61	14	6	1.17183e+06	5.2304e-05	0.2645	
11125	390	3010	17.6435	25.6444	1723	17.0067	7	535	17	60	6	3	1.11821e+06	5.46747e-05	0.2284	
11415	331	3050	16.7186	20.1176	1836	16.1021	6	534	7	62	7	4	1.21936e+06	4.68538e-05	0.4098	
10825	379	3034	19.4812	20.8806	1805	15.1328	6	534	8	57	29	5	1.12727e+06	5.30645e-05	0.2656	
11301	400	3018	23.3057	27.676	1834	15.4472	10	534	17	73	19	3	995592	5.82886e-05	0.2821	
11399	364	3050	20.1885	22.8356	1853	15.7677	8	531	19	57	56	4	1.07894e+06	5.21621e-05	0.3233	
11034	400	3017	20.349	22.9453	1857	16.6552	10	535	15	71	20	3	1.06545e+06	5.37201e-05	0.281	
10723	400	3012	20.2061	23.3537	1774	18.2026	10	532	16	58	17	4	1.08268e+06	5.64876e-05	0.2131	
11500	396	3016	22.8145	28.7556	1852	16.4328	10	534	13	75	25	4	990913	5.83363e-05	0.2959	
11380	392	3032	20.8065	22.9192	1840	16.6552	10	527	17	83	19	3	1.04981e+06	5.1784e-05	0.3751	
11335	400	2997	24.8523	28.2325	1751	16.3304	9	525	19	72	43	3	983176	6.07054e-05	0.2872	
11068	371	3047	20.7547	21.5546	1818	16.1575	9	527	17	55	36	3	1.08116e+06	5.27788e-05	0.304	
10843	391	3021	23.1419	26.0248	1804	16.845	10	529	15	58	32	3	1.0288e+06	6.01468e-05	0.2148	
11500	400	3037	22.8145	25.8624	1761	17.2971	10	524	14	68	12	4	1.00064e+06	5.51815e-05	0.3539	
11064	351	3002	15.2789	22.1617	1720	15.2472	9	535	9	73	16	4	1.26265e+06	5.11326e-05	0.2677	
11264	391	3016	23.6373	26.0248	1816	16.2566	10	525	15	73	32	3	1.00443e+06	5.73921e-05	0.313	
10970	389	3050	15.4075	21.6865	1817	17.1533	9	534	16	70	34	4	1.24872e+06	5.16662e-05	0.247	
10824	385	2992	20.9621	28.957	1815	16.7621	8	532	19	57	14	3	1.04945e+06	6.19272e-05	0.1674	
11110	330	3045	19.8653	20.775	1837	18.5804	7	534	16	67	10	4	1.1293e+06	5.07074e-05	0.3285	
11203	400	3050	19.7242	23.0088	1808	17.1741	9	532	10	60	26	5	1.07519e+06	5.24136e-05	0.3172	
11267	400	3004	19.2551	20.3076	1887	17.6336	6	535	19	55	52	4	1.1104e+06	5.07924e-05	0.3255	
11468	391	3016	23.079	23.6554	1757	17.5741	10	533	17	67	11	4	1.0119e+06	5.33646e-05	0.3505	
11400	400	3016	22.5682	27.9205	1725	16.6552	10	525	16	69	4	3	998758	5.80046e-05	0.3011	
11312	400	2986	22.5859	25.8624	1882	16.8562	10	533	15	73	19	3	1.00742e+06	5.61041e-05	0.2981	
10587	392	3040	18.4105	24.6454	1843	18.5611	6	535	4	55	14	4	1.13584e+06	5.71461e-05	0.176	
11113	382	3012	23.7978	26.1687	1888	18.8132	8	535	11	65	28	3	1.01499e+06	5.84693e-05	0.2621	
10725	399	3024	19.507	22.5603	1714	14.5609	9	530	16	60	61	4	1.11342e+06	5.75043e-05	0.1936	
10734	400	3035	19.4843	22.6017	1856	15.9655	6	529	19	55	48	4	1.11414e+06	5.6123e-05	0.2097	
10970	368	3050	16.5828	21.6865	1714	17.1533	5	534	16	70	34	4	1.20668e+06	5.22248e-05	0.2524	
10837	381	3042	20.1463	22.4256	1804	17.3384	9	530	20	68	24	4	1.09338e+06	5.46418e-05	0.252	
11264	391	3016	23.6373	26.0248	1816	16.6552	10	525	15	73	32	3	1.00466e+06	5.74086e-05	0.3121	
11470	380	2998	22.8689	20	1811	17.1444	10	535	20	71	19	3	1.0456e+06	5.0221e-05	0.4135	
11263	395	3005	22.8145	24.4962	1845	16.4177	9	531	12	73	28	3	1.01735e+06	5.53006e-05	0.3099	
10426	392	3050	18.6164	26.9211	1804	18.9889	6	535	4	57	2	5	1.13376e+06	6.04887e-05	0.1196	
11454	395	3012	23.6939	21.4223	1811	16.0146	10	524	12	75	17	3	1.0223e+06	5.17974e-05	0.439	
10942	400	3002	21.7081	23.3164	1808	17.1951	9	534	3	60	11	5	1.05139e+06	5.53281e-05	0.2799	
11452	374	3019	18.3125	20	1852	14.9303	8	528	15	61	4	3	1.13399e+06	4.73037e-05	0.4057	
10410	390	3034	16.8569	22.2095	1712	17.5773	7	534	18	58	25	5	1.21952e+06	5.67601e-05	0.1318	
11115	396	3007	22.8145	25.3413	1852	16.9288	10	534	13	68	25	4	1.02002e+06	5.70028e-05	0.2694	
11125	400	3050	18.0363	26.6405	1845	15.7607	6	535	17	57	2	3	1.10017e+06	5.49602e-05	0.2279	
10592	308	3035	15.6974	20.3489	1772	18.1478	7	533	17	56	12	4	1.31135e+06	5.23177e-05	0.2285	
10814	380	3024	25	29.2444	1819	19	7	532	12	63	51	4	1.02255e+06	6.58675e-05	0.1745	
10942	400	3045	15.7006	22.931	1751	15.982	7	534	9	69	19	4	1.22429e+06	5.23505e-05	0.2398	
11248	400	3028	21.6627	21.6788	1855	14	10	527	17	64	33	4	1.04978e+06	5.20969e-05	0.3566	
11209	361	3009	22.449	30	1780	17.926	6	535	17	66	65	4	1.0279e+06	6.2901e-05	0.1882	
11429	335	3015	15.6451	21.6771	1727	15.1972	8	535	9	67	35	4	1.24511e+06	4.91763e-05	0.3336	
11016	400	3027	17.4424	23.4615	1814	15.1895	6	534	15	57	29	3	1.14221e+06	5.32056e-05	0.2478	
11065	377	3042	19.1596	24.3501	1765	14.909	9	535	16	58	9	3	1.09012e+06	5.37953e-05	0.2669	
10333	308	3035	19.2029	20.1018	1827	18.96	7	533	15	55	19	4	1.20153e+06	5.60412e-05	0.1776	
11091	385	3034	18.5088	20.9556	1813	15.7745	5	534	17	61	23	4	1.13347e+06	5.07357e-05	0.3064	
11023	375	2991	16.2123	21.4921	1728	16.177	8	535	9	61	23	4	1.20989e+06	5.13637e-05	0.287	
11395	383	3049	19.5934	22.1275	1846	17.4539	8	534	18	62	23	4	1.08227e+06	5.0317e-05	0.3467	
11368	391	3026	23.6373	26.0248	1816	16.2566	10	525	15	56	32	3	999331	5.68053e-05	0.3213	
11113	400	3028	22.4031	26.1687	1900	16.3915	7	535	12	66	18	3	1.02359e+06	5.69833e-05	0.2641	
11016	400	3025	18.3257	23.4615	1786	15.1895	5	534	17	57	29	3	1.11786e+06	5.36452e-05	0.2526	
10640	369	2975	17.5789	24.036	1900	16.7621	7	535	18	56	18	5	1.16725e+06	5.64844e-05	0.1755	
11204	388	2990	16.7381	22.7989	1768	15.4405	10	533	20	55	37	4	1.16392e+06	5.20508e-05	0.2693	
11500	399	3016	22.4945	27.919	1852	16.4328	8	534	13	75	25	4	998874	5.71788e-05	0.315	
10482	323	3030	15.7929	21.8651	1708	15.0972	5	534	16	57	22	3	1.29602e+06	5.49783e-05	0.1525	
11474	368	3050	19.1834	23.2788	1710	17.9321	9	535	18	81	19	5	1.08713e+06	5.12111e-05	0.3308	
11301	400	3025	22.8144	23.2631	1845	16.3283	8	534	17	73	19	3	1.02202e+06	5.35246e-05	0.3333	
10587	392	3042	22.0853	26.9211	1850	18.5526	10	535	19	59	7	4	1.05489e+06	6.13497e-05	0.1569	
11016	390	3034	18.5088	20	1792	15.8558	6	534	3	57	23	4	1.14165e+06	5.03931e-05	0.3236	
10644	375	3046	19.5089	26.9211	1807	15.9061	7	535	18	64	4	4	1.10138e+06	5.92382e-05	0.168	
10881	383	3028	15.422	20	1845	18.0973	6	533	12	58	28	3	1.27118e+06	5.05306e-05	0.2929	
10494	391	3042	18.213	24.4843	1724	18.4081	7	532	7	56	33	5	1.15584e+06	5.89623e-05	0.1404	
10587	400	3033	21.9852	26.9211	1843	18.5611	8	534	5	59	6	4	1.0561e+06	6.12107e-05	0.1795	
10950	385	2994	21.7228	27.3753	1792	15.4197	6	535	17	55	37	3	1.0426e+06	6.03865e-05	0.1921	
11223	333	3050	19.5305	20.775	1863	18.3856	7	535	16	67	16	4	1.13165e+06	4.99426e-05	0.3357	
10712	369	2993	20.8381	25.993	1886	16.5442	7	534	17	57	11	6	1.08067e+06	5.90284e-05	0.1931	
11144	333	3032	16.1665	23.2248	1741	18.1296	7	533	16	76	21	4	1.21991e+06	5.19805e-05	0.2633	
10877	388	3050	20.3005	22.809	1829	15.7461	8	531	19	57	56	4	1.08917e+06	5.59597e-05	0.2182	
11121	400	3025	18.3257	23.4615	1786	16.2603	7	534	17	57	41	3	1.11016e+06	5.35332e-05	0.2544	
11220	392	3001	20.2087	27.5987	1846	15.3967	8	535	17	61	21	3	1.0417e+06	5.73296e-05	0.2355	
11230	400	3040	22.8145	23.8634	1832	16.8225	10	535	15	67	21	4	1.02054e+06	5.44989e-05	0.2971	
11285	400	3004	19.2551	20	1899	17.0185	6	535	19	55	52	4	1.11307e+06	5.03728e-05	0.3332	
11306	371	3050	20.1885	22.809	1853	15.7677	8	531	19	57	56	4	1.07908e+06	5.27259e-05	0.3041	
11306	394	3022	21.9551	25.333	1798	17.9694	8	535	19	66	75	3	1.02955e+06	5.73033e-05	0.243	
11016	390	3034	18.5088	20	1792	15.8558	6	535	3	58	23	4	1.14167e+06	5.04007e-05	0.3202	
10986	400	3050	21.6003	23.3164	1819	18.1949	9	535	0	60	33	5	1.05348e+06	5.53618e-05	0.2642	
11500	377	3016	23.2756	22.4269	1845	16.9643	10	524	15	72	19	3	1.02544e+06	5.20996e-05	0.4124	
11125	377	2974	17.5789	25.5136	1815	15.7607	6	535	17	57	4	3	1.12563e+06	5.43981e-05	0.2359	
11016	390	3034	18.9648	21.0897	1795	15.6643	5	534	4	57	29	5	1.12667e+06	5.17036e-05	0.3032	
10917	386	2997	22.1014	26.7535	1852	17.7001	10	534	17	60	24	4	1.03642e+06	5.9641e-05	0.2104	
10958	400	3034	22.5617	23.3164	1791	16.7798	8	534	15	60	18	5	1.04284e+06	5.57196e-05	0.2678	
10494	349	3042	18.213	24.4843	1724	18.4081	7	532	16	56	33	5	1.17255e+06	5.90598e-05	0.1305	
11030	400	3050	15	21.6641	1807	17.3426	9	531	16	68	40	4	1.27013e+06	5.13901e-05	0.2632	
11029	400	3014	22.26	26.3121	1900	15.5133	8	535	15	67	19	3	1.02739e+06	5.77701e-05	0.2491	
10610	392	3011	18.6164	26.9211	1831	18.5611	8	535	14	55	7	3	1.11288e+06	5.96232e-05	0.1378	
10715	326	3034	16.4093	21.7779	1711	16.3847	7	533	18	62	25	5	1.24785e+06	5.36481e-05	0.2008	
11003	390	3050	20.1953	21.7253	1857	15.7677	8	531	19	58	56	4	1.09071e+06	5.39607e-05	0.2659	
11380	396	3022	15	22.5079	1852	16.6552	10	534	12	75	28	4	1.24366e+06	4.95638e-05	0.3239	
11500	391	3032	23.9866	26.0248	1816	16.1938	10	525	15	56	32	3	992644	5.6224e-05	0.3447	
11105	392	3009	22.449	29.1561	1760	15.6644	6	535	16	66	19	3	1.01712e+06	6.10426e-05	0.2185	
10789	400	3030	20.0575	22.6555	1768	18.0569	10	531	18	60	42	4	1.09007e+06	5.62493e-05	0.2106	
11230	400	3040	20.922	23.8634	1838	16.6552	10	535	13	67	25	4	1.04376e+06	5.35733e-05	0.2976	
11054	392	3042	15.763	22.3944	1843	18.5611	8	534	20	57	35	4	1.22212e+06	5.18296e-05	0.2477	
10723	400	3012	21.0309	22.3142	1774	18.4311	10	532	16	58	24	4	1.07511e+06	5.63031e-05	0.2173	
10653	400	3048	17.8799	20.8071	1824	15.7745	6	534	2	60	22	4	1.16858e+06	5.3087e-05	0.2537	
11473	346	3042	16.4959	20.2928	1829	15.008	6	535	6	57	12	3	1.21087e+06	4.67596e-05	0.4227	
11500	400	3044	20.0809	20	1839	15.3191	6	530	12	61	7	3	1.0878e+06	4.77327e-05	0.428	
11400	400	3047	22.8145	22.0659	1864	16.6566	10	528	15	71	31	3	1.02691e+06	5.19886e-05	0.3861	
11088	372	3026	15	20.1018	1865	16.1361	6	534	7	61	5	4	1.29402e+06	4.80839e-05	0.3617	
10871	400	3008	22.26	27.3116	1868	18.8132	8	534	12	65	26	3	1.03362e+06	6.05217e-05	0.2097	
10923	370	2990	17.5789	22.6762	1886	16.3171	7	534	18	59	7	3	1.15458e+06	5.25348e-05	0.2672	
11209	387	3009	22.449	29.1561	1763	15.6644	6	535	16	66	19	3	1.01345e+06	6.04339e-05	0.2285	
11400	400	3016	22.8145	26.5852	1870	16.2518	10	525	14	73	31	3	999817	5.65259e-05	0.3362	
10978	400	3034	20.0129	22.2383	1795	15.7745	9	534	3	60	26	4	1.08201e+06	5.33419e-05	0.2847	
11215	337	3043	15.2567	20	1836	15.0025	6	535	15	71	5	4	1.29337e+06	4.74113e-05	0.3754	
11209	387	3009	21.4362	28.6597	1763	15.6644	6	535	13	66	19	3	1.02534e+06	5.93014e-05	0.2272	
11173	337	3022	15.2572	22.3773	1730	15.6685	7	534	9	71	19	4	1.27121e+06	5.05587e-05	0.2856	
10837	400	3050	19.8681	22.4256	1798	17.8864	9	529	19	65	29	4	1.09172e+06	5.46896e-05	0.2489	
11373	400	3025	22.8144	23.2631	1810	16.3283	8	529	15	63	13	3	1.02067e+06	5.30955e-05	0.3446	
11306	394	2960	20.2061	25.333	1798	18.0033	8	533	19	56	75	3	1.05911e+06	5.71984e-05	0.2359	
11135	331	3043	15	20.1018	1836	16.1021	9	534	19	63	32	4	1.30931e+06	4.89261e-05	0.3227	
11301	397	3018	22.8144	30	1834	14.1119	10	528	15	73	19	3	993480	6.07792e-05	0.2628	
10893	400	3021	24.7023	29.9322	1740	15.3862	9	532	17	73	20	4	1.00842e+06	6.46663e-05	0.2093	
10942	400	3002	21.1014	23.3164	1808	18.1949	9	534	3	60	18	5	1.06004e+06	5.52944e-05	0.2676	
10921	399	3049	15.5015	21.9524	1737	15.6399	6	533	7	70	25	4	1.24579e+06	5.17759e-05	0.2542	
10924	400	3010	21.5761	22.967	1796	16.9599	9	532	15	60	54	3	1.05732e+06	5.68473e-05	0.2364	
10929	328	3008	19.3558	22.8395	1867	15.5676	7	534	19	62	10	3	1.12961e+06	5.34331e-05	0.2611	
11481	354	3042	16.056	20.3033	1768	15.6921	8	535	8	57	20	3	1.22017e+06	4.70124e-05	0.4056	
10538	377	3033	17.5484	20	1792	15.5081	7	534	3	59	17	5	1.19848e+06	5.31463e-05	0.2385	
10766	393	3039	19.0343	26.9211	1816	16.6576	8	533	4	63	14	5	1.0976e+06	5.85035e-05	0.1909	
11125	373	2973	17.6435	25.6444	1808	19	8	535	17	60	4	3	1.12144e+06	5.48787e-05	0.2271	
11253	395	3020	22.8145	25.4378	1845	15.9093	9	531	12	55	19	3	1.01342e+06	5.5991e-05	0.2945	
11156	377	3050	18.4976	20.2933	1743	15.5405	9	535	16	58	15	4	1.13016e+06	4.95491e-05	0.3472	
10524	392	2990	18.9181	24.8408	1873	16.7769	7	534	18	59	9	3	1.12156e+06	5.82886e-05	0.1683	
10848	388	3050	20.3005	22.3481	1819	15.7461	8	532	19	60	54	4	1.09351e+06	5.57507e-05	0.2235	
11149	400	3033	21.1324	26.5124	1843	19	8	534	16	60	6	4	1.03533e+06	5.65483e-05	0.2648	
10881	382	3050	19.5228	26.7923	1789	15.513	9	526	16	61	38	4	1.08414e+06	5.86304e-05	0.2002	
10860	390	3040	19.4812	22.4628	1806	16.5404	6	535	0	63	19	5	1.10932e+06	5.37663e-05	0.2653	
10731	370	3046	19.0012	21.3182	1768	15.6939	7	535	8	58	21	3	1.13372e+06	5.35619e-05	0.2394	
11184	370	3040	18.3681	23.9146	1813	16.6696	7	533	16	60	60	5	1.12462e+06	5.43154e-05	0.2441	
11230	396	3038	22.8145	25.3413	1852	16.6552	10	534	13	69	25	4	1.01563e+06	5.59378e-05	0.2866	
11113	400	3028	22.26	26.1687	1900	16.3915	8	535	12	66	25	3	1.02418e+06	5.71135e-05	0.259	
10942	400	3050	21.6003	23.3164	1808	18.1949	9	534	3	60	18	5	1.05392e+06	5.51207e-05	0.2693	
10837	381	3050	20.2102	22.8645	1781	17.8598	9	534	19	65	21	4	1.08793e+06	5.49722e-05	0.2352	
10989	386	3043	19.6858	23.0643	1783	17.8348	6	535	11	61	14	6	1.09573e+06	5.35619e-05	0.2734	
11028	375	3050	16.9094	23.385	1793	14.9379	6	535	11	61	14	6	1.17593e+06	5.22084e-05	0.2689	
11500	395	3043	22.7421	28.667	1878	18.0337	8	535	13	65	30	4	996242	5.80147e-05	0.2878	
10848	388	3050	20.6169	22.6285	1819	15.403	8	531	19	57	54	4	1.08536e+06	5.60884e-05	0.2218	
10942	400	3050	21.5415	23.3164	1808	18.1949	9	534	3	60	18	5	1.05453e+06	5.50873e-05	0.269	
11102	400	3037	19.8457	22.4527	1795	15.2728	7	534	9	58	30	5	1.08356e+06	5.27621e-05	0.2982	
10587	392	3040	18.4105	24.6454	1815	18.5611	6	535	4	57	14	3	1.13423e+06	5.7205e-05	0.1735	
10602	400	3016	19.4847	26.9211	1775	19	7	535	8	61	20	4	1.0973e+06	6.0746e-05	0.141	
10396	339	3026	21.01	29.0942	1708	14.8162	5	534	20	55	24	4	1.10705e+06	6.58545e-05	0.1005	
10864	330	3050	20.4249	22.8548	1804	16.1575	9	533	20	55	36	3	1.10727e+06	5.527e-05	0.2215	
11091	385	3034	18.5088	20.9556	1854	15.9573	5	534	16	61	21	4	1.13553e+06	5.05689e-05	0.3074	
11263	381	3009	24.4272	25.4964	1807	19	8	534	17	55	22	4	1.00729e+06	5.75573e-05	0.2744	
10881	381	3050	19.5228	26.3867	1789	16.0317	8	527	17	56	35	4	1.08715e+06	5.81091e-05	0.2001	
10837	381	3050	19.1411	22.4256	1781	17.8864	9	529	19	65	40	4	1.11661e+06	5.49451e-05	0.2406	
10925	390	3046	19.5559	20.8806	1792	15.5759	6	534	13	58	36	5	1.11653e+06	5.27037e-05	0.2678	
11061	385	3034	21.4868	27.6366	1761	16.3511	10	532	19	70	33	3	1.03433e+06	5.9319e-05	0.2227	
10141	325	3050	20.0568	23.2998	1769	18.4694	5	532	15	56	12	5	1.16907e+06	6.07128e-05	0.1183	
10924	394	3010	21.0666	22.967	1796	17.5617	9	532	15	60	54	3	1.06688e+06	5.66283e-05	0.2299	
11487	341	3004	17.9196	20.775	1899	15.9026	6	535	14	55	2	4	1.16194e+06	4.75851e-05	0.3821	
10930	385	3007	21.7228	28.7487	1849	17.7001	10	534	16	57	21	4	1.03442e+06	6.14137e-05	0.1916	
10729	376	3034	20.1463	22.4532	1772	18.0569	9	531	17	61	24	4	1.09957e+06	5.56297e-05	0.223	
10950	385	2994	21.7228	27.3753	1848	15.4197	6	535	17	57	19	3	1.04122e+06	5.95415e-05	0.2132	
10900	400	3050	21.054	23.3164	1778	18.8118	9	535	3	60	18	5	1.06417e+06	5.52669e-05	0.2552	
10924	400	3010	21.0666	22.967	1796	17.5617	9	532	15	61	54	3	1.06502e+06	5.66251e-05	0.2315	
10703	339	3023	16.5603	20	1845	18.0973	6	535	9	57	13	4	1.24571e+06	5.14615e-05	0.2702	
10938	400	3035	20.4226	23.1081	1795	15.0655	9	534	3	60	16	5	1.07319e+06	5.42094e-05	0.2763	
10579	349	3042	18.213	24.3755	1724	18.4081	6	532	16	56	33	4	1.16663e+06	5.8214e-05	0.1454	
10936	390	3046	19.5559	20.8806	1792	16.1869	6	534	13	58	29	5	1.11535e+06	5.23396e-05	0.2754	
11387	362	3038	21.5275	23.0738	1843	15.2457	8	530	15	63	17	5	1.0576e+06	5.19859e-05	0.3443	
11088	372	3043	15	20.1018	1865	16.1021	6	534	7	61	5	4	1.29461e+06	4.79386e-05	0.3617	
11032	356	3005	19.3223	21.9184	1758	16.3272	6	535	17	55	62	6	1.13125e+06	5.45613e-05	0.2294	
10930	391	2987	21.7228	27.3753	1871	17.7001	9	534	17	58	24	4	1.03788e+06	6.00709e-05	0.2074	
10587	392	3040	18.8339	24.0059	1815	18.5611	6	535	4	56	14	3	1.12599e+06	5.6773e-05	0.1855	
10684	400	3031	19.4847	26.9211	1775	18.5611	7	534	12	61	20	4	1.09167e+06	5.99377e-05	0.1515	
11494	366	3041	20.1038	25.395	1795	16.2671	7	533	17	57	20	3	1.05865e+06	5.32368e-05	0.3184	
10864	400	3036	20.7547	22.0493	1818	16.1575	9	530	17	55	36	3	1.07471e+06	5.47915e-05	0.2472	
11115	396	3012	22.8145	25.3413	1852	16.9288	10	534	13	68	25	4	1.02019e+06	5.69541e-05	0.2694	
11454	395	3012	23.2699	21.9879	1826	16.3583	10	524	12	75	17	3	1.02301e+06	5.19994e-05	0.4204	
10878	400	2985	21.2287	23.9647	1858	17.319	6	533	15	56	21	5	1.06325e+06	5.65323e-05	0.2347	
11467	400	3022	23.6726	27.2114	1803	14	8	531	15	62	19	4	990705	5.71821e-05	0.3134	
11169	337	3050	15.0183	21.6771	1787	16.0704	9	533	18	70	27	5	1.29083e+06	4.99226e-05	0.2864	
11293	365	3014	19.1595	24.0372	1747	14.7046	9	535	19	67	60	4	1.09358e+06	5.42888e-05	0.2613	
10587	400	3017	19.4847	26.9211	1775	18.5611	8	535	15	61	20	4	1.0972e+06	6.0905e-05	0.1326	
10755	400	3016	22.0505	28.7556	1852	15.617	8	535	3	55	16	3	1.0374e+06	6.23364e-05	0.1899	
11381	400	3038	21.5275	23.0738	1843	15.2073	9	522	15	65	13	5	1.04211e+06	5.19832e-05	0.3681	
11500	400	3050	20.0809	20	1839	15.3191	6	530	12	61	7	3	1.08787e+06	4.76826e-05	0.428	
11409	400	3033	21.1324	26.5124	1804	18.6865	9	534	16	59	6	4	1.02341e+06	5.52914e-05	0.2935	
11095	341	3045	18.1962	20.0078	1837	18.5804	8	534	16	68	20	4	1.1669e+06	4.98455e-05	0.3225	
10494	389	3016	19.1403	24.2008	1724	17.8518	7	532	16	56	33	4	1.13062e+06	5.93789e-05	0.1347	
11302	365	3004	18.8843	21.4262	1899	18.0097	7	534	16	55	57	4	1.12298e+06	5.15464e-05	0.3164	
11038	392	3003	20.2376	24.4988	1853	17.4244	7	535	20	62	50	4	1.07265e+06	5.65163e-05	0.2234	
11263	392	3020	22.674	24.4962	1845	15.9093	9	531	12	73	24	3	1.01992e+06	5.49481e-05	0.312	
10808	390	3034	18.5088	20.7066	1829	15.7745	6	534	6	55	22	4	1.14484e+06	5.22139e-05	0.27	
10858	393	2992	21.5876	25.4438	1873	16.7621	8	532	19	57	16	3	1.0477e+06	5.80046e-05	0.2186	
10098	366	3044	17.0156	23.7767	1789	16.6707	7	529	17	55	8	5	1.23393e+06	5.97479e-05	0.0984	
10587	392	3029	18.4105	24.6454	1796	18.5611	6	535	3	57	14	3	1.13413e+06	5.73625e-05	0.1728	
11113	400	3001	22.26	26.1687	1900	16.3915	8	535	12	67	28	3	1.02366e+06	5.75043e-05	0.2579	
10659	373	3037	16.5009	23.8853	1783	18.5611	9	535	1	68	14	4	1.2047e+06	5.54262e-05	0.1905	
10970	387	3044	16.7479	23.7767	1748	15.6928	10	529	17	55	4	5	1.16938e+06	5.27899e-05	0.2481	
10820	341	3050	17.8556	20.0078	1837	18.5804	7	534	16	67	20	4	1.19114e+06	5.15198e-05	0.2764	
11073	371	2992	20.2087	27.5987	1837	15.3967	8	535	17	61	16	3	1.05681e+06	5.82004e-05	0.218	
11500	400	3040	18.2504	20	1829	15.3191	6	528	12	61	7	3	1.12902e+06	4.70079e-05	0.4281	
10804	358	3042	16.8903	20.6783	1756	14.3266	6	535	15	57	18	3	1.20874e+06	5.14801e-05	0.2652	
11380	396	3010	22.8145	28.7556	1826	16.7858	10	534	15	75	25	3	993864	5.90667e-05	0.2757	
11032	356	3011	19.3223	21.9184	1742	16.2732	6	535	17	55	67	6	1.13303e+06	5.48246e-05	0.2247	
11500	396	3016	22.8145	24.6304	1852	15.8479	10	526	13	75	25	4	1.00871e+06	5.39462e-05	0.3682	
11184	370	3040	18.3681	23.9146	1813	16.6696	7	534	16	60	60	5	1.1244e+06	5.43213e-05	0.2408	
10748	353	3046	17.9084	21.0215	1743	17.0571	8	535	13	59	19	3	1.1719e+06	5.28318e-05	0.2469	
11464	354	3027	16.4959	20	1772	15.008	8	535	7	57	12	3	1.20132e+06	4.68274e-05	0.4207	
10462	368	3042	17.9084	20.0338	1768	18.4901	8	532	5	55	9	5	1.19168e+06	5.37288e-05	0.2133	
10722	347	3046	18.6447	21.0215	1743	17.0823	8	535	15	59	22	3	1.15476e+06	5.34845e-05	0.2343	
11110	333	3050	20.0032	20.775	1843	18.5804	7	535	16	67	16	4	1.12559e+06	5.09035e-05	0.3233	
10725	335	2989	15.7732	21.6771	1730	15.6399	8	533	17	61	21	4	1.26836e+06	5.33789e-05	0.2066	
11500	396	3016	22.8145	24.6304	1732	15.8479	10	526	13	75	25	3	1.00399e+06	5.42977e-05	0.3926	
11293	381	3020	18.7039	25.4034	1769	14.5609	8	533	17	60	8	4	1.08712e+06	5.36279e-05	0.2742	
10750	337	3026	15.7929	21.8651	1708	15.0972	5	534	16	64	20	3	1.2677e+06	5.29661e-05	0.211	
10734	381	3035	19.9003	22.6017	1856	16.6354	6	529	19	55	51	4	1.11208e+06	5.65419e-05	0.2069	
10141	376	3042	17.6843	22.9703	1789	15.9135	6	535	8	57	12	5	1.21018e+06	5.90807e-05	0.1248	
11024	400	3034	22.5617	23.3164	1791	16.7798	9	534	3	60	18	5	1.03827e+06	5.52334e-05	0.2919	
10587	399	3048	22.5742	25.2267	1811	17.8855	8	534	15	58	13	4	1.05474e+06	6.0107e-05	0.1864	
10523	400	3047	21.3106	24.5178	1805	18.3846	9	532	12	63	56	4	1.08646e+06	6.15498e-05	0.1562	
10923	370	2990	17.5789	22.6762	1886	16.3171	7	534	18	59	2	3	1.05179e+06	5.60821e-05	0.2502	
10808	382	3039	22.2796	26.598	1840	18.5611	8	535	8	59	13	4	1.04465e+06	5.95877e-05	0.203	
10942	400	3043	15.7006	22.931	1751	15.7483	7	534	9	71	19	4	1.22407e+06	5.23725e-05	0.241	
10720	392	3009	18.9181	25.6193	1740	15.4618	8	534	18	59	9	3	1.10398e+06	5.76934e-05	0.1837	
11230	396	3016	22.8145	25.3413	1852	16.6552	10	534	13	68	25	4	1.0151e+06	5.61577e-05	0.2857	
10951	332	3023	15.4966	23.2696	1805	16.3009	8	535	8	66	10	5	1.26511e+06	5.22575e-05	0.243	
10720	400	3005	18.9181	25.6193	1738	15.4618	8	534	18	59	9	3	1.10149e+06	5.77401e-05	0.1834	
11500	400	3007	20.5915	22.6985	1843	18.7159	5	534	19	73	66	3	1.05783e+06	5.25652e-05	0.3403	
10942	391	3050	21.6003	23.3164	1808	18.1949	9	535	0	60	33	3	1.0546e+06	5.56297e-05	0.2574	
11016	390	3034	18.9648	21.0897	1795	15.6287	6	534	3	57	29	5	1.12305e+06	5.17036e-05	0.3038	
11016	393	3033	17.8799	20	1792	15.7745	8	534	3	59	17	5	1.15473e+06	4.99476e-05	0.3296	
11086	400	3016	22.0505	28.7556	1877	16.6552	8	535	17	73	19	3	1.01813e+06	6.00348e-05	0.2375	
11295	366	3016	20.5138	23.3724	1845	16.2992	5	533	11	73	13	3	1.07298e+06	5.23368e-05	0.33	
11132	400	3050	21.5415	23.3164	1808	18.1949	10	534	3	60	6	5	1.04517e+06	5.35561e-05	0.307	
11500	342	3050	19.1834	22.6588	1703	17.9321	8	535	18	85	23	5	1.10726e+06	5.0656e-05	0.3435	
11023	375	2991	16.2123	21.4921	1720	16.177	8	535	9	59	23	4	1.21035e+06	5.13795e-05	0.2846	
11068	351	3037	20.7547	22.0493	1834	17.1832	9	528	17	57	32	3	1.0873e+06	5.32028e-05	0.2951	
11284	400	3002	19.2551	20.5365	1887	18.2934	6	535	20	55	52	4	1.10782e+06	5.09502e-05	0.3242	
11001	343	2994	15.2572	21.6771	1706	15.1824	8	535	9	71	23	4	1.27726e+06	5.14668e-05	0.2599	
11400	400	3016	22.8145	22.4269	1870	16.2518	10	525	17	73	31	3	1.02377e+06	5.25652e-05	0.3913	
11269	389	3016	22.5084	25.8624	1845	16.9696	10	535	15	73	16	3	1.01446e+06	5.60601e-05	0.2874	
11380	396	3016	15	22.5079	1852	16.6552	10	534	12	75	28	4	1.24346e+06	4.96155e-05	0.3239	
11107	392	2992	19.3235	27.5987	1808	15.3967	8	535	16	63	5	3	1.06367e+06	5.74218e-05	0.2154	
10703	337	3026	15.7929	21.8651	1708	15.0972	5	534	16	57	24	4	1.27517e+06	5.34302e-05	0.1922	
10587	400	3031	19.4847	26.9211	1775	18.5611	8	535	15	62	20	4	1.09778e+06	6.07533e-05	0.1347	
11400	400	3047	22.8145	23.8718	1864	16.6566	10	528	15	71	31	3	1.01398e+06	5.35705e-05	0.3394	
11233	337	3002	15	21.6771	1738	15.2472	9	532	18	71	18	4	1.28556e+06	4.96796e-05	0.305	
11411	327	3036	19.5682	20.9831	1899	17.0128	6	534	20	58	5	4	1.13023e+06	4.86997e-05	0.3635	
11016	390	3034	19.5398	20.6145	1795	15.9662	6	535	4	57	29	4	1.11304e+06	5.15943e-05	0.3046	
11086	400	3016	22.0505	28.7556	1852	15.6516	10	535	15	73	19	3	1.01622e+06	6.00817e-05	0.2378	
10827	362	3046	17.0357	20.5622	1836	16.1021	5	535	7	64	5	4	1.20844e+06	5.0656e-05	0.2948	
11204	388	2990	16.7381	22.7989	1757	15.4405	10	535	20	56	43	4	1.16434e+06	5.23396e-05	0.2571	
11370	335	3044	15.2572	21.6771	1727	15.6786	8	535	9	68	35	4	1.2699e+06	4.9186e-05	0.3227	
11229	400	2992	23.0023	28.4473	1743	15.4696	7	530	15	57	41	5	1.00915e+06	6.07017e-05	0.2474	
10619	392	3026	18.6164	22.1593	1843	17.9914	8	535	9	55	17	4	1.13684e+06	5.49511e-05	0.2089	
10722	400	3036	23.6701	28.3941	1827	16.8893	7	535	8	65	39	4	1.03259e+06	6.3955e-05	0.1813	
10864	400	3036	20.7547	22.0493	1781	16.1575	10	530	16	57	26	3	1.07193e+06	5.44514e-05	0.2576	
10950	385	2994	20.4198	24.6786	1848	15.4197	6	535	17	57	19	3	1.06962e+06	5.60161e-05	0.2341	
11123	400	2987	22.6745	26.1687	1888	18.8132	8	534	15	65	43	4	1.02146e+06	5.85789e-05	0.2436	
10941	368	3028	15.3731	20	1845	17.2554	6	533	12	60	28	3	1.27694e+06	5.00526e-05	0.3076	
11034	400	3034	20.349	22.9453	1857	16.6552	10	533	15	76	19	4	1.06807e+06	5.35561e-05	0.296	
11120	396	2998	21.8958	27.233	1739	17.2741	10	533	20	57	15	3	1.02123e+06	5.87579e-05	0.2341	
11038	393	3003	20.2376	24.4988	1805	17.4244	7	535	20	62	50	4	1.07253e+06	5.66444e-05	0.2185	
11230	396	3016	22.8145	25.3413	1852	16.6552	10	534	13	59	25	4	1.0145e+06	5.62177e-05	0.2794	
10524	392	2990	18.9181	24.0772	1873	16.3533	7	534	18	59	9	3	1.1245e+06	5.75043e-05	0.1765	
11400	400	3023	22.8145	22.4269	1870	16.2518	10	525	15	73	31	3	1.02401e+06	5.24934e-05	0.3938	
11214	361	3009	22.4217	28.7664	1737	15.6644	6	535	18	66	67	4	1.03215e+06	6.15082e-05	0.2035	
10853	388	3012	15.1852	21.6771	1737	18.0616	7	535	7	68	21	4	1.27091e+06	5.22548e-05	0.2355	
11173	338	2970	17.6435	25.5136	1829	16.181	7	535	20	55	4	3	1.13969e+06	5.42182e-05	0.2382	
10809	365	3034	19.1098	20.278	1737	17.5773	6	535	18	64	25	4	1.14321e+06	5.28485e-05	0.2604	
11418	387	3009	20.1554	22.8624	1723	15.886	10	534	17	66	67	3	1.06228e+06	5.32481e-05	0.3049	
11473	400	3042	19.7118	22.7697	1768	15.6939	8	535	8	57	26	3	1.06454e+06	5.07228e-05	0.3577	
10664	400	3035	18.0375	21.9503	1788	15.2533	5	534	15	57	27	5	1.16078e+06	5.45256e-05	0.2109	
11285	400	3004	19.2551	20.0308	1899	17.4244	6	535	19	55	52	4	1.11292e+06	5.04261e-05	0.3328	
11203	400	3044	19.7242	23.0088	1808	16.8007	9	532	8	55	23	5	1.07494e+06	5.23752e-05	0.3196	
10371	381	3039	18.6164	26.9496	1808	18.5611	9	535	14	59	8	5	1.1392e+06	6.15006e-05	0.1133	
11380	396	3016	22.946	20.6205	1852	16.6808	10	535	20	73	19	3	1.03735e+06	5.09814e-05	0.391	
11091	385	3034	18.5088	20.9556	1854	15.7745	5	534	17	61	23	4	1.13526e+06	5.06406e-05	0.3049	
10396	339	3026	21.01	29.0942	1708	15.0109	5	535	19	55	24	4	1.10712e+06	6.58675e-05	0.1004	
11091	385	3022	18.5088	21.8835	1813	15.7745	5	534	18	60	23	4	1.12679e+06	5.15863e-05	0.2974	
10864	400	3036	20.4249	22.4557	1818	16.1575	9	533	17	55	36	3	1.07707e+06	5.49904e-05	0.2312	
11369	392	2992	19.3235	27.5987	1798	15.3967	8	535	16	61	21	3	1.05317e+06	5.64079e-05	0.2477	
11263	381	3009	23.4489	25.4964	1807	18.1853	8	534	17	55	22	4	1.01411e+06	5.68537e-05	0.276	
11209	387	3026	22.449	29.1644	1790	15.6644	6	533	16	66	19	3	1.01377e+06	6.0183e-05	0.2386	
10141	376	3042	17.6843	22.9703	1808	15.9135	6	535	8	57	13	5	1.21016e+06	5.90982e-05	0.1266	
11380	400	3026	22.5182	22.3711	1793	16.6552	10	526	15	75	19	3	1.02659e+06	5.23149e-05	0.3687	
10333	308	3030	15	20.1018	1827	19	7	533	14	55	20	4	1.37768e+06	5.43065e-05	0.1601	
11417	397	3016	22.8144	23.4508	1857	16.4639	7	534	15	70	23	3	1.02007e+06	5.31491e-05	0.3378	
10911	385	2978	23.5202	27.3753	1846	16.7621	10	534	15	57	18	4	1.0191e+06	6.11808e-05	0.2082	
10661	392	3026	18.6164	22.1593	1843	17.9914	8	535	9	55	17	4	1.13425e+06	5.46209e-05	0.2171	
11016	400	3040	18.9648	20.105	1795	16.1148	6	534	3	57	29	5	1.12921e+06	5.08958e-05	0.3166	
11306	394	3005	20.2061	25.333	1798	18.0033	8	535	19	66	75	3	1.05674e+06	5.6744e-05	0.2366	
11209	369	3037	19.507	22.5603	1714	14.5609	8	535	17	65	67	4	1.09983e+06	5.38967e-05	0.2603	
11420	397	3031	22.5084	25.5962	1845	16.7838	10	523	15	76	15	3	1.00726e+06	5.49239e-05	0.3574	
11400	395	3036	22.0114	23.3369	1869	15.7531	10	532	18	59	36	4	1.0278e+06	5.28597e-05	0.3252	
11181	400	3026	22.26	26.1687	1900	17.1403	8	535	12	66	25	3	1.02021e+06	5.67408e-05	0.2686	
11030	381	3050	15	21.6865	1817	17.3426	9	531	16	68	40	4	1.2773e+06	5.13848e-05	0.2638	
11086	388	3005	22.0505	29.7946	1852	15.6516	10	535	15	67	22	3	1.01638e+06	6.15271e-05	0.2083	
10587	400	3030	19.7523	26.9211	1843	18.5611	8	535	5	59	6	4	1.09017e+06	6.00096e-05	0.1667	
11209	387	3009	22.449	29.1561	1763	15.6644	7	535	16	66	19	3	1.01199e+06	6.04376e-05	0.2271	
11412	400	3016	22.8145	26.5861	1852	17.0209	10	524	15	73	19	3	999100	5.63444e-05	0.34	
10936	390	3049	19.5559	20.8806	1779	17.2668	6	534	15	58	17	5	1.11364e+06	5.19561e-05	0.2808	
10930	385	3007	21.2804	28.7487	1849	17.7001	10	534	16	57	21	4	1.0395e+06	6.1177e-05	0.1852	
11500	368	3031	19.4582	20.1043	1899	17.0128	6	534	20	58	5	4	1.11319e+06	4.75263e-05	0.3991	
11400	391	3022	24.7953	28.2325	1751	15.2596	6	525	19	81	30	3	988120	5.97265e-05	0.309	
11233	337	3002	15	21.6771	1738	15.2472	9	532	9	71	18	4	1.28636e+06	4.96303e-05	0.3187	
11032	356	3005	19.3223	21.9184	1782	16.3272	6	535	15	55	62	5	1.12947e+06	5.44573e-05	0.2338	
11500	393	3016	22.8145	28.7556	1852	16.6552	10	534	13	68	25	3	990728	5.83431e-05	0.2895	
11204	387	3018	25	30	1751	18.1362	9	535	8	65	4	6	993637	6.28141e-05	0.2447	
11400	397	3016	22.5682	26.5311	1725	16.6552	10	525	15	69	9	3	1.0036e+06	5.64812e-05	0.3148	
10141	311	3050	20.0568	22.3411	1749	18.4694	5	535	9	56	12	5	1.18296e+06	5.98731e-05	0.1169	
11065	377	3042	20.8234	24.3501	1765	14.909	9	535	16	58	9	3	1.05764e+06	5.45911e-05	0.2681	
10930	385	2995	21.5892	26.5135	1877	16.0891	9	535	15	55	27	5	1.04586e+06	5.89797e-05	0.2133	
10723	394	3012	20.2061	21.2262	1806	18.8183	9	532	16	58	17	4	1.09877e+06	5.45316e-05	0.2409	
11113	400	3014	22.26	26.3121	1900	15.5133	8	535	15	67	19	3	1.02272e+06	5.72213e-05	0.2595	
11304	391	3016	23.6373	26.0248	1821	16.7668	10	525	15	73	32	3	1.00344e+06	5.7169e-05	0.3182	
11407	396	3016	22.616	25.5532	1852	18.1422	10	525	19	83	19	3	1.00705e+06	5.52395e-05	0.3473	
11306	364	3050	20.1885	22.809	1846	15.7677	8	531	19	57	56	4	1.08242e+06	5.27426e-05	0.3036	
11400	400	3015	22.8145	26.1617	1870	16.2518	10	525	14	73	31	3	1.00127e+06	5.60978e-05	0.3369	
10837	386	3050	20.1463	22.4256	1808	16.666	9	530	19	68	18	4	1.09086e+06	5.42505e-05	0.2629	
11018	400	3002	20.4099	28.7556	1857	15.5276	10	535	17	73	19	3	1.04143e+06	5.98767e-05	0.2078	
11072	400	2987	21.6003	23.3164	1808	18.1949	8	534	5	60	24	5	1.04938e+06	5.5063e-05	0.284	
11016	400	3034	22.5617	23.3164	1795	15.7745	9	534	3	60	18	5	1.03894e+06	5.52273e-05	0.2948	
11412	400	3035	22.8145	26.5861	1852	16.9895	10	524	15	69	19	3	999629	5.61577e-05	0.3382	
10811	385	3033	16.7677	22.4532	1784	18.0569	7	532	20	71	36	4	1.19209e+06	5.43242e-05	0.2096	
11449	395	3046	22.8145	23.9475	1845	16.2518	10	526	12	67	20	3	1.01403e+06	5.3183e-05	0.3564	
11115	396	3012	23.0046	25.3413	1852	16.9288	10	535	13	68	25	4	1.01846e+06	5.70679e-05	0.2681	
11184	370	3040	18.3681	23.9146	1813	16.6696	8	534	16	60	60	5	1.1229e+06	5.4339e-05	0.2406	
10864	400	3036	20.7547	22.0493	1818	16.1751	8	530	17	55	36	3	1.07575e+06	5.47795e-05	0.2474	
10881	362	3028	15.422	20	1801	18.5727	6	535	13	58	34	3	1.28162e+06	5.10204e-05	0.2603	
10942	400	3050	21.3681	24.3606	1808	16.4407	9	535	3	59	10	5	1.05157e+06	5.55741e-05	0.261	
10684	400	3020	19.4847	26.9211	1765	18.5611	8	534	15	61	20	4	1.09003e+06	6.01323e-05	0.1473	
11400	391	3006	23.1419	26.5678	1777	16.6552	10	527	15	73	32	3	999346	5.70972e-05	0.319	
11016	400	3034	22.5617	23.3164	1791	17.216	9	534	3	60	18	5	1.03866e+06	5.53342e-05	0.2891	
11110	341	3045	18.1962	20.0078	1837	18.5804	7	534	16	67	20	4	1.16874e+06	4.9729e-05	0.3242	
10846	389	3050	16.3715	21.6865	1794	15.872	10	535	18	65	32	5	1.20672e+06	5.26898e-05	0.2229	
11016	389	3034	18.5088	20.8806	1826	15.7745	7	534	17	57	70	5	1.14379e+06	5.35045e-05	0.2379	
10994	380	2963	19.8653	21.4014	1763	17.319	8	534	17	57	19	5	1.09787e+06	5.31152e-05	0.2839	
10426	392	3039	18.6164	26.9211	1843	18.5611	8	535	4	57	8	4	1.12954e+06	6.07165e-05	0.1277	
11301	397	2950	22.8144	30	1845	14.1119	10	527	15	73	19	4	992909	6.15006e-05	0.2691	
10587	400	3033	21.1324	26.9211	1843	18.5611	8	534	5	59	6	4	1.06676e+06	6.0698e-05	0.1788	
11229	400	3035	23.2601	30	1772	17.757	6	534	5	62	8	6	1.0035e+06	6.14968e-05	0.2405	
11500	396	3016	22.8145	28.7556	1786	16.6293	9	534	13	75	26	4	992169	5.85823e-05	0.2821	
11110	333	3050	19.9408	23.0421	1843	18.5804	7	535	16	63	16	4	1.1081e+06	5.28039e-05	0.281	
10587	400	3033	21.1324	26.5124	1837	18.5611	8	534	16	59	6	4	1.06761e+06	6.03646e-05	0.1651	
10225	307	3044	17.0156	23.5448	1748	17.9959	7	529	17	55	2	5	1.25551e+06	5.81125e-05	0.1142	
11322	395	3020	22.8145	24.4962	1845	15.9093	9	531	12	73	19	3	1.01489e+06	5.45643e-05	0.3212	
11264	391	3016	23.6373	26.0248	1821	16.7432	10	525	15	74	32	3	1.00452e+06	5.74185e-05	0.3127	
10966	383	3019	18.36	20.4411	1800	15.7745	8	534	7	60	21	5	1.14386e+06	5.10908e-05	0.3034	
10864	385	3017	15.2572	21.6771	1730	15.1824	7	533	9	71	25	3	1.2654e+06	5.21921e-05	0.2446	
10396	346	3026	15.7929	21.8651	1708	15.2324	5	532	20	56	24	4	1.29325e+06	5.59003e-05	0.1408	
10881	320	3006	16.5603	20.3104	1871	18.0973	9	535	7	57	13	4	1.24276e+06	5.06432e-05	0.301	
10787	380	2959	19.8653	25.4582	1756	17.0259	7	534	17	57	20	5	1.08895e+06	5.84898e-05	0.1921	
11296	370	3016	21.2054	21.5994	1781	18.7205	10	524	20	78	21	3	1.0641e+06	5.17679e-05	0.3631	
11342	392	2992	20.2087	28.677	1788	15.3967	9	535	16	61	20	3	1.03226e+06	5.82106e-05	0.236	
11016	400	3034	18.3257	22.9838	1786	15.1582	5	534	15	57	29	5	1.12625e+06	5.31406e-05	0.2665	
11272	349	3042	16.8296	24.3614	1730	14.3266	6	534	15	58	9	3	1.16999e+06	5.18215e-05	0.2734	
11173	337	3022	15.2572	22.9051	1730	15.4368	7	534	9	71	19	4	1.268e+06	5.1023e-05	0.2809	
11500	377	3032	23.2756	22.4269	1845	16.9643	10	524	15	72	18	3	1.02549e+06	5.19346e-05	0.4127	
11331	355	3030	15	23.0652	1804	16.4585	7	533	5	68	17	4	1.23856e+06	4.6503e-05	0.4213	
11113	400	3028	22.26	26.1687	1900	16.3915	7	535	13	66	25	3	1.0256e+06	5.71135e-05	0.2574	
11369	396	2992	19.3235	27.5987	1798	15.3967	8	535	15	61	23	3	1.05197e+06	5.64462e-05	0.2484	
11400	391	3002	24.8523	28.2325	1804	16.3304	10	525	20	70	43	4	984455	6.00962e-05	0.3003	
11400	391	3016	23.1419	26.0248	1804	16.6552	10	525	15	73	32	3	1.0016e+06	5.63444e-05	0.3362	
11295	373	3015	21.7732	22.4399	1845	17.0537	4	530	12	66	37	3	1.06295e+06	5.28513e-05	0.3387	
10587	392	3033	21.7856	26.9211	1850	18.5526	10	535	19	59	25	4	1.06047e+06	6.20463e-05	0.1452	
10966	375	3043	16.4703	23.0643	1781	14.8219	6	535	11	63	14	6	1.19921e+06	5.22248e-05	0.2577	
11144	399	3004	22.2344	21.6145	1754	17.8719	9	535	20	69	21	4	1.0454e+06	5.33732e-05	0.3105	
11018	400	3016	20.349	28.7556	1857	16.6552	10	535	15	73	19	3	1.04324e+06	5.97372e-05	0.2074	
11173	337	3029	15.2572	22.8643	1730	15.0293	7	534	9	71	19	4	1.26858e+06	5.09009e-05	0.2813	
10722	353	3046	18.4132	21.0215	1743	17.0571	8	535	15	59	19	3	1.15712e+06	5.32283e-05	0.2383	
10587	392	3036	18.4105	24.4817	1815	18.5611	6	535	4	57	14	3	1.13483e+06	5.70809e-05	0.1764	
11016	400	3034	22.6076	23.3164	1791	16.9903	9	534	3	60	22	4	1.03698e+06	5.5457e-05	0.2864	
10950	400	2987	19.9141	20.8008	1805	16.7973	7	532	20	57	15	3	1.09395e+06	5.2356e-05	0.2867	
11155	391	3002	15	21.6771	1738	15.2472	9	532	8	68	34	4	1.26436e+06	5.06329e-05	0.2958	
10893	400	3021	24.7023	29.9322	1740	15.3862	9	532	17	73	20	4	1.00842e+06	6.46663e-05	0.2093	
10966	383	3019	18.36	20.4411	1800	15.7745	8	534	7	60	21	5	1.14386e+06	5.10908e-05	0.3034	
11072	400	3039	21.6003	23.1154	1824	18.1949	8	534	7	60	15	5	1.05118e+06	5.4057e-05	0.2905	
10587	392	3040	18.4105	24.6454	1843	18.5611	6	535	4	57	14	3	1.13414e+06	5.71265e-05	0.1782	
11367	400	3034	21.0443	23.3164	1821	15.1195	9	534	6	61	18	5	1.04524e+06	5.21567e-05	0.343	
10587	382	3039	24.1606	27.7979	1752	17.6832	6	535	15	55	8	4	1.04181e+06	6.40205e-05	0.1556	
11203	400	3050	19.7242	23.0088	1808	17.1741	9	532	10	55	26	5	1.07552e+06	5.24549e-05	0.3149	
11061	385	3034	21.4868	27.6366	1761	16.3525	9	532	19	70	33	3	1.03536e+06	5.93085e-05	0.2243	
10587	392	3037	21.1894	26.9211	1843	18.5526	8	535	17	59	8	4	1.06864e+06	6.08717e-05	0.1578	
11171	398	3001	21.1702	21.2198	1754	15.0134	7	526	17	67	7	3	1.06422e+06	5.16636e-05	0.3616	
11399	400	3025	22.0505	28.7556	1859	16.6552	10	535	11	73	19	3	999321	5.82242e-05	0.2741	
11399	400	3026	22.0505	21.1508	1861	16.0279	10	535	11	73	19	3	1.03938e+06	5.06303e-05	0.413	
11485	394	3005	20.2061	21.852	1798	18.0033	8	533	19	70	75	3	1.06817e+06	5.23505e-05	0.3303	
10720	392	2990	18.9181	24.0772	1873	16.3533	8	534	18	59	9	3	1.1104e+06	5.59942e-05	0.2099	
11113	382	3012	23.7978	26.1687	1839	18.8132	9	535	11	65	27	3	1.01256e+06	5.8596e-05	0.2543	
10696	352	3042	18.213	23.1113	1724	18.4081	6	532	16	56	33	4	1.16329e+06	5.60444e-05	0.1813	
11500	400	3007	21.0241	22.6985	1843	18.7159	5	534	19	73	66	3	1.05107e+06	5.27454e-05	0.3405	
11048	400	3034	18.0375	22.9838	1795	15.1383	5	535	15	57	41	5	1.13558e+06	5.33163e-05	0.2474	
10200	400	2995	23.5449	29.4328	1854	18.5077	6	511	9	60	65	4	1.07552e+06	5.24549e-05	0.3149	
10537	380	2972	19.8653	26.6712	1756	17.319	5	534	17	57	19	4	1.10394e+06	6.15839e-05	0.1254	
10766	394	3039	19.0343	26.9296	1806	16.6576	8	533	9	63	14	5	1.09725e+06	5.85789e-05	0.1828	
10524	392	2993	18.9181	24.0772	1809	16.3533	6	534	18	61	22	3	1.12919e+06	5.82785e-05	0.1626	
10923	356	2995	17.5789	27.3753	1823	16.7621	9	535	7	57	2	4	1.02634e+06	6.1222e-05	0.2078	
11091	385	3016	18.5088	20.9556	1813	15.6486	5	534	17	61	27	4	1.13414e+06	5.10438e-05	0.306	
11247	396	3007	20.1169	25.138	1899	18.832	6	535	17	55	22	3	1.05586e+06	5.45227e-05	0.2891	
11481	354	3042	16.056	20.3033	1768	15.6921	8	535	8	57	20	3	1.22017e+06	4.70124e-05	0.4056	
10825	379	3034	19.4812	20.8806	1804	15.1328	6	534	8	57	29	5	1.12721e+06	5.30673e-05	0.2654	
11086	400	3016	22.229	28.2177	1845	16.6552	9	535	15	73	19	3	1.01742e+06	5.96161e-05	0.2479	
10978	400	3034	20.0129	23.3164	1795	15.7745	9	534	3	60	26	5	1.0777e+06	5.43242e-05	0.2759	
11254	373	3028	17.5702	23.7147	1723	19	8	535	17	58	4	3	1.13149e+06	5.19696e-05	0.2763	
11417	397	3016	22.8144	22.639	1857	16.4639	7	534	15	70	30	3	1.02678e+06	5.26067e-05	0.3574	
10878	394	2966	21.6618	23.2901	1817	17.3172	7	533	16	59	41	5	1.06347e+06	5.7346e-05	0.2247	
10837	381	3039	20.1463	22.4256	1808	17.8087	9	530	19	68	24	4	1.09326e+06	5.46866e-05	0.2523	
11086	400	3016	22.0505	28.7556	1852	16.6552	10	535	15	73	19	3	1.01634e+06	6.01178e-05	0.235	
11263	392	3020	22.674	24.4962	1845	15.0002	9	534	12	60	25	3	1.01882e+06	5.49602e-05	0.2977	
11301	400	3025	22.8144	23.2631	1810	16.3283	8	534	15	68	19	3	1.0214e+06	5.35992e-05	0.3213	
11399	400	3026	20.7613	21.1508	1811	14.8533	10	535	11	73	19	3	1.05565e+06	5.00551e-05	0.3636	
11110	298	3045	18.1962	20.0078	1866	18.5804	7	534	17	67	20	4	1.20407e+06	4.96672e-05	0.3252	
11016	400	3034	22.5617	23.3164	1791	16.7798	9	534	3	60	18	5	1.03883e+06	5.53036e-05	0.2905	
11016	393	3029	18.8508	20.1845	1781	15.7745	6	535	16	60	17	5	1.13073e+06	5.06303e-05	0.3072	
10494	349	3042	18.213	24.4843	1724	18.4081	7	532	16	56	33	5	1.17255e+06	5.90598e-05	0.1305	
11285	400	3047	22.8145	23.8718	1864	16.5735	10	527	15	73	31	3	1.0188e+06	5.42711e-05	0.3302	
11380	395	3016	15	22.5079	1852	17.0718	10	534	12	75	28	4	1.24346e+06	4.96426e-05	0.3233	
10590	392	3015	18.6164	22.4013	1853	18.5611	8	534	9	55	10	4	1.13638e+06	5.51968e-05	0.2085	
10930	392	2992	20.2087	23.2962	1815	15.3967	7	535	15	61	21	3	1.0765e+06	5.48757e-05	0.2469	
10900	400	3050	21.054	23.3164	1808	18.8118	9	535	3	60	18	5	1.06442e+06	5.51694e-05	0.254	
11395	383	3049	19.5934	22.9312	1846	17.4539	8	534	18	62	23	4	1.07726e+06	5.10282e-05	0.3387	
10907	400	3041	21.9852	26.9211	1843	18.5611	8	534	5	61	6	4	1.03651e+06	5.87682e-05	0.2339	
10426	397	3039	18.4262	26.4635	1843	19	8	535	4	57	8	5	1.13657e+06	6.01938e-05	0.1271	
11392	327	3046	15.2567	20	1836	16.8714	6	533	17	71	2	4	1.16955e+06	5.09217e-05	0.2942	
10141	400	3041	17.6843	22.4667	1859	15.9135	6	535	5	56	12	5	1.20432e+06	5.83431e-05	0.1402	
10776	389	3018	20.2061	24.7238	1853	18.544	10	531	19	61	16	3	1.07717e+06	5.70972e-05	0.2136	
10587	392	3036	18.6164	27.4386	1831	18.2495	8	535	14	57	2	3	1.11351e+06	5.98874e-05	0.1362	
10950	385	2992	21.5876	26.978	1886	16.7621	8	532	19	56	20	3	1.04109e+06	5.90877e-05	0.2217	
11016	389	3038	17.3136	20.8806	1794	15.7745	7	534	17	57	29	5	1.16955e+06	5.09217e-05	0.2942	
10938	400	3034	20.9705	23.3164	1799	15.1195	10	534	3	60	26	5	1.06305e+06	5.50691e-05	0.2675	
10749	396	3012	21.9719	29.9322	1775	16.736	8	524	20	59	8	5	1.03893e+06	6.39632e-05	0.1767	
11399	400	3026	22.0505	20.7212	1886	16.0279	10	535	11	73	19	3	1.04482e+06	5.0226e-05	0.4212	
11209	366	3009	22.4199	28.817	1776	15.6644	6	535	17	66	62	3	1.02634e+06	6.1222e-05	0.2078	
11306	400	3016	20.2061	26.2182	1820	18.0033	8	533	19	67	69	3	1.04891e+06	5.71233e-05	0.2367	
10936	390	3046	19.5559	20.8806	1811	16.1869	6	534	13	58	29	5	1.11548e+06	5.22931e-05	0.2762	
11073	392	2992	20.2087	27.5987	1837	15.3967	8	535	17	61	21	3	1.04922e+06	5.83431e-05	0.2151	
11068	400	3047	20.7547	21.5546	1782	16.1575	9	530	17	55	44	3	1.06853e+06	5.32141e-05	0.2878	
11115	396	2991	22.8145	25.4803	1852	16.9288	10	534	13	62	25	4	1.01904e+06	5.73493e-05	0.2606	
10587	400	3033	21.1324	26.5124	1838	18.5611	8	534	16	59	6	4	1.06763e+06	6.0361e-05	0.1652	
10811	385	3033	16.7677	22.4532	1784	17.3727	7	532	20	71	36	4	1.19196e+06	5.42711e-05	0.211	
11138	377	3050	20.8864	20.2933	1866	14.909	8	535	16	60	51	3	1.08718e+06	5.18403e-05	0.3091	
10715	326	3034	15.8125	22.2095	1711	16.3847	7	534	18	61	25	5	1.27537e+06	5.38155e-05	0.1857	
11414	368	3050	19.1834	23.2788	1710	17.9321	9	535	18	81	19	5	1.08904e+06	5.15225e-05	0.3225	
10587	400	3030	19.7523	26.9211	1843	18.922	8	535	5	59	6	4	1.09009e+06	6.0042e-05	0.1654	
11399	400	3041	22.0505	21.1508	1861	16.0279	10	535	11	73	19	3	1.03969e+06	5.04999e-05	0.413	
11123	400	2987	22.26	26.1687	1888	18.8132	8	534	13	65	47	4	1.02648e+06	5.85069e-05	0.2452	
11048	400	3034	18.0375	22.6045	1795	15.1383	5	534	15	57	41	5	1.13798e+06	5.29661e-05	0.2605	
11380	396	3016	21.7609	28.7556	1852	16.6552	10	534	13	74	25	4	1.00683e+06	5.84317e-05	0.2645	
10837	386	3050	20.1463	22.4256	1820	16.666	9	530	19	68	18	4	1.09088e+06	5.42211e-05	0.2649	
11119	400	3034	22.0516	24.3656	1795	15.7745	6	533	3	60	18	4	1.03905e+06	5.51907e-05	0.2937	