10333	308	3033	15	20.1997	1850	19	5	533	14	55	20	4	1.37876e+06	5.42417e-05	0.1592	
10234	398	2990	20.9186	28.1567	1707	18.5581	6	528	13	55	21	4	1.10036e+06	6.67111e-05	0.0929	
11500	400	3044	22.3289	20	1839	15.3191	6	530	10	65	7	3	1.05703e+06	4.88926e-05	0.4533	
11500	391	3003	24.8523	28.2325	1788	18.9191	10	530	19	57	43	3	979343	5.98982e-05	0.2867	
11500	336	3035	15.1547	20.1018	1835	14.2892	7	533	8	58	5	3	1.28813e+06	4.59074e-05	0.439	
10068	391	3033	23.3307	28.3758	1718	17.8504	6	525	17	55	19	3	1.08782e+06	6.98861e-05	0.1058	
10365	364	3046	24.7842	29.2444	1761	19	8	532	10	58	17	4	1.0585e+06	6.84838e-05	0.1362	
10257	391	3021	23.3307	28.3758	1718	18.0304	6	525	16	55	19	4	1.07088e+06	6.77828e-05	0.1149	
10333	308	3035	15.2615	20.5569	1827	18.96	7	535	14	58	13	4	1.35431e+06	5.44692e-05	0.1552	
10363	358	3021	15	20.1018	1827	17.244	7	533	10	55	20	5	1.34509e+06	5.39433e-05	0.1771	
10333	308	3030	15	20.1018	1827	19	7	533	17	55	13	4	1.37549e+06	5.39345e-05	0.1738	
10333	308	3035	15.1235	20.1018	1827	18.96	8	533	16	56	19	4	1.36723e+06	5.43124e-05	0.16	
10894	400	3042	24.6342	29.8201	1708	17.7702	10	533	16	60	37	3	1.0073e+06	6.51763e-05	0.177	
10378	400	3008	22.6017	26.267	1749	18.5427	9	533	12	57	56	4	1.07596e+06	6.61201e-05	0.109	
10333	357	3038	15.1235	20.1018	1827	18.96	7	533	14	57	12	4	1.33684e+06	5.39054e-05	0.181	
10333	308	3035	15.1235	20.5569	1827	18.96	7	535	13	58	13	4	1.36368e+06	5.4407e-05	0.1538	
10333	335	3033	15	20.1867	1818	19	7	533	14	55	20	4	1.35928e+06	5.43685e-05	0.1568	
10333	368	3016	15	20.1018	1827	19	7	533	14	55	20	4	1.34278e+06	5.44366e-05	0.1601	
10340	339	3031	21.01	28.3643	1708	14.8117	5	534	19	55	24	4	1.11409e+06	6.54836e-05	0.0993	
10609	399	3042	24.9812	29.8201	1708	17.3055	5	533	16	62	37	3	1.03186e+06	6.77553e-05	0.1471	
10652	345	3030	25	28.2925	1761	19	8	532	10	58	48	4	1.04745e+06	6.64275e-05	0.1529	
10756	337	2982	22.2317	29.7508	1741	17.6469	8	535	13	55	24	6	1.06128e+06	6.49688e-05	0.1388	
11473	346	3042	16.4959	20.1352	1829	15.008	6	535	9	58	8	3	1.21107e+06	4.65354e-05	0.4215	
11065	339	3042	15	20.0922	1836	15.7807	6	534	12	64	5	4	1.31392e+06	4.81533e-05	0.3518	
10697	400	3010	22.0505	28.8556	1852	15.8471	6	535	15	55	22	3	1.04434e+06	6.32711e-05	0.1561	
11289	362	3044	15.6372	20	1823	16.1021	6	535	15	67	6	4	1.25278e+06	4.71654e-05	0.384	
10652	364	3030	25	29.2444	1761	19	8	532	10	58	48	4	1.03763e+06	6.74627e-05	0.142	
10098	375	3040	17.0156	23.9852	1741	16.405	7	529	19	55	8	5	1.2306e+06	6.01323e-05	0.0966	
10652	350	3031	24.7342	28.8589	1751	19	7	535	10	63	51	4	1.04876e+06	6.69478e-05	0.1475	
11288	305	3050	15	21.3369	1777	16.0543	9	533	9	69	11	5	1.31626e+06	4.83606e-05	0.3504	
10677	385	2992	20.9621	28.9803	1815	17.0359	8	532	19	57	14	3	1.05928e+06	6.30398e-05	0.1443	
11370	335	3043	15.2572	21.0958	1727	15.4641	8	535	9	68	28	4	1.2739e+06	4.84449e-05	0.3409	
10587	382	3039	24.1606	27.7979	1752	17.6832	8	535	13	55	8	4	1.03893e+06	6.40287e-05	0.1592	
10481	345	3017	24.7551	28.2925	1761	19	8	532	10	58	31	4	1.05928e+06	6.72179e-05	0.1417	
10234	398	3010	20.9186	26.0377	1708	18.2091	6	528	11	55	24	4	1.10629e+06	6.42137e-05	0.1145	
10225	315	3044	15.6192	22.7726	1770	17.9959	7	535	17	61	2	5	1.32475e+06	5.70288e-05	0.1152	
11500	368	3042	16.4959	20	1772	14.9579	8	534	8	61	2	3	1.19212e+06	4.63328e-05	0.444	
11317	337	3043	15	20.1018	1860	16.1021	6	535	11	64	5	4	1.30577e+06	4.67705e-05	0.3953	
11088	362	3023	16.1917	20.1018	1835	16.7955	6	535	18	64	5	4	1.22915e+06	4.86784e-05	0.3345	
11473	343	3050	16.3658	20	1779	14.8294	8	535	8	56	14	3	1.21548e+06	4.65962e-05	0.4194	
10299	400	3035	15.1235	20.1018	1774	14.6615	7	533	14	56	12	4	1.32218e+06	5.39782e-05	0.1741	
10823	399	3042	24.6342	29.8201	1708	17.7702	6	533	16	60	37	3	1.01616e+06	6.57073e-05	0.1685	
10519	381	2987	20.3236	28.9136	1708	14.8675	8	531	8	56	24	4	1.08578e+06	6.44579e-05	0.1287	
11500	377	3029	21.8504	22.7229	1768	17.945	8	528	19	64	19	3	1.03927e+06	5.1701e-05	0.3803	
11500	398	2999	24.4126	25.7364	1732	15.8479	8	526	13	74	16	3	989012	5.6392e-05	0.377	
11483	400	3029	23.2756	20	1768	18.2362	10	528	17	74	19	4	1.03723e+06	5.03449e-05	0.4525	
11500	400	3027	15.36	20	1772	15.9655	8	535	8	57	12	3	1.2371e+06	4.63865e-05	0.4183	
11452	374	3019	18.3125	20	1852	14.9303	8	528	15	61	4	3	1.13399e+06	4.73037e-05	0.4057	
10459	354	3011	19.4809	27.971	1751	18.321	8	535	14	55	8	3	1.11623e+06	6.26999e-05	0.1052	
10264	391	3033	23.3307	28.3758	1761	17.8504	6	525	17	55	18	3	1.06798e+06	6.73718e-05	0.1186	
10793	342	3046	15	21.0738	1765	17.7051	5	535	20	64	24	4	1.31884e+06	5.18565e-05	0.2096	
10559	400	3034	18.0448	21.8651	1708	16.9922	8	535	16	57	24	4	1.15901e+06	5.5537e-05	0.1824	
10075	400	3046	17.908	22.6682	1747	18.4694	7	533	14	55	16	4	1.20301e+06	6.02047e-05	0.1026	
10827	296	3021	15	20.0871	1705	17.9152	7	534	18	63	25	5	1.35566e+06	5.13242e-05	0.2447	
11399	400	3026	22.0505	20.3115	1849	18.0611	10	534	16	66	19	4	1.04951e+06	5.01253e-05	0.4008	
10333	335	3033	15	20	1818	19	6	533	14	55	16	3	1.35704e+06	5.39433e-05	0.1716	
10333	400	3035	15.1235	20.1018	1827	18.96	7	533	14	56	12	4	1.32026e+06	5.38561e-05	0.1846	
10497	368	3021	15	20.1018	1816	17.244	7	533	15	55	20	5	1.33124e+06	5.29745e-05	0.1967	
10333	308	3050	15.1235	20.1317	1827	18.84	7	533	15	56	12	4	1.36678e+06	5.37403e-05	0.1822	
10257	387	3021	23.3307	28.0476	1733	18.0304	6	528	16	55	6	4	1.07074e+06	6.68092e-05	0.1228	
10408	400	3027	22.6017	26.8618	1817	19	9	531	5	58	56	3	1.06987e+06	6.59239e-05	0.1295	
11500	336	3028	15.2222	20.1018	1782	14.2892	7	535	8	57	5	3	1.28167e+06	4.61021e-05	0.425	
11500	400	3044	17.3589	20	1827	16.8967	7	526	12	61	2	3	1.15311e+06	4.66418e-05	0.4496	
11481	354	3023	15.9665	20.3033	1768	15.6921	8	535	8	57	14	3	1.22369e+06	4.69726e-05	0.4074	
10519	381	2987	20.3236	28.9136	1708	14.928	6	533	15	56	10	4	1.08753e+06	6.39427e-05	0.1206	
11500	336	3035	15.1547	20	1793	14.2892	7	533	8	58	5	3	1.28814e+06	4.59263e-05	0.4368	
10234	400	3002	20.9495	28.1567	1708	18.2091	6	528	11	56	24	4	1.10059e+06	6.668e-05	0.0985	
11380	396	3022	15	22.5079	1852	16.6552	10	534	12	75	28	4	1.24366e+06	4.95638e-05	0.3239	
11289	362	3043	15	20	1823	16.1021	6	535	15	64	3	4	1.28973e+06	4.68845e-05	0.3869	
10333	368	3035	15.1235	21.221	1827	18.96	6	535	13	58	13	4	1.3268e+06	5.49269e-05	0.1371	
10413	340	3042	19.7914	27.3365	1773	18.4694	6	530	13	56	19	5	1.12979e+06	6.25939e-05	0.1119	
10652	345	3030	25	28.2925	1741	19	8	532	10	58	48	4	1.04743e+06	6.64938e-05	0.1512	
10246	368	3035	15.1235	21.221	1827	18.96	6	535	13	58	13	4	1.33448e+06	5.57103e-05	0.1248	
10289	346	3026	20.8918	29.0942	1708	14.7926	5	532	16	55	11	4	1.1122e+06	6.60851e-05	0.1003	
10873	380	3008	25	29.2444	1815	19	7	533	10	59	51	4	1.01803e+06	6.56426e-05	0.1744	
11183	368	3043	15.2572	20	1713	15.6786	8	535	9	68	35	3	1.26681e+06	4.89692e-05	0.3323	
10893	393	3035	22.458	30	1731	15.3862	7	535	19	60	22	3	1.02652e+06	6.34478e-05	0.1638	
10652	350	3031	24.7342	28.8589	1751	19	7	535	10	63	54	3	1.04776e+06	6.70826e-05	0.1462	
10225	353	3044	17.4922	23.7767	1748	16.0689	8	535	17	55	3	5	1.20883e+06	5.85686e-05	0.11	
11285	400	3012	19.2551	20	1899	17.1034	8	535	19	55	49	4	1.10728e+06	5.02033e-05	0.3315	
11170	337	3045	15	20.1884	1836	15.8598	6	533	15	60	5	4	1.30911e+06	4.76077e-05	0.37	
10225	315	3036	16.0051	22.7726	1770	17.9959	7	535	17	59	2	5	1.3024e+06	5.71461e-05	0.1075	
11422	400	3040	15.48	20	1802	14.5335	6	532	12	55	2	4	1.24174e+06	4.62599e-05	0.4219	
10602	382	3039	24.1543	27.7979	1752	17.2923	8	535	15	59	21	4	1.03999e+06	6.42921e-05	0.1578	
11285	397	3018	18.6547	20	1868	17.9584	6	535	11	56	7	3	1.11989e+06	4.84707e-05	0.3658	
11086	400	3016	22.7567	30	1775	15.9334	10	535	15	56	19	3	1.00561e+06	6.24025e-05	0.1954	
11500	368	3031	19.4582	20.1043	1899	17.0128	6	534	20	58	5	4	1.11319e+06	4.75263e-05	0.3991	
10396	400	3038	18.0448	21.8651	1708	17.1692	8	535	16	57	24	4	1.17211e+06	5.69314e-05	0.1498	
11500	380	3044	20.6306	20.0779	1839	14.3513	6	535	12	61	7	3	1.08518e+06	4.79893e-05	0.4254	
11174	395	3023	18.2152	20	1839	15.6016	7	535	12	61	7	4	1.13758e+06	4.87995e-05	0.349	
11325	337	3043	15	20.1018	1836	16.1021	6	535	12	64	5	4	1.30479e+06	4.67836e-05	0.3964	
10950	362	3043	15	20.1018	1840	16.1021	6	535	11	64	5	4	1.30396e+06	4.88663e-05	0.3261	
10862	341	3050	17.8556	20.0078	1837	18.5804	7	535	16	67	20	4	1.1889e+06	5.12216e-05	0.28	
10225	363	3044	17.1058	23.7767	1765	16.0977	7	533	17	55	10	5	1.22129e+06	5.86717e-05	0.0999	
10396	339	3026	21.01	29.0942	1708	14.8117	5	534	19	55	24	4	1.10695e+06	6.58415e-05	0.1011	
11452	374	3031	15.1588	20	1871	15.3191	7	534	15	59	12	3	1.26444e+06	4.62406e-05	0.421	
11500	400	3044	21.3303	20	1839	14.8631	6	532	12	61	7	3	1.06738e+06	4.83209e-05	0.4459	
10396	339	3026	21.01	29.0942	1823	15.0109	5	535	19	55	24	4	1.10571e+06	6.55222e-05	0.1054	
11500	391	3018	22.8144	30	1840	14.1119	10	528	15	72	19	3	987943	5.97872e-05	0.2823	
10075	400	3046	17.908	22.4402	1764	18.4694	7	532	12	56	16	4	1.20321e+06	5.99377e-05	0.1103	
11229	380	3035	23.2601	30	1772	17.757	6	535	5	64	39	6	1.0116e+06	6.20925e-05	0.2244	
10715	326	3027	15	21.6609	1705	16.3847	7	534	18	61	25	5	1.32827e+06	5.31632e-05	0.1947	
10684	400	3019	19.4847	26.9211	1775	18.5611	8	534	15	61	20	4	1.08991e+06	6.01106e-05	0.1481	
10580	392	3038	18.6164	26.9432	1831	18.5611	7	535	16	55	4	4	1.11848e+06	5.9499e-05	0.1294	
11088	372	3043	15	20.1018	1860	16.1021	6	534	7	61	5	4	1.29444e+06	4.79501e-05	0.3617	
11464	354	3027	16.4959	20.3115	1772	15.0197	8	535	10	57	5	3	1.19763e+06	4.69087e-05	0.4118	
10519	381	2987	20.1163	27.3438	1708	14.928	6	533	14	56	24	4	1.09736e+06	6.26135e-05	0.1256	
11500	368	3042	16.4959	20	1772	14.9579	8	534	8	57	2	3	1.19235e+06	4.62984e-05	0.4425	
10575	346	3026	20.8918	29.0942	1753	19	5	531	16	55	11	4	1.08922e+06	6.38407e-05	0.1191	
11001	334	2994	15.4875	21.6771	1730	16.5199	8	535	9	61	15	4	1.26888e+06	5.10908e-05	0.2733	
11076	400	3044	17.3589	20	1839	15.3191	6	533	12	61	7	3	1.16617e+06	4.87805e-05	0.3428	
11170	337	3050	15	20.0733	1845	15.2492	6	533	15	60	7	4	1.31126e+06	4.74789e-05	0.3713	
11500	336	3028	15.2222	21.1765	1782	14.2892	7	535	8	56	4	3	1.27119e+06	4.69903e-05	0.3975	
10881	315	3041	16.5603	20	1845	17.7921	8	535	9	57	17	4	1.25284e+06	5.02917e-05	0.2998	
10547	346	3017	15	21.8651	1761	15.1301	5	533	20	56	24	4	1.33029e+06	5.43272e-05	0.1671	
11229	380	3035	23.2601	30	1772	17.757	6	535	5	64	43	6	1.01169e+06	6.21929e-05	0.2224	
11293	388	3044	22.2649	29.6464	1809	16.6552	9	535	11	59	16	3	1.00566e+06	5.99916e-05	0.2317	
11410	327	3039	18.3959	20.1865	1882	14.7726	6	535	20	58	3	4	1.16716e+06	4.73934e-05	0.3726	
10901	392	3046	22.4731	28.6802	1827	16.3817	8	534	15	57	19	5	1.03123e+06	6.14062e-05	0.2016	
10697	400	3010	22.0505	28.8556	1852	15.617	7	535	15	55	24	3	1.04289e+06	6.33433e-05	0.156	
11173	337	3022	15.2572	22.3773	1730	16.231	6	535	11	72	14	4	1.27257e+06	5.04363e-05	0.2833	
11500	393	3024	24.9732	26.7494	1732	17.3373	10	524	13	74	16	3	981226	5.76568e-05	0.3753	
11288	337	3050	15.588	21.3369	1787	16.0704	9	533	18	67	27	4	1.25215e+06	4.90124e-05	0.329	
11500	400	3016	24.8835	22.7757	1872	14	10	524	18	70	19	3	1.0027e+06	5.32425e-05	0.4168	
11183	367	3035	15	21.0351	1727	15.465	8	535	9	68	35	4	1.28008e+06	4.97413e-05	0.299	
10494	340	3001	17.9216	21.6126	1724	18.6296	6	535	16	56	33	4	1.20042e+06	5.67022e-05	0.1534	
10921	388	3041	15.7525	21.6771	1721	18.0616	6	535	8	68	21	3	1.23292e+06	5.17411e-05	0.2573	
11495	400	3043	20.1635	23.0837	1878	18.0197	5	509	4	76	25	4	1.14481e+06	5.41506e-05	0.22	
10378	393	3046	22.6017	26.267	1749	19	7	527	11	57	41	4	1.07462e+06	6.46078e-05	0.1305	
10874	387	3002	15.2572	22.3271	1732	14.7461	7	535	12	72	20	4	1.26112e+06	5.26177e-05	0.2301	
10333	308	3033	15	20.1997	1827	19	7	533	14	55	20	4	1.37704e+06	5.43567e-05	0.1576	
10947	399	3016	20.349	28.7556	1857	16.6552	5	535	19	64	31	3	1.05526e+06	6.06208e-05	0.1775	
11110	341	3045	18.1962	20.0078	1837	18.6695	7	534	16	67	17	4	1.16824e+06	4.96253e-05	0.3268	
10951	332	3023	15.4966	23.8279	1805	16.3009	8	535	12	66	3	4	1.25959e+06	5.25514e-05	0.233	
10750	356	3026	15.7929	21.5706	1715	15.0972	5	535	16	63	20	3	1.25894e+06	5.26954e-05	0.2139	
10723	394	3012	20.2061	24.0666	1806	18.2026	10	532	16	58	17	4	1.08166e+06	5.70613e-05	0.205	
10225	363	3044	17.0156	23.2184	1753	16.0977	7	529	17	55	8	5	1.22662e+06	5.79374e-05	0.1192	
11500	368	3042	16.4959	20	1772	15.008	8	534	6	57	8	4	1.19614e+06	4.64554e-05	0.4333	
11174	400	3044	17.3589	20	1839	15.3191	6	533	12	61	5	3	1.16199e+06	4.81765e-05	0.3586	
11410	313	3036	18.9056	20.9831	1899	17.9192	6	535	20	58	5	4	1.15451e+06	4.84801e-05	0.3556	
10479	308	3035	18.077	21.5218	1827	19	7	535	12	58	8	4	1.21065e+06	5.48878e-05	0.1921	
10592	308	3035	15.6974	20.3489	1802	18.1478	7	533	18	56	12	4	1.31188e+06	5.22439e-05	0.2304	
11086	400	3016	22.0505	29.7946	1852	15.6516	10	535	15	73	19	3	1.0133e+06	6.13121e-05	0.2156	
11414	400	3034	19.5682	20.9831	1898	17.0128	6	534	20	60	5	4	1.0894e+06	4.86997e-05	0.365	
11380	400	3026	21.4707	22.2019	1793	16.6552	10	528	15	73	37	3	1.04082e+06	5.20616e-05	0.3639	
10930	381	3029	15.4547	21.6771	1746	17.351	7	535	15	56	33	4	1.25636e+06	5.20021e-05	0.2338	
10441	392	3027	22.4727	26.0943	1749	19	9	532	5	58	56	3	1.07246e+06	6.48887e-05	0.1251	
10580	392	3011	18.6164	27.0965	1831	18.5611	7	535	14	55	7	4	1.11776e+06	6.00528e-05	0.13	
11381	381	3032	21.5275	20.4613	1844	15.2714	9	528	15	64	10	5	1.06908e+06	4.96648e-05	0.4231	
11500	336	3035	15.6808	20.2379	1856	14.2892	6	535	11	60	5	3	1.25755e+06	4.61233e-05	0.4245	
10467	339	3039	20.8918	29.0942	1708	14.7926	5	534	16	57	18	4	1.10304e+06	6.46831e-05	0.1126	
10921	388	3029	15.7356	21.6771	1737	18.0616	6	535	8	68	21	4	1.23593e+06	5.18108e-05	0.257	
11500	380	3004	18.8271	20.8238	1865	18.1158	9	532	15	57	9	4	1.10681e+06	4.83793e-05	0.39	
11019	400	3029	15.2572	22.8643	1700	15.0293	6	534	9	68	10	4	1.24732e+06	5.15119e-05	0.2563	
10378	400	3027	22.6017	26.267	1749	19	9	534	5	57	56	4	1.07642e+06	6.58848e-05	0.1114	
10225	379	3044	17.1434	23.1457	1774	17.9959	7	532	17	56	2	5	1.21585e+06	5.77701e-05	0.1219	
10750	356	3026	15.715	21.8651	1708	15.0972	5	535	16	64	23	3	1.26222e+06	5.31011e-05	0.2018	
11414	397	3018	19.5682	20.9831	1900	17.0425	7	533	20	60	5	4	1.08859e+06	4.88448e-05	0.3673	
10587	400	3017	18.8996	26.9211	1775	18.5611	8	535	15	61	20	4	1.11056e+06	6.06355e-05	0.1318	
10808	369	3034	18.5088	20.8806	1829	15.7745	6	534	19	55	29	4	1.15163e+06	5.27704e-05	0.2462	
10519	393	2987	19.663	27.3438	1724	14.928	6	533	14	56	24	4	1.10213e+06	6.23364e-05	0.1239	
10652	399	3039	22.5742	25.2267	1802	17.8855	8	535	15	58	13	4	1.05006e+06	5.96694e-05	0.1898	
11233	351	3002	15	21.8861	1738	15.2472	9	532	9	71	18	4	1.27679e+06	4.98082e-05	0.3134	
11500	368	3031	19.4582	20	1899	16.7104	7	534	20	58	5	4	1.11147e+06	4.74316e-05	0.4019	
11229	400	3035	23.2601	30	1772	17.757	6	534	5	62	8	6	1.0035e+06	6.14968e-05	0.2405	
11400	400	3016	23.1987	21.6309	1848	16.2518	10	525	15	78	8	3	1.02583e+06	5.16849e-05	0.4321	
11073	392	2992	20.2087	27.5987	1837	15.969	9	535	17	61	43	3	1.05065e+06	5.91716e-05	0.197	
11331	383	3046	15.4966	21.8308	1804	15.7696	8	534	14	66	11	4	1.22749e+06	4.86192e-05	0.3434	
10923	356	3033	17.5789	22.6762	1878	16.4257	10	534	18	58	15	3	1.15845e+06	5.25045e-05	0.2631	
11500	400	3044	17.3589	20	1839	15.3191	6	526	12	61	7	3	1.15589e+06	4.66179e-05	0.4427	
10893	393	2996	23.1064	29.9322	1731	19	7	535	20	60	33	3	1.0204e+06	6.48298e-05	0.1548	
11500	400	3044	17.3589	20	1827	16.8967	6	526	12	61	7	3	1.1541e+06	4.67486e-05	0.4481	
11380	392	3030	23.6347	30	1798	16.9643	10	527	16	83	19	3	986458	6.08939e-05	0.277	
10669	392	3024	21.5224	26.9211	1843	18.9889	8	535	4	57	8	5	1.05906e+06	6.05254e-05	0.1861	
10747	393	3004	23.1064	26.439	1754	15.3862	8	535	18	60	21	3	1.03433e+06	6.11434e-05	0.1865	
11113	372	2984	23.7978	26.1687	1839	19	9	535	11	58	28	5	1.01839e+06	5.90702e-05	0.2462	
10846	385	2966	19.5914	27.3753	1871	16.7621	10	534	20	59	15	3	1.07284e+06	5.94071e-05	0.1807	
10824	385	3000	20.9621	29.0825	1815	16.7621	8	532	19	57	14	4	1.05095e+06	6.20155e-05	0.1645	
10396	354	3026	15.7929	20.5576	1708	15.0972	5	534	16	57	13	5	1.29606e+06	5.41155e-05	0.1782	
10519	374	2987	20.3236	25.9769	1708	18.5517	6	535	14	56	24	4	1.10161e+06	6.1565e-05	0.1269	
10921	381	3029	15.8029	21.6771	1746	17.351	7	535	7	60	21	4	1.2344e+06	5.16529e-05	0.2593	
11493	387	3041	20.2956	20.5349	1764	15.4704	6	534	15	66	9	3	1.0813e+06	4.85673e-05	0.4028	
11500	398	3002	24.0736	26.7494	1728	14.8865	10	526	13	74	16	3	983556	5.72312e-05	0.3496	
10652	350	3023	24.7342	28.8589	1751	17.7535	7	535	10	63	54	3	1.0475e+06	6.70556e-05	0.151	
11235	350	3004	18.7833	20.7294	1887	18.456	6	535	15	60	3	4	1.13904e+06	4.94218e-05	0.3477	
10333	376	3021	15	20.1018	1825	17.244	7	533	15	55	28	5	1.34361e+06	5.47525e-05	0.1569	
10587	400	3039	23.4799	27.7979	1752	17.278	8	535	14	59	8	4	1.03972e+06	6.34196e-05	0.1621	
10462	368	3042	17.9084	21.2498	1768	18.4901	8	532	14	55	25	5	1.18688e+06	5.5639e-05	0.1801	
11003	337	3050	15	21.6771	1795	15.2472	9	532	18	70	27	5	1.30122e+06	5.09243e-05	0.2623	
10664	400	3014	18.0375	21.9503	1788	15.9703	5	534	16	57	27	5	1.1599e+06	5.47795e-05	0.2078	
11105	349	3042	16.8296	24.7788	1719	14	6	534	17	56	8	3	1.17461e+06	5.31096e-05	0.2385	
10610	349	3042	18.0744	24.2008	1724	18.4081	6	532	16	56	33	4	1.16951e+06	5.77301e-05	0.152	
10659	373	3040	16.5009	23.8853	1783	18.3906	9	535	1	68	14	4	1.20479e+06	5.53802e-05	0.1909	
11469	400	3017	22.5682	27.356	1725	16.6552	10	525	16	69	4	3	998024	5.70321e-05	0.3187	
10893	393	3035	23.1064	29.9322	1731	15.3862	7	535	19	60	22	3	1.02074e+06	6.37308e-05	0.1755	
10587	400	3045	23.4799	27.7979	1752	17.278	8	535	14	59	13	4	1.04005e+06	6.35364e-05	0.1569	
11500	400	3050	18.37	20	1827	16.8967	6	526	11	61	7	3	1.1253e+06	4.70876e-05	0.4361	
11422	400	3044	22.2605	20	1778	14.5335	6	532	11	58	7	3	1.0579e+06	4.93437e-05	0.4407	
11264	400	3047	16.6441	20	1868	17.9584	6	535	12	65	14	3	1.18522e+06	4.78332e-05	0.3701	
10697	400	3016	22.0505	28.7556	1852	15.617	8	535	15	55	16	3	1.04132e+06	6.28615e-05	0.1627	
11473	354	3042	16.4959	20	1772	15.1621	7	535	7	58	8	3	1.20429e+06	4.65766e-05	0.4273	
11493	377	3041	20.8787	20.5349	1766	15.4704	6	532	15	66	9	3	1.07754e+06	4.88544e-05	0.4087	
11187	396	3016	23.7515	25.3413	1852	16.6552	10	534	17	68	25	4	1.00814e+06	5.70321e-05	0.2784	
10091	390	3050	18.9674	20	1731	18.0164	8	532	0	56	18	5	1.18408e+06	5.8099e-05	0.1421	
10929	328	3008	19.3558	22.8395	1867	15.5676	7	534	19	62	10	3	1.12961e+06	5.34331e-05	0.2611	
11016	400	3048	15	21.1264	1795	15.6643	4	534	17	67	29	4	1.28264e+06	5.03728e-05	0.2679	
11264	400	3016	25	26.0248	1821	16.7176	10	535	20	74	32	3	990501	5.82513e-05	0.2746	
10537	380	2972	19.8653	26.6712	1756	17.319	5	534	17	57	19	4	1.10394e+06	6.15839e-05	0.1254	
11088	362	3027	16.1917	20.1018	1835	16.7955	6	535	7	64	5	4	1.23145e+06	4.85861e-05	0.3481	
11125	373	3010	17.6435	25.6444	1723	19	8	535	17	60	4	3	1.12364e+06	5.48396e-05	0.2283	
11500	336	3035	15.6808	20.2379	1834	14.2892	7	534	8	58	5	3	1.255e+06	4.61723e-05	0.4297	
10547	346	3017	15	21.8651	1755	15.1301	5	533	20	56	24	4	1.33049e+06	5.43419e-05	0.1669	
11233	337	3002	15	21.6771	1738	15.2472	9	532	18	71	18	4	1.28556e+06	4.96796e-05	0.305	
11500	397	2999	24.4126	26.7494	1732	15.8479	10	526	11	77	12	3	981784	5.74548e-05	0.3697	
11125	373	2973	17.6435	25.6444	1808	19	8	535	17	60	4	3	1.12144e+06	5.48787e-05	0.2271	
11016	391	3034	19.5398	20.6145	1795	15.9662	6	535	4	57	29	4	1.11274e+06	5.15943e-05	0.3046	
11500	400	3037	22.8145	25.8624	1761	17.2971	10	524	14	68	12	4	1.00064e+06	5.51815e-05	0.3539	
10935	330	2991	15	21.8651	1761	15.1301	5	533	20	58	24	4	1.31279e+06	5.17277e-05	0.2373	
11500	368	3042	16.4959	20	1772	15.008	8	534	6	57	8	3	1.193e+06	4.64403e-05	0.4363	
10410	358	3032	16.5724	22.2095	1712	17.5773	7	534	18	58	25	5	1.24392e+06	5.66636e-05	0.1339	
10587	351	3017	19.4847	27.5416	1824	18.8019	8	535	17	55	7	4	1.10989e+06	6.0957e-05	0.1246	
11500	374	3042	16.7022	20	1772	15.008	8	534	6	57	8	4	1.18421e+06	4.65224e-05	0.437	
10917	340	3005	15	21.917	1763	17.5586	7	535	12	67	18	3	1.29847e+06	5.1792e-05	0.2417	
11329	378	3050	19.5305	20.775	1843	18.5804	7	535	16	67	3	4	1.10106e+06	4.90581e-05	0.3537	
11030	400	3050	16.3715	21.6865	1817	17.3426	10	533	16	55	34	5	1.19453e+06	5.13901e-05	0.2705	
10546	394	3040	17.1564	24.6454	1843	18.0972	6	534	8	57	14	3	1.17592e+06	5.68925e-05	0.1557	
10256	318	3042	18.9674	26.0579	1767	18.4081	8	535	8	56	7	5	1.17334e+06	6.16485e-05	0.1013	
11016	400	3034	17.5725	22.9838	1786	15.1582	5	534	12	57	29	5	1.14936e+06	5.28262e-05	0.2631	
11293	381	3022	16.8937	23.4208	1757	14.5609	8	533	16	60	8	4	1.15369e+06	5.08932e-05	0.3025	
10750	337	3026	15.7929	21.8651	1708	15.0972	5	534	16	64	20	3	1.2677e+06	5.29661e-05	0.211	
11088	362	3050	15	20.1018	1836	16.1021	7	534	7	64	5	4	1.29693e+06	4.798e-05	0.3612	
11169	334	3050	15	20.7227	1787	17.7245	9	532	18	70	13	5	1.3008e+06	4.87329e-05	0.333	
11399	400	3026	22.0505	20.3115	1849	15.4103	10	534	16	66	19	3	1.04679e+06	4.99451e-05	0.4047	
11088	362	3050	15.7368	20.1018	1836	16.1021	6	535	7	64	5	4	1.25551e+06	4.81974e-05	0.3529	
10494	349	3042	18.213	24.3973	1801	16.8056	6	535	18	56	33	4	1.17087e+06	5.86166e-05	0.1282	
11088	362	3021	16.1917	20	1835	16.7955	6	535	18	64	5	4	1.23022e+06	4.86145e-05	0.3351	
10958	377	3034	19.6612	22.7845	1856	16.7418	6	529	19	55	2	4	1.09982e+06	5.29045e-05	0.2814	
11105	349	3042	17.4358	24.7788	1719	14.3266	6	534	15	58	9	3	1.15224e+06	5.34017e-05	0.242	
11407	397	3018	18.6547	20	1868	17.9584	6	535	10	56	7	3	1.11727e+06	4.78377e-05	0.3834	
11500	400	3044	17.3589	20	1849	15.5392	6	526	12	61	7	3	1.15628e+06	4.66048e-05	0.438	
11169	337	3050	15	21.6771	1794	15.2472	9	532	18	65	27	5	1.29371e+06	4.97611e-05	0.2937	
11487	364	3004	17.9196	20.775	1899	15.9367	6	535	14	60	2	4	1.14682e+06	4.75805e-05	0.3835	
10824	385	2992	20.9621	28.957	1815	16.7621	8	532	19	57	14	3	1.04945e+06	6.19272e-05	0.1674	
10993	383	3034	16.4948	21.3801	1844	15.4134	5	534	17	63	23	4	1.20491e+06	5.08673e-05	0.2913	
11210	388	3012	23.7978	25.626	1888	18.6573	8	535	18	65	28	3	1.00971e+06	5.73066e-05	0.2709	
11483	377	3032	22.5799	22.4269	1768	17.9554	10	524	17	73	19	3	1.03307e+06	5.19561e-05	0.3854	
10166	276	3050	18.8396	24.5417	1731	18.4081	8	535	5	55	19	5	1.2259e+06	6.15347e-05	0.0976	
11016	400	3027	17.4424	23.4615	1814	15.1895	6	534	15	57	29	3	1.14221e+06	5.32056e-05	0.2478	
11353	347	3025	18.0107	20.1551	1887	19	6	535	17	55	3	4	1.16186e+06	4.78813e-05	0.3634	
11500	397	3032	23.9866	26.0248	1816	16.1938	8	525	15	56	24	4	994475	5.60758e-05	0.3449	
10482	339	3030	15.7929	21.8651	1708	15.0972	5	534	16	57	23	4	1.28954e+06	5.50509e-05	0.1509	
11356	312	3028	15	20.1018	1782	14.2892	7	533	9	57	2	3	1.3205e+06	4.66331e-05	0.4093	
11431	354	3047	15.6539	20	1779	14.8294	7	534	8	56	21	3	1.24868e+06	4.67771e-05	0.4156	
11500	368	3044	16.7891	20	1772	15.2761	8	534	8	57	2	3	1.17993e+06	4.63994e-05	0.4468	
11169	387	2974	25	29.7508	1741	18.1362	6	535	8	64	24	6	999369	6.36254e-05	0.2367	
10715	326	3034	16.4093	21.7779	1711	16.3847	7	533	18	62	25	5	1.24785e+06	5.36481e-05	0.2008	
11333	354	3040	16.4959	20	1827	14.8105	7	535	6	56	8	3	1.2096e+06	4.71076e-05	0.3961	
11142	391	3036	19.5934	22.1275	1838	17.4539	7	534	18	62	23	4	1.0904e+06	5.18968e-05	0.2957	
11500	391	3032	23.9866	26.0248	1816	16.1938	10	525	15	56	32	3	992644	5.6224e-05	0.3447	
10974	371	3043	16.9475	20.1018	1855	16.1021	6	534	7	64	7	4	1.20154e+06	4.93535e-05	0.3333	
10970	389	3050	15.4075	21.6865	1817	17.1533	9	534	16	70	34	4	1.24872e+06	5.16662e-05	0.247	
10524	392	3000	16.6224	23.9548	1873	16.3533	7	535	18	59	4	3	1.1982e+06	5.60507e-05	0.1612	
11025	393	3025	20.0088	26.77	1849	18.5611	10	532	15	59	16	4	1.05862e+06	5.73592e-05	0.2322	
11170	337	3045	15	20.1884	1845	15.2492	6	533	15	60	5	4	1.31019e+06	4.75489e-05	0.3696	
10587	351	3017	19.4847	26.9211	1775	18.7448	8	535	17	55	18	4	1.11439e+06	6.08976e-05	0.12	
11473	400	3034	19.7118	22.7697	1768	15.6939	8	535	8	57	26	3	1.06444e+06	5.07949e-05	0.3577	
11392	335	3025	15.2567	20	1836	16.8714	7	533	15	70	5	4	1.28561e+06	4.67246e-05	0.414	
10396	400	3034	18.0448	21.8651	1708	16.9922	8	535	16	57	24	4	1.17195e+06	5.69541e-05	0.1503	
10294	385	2986	20.406	27.3201	1717	16.4739	7	532	20	56	20	3	1.10571e+06	6.47543e-05	0.1014	
11128	400	3034	19.4812	21.3859	1789	15.9703	6	535	6	57	29	5	1.10023e+06	5.15278e-05	0.3164	
11500	400	3038	18.2504	20	1829	15.2429	6	526	12	57	8	3	1.12844e+06	4.70301e-05	0.4344	
10877	388	3050	19.6281	22.8449	1829	15.7461	8	533	19	57	56	4	1.1028e+06	5.57041e-05	0.2063	
11289	362	3043	15	20	1823	15.6329	6	535	15	64	3	3	1.28709e+06	4.68406e-05	0.389	
11350	336	3035	15.159	20.0292	1835	14.2892	7	533	8	58	5	3	1.29242e+06	4.65549e-05	0.4116	
11473	370	3037	19.7118	20	1800	15.6939	8	535	14	57	26	3	1.09945e+06	4.83419e-05	0.393	
11064	351	3002	15.1304	22.1617	1720	15.2472	7	535	9	73	16	4	1.27617e+06	5.10673e-05	0.2688	
10874	387	3005	15.2572	22.3271	1732	14.7461	7	535	12	72	15	4	1.26044e+06	5.23615e-05	0.2332	
11422	400	3044	22.2605	20	1802	14.5335	6	532	12	59	7	3	1.05847e+06	4.92829e-05	0.4352	
11030	377	3050	16.3715	21.6865	1817	17.3426	9	533	16	55	34	5	1.2057e+06	5.13743e-05	0.27	
11169	337	3050	15	21.6771	1788	15.2472	6	535	18	70	27	6	1.30039e+06	4.98728e-05	0.2833	
11317	400	3042	15.2567	20	1854	15.8424	5	533	13	73	9	3	1.25463e+06	4.69616e-05	0.4091	
11223	333	3050	19.5305	20.775	1850	18.3856	7	535	16	67	16	4	1.13115e+06	4.99775e-05	0.3337	
11016	389	3034	18.5088	20.8806	1826	15.7745	7	534	17	57	70	5	1.14379e+06	5.35045e-05	0.2379	
11209	369	3007	22.449	30	1760	17.8498	6	535	17	66	66	4	1.02471e+06	6.30279e-05	0.1873	
11238	380	3034	21.468	22.9312	1884	18.2976	8	534	12	60	26	4	1.05458e+06	5.29914e-05	0.3092	
11500	377	3035	23.2756	22.4269	1746	16.9643	10	524	15	73	17	3	1.02518e+06	5.21839e-05	0.3919	
11384	332	3020	15.4966	23.8279	1805	16.3009	8	535	13	66	3	4	1.24045e+06	5.02563e-05	0.3018	
10124	336	3047	19.1741	21.5111	1749	18.4694	5	534	10	56	11	4	1.19034e+06	5.87579e-05	0.1272	
10166	276	3050	18.8396	24.5219	1724	18.4081	8	535	6	55	19	5	1.22633e+06	6.15536e-05	0.0974	
11230	396	3016	22.8145	25.3413	1852	16.6552	10	534	13	68	25	4	1.0151e+06	5.61577e-05	0.2857	
10974	400	2974	25	29.7508	1741	18.1362	6	535	8	67	24	5	1.00454e+06	6.48635e-05	0.2123	
11392	326	3025	15.2567	20	1836	16.8714	8	532	15	65	5	4	1.29136e+06	4.66875e-05	0.4115	
10664	400	3037	18.7224	21.9503	1788	15.2533	5	534	16	57	27	5	1.14115e+06	5.48246e-05	0.2106	
11144	399	3004	22.2344	21.6145	1754	17.8719	9	535	20	69	21	4	1.0454e+06	5.33732e-05	0.3105	
10494	349	3001	17.9216	21.6126	1724	18.6291	6	535	16	56	33	4	1.19618e+06	5.67022e-05	0.1535	
10091	390	3045	18.9674	24.5417	1731	17.5685	8	533	0	56	19	5	1.16502e+06	6.23558e-05	0.1063	
10462	368	3043	17.9084	20.0338	1768	18.4901	6	532	5	56	9	5	1.19557e+06	5.36826e-05	0.2167	
10652	399	3025	22.5742	25.2267	1802	18.4153	8	535	15	57	45	4	1.05475e+06	6.13497e-05	0.1567	
11470	380	2998	22.8689	20	1811	17.1444	10	535	20	71	19	3	1.0456e+06	5.0221e-05	0.4135	
11086	400	3016	22.0505	29.7946	1739	15.6516	10	531	15	76	19	3	1.01334e+06	6.1717e-05	0.2114	
10333	380	3035	15	20.1018	1827	19	7	533	14	56	12	4	1.33525e+06	5.38184e-05	0.1813	
10587	392	3039	18.6164	22.3944	1843	18.5611	8	534	20	57	41	4	1.14514e+06	5.67408e-05	0.1597	
11329	355	3050	15.4966	22.3215	1784	16.4585	7	533	5	63	17	5	1.24465e+06	4.9249e-05	0.3331	
11105	392	3011	22.449	29.1561	1760	15.6644	6	535	16	66	18	3	1.01725e+06	6.10016e-05	0.2191	
11473	382	3005	24.8523	28.2325	1751	16.3304	8	532	19	70	43	3	984613	5.973e-05	0.2847	
10196	315	3044	15.6192	22.0669	1770	17.9959	7	535	19	62	2	5	1.33104e+06	5.66797e-05	0.1162	
11288	337	3050	15.0183	21.3369	1787	16.0704	9	533	18	69	27	5	1.28878e+06	4.89189e-05	0.3181	
11429	335	3015	15.6451	21.6771	1727	15.1972	8	535	9	67	35	4	1.24511e+06	4.91763e-05	0.3336	
10575	346	3026	21.0288	30	1734	14.7926	5	534	16	55	11	4	1.08567e+06	6.47543e-05	0.1171	
11124	343	2994	15.2572	22.0222	1706	15.1824	8	535	9	71	23	3	1.26607e+06	5.09684e-05	0.2772	
10590	392	3026	19.2764	22.4013	1843	17.6816	8	535	18	55	10	4	1.11943e+06	5.54508e-05	0.1889	
11016	400	3048	15	21.1264	1795	15.6643	4	534	14	64	29	4	1.28326e+06	5.03119e-05	0.272	
11486	397	3018	18.2973	20	1868	17.9584	6	535	11	56	7	4	1.12761e+06	4.73216e-05	0.3948	
11285	400	3047	22.8145	23.8718	1864	16.5735	10	527	15	73	31	3	1.0188e+06	5.42711e-05	0.3302	
11380	400	2998	22.8689	20.6287	1848	16.764	10	533	15	56	19	3	1.03582e+06	5.11169e-05	0.3884	
10630	354	3029	16.5483	22.2095	1760	17.5078	5	534	20	64	6	3	1.2254e+06	5.38155e-05	0.2043	
10824	385	2992	21.2153	28.957	1815	16.7621	8	532	19	57	14	3	1.04584e+06	6.20617e-05	0.1709	
11500	400	3027	17.0668	20	1772	16.1213	8	535	15	57	12	3	1.15513e+06	4.69528e-05	0.4193	
11317	400	2996	20.0265	20	1797	15.3191	8	529	12	59	7	3	1.08394e+06	4.91352e-05	0.3927	
10697	391	3042	24.212	29.8201	1708	17.3055	7	533	16	62	37	3	1.02916e+06	6.6454e-05	0.1542	
10942	400	3029	15.2572	22.8643	1730	15.0293	7	534	9	71	19	4	1.25029e+06	5.23204e-05	0.2422	
11413	381	3022	16.8937	23.4208	1761	14	8	533	16	62	17	3	1.14797e+06	5.04847e-05	0.3153	
10793	342	3046	15	21.0738	1758	17.7051	5	528	20	65	24	4	1.31988e+06	5.18457e-05	0.2371	
10225	366	3044	17.4922	23.7767	1748	16.0689	7	532	17	55	3	5	1.20422e+06	5.84932e-05	0.1159	
11399	400	3026	20.7613	21.1508	1811	14.8533	10	535	11	73	19	3	1.05565e+06	5.00551e-05	0.3636	
11410	327	3021	18.3959	20.1865	1899	17.0128	6	534	20	57	3	4	1.16467e+06	4.76281e-05	0.375	
11016	390	3034	18.5088	20.0227	1792	16.1741	6	534	8	56	18	4	1.13974e+06	5.02639e-05	0.3181	
10494	348	3042	18.213	24.4843	1761	15.7213	8	532	17	55	26	5	1.16733e+06	5.83397e-05	0.1331	
10261	396	3042	18.9674	26.6645	1762	18.4081	10	535	8	56	15	5	1.13736e+06	6.27668e-05	0.1019	
11434	368	3042	15.5661	20	1772	14.9579	8	534	9	57	2	3	1.24079e+06	4.63006e-05	0.4167	
10696	352	3042	18.213	23.1113	1724	18.4081	6	532	16	56	33	4	1.16329e+06	5.60444e-05	0.1813	
10587	392	3033	21.7856	25.2329	1850	18.5526	9	535	19	59	25	4	1.0651e+06	6.02991e-05	0.1582	
10294	389	2976	20.1214	27.3201	1735	18.2754	6	530	4	57	19	3	1.1092e+06	6.4512e-05	0.1131	
11073	371	2992	20.2087	27.5987	1837	15.3967	8	535	17	61	16	3	1.05681e+06	5.82004e-05	0.218	
10098	366	3044	17.0156	23.7767	1789	16.6707	7	529	17	55	8	5	1.23393e+06	5.97479e-05	0.0984	
11209	400	3009	22.449	29.1561	1763	15.6644	6	535	16	66	19	3	1.00895e+06	6.04303e-05	0.2285	
11500	396	3016	22.8145	24.6304	1797	15.8479	10	529	13	65	25	4	1.00651e+06	5.40833e-05	0.3596	
11107	392	2992	19.3235	27.5987	1808	15.3967	8	535	16	63	5	3	1.06367e+06	5.74218e-05	0.2154	
10825	379	3034	19.4812	20.8806	1804	15.1328	6	534	8	57	29	5	1.12721e+06	5.30673e-05	0.2654	
10124	336	3047	19.7546	21.5111	1734	18.4694	5	534	10	56	11	4	1.17752e+06	5.91366e-05	0.1223	
10723	400	3012	20.2061	24.0666	1774	18.2026	10	532	16	58	17	4	1.07976e+06	5.71559e-05	0.2079	
11500	354	3049	16.4959	20	1785	14.6746	7	535	6	57	12	3	1.20429e+06	4.64253e-05	0.4317	
11449	395	3046	22.8145	23.9475	1845	16.2518	10	526	12	67	20	3	1.01403e+06	5.3183e-05	0.3564	
10994	395	2993	18.5822	20.8249	1847	16.9493	6	535	16	55	45	4	1.13272e+06	5.25873e-05	0.2722	
11400	391	3002	24.8523	27.3929	1804	16.3304	10	525	19	83	21	3	985760	5.87924e-05	0.3381	
10479	308	3035	18.077	20.5569	1827	18.96	7	535	12	58	8	4	1.21723e+06	5.40891e-05	0.2036	
10256	396	3042	18.9674	26.6645	1762	18.4081	8	535	8	56	15	5	1.13955e+06	6.27392e-05	0.0989	
11500	400	3044	17.3589	20	1827	16.8967	8	526	12	63	2	3	1.15052e+06	4.66505e-05	0.4528	
10975	377	3046	19.1596	20.5647	1763	14.909	9	535	16	58	12	3	1.1155e+06	5.10022e-05	0.2969	
11113	400	3014	22.26	26.3121	1900	15.5133	8	535	15	67	19	3	1.02272e+06	5.72213e-05	0.2595	
10396	339	3026	15.7929	20.5576	1708	15.0972	5	534	16	57	20	4	1.30326e+06	5.4487e-05	0.1626	
11454	399	3012	23.6939	21.6754	1826	16.0146	10	524	12	75	17	3	1.01948e+06	5.19724e-05	0.4399	
10768	395	2995	22.4461	27.3753	1871	16.5643	10	534	17	55	21	4	1.03563e+06	6.14515e-05	0.1795	
11400	400	3016	22.5682	27.9205	1725	16.6552	10	525	16	69	4	3	998758	5.80046e-05	0.3011	
10426	391	3050	18.6164	23.8425	1804	18.9889	7	535	4	57	10	5	1.14635e+06	5.76735e-05	0.1589	
11088	371	3043	16.6691	20.1018	1836	16.1021	6	534	7	64	7	4	1.20757e+06	4.86287e-05	0.347	
11227	400	3025	22.9299	23.2631	1789	16.3283	8	534	14	66	19	3	1.02371e+06	5.418e-05	0.3111	
10750	356	3026	15.7929	22.2603	1708	15.0972	5	535	16	64	13	3	1.25338e+06	5.29942e-05	0.2097	
11263	395	3020	22.8145	24.4962	1845	15.9093	9	531	12	73	19	3	1.01714e+06	5.49089e-05	0.3141	
11169	391	3036	20.2153	22.1275	1838	17.4539	7	534	18	62	17	4	1.0786e+06	5.18484e-05	0.3021	
11088	365	3050	15.8405	20.1018	1836	16.1021	5	535	7	64	5	4	1.25051e+06	4.82207e-05	0.3512	
10930	385	2995	22.4461	26.8131	1871	16.5643	10	535	15	57	21	5	1.03247e+06	5.95948e-05	0.2138	
11203	400	3006	22.0505	28.7556	1852	15.617	8	535	13	55	16	3	1.00988e+06	5.95628e-05	0.243	
10424	392	2990	17.652	22.3974	1868	16.3575	7	532	18	57	5	3	1.1749e+06	5.5894e-05	0.1818	
11078	363	3045	18.1962	20.0078	1837	18.5804	7	534	16	69	22	4	1.15653e+06	5.002e-05	0.3195	
10827	362	3046	17.0357	20.5622	1836	16.1021	5	535	7	64	5	4	1.20844e+06	5.0656e-05	0.2948	
10493	385	2987	22.0318	27.3753	1896	16.996	8	535	20	57	25	3	1.0639e+06	6.37186e-05	0.1365	
11253	395	3020	22.8145	25.4378	1845	15.9093	9	531	12	55	19	3	1.01342e+06	5.5991e-05	0.2945	
10723	396	3003	21.9294	22.967	1817	18.7862	9	532	16	56	56	4	1.06862e+06	5.90458e-05	0.1888	
11095	400	3026	15	20.1018	1865	16.1361	6	534	7	61	5	4	1.28175e+06	4.80238e-05	0.3632	
11078	385	3010	25	27.3753	1846	15.8803	10	534	15	58	21	5	1.00279e+06	6.07165e-05	0.2432	
10853	366	3029	15.7356	21.6771	1737	18.0525	6	535	9	64	23	4	1.25106e+06	5.23259e-05	0.2335	
11402	391	3018	22.8144	30	1845	14.1119	10	528	15	61	15	3	991987	6.02119e-05	0.2697	
10494	389	3016	19.1403	24.2008	1724	17.8518	7	532	16	56	33	4	1.13062e+06	5.93789e-05	0.1347	
11473	346	3042	16.4959	20.5663	1829	15.008	6	535	9	58	4	3	1.20706e+06	4.67924e-05	0.4141	
11399	400	3026	22.0505	20	1849	18.0579	10	534	17	69	13	4	1.05357e+06	4.9724e-05	0.4109	
11169	400	2974	25	29.7508	1741	18.1362	6	535	8	68	24	5	993832	6.35163e-05	0.2383	
11380	396	3033	22.5211	22.5079	1852	16.6552	10	534	13	67	28	5	1.03052e+06	5.24136e-05	0.3455	
11411	313	3036	18.9692	20.9831	1899	17.0128	6	534	20	58	5	5	1.15635e+06	4.84614e-05	0.3608	
11370	335	3044	15.2572	21.6771	1727	15.4641	8	535	9	68	33	4	1.26988e+06	4.9099e-05	0.323	
10833	365	2990	16.7381	22.7989	1768	15.4405	9	533	20	55	37	3	1.19255e+06	5.45167e-05	0.2008	
10141	311	3050	20.0568	22.3411	1749	18.4694	5	535	8	56	12	5	1.18307e+06	5.98623e-05	0.1178	
11156	377	3050	18.4976	20.2933	1810	15.5405	9	535	16	58	18	4	1.13117e+06	4.94756e-05	0.3275	
10652	364	3030	25	29.2444	1761	18.7733	8	532	10	58	48	4	1.03761e+06	6.74354e-05	0.1428	
10950	385	2966	19.5914	27.3753	1872	16.7621	9	534	20	57	15	3	1.06716e+06	5.86889e-05	0.1959	
11113	400	3028	22.4031	26.1687	1900	16.3915	7	535	12	66	18	3	1.02359e+06	5.69833e-05	0.2641	
11262	383	2992	23.3223	29.8607	1715	15.4696	7	532	12	58	9	5	1.00438e+06	6.17665e-05	0.2388	
11500	400	3017	23.7864	24.2205	1841	15.9093	10	524	16	73	19	3	1.00116e+06	5.40307e-05	0.3708	
10587	400	3032	22.8779	26.6445	1811	17.8855	9	534	11	59	13	4	1.04591e+06	6.1885e-05	0.1762	
11462	382	3039	24.1606	27.7979	1764	17.9342	8	535	14	59	8	4	992159	5.80518e-05	0.2876	
10602	400	3016	19.4847	27.7653	1775	19	7	535	8	61	20	4	1.0949e+06	6.16713e-05	0.1355	
11335	400	2997	24.8523	28.2325	1751	16.3304	9	525	19	66	43	3	983206	6.07644e-05	0.2846	
11452	400	3040	17.3589	20	1840	15.6514	6	526	11	59	3	3	1.15665e+06	4.67683e-05	0.4295	
11174	400	3023	18.2152	20	1839	15.6672	7	535	12	61	2	3	1.13171e+06	4.86452e-05	0.3546	
11321	400	3039	23.4799	27.7979	1752	17.278	8	535	14	64	8	4	998095	5.84215e-05	0.269	
11301	400	3025	23.9729	24.5132	1810	16.3283	9	534	15	69	19	3	1.00247e+06	5.54754e-05	0.3074	
10758	400	3043	18.6164	26.6445	1831	18.5611	8	535	11	57	13	4	1.10495e+06	5.81666e-05	0.1658	
10748	392	3046	18.645	21.5201	1815	18.5611	6	535	4	64	14	3	1.13523e+06	5.32255e-05	0.2541	
10774	399	3031	16.1941	22.2212	1744	17.5773	7	534	18	64	32	5	1.21849e+06	5.39928e-05	0.194	
10722	347	3046	18.6447	21.0215	1743	17.0823	8	535	15	59	22	3	1.15476e+06	5.34845e-05	0.2343	
10809	365	3034	19.1098	20.278	1737	17.5773	6	535	18	64	25	4	1.14321e+06	5.28485e-05	0.2604	
11105	392	3009	22.449	29.1561	1760	15.6644	6	535	16	66	19	3	1.01712e+06	6.10426e-05	0.2185	
10680	308	3026	15.7233	21.4922	1749	18.1478	7	533	17	55	9	4	1.29505e+06	5.26926e-05	0.2189	
11400	400	3047	22.8145	22.0659	1864	16.6566	10	528	15	71	31	3	1.02691e+06	5.19886e-05	0.3861	
10494	349	3042	18.213	24.3973	1724	16.8056	6	535	16	56	33	4	1.17267e+06	5.88097e-05	0.1279	
11305	385	2999	19.6614	22.4256	1777	18.3106	8	534	19	64	14	5	1.08034e+06	5.15996e-05	0.3324	
11329	378	3050	19.5305	21.2604	1843	18.5804	7	535	16	67	3	4	1.09666e+06	4.9456e-05	0.348	
10950	385	2966	19.5914	27.3753	1871	16.7621	10	534	20	57	15	3	1.06618e+06	5.87061e-05	0.196	
11204	388	2990	21.2467	22.7989	1768	15.4405	10	532	20	55	17	4	1.04854e+06	5.33021e-05	0.3081	
10893	393	3007	23.1064	29.9322	1731	15.3862	7	535	20	60	17	3	1.01983e+06	6.391e-05	0.1775	
10979	400	3036	20.9621	28.957	1822	16.7621	8	532	15	57	8	3	1.03649e+06	6.02337e-05	0.1991	
10950	385	2966	19.9399	27.3753	1872	16.7621	9	534	20	56	15	3	1.06042e+06	5.8872e-05	0.1994	
10911	385	2978	25	27.3753	1846	16.7621	10	534	15	57	18	5	1.01094e+06	6.22587e-05	0.2237	
11500	400	3027	16.4959	20	1775	15.008	8	535	4	56	12	3	1.17874e+06	4.66461e-05	0.4309	
10911	385	2978	23.5202	27.3753	1846	16.7621	10	534	15	57	18	4	1.0191e+06	6.11808e-05	0.2082	
10818	391	3050	21.6003	23.4357	1808	18.1949	9	534	3	58	18	5	1.06259e+06	5.61136e-05	0.2454	
11204	387	3018	25	30	1751	18.1362	9	535	8	65	4	6	993637	6.28141e-05	0.2447	
10950	393	2994	21.7228	27.3753	1801	15.4197	6	535	17	55	37	3	1.03985e+06	6.03573e-05	0.1927	
11268	400	3027	20.1967	20.0333	1734	16.4079	7	535	16	73	2	4	1.08673e+06	4.94267e-05	0.3745	
10587	381	3044	22.2796	26.6445	1844	18.5611	9	535	6	59	12	4	1.05832e+06	6.1252e-05	0.1749	
10970	389	3050	16.5828	21.6865	1714	17.1533	9	534	16	70	34	4	1.18942e+06	5.22876e-05	0.2496	
11363	301	3033	18.3959	20.1865	1899	17.0128	6	534	20	56	4	4	1.189e+06	4.7792e-05	0.3688	
11400	395	3036	21.1283	23.3369	1869	15.7531	10	532	20	59	36	4	1.03899e+06	5.24191e-05	0.3265	
11016	400	3050	15	21.1264	1795	15.6643	4	534	4	64	29	5	1.28632e+06	5.02361e-05	0.2872	
10592	308	3035	15.6974	20.3489	1772	18.1478	7	533	18	56	12	4	1.31137e+06	5.23286e-05	0.2266	
11272	349	3042	16.8296	24.3614	1730	14.3266	6	534	15	58	9	3	1.16999e+06	5.18215e-05	0.2734	
11500	388	3041	15.6081	21.6771	1721	18.0616	6	535	9	61	21	3	1.21698e+06	4.83723e-05	0.3555	
10610	392	3020	18.6164	27.754	1831	16.4869	7	535	14	56	7	3	1.11252e+06	6.02736e-05	0.1385	
11399	400	3026	22.0505	21.1508	1859	16.6552	10	535	12	73	21	3	1.03979e+06	5.07202e-05	0.4038	
11267	339	3030	15.7929	22.7184	1708	15.2368	5	535	16	55	23	4	1.23924e+06	5.04999e-05	0.2892	
11333	370	3046	16.4959	20	1831	14.8105	7	535	4	60	8	3	1.20223e+06	4.70522e-05	0.3979	
10950	385	2992	21.5876	25.4438	1886	16.7621	8	532	19	57	15	3	1.04533e+06	5.72935e-05	0.2349	
11268	400	3027	20.1967	20.0333	1734	16.4079	8	534	16	73	2	4	1.08338e+06	4.94389e-05	0.3719	
11220	392	3001	20.2087	27.5987	1846	15.3967	8	535	17	61	21	3	1.0417e+06	5.73296e-05	0.2355	
11500	377	3029	21.8504	22.4269	1768	17.945	10	528	19	64	19	3	1.03752e+06	5.14589e-05	0.3815	
11491	364	3004	17.9196	20.775	1877	15.9367	6	535	14	60	2	4	1.14601e+06	4.76236e-05	0.3859	
11329	355	3050	15.0841	22.3215	1784	16.543	7	535	5	67	17	5	1.26897e+06	4.9169e-05	0.3204	
10936	390	3046	19.5559	24.7387	1792	16.1869	6	534	15	58	29	3	1.08765e+06	5.5816e-05	0.2255	
11209	347	3009	22.449	30	1760	17.5878	6	535	19	66	65	4	1.03499e+06	6.29564e-05	0.1858	
11149	400	3034	20.4394	26.5124	1843	19	8	534	16	60	6	4	1.04652e+06	5.6205e-05	0.2608	
10764	394	2998	21.9294	22.967	1816	18.7862	9	532	16	56	56	4	1.06646e+06	5.87786e-05	0.1953	
10587	400	3019	21.1324	26.77	1849	18.5611	10	532	17	59	6	4	1.06426e+06	6.07792e-05	0.1702	
11500	391	3018	22.8144	30	1840	14.1119	10	528	15	72	25	3	988226	5.98516e-05	0.2816	
11329	393	3050	19.0049	20.775	1843	18.5804	7	535	16	59	16	4	1.10733e+06	4.91763e-05	0.3483	
11380	391	2998	19.4709	21.3457	1855	15.9262	10	535	17	70	19	3	1.08083e+06	4.99176e-05	0.3523	
11422	400	3029	22.2605	20	1809	14.5335	6	532	14	59	7	3	1.05807e+06	4.93974e-05	0.4287	
11086	388	3005	22.0505	29.7946	1852	15.6516	10	535	15	67	22	3	1.01638e+06	6.15271e-05	0.2083	
10936	390	3046	19.5559	20.8806	1792	16.1869	6	534	13	58	29	5	1.11535e+06	5.23396e-05	0.2754	
10663	385	2992	22.0318	27.3753	1886	16.7621	8	532	19	59	15	3	1.05112e+06	6.17093e-05	0.1788	
11446	400	2986	22.5859	25.8624	1882	16.802	10	533	15	73	19	3	1.00177e+06	5.53526e-05	0.3216	
11500	377	3032	23.2756	22.4269	1845	16.9643	10	524	15	72	18	3	1.02549e+06	5.19346e-05	0.4127	
10935	365	2990	16.7381	22.7989	1815	15.1433	9	532	20	55	37	3	1.18619e+06	5.36136e-05	0.2275	
10627	390	3027	15	21.3895	1720	15.3034	7	533	11	64	9	6	1.3024e+06	5.26648e-05	0.2146	
11163	383	3003	25	28.2325	1794	16.3304	6	525	20	59	43	3	1.00081e+06	6.18582e-05	0.2531	
11284	336	3022	16.0631	22.3773	1720	16.231	7	535	9	73	19	4	1.22223e+06	5.02715e-05	0.3059	
11262	394	2992	23.9276	29.8607	1731	15.4696	7	532	12	58	9	5	996657	6.20463e-05	0.2469	
10950	382	2994	21.7228	27.4441	1792	15.4197	6	535	17	55	28	3	1.04206e+06	6.01214e-05	0.2	
10924	400	3010	21.5761	22.967	1796	16.9599	9	532	15	60	54	3	1.05732e+06	5.68473e-05	0.2364	
11173	366	3011	15.2572	22.9249	1730	15.4368	7	534	12	61	19	4	1.25181e+06	5.10491e-05	0.2764	
11169	387	2965	23.6741	29.7508	1741	17.6469	8	535	13	64	24	6	1.00415e+06	6.29327e-05	0.2201	
11264	354	3018	17.3589	20	1868	17.9584	6	535	12	62	7	3	1.18022e+06	4.80769e-05	0.3622	
11091	385	3012	18.5088	20.9556	1804	15.7745	5	534	17	60	14	3	1.13029e+06	5.0574e-05	0.3131	
11257	400	3046	21.6627	21.6788	1855	14.283	10	527	17	64	33	4	1.04916e+06	5.1878e-05	0.3571	
10587	392	3029	18.0535	24.6454	1796	18.5611	6	535	3	57	10	3	1.14362e+06	5.70288e-05	0.1725	
11494	400	3041	19.1637	20.6446	1814	15.008	7	530	17	59	23	3	1.09355e+06	4.83395e-05	0.405	
11169	337	3050	15.0183	21.6771	1787	16.0704	9	533	18	70	27	5	1.29083e+06	4.99226e-05	0.2864	
11117	341	3040	17.678	20.1865	1899	17.0128	6	535	20	58	6	4	1.18263e+06	4.88234e-05	0.3361	
11110	341	3045	18.1962	20.0078	1837	18.5804	7	534	16	67	19	4	1.16861e+06	4.96894e-05	0.325	
11267	339	3030	15.7929	22.8966	1708	15.7282	5	535	16	55	23	4	1.23781e+06	5.07048e-05	0.2861	
10587	400	3017	19.4847	26.9211	1775	18.5611	8	535	15	61	20	4	1.0972e+06	6.0905e-05	0.1326	
11331	383	3046	15.4966	21.8308	1804	15.7696	8	534	14	68	11	4	1.22738e+06	4.86263e-05	0.3442	
11473	382	3005	24.8523	28.2325	1751	16.3304	8	532	19	76	43	3	984283	5.9673e-05	0.2887	
11400	400	3016	22.5682	27.9205	1748	16.7367	10	525	16	66	4	3	998780	5.7924e-05	0.3038	
11312	400	2986	22.5859	25.8624	1882	16.8562	10	533	15	73	19	3	1.00742e+06	5.61041e-05	0.2981	
10494	349	3042	18.213	23.0072	1724	18.4081	8	532	16	56	36	5	1.17819e+06	5.78469e-05	0.1432	
10482	339	3021	15.7929	21.8651	1708	15.0972	5	534	17	57	23	4	1.28925e+06	5.51481e-05	0.1499	
11215	337	3044	16.0235	20	1854	17.6469	5	533	17	70	5	4	1.25474e+06	4.76963e-05	0.3683	
11422	399	3044	23.9791	20	1809	14.5335	7	528	10	59	7	3	1.04014e+06	5.03981e-05	0.422	
10740	328	3019	15.7929	21.8651	1708	15.0972	5	534	17	63	24	4	1.27792e+06	5.33333e-05	0.1989	
10256	318	3030	18.9674	26.0579	1767	18.5958	8	535	8	56	7	5	1.17284e+06	6.17971e-05	0.1005	
10225	307	3044	16.348	22.8527	1784	17.9959	7	529	17	58	14	5	1.29092e+06	5.77968e-05	0.1175	
11454	395	3012	23.6939	21.4223	1811	16.0146	10	524	12	75	17	3	1.0223e+06	5.17974e-05	0.439	
10900	400	3050	21.054	23.3164	1778	18.8118	9	535	3	55	18	5	1.06299e+06	5.5325e-05	0.2496	
10462	368	3042	17.9084	21.0048	1768	18.4901	9	532	5	55	9	5	1.18211e+06	5.45405e-05	0.2081	
10818	391	3050	21.6003	23.4357	1808	18.1949	9	534	4	58	18	5	1.06258e+06	5.61199e-05	0.2439	
11472	393	3014	19.951	27.5902	1871	17.311	10	534	17	55	18	3	1.03369e+06	5.58441e-05	0.2683	
10225	313	3044	15.6192	22.1528	1755	17.9959	7	529	17	61	4	5	1.328e+06	5.64366e-05	0.1274	
10225	368	3044	15.6192	22.1528	1755	18.2642	6	530	17	61	4	5	1.30012e+06	5.64557e-05	0.1227	
10225	363	3044	17.0156	23.7767	1748	16.0977	7	529	17	55	4	5	1.22327e+06	5.82785e-05	0.1131	
11500	356	3028	15.9219	20	1792	14.801	7	532	8	55	5	3	1.23078e+06	4.62342e-05	0.4401	
10482	323	3030	16.1884	21.8651	1725	15.0972	5	534	16	57	22	3	1.27489e+06	5.50812e-05	0.1514	
11500	354	3049	16.4959	20	1785	14.6746	7	535	6	57	14	3	1.20446e+06	4.6477e-05	0.4307	
11500	391	3023	23.8591	27.0806	1813	15.8477	10	534	5	68	32	5	990980	5.71527e-05	0.3218	
11072	400	3039	21.6003	23.1154	1824	18.1949	8	534	7	60	15	5	1.05118e+06	5.4057e-05	0.2905	
11032	379	3005	19.3223	21.9184	1758	16.2732	6	535	17	55	62	6	1.12071e+06	5.45554e-05	0.2295	
10627	390	3002	15	22.3047	1720	14.689	7	535	11	64	9	5	1.29581e+06	5.36625e-05	0.1852	
11449	395	3046	22.8145	23.5751	1871	17.0416	10	533	9	72	19	3	1.01504e+06	5.27204e-05	0.3522	
11333	354	3042	16.4959	20	1827	14.8105	7	535	6	57	8	3	1.20983e+06	4.70943e-05	0.3961	
11081	334	2994	15.4622	21.6771	1730	16.5199	8	535	9	61	14	4	1.26614e+06	5.0574e-05	0.2882	
10426	394	2986	17.1564	23.8672	1843	18.0972	6	534	8	57	14	3	1.18704e+06	5.76369e-05	0.1448	
11230	400	3038	22.8145	26.2429	1852	16.6552	10	534	13	67	14	4	1.01056e+06	5.65931e-05	0.2791	
11380	400	2998	24.2127	21.3457	1848	15.9262	8	535	17	70	19	3	1.02217e+06	5.24659e-05	0.3696	
10846	389	3050	16.3715	21.6865	1794	15.872	10	535	18	65	32	5	1.20672e+06	5.26898e-05	0.2229	
11500	354	3050	20.3797	20	1779	15.2447	8	535	9	56	20	3	1.0972e+06	4.82393e-05	0.4034	
11500	400	3031	19.4582	20.1043	1889	17.0128	6	534	20	58	5	4	1.09817e+06	4.75489e-05	0.3955	
10848	388	3050	20.6169	22.6285	1819	15.403	8	531	19	57	54	4	1.08536e+06	5.60884e-05	0.2218	
11426	361	3043	16.4959	20	1780	14.9579	8	534	8	57	2	3	1.19902e+06	4.66179e-05	0.4242	
10587	392	3036	18.4105	24.4817	1815	18.5611	6	535	4	57	14	3	1.13483e+06	5.70809e-05	0.1764	
10333	368	3016	15	20.1018	1827	19	7	533	14	55	21	4	1.34297e+06	5.44959e-05	0.1586	
11363	301	3033	18.3959	20.1865	1899	17.0128	7	534	20	56	4	4	1.18612e+06	4.78011e-05	0.3678	
11500	397	3016	22.7838	25.8624	1845	16.3441	10	524	13	67	19	4	1.00226e+06	5.51481e-05	0.3612	
10610	392	3039	18.6164	26.9211	1831	18.5611	8	535	13	55	7	3	1.1137e+06	5.93261e-05	0.1391	
10808	382	3039	22.2796	26.598	1840	18.5611	8	535	8	59	13	4	1.04465e+06	5.95877e-05	0.203	
11263	381	3009	23.4489	25.4964	1807	18.1853	8	534	17	55	22	4	1.01411e+06	5.68537e-05	0.276	
11128	400	3032	19.4812	20	1804	15.1328	9	535	6	57	34	4	1.10471e+06	5.05051e-05	0.33	
11473	370	3046	19.7118	20	1887	15.6939	8	535	8	57	31	3	1.10325e+06	4.81812e-05	0.3937	
10461	382	3013	16.1907	21.8651	1708	15.3528	5	532	20	56	24	4	1.25047e+06	5.55803e-05	0.1468	
10225	363	3044	17.0156	23.2184	1748	16.0977	7	529	17	55	11	5	1.22747e+06	5.81193e-05	0.1138	
11500	377	3016	23.2756	22.4269	1845	16.9643	10	524	15	72	19	3	1.02544e+06	5.20996e-05	0.4124	
10415	400	3042	20.6975	22.0833	1764	18.4694	7	535	13	55	26	6	1.11188e+06	5.83192e-05	0.1439	
10587	400	3016	19.4847	26.9211	1749	18.4685	8	535	5	61	20	4	1.09712e+06	6.08902e-05	0.1425	
10494	360	3042	22.9241	24.7811	1732	18.4081	7	532	16	56	33	5	1.07714e+06	6.19732e-05	0.1438	
10091	390	3049	18.9674	23.516	1731	18.3068	6	535	0	55	18	5	1.17114e+06	6.12632e-05	0.1115	
11460	392	3019	16.9094	20	1871	15.3191	7	528	15	61	12	3	1.17168e+06	4.68757e-05	0.4218	
11329	399	3050	19.5305	20.5523	1843	18.6749	6	535	16	69	16	4	1.09687e+06	4.92223e-05	0.3548	
11399	371	3033	22.0505	21.1508	1859	16.6552	10	535	12	65	21	3	1.05287e+06	5.06406e-05	0.3809	
10921	386	3041	15.7525	21.6771	1737	18.0616	6	535	7	62	21	5	1.23925e+06	5.16449e-05	0.2558	
10587	392	3009	18.6164	26.9211	1812	18.5611	8	535	14	57	7	3	1.11488e+06	5.98838e-05	0.1336	
10950	393	2994	21.7228	27.3753	1801	16.7419	6	535	17	55	37	3	1.04016e+06	6.04595e-05	0.1891	
11327	397	2997	24.8523	28.2325	1724	16.3304	8	528	19	73	21	3	985020	6.0412e-05	0.284	
11075	377	3050	18.4976	21.4855	1759	15.5405	9	534	16	58	15	4	1.12397e+06	5.09606e-05	0.3108	
11215	337	3043	15.2567	20	1836	15.0025	6	535	15	68	5	4	1.29388e+06	4.73507e-05	0.3734	
11470	392	3044	23.6388	20.1276	1795	16.6552	10	527	16	84	19	3	1.03644e+06	5.04948e-05	0.447	
11107	399	3050	19.5305	20.775	1843	18.1512	8	535	16	67	16	4	1.09852e+06	5.0674e-05	0.3169	
10587	400	3043	19.2904	26.6445	1816	16.6219	10	535	11	56	13	4	1.0986e+06	5.96588e-05	0.1459	
10630	365	3034	16.5632	22.2095	1737	17.5773	6	534	19	64	25	4	1.22309e+06	5.48095e-05	0.1713	
10825	390	3034	19.4812	20.8806	1804	16.7717	6	534	3	58	29	5	1.1225e+06	5.31858e-05	0.2675	
11078	385	2980	25	27.3753	1846	16.7621	10	534	15	57	18	5	1.0015e+06	6.10314e-05	0.2414	
10935	382	3008	16.7381	23.0075	1814	15.1433	8	532	20	55	37	3	1.17956e+06	5.36251e-05	0.2243	
11500	400	3044	17.3589	20.0341	1827	16.8967	6	526	11	61	7	3	1.15385e+06	4.67749e-05	0.449	
11400	397	3016	22.5682	27.8337	1725	16.2502	10	525	16	69	5	3	1.00001e+06	5.79039e-05	0.3033	
10853	389	3029	15.7356	21.6771	1737	18.3972	6	535	7	68	21	4	1.23997e+06	5.22876e-05	0.2433	
10938	389	3050	16.3715	21.6865	1827	15.872	10	533	17	65	32	4	1.19937e+06	5.18834e-05	0.2602	
11329	399	3050	19.5305	20.775	1843	18.5804	7	535	16	67	16	4	1.09225e+06	4.94047e-05	0.3501	
10091	390	3050	18.9674	20	1731	18.6376	8	533	0	57	18	5	1.18436e+06	5.82174e-05	0.1416	
11431	392	3009	22.449	29.1561	1760	16.9883	6	535	16	66	19	3	1.00108e+06	5.92768e-05	0.251	
11115	399	3007	22.8145	25.3413	1852	16.9288	10	534	13	68	21	4	1.01895e+06	5.68861e-05	0.2719	
10930	391	2987	21.7228	27.3753	1871	17.7001	9	534	17	58	24	4	1.03788e+06	6.00709e-05	0.2074	
10405	366	3044	17.4922	22.702	1748	15.769	7	532	20	55	4	5	1.19501e+06	5.5966e-05	0.1623	
11500	396	3016	23.9647	25.6434	1732	15.8479	10	526	13	75	25	3	989740	5.59722e-05	0.3813	
10424	392	2990	17.5752	22.5762	1873	16.334	7	535	16	57	5	3	1.17643e+06	5.60318e-05	0.1732	
10942	400	3002	21.1014	23.3164	1808	18.1949	9	534	3	60	18	5	1.06004e+06	5.52944e-05	0.2676	
10930	385	2995	22.4461	27.3753	1871	16.5643	10	534	16	57	21	4	1.0299e+06	6.0183e-05	0.2128	
10994	380	3044	19.8653	22.1613	1782	17.319	8	535	17	57	19	5	1.09318e+06	5.29661e-05	0.2678	
10881	362	3010	15.422	20	1801	18.5727	6	535	15	58	23	3	1.27847e+06	5.06586e-05	0.2796	
11473	370	3037	15	20	1776	15.6939	8	535	12	69	26	3	1.27228e+06	4.68121e-05	0.4013	
11399	400	3025	22.0505	28.7556	1859	16.6552	10	535	11	73	19	3	999321	5.82242e-05	0.2741	
10864	400	3036	20.7547	22.0493	1818	16.1751	8	530	17	55	36	3	1.07575e+06	5.47795e-05	0.2474	
11088	384	3027	16.1917	20.1018	1835	16.7955	6	535	9	64	5	4	1.22043e+06	4.85956e-05	0.3458	
10950	385	2986	19.951	27.3753	1871	16.9148	10	534	17	57	18	3	1.06023e+06	5.87682e-05	0.2025	
11110	341	3045	18.1962	20.0078	1837	18.6695	7	534	16	57	17	4	1.16898e+06	4.95786e-05	0.3201	
10846	389	3050	16.3715	21.6865	1817	15.872	10	533	18	65	34	4	1.20529e+06	5.26954e-05	0.2329	
11493	377	3041	20.8787	20.8537	1781	16.805	6	534	15	66	9	3	1.07413e+06	4.91376e-05	0.3907	
10587	400	3043	19.2904	26.6445	1816	16.6219	10	535	11	56	24	4	1.10039e+06	6.01612e-05	0.1396	
10290	400	3042	20.6975	22.0833	1764	15.6924	6	535	13	55	26	6	1.12278e+06	5.92487e-05	0.135	
11029	400	3014	22.26	26.3121	1900	15.5133	8	535	15	67	19	3	1.02739e+06	5.77701e-05	0.2491	
10942	400	3045	15.7006	22.931	1751	15.982	7	534	9	69	19	4	1.22429e+06	5.23505e-05	0.2398	
11449	400	3016	23.2714	24.2205	1845	15.9093	10	524	12	73	19	3	1.00705e+06	5.3984e-05	0.3628	
11473	354	3042	16.4959	20	1772	15.008	7	535	6	57	8	3	1.20407e+06	4.65636e-05	0.4284	
10524	392	3033	16.6224	23.9548	1870	16.3533	7	535	18	59	4	3	1.19919e+06	5.57351e-05	0.1605	
10587	392	3040	18.4105	24.6454	1843	18.5611	6	535	4	55	14	4	1.13584e+06	5.71461e-05	0.176	
10921	388	3042	15.7356	21.6771	1737	18.6217	6	535	10	68	26	4	1.23792e+06	5.20021e-05	0.2438	
10500	400	3029	19.4847	26.9211	1775	18.5333	8	535	16	59	22	4	1.10497e+06	6.16409e-05	0.1183	
11434	392	3014	23.6347	30	1798	16.9643	10	529	16	83	19	3	983248	6.07497e-05	0.2773	
11085	370	3034	19.9466	23.9146	1848	16.6696	7	534	16	60	30	5	1.08598e+06	5.42594e-05	0.2684	
10630	365	3034	16.5632	22.2095	1737	16.7005	6	534	19	64	25	4	1.22304e+06	5.47405e-05	0.1734	
11016	400	3044	15	21.1264	1795	15.6643	4	534	14	64	33	4	1.28428e+06	5.05331e-05	0.2658	
10787	399	3014	16.1941	22.2095	1722	17.5773	6	535	18	64	32	5	1.21869e+06	5.40891e-05	0.1935	
10697	400	3016	22.0505	28.7556	1852	14.8663	8	535	15	55	16	3	1.04136e+06	6.28141e-05	0.1651	
10758	400	3043	18.6164	20.097	1832	18.5611	8	535	11	57	13	4	1.14133e+06	5.1994e-05	0.2668	
11169	391	3036	20.2153	22.1275	1845	17.4539	7	535	18	62	27	4	1.07849e+06	5.21703e-05	0.2923	
10659	373	3037	16.5009	23.8853	1783	18.5611	9	535	1	68	14	4	1.20469e+06	5.54262e-05	0.1905	
10518	367	3044	15.6192	22.1528	1771	18.2642	6	530	17	61	6	5	1.27579e+06	5.40774e-05	0.1798	
11381	397	3038	21.5275	23.0738	1843	15.0164	9	522	15	65	11	5	1.04339e+06	5.19373e-05	0.369	
11273	400	2997	17.8573	25.8624	1843	16.6552	10	535	20	70	18	3	1.09532e+06	5.42211e-05	0.2485	
10547	346	3017	15	21.8651	1761	15.1301	6	533	16	56	24	4	1.32761e+06	5.42947e-05	0.1721	
10494	349	3042	18.7039	24.7811	1724	18.4081	7	532	16	56	33	5	1.15753e+06	5.95841e-05	0.1284	
11018	400	3016	20.349	28.7556	1857	16.6552	10	535	15	64	19	3	1.04256e+06	5.97657e-05	0.1986	
11500	400	3016	22.5682	24.5186	1754	16.7367	10	535	16	66	4	3	1.0051e+06	5.35762e-05	0.3715	
10644	375	3046	19.5089	26.9211	1807	15.9061	7	535	18	64	4	4	1.10138e+06	5.92382e-05	0.168	
10587	392	3046	17.9943	25.3092	1783	18.5553	8	535	12	60	13	4	1.14257e+06	5.7857e-05	0.145	
11204	388	2990	16.7381	22.7989	1768	15.4405	10	533	20	55	35	4	1.16354e+06	5.19696e-05	0.2704	
10627	390	3034	15	22.3047	1720	14.689	7	533	11	64	9	5	1.29678e+06	5.33333e-05	0.1925	
10962	400	3015	23.8826	28.3941	1827	16.451	9	535	8	67	37	4	1.01226e+06	6.22549e-05	0.217	
11500	399	2997	18.2465	21.1353	1899	18.4147	9	535	17	57	8	4	1.10863e+06	4.83629e-05	0.3765	
10587	363	3040	18.645	21.1912	1793	17.0402	6	535	4	55	14	3	1.15523e+06	5.40628e-05	0.2175	
10723	353	3027	15.6946	21.0474	1708	16.67	8	534	20	56	24	4	1.26931e+06	5.27065e-05	0.2038	
11500	400	3044	23.4652	20.6239	1839	15.3191	6	530	10	65	7	3	1.04052e+06	5.00676e-05	0.4338	
11483	396	3037	23.6701	26.6412	1855	15.9834	8	531	7	68	40	5	996954	5.65643e-05	0.3297	
11281	400	3033	22.8144	24.3197	1793	16.2633	8	530	15	68	19	3	1.0168e+06	5.46807e-05	0.3156	
11003	390	3050	20.1953	21.7253	1857	15.7677	8	531	19	58	56	4	1.09071e+06	5.39607e-05	0.2659	
10485	364	3044	16.3021	23.1457	1774	17.9959	7	532	17	56	2	5	1.23638e+06	5.52639e-05	0.1552	
11084	386	3050	22.1014	26.7535	1852	17.8362	10	534	17	64	24	4	1.02914e+06	5.78905e-05	0.246	
10723	394	2994	21.5339	22.967	1806	18.7862	9	532	19	56	56	4	1.07481e+06	5.89692e-05	0.1817	
10225	313	3044	15.6192	22.1528	1770	17.9959	7	529	17	61	2	5	1.32761e+06	5.62841e-05	0.1328	
11415	331	3050	16.7186	20.1176	1836	16.1021	6	534	7	62	7	4	1.21936e+06	4.68538e-05	0.4098	
10876	400	3012	21.0309	25.2508	1774	14.4549	10	532	16	58	24	4	1.05352e+06	5.7607e-05	0.2299	
11209	361	3009	22.449	30	1780	17.926	6	535	17	66	65	4	1.0279e+06	6.2901e-05	0.1882	
11473	370	3041	21.6834	20	1768	15.6939	8	535	3	69	26	3	1.07058e+06	4.93097e-05	0.4235	
11016	392	3034	19.5398	20.6145	1767	15.9662	6	535	4	57	29	4	1.11175e+06	5.16636e-05	0.3083	
11016	393	3017	17.9003	20.1845	1792	15.5244	6	535	16	61	17	4	1.15305e+06	5.0274e-05	0.3068	
10871	400	3017	22.26	25.7774	1868	18.8132	8	534	12	65	16	3	1.03748e+06	5.8483e-05	0.231	
11169	387	2974	25	29.7508	1736	18.1362	6	535	17	64	24	6	999279	6.36659e-05	0.2251	
10848	388	3050	20.3005	22.3481	1819	15.7461	8	532	19	60	54	4	1.09351e+06	5.57507e-05	0.2235	
11204	400	2990	20.9777	27.6654	1757	15.4405	10	533	20	56	43	4	1.02971e+06	5.9004e-05	0.2168	
11125	390	3010	17.6435	25.6444	1723	17.0067	7	535	17	60	6	3	1.11821e+06	5.46747e-05	0.2284	
10837	400	3050	19.8681	22.4256	1798	17.8864	9	529	19	65	29	4	1.09172e+06	5.46896e-05	0.2489	
11457	400	3016	22.0505	29.7946	1842	15.7369	10	535	15	73	19	3	993396	5.92979e-05	0.255	
10864	400	3036	20.7547	22.0493	1781	16.1575	10	530	16	57	26	3	1.07193e+06	5.44514e-05	0.2576	
10479	308	3035	19.5713	20.5569	1739	18.9793	7	535	12	58	8	4	1.17859e+06	5.51025e-05	0.1996	
11446	400	2986	22.5859	25.8624	1882	16.3372	10	534	15	57	19	3	1.00034e+06	5.54232e-05	0.3124	
11368	391	3026	23.6373	26.0248	1816	16.2566	10	525	15	56	32	3	999331	5.68053e-05	0.3213	
11322	392	3026	19.2764	22.4013	1843	17.6816	8	535	18	55	10	4	1.0844e+06	5.07099e-05	0.3284	
10225	307	3044	16.348	22.8527	1748	17.9959	7	529	17	58	14	5	1.29155e+06	5.78972e-05	0.1154	
11230	396	3038	22.8145	25.3413	1852	16.6552	10	534	13	69	25	4	1.01563e+06	5.59378e-05	0.2866	
11079	341	3050	18.1962	20.0078	1825	18.0588	8	534	16	65	29	4	1.16665e+06	5.02386e-05	0.3165	
10587	382	3034	21.3282	27.7979	1752	17.9342	9	535	16	59	23	4	1.06917e+06	6.28259e-05	0.1351	
10420	392	3049	18.6164	26.9211	1812	18.5611	8	535	15	57	7	3	1.12902e+06	6.08199e-05	0.1126	
10664	400	3034	18.0375	21.9503	1788	15.2533	5	534	15	57	27	5	1.16073e+06	5.45345e-05	0.2109	
11016	400	3034	18.3257	22.9838	1786	15.1582	5	534	15	57	29	5	1.12625e+06	5.31406e-05	0.2665	
10843	391	3021	23.1419	26.0248	1804	16.845	10	529	15	58	32	3	1.0288e+06	6.01468e-05	0.2148	
10450	390	3034	16.8569	22.2095	1712	17.171	7	534	15	58	25	5	1.21557e+06	5.63063e-05	0.1405	
11400	395	3016	22.8145	22.4269	1840	14	10	524	15	70	19	3	1.02514e+06	5.22766e-05	0.3986	
10723	394	2998	21.9294	22.967	1806	18.7862	9	532	16	56	56	4	1.06911e+06	5.91296e-05	0.1876	
10917	386	2997	22.1014	26.7535	1852	17.7001	10	534	17	60	24	4	1.03642e+06	5.9641e-05	0.2104	
10950	400	2992	21.5876	25.7523	1886	16.9979	9	532	19	57	23	3	1.03827e+06	5.79106e-05	0.2266	
11417	397	3016	22.8144	23.4508	1857	16.4639	7	534	15	70	23	3	1.02007e+06	5.31491e-05	0.3378	
10881	398	3010	15.422	20	1816	18.5727	6	535	15	58	23	3	1.26327e+06	5.0615e-05	0.2821	
11367	400	3034	21.0443	23.3164	1821	15.1195	9	534	6	61	18	5	1.04524e+06	5.21567e-05	0.343	
10378	400	3027	22.6017	26.267	1749	19	9	534	5	57	50	4	1.07403e+06	6.54879e-05	0.1145	
11412	400	3016	22.8145	26.5861	1852	17.0209	10	524	15	73	19	3	999100	5.63444e-05	0.34	
11317	400	2996	20.0265	20	1805	15.3191	8	529	12	59	7	3	1.08414e+06	4.91159e-05	0.3942	
10575	346	3026	20.8918	29.0942	1708	14.7926	5	534	16	55	11	4	1.0913e+06	6.3674e-05	0.1224	
10784	388	3041	15.7525	21.6771	1737	18.0616	6	534	7	68	21	5	1.24624e+06	5.26732e-05	0.23	
11473	370	3008	19.7118	23.445	1768	15.6939	9	535	14	57	26	3	1.07111e+06	5.16796e-05	0.3368	
11009	356	3005	19.3223	21.9184	1782	18.0832	6	535	14	55	62	4	1.12885e+06	5.47315e-05	0.2268	
11432	394	3016	23.6373	26.0248	1820	17.5649	10	525	17	74	32	3	995250	5.64525e-05	0.3394	
10333	308	3033	15	20.1018	1827	19	7	533	14	55	20	4	1.3779e+06	5.428e-05	0.1601	
10820	341	3050	17.8556	20.0078	1837	18.5804	7	534	16	67	20	4	1.19114e+06	5.15198e-05	0.2764	
10441	392	3027	22.4727	26.0943	1749	19	9	532	5	58	46	3	1.06914e+06	6.42632e-05	0.1317	
11500	398	3002	23.933	24.4849	1732	15.282	10	526	15	74	16	3	995457	5.47735e-05	0.3743	
10715	326	3034	15.8125	22.2095	1718	18.1164	7	534	18	61	19	5	1.27436e+06	5.36682e-05	0.1877	
11399	371	3033	22.0505	21.1508	1859	16.6588	10	535	11	65	21	3	1.05304e+06	5.0638e-05	0.3825	
10881	362	3028	15.422	20	1801	18.2469	6	534	13	58	44	3	1.28426e+06	5.15039e-05	0.2522	
10091	390	3050	18.9674	24.5417	1731	17.5685	8	533	0	56	19	5	1.16514e+06	6.23014e-05	0.1063	
11363	327	3033	18.3959	20.1865	1899	17.0128	6	534	20	58	3	4	1.16434e+06	4.77601e-05	0.3714	
11293	366	3044	22.2649	28.7556	1749	16.6552	10	535	11	55	19	3	1.01749e+06	5.92593e-05	0.24	
11117	341	3040	17.0285	21.9657	1899	17.0128	5	534	20	58	6	4	1.19386e+06	5.00776e-05	0.3132	
11281	400	3025	22.8144	24.3197	1799	16.2633	8	530	15	68	19	3	1.01669e+06	5.47375e-05	0.3147	
10684	400	3031	19.4847	26.9211	1775	18.5611	7	534	12	61	20	4	1.09167e+06	5.99377e-05	0.1515	
10723	394	3005	20.2061	24.7238	1833	18.4968	10	532	19	61	49	3	1.08494e+06	5.9312e-05	0.1751	
11235	400	3004	18.7833	20.7294	1854	18.456	6	535	15	60	3	4	1.11329e+06	4.95148e-05	0.3404	
11468	391	3016	23.079	23.6554	1757	17.5741	10	533	17	67	11	4	1.0119e+06	5.33646e-05	0.3505	
10602	382	3039	20.7529	27.8678	1752	17.2923	8	535	17	59	21	4	1.07745e+06	6.22549e-05	0.1311	
10872	343	3002	15.0002	22.3271	1742	15.2844	6	535	16	55	21	4	1.30227e+06	5.23505e-05	0.2207	
11173	337	3022	15.2572	22.3773	1730	16.231	7	535	9	71	19	4	1.27063e+06	5.05996e-05	0.282	
11289	382	3045	15	20	1746	16.1021	6	535	15	62	3	4	1.27869e+06	4.7061e-05	0.376	
10524	392	2993	20.1799	24.0772	1809	16.3533	6	534	18	61	22	4	1.10386e+06	5.89206e-05	0.1678	
11256	377	3004	20.6696	21.6145	1764	18.6117	9	532	15	69	2	4	1.13413e+06	5.73625e-05	0.1728	
11214	361	2983	22.4217	28.7664	1822	16.2323	6	535	18	66	67	4	1.03061e+06	6.1565e-05	0.2065	
10702	315	3026	15.016	21.8651	1708	14.2947	6	534	17	57	24	4	1.335e+06	5.31547e-05	0.193	
10715	330	3042	15.8125	22.2095	1718	16.3847	7	534	17	59	19	5	1.27188e+06	5.33903e-05	0.1891	
11500	400	3044	21.8583	20	1839	15.3191	6	535	12	61	7	3	1.06058e+06	4.85956e-05	0.4388	
11500	382	3025	18.2465	20	1899	18.1747	9	532	20	59	14	4	1.13057e+06	4.73418e-05	0.3911	
11138	377	3042	19.1596	20.3684	1756	14.909	9	531	16	58	9	3	1.11272e+06	4.97859e-05	0.3463	
11452	374	3019	16.9094	20	1871	14.7848	7	528	15	61	12	3	1.18106e+06	4.69021e-05	0.4194	
11500	394	3030	22.5548	20	1839	15.3191	6	530	10	65	3	3	1.05758e+06	4.90725e-05	0.4532	
11149	400	3034	20.4394	26.5124	1843	19	7	535	17	60	13	4	1.04816e+06	5.63603e-05	0.2535	
10966	375	3043	15.7962	22.3194	1805	14.9379	6	535	12	61	16	6	1.236e+06	5.13294e-05	0.2632	
11233	351	3020	15	21.8861	1700	15.2472	8	532	9	71	23	4	1.27969e+06	4.99226e-05	0.309	
10091	390	3050	18.9674	24.5417	1720	17.5685	8	535	0	56	19	5	1.16581e+06	6.23791e-05	0.1054	
10923	393	3005	21.7228	27.3753	1801	15.8234	6	535	17	55	37	3	1.04189e+06	6.04814e-05	0.1863	
11149	400	3034	20.4394	26.5124	1843	18.9116	8	534	16	60	5	4	1.04657e+06	5.61735e-05	0.2616	
11138	377	3043	19.0882	20.5647	1756	14.8239	9	535	16	58	7	3	1.1109e+06	4.98455e-05	0.3371	
10256	318	3037	18.9674	26.4485	1767	18.5958	8	535	8	56	2	4	1.16946e+06	6.18697e-05	0.1018	
10619	392	3026	18.6164	22.1593	1843	17.9914	8	535	9	55	17	4	1.13684e+06	5.49511e-05	0.2089	
10141	311	3050	20.0568	22.3411	1749	18.4694	5	535	9	56	12	5	1.18296e+06	5.98731e-05	0.1169	
10731	370	3046	19.0012	21.3182	1768	15.6939	7	535	8	58	21	3	1.13372e+06	5.35619e-05	0.2394	
11174	400	3023	18.2152	20	1839	15.6016	7	535	12	61	7	3	1.13263e+06	4.87852e-05	0.3496	
10587	392	3011	18.6164	26.9211	1831	18.5611	8	535	14	57	7	3	1.11478e+06	5.98015e-05	0.1365	
11125	400	3050	18.0363	26.6405	1845	15.7607	6	535	17	57	2	3	1.10017e+06	5.49602e-05	0.2279	
11230	393	3038	22.8145	25.3413	1884	15.8565	10	534	13	69	25	4	1.01709e+06	5.58098e-05	0.2903	
11294	400	3042	19.7118	22.6548	1798	15.6939	8	534	6	59	15	3	1.07076e+06	5.11902e-05	0.3439	
11230	396	3038	22.8145	25.3413	1852	16.6552	10	534	13	69	23	4	1.01555e+06	5.58847e-05	0.2877	
11395	383	3034	21.468	22.9312	1884	17.0725	8	534	11	60	23	4	1.04875e+06	5.19049e-05	0.3364	
10860	390	3040	19.4812	22.4628	1806	16.5404	6	535	0	63	19	5	1.10932e+06	5.37663e-05	0.2653	
11500	400	3038	18.2504	20	1811	15.2429	6	531	12	57	8	3	1.12673e+06	4.70455e-05	0.4273	
11064	351	3002	15.2789	22.1588	1720	17.0229	7	535	9	73	2	4	1.26398e+06	5.0746e-05	0.2809	
10729	400	3029	20.0575	22.6555	1768	18.0569	10	532	18	60	32	4	1.09129e+06	5.6243e-05	0.209	
10863	385	2966	19.9399	27.3753	1853	16.7621	9	534	20	56	15	3	1.06583e+06	5.95344e-05	0.1816	
10697	400	3016	22.0186	28.7556	1852	15.617	8	535	15	55	13	3	1.04121e+06	6.27313e-05	0.1655	
11209	369	3009	22.449	30	1760	17.5878	6	535	17	66	65	4	1.02462e+06	6.29406e-05	0.1883	
10225	307	3044	17.0156	23.5448	1748	17.9959	7	529	17	55	2	5	1.25551e+06	5.81125e-05	0.1142	
11400	400	3047	22.8145	23.8718	1864	16.6566	10	528	15	71	31	3	1.01398e+06	5.35705e-05	0.3394	
11452	335	3024	18.0949	20	1871	15.3191	8	531	17	61	12	3	1.16095e+06	4.73373e-05	0.3941	
11162	399	2992	19.5305	20.775	1843	18.4443	7	535	16	63	16	4	1.09798e+06	5.0844e-05	0.321	
11028	374	3048	16.9094	23.385	1852	15.1807	6	535	17	65	18	6	1.17653e+06	5.22821e-05	0.2609	
11153	391	3036	19.5934	20.9353	1830	17.4539	7	534	18	62	23	4	1.10065e+06	5.08802e-05	0.3117	
10833	365	2990	16.0866	22.7989	1746	15.4405	9	533	19	55	17	3	1.21817e+06	5.33874e-05	0.2124	
10294	384	2974	20.1214	27.3201	1717	18.2754	6	530	4	57	19	3	1.1108e+06	6.45953e-05	0.1122	
11419	400	3026	16.2114	20.3115	1849	15.4103	10	534	15	70	9	3	1.1871e+06	4.70987e-05	0.4057	
11489	377	3041	20.8787	21.1284	1803	16.805	6	534	15	66	9	3	1.07138e+06	4.93243e-05	0.3818	
11064	351	3002	15.2789	22.1617	1720	16.0018	9	535	9	70	16	4	1.26279e+06	5.11587e-05	0.2655	
11293	400	3044	22.2649	28.7556	1859	16.6552	10	535	11	59	19	3	1.00318e+06	5.88235e-05	0.2574	
11025	400	3050	15	21.6641	1807	17.0845	9	531	16	68	40	4	1.27015e+06	5.13875e-05	0.2626	
10302	310	3044	16.348	23.2998	1751	14.938	7	529	17	55	18	5	1.28086e+06	5.75407e-05	0.1234	
10587	392	3037	21.6635	26.9211	1844	18.5526	8	535	17	59	8	4	1.06213e+06	6.11471e-05	0.1568	
11293	388	3044	22.2649	29.4513	1868	15.5955	9	535	10	59	29	3	1.00617e+06	5.9755e-05	0.2433	
11054	392	3042	15.763	22.3944	1843	18.5611	8	534	20	57	35	4	1.22212e+06	5.18296e-05	0.2477	
11086	400	3016	22.0505	29.7946	1775	15.9334	10	535	15	55	19	3	1.01281e+06	6.17932e-05	0.1906	
11075	400	3016	21.3521	23.7555	1852	15.617	8	535	15	55	16	3	1.04392e+06	5.4487e-05	0.2696	
11500	400	3044	17.3589	20	1827	16.8967	6	526	11	61	7	3	1.15428e+06	4.67464e-05	0.4493	
11473	370	3037	21.6834	20	1768	15.6939	8	535	12	69	26	3	1.0698e+06	4.93681e-05	0.4106	
10684	368	3017	15.6946	21.0474	1726	16.9904	5	533	19	56	24	4	1.27054e+06	5.3011e-05	0.2	
11091	385	3022	18.5088	20.9556	1813	15.7745	5	534	17	61	23	4	1.13323e+06	5.08414e-05	0.3064	
11400	400	3016	22.5682	27.9205	1725	16.6552	10	525	16	69	4	3	998765	5.80046e-05	0.301	
11110	367	3050	19.9408	26.059	1791	19	7	535	15	63	16	3	1.07161e+06	5.59534e-05	0.2444	
10924	400	3010	21.0666	22.967	1796	17.5617	9	532	15	61	54	3	1.06502e+06	5.66251e-05	0.2315	
10921	399	3049	15.5015	21.9524	1737	15.6399	6	533	7	70	25	4	1.24579e+06	5.17759e-05	0.2542	
11105	392	3042	17.4358	24.7788	1739	14	6	534	15	58	9	3	1.13218e+06	5.33248e-05	0.2438	
11400	382	3020	23.2246	23.3369	1869	15.7531	10	535	16	64	36	4	1.02084e+06	5.36567e-05	0.3277	
10924	400	3010	21.0666	22.906	1795	17.5617	9	532	17	61	54	3	1.06532e+06	5.65931e-05	0.2293	
11409	400	3033	21.1324	26.5124	1804	18.6865	9	534	16	59	6	4	1.02341e+06	5.52914e-05	0.2935	
10302	310	3042	16.348	23.2998	1751	14.938	7	529	17	55	18	5	1.2808e+06	5.75606e-05	0.1234	
11353	347	3018	18.7833	20.1551	1887	19	6	535	17	64	3	4	1.14267e+06	4.82835e-05	0.3713	
11259	355	3050	15.4966	22.2824	1792	16.7541	7	535	5	63	17	5	1.24616e+06	4.95909e-05	0.3155	
10837	381	3050	19.1411	22.4256	1781	17.8864	9	529	19	65	40	4	1.11661e+06	5.49451e-05	0.2406	
11293	383	3018	23.8718	26.0862	1747	14.603	9	535	17	63	60	4	1.00748e+06	5.84317e-05	0.262	
11077	400	3045	15.7006	22.931	1751	15.982	7	534	9	69	19	4	1.21642e+06	5.14907e-05	0.2624	
10482	323	3030	15.7929	21.8651	1708	15.0972	5	534	16	57	22	3	1.29602e+06	5.49783e-05	0.1525	
10091	390	3050	18.9674	24.5417	1731	17.5685	8	535	0	56	19	5	1.16563e+06	6.23441e-05	0.1056	
11400	395	3036	22.0114	23.3369	1869	15.7531	10	532	18	59	36	4	1.0278e+06	5.28597e-05	0.3252	
10648	325	3046	17.0258	22.6682	1747	18.4694	7	533	16	55	16	4	1.21982e+06	5.46179e-05	0.1871	
11048	400	3034	18.0375	22.9838	1795	15.1383	5	534	15	57	41	5	1.13571e+06	5.33077e-05	0.2515	
10990	400	3043	15.7006	22.931	1751	15.7483	7	534	9	71	19	4	1.22083e+06	5.20644e-05	0.2487	
10546	394	3028	17.1564	24.3125	1843	18.0972	6	534	8	57	14	5	1.18145e+06	5.67247e-05	0.158	
10579	349	3050	18.6936	24.3755	1724	18.4081	6	535	16	56	33	4	1.154e+06	5.83839e-05	0.1383	
11133	355	3050	15.0841	22.3215	1741	16.543	7	535	5	67	18	5	1.27711e+06	5.03981e-05	0.2807	
10723	394	3012	20.2061	21.2262	1806	18.8183	9	532	16	58	17	4	1.09877e+06	5.45316e-05	0.2409	
10799	400	3047	20.8894	22.9219	1808	18.5117	9	534	5	60	22	4	1.07255e+06	5.56081e-05	0.2395	
11431	392	3009	22.449	29.1561	1760	15.6644	6	535	16	66	19	3	1.00091e+06	5.92242e-05	0.2525	
11409	400	3033	20.7	22.3465	1804	18.6865	8	532	19	59	9	4	1.05396e+06	5.0984e-05	0.3524	
10930	385	2995	22.7537	27.3753	1871	16.2214	10	534	17	55	21	5	1.02707e+06	6.03974e-05	0.2098	
11399	376	3033	22.0505	20	1859	16.6552	10	531	12	68	19	3	1.06178e+06	4.96771e-05	0.4198	
11414	400	3036	19.5682	20.9831	1898	17.9144	7	533	20	60	5	4	1.09099e+06	4.87567e-05	0.3637	
11110	333	3050	19.9408	23.0421	1843	18.5804	7	535	16	63	16	4	1.1081e+06	5.28039e-05	0.281	
11262	394	2991	23.9276	29.8607	1731	15.4696	7	532	12	58	17	5	996657	6.22045e-05	0.2446	
10587	400	3043	19.2904	26.6445	1816	17.2529	10	535	11	56	13	4	1.09865e+06	5.97086e-05	0.1438	
11233	337	3002	15	21.6771	1738	15.2472	9	532	18	71	11	4	1.28463e+06	4.94462e-05	0.3132	
11001	343	2994	15.2572	21.6771	1706	15.1824	8	535	13	70	23	4	1.2773e+06	5.14907e-05	0.2546	
10799	400	3050	20.8894	23.3164	1808	18.5117	9	534	4	59	18	5	1.0717e+06	5.57911e-05	0.2365	
10160	400	2974	21.739	23.826	1714	18.2754	7	535	12	57	25	3	1.10269e+06	6.38937e-05	0.1177	
11065	377	3042	20.8234	24.3501	1765	14.909	9	535	16	58	9	3	1.05764e+06	5.45911e-05	0.2681	
11322	395	3020	22.8145	24.4962	1845	15.9093	9	531	12	73	19	3	1.01489e+06	5.45643e-05	0.3212	
11475	391	3040	22.8144	30	1845	14	10	528	15	60	3	3	989133	5.95026e-05	0.2803	
10632	385	2995	21.7856	24.5791	1850	18.5526	9	535	19	59	25	4	1.06565e+06	5.9673e-05	0.1721	
10648	325	3046	17.908	22.6682	1747	18.4694	7	533	16	55	16	4	1.18807e+06	5.49783e-05	0.2	
11400	391	3002	24.8523	27.3929	1804	16.3304	10	525	19	78	43	3	985244	5.91366e-05	0.3171	
11483	377	3029	23.2756	22.4269	1768	18.2362	10	528	17	75	19	3	1.02427e+06	5.2356e-05	0.3736	
11500	400	3012	21.9703	21.9879	1826	16.3583	10	524	12	73	17	3	1.03509e+06	5.10048e-05	0.4016	
11432	400	3010	23.6373	26.4335	1820	17.5649	10	525	6	57	32	3	994030	5.70907e-05	0.3405	
10885	385	3033	16.7677	22.4532	1805	18.0569	8	532	20	71	36	4	1.18559e+06	5.37577e-05	0.2242	
11500	400	3012	21.9703	21.9879	1826	16.3583	10	524	12	73	16	3	1.03502e+06	5.09866e-05	0.4026	
10723	400	3012	20.2061	23.3537	1774	18.2026	10	534	16	58	17	4	1.08242e+06	5.65036e-05	0.2069	
11500	391	3032	23.9866	25.2154	1816	16.1938	10	525	15	56	44	3	996917	5.56638e-05	0.3476	
10723	400	3002	20.2061	24.1676	1833	18.4968	10	531	20	61	16	3	1.07815e+06	5.71592e-05	0.2048	
10587	392	3042	17.4936	24.6454	1811	18.5611	6	535	4	57	25	3	1.16429e+06	5.73197e-05	0.1576	
11117	341	3040	17.678	20.1865	1899	17.0128	6	534	20	58	6	4	1.1829e+06	4.88186e-05	0.3398	
11273	400	3012	17.8573	25.8624	1843	16.6552	10	535	20	70	18	3	1.09579e+06	5.40804e-05	0.2485	
11076	354	2995	16.0795	25.2976	1761	15.3953	10	535	7	58	2	4	1.28709e+06	4.68406e-05	0.389	
11422	400	3044	22.2605	20	1809	14.5335	6	532	12	58	7	3	1.05847e+06	4.92684e-05	0.4305	
10396	379	3026	15.7929	21.8651	1708	15.1108	5	534	17	57	24	4	1.27868e+06	5.59128e-05	0.1392	
10864	400	3036	20.4249	21.2712	1818	16.1575	8	533	19	60	36	3	1.08814e+06	5.40044e-05	0.2518	
11329	355	3050	15.4966	22.3215	1784	16.7541	7	535	5	63	17	5	1.24387e+06	4.92708e-05	0.3243	
11230	400	3045	21.4363	21.8455	1838	16.6552	9	535	13	61	18	4	1.05094e+06	5.17679e-05	0.3283	
11091	385	3034	18.5088	20.9556	1813	15.7745	5	534	17	61	23	4	1.13347e+06	5.07357e-05	0.3064	
10750	356	3026	15.7929	21.8651	1708	15.0972	5	535	16	64	20	3	1.25702e+06	5.29773e-05	0.2071	
11003	393	3050	20.0879	20.0421	1857	15.7677	7	531	19	58	56	4	1.10893e+06	5.25818e-05	0.2845	
11016	400	3025	18.3257	23.4615	1786	15.1895	5	534	17	57	29	3	1.11786e+06	5.36452e-05	0.2526	
10426	394	2986	17.1564	22.5332	1843	18.0814	6	534	8	57	16	3	1.19418e+06	5.64876e-05	0.169	
11331	367	3034	15.4966	23.2696	1769	16.4585	7	533	6	66	10	3	1.22662e+06	5.01052e-05	0.3109	
11088	362	3043	15	20	1851	15.9736	6	535	7	68	2	4	1.30041e+06	4.78469e-05	0.3593	
11454	394	3012	23.6335	21.4223	1826	16.1209	10	524	11	75	17	3	1.02399e+06	5.17224e-05	0.4405	
11400	400	3016	22.1071	22.4269	1865	16.2518	10	525	15	58	31	3	1.03169e+06	5.21921e-05	0.3677	
10723	400	3012	20.2061	23.2334	1774	18.2026	10	534	16	58	21	4	1.08349e+06	5.65675e-05	0.2045	
10986	400	3050	21.6003	23.3164	1819	18.1949	9	535	9	60	33	5	1.05268e+06	5.54139e-05	0.2514	
11369	382	2985	20.2087	28.146	1798	15.3967	9	535	16	61	31	3	1.0362e+06	5.77034e-05	0.241	
11476	356	3035	16.1501	20	1835	16.1366	7	533	8	55	5	3	1.21998e+06	4.63263e-05	0.4309	
11034	400	3017	20.349	22.9453	1857	16.6552	10	535	15	76	19	3	1.06516e+06	5.37057e-05	0.2898	
10587	392	3040	18.8339	24.0059	1815	18.5611	6	535	4	56	14	3	1.12599e+06	5.6773e-05	0.1855	
10664	400	3034	18.0375	21.9503	1788	15.2533	10	534	15	57	27	5	1.14992e+06	5.4609e-05	0.2098	
10804	371	3042	16.8903	20.6783	1756	14.3266	6	535	15	57	18	3	1.20247e+06	5.14801e-05	0.2651	
11264	400	3018	17.3589	20	1868	17.9584	6	535	12	62	7	3	1.15811e+06	4.80746e-05	0.3623	
10885	395	3045	16.7677	21.5421	1805	17.6089	8	533	20	70	36	4	1.18754e+06	5.27955e-05	0.2432	
11269	389	3016	22.5084	25.8624	1845	16.9696	10	535	15	73	16	3	1.01446e+06	5.60601e-05	0.2874	
11452	374	3019	16.9094	20	1871	15.3191	7	528	15	61	12	3	1.18015e+06	4.69285e-05	0.4201	
10900	400	3050	21.054	23.3164	1778	18.8118	9	535	3	60	18	5	1.06417e+06	5.52669e-05	0.2552	
11410	327	3039	18.3959	20.1865	1899	14.7726	6	535	20	58	3	4	1.16725e+06	4.7353e-05	0.3766	
11173	366	3011	15.2572	22.9051	1730	15.4368	7	534	12	61	19	4	1.25192e+06	5.10308e-05	0.2767	
11125	388	2974	17.5789	25.5136	1815	15.7607	6	535	17	57	4	3	1.12104e+06	5.43981e-05	0.236	
11400	395	3036	22.0114	23.3369	1869	15.7531	10	532	15	59	36	4	1.02843e+06	5.28513e-05	0.3296	
10828	400	3003	22.26	27.3116	1857	18.6844	8	535	12	65	26	3	1.03553e+06	6.09385e-05	0.1997	
10723	400	3012	20.2061	23.8334	1774	18.2026	10	532	16	58	28	4	1.08273e+06	5.74317e-05	0.1961	
10294	385	2974	20.406	27.3201	1717	16.4739	7	530	11	56	16	3	1.10367e+06	6.45328e-05	0.1147	
10764	392	3017	21.9294	22.967	1817	18.7862	9	532	16	56	56	4	1.06755e+06	5.85823e-05	0.1954	
10970	368	3050	16.5828	21.6865	1714	17.1533	5	534	16	70	34	4	1.20668e+06	5.22248e-05	0.2524	
11414	400	3036	22.7207	20.9831	1900	18.9228	7	533	20	60	5	4	1.04734e+06	5.0449e-05	0.394	
11256	392	3034	22.674	24.4962	1853	15.9093	9	531	12	76	4	3	1.02031e+06	5.44218e-05	0.322	
10684	383	3043	19.9299	26.9211	1775	16.7483	7	534	15	61	20	4	1.08866e+06	5.99089e-05	0.158	
10294	389	2974	20.1214	27.3201	1728	18.2754	6	530	4	57	19	3	1.10929e+06	6.45578e-05	0.1127	
10768	389	2995	18.9441	27.3753	1871	16.5643	10	534	18	55	21	4	1.09438e+06	5.96516e-05	0.1595	
11452	374	3017	16.9094	20	1871	15.3191	7	528	15	56	2	3	1.18132e+06	4.66701e-05	0.4164	
10864	356	3050	18.7464	22.742	1804	16.1575	8	533	20	55	36	3	1.13151e+06	5.43656e-05	0.2213	
11400	400	3021	23.4681	23.2	1848	16.2518	10	525	15	79	8	3	1.01239e+06	5.31971e-05	0.3905	
10936	390	3046	19.5559	20.8806	1792	15.0054	6	534	13	57	29	5	1.11566e+06	5.22657e-05	0.2773	
11500	400	3023	23.8591	27.6491	1813	15.8477	8	533	5	68	35	5	989782	5.78235e-05	0.3199	
11016	400	3034	17.5725	22.9838	1802	15.1582	5	534	12	57	29	5	1.14966e+06	5.27872e-05	0.2643	
11064	351	3002	15.2789	22.1617	1716	15.2472	9	535	9	73	16	4	1.26257e+06	5.1143e-05	0.2673	
11154	369	3012	23.3492	30	1796	17.5878	6	535	17	66	65	4	1.0187e+06	6.36294e-05	0.1881	
10619	392	3020	18.6164	22.1593	1843	17.9914	8	535	9	55	17	4	1.1367e+06	5.50085e-05	0.2089	
10225	309	3044	16.0323	23.5448	1791	17.7866	7	529	17	56	2	5	1.2994e+06	5.75473e-05	0.1119	
11500	395	3043	22.7421	28.667	1872	18.0738	8	535	13	65	30	4	996012	5.80349e-05	0.2864	
10225	363	3044	15.5483	23.7767	1753	17.3109	7	534	17	55	4	5	1.29892e+06	5.78235e-05	0.1123	
11088	331	3043	15	20.1018	1836	16.1021	10	534	16	63	32	4	1.30979e+06	4.92174e-05	0.3171	
11369	392	2992	19.3235	27.5987	1798	15.3967	8	535	16	61	21	3	1.05317e+06	5.64079e-05	0.2477	
11073	392	2992	20.2087	27.5987	1837	15.6309	9	535	17	61	21	3	1.04802e+06	5.83635e-05	0.2136	
11140	370	3040	15.4057	20	1813	16.6696	8	535	16	58	60	4	1.27047e+06	5.03474e-05	0.2842	
10524	392	2990	18.9181	24.0772	1860	16.678	7	534	18	59	9	3	1.1246e+06	5.75573e-05	0.1743	
10994	395	3004	18.5822	22.1242	1884	16.9493	6	535	16	55	52	4	1.12649e+06	5.38358e-05	0.2427	
11467	400	3022	23.6726	27.2114	1803	14	8	531	17	62	19	4	990680	5.71821e-05	0.3107	
10966	375	3043	16.4703	23.0643	1781	14.9379	6	535	11	61	14	6	1.19922e+06	5.2222e-05	0.256	
11369	392	2992	20.2087	27.5987	1798	15.3967	9	535	16	61	21	3	1.03402e+06	5.67795e-05	0.2503	
11411	327	3036	19.5682	20.9831	1899	17.0128	6	534	20	58	5	4	1.13023e+06	4.86997e-05	0.3635	
11120	396	2998	21.8958	27.233	1739	17.2741	10	533	20	57	15	3	1.02123e+06	5.87579e-05	0.2341	
11293	388	3044	22.2649	28.7556	1859	16.6552	9	535	11	59	19	3	1.00826e+06	5.88166e-05	0.2584	
11500	400	3040	18.2504	20	1829	15.3191	6	528	12	61	7	3	1.12902e+06	4.70079e-05	0.4281	
11079	341	3050	18.1962	20.0078	1825	18.0588	8	534	16	66	22	4	1.16696e+06	4.99525e-05	0.3178	
10610	392	3011	18.6164	26.9211	1831	18.5611	8	535	14	55	7	3	1.11288e+06	5.96232e-05	0.1378	
11016	393	3029	18.8508	20.1845	1781	15.7745	6	535	16	60	17	5	1.13073e+06	5.06303e-05	0.3072	
10500	400	3029	19.4847	26.9211	1775	18.5333	8	534	20	59	22	4	1.10498e+06	6.16713e-05	0.116	
11473	391	3049	20.2106	20	1768	15.847	6	535	9	57	24	3	1.08924e+06	4.84684e-05	0.4147	
11487	364	3004	17.9196	20.775	1899	15.9026	6	535	14	55	2	4	1.14795e+06	4.75828e-05	0.3822	
11473	391	3046	19.7118	20	1768	15.6939	8	535	9	57	24	3	1.09043e+06	4.82742e-05	0.4098	
10936	390	3046	19.5559	20.8806	1749	15.9142	6	535	13	58	22	4	1.11138e+06	5.21241e-05	0.2847	
10462	368	3042	17.9084	20.0338	1768	18.4901	8	532	5	55	9	5	1.19168e+06	5.37288e-05	0.2133	
11395	383	3049	19.5934	22.1275	1846	17.4539	8	534	18	62	23	4	1.08227e+06	5.0317e-05	0.3467	
10723	400	3012	21.0309	22.3142	1774	18.4311	10	532	16	58	24	4	1.07511e+06	5.63031e-05	0.2173	
11216	391	3013	20.9999	23.9513	1899	18.832	6	533	16	55	22	4	1.05226e+06	5.39258e-05	0.2932	
11400	395	3020	22.0114	23.3369	1869	15.7531	10	532	18	59	36	4	1.02751e+06	5.30082e-05	0.3252	
11170	337	3045	15	20.1884	1836	15.2492	6	533	15	60	5	4	1.30986e+06	4.75692e-05	0.37	
10587	363	3040	18.645	21.1912	1815	17.0402	6	535	4	57	14	3	1.15622e+06	5.40219e-05	0.2248	
11369	396	2992	19.3235	27.5987	1798	15.3967	8	535	15	61	23	3	1.05197e+06	5.64462e-05	0.2484	
11306	394	3034	21.1447	21.8881	1798	18.0033	8	533	19	66	75	3	1.06071e+06	5.37461e-05	0.2931	
11454	395	3012	23.2699	21.9879	1826	16.3583	10	524	12	75	17	3	1.02301e+06	5.19994e-05	0.4204	
10396	339	3026	21.01	29.0942	1708	14.8162	5	534	20	55	24	4	1.10705e+06	6.58545e-05	0.1005	
10950	385	2994	21.7228	27.3753	1792	15.4197	6	535	17	55	37	3	1.0426e+06	6.03865e-05	0.1921	
11044	392	3033	21.507	26.9211	1850	18.5526	10	535	19	59	7	4	1.03435e+06	5.78269e-05	0.2347	
10415	400	3042	20.8265	22.0833	1764	19	7	535	13	55	26	6	1.11017e+06	5.8459e-05	0.1428	
10681	392	3040	18.4105	24.6454	1802	18.9127	6	535	4	55	14	3	1.12769e+06	5.66027e-05	0.188	
11078	341	3045	18.1962	20.0078	1837	18.5804	7	534	16	67	22	4	1.17029e+06	5.00075e-05	0.317	
11470	392	3030	24.0864	20.4098	1793	17.1899	10	526	18	64	7	3	1.02803e+06	5.08544e-05	0.4284	
11230	400	3040	20.922	23.8634	1838	16.6552	10	535	13	67	25	4	1.04376e+06	5.35733e-05	0.2976	
11162	384	3014	18.7819	20.775	1843	18.4443	7	535	15	63	16	4	1.12082e+06	5.0317e-05	0.3197	
11400	395	3020	22.0114	22.4269	1845	15.7531	10	527	18	59	36	4	1.03599e+06	5.22739e-05	0.3543	
11420	374	3009	22.449	29.1561	1760	15.6644	8	535	16	66	20	3	1.00545e+06	5.9312e-05	0.2503	
11449	400	3046	22.8145	25.1005	1871	17.0416	10	533	11	72	19	3	1.00431e+06	5.41653e-05	0.3324	
10871	400	3008	22.26	27.3116	1868	18.8132	8	534	12	65	26	3	1.03362e+06	6.05217e-05	0.2097	
11452	374	3031	16.9094	20	1871	15.3191	5	528	19	61	12	3	1.18564e+06	4.68274e-05	0.415	
10789	400	3030	20.0575	22.6555	1768	18.0569	10	531	18	60	42	4	1.09007e+06	5.62493e-05	0.2106	
10587	400	3048	19.0053	26.6445	1775	18.5611	8	534	11	59	13	4	1.10813e+06	5.97086e-05	0.139	
11040	368	3050	15	21.6771	1787	16.9866	9	532	17	70	27	5	1.28118e+06	5.07666e-05	0.2671	
11395	383	3034	19.5934	22.9312	1846	17.0725	8	534	18	60	22	4	1.07699e+06	5.11169e-05	0.3384	
10587	392	3011	18.6164	26.9648	1831	18.5611	8	535	14	57	7	3	1.11476e+06	5.98516e-05	0.1362	
10519	374	2987	20.3236	28.9136	1708	14.928	6	535	14	56	24	4	1.0921e+06	6.45494e-05	0.1155	
10501	359	3037	21.1894	26.9211	1843	16.4143	8	535	17	59	4	4	1.08738e+06	6.12783e-05	0.1544	
11500	400	3050	20.0809	20	1839	15.3191	6	530	12	61	7	3	1.08787e+06	4.76826e-05	0.428	
10993	383	3027	18.5088	20.9556	1844	15.4134	9	534	17	58	23	4	1.12907e+06	5.13558e-05	0.2841	
11301	400	3025	22.8144	23.2631	1845	16.3283	8	534	17	73	19	3	1.02202e+06	5.35246e-05	0.3333	
10377	336	3047	18.2673	25.8327	1749	18.4694	5	534	10	56	11	4	1.17594e+06	6.01034e-05	0.1061	
11432	394	3016	23.6373	26.0248	1820	17.5649	9	525	17	74	32	3	996599	5.64462e-05	0.3387	
10735	392	3038	18.438	26.9432	1869	18.5611	7	535	16	55	4	4	1.1128e+06	5.81767e-05	0.1614	
11500	400	3044	20.0809	20	1839	15.3191	6	530	12	61	7	3	1.0878e+06	4.77327e-05	0.428	
11355	341	3045	18.1962	20.0174	1837	18.5804	8	535	16	68	20	4	1.15783e+06	4.83162e-05	0.37	
11038	392	3003	20.2376	24.4988	1853	17.4244	7	535	20	62	50	4	1.07265e+06	5.65163e-05	0.2234	
10872	353	3002	15.2572	22.3271	1732	14.7461	6	535	12	55	21	4	1.28e+06	5.23917e-05	0.2254	
11414	368	3050	19.1834	23.2788	1710	17.9321	9	535	18	81	19	5	1.08904e+06	5.15225e-05	0.3225	
10521	400	3042	20.2061	23.2424	1787	18.2026	10	532	16	58	16	3	1.09504e+06	5.75772e-05	0.175	
11303	400	3042	19.4782	22.7758	1768	15.6939	7	534	6	59	24	3	1.07667e+06	5.14854e-05	0.3406	
11412	400	3035	22.8145	26.5861	1852	16.9895	10	524	15	69	19	3	999629	5.61577e-05	0.3382	
11479	400	3042	16.6685	20	1759	15.347	7	535	11	56	20	4	1.17785e+06	4.69748e-05	0.41	
11329	399	3050	19.5305	20.775	1843	18.1512	7	535	16	67	16	4	1.09255e+06	4.93681e-05	0.351	
11381	381	3042	21.5275	20.4613	1848	15.2073	10	528	15	65	12	5	1.06738e+06	4.96179e-05	0.4238	
10723	397	2996	20.2061	22.967	1806	18.7862	9	532	14	56	67	4	1.10112e+06	5.88963e-05	0.1689	
10555	362	3043	15	20	1823	15.4499	6	535	15	61	3	4	1.32693e+06	5.13875e-05	0.2407	
10950	379	2986	19.951	27.5902	1871	17.311	10	534	17	57	18	3	1.06173e+06	5.90388e-05	0.1979	
11169	387	2980	22.9507	29.7508	1741	17.6469	8	535	13	65	24	3	1.00547e+06	6.22665e-05	0.2125	
11500	361	3021	18.3959	21.0267	1900	16.6992	8	534	20	58	3	4	1.1281e+06	4.78698e-05	0.3735	
10878	400	2985	21.2287	23.9647	1858	17.319	6	533	15	56	21	5	1.06325e+06	5.65323e-05	0.2347	
10881	362	3028	15.422	20	1778	18.5727	6	535	16	58	34	3	1.28147e+06	5.11091e-05	0.253	
10225	307	3044	16.348	23.2998	1751	17.4153	7	529	17	55	14	5	1.28843e+06	5.81835e-05	0.113	
10661	392	3026	18.6164	22.1593	1843	17.9914	8	535	9	55	17	4	1.13425e+06	5.46209e-05	0.2171	
10256	319	3030	18.9674	26.0579	1767	18.5958	8	535	8	56	7	4	1.1709e+06	6.17665e-05	0.102	
10462	368	3043	17.9084	20	1768	18.4901	6	535	5	56	9	5	1.1955e+06	5.36913e-05	0.2045	
10471	381	2993	20.3236	28.9136	1716	14.312	7	533	14	56	24	4	1.09201e+06	6.48593e-05	0.1161	
11052	341	3050	18.1962	20.0078	1839	17.7588	8	534	16	66	22	4	1.16859e+06	5.00801e-05	0.3121	
11475	391	3018	22.8144	30	1845	14.1119	10	528	15	73	19	3	988713	5.9891e-05	0.2802	
10828	400	3003	22.26	27.3116	1857	18.6844	8	534	12	60	26	3	1.03497e+06	6.0957e-05	0.1947	
11301	400	3018	23.3057	26.2202	1834	15.4472	9	534	17	68	19	3	1.00123e+06	5.67279e-05	0.2869	
11380	400	2998	22.8689	20	1827	15.9262	10	535	17	70	14	3	1.04066e+06	5.04999e-05	0.3982	
10983	331	3045	16.7186	20.1176	1793	16.1021	6	534	7	62	9	4	1.23108e+06	4.9434e-05	0.3298	
10837	381	3050	20.2102	22.8645	1781	17.8598	9	534	19	65	21	4	1.08793e+06	5.49722e-05	0.2352	
11262	389	2991	24.2251	29.8607	1731	15.4696	7	532	12	58	14	5	996335	6.23131e-05	0.2487	
10333	308	3030	15	20.1018	1827	19	7	533	14	55	20	4	1.37768e+06	5.43065e-05	0.1601	
11410	327	3021	18.3959	20.1865	1899	16.6992	6	534	20	58	3	4	1.16506e+06	4.76054e-05	0.3759	
10942	400	3043	15.7006	22.931	1751	15.7483	7	534	9	71	19	4	1.22407e+06	5.23725e-05	0.241	
11125	400	3031	19.8244	20.5142	1817	16.992	9	535	15	67	19	3	1.08859e+06	5.07408e-05	0.323	
11500	396	3016	22.8145	24.6304	1852	15.8479	10	526	13	75	25	4	1.00871e+06	5.39462e-05	0.3682	
11016	400	3050	15	21.1264	1787	15.6643	8	534	9	64	28	5	1.27545e+06	5.02841e-05	0.2812	
11125	400	3050	18.0363	26.6405	1845	19	6	535	16	57	4	3	1.10065e+06	5.52364e-05	0.2248	
10234	398	3010	20.9186	26.0377	1708	18.2091	6	528	11	55	13	4	1.10337e+06	6.36254e-05	0.123	
10722	353	3046	18.4132	21.0215	1743	17.0571	8	535	15	59	19	3	1.15712e+06	5.32283e-05	0.2383	
11399	400	3026	22.0505	21.1508	1857	15.4103	10	534	11	73	19	3	1.03943e+06	5.06201e-05	0.4151	
10450	390	3035	16.8569	22.2095	1708	17.171	7	534	15	57	25	5	1.21577e+06	5.62905e-05	0.1401	
10812	365	2990	16.7168	22.7989	1752	19	9	533	13	55	17	3	1.19141e+06	5.40979e-05	0.2172	
10587	400	3017	19.4847	26.9211	1775	18.5333	8	535	16	59	22	4	1.09741e+06	6.10165e-05	0.1273	
11422	400	3029	22.2605	20	1756	14.494	6	532	14	59	7	3	1.05695e+06	4.9527e-05	0.4402	
11138	377	3042	19.0882	20.5647	1756	14.8239	9	535	16	58	7	3	1.11064e+06	4.98529e-05	0.3371	
11418	387	3008	21.8853	26.702	1723	15.886	10	534	17	66	67	3	1.01763e+06	5.76635e-05	0.26	
11067	367	3042	19.1596	24.3501	1765	14.909	9	535	17	58	9	3	1.09458e+06	5.37924e-05	0.2656	
10921	388	3041	15.7525	21.6771	1737	18.0616	6	535	7	68	21	5	1.2374e+06	5.17224e-05	0.2577	
10396	374	3026	15.7929	21.7393	1708	15.0972	5	535	17	59	18	4	1.27909e+06	5.55155e-05	0.1348	
10993	348	3034	16.4948	21.3801	1844	15.4134	5	534	18	55	23	4	1.22232e+06	5.07743e-05	0.2872	
10166	344	3050	18.8396	24.5417	1731	18.4081	8	535	5	55	17	5	1.17835e+06	6.14137e-05	0.0985	
11138	377	3050	20.8864	20.2933	1866	14.909	8	535	16	60	51	3	1.08718e+06	5.18403e-05	0.3091	
11168	389	3016	22.5084	25.8624	1869	15.2335	10	535	15	72	18	3	1.0199e+06	5.66027e-05	0.2751	
11483	377	3032	22.5799	22.4269	1768	17.9554	10	524	15	73	19	3	1.03325e+06	5.19534e-05	0.3886	
10978	400	3034	20.0129	22.2383	1795	15.7745	9	534	3	60	26	4	1.08201e+06	5.33419e-05	0.2847	
11169	337	3050	15.0183	21.052	1787	16.0704	8	533	18	67	27	5	1.29691e+06	4.93316e-05	0.3079	
11128	398	3034	19.4812	20	1804	15.1328	6	535	6	57	34	5	1.1162e+06	5.04796e-05	0.33	
11120	400	2998	21.7133	27.8468	1711	17.2741	10	533	20	57	12	3	1.02115e+06	5.93895e-05	0.2204	
10587	382	3039	22.2796	26.6445	1844	18.5611	9	535	6	59	13	4	1.05796e+06	6.13459e-05	0.1738	
10864	330	3050	20.4249	22.8548	1804	16.1575	9	533	20	55	36	3	1.10727e+06	5.527e-05	0.2215	
10684	400	3031	19.4847	28.5732	1775	18.5611	7	534	12	60	20	4	1.08826e+06	6.17894e-05	0.1414	
11113	400	3001	22.26	26.1687	1900	16.3915	8	535	12	67	28	3	1.02366e+06	5.75043e-05	0.2579	
11500	392	3026	19.2764	23.5164	1843	17.6816	8	535	16	55	7	4	1.07297e+06	5.0764e-05	0.3526	
10396	340	3026	18.8144	20.5576	1743	14.544	5	535	16	55	20	4	1.18563e+06	5.56855e-05	0.17	
11281	386	3007	21.277	28.7487	1849	17.7001	10	534	16	57	21	4	1.02107e+06	5.90145e-05	0.2315	
11102	400	3032	19.8457	22.6123	1795	15.2728	7	534	9	58	35	5	1.08291e+06	5.31434e-05	0.2919	
11174	400	3023	18.2152	20	1855	15.6016	7	535	12	61	8	3	1.13288e+06	4.87781e-05	0.3528	
10901	397	3030	22.6961	28.6802	1827	16.3817	8	535	15	57	19	5	1.02641e+06	6.17017e-05	0.1995	
10610	392	3020	18.6164	26.9211	1831	18.5611	8	535	14	55	7	3	1.11327e+06	5.95309e-05	0.1378	
11073	392	2992	20.2087	27.5987	1837	15.3967	8	535	17	61	21	3	1.04922e+06	5.83431e-05	0.2151	
11311	400	3012	16.0588	24.3408	1843	16.6552	10	535	20	70	18	3	1.17044e+06	5.17277e-05	0.2709	
11075	398	3016	21.584	23.3632	1791	15.617	8	535	14	61	16	3	1.04416e+06	5.44099e-05	0.279	
11500	398	2999	24.4126	26.7494	1732	15.8479	10	526	13	74	16	3	981464	5.74779e-05	0.3634	
10723	394	3003	20.2061	24.7238	1833	15.3643	10	535	19	61	16	3	1.07792e+06	5.74812e-05	0.1974	
11500	336	3028	15.2222	20.1018	1797	15.6508	7	535	8	58	5	4	1.28427e+06	4.61659e-05	0.4238	
11065	397	3042	19.1596	24.1844	1765	14.909	9	535	16	59	9	3	1.08295e+06	5.36251e-05	0.2701	
11113	400	3028	22.26	26.1687	1900	16.3915	8	535	12	66	25	3	1.02418e+06	5.71135e-05	0.259	
11301	400	3025	21.7986	23.2631	1876	18.204	8	534	17	73	19	3	1.03324e+06	5.29745e-05	0.3176	
11018	400	3016	20.349	21.9098	1853	16.6552	9	535	15	64	19	3	1.0734e+06	5.28513e-05	0.2928	
10837	390	3044	19.8681	22.4256	1794	16.1547	9	530	19	64	29	4	1.09458e+06	5.46329e-05	0.2477	
11400	400	3016	23.1987	23.2	1848	16.2518	10	525	15	78	8	3	1.01417e+06	5.30786e-05	0.3855	
11399	394	3005	20.2061	26.1726	1798	18.0033	8	535	20	71	75	3	1.0466e+06	5.68796e-05	0.2423	
10524	392	2999	18.9181	24.902	1873	16.3533	7	535	18	59	4	3	1.12113e+06	5.80248e-05	0.1693	
10461	394	3040	18.4105	24.6454	1843	18.0505	6	535	7	57	14	3	1.14256e+06	5.81395e-05	0.1513	
11110	341	3045	18.1962	20.0078	1837	18.5804	7	534	16	67	20	4	1.16874e+06	4.9729e-05	0.3242	
10950	385	2994	20.4198	24.6786	1848	15.4197	6	535	17	57	19	3	1.06962e+06	5.60161e-05	0.2341	
11500	399	3016	22.4945	27.919	1852	16.4328	8	534	13	75	25	4	998874	5.71788e-05	0.315	
11500	400	3044	18.2504	20	1829	15.3191	6	526	12	61	7	3	1.12878e+06	4.69859e-05	0.434	
10729	400	3029	20.0575	22.6555	1768	18.0569	10	531	19	60	42	4	1.0941e+06	5.67634e-05	0.1972	
10673	370	3037	19.7118	20	1707	15.2419	8	535	19	57	26	3	1.12805e+06	5.38039e-05	0.2314	
10968	385	2992	21.5876	25.4438	1886	16.7621	8	532	19	57	15	3	1.04455e+06	5.71755e-05	0.2374	
11201	390	3013	20.1169	23.9513	1899	18.2875	6	533	19	55	22	4	1.06816e+06	5.35389e-05	0.292	
10587	392	3043	18.4105	24.6454	1811	18.5611	6	535	4	57	25	3	1.1364e+06	5.77034e-05	0.1612	
11113	395	3012	22.5845	26.1687	1888	18.8132	8	532	11	60	28	3	1.02168e+06	5.78102e-05	0.2587	
11395	383	3049	19.5934	22.9312	1846	17.4539	8	534	18	62	23	4	1.07726e+06	5.10282e-05	0.3387	
10610	400	3020	18.6164	26.9211	1831	18.5611	8	534	14	55	7	3	1.11068e+06	5.95203e-05	0.1411	
11329	377	3050	19.5305	20.775	1835	18.5804	7	534	16	58	12	4	1.10387e+06	4.92902e-05	0.3509	
11065	386	3042	19.1596	24.1844	1765	14.909	9	535	10	59	9	3	1.08763e+06	5.36021e-05	0.2786	
10515	400	3033	17.9696	20	1792	15.5583	6	534	3	57	17	5	1.18062e+06	5.35045e-05	0.2301	
11400	400	3016	20.662	27.9205	1725	16.9148	10	533	16	70	4	3	1.02068e+06	5.69963e-05	0.2675	
11500	336	3028	15.2222	20.1018	1782	14.4692	7	535	8	57	5	4	1.28448e+06	4.61276e-05	0.4219	
10602	400	3016	19.4847	26.9211	1775	19	7	535	8	61	20	4	1.0973e+06	6.0746e-05	0.141	
11230	400	3040	22.8145	23.8634	1832	16.8225	10	535	15	67	21	4	1.02054e+06	5.44989e-05	0.2971	
10627	390	3002	15	21.5276	1720	14.689	7	535	13	64	9	5	1.29951e+06	5.30054e-05	0.1997	
11038	393	3003	20.2376	24.4988	1805	17.4244	7	535	20	62	50	4	1.07253e+06	5.66444e-05	0.2185	
10587	390	3033	21.2044	25.2329	1850	18.5526	9	534	19	59	28	4	1.07464e+06	6.00853e-05	0.1559	
10524	392	2990	19.3346	24.0772	1873	16.3533	6	534	18	56	13	3	1.11635e+06	5.78168e-05	0.1696	
11001	343	2994	15.2572	21.6771	1706	15.1824	8	535	9	71	23	4	1.27726e+06	5.14668e-05	0.2599	