10272	308	3030	15	20.1018	1767	18.9072	7	533	17	55	13	4	1.38152e+06	5.4612e-05	0.1467	
11500	400	3044	21.3303	20	1839	14.2991	6	529	12	62	7	3	1.06838e+06	4.83185e-05	0.4586	
11500	337	3043	15	20.1018	1860	16.1021	6	535	11	65	5	4	1.30028e+06	4.58968e-05	0.4321	
10257	391	3021	23.3307	28.3758	1718	18.0304	6	525	16	55	19	4	1.07073e+06	6.77828e-05	0.1149	
10234	398	2990	20.9186	28.1567	1707	18.5581	6	528	13	55	21	4	1.10036e+06	6.67111e-05	0.0929	
11500	391	3003	24.8523	28.2325	1788	18.9191	10	530	19	57	43	3	979343	5.98982e-05	0.2867	
10333	326	3033	15	20.1997	1850	19	5	533	14	55	20	4	1.36601e+06	5.42417e-05	0.1592	
10333	308	3030	15	20.1018	1767	18.6969	7	533	17	55	13	4	1.37637e+06	5.40687e-05	0.1599	
11500	400	3044	17.3589	20	1827	16.8967	8	526	12	63	2	3	1.15052e+06	4.66505e-05	0.4528	
10246	368	3035	15	20.4689	1827	17.7672	6	535	14	59	14	4	1.34741e+06	5.50388e-05	0.1367	
10827	296	3021	15	20.0871	1705	17.9152	7	534	18	63	25	5	1.35566e+06	5.13242e-05	0.2447	
10378	400	3008	22.6017	26.267	1749	18.5427	9	533	12	57	56	4	1.07596e+06	6.61201e-05	0.109	
10246	341	3035	15	20.4689	1827	17.7672	6	535	14	59	14	4	1.36025e+06	5.50388e-05	0.1366	
10894	400	3042	24.6342	29.8201	1708	17.037	10	533	16	63	37	3	1.0071e+06	6.50618e-05	0.1834	
10234	398	2985	19.3746	28.1567	1707	18.4843	6	528	13	55	12	4	1.12621e+06	6.54022e-05	0.0945	
10264	391	3033	22.7576	28.3758	1777	17.8504	6	534	17	55	18	3	1.07481e+06	6.70196e-05	0.1023	
10697	391	3042	24.212	29.8201	1708	17.3055	7	533	16	62	37	3	1.02916e+06	6.6454e-05	0.1542	
10333	376	3020	15	20.1018	1825	17.244	7	533	17	55	17	5	1.33964e+06	5.41126e-05	0.1662	
10864	396	3010	25	29.2444	1815	19	7	533	10	59	51	4	1.01368e+06	6.56685e-05	0.1734	
10333	308	3030	15	20.1018	1767	18.1973	7	535	17	55	13	4	1.3765e+06	5.40424e-05	0.1531	
10637	364	3037	25	29.2444	1764	18.7551	8	533	10	55	48	4	1.03887e+06	6.7595e-05	0.1312	
10264	391	3033	23.3307	28.3758	1761	17.8504	6	525	17	55	18	3	1.06798e+06	6.73718e-05	0.1186	
11452	374	3019	18.3125	20	1852	14.9303	8	528	15	61	4	3	1.13399e+06	4.73037e-05	0.4057	
10378	400	3019	22.6017	26.267	1749	18.8741	9	532	12	57	56	4	1.07623e+06	6.60153e-05	0.1087	
10652	350	3031	24.7342	28.8589	1751	19	7	535	10	58	54	3	1.04694e+06	6.71501e-05	0.1324	
10893	393	2996	23.1064	30	1731	18.7437	7	531	20	59	33	3	1.01974e+06	6.48635e-05	0.1652	
10225	276	3038	16.0051	22.7726	1773	17.3446	7	535	15	59	2	5	1.33589e+06	5.70386e-05	0.1122	
11473	391	3044	19.7118	20	1768	15.7329	8	535	9	56	24	3	1.0913e+06	4.82975e-05	0.4091	
11500	363	3035	17.9593	20.1018	1838	14.2892	7	533	8	58	5	3	1.14794e+06	4.68494e-05	0.4169	
10378	400	3027	22.6017	26.267	1749	19	9	534	5	57	56	4	1.07642e+06	6.58848e-05	0.1114	
10687	400	3036	20.9621	28.957	1730	16.7621	8	532	14	56	8	3	1.05579e+06	6.24922e-05	0.1495	
11065	339	3042	15	20.0922	1836	15.7807	6	534	12	64	5	4	1.31392e+06	4.81533e-05	0.3518	
10906	339	3045	15	20	1822	15.1411	5	535	15	60	2	4	1.32364e+06	4.88615e-05	0.3124	
10333	360	3037	15	20.7714	1843	19	5	535	14	58	11	4	1.34163e+06	5.43272e-05	0.149	
10609	399	3042	24.9812	29.8201	1708	17.3055	5	533	16	62	37	3	1.03186e+06	6.77553e-05	0.1471	
11289	362	3044	15.6372	20	1823	16.1021	6	535	15	65	6	3	1.24884e+06	4.71387e-05	0.3858	
10682	394	2994	21.7228	27.3753	1801	17.3862	6	535	17	55	37	3	1.05678e+06	6.26056e-05	0.1404	
10234	400	3002	20.9495	28.1567	1708	18.2091	6	528	11	56	24	4	1.10059e+06	6.668e-05	0.0985	
10652	366	3030	25	28.2925	1741	19	8	534	10	59	48	4	1.03901e+06	6.64894e-05	0.1489	
10378	400	3031	21.5581	26.5179	1800	19	9	534	17	61	40	4	1.08553e+06	6.44538e-05	0.1234	
10333	361	3037	15	20.1997	1850	19	5	535	14	55	13	4	1.3444e+06	5.383e-05	0.1724	
10520	391	3027	22.4727	26.0943	1749	19	9	532	5	58	56	3	1.06603e+06	6.41026e-05	0.134	
11500	368	3031	17.8629	20	1899	16.7104	7	534	19	59	5	4	1.15037e+06	4.67727e-05	0.3918	
10497	368	3043	15	21.0938	1816	17.2448	8	533	17	57	14	5	1.32094e+06	5.33333e-05	0.1752	
11113	400	3014	22.26	26.3121	1900	15.5133	8	535	15	64	19	3	1.02241e+06	5.72115e-05	0.2569	
10774	368	3035	15	20.4689	1827	17.7672	6	535	17	59	14	4	1.30596e+06	5.08802e-05	0.2532	
10225	315	3036	16.0051	22.7726	1770	17.9959	7	535	17	59	2	5	1.3024e+06	5.71461e-05	0.1075	
11500	400	3044	17.3589	20	1827	16.8967	7	526	12	61	2	3	1.15311e+06	4.66418e-05	0.4496	
10826	357	3041	15	21.6771	1758	18.0616	6	535	15	62	21	5	1.30382e+06	5.20454e-05	0.216	
10765	393	3035	22.458	30	1727	15.3862	7	535	19	60	20	4	1.03666e+06	6.43418e-05	0.1492	
11308	379	3041	15.6372	20.0317	1823	16.1021	6	535	16	65	6	3	1.23873e+06	4.71009e-05	0.3872	
11065	339	3042	15	20.0922	1836	15.6553	7	534	13	68	7	4	1.31092e+06	4.83068e-05	0.3508	
10652	364	3030	25	29.2444	1761	19	8	532	10	58	48	4	1.03763e+06	6.74627e-05	0.142	
10147	309	3044	16.5808	23.5448	1791	17.7866	7	529	17	56	2	5	1.27857e+06	5.85377e-05	0.1051	
10459	354	3011	19.4809	27.971	1751	18.321	8	535	14	55	8	3	1.11623e+06	6.26999e-05	0.1052	
11500	368	3042	16.4959	20	1772	14.9579	8	534	8	61	2	3	1.19212e+06	4.63328e-05	0.444	
10809	354	3036	16.5483	22.2095	1760	17.5078	5	535	20	64	6	3	1.21454e+06	5.25183e-05	0.2434	
10333	368	3035	15.1235	21.221	1827	18.96	6	535	13	58	13	4	1.3268e+06	5.49269e-05	0.1371	
10261	396	3042	18.9674	26.6645	1744	18.4081	9	535	8	56	15	5	1.13844e+06	6.27983e-05	0.1002	
11289	362	3044	15	20	1823	16.1021	7	535	15	64	3	4	1.28776e+06	4.68845e-05	0.3849	
10225	366	3038	17.4922	23.7767	1763	16.0689	8	532	13	55	3	5	1.20215e+06	5.8483e-05	0.1229	
11500	354	3044	15.5658	20	1839	15.3191	6	533	10	65	7	3	1.25397e+06	4.60087e-05	0.4402	
10894	400	3042	24.6342	29.8201	1708	17.7702	10	533	16	60	37	3	1.0073e+06	6.51763e-05	0.177	
10575	350	3026	21.3845	29.0942	1739	18.7066	5	531	14	55	12	4	1.08066e+06	6.41643e-05	0.1261	
10369	398	2986	20.406	27.3201	1718	16.0544	7	532	20	56	20	4	1.09759e+06	6.40205e-05	0.1059	
11209	400	3009	22.449	29.1561	1763	15.6644	6	535	16	66	19	3	1.00895e+06	6.04303e-05	0.2285	
10333	335	3042	15	20	1818	18.8847	6	533	14	55	16	3	1.35722e+06	5.38445e-05	0.172	
11264	400	3018	17.3589	20	1868	16.6292	6	535	12	59	7	3	1.15779e+06	4.79685e-05	0.3622	
11500	400	3027	15.36	20.9446	1772	15.9655	8	535	13	57	12	3	1.22827e+06	4.71832e-05	0.3877	
10891	385	3002	23.8148	27.3753	1846	16.7621	10	534	15	57	18	3	1.01753e+06	6.1237e-05	0.2085	
11500	400	3046	18.2465	21.6688	1822	18.2669	9	535	17	57	8	4	1.1042e+06	4.86145e-05	0.3756	
10609	399	3042	21.9922	29.8201	1708	17.3055	5	530	19	62	37	3	1.05494e+06	6.58371e-05	0.1304	
11030	400	3046	16.3715	21.313	1817	17.5265	10	533	16	55	22	5	1.19491e+06	5.0615e-05	0.3011	
10396	374	3050	15	21.7393	1708	15.1586	5	535	17	59	13	4	1.3293e+06	5.47256e-05	0.1393	
10750	356	3026	15.715	22.1396	1708	15.0972	5	535	16	60	23	3	1.26076e+06	5.32793e-05	0.1959	
10294	385	2986	20.406	27.3201	1743	17.2747	7	532	20	56	20	3	1.10541e+06	6.47375e-05	0.0987	
10333	387	3035	15.1235	20.1018	1731	18.96	7	533	14	56	12	4	1.32516e+06	5.41419e-05	0.1611	
10587	351	3017	19.4847	27.5416	1851	18.8019	8	535	17	55	7	4	1.10997e+06	6.08717e-05	0.1295	
11443	364	3040	17.9196	20.4401	1877	16.0523	6	535	14	60	2	4	1.15108e+06	4.72791e-05	0.3827	
11133	361	3040	17.0614	20.1596	1833	17.0128	10	531	20	59	6	4	1.1854e+06	4.86784e-05	0.3418	
10452	394	3026	20.8918	28.8119	1753	19	5	531	17	55	11	4	1.08137e+06	6.45203e-05	0.1021	
11493	400	3041	20.9509	20.2715	1764	15.4704	6	534	16	66	26	3	1.07011e+06	4.90822e-05	0.4029	
10587	400	3039	23.3032	27.7979	1752	17.278	8	535	14	59	8	4	1.04113e+06	6.32951e-05	0.1605	
11170	337	3050	15.5186	20.1884	1836	15.8598	6	533	15	60	3	4	1.27857e+06	4.76554e-05	0.3655	
10612	346	3050	15	20.403	1750	15.1301	4	531	20	56	30	4	1.34028e+06	5.25597e-05	0.1966	
10587	392	3039	18.6164	22.3944	1843	18.5611	8	534	20	57	41	4	1.14514e+06	5.67408e-05	0.1597	
11325	302	3043	15	20.1018	1836	16.1021	7	535	12	64	3	4	1.33265e+06	4.67399e-05	0.3945	
11076	400	3019	17.3589	20	1826	15.3191	6	535	12	61	7	3	1.16487e+06	4.90316e-05	0.3353	
11240	400	3041	24.212	29.8201	1708	17.5267	10	533	16	62	21	3	989231	6.20771e-05	0.2311	
10494	349	3042	18.213	24.3973	1724	16.8056	6	535	16	56	33	4	1.17267e+06	5.88097e-05	0.1279	
10501	352	3008	22.6017	26.5493	1749	18.5427	9	533	10	57	49	4	1.07772e+06	6.46663e-05	0.1246	
10377	336	3047	18.2673	25.8327	1749	18.4694	5	534	10	56	11	4	1.17594e+06	6.01034e-05	0.1061	
11003	317	3043	15	21.6771	1795	15.7619	9	535	14	59	27	5	1.3154e+06	5.08104e-05	0.2552	
10827	296	3021	15	20.0025	1705	17.9152	7	534	18	63	25	5	1.35639e+06	5.12584e-05	0.2473	
11493	400	3041	20.9509	21.0663	1764	15.4704	6	534	16	66	2	3	1.05999e+06	4.91908e-05	0.3929	
11500	399	2997	18.2465	21.1353	1899	18.4147	9	535	17	57	8	4	1.10863e+06	4.83629e-05	0.3765	
11391	400	3039	21.1283	23.3369	1764	15.7531	10	535	20	55	18	4	1.03537e+06	5.22411e-05	0.3296	
11500	398	2999	24.4126	25.7364	1732	15.8479	8	526	13	74	16	3	989012	5.6392e-05	0.377	
11452	376	3017	16.9094	20	1871	15.3191	8	528	15	56	2	3	1.17794e+06	4.66766e-05	0.4166	
11500	336	3028	15.2222	20.1018	1782	14	7	535	8	57	5	3	1.28197e+06	4.60872e-05	0.4255	
10415	337	3042	20.8265	22.7668	1764	18.3323	7	535	13	55	26	6	1.13066e+06	5.89901e-05	0.139	
11329	355	3050	15.5639	22.3215	1786	16.543	8	535	6	60	17	4	1.23647e+06	4.92635e-05	0.3235	
11462	382	3039	24.1606	27.7979	1764	17.9342	8	535	14	59	8	4	992159	5.80518e-05	0.2876	
10256	396	3042	19.8967	26.6645	1762	18.4081	8	535	8	55	15	5	1.11926e+06	6.32231e-05	0.0954	
11169	314	3050	15	21.6771	1764	15.2472	6	535	18	70	28	6	1.31776e+06	4.9975e-05	0.2798	
11500	327	3039	18.3959	20.1865	1882	14.7133	6	534	19	58	3	4	1.16637e+06	4.6955e-05	0.3883	
10652	345	3030	25	28.9279	1761	19	8	532	10	59	48	4	1.04632e+06	6.70826e-05	0.1465	
10750	356	3026	15.715	21.8651	1708	15.0972	5	535	16	64	23	3	1.26222e+06	5.31011e-05	0.2018	
11500	368	3042	16.4959	20	1772	15.008	8	534	6	57	8	4	1.1961e+06	4.64554e-05	0.4333	
10580	392	3038	18.6164	26.9432	1831	18.5611	7	535	16	55	4	4	1.11848e+06	5.9499e-05	0.1294	
11500	400	3044	17.3589	20	1827	16.8967	6	526	12	61	7	3	1.1541e+06	4.67486e-05	0.4481	
11468	391	3016	23.079	23.6554	1757	17.5741	10	533	17	67	11	4	1.0119e+06	5.33646e-05	0.3505	
11170	337	3045	15	20.1884	1836	15.8598	6	533	15	60	5	4	1.30911e+06	4.76077e-05	0.37	
10513	346	3030	17.019	21.8651	1755	15.1301	5	533	19	56	24	4	1.22567e+06	5.52059e-05	0.1681	
11500	361	3021	18.3959	20.6126	1899	16.6992	8	534	20	58	3	4	1.1322e+06	4.75263e-05	0.3787	
11470	392	3044	23.1337	20.1276	1795	16.6552	10	527	15	79	19	3	1.0397e+06	5.01454e-05	0.4461	
11209	397	3009	22.449	25.8306	1763	16.2786	6	535	16	62	19	3	1.02074e+06	5.67408e-05	0.273	
11500	368	3043	16.4959	20	1784	15.008	8	533	6	57	8	4	1.19679e+06	4.64209e-05	0.4383	
10873	389	3033	25	29.2444	1828	18.7466	7	533	10	59	51	4	1.01558e+06	6.52869e-05	0.176	
10950	385	2992	21.5876	25.4438	1886	16.7621	8	532	19	57	15	3	1.04533e+06	5.72935e-05	0.2349	
11422	398	2974	25	29.7508	1741	18.1362	6	535	8	64	30	6	984311	6.21659e-05	0.2665	
10950	400	3029	15.4547	21.6771	1763	17.351	7	535	18	56	28	4	1.24667e+06	5.16236e-05	0.2373	
11215	337	3044	16.0235	20	1854	17.6469	5	533	17	70	5	4	1.25474e+06	4.76963e-05	0.3683	
10652	364	3030	25	29.2444	1761	18.7733	8	532	10	58	48	4	1.03761e+06	6.74354e-05	0.1428	
11414	397	3018	19.5682	20.9831	1900	17.0425	7	533	20	60	5	4	1.08859e+06	4.88448e-05	0.3673	
11473	400	3046	18.5905	20	1768	15.6939	8	535	13	57	2	4	1.11248e+06	4.72634e-05	0.4259	
11500	336	3035	15.1547	20	1793	14.2892	7	533	8	58	5	3	1.28814e+06	4.59263e-05	0.4368	
10559	400	3035	18.0448	21.8651	1708	17.006	8	535	16	57	24	4	1.15899e+06	5.55278e-05	0.1823	
10225	363	3044	17.0156	23.2184	1748	16.0977	7	529	17	55	11	5	1.22747e+06	5.81193e-05	0.1138	
11088	380	3029	16.1917	20.1018	1839	16.7955	6	535	18	64	5	4	1.22074e+06	4.86169e-05	0.334	
10824	385	2992	21.2153	28.957	1815	16.7621	8	532	19	57	14	3	1.04584e+06	6.20617e-05	0.1709	
11015	400	3016	22.0505	29.7946	1775	15.9334	10	535	15	55	23	4	1.01858e+06	6.23752e-05	0.1785	
10494	340	3001	17.9216	21.6126	1724	18.6296	6	535	16	56	33	4	1.20042e+06	5.67022e-05	0.1534	
11380	392	3030	23.6347	30	1798	16.9643	10	527	16	83	19	3	986458	6.08939e-05	0.277	
11162	339	3050	15.0183	21.6771	1787	16.0704	9	533	17	70	11	4	1.28645e+06	4.93243e-05	0.3069	
10333	400	3035	15.1235	20.1018	1827	18.96	7	533	14	56	12	4	1.32026e+06	5.38561e-05	0.1846	
11454	400	3044	21.3303	20	1839	14.8631	6	531	11	61	8	3	1.06943e+06	4.85767e-05	0.4454	
11067	367	3042	19.1596	24.3501	1765	14.909	9	535	17	58	9	3	1.09458e+06	5.37924e-05	0.2656	
10587	392	3033	21.7856	25.2329	1850	18.5526	9	535	19	59	25	4	1.0651e+06	6.02991e-05	0.1582	
11114	393	3016	23.67	30	1789	18.3857	10	535	11	56	19	5	1.00165e+06	6.29445e-05	0.2114	
11452	374	3031	15.1588	20	1871	15.3191	7	534	15	59	12	3	1.26444e+06	4.62406e-05	0.421	
10333	376	3025	15	20.1018	1825	17.1816	7	533	15	55	28	4	1.34094e+06	5.46866e-05	0.157	
11249	400	3042	24.212	29.8201	1708	17.5267	7	533	16	62	21	3	991624	6.19886e-05	0.2345	
11500	394	3027	15.36	20	1772	15.9655	10	535	8	57	13	3	1.23599e+06	4.64339e-05	0.4138	
10390	360	3050	15.5405	20	1731	18.6376	8	534	5	55	18	5	1.30758e+06	5.38851e-05	0.1811	
11410	327	3039	18.3959	20.1865	1882	14.7726	6	535	20	58	3	4	1.16716e+06	4.73934e-05	0.3726	
10825	390	3034	19.4812	20.8806	1804	16.7717	6	533	16	58	25	5	1.12145e+06	5.3087e-05	0.2546	
11399	400	3026	22.0505	21.1508	1857	15.4103	10	534	11	73	19	3	1.03943e+06	5.06201e-05	0.4151	
10950	385	2966	19.9399	27.3753	1872	16.7621	9	534	20	56	15	3	1.06042e+06	5.8872e-05	0.1994	
11340	400	2997	18.7313	21.1353	1899	18.4147	8	535	17	57	8	4	1.10615e+06	4.93681e-05	0.3441	
10684	368	3017	15.6946	21.0474	1726	16.9904	5	533	19	56	24	4	1.27054e+06	5.3011e-05	0.2	
11422	400	3040	15.48	20	1802	14.5335	6	532	12	55	2	4	1.24174e+06	4.62599e-05	0.4219	
10579	359	3050	18.6936	24.3755	1732	18.4081	6	535	18	56	33	4	1.14932e+06	5.83805e-05	0.1357	
10351	392	3038	18.9441	26.9432	1850	18.6254	7	535	16	55	4	4	1.12847e+06	6.1459e-05	0.1033	
11329	355	3050	15.0841	22.3215	1784	16.543	7	535	5	67	17	5	1.26897e+06	4.9169e-05	0.3204	
11085	394	3012	19.2721	21.2262	1806	18.4276	9	532	17	59	17	4	1.10006e+06	5.15783e-05	0.3053	
10519	381	3015	20.3236	28.9136	1708	14.8675	8	535	8	56	24	4	1.08732e+06	6.4189e-05	0.1218	
10864	356	3050	18.7464	22.742	1804	16.1575	8	533	20	55	36	3	1.13151e+06	5.43656e-05	0.2213	
10893	393	3035	23.1064	29.9322	1731	15.3862	7	535	20	59	22	3	1.02062e+06	6.37308e-05	0.1729	
10461	382	3013	16.1907	21.8651	1793	15.3528	5	532	20	55	24	4	1.24953e+06	5.53557e-05	0.1482	
10677	399	2992	20.9621	29.057	1815	17.0359	8	532	12	57	25	3	1.05608e+06	6.35082e-05	0.1471	
11500	391	3018	22.8144	30	1840	14.1119	10	528	15	72	19	3	987943	5.97872e-05	0.2823	
10225	365	3044	15.6192	22.1528	1747	18.2642	6	530	17	61	4	5	1.30154e+06	5.6478e-05	0.1215	
10864	382	3050	18.7464	22.742	1785	16.0289	8	533	20	56	43	3	1.12214e+06	5.47525e-05	0.2124	
10930	367	3040	15.4547	21.6771	1762	17.351	7	535	15	56	33	4	1.26295e+06	5.18565e-05	0.2343	
11500	394	3017	15.36	20	1772	15.9655	10	535	8	68	13	3	1.23301e+06	4.65679e-05	0.4154	
10616	400	3034	18.0422	21.8651	1721	17.158	8	535	16	57	16	4	1.15279e+06	5.46448e-05	0.206	
11454	399	2999	23.567	23.2555	1826	16.0146	10	522	12	75	17	3	1.00966e+06	5.34416e-05	0.3975	
10479	308	3035	18.077	21.5218	1827	19	7	535	12	58	8	4	1.21065e+06	5.48878e-05	0.1921	
11500	400	3050	18.37	20	1827	16.8967	9	526	11	61	5	3	1.11919e+06	4.70655e-05	0.4349	
11222	389	3007	22.449	30	1730	17.8498	6	535	17	66	66	4	1.01678e+06	6.30239e-05	0.1884	
10494	348	3049	17.9555	24.4843	1761	16.3683	8	535	16	55	19	5	1.17423e+06	5.78704e-05	0.1253	
10950	385	2966	22.5063	27.3753	1736	16.7621	10	534	20	57	15	3	1.02563e+06	6.06575e-05	0.207	
10587	400	3039	23.4799	27.7979	1752	17.278	8	535	14	59	8	4	1.03972e+06	6.34196e-05	0.1621	
11454	399	3013	23.6939	21.4618	1793	16.0146	10	524	12	75	14	3	1.01944e+06	5.18162e-05	0.4427	
11086	400	3016	22.0505	29.7946	1852	15.6516	10	535	15	73	19	3	1.0133e+06	6.13121e-05	0.2156	
10256	318	3037	18.9674	26.4485	1767	18.5958	8	535	8	56	2	4	1.16946e+06	6.18697e-05	0.1018	
11288	337	3050	15.0183	21.3369	1787	16.0704	9	533	18	69	27	5	1.28878e+06	4.89189e-05	0.3181	
11410	327	3039	18.3959	20.1865	1882	14.7726	6	535	20	58	2	4	1.16542e+06	4.73687e-05	0.3733	
10256	396	3042	18.9674	26.6645	1762	18.4081	8	535	8	56	15	5	1.13955e+06	6.27392e-05	0.0989	
10864	400	3036	20.7547	22.0493	1781	16.1575	10	530	16	57	26	3	1.07193e+06	5.44514e-05	0.2576	
11077	400	3045	15.7006	22.931	1751	15.982	7	534	9	69	19	4	1.21642e+06	5.14907e-05	0.2624	
11350	336	3035	15.159	20.0292	1841	14.2892	7	533	8	55	5	3	1.29299e+06	4.65333e-05	0.4126	
10793	342	3046	15	21.0738	1765	17.7051	5	535	20	64	24	4	1.31884e+06	5.18565e-05	0.2096	
10482	323	3030	15.7929	21.8651	1708	15.0972	5	534	16	57	22	3	1.29602e+06	5.49783e-05	0.1525	
11105	392	3014	22.449	25.4072	1760	15.6644	6	535	16	66	18	3	1.0296e+06	5.68376e-05	0.2644	
11473	346	3042	16.4959	20.1352	1829	14.7897	6	535	9	58	8	3	1.2116e+06	4.65246e-05	0.4215	
11170	352	3007	15.5186	20.113	1836	16.3409	6	535	15	60	3	4	1.26712e+06	4.79893e-05	0.3605	
10602	382	3039	20.7529	27.8678	1752	17.2923	8	535	17	59	21	4	1.07741e+06	6.22549e-05	0.1311	
10075	400	3046	17.908	22.4402	1764	18.4694	7	532	12	56	16	4	1.20321e+06	5.99377e-05	0.1103	
11301	400	3025	23.9729	24.5132	1810	16.3283	9	534	15	69	19	3	1.00247e+06	5.54754e-05	0.3074	
10842	387	3029	15.4547	21.6771	1746	17.351	7	535	18	56	28	4	1.25814e+06	5.24054e-05	0.2146	
10602	400	3016	19.4847	26.9211	1775	19	7	535	8	61	20	4	1.09726e+06	6.0746e-05	0.141	
10758	400	3043	18.6164	26.6445	1831	18.5611	8	535	11	57	13	4	1.10495e+06	5.81666e-05	0.1658	
10921	367	3041	15.7525	21.3674	1783	16.4345	5	535	9	61	23	4	1.25043e+06	5.11745e-05	0.2657	
10723	394	3003	20.2061	24.7238	1833	15.3643	10	535	19	61	16	3	1.07792e+06	5.74812e-05	0.1974	
11407	397	3018	18.6547	20	1868	17.9584	6	535	10	56	7	3	1.11727e+06	4.78377e-05	0.3834	
11086	400	3016	22.0505	29.7946	1775	15.9334	10	535	15	55	19	3	1.01281e+06	6.17932e-05	0.1906	
11329	399	3050	19.5305	20.775	1843	18.1512	7	535	16	67	16	4	1.09255e+06	4.93681e-05	0.351	
10587	400	3030	23.3768	27.7979	1752	17.278	8	535	15	59	13	4	1.04049e+06	6.36375e-05	0.1551	
11380	396	3033	22.5211	22.5079	1852	16.6552	10	534	13	67	28	5	1.03052e+06	5.24136e-05	0.3455	
11422	400	3029	22.2605	20	1809	14.5335	6	532	14	59	7	3	1.05802e+06	4.93974e-05	0.4287	
11156	377	3050	18.4976	20.2933	1810	15.5405	9	535	16	58	18	4	1.13117e+06	4.94756e-05	0.3275	
10518	370	3044	15.6192	22.1528	1771	16.414	6	530	17	61	18	5	1.27743e+06	5.45405e-05	0.1677	
10390	360	3050	15.5405	20	1731	18.8784	8	534	5	55	18	5	1.30797e+06	5.392e-05	0.1802	
10715	326	3027	15	21.6609	1705	16.3847	7	534	18	61	25	5	1.32827e+06	5.31632e-05	0.1947	
10893	393	2996	23.1064	29.9322	1731	19	7	535	20	60	33	3	1.0204e+06	6.48298e-05	0.1548	
10497	400	3040	15	20.1018	1816	17.2448	7	532	15	57	20	5	1.31928e+06	5.28206e-05	0.2011	
10846	389	3050	16.3715	21.6865	1794	15.872	10	535	18	65	32	5	1.20672e+06	5.26898e-05	0.2229	
10877	388	3050	19.6281	22.8449	1829	15.7461	8	533	19	57	56	4	1.1028e+06	5.57041e-05	0.2063	
11174	395	3023	18.2152	20	1839	15.6016	7	535	12	61	7	4	1.13758e+06	4.87995e-05	0.349	
10160	400	2974	21.739	23.826	1714	18.2754	7	535	12	57	25	3	1.10269e+06	6.38937e-05	0.1177	
10899	393	3035	22.458	30	1731	15.7878	7	535	19	60	22	3	1.02605e+06	6.34115e-05	0.1638	
11088	362	3050	15	20.1018	1836	18.1572	7	535	7	64	5	4	1.29554e+06	4.81533e-05	0.3566	
11500	400	3027	15.36	20	1772	15.9655	8	535	8	57	12	3	1.2371e+06	4.63865e-05	0.4183	
10225	353	3044	17.4922	23.7767	1748	16.0689	8	535	17	55	3	5	1.20883e+06	5.85686e-05	0.11	
10823	399	3042	22.1376	29.8201	1704	17.7702	6	533	16	60	26	3	1.03496e+06	6.38325e-05	0.1559	
10225	363	3044	17.0156	23.7767	1748	16.0977	7	529	17	55	4	5	1.22327e+06	5.82785e-05	0.1131	
11113	400	3028	22.26	26.1687	1900	16.3915	8	535	12	66	25	3	1.02417e+06	5.71135e-05	0.259	
10790	400	3021	24.7342	28.8589	1710	19	7	535	10	63	49	3	1.01897e+06	6.57851e-05	0.1644	
11500	400	3027	21.397	20	1772	15.9655	8	535	6	69	12	3	1.05863e+06	4.88353e-05	0.436	
10524	392	2990	18.9181	24.0772	1860	16.678	7	534	18	59	9	3	1.1246e+06	5.75573e-05	0.1743	
11268	400	3016	24.7352	26.0248	1853	16.5313	8	535	20	74	32	3	994784	5.79106e-05	0.2808	
11227	400	3025	22.9299	23.2631	1789	16.3283	8	535	14	64	46	3	1.02516e+06	5.50176e-05	0.2939	
10482	339	3021	15.7929	21.8651	1708	15.0972	5	534	17	57	23	4	1.28925e+06	5.51481e-05	0.1499	
10424	392	2990	17.652	22.3974	1868	16.3575	7	532	18	57	5	3	1.1749e+06	5.5894e-05	0.1818	
11227	400	3025	22.9299	22.7068	1789	16.3283	8	535	14	67	53	3	1.03009e+06	5.48396e-05	0.299	
10538	358	3032	16.5724	22.2095	1712	17.5773	7	534	16	58	25	4	1.23138e+06	5.55494e-05	0.1554	
10520	391	3027	22.4727	25.1113	1749	19	9	532	5	55	56	3	1.0681e+06	6.31672e-05	0.1364	
10256	318	3037	17.8851	26.4485	1767	18.5958	8	535	8	56	2	4	1.19976e+06	6.13234e-05	0.101	
10950	392	2994	21.7228	27.4441	1792	15.4197	6	535	17	55	26	3	1.0384e+06	6.00492e-05	0.2024	
10911	385	2978	23.5202	27.3753	1846	16.7621	10	534	15	57	18	4	1.0191e+06	6.11808e-05	0.2082	
10758	357	3021	18.6164	22.4539	1831	18.5611	8	535	18	57	13	4	1.14051e+06	5.42211e-05	0.2195	
11149	400	3034	20.4394	26.5124	1843	19	7	535	17	60	13	4	1.04816e+06	5.63603e-05	0.2535	
10610	392	3011	18.6164	26.9211	1831	18.5611	8	535	14	55	7	3	1.11288e+06	5.96232e-05	0.1378	
11500	374	3042	16.7022	20	1772	15.008	8	534	6	57	8	4	1.18421e+06	4.65224e-05	0.437	
11491	400	3033	19.2562	20.775	1864	15.9367	6	535	14	60	7	4	1.0964e+06	4.80792e-05	0.3797	
11363	336	3035	15.1547	20.1018	1835	14.2892	7	533	8	61	5	3	1.29132e+06	4.65853e-05	0.4134	
10166	276	3050	18.8396	24.5219	1724	18.4081	8	535	6	55	19	5	1.22633e+06	6.15536e-05	0.0974	
11370	335	3043	15.2572	21.0958	1727	16.5171	8	535	11	68	28	4	1.27358e+06	4.85343e-05	0.3356	
10947	394	3016	20.349	28.7556	1857	16.2685	5	535	18	64	31	3	1.05673e+06	6.05914e-05	0.1798	
11380	391	2998	19.0457	21.3457	1835	15.9262	10	535	17	70	19	3	1.09039e+06	4.97934e-05	0.36	
11293	381	3022	16.8937	23.4208	1757	14.5609	8	533	16	60	8	4	1.15369e+06	5.08932e-05	0.3025	
11370	335	3043	15.2572	21.0958	1727	15.4641	8	535	9	68	28	4	1.2739e+06	4.84449e-05	0.3409	
10580	392	3038	18.6164	22.9431	1807	18.4577	7	535	16	55	4	4	1.13552e+06	5.54262e-05	0.1862	
11199	389	3050	15.4075	22.4284	1817	14	9	534	16	70	34	3	1.22897e+06	5.05459e-05	0.2819	
11289	362	3043	15	20	1823	15.6329	6	535	15	64	3	3	1.28709e+06	4.68406e-05	0.389	
10702	315	3026	15.016	21.8651	1708	14.2947	6	534	17	57	24	4	1.335e+06	5.31547e-05	0.193	
11452	374	3031	15.1588	20	1871	15.3191	7	534	16	59	12	3	1.26411e+06	4.62428e-05	0.4197	
11125	400	3050	18.0363	26.6405	1845	15.7607	6	535	17	57	2	3	1.10017e+06	5.49602e-05	0.2279	
11016	400	3048	15	21.1264	1795	15.6643	4	534	14	64	29	4	1.28326e+06	5.03119e-05	0.272	
10853	366	3029	15.7356	21.6771	1737	18.0525	6	535	9	64	23	4	1.25106e+06	5.23259e-05	0.2335	
10166	344	3050	18.8396	24.5417	1731	18.4081	7	534	5	55	17	5	1.1797e+06	6.1361e-05	0.0986	
10225	363	3044	17.1058	23.7767	1765	16.0977	7	533	17	55	10	5	1.22129e+06	5.86717e-05	0.0999	
10580	387	3038	18.6164	26.9432	1822	18.5451	7	535	16	55	6	4	1.12044e+06	5.96054e-05	0.1272	
11016	389	3034	18.5088	20.8806	1826	15.7745	7	534	17	57	70	5	1.14379e+06	5.35045e-05	0.2379	
10942	400	3045	15.7006	22.931	1751	15.982	7	534	9	69	19	4	1.22429e+06	5.23505e-05	0.2398	
10396	374	3026	15.7929	21.7393	1708	15.0972	5	535	17	59	18	4	1.27909e+06	5.55155e-05	0.1348	
10758	400	3043	18.6164	20.097	1832	18.5611	8	535	11	57	13	4	1.14133e+06	5.1994e-05	0.2668	
10715	330	3042	15.8125	22.2095	1718	16.3847	7	534	17	59	19	5	1.27188e+06	5.33903e-05	0.1891	
11086	400	3016	22.7567	30	1775	15.9334	10	535	15	56	19	3	1.00561e+06	6.24025e-05	0.1954	
10225	313	3044	15.6192	22.1528	1770	17.9959	7	529	17	61	2	5	1.32761e+06	5.62841e-05	0.1328	
10862	341	3050	18.5298	20.0078	1837	18.5804	7	534	16	67	20	4	1.17008e+06	5.14933e-05	0.2885	
10196	315	3044	15.6192	22.0669	1770	17.9959	7	535	19	62	2	5	1.33104e+06	5.66797e-05	0.1162	
10697	400	3016	22.0505	28.7556	1852	15.617	8	535	15	55	16	3	1.04132e+06	6.28615e-05	0.1627	
11384	332	3020	15.4966	23.3962	1753	14.6793	8	535	13	66	3	4	1.243e+06	4.98977e-05	0.3084	
10808	336	3034	18.5088	20	1829	16.7422	5	534	19	55	3	4	1.17713e+06	5.10204e-05	0.2878	
11476	356	3035	16.1501	20	1835	16.1366	7	533	8	55	5	3	1.21998e+06	4.63263e-05	0.4309	
10723	394	3012	20.2061	24.0666	1806	18.2026	10	532	16	58	17	4	1.08166e+06	5.70613e-05	0.205	
10256	396	3046	18.9674	25.3263	1762	18.4081	8	535	8	56	6	5	1.1422e+06	6.07903e-05	0.1115	
10225	366	3033	17.4922	23.7767	1763	16.0689	7	535	17	55	17	5	1.2073e+06	5.94071e-05	0.0986	
10820	341	3050	17.8556	20.0078	1837	18.9871	7	534	16	67	20	4	1.19049e+06	5.1557e-05	0.2756	
11500	398	2999	24.6374	24.4849	1732	15.282	10	533	15	73	11	3	990171	5.50873e-05	0.3391	
11230	400	2986	24.6342	29.8201	1708	17.7702	9	532	16	59	26	3	986401	6.31552e-05	0.2319	
11088	365	3050	15.8405	20.1018	1836	16.1021	5	535	7	64	5	4	1.25051e+06	4.82207e-05	0.3512	
11088	372	3043	15	20.1018	1860	15.0312	6	534	9	61	2	4	1.29618e+06	4.78011e-05	0.3586	
10452	394	3026	20.8918	28.8119	1761	19	5	531	16	55	11	4	1.08124e+06	6.44828e-05	0.1041	
10773	356	3026	16.5576	22.244	1708	15.0972	5	535	16	59	23	3	1.21757e+06	5.34645e-05	0.2079	
11086	400	3016	22.7567	30	1775	15.9334	10	535	13	56	19	3	1.00568e+06	6.23986e-05	0.1983	
11500	400	3044	20.6306	20.0779	1836	14.3513	6	535	13	60	8	3	1.07601e+06	4.79962e-05	0.4218	
11363	301	3033	18.3959	20.1865	1899	17.0128	7	535	18	56	2	4	1.18623e+06	4.77441e-05	0.3699	
10519	381	2987	20.3236	28.9136	1708	14.928	6	533	15	56	10	4	1.08753e+06	6.39427e-05	0.1206	
11230	400	3038	22.8145	26.2429	1852	16.6552	5	534	13	67	14	4	1.01929e+06	5.65547e-05	0.2776	
10587	351	3017	18.4031	26.5643	1775	18.7448	8	535	17	55	2	4	1.13926e+06	5.92768e-05	0.1289	
11322	392	3026	19.2764	22.4013	1843	17.6816	8	535	18	55	10	4	1.0844e+06	5.07099e-05	0.3284	
11500	400	3038	18.2465	21.6688	1899	18.2669	9	535	17	57	8	4	1.10548e+06	4.84614e-05	0.3744	
10881	362	3028	15.422	20	1778	18.5727	6	535	16	58	34	3	1.28147e+06	5.11091e-05	0.253	
11075	377	3050	18.4976	21.4855	1759	15.5405	9	534	16	58	15	4	1.12397e+06	5.09606e-05	0.3108	
11500	391	3018	22.8144	30	1840	14.1119	10	528	17	72	25	3	988069	5.9848e-05	0.2791	
11227	400	3025	22.9299	23.2631	1789	16.3283	8	534	14	66	19	3	1.02371e+06	5.418e-05	0.3111	
10894	400	3042	24.6342	29.5801	1708	15.2694	10	533	16	60	37	3	1.00685e+06	6.46831e-05	0.186	
11030	400	3050	19.2462	21.6865	1817	17.3426	9	535	16	55	34	5	1.10106e+06	5.2499e-05	0.2721	
10225	363	3044	18.153	23.7767	1765	16.3018	6	533	17	56	8	5	1.18737e+06	5.90667e-05	0.1194	
10722	353	3046	18.4132	21.0215	1827	17.0571	8	535	15	59	27	3	1.16013e+06	5.34045e-05	0.2326	
10587	382	3040	16.321	24.1197	1816	18.5611	6	534	4	56	5	3	1.21332e+06	5.53955e-05	0.1717	
10225	363	3044	17.0156	23.2184	1753	16.0977	7	529	17	55	8	5	1.22662e+06	5.79374e-05	0.1192	
11399	400	3026	22.0505	21.1508	1859	16.6552	10	535	12	73	21	3	1.03979e+06	5.07202e-05	0.4038	
11500	399	3044	23.0885	20	1827	16.8967	6	526	14	58	7	3	1.04799e+06	4.94829e-05	0.4414	
10462	368	3043	17.9084	20.0338	1768	18.4901	6	532	5	56	9	5	1.19557e+06	5.36826e-05	0.2167	
11500	398	3041	20.2956	20.5349	1783	15.4704	6	534	13	60	9	3	1.07663e+06	4.84637e-05	0.4001	
10715	326	3034	16.4093	21.7779	1711	16.3847	7	533	18	62	25	5	1.24785e+06	5.36481e-05	0.2008	
11170	337	3045	15	20.1884	1836	15.2492	6	533	15	60	5	4	1.30986e+06	4.75692e-05	0.37	
10494	371	3017	17.9216	22.2587	1724	18.4196	5	535	16	60	33	4	1.18429e+06	5.71723e-05	0.1456	
11016	400	3050	15	21.1264	1787	15.6643	8	534	9	64	28	5	1.27545e+06	5.02841e-05	0.2812	
10715	294	3034	15.5222	22.2095	1718	18.1164	7	534	18	55	19	5	1.31655e+06	5.35389e-05	0.1887	
10947	396	3032	20.349	27.4008	1857	16.2685	5	535	18	64	31	3	1.06075e+06	5.89275e-05	0.1949	
10921	400	3050	15.7356	21.6771	1737	18.4178	6	535	10	68	26	4	1.23359e+06	5.19049e-05	0.2443	
11113	400	3032	22.26	26.4361	1900	16.3915	8	535	15	66	25	3	1.02316e+06	5.73625e-05	0.2533	
10410	385	3039	22.1029	27.7979	1752	16.6792	8	533	13	55	8	4	1.06969e+06	6.39509e-05	0.1337	
10411	385	2974	20.406	27.3201	1707	16.4739	7	532	11	55	16	3	1.09406e+06	6.35082e-05	0.1221	
11088	370	3027	16.1917	20.1018	1850	17.1476	6	535	7	64	5	4	1.22802e+06	4.85743e-05	0.3476	
10256	318	3030	18.9674	26.0579	1776	18.5958	8	535	14	55	3	5	1.17231e+06	6.16371e-05	0.0961	
10524	392	3000	16.6224	23.9548	1873	16.3533	7	535	18	59	4	3	1.1982e+06	5.60507e-05	0.1612	
10824	385	3000	20.9621	29.0825	1815	16.7621	8	532	19	57	14	4	1.05095e+06	6.20155e-05	0.1645	
11500	400	3038	18.2504	20	1811	15.2429	6	531	12	57	8	3	1.12673e+06	4.70455e-05	0.4273	
10587	392	3040	16.3191	23.869	1816	18.5611	6	534	4	56	14	3	1.21298e+06	5.55494e-05	0.1696	
11268	400	3027	20.1967	20.0333	1734	16.4079	8	534	16	73	2	4	1.08338e+06	4.94389e-05	0.3719	
11220	392	3001	20.2087	27.5987	1846	15.3967	8	535	17	61	21	3	1.0417e+06	5.73296e-05	0.2355	
10966	375	3043	16.4703	23.0643	1781	14.9379	6	535	11	61	14	6	1.19922e+06	5.2222e-05	0.256	
10462	368	3042	17.9084	21.2498	1768	18.4901	8	532	14	55	25	5	1.18688e+06	5.5639e-05	0.1801	
11259	355	3050	15.4966	22.2824	1792	16.7541	7	535	5	63	17	5	1.24616e+06	4.95909e-05	0.3155	
10993	348	3034	16.4948	21.3801	1844	15.4134	5	534	18	55	23	4	1.22232e+06	5.07743e-05	0.2872	
11500	391	3018	22.8144	30	1840	18.9386	10	528	15	72	45	3	988692	6.03245e-05	0.2707	
10722	353	3046	18.4132	21.0215	1743	17.0571	8	535	15	59	19	3	1.15712e+06	5.32283e-05	0.2383	
11500	400	3030	20.7161	22.8984	1830	16.2518	10	525	15	60	12	3	1.04219e+06	5.09035e-05	0.3896	
11117	341	3040	17.678	20.1865	1899	17.0128	6	535	20	58	6	4	1.18263e+06	4.88234e-05	0.3361	
11350	336	3035	15.159	20.0292	1835	14.2892	7	533	8	58	5	3	1.29242e+06	4.65549e-05	0.4116	
11473	346	3042	16.0509	20.1352	1829	15.008	6	535	9	56	6	3	1.23234e+06	4.63371e-05	0.4235	
10225	400	3044	15.6192	22.1528	1755	18.2642	9	530	17	61	4	5	1.28484e+06	5.65323e-05	0.1249	
11169	337	3050	15	21.6771	1788	15.2472	6	535	18	70	27	6	1.30039e+06	4.98728e-05	0.2833	
10225	363	3044	17.0156	23.2184	1753	15.5178	7	535	17	55	8	5	1.22779e+06	5.80147e-05	0.1057	
11249	380	3042	24.212	29.9326	1708	17.5267	7	533	16	62	3	3	998011	6.17932e-05	0.2378	
10837	400	3050	19.8681	22.4256	1798	17.8864	9	529	19	65	29	4	1.09172e+06	5.46896e-05	0.2489	
10424	392	2990	17.5752	22.5762	1873	16.334	7	535	13	57	5	3	1.17653e+06	5.60004e-05	0.1774	
10137	336	3047	19.7546	21.5111	1734	18.0617	6	535	10	55	11	4	1.17366e+06	5.89692e-05	0.1195	
10819	400	3042	24.1042	25.1196	1708	18.0413	10	533	17	60	37	3	1.02409e+06	6.05217e-05	0.2103	
10098	375	3040	17.0156	23.9852	1741	16.405	7	529	19	55	8	5	1.2306e+06	6.01323e-05	0.0966	
11107	377	3050	18.4021	20.775	1843	18.1512	8	535	16	60	16	5	1.13576e+06	5.01655e-05	0.308	
10970	389	3050	16.5828	21.6865	1714	17.1533	9	534	16	70	34	4	1.18942e+06	5.22876e-05	0.2496	
11317	400	2996	20.0265	20	1805	15.3191	8	529	12	59	7	3	1.08414e+06	4.91159e-05	0.3942	
10924	400	3044	21.0666	22.906	1768	17.5617	9	532	17	61	54	3	1.06588e+06	5.63317e-05	0.2269	
11500	397	3038	18.2465	21.6688	1899	18.2669	9	535	17	57	5	4	1.10632e+06	4.8391e-05	0.3739	
11457	400	3016	22.0505	29.7946	1842	15.7369	10	535	15	73	19	3	993396	5.92979e-05	0.255	
11473	343	3050	16.3658	20	1779	14.8294	8	535	8	56	14	3	1.21548e+06	4.65962e-05	0.4194	
11432	394	3016	23.6373	26.0248	1820	17.5649	9	525	17	74	32	3	996568	5.64462e-05	0.3387	
10378	400	3023	22.6017	26.5179	1749	19	9	534	17	59	40	4	1.07142e+06	6.53723e-05	0.1148	
10580	400	3049	21.9027	26.9432	1822	18.5611	7	535	16	55	2	4	1.05699e+06	6.10874e-05	0.1518	
11500	395	3024	25	26.7494	1756	17.3373	10	524	12	75	30	3	981004	5.77534e-05	0.3651	
11169	337	3050	15	21.6771	1789	14.5506	9	532	18	65	30	5	1.29446e+06	4.98529e-05	0.2912	
11169	391	3036	20.2153	22.1275	1845	17.4539	7	535	18	62	27	4	1.07849e+06	5.21703e-05	0.2923	
11500	336	3028	15.2222	20.1018	1797	15.6508	7	535	8	58	5	4	1.28427e+06	4.61659e-05	0.4238	
11399	400	3026	20.5126	21.1508	1802	15.0178	10	535	11	73	19	3	1.05915e+06	4.99675e-05	0.3647	
11078	362	3043	16.0315	20.1018	1840	16.1021	6	535	11	64	5	4	1.23945e+06	4.84285e-05	0.3427	
11073	392	2992	20.2087	27.5987	1837	15.969	9	535	17	61	43	3	1.05065e+06	5.91716e-05	0.197	
10166	276	3050	18.8396	24.5417	1731	18.4081	8	535	5	55	19	5	1.2259e+06	6.15347e-05	0.0976	
10764	394	2998	21.9294	22.967	1816	18.7862	9	532	16	56	56	4	1.06646e+06	5.87786e-05	0.1953	
11432	394	2994	23.6373	26.0248	1820	17.6991	10	525	20	74	32	3	994528	5.66829e-05	0.3354	
11036	392	3041	20.2087	27.5987	1837	17.3738	9	535	17	60	56	4	1.05938e+06	5.96445e-05	0.1815	
11169	395	3016	15	20.7227	1787	17.7245	9	534	18	70	13	5	1.26622e+06	4.90292e-05	0.3249	
11486	397	3018	18.2973	20	1868	17.9584	6	535	11	56	7	4	1.12761e+06	4.73216e-05	0.3948	
11379	368	3031	19.4582	20	1884	16.7104	7	534	19	56	5	4	1.11329e+06	4.80769e-05	0.3874	
11500	398	3002	24.0736	26.7494	1798	14.8865	10	532	13	74	16	3	983358	5.68925e-05	0.3383	
11107	388	3050	18.4021	20.775	1818	18.7687	8	535	16	61	14	5	1.1302e+06	5.02361e-05	0.3121	
10494	349	3042	18.213	24.7663	1787	16.8056	6	535	18	56	33	5	1.17148e+06	5.90493e-05	0.1245	
11180	326	3040	15.4966	21.9524	1812	14.6793	8	535	17	62	3	4	1.26506e+06	4.92271e-05	0.3165	
11019	400	3029	15.2572	22.8643	1700	15.0293	6	534	17	68	6	4	1.24649e+06	5.14271e-05	0.2474	
11399	400	3026	22.0505	20.3115	1849	18.0611	10	535	17	62	19	4	1.05019e+06	5.01178e-05	0.3911	
10452	400	3026	20.8918	28.8119	1759	19	5	531	16	55	11	4	1.07983e+06	6.44912e-05	0.1039	
11301	400	3025	22.8144	23.2631	1845	16.3283	8	534	17	73	19	3	1.02202e+06	5.35246e-05	0.3333	
11168	397	3019	18.6547	20.1429	1868	17.8808	6	535	10	56	7	3	1.12283e+06	4.92174e-05	0.3507	
11301	400	3021	22.8144	23.2631	1845	16.3283	8	534	17	67	19	3	1.02158e+06	5.35475e-05	0.326	
10823	399	3042	24.6342	29.8201	1708	17.7702	6	533	16	60	37	3	1.01616e+06	6.57073e-05	0.1685	
10549	382	3006	16.1907	21.1746	1708	15.3528	5	535	20	56	24	4	1.24792e+06	5.43596e-05	0.1681	
10587	400	3045	23.4799	27.7979	1752	17.278	8	535	14	59	13	4	1.04005e+06	6.35364e-05	0.1569	
10799	400	3047	20.8894	22.9219	1808	18.5117	9	534	5	60	22	4	1.07255e+06	5.56081e-05	0.2395	
10846	389	3046	16.3715	21.6865	1817	15.872	10	533	18	65	34	4	1.20525e+06	5.27315e-05	0.2329	
11500	395	3024	25	26.7494	1756	17.3373	10	524	12	74	16	3	980880	5.75904e-05	0.3714	
11174	400	3042	17.3589	20	1839	15.4944	6	533	14	66	5	3	1.1623e+06	4.82672e-05	0.3577	
10901	382	3008	16.7381	22.7396	1813	15.0608	8	532	20	55	37	3	1.18318e+06	5.36078e-05	0.2217	
10943	339	3030	15.7929	22.7184	1708	15.2368	5	535	17	55	23	4	1.25386e+06	5.24466e-05	0.2265	
11405	400	3026	21.6978	20.3115	1849	18.0611	10	534	16	66	19	4	1.05429e+06	4.98902e-05	0.3966	
11071	400	3036	20.7547	22.0493	1844	16.1575	10	534	16	63	26	3	1.06169e+06	5.28793e-05	0.2915	
11273	400	2997	17.8573	25.8624	1843	16.6552	10	535	20	70	18	3	1.09532e+06	5.42211e-05	0.2485	
10541	392	3043	18.4105	24.6454	1811	18.5611	6	535	5	57	25	3	1.13987e+06	5.81294e-05	0.1508	
11120	400	2998	21.7133	27.8468	1711	17.2741	10	533	20	57	12	3	1.02115e+06	5.93895e-05	0.2204	
10950	385	2994	21.7228	27.3753	1794	15.4197	6	535	17	55	37	4	1.04483e+06	6.04011e-05	0.1915	
10638	399	3043	22.1376	29.8201	1704	17.0715	6	533	10	57	26	3	1.04756e+06	6.52103e-05	0.133	
11370	400	3016	22.0505	29.7946	1785	16.0407	8	535	14	73	19	3	999334	5.99449e-05	0.2393	
11257	400	3046	21.6627	21.6788	1855	14.283	10	527	17	64	30	4	1.04909e+06	5.17813e-05	0.3612	
11459	398	2974	25	29.7508	1752	17.285	8	535	6	64	30	6	979447	6.18812e-05	0.2741	
11500	400	3046	16.7891	20	1766	15.2761	9	534	8	58	2	3	1.16398e+06	4.64059e-05	0.4482	
10160	400	2974	21.739	23.826	1714	18.2754	7	535	12	55	25	4	1.10421e+06	6.38978e-05	0.108	
10786	384	3050	15.0183	21.3369	1787	16.0319	9	535	18	69	27	5	1.29041e+06	5.22958e-05	0.2138	
11500	336	3029	15.2222	20.1018	1782	15.0304	7	535	8	57	5	3	1.28146e+06	4.61361e-05	0.4244	
10497	368	3037	15	20.1018	1816	17.2448	7	533	15	57	20	5	1.33135e+06	5.28653e-05	0.1962	
10663	385	2992	22.0318	27.3753	1886	16.7621	8	532	19	59	15	3	1.05112e+06	6.17093e-05	0.1788	
10261	396	3042	18.9674	26.6645	1762	18.4081	10	535	8	56	15	5	1.13736e+06	6.27668e-05	0.1019	
11500	375	3040	17.0156	23.9852	1741	16.405	7	535	18	55	8	5	1.14488e+06	5.05127e-05	0.306	
10378	393	3046	22.6017	22.9594	1749	19	6	533	11	57	41	4	1.08965e+06	6.1512e-05	0.1422	
10396	340	3026	18.8144	20.5576	1743	14.544	5	535	16	55	20	4	1.18563e+06	5.56855e-05	0.17	
10098	378	3050	17.0156	23.7767	1789	16.6707	7	529	17	55	8	5	1.22996e+06	5.96837e-05	0.0984	
10970	389	3050	16.5828	21.6865	1700	17.1533	9	534	16	70	34	5	1.1914e+06	5.23478e-05	0.2472	
11335	400	2997	24.8523	28.2325	1751	16.3304	9	525	19	66	43	3	983206	6.07644e-05	0.2846	
10426	394	2986	17.1564	22.5332	1843	18.0814	6	534	8	57	16	3	1.19418e+06	5.64876e-05	0.169	
10900	399	3050	19.5305	20.775	1780	18.1512	8	531	16	61	16	4	1.10685e+06	5.2154e-05	0.2856	
10723	394	3012	20.2061	21.2262	1806	18.6002	9	532	16	58	17	4	1.0988e+06	5.45078e-05	0.2418	
11133	355	3050	15.0841	22.3215	1741	16.543	7	535	5	67	18	5	1.27711e+06	5.03981e-05	0.2807	
11107	392	2992	19.3235	27.5987	1723	15.3967	8	535	16	63	5	3	1.0645e+06	5.77101e-05	0.2119	
10901	382	3008	16.7381	23.0075	1814	15.0608	8	532	20	55	37	3	1.18157e+06	5.38503e-05	0.2181	
11500	400	3031	19.4582	20.1043	1889	17.0128	6	534	20	58	5	4	1.09817e+06	4.75489e-05	0.3955	
10225	315	3044	15.6192	22.7726	1770	17.9959	7	535	17	61	2	5	1.32475e+06	5.70288e-05	0.1152	
10818	391	3050	21.6003	23.4357	1808	18.1949	9	534	3	58	18	5	1.06259e+06	5.61136e-05	0.2454	
11381	397	3038	21.5275	23.0738	1843	15.0164	9	522	15	65	11	5	1.04339e+06	5.19373e-05	0.369	
11468	391	3016	19.6019	23.6554	1757	17.5741	10	533	17	67	11	4	1.06201e+06	5.16369e-05	0.3373	
11500	327	3050	18.3959	20.1865	1882	14.8946	6	534	19	59	3	4	1.16642e+06	4.68735e-05	0.3885	
11071	400	3025	20.7547	22.0493	1844	16.1575	10	534	16	63	22	3	1.06161e+06	5.28346e-05	0.2953	
11399	400	3026	22.0505	20.3115	1749	15.4103	10	533	16	66	19	3	1.04464e+06	5.02008e-05	0.3964	
10302	344	3039	16.348	23.2998	1751	14.938	7	529	17	55	17	5	1.25986e+06	5.75308e-05	0.1225	
10652	399	3027	22.5742	25.2267	1781	17.8855	8	535	16	58	13	4	1.04964e+06	5.98623e-05	0.184	
10652	399	3039	22.5742	25.2267	1802	17.8855	8	535	15	58	13	4	1.05006e+06	5.96694e-05	0.1898	
11169	324	3050	15.0183	22.0624	1787	16.0704	8	535	18	70	27	5	1.29837e+06	5.02487e-05	0.2739	
11500	400	3029	22.2605	20	1809	14.5335	7	535	14	59	9	3	1.05113e+06	4.90148e-05	0.433	
11399	400	3026	22.0505	20.3115	1849	15.4103	10	534	16	66	19	3	1.04679e+06	4.99451e-05	0.4047	
10587	392	3046	17.9943	25.3092	1783	18.5553	8	535	12	60	13	4	1.14257e+06	5.7857e-05	0.145	
10225	363	3044	18.3481	22.3078	1765	15.8888	6	533	17	57	8	5	1.18803e+06	5.77834e-05	0.1443	
10774	399	3031	16.1941	22.2212	1744	17.5773	7	534	18	64	32	5	1.21849e+06	5.39928e-05	0.194	
10682	394	3009	23.8658	25.8074	1801	17.3862	6	535	17	55	37	3	1.03799e+06	6.22007e-05	0.163	
10500	400	3029	19.9366	26.9211	1775	18.5333	8	535	13	59	22	4	1.09621e+06	6.18391e-05	0.1226	
11258	400	3040	19.8681	22.4256	1798	17.8864	9	531	19	65	29	4	1.07041e+06	5.19292e-05	0.3269	
11220	400	3046	22.8145	25.1005	1871	17.0416	10	533	11	72	19	4	1.01646e+06	5.54908e-05	0.2998	
11210	388	3012	23.7978	25.626	1884	19	8	535	18	65	28	3	1.00968e+06	5.73427e-05	0.2693	
11399	371	3033	22.0505	21.1508	1859	16.6552	10	535	12	65	21	3	1.05287e+06	5.06406e-05	0.3809	
11317	400	2996	20.0265	20	1797	15.3191	8	529	12	59	7	3	1.08394e+06	4.91352e-05	0.3927	
10768	395	2993	22.4461	28.7074	1884	16.5643	10	534	17	57	21	4	1.03378e+06	6.2901e-05	0.1777	
10647	400	3035	18.7516	21.1886	1708	16.3696	8	535	17	57	21	4	1.13399e+06	5.43626e-05	0.2176	
11065	339	3042	15	20.0922	1833	15.6553	7	534	15	68	7	4	1.31035e+06	4.83279e-05	0.3481	
11160	387	3023	15.2572	22.3271	1772	15.589	7	535	12	72	14	4	1.2446e+06	5.0317e-05	0.2864	
11500	335	3035	15.6808	20.2379	1834	14.2892	7	535	8	58	5	3	1.25539e+06	4.61702e-05	0.426	
11183	364	3035	15	21.0351	1733	14.625	8	535	9	69	35	4	1.28176e+06	4.9729e-05	0.3	
10664	400	3034	18.0375	21.9503	1788	15.2533	5	534	15	57	27	5	1.16073e+06	5.45345e-05	0.2109	
11431	390	3006	22.243	29.1561	1736	16.9189	6	535	15	66	19	3	1.00392e+06	5.92944e-05	0.2508	
11422	398	2974	25	29.7508	1724	18.1362	6	535	8	64	30	6	984529	6.22278e-05	0.2634	
11105	392	3011	22.449	29.1561	1760	15.6644	6	535	16	66	18	3	1.01725e+06	6.10016e-05	0.2191	
11204	388	2997	21.2467	21.5523	1813	15.4405	10	534	20	55	17	4	1.0578e+06	5.19832e-05	0.3138	
11353	347	3025	18.0107	20.1551	1887	19	6	535	17	55	3	4	1.16186e+06	4.78813e-05	0.3634	
10697	400	3010	22.1381	28.8556	1852	16.2167	6	535	15	55	22	3	1.04354e+06	6.33473e-05	0.1556	
11363	301	3033	18.3959	20.1865	1899	17.0128	6	534	20	56	4	4	1.189e+06	4.7792e-05	0.3688	
11038	400	3039	23.2803	27.7979	1752	17.1863	8	535	14	59	18	4	1.01294e+06	6.02591e-05	0.2253	
11500	396	3016	24.0474	25.6434	1732	16.1655	10	526	13	75	25	3	989279	5.60318e-05	0.3802	
10921	388	3042	15.7356	21.6771	1737	18.6217	6	535	10	68	26	4	1.23792e+06	5.20021e-05	0.2438	
10593	330	3042	15.8125	22.2095	1728	16.3847	7	534	17	59	19	5	1.28026e+06	5.42829e-05	0.1639	
10426	391	3050	18.0553	23.8425	1804	18.9889	7	535	4	57	10	5	1.16264e+06	5.74053e-05	0.1537	
10663	385	3005	22.0318	27.3753	1886	17.0535	8	532	19	59	15	3	1.05148e+06	6.15915e-05	0.1778	
10075	400	3046	17.908	22.6682	1747	18.4694	7	533	14	55	16	4	1.20301e+06	6.02047e-05	0.1026	
11289	362	3044	15.6372	20.0269	1823	15.885	6	535	15	67	6	4	1.25189e+06	4.71743e-05	0.3837	
10415	400	3042	20.6975	22.0833	1764	18.4694	7	535	13	55	26	6	1.11188e+06	5.83192e-05	0.1439	
10851	320	3049	15	20.4891	1845	15.2492	6	533	15	60	5	4	1.33302e+06	4.96401e-05	0.2989	
11454	394	3012	23.6335	21.4223	1826	16.1209	10	524	11	75	17	3	1.02399e+06	5.17224e-05	0.4405	
10225	363	3039	16.8671	23.7767	1765	16.0977	7	533	17	55	10	5	1.23049e+06	5.86166e-05	0.0998	
10930	381	3029	15.4547	21.6771	1746	17.351	7	535	20	56	33	4	1.25623e+06	5.20427e-05	0.226	
11500	400	3038	18.2504	20	1829	15.2429	6	526	12	57	8	3	1.12844e+06	4.70301e-05	0.4344	
11117	341	3040	17.678	22.9201	1747	17.0128	6	534	20	59	6	4	1.16144e+06	5.16422e-05	0.2898	
11478	400	3026	22.0505	21.1508	1857	14.9813	10	533	11	73	19	3	1.03808e+06	5.01756e-05	0.419	
11500	368	3042	16.4959	20	1772	15.008	8	534	7	57	2	4	1.19539e+06	4.63134e-05	0.442	
10587	351	3017	19.4847	26.9211	1775	18.7448	8	535	17	55	18	4	1.11439e+06	6.08976e-05	0.12	
11500	400	3017	23.7864	23.0498	1836	16.0886	7	524	16	62	19	3	1.01458e+06	5.29325e-05	0.3983	
10441	392	3027	22.4727	26.0943	1749	19	9	532	5	58	46	3	1.06914e+06	6.42632e-05	0.1317	
11500	368	3035	19.4582	20.1043	1899	17.0128	6	534	20	58	5	4	1.11321e+06	4.74924e-05	0.3991	
11040	368	3050	15.4052	21.6771	1770	16.9866	9	534	16	70	27	5	1.25452e+06	5.09372e-05	0.2615	
10264	391	3033	23.3307	28.3758	1761	17.8504	6	525	17	55	12	3	1.06737e+06	6.70961e-05	0.1239	
11040	368	3050	15.4052	22.2123	1776	16.9866	9	534	16	68	27	5	1.25133e+06	5.13532e-05	0.252	
10723	353	3027	15.6946	21.0474	1708	16.67	8	534	20	56	24	4	1.26931e+06	5.27065e-05	0.2038	
11500	396	3016	23.9647	25.6434	1732	15.8479	10	526	13	75	25	3	989740	5.59722e-05	0.3813	
10196	315	3041	15.3738	22.0669	1784	18.6424	7	535	19	62	2	5	1.34536e+06	5.66316e-05	0.1156	
10864	396	3007	25	29.2444	1799	19	6	533	10	59	51	4	1.01502e+06	6.57376e-05	0.1728	
11353	357	3018	18.7833	20.1551	1887	19	6	535	17	64	3	4	1.13641e+06	4.82812e-05	0.3713	
11422	400	3044	15	20	1809	14.5335	7	532	12	58	7	4	1.26788e+06	4.62129e-05	0.4225	
10885	395	3045	16.7677	21.5421	1805	17.6089	8	533	20	70	36	4	1.18754e+06	5.27955e-05	0.2432	
10781	385	2992	20.9621	29.0297	1815	17.0359	8	532	19	57	14	3	1.05165e+06	6.23131e-05	0.1595	
10462	368	3042	17.9084	20.0338	1768	18.4901	8	532	5	55	9	5	1.19168e+06	5.37288e-05	0.2133	
10396	339	3026	15.7929	20.5576	1708	15.0972	5	534	16	57	20	4	1.30326e+06	5.4487e-05	0.1626	
11399	400	3026	19.7272	20.3115	1849	18.0611	10	534	15	66	19	4	1.08506e+06	4.89932e-05	0.3674	
11418	387	3008	21.8853	26.702	1723	15.886	10	534	17	66	67	3	1.01763e+06	5.76635e-05	0.26	
10970	389	3050	15.4075	20.8791	1817	17.8864	9	534	16	70	34	4	1.25397e+06	5.10777e-05	0.2618	
10787	399	3023	16.1941	22.2095	1722	17.2244	6	535	18	64	32	5	1.21901e+06	5.39724e-05	0.1936	
11449	386	3028	23.2714	24.2205	1845	15.9093	10	528	19	73	19	3	1.0104e+06	5.38329e-05	0.3431	
10659	373	3040	16.5009	23.8853	1783	18.3906	9	535	1	68	14	4	1.20479e+06	5.53802e-05	0.1909	
11399	400	3026	22.0505	20	1849	18.0579	10	534	17	69	13	4	1.05357e+06	4.9724e-05	0.4109	
11491	400	3004	19.2562	20.775	1877	15.9367	6	535	14	60	2	4	1.09601e+06	4.81812e-05	0.3795	
10547	346	3050	15	21.8651	1750	15.1301	4	531	20	56	24	4	1.33426e+06	5.39986e-05	0.1725	
10747	393	3004	23.1064	26.439	1754	15.3862	8	535	18	60	21	3	1.03433e+06	6.11434e-05	0.1865	
11500	375	3042	16.4959	20	1772	14.9579	8	534	8	57	4	3	1.18899e+06	4.63435e-05	0.4393	
11500	400	2999	23.9514	24.4849	1733	15.282	10	533	15	73	16	3	992635	5.47166e-05	0.3562	
11380	396	3033	22.5211	22.3746	1830	16.6552	10	534	13	65	33	5	1.03215e+06	5.24879e-05	0.3402	
11472	393	3014	19.951	27.5902	1892	17.311	10	534	17	55	18	3	1.0335e+06	5.57724e-05	0.2722	
11473	370	3008	19.7118	23.445	1768	15.6939	9	535	14	57	26	3	1.07111e+06	5.16796e-05	0.3368	
10664	400	3036	19.4299	21.9503	1788	15.2533	6	533	16	57	27	5	1.1205e+06	5.51663e-05	0.2128	
11267	339	3030	15.7929	22.7184	1708	15.2368	5	535	16	55	23	4	1.23924e+06	5.04999e-05	0.2892	
10590	392	3026	19.2764	21.2561	1843	17.6816	8	535	18	55	10	4	1.12703e+06	5.44633e-05	0.2141	
11500	396	3033	17.3589	20	1839	15.3191	6	529	14	61	3	3	1.1552e+06	4.66048e-05	0.43	
10820	341	3050	17.8556	20.0078	1837	18.5804	7	534	16	67	20	4	1.19114e+06	5.15198e-05	0.2764	
11500	400	3030	20.7161	22.707	1830	16.2257	7	525	14	60	12	3	1.04923e+06	5.07022e-05	0.3902	
11210	388	3012	23.7978	25.626	1888	18.6573	8	535	18	65	28	3	1.00971e+06	5.73066e-05	0.2709	
10843	391	3021	23.1419	26.0248	1804	16.845	10	529	15	58	32	3	1.0288e+06	6.01468e-05	0.2148	
10840	400	3023	22.6144	26.5179	1733	19	9	534	17	59	40	4	1.03509e+06	6.11359e-05	0.1794	
11293	383	3018	23.8718	26.0862	1747	14.603	9	535	17	63	60	4	1.00748e+06	5.84317e-05	0.262	
11400	400	3021	23.4681	23.2	1848	16.2518	10	525	15	79	8	3	1.01239e+06	5.31971e-05	0.3905	
11495	400	3043	20.1635	23.0837	1878	18.0197	5	509	4	76	25	4	1.14481e+06	5.41506e-05	0.22	
11384	332	3020	15.4966	23.3962	1812	14.6793	7	535	12	66	3	4	1.24543e+06	4.97191e-05	0.315	
10494	349	3042	18.213	23.0072	1724	18.4081	8	532	16	56	36	5	1.17819e+06	5.78469e-05	0.1432	
10776	400	3042	19.2904	26.6445	1820	17.5272	10	532	11	56	29	3	1.08625e+06	5.89102e-05	0.1762	
11500	368	3031	19.4582	20.1043	1899	17.0128	6	534	20	58	5	4	1.11319e+06	4.75263e-05	0.3991	
11500	368	3042	16.4959	20	1772	14.9579	8	534	8	57	2	3	1.19235e+06	4.62984e-05	0.4425	
11356	312	3028	15	20.1018	1782	14.2892	7	533	9	57	2	3	1.3205e+06	4.66331e-05	0.4093	
11288	337	3050	15.0183	21.3369	1772	16.0704	9	533	18	69	28	5	1.28904e+06	4.89956e-05	0.3144	
11233	337	2994	15	21.6781	1738	16.9592	9	533	18	70	21	4	1.28533e+06	4.99476e-05	0.2965	
11452	374	3031	15.1588	20	1871	14.8927	6	534	15	59	12	3	1.26773e+06	4.62107e-05	0.4231	
11100	400	3038	16.7691	20	1811	15.2429	6	531	12	57	8	3	1.18834e+06	4.85225e-05	0.3546	
10750	356	3026	15.7929	22.2603	1708	15.0972	5	535	16	64	13	3	1.25338e+06	5.29942e-05	0.2097	
11327	397	2997	24.8523	28.2325	1724	16.3304	8	528	19	73	21	3	985020	6.0412e-05	0.284	
11422	400	3044	23.7927	20	1826	14.5688	6	532	12	58	7	3	1.04514e+06	5.01983e-05	0.4104	
10521	400	3042	20.2061	23.2424	1787	18.2026	10	532	16	58	16	3	1.09504e+06	5.75772e-05	0.175	
11329	355	3050	15	22.3215	1784	16.543	7	535	5	67	17	4	1.27283e+06	4.91232e-05	0.3203	
11244	380	3037	22.1469	30	1772	17.3541	6	535	6	64	21	6	1.01972e+06	6.09682e-05	0.2241	
10610	392	3039	18.6164	26.9211	1831	18.5611	8	535	13	55	7	3	1.1137e+06	5.93261e-05	0.1391	
10482	396	3030	16.1884	21.8651	1725	15.2487	5	532	17	57	22	3	1.24081e+06	5.50661e-05	0.1564	
11215	400	3023	18.2152	20	1829	15.6016	7	535	12	61	12	3	1.12985e+06	4.87211e-05	0.353	
10518	367	3044	15.6192	22.1528	1771	16.0217	6	530	17	61	6	5	1.27619e+06	5.39025e-05	0.1875	
10824	385	2992	22.5854	28.957	1815	16.7621	8	535	19	56	23	3	1.03136e+06	6.31233e-05	0.1685	
11500	400	3040	23.2756	20	1768	18.2362	10	528	17	66	19	3	1.03345e+06	5.01429e-05	0.4483	
11369	382	2985	20.2087	28.146	1798	15.3967	9	535	16	61	31	3	1.0362e+06	5.77034e-05	0.241	
10234	400	3002	20.9495	28.1567	1708	18.2091	9	531	11	56	18	4	1.09636e+06	6.64805e-05	0.0995	
11166	388	3045	15.7006	21.7336	1751	15.982	7	534	9	69	19	4	1.22385e+06	4.99002e-05	0.3116	
11500	400	3044	23.4652	20.6239	1839	15.3191	6	530	10	65	7	3	1.04052e+06	5.00676e-05	0.4338	
11409	400	3033	21.1324	26.5124	1804	18.6865	9	534	16	59	6	4	1.02341e+06	5.52914e-05	0.2935	
11500	400	3044	22.3289	20	1839	15.3191	6	535	10	65	7	3	1.0567e+06	4.88568e-05	0.4377	
10904	400	3008	22.26	27.3116	1868	18.8132	8	533	20	63	26	3	1.03121e+06	6.03573e-05	0.2036	
10196	315	3044	15.3738	22.0669	1766	17.9959	7	535	19	62	2	5	1.34594e+06	5.65931e-05	0.1155	
10441	392	3027	22.1817	26.0943	1749	19	9	535	5	58	41	4	1.07355e+06	6.3857e-05	0.1265	
10494	389	3016	19.1403	24.2008	1724	17.8518	7	532	16	56	33	4	1.13062e+06	5.93789e-05	0.1347	
11204	388	2990	21.2467	22.7989	1768	15.4405	10	532	20	55	17	4	1.04854e+06	5.33021e-05	0.3081	
10723	400	3012	21.0309	22.3142	1775	18.4311	8	532	16	58	23	4	1.07928e+06	5.62114e-05	0.2189	
10764	397	2998	21.1836	22.967	1816	18.7862	9	532	16	56	56	4	1.07679e+06	5.83533e-05	0.191	
11183	368	3043	15	21.2208	1713	15.6786	8	535	9	68	33	3	1.27508e+06	4.97711e-05	0.2968	
10697	400	3010	20.8024	27.3866	1862	15.617	7	535	17	55	24	3	1.06327e+06	6.09347e-05	0.1616	
11289	362	3044	15.6372	20	1823	16.1021	6	535	15	67	6	4	1.25278e+06	4.71654e-05	0.384	
11138	375	3026	15.3143	21.0785	1715	15.0972	5	535	16	62	20	3	1.25887e+06	4.95761e-05	0.3122	
10846	385	2966	19.5914	27.3753	1871	16.7621	10	534	20	59	15	3	1.07284e+06	5.94071e-05	0.1807	
10697	400	3010	22.0505	28.8556	1852	15.8471	6	535	15	55	22	3	1.04434e+06	6.32711e-05	0.1561	
10964	317	3045	15	21.6771	1795	17.9339	9	534	14	70	27	4	1.31437e+06	5.13663e-05	0.2509	
11169	337	3050	15.6121	22.0777	1788	15.8024	6	535	18	70	27	6	1.25944e+06	5.04185e-05	0.2795	
10864	400	3036	20.4249	22.3685	1818	16.1575	7	533	19	60	36	3	1.08103e+06	5.49028e-05	0.2362	
11244	387	3033	16.7009	20	1868	17.9584	6	535	14	62	11	3	1.18879e+06	4.79386e-05	0.3611	
11169	324	3050	15.0183	22.0624	1787	16.0704	9	533	18	70	27	5	1.29745e+06	5.02487e-05	0.28	
11160	387	3005	15.2572	22.3271	1772	15.589	7	535	12	72	14	4	1.24403e+06	5.04745e-05	0.2864	
11065	377	3042	20.8234	24.3501	1765	14.909	9	535	16	58	9	3	1.05764e+06	5.45911e-05	0.2681	
11138	377	3043	19.0882	20.5647	1756	14.8239	9	535	16	58	7	3	1.1109e+06	4.98455e-05	0.3371	
10723	396	3003	21.9294	22.967	1817	18.7862	9	532	16	56	56	4	1.06862e+06	5.90458e-05	0.1888	
11088	362	3050	15.7368	20.1018	1836	16.1021	6	535	7	64	5	4	1.25551e+06	4.81974e-05	0.3529	
10943	367	3044	15.6372	20	1823	16.1021	6	535	16	67	6	4	1.26397e+06	4.91836e-05	0.3174	
10776	400	3042	19.2904	26.7036	1826	17.5272	10	535	11	59	24	4	1.0869e+06	5.88028e-05	0.1695	
11174	400	3023	18.2152	20	1839	15.6016	7	535	12	61	7	3	1.13263e+06	4.87852e-05	0.3496	
11169	337	3050	15	21.6771	1794	15.2472	9	532	18	65	27	5	1.29371e+06	4.97611e-05	0.2937	
10697	400	3010	22.0505	28.8556	1852	15.617	7	535	15	55	24	3	1.04289e+06	6.33433e-05	0.156	
10921	381	3029	15.8029	21.6771	1746	17.351	7	535	7	60	21	4	1.2344e+06	5.16529e-05	0.2593	
11399	400	3026	20.4387	21.1508	1859	16.6552	9	535	12	67	20	3	1.06421e+06	4.98504e-05	0.3593	
11216	391	3013	20.9999	23.9513	1899	18.832	6	533	16	55	22	4	1.05226e+06	5.39258e-05	0.2932	
11380	396	3033	22.5211	22.5079	1830	16.6552	10	534	13	67	33	5	1.03078e+06	5.26205e-05	0.3382	
10587	400	3043	19.2904	26.6445	1816	16.6219	10	535	11	56	24	4	1.10039e+06	6.01612e-05	0.1396	
11121	367	3034	15.4966	23.2696	1769	16.4585	7	533	8	66	10	3	1.23485e+06	5.11876e-05	0.274	
11472	393	3014	19.951	27.5902	1871	17.311	10	534	17	55	18	3	1.03369e+06	5.58441e-05	0.2683	
11018	400	3016	20.349	28.7556	1857	16.6552	10	535	15	64	19	3	1.04256e+06	5.97657e-05	0.1986	
11350	336	3035	15.159	20.0292	1835	14.2892	7	533	9	58	5	3	1.29221e+06	4.65571e-05	0.4101	
10518	393	3044	15.6192	22.1528	1771	18.2642	6	530	17	61	6	5	1.26574e+06	5.40774e-05	0.1799	
11117	341	3040	17.678	20.1865	1899	17.0128	6	534	20	58	6	4	1.1829e+06	4.88186e-05	0.3398	
11492	374	3031	15.5358	20	1852	15.3191	7	534	16	59	12	3	1.24038e+06	4.62235e-05	0.4247	
11289	382	3045	15	20	1746	16.1021	6	535	15	62	3	4	1.27869e+06	4.7061e-05	0.376	
10900	400	3050	21.054	23.3164	1778	18.8118	9	535	3	55	18	5	1.06299e+06	5.5325e-05	0.2496	
10396	400	3034	18.0448	21.8651	1708	16.9922	8	535	16	57	24	4	1.17195e+06	5.69541e-05	0.1503	
10225	363	3044	15.5483	23.7767	1753	17.3109	7	534	17	55	4	5	1.29892e+06	5.78235e-05	0.1123	
11473	400	3034	19.7118	22.7697	1768	15.6939	8	535	8	57	26	3	1.06444e+06	5.07949e-05	0.3577	
11363	301	3033	18.3959	20.1865	1899	17.0128	7	534	20	56	4	4	1.18612e+06	4.78011e-05	0.3678	
11414	400	3036	19.5682	20.9831	1898	17.9144	7	533	20	60	5	4	1.09099e+06	4.87567e-05	0.3637	
11174	336	3035	18.2152	20	1839	15.6016	7	535	14	61	7	4	1.16826e+06	4.87092e-05	0.3461	
10587	382	3034	21.3282	27.7979	1752	17.9342	9	535	16	59	23	4	1.06917e+06	6.28259e-05	0.1351	
10266	355	3030	18.9674	26.0579	1767	18.5958	8	535	9	56	18	4	1.15324e+06	6.23053e-05	0.1008	
11086	389	3016	23.67	30	1775	18.3857	10	535	11	56	19	3	1.0019e+06	6.30955e-05	0.2073	
10723	400	3002	20.2061	24.1676	1833	18.4968	10	531	20	61	16	3	1.07815e+06	5.71592e-05	0.2048	
10627	390	3034	15	22.3047	1720	14.689	7	533	11	64	9	5	1.29678e+06	5.33333e-05	0.1925	
10979	400	3036	20.9621	28.957	1822	16.7621	8	532	15	57	8	3	1.03649e+06	6.02337e-05	0.1991	
10723	386	3030	20.2061	24.0666	1774	18.2026	10	532	17	56	17	4	1.08439e+06	5.69606e-05	0.2042	
10750	356	3026	15.715	22.689	1708	15.0344	5	533	15	60	17	3	1.25687e+06	5.34502e-05	0.2001	
11120	400	2996	21.7133	27.8468	1788	17.2741	10	533	20	57	12	3	1.02e+06	5.91576e-05	0.2302	
11500	354	3049	16.4959	20	1785	14.6746	7	535	6	57	12	3	1.20429e+06	4.64253e-05	0.4317	
10880	375	3026	15.3143	21.0785	1715	15.9664	5	535	16	62	20	3	1.2722e+06	5.12295e-05	0.2525	
10935	330	3021	15	21.5601	1761	15.1301	5	533	20	58	27	4	1.31631e+06	5.13321e-05	0.2403	
11065	387	3042	15.1331	20.0922	1836	16.5821	7	534	15	68	7	4	1.27656e+06	4.84097e-05	0.3479	
11016	391	3034	19.5398	20.6145	1795	15.9662	6	535	4	57	29	4	1.11274e+06	5.15943e-05	0.3046	
11395	371	3049	19.5934	21.853	1846	17.023	8	534	18	64	23	4	1.08945e+06	5.00425e-05	0.3485	
11500	361	3021	18.3959	21.0267	1900	16.6992	8	534	20	58	3	4	1.1281e+06	4.78698e-05	0.3735	
11489	377	3041	20.8787	21.1284	1803	16.805	6	534	15	66	9	3	1.07138e+06	4.93243e-05	0.3818	
10652	371	3023	24.7342	28.8589	1751	18.2648	7	535	10	60	54	3	1.03825e+06	6.71096e-05	0.1407	
10494	348	3042	18.213	24.4843	1761	15.7213	8	532	17	55	26	5	1.16733e+06	5.83397e-05	0.1331	
11230	400	3038	22.8145	26.2429	1852	16.6552	10	534	13	67	14	4	1.01056e+06	5.65931e-05	0.2791	
11209	382	3018	22.449	30	1760	17.5878	6	534	19	66	19	4	1.01483e+06	6.14968e-05	0.2074	
11452	400	3040	17.3589	20	1840	15.6514	6	526	11	59	3	3	1.15665e+06	4.67683e-05	0.4295	
11469	400	3017	22.5682	27.356	1725	16.6552	10	525	16	69	4	3	998024	5.70321e-05	0.3187	
10723	400	3012	20.2061	23.3537	1774	18.2026	10	534	16	58	17	4	1.08242e+06	5.65036e-05	0.2069	
11313	313	3036	18.9056	20.9831	1899	17.2186	6	535	20	58	5	4	1.15672e+06	4.89428e-05	0.3456	
10787	399	3014	16.1941	22.2095	1722	17.5773	6	535	18	64	32	5	1.21869e+06	5.40891e-05	0.1935	
10166	344	3050	18.8396	24.5417	1731	18.4081	8	535	5	55	17	5	1.17835e+06	6.14137e-05	0.0985	
10124	336	3047	19.7546	21.5111	1734	18.4694	8	534	9	56	11	4	1.17187e+06	5.92031e-05	0.1231	
11467	400	3022	23.6726	27.2114	1819	14	7	531	17	67	19	3	989796	5.70711e-05	0.3173	
11174	400	3044	17.3589	20	1839	15.3191	6	533	12	61	5	3	1.16199e+06	4.81765e-05	0.3586	
10225	343	3044	18.153	23.7767	1765	17.5817	6	533	20	57	8	5	1.19654e+06	5.92171e-05	0.1133	
10501	349	3037	18.213	23.0072	1724	18.1061	8	532	15	55	36	5	1.17794e+06	5.78068e-05	0.1455	
10619	392	3026	18.6164	22.1593	1843	17.9914	8	535	9	55	17	4	1.13684e+06	5.49511e-05	0.2089	
11115	400	3007	22.8145	25.3413	1852	16.9288	10	534	14	64	21	4	1.01824e+06	5.69184e-05	0.2662	
10587	392	3011	18.6164	26.9211	1831	18.5611	8	535	14	57	7	3	1.11478e+06	5.98015e-05	0.1365	
11474	400	2986	22.5859	25.8624	1882	16.802	10	533	17	63	19	3	1.00004e+06	5.52547e-05	0.3181	
10441	392	3039	21.8996	26.0943	1751	19	8	532	5	58	48	3	1.07865e+06	6.38447e-05	0.1286	
10493	385	2987	22.0318	27.3753	1900	16.996	8	535	20	57	25	3	1.06384e+06	6.37064e-05	0.1371	
11162	399	2992	19.5305	20.775	1843	18.4443	7	535	16	63	16	4	1.09798e+06	5.0844e-05	0.321	
10290	400	3042	20.6975	22.0833	1764	15.6924	6	535	13	55	26	6	1.12278e+06	5.92487e-05	0.135	
10333	357	3037	17.8657	20.1018	1827	18.96	8	531	14	57	12	4	1.20598e+06	5.50237e-05	0.1894	
11215	343	3023	18.2152	20	1829	18.2098	7	535	12	61	7	3	1.15862e+06	4.87757e-05	0.3524	
11432	394	3009	23.3261	22.4365	1900	17.5649	9	531	17	74	28	3	1.02117e+06	5.26094e-05	0.3982	
10225	363	3044	17.0156	22.64	1753	16.1189	7	529	17	55	8	5	1.22943e+06	5.73987e-05	0.1336	
11301	400	3026	23.9729	24.5132	1810	16.3283	8	534	14	69	19	3	1.00444e+06	5.54539e-05	0.3097	
11293	381	3022	15.7921	23.4208	1754	15.2477	8	533	16	60	8	4	1.20335e+06	5.05638e-05	0.2888	
11085	370	3034	19.9466	23.9146	1848	16.6696	7	534	16	60	30	5	1.08598e+06	5.42594e-05	0.2684	
10225	315	3034	15.6192	22.7726	1770	17.9959	7	535	17	61	2	5	1.32437e+06	5.71265e-05	0.1152	
10975	377	3044	19.1596	20.5647	1769	14.909	9	535	16	58	13	3	1.11549e+06	5.10386e-05	0.2955	
11113	395	3012	22.5845	26.1687	1888	18.8132	8	532	11	60	28	3	1.02168e+06	5.78102e-05	0.2587	
11230	400	3045	21.4363	21.8455	1838	16.6552	9	535	13	61	18	4	1.05094e+06	5.17679e-05	0.3283	
10461	382	3013	16.1907	21.8651	1708	15.3528	5	534	20	56	24	4	1.25066e+06	5.56143e-05	0.1415	
10826	379	3041	15	21.6771	1750	15.0037	6	535	15	62	21	5	1.29458e+06	5.18296e-05	0.2174	
11293	400	3044	22.2649	28.7556	1859	16.6552	10	535	13	59	17	3	1.00296e+06	5.87855e-05	0.2555	
11285	400	3018	18.6547	20	1859	16.6585	7	535	13	56	7	3	1.11693e+06	4.84074e-05	0.3624	
11105	349	3042	16.8296	24.7788	1719	14	6	534	17	56	8	3	1.17461e+06	5.31096e-05	0.2385	
10921	381	3029	15.8029	21.6771	1746	17.351	8	535	7	60	21	5	1.23425e+06	5.16929e-05	0.257	
11091	385	3034	18.5088	20.9556	1813	15.7745	5	534	17	61	23	4	1.13347e+06	5.07357e-05	0.3064	
11227	362	3044	15.6372	20	1831	16.7726	7	535	15	67	6	4	1.25229e+06	4.75263e-05	0.3706	
11368	391	3026	23.6373	26.0248	1816	16.2566	10	525	15	56	32	3	999331	5.68053e-05	0.3213	
11500	400	3041	24.4126	26.7494	1752	15.8479	10	526	5	77	12	3	982346	5.69768e-05	0.3768	
10975	391	3036	17.4228	20.9353	1830	17.4539	7	533	18	62	23	4	1.16597e+06	5.1096e-05	0.2931	
10684	400	3031	19.4847	26.5537	1773	18.5611	7	534	13	61	20	4	1.09324e+06	5.95593e-05	0.1547	
10723	400	3012	16.6492	23.8334	1757	16.2686	10	532	16	58	28	4	1.18509e+06	5.57414e-05	0.1787	
11500	356	3022	15.9219	20	1818	14.801	7	532	8	55	2	3	1.23097e+06	4.6151e-05	0.4415	
11016	400	3050	15	21.1264	1745	15.6643	8	534	9	69	28	5	1.27503e+06	5.04363e-05	0.2767	
10826	364	3046	19.5559	20.8806	1757	18.268	6	535	13	56	22	4	1.12675e+06	5.30701e-05	0.2502	
11247	333	3050	18.3042	20.775	1850	18.3856	7	535	16	67	16	4	1.15961e+06	4.93121e-05	0.3383	
11088	384	3027	16.1917	20.1018	1835	16.7955	6	535	9	64	5	4	1.22043e+06	4.85956e-05	0.3458	
11500	400	3044	18.2504	20	1829	15.3191	6	526	12	61	7	3	1.12878e+06	4.69859e-05	0.434	
11038	400	3044	23.2803	27.7979	1734	16.9366	8	535	14	59	18	5	1.01468e+06	6.02773e-05	0.2243	
11091	385	3022	18.5088	20.9556	1813	15.7745	5	534	17	61	23	4	1.13323e+06	5.08414e-05	0.3064	
10970	368	3050	16.5828	21.6865	1714	17.1533	5	534	16	70	34	4	1.20668e+06	5.22248e-05	0.2524	
11329	378	3050	19.5305	20.775	1843	18.5804	7	535	16	67	3	4	1.10106e+06	4.90581e-05	0.3537	
11312	400	2986	22.5859	25.8624	1882	16.8562	10	533	15	73	19	3	1.00742e+06	5.61041e-05	0.2981	
10664	400	3037	18.7224	21.9503	1788	15.2533	5	534	16	57	27	5	1.14115e+06	5.48246e-05	0.2106	
10804	371	3042	16.8903	20.6783	1756	14.3266	6	535	17	57	16	3	1.20233e+06	5.1406e-05	0.2641	
10893	393	2996	23.1064	29.9322	1731	17.8122	7	535	20	60	32	3	1.02015e+06	6.46705e-05	0.1586	
10808	369	3034	18.5088	20.8806	1829	15.7745	6	534	19	55	29	4	1.15163e+06	5.27704e-05	0.2462	
10988	377	3048	16.3715	21.6865	1849	17.3426	9	533	16	55	34	5	1.20814e+06	5.15996e-05	0.2639	
11169	391	3020	20.2153	22.1275	1803	18.1181	7	534	18	60	17	4	1.07647e+06	5.21295e-05	0.3036	
11500	388	3041	15.6081	21.6771	1721	18.0616	6	535	9	61	21	3	1.21698e+06	4.83723e-05	0.3555	
10482	323	3030	16.1884	21.8651	1725	15.0972	5	534	16	57	22	3	1.27489e+06	5.50812e-05	0.1514	
10723	394	2998	21.9294	22.967	1806	18.7862	9	532	16	56	56	4	1.06911e+06	5.91296e-05	0.1876	
11448	400	3034	23.4652	20.6239	1839	15.9665	7	530	10	57	13	3	1.03659e+06	5.0597e-05	0.4178	
11170	337	3045	15	20.1884	1845	15.2492	6	533	15	60	5	4	1.31019e+06	4.75489e-05	0.3696	
11125	400	3050	18.0363	26.6405	1845	19	6	535	16	57	4	3	1.10065e+06	5.52364e-05	0.2248	
10515	400	3033	17.9696	20	1792	15.5583	6	534	3	57	17	5	1.18062e+06	5.35045e-05	0.2301	
10673	370	3037	19.7118	20	1707	15.2419	8	535	19	57	26	3	1.12805e+06	5.38039e-05	0.2314	
11168	389	3016	22.5084	25.8624	1869	15.2335	10	535	15	72	18	3	1.0199e+06	5.66027e-05	0.2751	
10141	311	3050	20.0568	22.3411	1749	18.4694	5	535	9	56	12	5	1.18296e+06	5.98731e-05	0.1169	
10610	400	3020	18.6164	26.9211	1831	18.5611	8	534	14	55	7	3	1.11068e+06	5.95203e-05	0.1411	
11230	396	3038	22.8145	25.3413	1852	16.6552	10	534	13	69	25	4	1.01563e+06	5.59378e-05	0.2866	
10839	385	2992	19.3214	20.7584	1815	16.7621	8	532	19	57	14	3	1.11615e+06	5.26621e-05	0.2706	
10924	392	3000	18.1037	23.9548	1873	16.3533	7	535	18	59	4	3	1.12164e+06	5.38416e-05	0.2514	
11110	341	3045	18.1962	20.0078	1837	18.5804	7	534	16	67	20	4	1.16874e+06	4.9729e-05	0.3242	
10848	388	3050	20.3005	22.3481	1819	15.7461	8	532	19	60	54	4	1.09351e+06	5.57507e-05	0.2235	
11400	395	3020	22.0114	23.3369	1869	15.7531	10	532	18	59	36	4	1.02751e+06	5.30082e-05	0.3252	
11086	400	3050	22.7567	30	1790	17.3648	10	535	15	63	19	3	1.00679e+06	6.1954e-05	0.199	
10196	315	3044	15.3738	22.0669	1770	17.9959	7	535	19	62	2	5	1.34592e+06	5.65803e-05	0.1157	
11003	337	3050	15	21.6771	1795	15.2472	9	532	18	70	27	5	1.30122e+06	5.09243e-05	0.2623	
11088	371	3043	16.6691	20.1018	1836	16.1021	6	532	7	64	7	4	1.20846e+06	4.86216e-05	0.3532	
10519	381	3015	20.3236	28.9136	1708	14.8675	8	535	20	56	24	4	1.08824e+06	6.4317e-05	0.112	
11500	394	3032	23.9866	29.3503	1816	16.0297	10	525	15	60	32	3	982697	5.98731e-05	0.3072	
11500	368	3044	16.7891	20	1772	15.2761	8	535	10	57	2	3	1.17909e+06	4.63994e-05	0.4398	
10893	393	3035	23.1064	29.9322	1731	15.3862	6	535	20	59	22	3	1.02206e+06	6.37267e-05	0.174	
11162	384	3014	18.7819	20.775	1843	18.4443	7	535	15	63	16	4	1.12082e+06	5.0317e-05	0.3197	
10808	336	3034	18.6319	20	1829	16.7539	5	535	19	55	3	4	1.17381e+06	5.10882e-05	0.2849	
11500	336	3028	15.2222	20.1018	1782	14.2892	7	535	8	57	5	3	1.28167e+06	4.61021e-05	0.425	
10461	382	3013	16.1907	21.8651	1708	15.3528	5	532	20	56	24	4	1.25047e+06	5.55803e-05	0.1468	
11293	388	3044	22.2649	29.4513	1868	15.5955	9	535	10	59	29	3	1.00617e+06	5.9755e-05	0.2433	
11209	400	3007	22.449	30	1759	17.8498	6	535	17	66	66	4	1.01386e+06	6.30279e-05	0.1873	
10827	296	3021	15	20.0871	1705	17.9152	7	534	18	63	25	5	1.35566e+06	5.13242e-05	0.2447	
11270	355	3050	15.0841	22.4585	1769	16.543	7	535	5	67	17	5	1.27022e+06	4.9645e-05	0.305	
10776	400	3042	19.2904	26.6445	1823	17.5272	9	535	11	56	24	4	1.08808e+06	5.87165e-05	0.1672	
11385	400	3044	21.3303	20	1839	15.9341	6	532	10	61	7	3	1.07112e+06	4.89428e-05	0.4314	
10225	307	3044	16.348	22.8527	1748	17.9959	7	529	17	58	14	5	1.29155e+06	5.78972e-05	0.1154	
11113	400	3028	22.4031	26.1687	1900	16.3915	7	535	12	66	18	3	1.02359e+06	5.69833e-05	0.2641	
10333	335	3033	15	20	1818	19	6	533	14	55	16	3	1.35704e+06	5.39433e-05	0.1716	
10924	400	3010	21.0666	22.906	1795	17.5617	9	532	17	61	54	3	1.06532e+06	5.65931e-05	0.2293	
11203	400	3006	22.0505	28.7556	1852	15.617	8	535	13	55	16	3	1.00988e+06	5.95628e-05	0.243	
10809	365	3023	19.1098	20.278	1737	17.5773	6	535	18	64	25	4	1.143e+06	5.29493e-05	0.2604	
11422	398	2974	25	29.0814	1741	18.1362	6	535	8	64	31	6	985783	6.13987e-05	0.2719	
10627	390	3002	15	22.3047	1720	14.689	7	535	11	64	9	5	1.29581e+06	5.36625e-05	0.1852	
11075	400	3016	21.3521	23.7555	1852	15.617	8	535	15	55	16	3	1.04392e+06	5.4487e-05	0.2696	
11384	332	3020	15.4966	23.3962	1812	14.6793	8	535	13	66	3	4	1.24322e+06	4.97265e-05	0.3128	
10697	392	3015	21.8064	28.8556	1852	17.8897	6	535	15	55	22	3	1.049e+06	6.32351e-05	0.1483	
11016	400	3048	15	21.1264	1795	15.6643	4	534	14	62	23	4	1.28233e+06	5.00225e-05	0.2827	
11105	392	3009	22.449	29.1561	1760	15.6644	6	535	16	66	19	3	1.01712e+06	6.10426e-05	0.2185	
10942	400	3043	15.7006	22.931	1751	15.7483	7	534	9	71	19	4	1.22407e+06	5.23725e-05	0.241	
10416	400	3043	19.2904	27.0183	1816	16.6219	10	535	16	56	20	4	1.11264e+06	6.18735e-05	0.1143	
10697	400	3010	21.7641	28.8556	1852	15.617	8	535	16	55	21	3	1.04455e+06	6.30795e-05	0.1547	
11281	400	3033	22.8144	24.3197	1793	16.2633	8	530	15	68	19	3	1.0168e+06	5.46807e-05	0.3156	
10371	363	3044	17.1058	23.7767	1839	16.0977	7	533	17	57	18	5	1.2101e+06	5.76834e-05	0.1281	
11454	399	3012	23.6939	21.6754	1826	16.0146	10	524	12	75	17	3	1.01948e+06	5.19724e-05	0.4399	
11140	370	3040	15.4057	20	1813	16.6696	8	535	16	58	60	4	1.27047e+06	5.03474e-05	0.2842	
11473	382	3005	24.8523	28.2325	1751	16.3304	8	532	19	70	43	3	984613	5.973e-05	0.2847	
11498	388	3037	15.6081	21.6771	1721	18.0478	6	535	9	65	21	3	1.2162e+06	4.84051e-05	0.3552	
10942	400	3042	15.7006	22.931	1751	15.7372	7	534	9	70	19	3	1.22177e+06	5.23533e-05	0.2417	
11281	400	3021	22.8144	24.3197	1799	16.2633	8	530	15	63	19	3	1.01638e+06	5.48065e-05	0.313	
11183	367	3035	15	21.0351	1727	15.465	8	535	9	68	35	4	1.28008e+06	4.97413e-05	0.299	
11313	355	3044	15.7142	22.2824	1795	17.1848	10	535	5	63	19	5	1.22719e+06	4.95417e-05	0.3201	
10663	385	2992	22.0318	27.3753	1886	17.1758	8	535	19	59	15	3	1.05131e+06	6.17627e-05	0.1683	
11294	400	3034	20.4394	24.5965	1843	19	7	535	17	60	13	4	1.04992e+06	5.3559e-05	0.3031	
11230	393	3038	22.8145	25.3413	1884	15.8565	10	534	13	69	25	4	1.01709e+06	5.58098e-05	0.2903	
10654	400	3035	18.0448	20.3431	1746	19	7	535	16	57	24	4	1.16327e+06	5.36107e-05	0.2201	
10426	394	2986	17.1564	23.8672	1843	18.0972	6	534	8	57	14	3	1.18704e+06	5.76369e-05	0.1448	
10590	392	3026	19.2764	22.4013	1846	17.6816	8	535	18	55	10	4	1.11949e+06	5.54416e-05	0.1894	
11500	398	2999	23.9514	24.4849	1732	15.282	10	533	15	73	16	3	993277	5.47196e-05	0.3558	
10482	339	3030	15.7929	21.8651	1708	15.0972	5	534	16	57	23	4	1.28954e+06	5.50509e-05	0.1509	
10803	369	3044	19.8653	22.1613	1782	17.319	8	535	17	57	19	5	1.10744e+06	5.43065e-05	0.2248	
10790	400	3031	24.7342	28.8589	1757	19	7	535	10	63	43	3	1.01799e+06	6.52401e-05	0.1687	
11409	400	3033	20.7	22.3465	1804	18.6865	8	532	19	59	9	4	1.05396e+06	5.0984e-05	0.3524	
11329	400	3050	19.5305	20.775	1843	18.5804	7	535	16	66	15	4	1.09129e+06	4.93754e-05	0.35	
10936	386	3042	19.5559	20.8806	1757	15.2101	6	535	13	56	22	4	1.11307e+06	5.20915e-05	0.2809	
11176	389	3016	23.67	30	1811	18.3857	10	535	11	56	19	3	996989	6.24025e-05	0.2235	
11230	396	3038	22.8145	25.3413	1852	16.6552	10	534	13	69	23	4	1.01555e+06	5.58847e-05	0.2877	
11420	400	3028	22.26	26.1687	1900	16.3915	8	535	12	59	25	3	1.00818e+06	5.53159e-05	0.3107	
10758	369	3043	18.6164	26.6445	1831	16.506	8	535	11	57	13	4	1.11555e+06	5.79912e-05	0.17	
11264	400	3047	16.6441	20	1868	17.9584	6	535	12	65	14	3	1.18522e+06	4.78332e-05	0.3701	
11169	334	3050	15	20.7227	1787	17.7245	9	532	18	70	13	5	1.3008e+06	4.87329e-05	0.333	
10627	390	3002	15	21.5276	1720	14.689	7	535	13	64	9	5	1.29951e+06	5.30054e-05	0.1997	
10936	390	3046	19.5559	24.7387	1792	16.1869	6	534	15	58	29	3	1.08765e+06	5.5816e-05	0.2255	
11473	346	3042	16.4959	20.1352	1829	15.008	6	535	9	58	8	3	1.21107e+06	4.65354e-05	0.4215	
11030	377	3050	16.3715	21.6865	1817	17.3426	9	533	16	55	34	5	1.2057e+06	5.13743e-05	0.27	
11400	395	3036	21.1283	23.3369	1869	15.7531	10	532	20	59	36	4	1.03899e+06	5.24191e-05	0.3265	
11088	371	3043	16.6691	20.1018	1836	16.1021	6	534	7	64	7	4	1.20757e+06	4.86287e-05	0.347	
10450	390	3035	16.8569	22.2095	1708	17.171	7	534	15	57	25	5	1.21577e+06	5.62905e-05	0.1401	
10989	362	3038	15.7123	20	1778	18.5727	6	535	16	58	34	3	1.25947e+06	5.03702e-05	0.2854	
10648	325	3046	17.0258	22.6682	1747	18.4694	7	533	16	55	16	4	1.21982e+06	5.46179e-05	0.1871	
10420	392	3049	18.6164	26.9211	1812	18.5611	8	535	15	56	7	3	1.12882e+06	6.08236e-05	0.1101	
11399	400	3026	22.0505	20.3115	1849	18.0611	10	534	16	66	19	4	1.04951e+06	5.01253e-05	0.4008	
11169	387	2974	25	29.7508	1736	18.1362	6	535	17	55	24	6	998798	6.38529e-05	0.2187	
11313	393	3026	19.8076	22.4013	1843	17.6816	8	535	18	55	10	4	1.07441e+06	5.0984e-05	0.322	
11412	400	3035	22.8145	26.5861	1852	16.9895	10	524	15	69	19	3	999629	5.61577e-05	0.3382	
10580	392	3011	18.6164	27.0965	1831	18.5611	7	535	14	55	7	4	1.11776e+06	6.00528e-05	0.13	
10587	400	3036	19.2904	20.9332	1816	16.6219	10	535	11	56	30	4	1.12575e+06	5.50812e-05	0.2031	
10930	381	3029	15.4547	21.6771	1746	17.351	7	535	15	56	33	4	1.25636e+06	5.20021e-05	0.2338	
10979	400	3020	21.1921	28.957	1822	16.7621	8	532	15	57	8	3	1.03261e+06	6.0518e-05	0.2021	
11500	368	3031	19.4582	20	1894	16.7104	7	534	19	58	5	4	1.11133e+06	4.74406e-05	0.4014	
11473	361	3036	16.3658	20	1779	14.8294	8	535	8	56	4	3	1.20289e+06	4.64511e-05	0.4263	
11301	400	3031	22.8144	23.2631	1845	16.3283	8	535	17	67	5	3	1.0217e+06	5.31321e-05	0.3387	
11227	362	3044	15.6372	20.0255	1781	16.1213	7	535	15	67	6	4	1.25085e+06	4.76304e-05	0.3706	
11322	392	3026	19.2764	22.4013	1843	17.5591	8	535	8	56	10	4	1.08593e+06	5.06663e-05	0.3427	
10575	346	3026	20.8918	29.0942	1708	14.7926	5	534	16	55	11	4	1.0913e+06	6.3674e-05	0.1224	
11285	400	3047	22.8145	23.8718	1864	15.7347	10	527	15	73	31	3	1.01835e+06	5.42358e-05	0.3321	
10225	363	3044	15.5483	23.7767	1767	17.3109	7	534	17	55	4	5	1.29831e+06	5.77801e-05	0.1124	
11500	368	3042	16.4959	20	1772	15.008	8	534	6	57	8	3	1.193e+06	4.64403e-05	0.4363	
10225	313	3044	15.6192	22.1528	1755	17.9959	7	529	17	61	4	5	1.328e+06	5.64366e-05	0.1274	
11079	341	3050	18.1326	20	1824	18.0588	8	534	16	65	24	4	1.16793e+06	5e-05	0.3175	
11076	354	2995	16.0795	25.2976	1761	15.3953	10	535	7	58	2	4	1.28709e+06	4.68406e-05	0.389	
11449	400	3046	22.8145	25.1005	1871	17.0416	10	533	11	72	19	3	1.00431e+06	5.41653e-05	0.3324	
11220	392	3001	20.8372	27.5987	1846	15.3967	8	535	17	61	21	3	1.03188e+06	5.76236e-05	0.2459	
10818	391	3050	21.6003	23.4357	1808	18.1949	9	534	4	58	18	5	1.06258e+06	5.61199e-05	0.2439	
11500	400	3015	16.9452	20	1862	15.5392	6	526	12	61	2	3	1.17092e+06	4.65463e-05	0.4417	
10333	400	3035	15.219	20.1018	1731	19	7	531	14	56	12	4	1.31421e+06	5.41506e-05	0.1714	
10697	400	3010	21.3751	28.8556	1852	16.2167	7	535	16	55	22	3	1.05098e+06	6.29366e-05	0.1477	
10378	400	3027	22.6017	26.267	1776	19	9	534	5	57	31	4	1.06768e+06	6.42674e-05	0.13	
11183	367	3035	15	21.4597	1737	15.2386	8	535	9	68	35	3	1.27436e+06	5.00275e-05	0.2944	
10590	392	3026	16.4038	21.9252	1843	17.6816	8	535	18	55	26	4	1.22113e+06	5.45643e-05	0.1699	
11230	400	3040	20.922	24.0603	1854	16.6552	10	535	13	67	25	4	1.0432e+06	5.37115e-05	0.2947	
11473	382	3005	24.8523	27.1289	1751	17.4834	8	532	18	70	43	3	987945	5.85789e-05	0.3039	
10930	385	2995	22.4461	27.3753	1871	16.5643	10	534	16	57	21	4	1.0299e+06	6.0183e-05	0.2128	
10864	330	3050	20.4249	22.8548	1804	16.1575	9	533	20	55	36	3	1.10727e+06	5.527e-05	0.2215	
11288	337	3050	15.9954	21.635	1787	16.0704	9	533	18	69	27	5	1.23011e+06	4.94486e-05	0.3246	
10587	400	3017	18.8996	26.9211	1775	18.5611	8	535	15	61	20	4	1.11056e+06	6.06355e-05	0.1318	
10833	379	2990	16.7381	22.7989	1774	15.4405	9	533	20	55	37	3	1.18647e+06	5.45019e-05	0.2014	
10225	307	3044	16.348	22.8527	1784	17.9959	7	529	17	58	14	5	1.29092e+06	5.77968e-05	0.1175	
11470	392	3030	24.0864	20.4098	1793	17.1899	10	526	18	64	7	3	1.02803e+06	5.08544e-05	0.4284	
11490	400	3043	22.5559	21.9471	1859	16.6552	10	535	12	60	21	3	1.02615e+06	5.0997e-05	0.3716	
11500	336	3035	15.1547	20.1018	1835	14.2892	7	533	8	58	5	3	1.28813e+06	4.59074e-05	0.439	
11329	392	2992	19.3	27.5987	1798	15.6639	8	535	16	61	21	3	1.05532e+06	5.66251e-05	0.2415	
10627	390	3002	15.2794	22.3047	1718	14.689	7	535	11	65	9	5	1.27719e+06	5.38242e-05	0.1869	
11500	374	3042	16.1568	20	1766	15.008	8	534	6	57	4	4	1.2082e+06	4.62642e-05	0.4341	
11144	398	2995	22.2344	21.6145	1754	17.8719	9	535	20	69	22	4	1.04555e+06	5.34902e-05	0.3092	
10799	400	3050	20.8894	23.9959	1794	18.5117	9	534	4	59	25	5	1.06897e+06	5.67472e-05	0.2247	
10776	400	3042	19.2904	26.6445	1823	17.5272	10	535	11	56	24	4	1.08706e+06	5.87337e-05	0.1673	
11500	400	3027	15.36	20	1795	15.9655	8	535	8	57	12	3	1.23737e+06	4.63263e-05	0.4227	
11500	397	3031	19.898	20	1772	17.2738	8	534	8	57	23	3	1.08742e+06	4.84332e-05	0.4173	
11230	400	3040	20.922	23.8634	1838	16.6552	10	535	13	67	25	4	1.04376e+06	5.35733e-05	0.2976	
11424	400	3003	19.4796	21.2803	1877	15.9367	6	535	14	60	2	4	1.08808e+06	4.90509e-05	0.3641	
11500	400	3040	18.2504	20	1829	15.3191	6	528	12	61	7	3	1.12902e+06	4.70079e-05	0.4281	
10789	400	3030	20.0575	22.6555	1768	18.0569	10	531	18	60	42	4	1.09007e+06	5.62493e-05	0.2106	
11452	400	3025	21.8329	28.7556	1859	16.6552	7	535	11	73	17	3	1.00324e+06	5.78102e-05	0.2788	
11199	389	3050	15.4075	22.4284	1817	17.5482	9	534	16	70	34	3	1.22916e+06	5.07537e-05	0.278	
11016	400	3027	17.4424	23.4615	1814	15.1895	6	534	15	57	29	3	1.14221e+06	5.32056e-05	0.2478	
11306	394	3034	21.1447	21.8881	1798	18.0033	8	533	19	66	75	3	1.06071e+06	5.37461e-05	0.2931	
10420	392	3049	18.6164	26.9211	1812	18.5611	8	535	15	57	7	3	1.12902e+06	6.08199e-05	0.1126	
11061	396	3003	25	29.2444	1815	19	7	535	10	59	37	4	999191	6.36497e-05	0.2108	
10160	400	2974	21.739	23.826	1714	18.0119	7	535	12	57	25	3	1.10275e+06	6.38692e-05	0.1188	
11334	366	3048	15.2572	23.0052	1730	15.4368	7	534	12	61	19	4	1.24555e+06	4.99525e-05	0.3049	
11115	399	3007	22.8145	25.3413	1852	16.9288	10	534	13	68	21	4	1.01895e+06	5.68861e-05	0.2719	
11169	400	3036	20.2153	22.1275	1838	17.4539	7	535	18	62	27	4	1.07486e+06	5.21893e-05	0.2925	
10758	369	3049	18.6164	26.6445	1831	16.506	8	535	16	57	13	4	1.11572e+06	5.79677e-05	0.1625	
10225	304	3044	15.6192	22.1528	1759	17.9959	8	529	17	61	2	5	1.33279e+06	5.63412e-05	0.1314	
11151	362	3033	16.2806	20	1823	16.1021	6	535	15	71	6	4	1.22615e+06	4.82742e-05	0.3543	
11400	391	3002	24.8523	27.3929	1804	16.3304	10	525	19	78	43	3	985244	5.91366e-05	0.3171	
11500	396	3016	22.8145	24.6304	1797	15.8479	10	529	13	65	25	4	1.00651e+06	5.40833e-05	0.3596	
11199	389	3042	15.4075	22.4284	1801	17.5482	9	532	16	70	11	3	1.22661e+06	5.00125e-05	0.2987	
10410	358	3032	16.5724	22.2095	1712	17.5773	7	534	16	58	25	5	1.24383e+06	5.6638e-05	0.1354	
11301	400	3025	23.9729	23.6891	1804	16.3283	8	534	15	69	19	3	1.0098e+06	5.47136e-05	0.3314	
10950	393	2994	21.7228	27.3753	1801	16.7419	6	535	17	55	37	3	1.04016e+06	6.04595e-05	0.1891	
10587	392	3040	18.8339	24.0059	1811	17.1297	6	535	4	56	14	3	1.12541e+06	5.66572e-05	0.1888	
11204	388	2990	21.2467	22.0918	1768	15.8083	10	532	20	65	17	4	1.05341e+06	5.26787e-05	0.3189	
11204	388	2990	21.2467	22.7989	1768	15.4405	10	532	20	57	17	4	1.04894e+06	5.32879e-05	0.31	
10862	400	3050	17.8556	20.9916	1837	18.5804	7	535	16	67	20	4	1.15349e+06	5.19859e-05	0.2675	
10590	400	3026	18.9983	22.4013	1843	17.6816	8	535	17	59	10	4	1.12514e+06	5.53189e-05	0.1972	
10196	339	3044	15.6192	22.0669	1770	17.9959	7	535	19	62	2	5	1.31635e+06	5.66765e-05	0.1163	
11216	382	3013	20.9999	23.9513	1899	17.1559	6	533	16	56	10	4	1.05664e+06	5.34531e-05	0.2981	
11003	390	3050	20.1953	21.7253	1857	15.7677	8	531	19	58	56	4	1.09071e+06	5.39607e-05	0.2659	
11399	400	3028	22.0505	21.1508	1885	16.6552	10	535	12	73	21	3	1.04033e+06	5.0638e-05	0.412	
11462	382	3039	21.1923	27.0864	1764	17.9342	8	535	14	59	7	4	1.0266e+06	5.57289e-05	0.2821	
11370	335	3044	15.2572	21.6771	1727	15.4641	8	535	9	68	33	4	1.26988e+06	4.9099e-05	0.323	
11500	398	2999	24.4126	26.7494	1732	15.9225	10	526	11	76	12	3	981444	5.74449e-05	0.3698	
10731	376	2990	16.7381	22.7989	1768	16.2136	9	535	20	55	37	3	1.19499e+06	5.54047e-05	0.1766	
10652	399	3025	22.5742	25.2267	1802	18.4153	8	535	15	57	45	4	1.05475e+06	6.13497e-05	0.1567	
10819	400	3042	24.1042	25.1196	1717	18.0413	10	533	17	60	37	3	1.02409e+06	6.04924e-05	0.209	
11417	397	3016	22.8144	23.4508	1857	16.4639	7	534	15	70	23	3	1.02007e+06	5.31491e-05	0.3378	
10994	365	2990	16.7381	22.6619	1815	15.1433	9	532	20	55	37	3	1.18395e+06	5.30729e-05	0.2412	
10781	385	2994	20.9621	29.0297	1815	16.9704	8	532	19	57	14	3	1.0518e+06	6.22859e-05	0.1597	
10979	396	3003	21.9294	22.967	1817	19	9	532	16	56	54	4	1.05328e+06	5.68214e-05	0.2367	
11281	400	3025	22.8144	24.3197	1799	16.2633	8	530	15	68	19	3	1.01669e+06	5.47375e-05	0.3147	
11264	354	3033	17.3589	20	1868	17.9584	6	535	14	62	11	3	1.18095e+06	4.80769e-05	0.3573	
11500	393	3044	23.6388	20	1795	17.5499	10	532	16	85	19	3	1.03464e+06	5.02462e-05	0.4364	
11117	341	3040	17.0285	21.9657	1899	17.0128	5	534	20	58	6	4	1.19386e+06	5.00776e-05	0.3132	
11493	377	3041	20.8787	20.8537	1781	16.805	6	534	15	66	9	3	1.07413e+06	4.91376e-05	0.3907	
10774	399	3031	17.1833	22.2212	1744	17.5773	7	534	17	64	26	5	1.17602e+06	5.40249e-05	0.2136	
10862	389	3050	16.3715	22.9498	1794	15.872	10	535	18	61	32	5	1.19842e+06	5.36136e-05	0.2012	
10591	356	3026	15.715	21.529	1708	15.0972	5	535	16	60	23	3	1.2757e+06	5.39491e-05	0.1733	
11426	361	3043	16.4959	20	1780	14.9579	8	534	8	57	2	3	1.19902e+06	4.66179e-05	0.4242	
11257	400	3046	21.6627	21.6788	1855	14.283	10	527	17	64	33	4	1.04916e+06	5.1878e-05	0.3571	
10494	349	3042	18.213	24.3973	1801	16.8056	6	535	18	56	33	4	1.17087e+06	5.86166e-05	0.1282	
11500	400	3050	20.0809	20	1839	15.3191	6	530	12	61	7	3	1.08787e+06	4.76826e-05	0.428	
11500	400	3044	17.3589	20	1827	16.8967	6	526	11	61	7	3	1.15428e+06	4.67464e-05	0.4493	
10968	378	2992	21.5876	25.4438	1900	16.7007	8	532	19	57	15	3	1.0473e+06	5.71331e-05	0.2402	
11077	400	3032	15.7006	22.931	1758	15.982	7	534	9	66	19	4	1.21626e+06	5.15358e-05	0.263	
10587	392	3046	19.5062	25.3092	1773	18.5553	8	535	12	58	21	4	1.1062e+06	5.89484e-05	0.151	
10587	400	3043	19.2904	26.6445	1816	17.2529	10	535	11	56	13	4	1.09865e+06	5.97086e-05	0.1438	
10378	400	3023	22.6017	26.5179	1749	19	9	534	19	59	40	4	1.0715e+06	6.53979e-05	0.1129	
11432	394	3016	23.6373	26.0248	1820	17.5649	9	525	18	73	34	3	996657	5.64717e-05	0.3358	
11475	391	3040	22.8144	30	1845	14	10	528	15	60	3	3	989133	5.95026e-05	0.2803	
10441	392	3027	22.4727	26.0943	1749	19	9	532	8	58	46	3	1.06916e+06	6.42963e-05	0.1284	
11079	341	3050	18.1962	20.0078	1825	18.0588	8	534	16	66	22	4	1.16696e+06	4.99525e-05	0.3178	
11169	387	2965	23.6741	29.7508	1741	17.6469	8	535	13	64	24	6	1.00415e+06	6.29327e-05	0.2201	
10750	356	3026	15.7929	21.8651	1708	15.0972	5	535	16	64	20	3	1.25702e+06	5.29773e-05	0.2071	
11204	388	2990	20.9777	27.0901	1757	16.2639	10	533	20	57	43	4	1.03651e+06	5.84078e-05	0.2233	
11500	400	3050	18.5257	20	1836	14.8631	6	532	12	61	11	3	1.11946e+06	4.70721e-05	0.4123	
11105	392	3042	17.4358	24.7788	1739	14	6	534	15	58	9	3	1.13218e+06	5.33248e-05	0.2438	
10631	392	2990	19.7253	22.7989	1774	15.4405	9	535	20	60	37	3	1.10567e+06	5.75109e-05	0.1763	
11078	363	3045	18.1962	20.0078	1837	18.5804	7	534	16	69	22	4	1.15653e+06	5.002e-05	0.3195	
11107	392	2992	19.3235	27.5987	1808	15.3967	8	535	16	63	5	3	1.06367e+06	5.74218e-05	0.2154	
11174	400	3023	18.2152	20	1843	15.6672	7	535	14	61	2	3	1.13131e+06	4.86405e-05	0.353	
10390	360	3050	15.5405	20	1731	18.5734	8	534	5	55	18	5	1.30761e+06	5.38764e-05	0.1814	
11072	400	3039	21.6003	23.1154	1824	18.1949	8	534	7	60	15	5	1.05118e+06	5.4057e-05	0.2905	
11500	397	2999	24.4126	26.7494	1732	15.8479	10	526	11	77	12	3	981784	5.74548e-05	0.3697	
11500	398	3031	19.4582	20	1899	16.7104	7	534	20	58	5	4	1.09758e+06	4.74293e-05	0.402	
11144	399	3004	22.2344	21.6145	1754	17.8719	9	535	20	69	21	4	1.0454e+06	5.33732e-05	0.3105	
10466	400	3024	19.4847	25.5779	1775	18.5611	7	534	15	62	20	4	1.11466e+06	6.04084e-05	0.1377	
10891	400	3017	15.732	21.2873	1763	18.5611	8	535	14	61	20	4	1.2326e+06	5.17304e-05	0.2511	
11399	394	3005	20.2061	26.1726	1798	18.0033	8	535	20	71	75	3	1.0466e+06	5.68796e-05	0.2423	
11411	313	3036	18.9692	20.9831	1899	17.0128	6	534	20	58	5	5	1.15635e+06	4.84614e-05	0.3608	
10521	400	3042	20.2061	23.2424	1787	18.2094	9	532	16	60	16	3	1.09715e+06	5.75606e-05	0.1794	
11075	398	3016	21.584	23.3632	1791	15.617	8	535	14	61	16	3	1.04416e+06	5.44099e-05	0.279	
10489	392	3000	16.6224	23.9548	1873	16.2192	8	535	18	59	4	3	1.20007e+06	5.63222e-05	0.1569	
10994	395	3004	18.5822	22.1242	1884	16.9493	6	535	16	55	52	4	1.12649e+06	5.38358e-05	0.2427	
10919	389	3049	20.1318	24.2008	1737	17.8518	7	532	16	56	31	4	1.08073e+06	5.60695e-05	0.2338	
11256	392	3034	22.674	24.4962	1853	15.9093	9	531	12	76	4	3	1.02031e+06	5.44218e-05	0.322	
11473	382	3005	24.8523	28.2325	1751	16.3304	8	532	19	76	43	3	984283	5.9673e-05	0.2887	
10225	368	3044	15.6192	22.1528	1755	18.2642	6	530	17	61	4	5	1.30012e+06	5.64557e-05	0.1227	
11117	361	3040	17.0614	20.1865	1833	17.0128	10	535	20	59	6	4	1.18345e+06	4.87995e-05	0.3252	
11169	337	3050	15.0183	21.6771	1787	16.0704	9	533	18	70	27	5	1.29083e+06	4.99226e-05	0.2864	
11230	396	3016	22.8145	25.3413	1865	16.6552	10	534	13	68	25	4	1.01519e+06	5.61199e-05	0.2861	
10500	400	3029	19.4847	26.9211	1775	18.5333	8	534	20	59	22	4	1.10498e+06	6.16713e-05	0.116	
10864	400	3036	20.7547	22.0493	1818	16.1751	8	530	17	55	36	3	1.07575e+06	5.47795e-05	0.2474	
11369	392	2992	19.3235	27.5987	1798	15.3967	8	535	16	61	21	3	1.05317e+06	5.64079e-05	0.2477	
10950	385	2966	19.5914	27.3753	1872	16.7621	9	535	20	57	15	3	1.06715e+06	5.86923e-05	0.1924	
10396	400	3038	18.0448	21.8651	1708	17.1692	8	535	16	57	24	4	1.17211e+06	5.69314e-05	0.1498	
11500	400	3016	22.5682	24.5186	1754	16.7367	10	535	16	66	4	3	1.0051e+06	5.35762e-05	0.3715	
10627	390	3027	15	21.9911	1720	15.8526	7	533	11	64	9	6	1.29923e+06	5.32198e-05	0.1963	
11500	336	3035	15.6808	20.2379	1856	14.2892	6	535	11	60	5	3	1.25755e+06	4.61233e-05	0.4245	
11105	349	3042	17.4358	24.7788	1749	14.8676	6	534	15	58	14	3	1.15215e+06	5.34845e-05	0.2407	
10950	385	2994	21.7228	27.3753	1792	15.4197	6	535	17	55	37	3	1.0426e+06	6.03865e-05	0.1921	
11212	400	3050	18.7666	20.775	1843	18.3016	6	535	16	67	16	4	1.11525e+06	4.96919e-05	0.3312	
11267	339	3030	15.7929	22.7184	1708	15.6446	5	535	16	55	23	4	1.23897e+06	5.05306e-05	0.2889	
10938	389	3050	16.3715	21.6865	1827	15.872	10	533	17	65	32	4	1.19937e+06	5.18834e-05	0.2602	
10930	400	3032	20.349	28.7556	1842	16.6552	10	535	15	64	19	3	1.04825e+06	6.02047e-05	0.1855	
10452	394	3026	20.8918	28.8119	1753	19	5	531	16	55	11	4	1.08136e+06	6.4512e-05	0.1035	
10994	380	3044	19.8653	22.1613	1782	17.319	8	535	17	57	19	5	1.09318e+06	5.29661e-05	0.2678	
10225	366	3043	17.4922	23.7767	1763	16.0689	7	532	17	55	3	5	1.20406e+06	5.84624e-05	0.1172	
11329	399	3050	19.5305	20.5523	1843	18.6749	6	535	16	69	16	4	1.09687e+06	4.92223e-05	0.3548	
11420	374	3009	22.449	29.1561	1760	15.6644	8	535	16	66	20	3	1.00545e+06	5.9312e-05	0.2503	
11301	400	3025	21.7986	23.2631	1896	18.204	8	534	12	73	19	3	1.03423e+06	5.29017e-05	0.3305	
11183	340	3050	16.1662	21.6771	1794	15.2251	9	535	19	62	27	3	1.21945e+06	4.99925e-05	0.303	
10647	400	3034	18.0448	21.8651	1708	16.9922	8	535	16	57	21	4	1.15151e+06	5.46717e-05	0.2081	
11449	395	3046	22.8145	23.9475	1845	16.2518	10	526	12	67	20	3	1.01403e+06	5.3183e-05	0.3564	
11473	391	3046	19.7118	20	1768	15.6939	8	535	9	57	24	3	1.09043e+06	4.82742e-05	0.4098	
11500	368	3031	19.4582	20	1899	16.7104	7	534	20	58	5	4	1.11147e+06	4.74316e-05	0.4019	
10652	391	3039	19.2879	25.3766	1811	17.8855	8	535	15	59	13	4	1.10463e+06	5.7971e-05	0.1719	
10225	309	3044	16.0323	23.5448	1791	17.7866	7	529	17	56	2	5	1.2994e+06	5.75473e-05	0.1119	
11079	400	3029	16.3119	22.2627	1700	15.0293	6	534	9	68	10	4	1.19151e+06	5.09554e-05	0.295	
11025	393	3025	20.0088	26.77	1849	18.5611	10	535	15	59	19	4	1.05856e+06	5.74581e-05	0.2189	
11500	343	3042	16.4959	20	1772	15.4987	8	534	17	61	2	4	1.20939e+06	4.63994e-05	0.4265	
11235	400	3004	18.7833	20.7294	1854	18.456	6	535	15	60	3	4	1.11329e+06	4.95148e-05	0.3404	
10446	400	3027	22.6017	26.267	1749	19	9	534	5	57	50	5	1.06966e+06	6.48466e-05	0.1202	
11446	400	2986	22.5859	25.8624	1882	16.3372	10	534	15	57	19	3	1.00034e+06	5.54232e-05	0.3124	
11027	388	3050	21.1186	26.7535	1852	17.8362	10	534	16	60	34	4	1.04469e+06	5.81497e-05	0.2232	
10684	400	3019	19.4847	26.9211	1775	18.5611	8	534	15	61	20	4	1.08991e+06	6.01106e-05	0.1481	
10947	399	3016	20.349	28.7556	1857	16.6552	5	535	19	64	31	3	1.05526e+06	6.06208e-05	0.1775	
11285	400	3047	22.8145	23.8718	1864	16.5735	10	527	15	73	31	3	1.0188e+06	5.42711e-05	0.3302	
10864	400	3036	20.4249	21.2712	1818	16.1575	8	533	19	60	36	3	1.08814e+06	5.40044e-05	0.2518	
11293	388	3044	22.2649	29.6464	1809	16.6552	9	535	11	59	16	3	1.00566e+06	5.99916e-05	0.2317	
10804	371	3042	18.2273	20.6783	1756	14.3266	7	534	15	57	23	3	1.15386e+06	5.22493e-05	0.2588	
10587	400	3032	22.8779	26.6445	1811	17.8855	9	534	11	59	13	4	1.04591e+06	6.1885e-05	0.1762	
10225	387	3044	17.0156	23.2184	1804	16.0977	7	529	17	55	11	5	1.21831e+06	5.79811e-05	0.1227	
11400	391	3002	24.8523	27.3929	1804	16.3304	10	525	19	83	21	3	985760	5.87924e-05	0.3381	
10580	392	3011	18.6164	27.0965	1805	18.5611	7	535	14	55	7	4	1.11801e+06	6.01359e-05	0.1264	
10587	382	3034	21.3282	24.8704	1900	17.9342	9	535	16	59	23	4	1.07571e+06	5.93437e-05	0.1767	
10587	400	3017	19.4847	26.9211	1775	18.5333	8	535	16	59	22	4	1.09741e+06	6.10165e-05	0.1273	
10923	393	3005	21.7228	27.3753	1801	15.8234	6	535	17	55	37	3	1.04189e+06	6.04814e-05	0.1863	
11264	400	3016	25	26.0248	1900	16.2754	10	535	20	74	31	3	991003	5.79845e-05	0.2988	
11263	381	3009	23.4489	25.4964	1807	18.1853	8	534	17	55	22	4	1.01411e+06	5.68537e-05	0.276	
11086	400	3049	22.7567	30	1775	15.9334	10	535	15	64	19	3	1.00662e+06	6.19195e-05	0.2012	
11329	389	3050	19.5305	20.775	1835	18.5804	7	534	16	58	12	4	1.09847e+06	4.92878e-05	0.3509	
10900	400	3050	21.054	23.3164	1803	18.8118	9	535	3	55	18	5	1.06312e+06	5.52425e-05	0.2483	
11468	391	3016	23.7797	24.1825	1757	16.9379	10	533	16	66	11	3	1.00051e+06	5.42329e-05	0.3388	
10824	386	3001	21.2153	28.957	1768	17.2129	8	532	19	57	15	3	1.04647e+06	6.21968e-05	0.1624	
11414	397	3031	19.5682	20.9831	1900	17.0477	7	533	20	60	5	4	1.08883e+06	4.87353e-05	0.3674	
11229	397	2992	23.3416	30	1752	17.757	6	534	11	62	2	6	1.14894e+06	4.74496e-05	0.3709	
10619	392	3020	18.6164	22.1593	1843	17.9914	8	535	9	55	17	4	1.1367e+06	5.50085e-05	0.2089	
11227	400	3025	21.5375	25.4204	1789	16.3283	8	535	14	63	16	3	1.02804e+06	5.53833e-05	0.2841	
10862	341	3050	19.1042	20.0078	1837	18.5804	7	535	16	67	20	4	1.15566e+06	5.17572e-05	0.2931	
11254	302	3043	17.0457	20	1836	16.1021	7	535	12	64	3	4	1.23391e+06	4.76804e-05	0.3701	
11410	360	3039	18.235	20.1865	1882	14.7726	6	535	20	58	8	4	1.14894e+06	4.74496e-05	0.3709	
11399	400	3026	20.7613	21.1508	1811	14.8533	10	535	11	73	19	3	1.05565e+06	5.00551e-05	0.3636	
10750	337	3026	15.7929	21.8651	1708	15.0972	5	534	16	64	20	3	1.2677e+06	5.29661e-05	0.211	
10833	365	2990	16.7381	22.7989	1768	15.4405	9	533	20	55	37	3	1.19255e+06	5.45167e-05	0.2008	
10876	400	3012	21.0309	25.2508	1774	14.4549	10	532	16	58	24	4	1.05352e+06	5.7607e-05	0.2299	
10929	369	3034	19.2484	20.8806	1829	16.1352	6	534	20	55	29	4	1.12721e+06	5.22712e-05	0.2607	
10587	400	3048	19.0053	26.6445	1775	18.5611	8	534	11	59	13	4	1.10813e+06	5.97086e-05	0.139	
11332	382	3042	23.3241	27.7979	1764	17.9342	8	535	14	59	8	4	1.00467e+06	5.82547e-05	0.2701	
11086	388	3016	22.0505	29.7946	1768	15.3353	9	535	15	73	17	3	1.01801e+06	6.15422e-05	0.2028	
11473	390	3050	19.7118	20.1299	1781	15.6939	8	535	14	57	24	3	1.08931e+06	4.83255e-05	0.3978	
11500	388	3041	15.6081	21.6771	1700	18.0616	6	535	9	61	21	3	1.2171e+06	4.84426e-05	0.3522	
11029	379	3026	22.26	26.5796	1899	16.2483	8	535	13	59	19	3	1.033e+06	5.79878e-05	0.2388	
11500	382	3025	18.2465	20	1899	18.1747	9	532	20	59	14	4	1.13057e+06	4.73418e-05	0.3911	
10579	349	3050	22.3959	24.8183	1724	18.4081	6	533	17	56	33	4	1.08226e+06	6.08162e-05	0.154	
11410	313	3036	18.9056	20.9831	1899	17.9192	6	535	20	58	5	4	1.15451e+06	4.84801e-05	0.3556	
11105	349	3042	17.4358	24.7788	1719	14.3266	6	534	15	58	9	3	1.15224e+06	5.34017e-05	0.242	
10723	394	3012	20.2061	21.2262	1796	18.6002	9	534	16	58	19	4	1.09864e+06	5.46418e-05	0.2295	
11500	354	3049	16.4959	20	1785	14.6746	7	535	6	57	5	3	1.20374e+06	4.62513e-05	0.4369	
11395	383	3049	19.5934	22.1275	1846	17.4539	8	534	18	62	23	4	1.08227e+06	5.0317e-05	0.3467	
11016	393	3017	17.9003	20.1845	1792	15.5244	6	535	16	61	17	4	1.15305e+06	5.0274e-05	0.3068	
11293	388	3044	22.2649	29.6464	1809	16.6552	9	535	11	59	16	3	1.00566e+06	5.99916e-05	0.2317	
11223	398	3050	19.5305	20.775	1850	18.3856	8	535	16	67	16	4	1.09464e+06	4.999e-05	0.3329	
10580	396	3038	18.6164	26.9432	1831	18.5611	7	535	16	55	2	3	1.11514e+06	5.93965e-05	0.1322	
10936	386	3046	19.5559	20.8806	1749	15.2101	6	535	13	56	22	4	1.11335e+06	5.20752e-05	0.2831	
10587	400	3017	19.4847	26.9211	1775	18.5611	8	535	15	61	20	4	1.0972e+06	6.0905e-05	0.1326	
11253	395	3020	22.8145	25.4378	1845	15.9093	9	531	12	55	19	3	1.01342e+06	5.5991e-05	0.2945	
11500	388	2989	23.9467	20.8337	1848	16.764	10	533	15	56	19	3	1.02576e+06	5.13426e-05	0.4011	
10818	400	3029	22.0505	24.6871	1806	15.8471	6	535	15	55	33	3	1.04946e+06	5.8214e-05	0.1995	
10715	326	3034	15.8125	22.2095	1718	18.1164	7	534	18	61	19	5	1.27436e+06	5.36682e-05	0.1877	
10841	385	2992	21.5876	25.4438	1886	16.7621	8	532	19	59	7	3	1.0517e+06	5.77667e-05	0.2325	
11229	397	2992	23.3416	30	1752	17.757	5	535	11	62	21	6	1.00487e+06	6.23131e-05	0.2236	
11449	400	3016	23.2714	23.408	1833	15.9093	10	524	12	73	19	3	1.01031e+06	5.32538e-05	0.3816	
10587	390	3033	21.2044	25.2329	1850	18.5526	9	534	19	59	28	4	1.07464e+06	6.00853e-05	0.1559	
11395	371	3049	21.057	21.853	1846	17.023	8	534	19	59	23	4	1.06666e+06	5.07254e-05	0.3392	
11227	362	3044	15.6372	20	1834	16.1213	7	535	15	67	6	4	1.2529e+06	4.74744e-05	0.3708	
11117	336	3040	17.678	21.7154	1899	17.0128	6	534	20	55	6	4	1.17374e+06	5.00851e-05	0.31	
11500	380	3044	20.6306	20.0779	1839	16.326	6	535	15	61	2	3	1.08324e+06	4.798e-05	0.4223	
11467	400	3022	23.6726	27.2114	1803	14	8	531	17	62	19	4	990680	5.71821e-05	0.3107	
10723	400	3012	20.2061	23.8334	1774	18.2026	10	532	16	58	28	4	1.08273e+06	5.74317e-05	0.1961	
11400	400	3047	22.8145	22.0659	1851	16.6566	10	528	18	71	31	3	1.02592e+06	5.20318e-05	0.3769	
10723	353	3027	15.6946	20.9321	1708	16.67	8	534	20	56	24	4	1.27005e+06	5.26094e-05	0.2066	
11301	400	3021	22.8144	23.4554	1845	17.4215	8	534	17	67	13	3	1.02003e+06	5.36366e-05	0.3226	
11110	341	3045	18.1962	20.0078	1837	18.6695	7	534	16	57	17	4	1.16898e+06	4.95786e-05	0.3201	
10632	385	2995	21.7856	24.5791	1850	18.5526	9	535	19	59	25	4	1.06565e+06	5.9673e-05	0.1721