10257	391	3021	23.3307	28.3758	1733	18.0304	6	529	16	55	19	4	1.07132e+06	6.77874e-05	0.1082	
11500	400	3044	17.3589	20	1827	16.8592	9	526	12	69	2	3	1.1478e+06	4.66962e-05	0.4605	
11500	391	3003	24.8523	28.2325	1788	18.9191	10	530	19	57	43	3	979343	5.98982e-05	0.2867	
10234	398	2990	20.9186	28.1567	1707	18.5581	6	528	13	55	21	4	1.10036e+06	6.67111e-05	0.0929	
11500	337	3043	15	20.1018	1860	16.1021	6	535	11	65	5	4	1.30028e+06	4.58968e-05	0.4321	
10272	308	3030	15	20.1018	1767	18.9072	7	533	17	55	13	4	1.38152e+06	5.4612e-05	0.1467	
10333	308	3032	15.09	20.1018	1777	18.1973	7	535	17	55	11	4	1.36834e+06	5.39142e-05	0.1623	
10246	368	3035	15	20.4689	1726	17.7672	6	535	14	57	14	4	1.34892e+06	5.51755e-05	0.1269	
10234	398	2985	19.3746	28.1567	1707	18.4843	6	528	13	55	12	4	1.12621e+06	6.54022e-05	0.0945	
10246	341	3035	15	20.4689	1827	17.7672	6	535	14	59	14	4	1.36025e+06	5.50388e-05	0.1366	
10697	400	3042	24.212	29.8201	1700	16.884	7	533	16	60	37	3	1.02633e+06	6.64408e-05	0.1517	
10790	400	3021	24.7342	28.8589	1710	19	7	535	10	63	49	3	1.01897e+06	6.57851e-05	0.1644	
10333	308	3030	15	20.1018	1767	18.6969	7	533	17	55	13	4	1.37634e+06	5.40687e-05	0.1599	
11500	400	3044	21.3303	20	1839	14.2991	6	529	12	62	7	3	1.06838e+06	4.83185e-05	0.4586	
10264	391	3033	22.7576	28.3758	1777	17.8504	6	534	17	55	18	3	1.07481e+06	6.70196e-05	0.1023	
11500	400	3044	17.3589	20	1827	17.2242	9	526	12	63	2	3	1.148e+06	4.66875e-05	0.4538	
10333	361	3037	15	20.1997	1850	19	5	535	14	55	13	4	1.3444e+06	5.383e-05	0.1724	
10827	296	3021	15	20.0871	1705	17.9152	7	534	18	63	25	5	1.35566e+06	5.13242e-05	0.2447	
10333	326	3033	15	20.1997	1850	19	5	533	14	55	20	4	1.36601e+06	5.42417e-05	0.1592	
10511	391	3010	25	26.3491	1815	19	7	533	19	56	51	4	1.0477e+06	6.6177e-05	0.1306	
10674	393	2996	23.1064	30	1735	18.7437	7	531	20	59	33	3	1.03564e+06	6.664e-05	0.1334	
10333	376	3020	15	20.1018	1825	17.244	7	533	17	55	17	5	1.33964e+06	5.41126e-05	0.1662	
10264	391	2998	22.7576	28.3758	1777	17.6881	6	534	17	55	18	3	1.07359e+06	6.74127e-05	0.1029	
10333	308	3030	15	20.1018	1767	18.1973	7	535	17	55	13	4	1.3765e+06	5.40424e-05	0.1531	
11500	400	3044	17.3589	20	1827	16.8967	7	526	12	61	2	3	1.15311e+06	4.66418e-05	0.4496	
10612	346	3050	15	20.403	1750	15.1301	4	531	20	56	30	4	1.34028e+06	5.25597e-05	0.1966	
10894	400	3042	24.6342	29.8201	1708	17.037	10	533	16	63	37	3	1.0071e+06	6.50618e-05	0.1834	
10288	363	3044	15.309	23.2066	1751	15.5178	7	535	17	55	2	5	1.30856e+06	5.64143e-05	0.1144	
10378	400	3019	22.6017	26.267	1749	18.8741	9	532	12	57	56	4	1.07623e+06	6.60153e-05	0.1087	
11015	400	3016	22.0505	30	1775	15.9334	5	535	15	55	23	4	1.02503e+06	6.25978e-05	0.1783	
10609	399	3042	24.9812	29.8201	1708	17.3055	7	533	16	62	37	3	1.02925e+06	6.77782e-05	0.1473	
10637	364	3037	25	29.2444	1764	18.7551	8	533	10	55	48	4	1.03887e+06	6.7595e-05	0.1312	
11500	368	3042	16.4959	20	1772	14.9579	8	534	8	61	2	3	1.19212e+06	4.63328e-05	0.444	
11003	317	3043	15	22.3575	1795	15.5116	9	535	15	58	29	5	1.31117e+06	5.14721e-05	0.2436	
10333	387	3035	15.1235	20.1018	1731	18.96	7	533	14	56	12	4	1.32516e+06	5.41419e-05	0.1611	
10246	368	3035	15	20.4689	1827	17.7672	6	535	14	59	14	4	1.34741e+06	5.50388e-05	0.1367	
11249	380	3042	24.212	29.9326	1708	17.5267	7	533	16	62	3	3	998011	6.17932e-05	0.2378	
10964	306	3045	15	21.5544	1795	17.7882	9	534	16	70	13	4	1.32251e+06	5.06457e-05	0.2664	
11086	400	3016	22.7567	30	1775	15.9334	10	535	15	56	19	3	1.00561e+06	6.24025e-05	0.1954	
10500	400	3029	19.4847	26.9211	1775	18.5333	8	534	20	59	22	4	1.10498e+06	6.16713e-05	0.116	
10899	393	3035	22.458	30	1731	15.7878	7	535	19	60	22	3	1.02605e+06	6.34115e-05	0.1638	
11500	400	3044	17.3589	20	1827	16.8967	8	526	12	63	2	3	1.15052e+06	4.66505e-05	0.4528	
10964	353	3046	18.4132	20.5352	1743	15.0459	8	535	15	59	19	3	1.14723e+06	5.10282e-05	0.3015	
10893	393	2996	23.1064	30	1731	18.7437	7	531	20	59	33	3	1.01974e+06	6.48635e-05	0.1652	
10333	373	3037	15	20.7714	1843	19	5	535	14	58	11	4	1.336e+06	5.43272e-05	0.149	
11264	354	3033	17.3589	20	1868	17.9584	6	535	14	62	11	3	1.18095e+06	4.80769e-05	0.3573	
11289	362	3044	15.6372	20	1823	16.1021	6	535	15	65	6	3	1.24884e+06	4.71387e-05	0.3858	
10225	365	3044	15.6192	22.1528	1747	18.2642	6	530	17	61	4	5	1.30154e+06	5.6478e-05	0.1215	
10398	399	3043	22.1376	29.8201	1729	17.0715	6	533	10	59	26	3	1.06786e+06	6.72314e-05	0.1164	
10225	366	3043	17.4922	23.7767	1763	16.0689	7	532	17	55	3	5	1.20406e+06	5.84624e-05	0.1172	
11180	326	3040	15.4966	21.9524	1812	14.6793	8	535	17	62	3	4	1.26506e+06	4.92271e-05	0.3165	
10697	392	3015	21.8064	28.8556	1852	17.8897	6	535	15	55	22	3	1.049e+06	6.32351e-05	0.1483	
10652	396	3023	25	28.8589	1751	18.2648	7	535	10	61	54	3	1.02945e+06	6.72812e-05	0.1446	
10627	390	3034	15	22.3047	1720	14.689	7	533	11	64	9	5	1.29678e+06	5.33333e-05	0.1925	
11114	393	3016	23.67	30	1789	18.3857	10	535	11	56	19	5	1.00165e+06	6.29445e-05	0.2114	
11500	336	3036	15.2222	20.1018	1782	14	7	535	19	57	5	3	1.27961e+06	4.60448e-05	0.4088	
10126	398	2985	18.514	25.9116	1707	18.4843	6	527	12	55	12	4	1.16367e+06	6.34961e-05	0.0935	
10826	357	3041	15	21.2159	1758	18.0616	6	535	17	63	21	5	1.30718e+06	5.16929e-05	0.2196	
10520	391	3027	22.4727	26.0943	1749	19	9	532	5	58	56	3	1.06603e+06	6.41026e-05	0.134	
10257	391	3024	22.2922	28.3758	1718	18.0304	6	533	16	55	19	4	1.08287e+06	6.71051e-05	0.1018	
11288	337	3050	15.0183	21.3369	1772	16.0704	9	533	18	69	28	5	1.28904e+06	4.89956e-05	0.3144	
10333	335	3042	15	20	1818	18.8847	6	533	14	55	16	3	1.35722e+06	5.38445e-05	0.172	
10547	346	3050	15	21.8651	1750	15.1301	4	531	20	56	24	4	1.33426e+06	5.39986e-05	0.1725	
11473	400	3046	18.5905	20	1768	15.6939	8	535	13	57	2	4	1.11248e+06	4.72634e-05	0.4259	
10378	400	3027	22.6017	26.267	1749	19	9	534	5	57	56	4	1.07642e+06	6.58848e-05	0.1114	
11500	394	3017	15.36	20	1772	15.9655	10	535	8	68	13	3	1.23301e+06	4.65679e-05	0.4154	
11486	397	3031	18.2973	20	1868	17.9584	6	532	9	56	4	4	1.12928e+06	4.71542e-05	0.407	
10225	400	3044	15.6192	22.1528	1755	18.2642	9	530	17	61	4	5	1.28484e+06	5.65323e-05	0.1249	
10637	364	3044	25	29.2773	1764	18.7551	8	533	10	55	48	4	1.03896e+06	6.75493e-05	0.1311	
11500	400	3031	19.4582	20.1043	1889	17.0128	6	534	20	58	5	4	1.09817e+06	4.75489e-05	0.3955	
11308	379	3041	15.6372	20.0317	1823	16.1021	6	535	16	65	6	3	1.23873e+06	4.71009e-05	0.3872	
11003	294	3043	15	21.6771	1795	15.7619	9	535	15	59	27	5	1.33595e+06	5.08208e-05	0.2536	
11468	391	3016	23.079	23.6554	1757	17.5741	10	533	17	67	11	4	1.0119e+06	5.33646e-05	0.3505	
10371	393	3044	15.5548	22.1528	1771	18.2642	6	530	17	60	8	5	1.28313e+06	5.53373e-05	0.1429	
11422	398	2974	25	29.7508	1737	18.2916	6	535	11	63	26	6	984072	6.21311e-05	0.2625	
11500	368	3043	16.4959	20	1784	15.008	8	533	6	57	8	4	1.19679e+06	4.64209e-05	0.4383	
11325	302	3043	15	20.1018	1836	16.1021	7	535	12	64	3	4	1.33265e+06	4.67399e-05	0.3945	
10627	390	3027	15	21.9911	1720	15.8526	7	533	11	64	9	6	1.29923e+06	5.32198e-05	0.1963	
10864	400	3036	20.7547	22.0493	1781	16.1575	10	530	16	57	26	3	1.07193e+06	5.44514e-05	0.2576	
11500	398	3002	22.8111	26.7494	1798	14.8865	10	532	15	74	16	3	994073	5.61924e-05	0.3196	
11473	391	3046	19.7118	20	1768	15.6939	8	535	9	57	24	3	1.09043e+06	4.82742e-05	0.4098	
10846	389	3046	16.3715	21.6865	1817	15.872	10	533	18	65	34	4	1.20525e+06	5.27315e-05	0.2329	
10715	326	3027	15	21.6609	1705	16.3847	7	534	18	61	25	5	1.32827e+06	5.31632e-05	0.1947	
10880	375	3026	15.3143	21.0785	1715	15.9664	5	535	16	62	20	3	1.2722e+06	5.12295e-05	0.2525	
10264	391	3033	23.3307	28.3758	1761	17.8504	6	525	17	55	12	3	1.06737e+06	6.70961e-05	0.1239	
10160	400	3009	22.5834	24.0785	1714	18.0897	7	535	12	55	25	4	1.0948e+06	6.43666e-05	0.1112	
10950	400	3029	15.4547	21.6771	1763	17.351	7	535	18	56	28	4	1.24667e+06	5.16236e-05	0.2373	
11222	389	3007	22.449	30	1730	17.8498	6	535	17	66	66	4	1.01678e+06	6.30239e-05	0.1884	
11500	335	3035	15.6808	20.2379	1834	14.2892	7	535	8	58	5	3	1.25539e+06	4.61702e-05	0.426	
10587	382	3034	21.3282	27.7979	1752	17.9342	9	535	16	59	23	4	1.06917e+06	6.28259e-05	0.1351	
10398	382	3003	16.0889	21.1746	1708	15.3528	5	535	20	56	24	5	1.26767e+06	5.56483e-05	0.1337	
10652	350	3031	24.7342	28.8589	1751	19	7	535	10	58	54	3	1.04694e+06	6.71501e-05	0.1324	
11500	393	2996	22.6047	29.9322	1731	18.7868	6	535	20	59	33	3	994854	6.06502e-05	0.2413	
11500	394	3027	15.36	20	1772	15.9655	10	535	8	57	13	3	1.23599e+06	4.64339e-05	0.4138	
11500	385	2992	21.2153	28.957	1815	17.0782	8	532	19	60	14	3	1.01236e+06	5.81159e-05	0.2611	
10446	400	3027	22.6017	26.267	1749	19	9	534	5	57	50	5	1.06966e+06	6.48466e-05	0.1202	
10225	313	3044	15.6192	22.1528	1770	17.9959	7	529	17	61	2	5	1.32761e+06	5.62841e-05	0.1328	
10497	368	3043	15	21.0938	1816	17.2448	8	533	17	57	14	5	1.32094e+06	5.33333e-05	0.1752	
11173	362	3043	15	20	1823	15.6329	6	535	16	64	3	3	1.29195e+06	4.74361e-05	0.3664	
10410	358	3032	16.5724	22.2095	1712	17.5773	7	534	16	58	25	5	1.24383e+06	5.6638e-05	0.1354	
10935	330	3021	15	21.5601	1761	15.1301	5	533	20	58	27	4	1.31631e+06	5.13321e-05	0.2403	
11493	400	3041	20.9509	21.0663	1764	15.4704	6	534	16	66	2	3	1.05999e+06	4.91908e-05	0.3929	
10494	340	3001	17.9216	21.6126	1724	18.6296	6	535	16	56	33	4	1.20042e+06	5.67022e-05	0.1534	
11500	398	3041	20.2956	20.5349	1783	15.4704	6	534	13	60	9	3	1.07663e+06	4.84637e-05	0.4001	
10826	357	3041	15	21.6771	1758	18.0616	6	535	15	62	21	5	1.30382e+06	5.20454e-05	0.216	
10371	363	3044	17.1058	23.7767	1839	16.0977	7	533	17	57	18	5	1.2101e+06	5.76834e-05	0.1281	
10862	341	3050	18.5298	20.0078	1837	18.5804	7	534	16	67	20	4	1.17008e+06	5.14933e-05	0.2885	
10609	399	3042	21.9922	29.8201	1708	17.3055	5	530	19	62	37	3	1.05494e+06	6.58371e-05	0.1304	
11491	397	3033	19.2562	20.775	1864	15.9107	9	535	15	60	7	4	1.09129e+06	4.81e-05	0.3786	
11500	387	3027	15.36	20	1781	15.8457	8	535	8	57	12	3	1.24261e+06	4.63542e-05	0.4201	
11500	368	3031	17.8629	20	1899	16.7104	7	534	19	59	5	4	1.15037e+06	4.67727e-05	0.3918	
10377	336	3047	18.2673	25.8327	1749	18.4694	5	534	10	56	11	4	1.17594e+06	6.01034e-05	0.1061	
10518	393	3044	15.6192	22.1528	1771	18.2642	6	530	17	61	6	5	1.26574e+06	5.40774e-05	0.1799	
11174	400	3044	17.3589	20	1839	15.3191	6	533	12	61	5	3	1.16199e+06	4.81765e-05	0.3586	
10333	368	3035	15.1235	21.221	1827	18.96	6	535	13	58	13	4	1.3268e+06	5.49269e-05	0.1371	
10225	363	3044	18.153	23.7767	1765	16.3018	6	533	17	56	8	5	1.18737e+06	5.90667e-05	0.1194	
10602	382	3039	20.7529	27.8678	1752	17.2923	8	535	17	59	21	4	1.07741e+06	6.22549e-05	0.1311	
10378	400	3032	22.0337	26.5179	1800	19	9	534	20	60	40	4	1.07862e+06	6.47752e-05	0.1169	
11000	396	3042	19.2904	26.7036	1826	17.5272	10	535	11	59	24	4	1.07379e+06	5.72115e-05	0.2056	
10587	400	3030	23.647	27.7979	1752	17.678	8	535	18	59	15	4	1.03856e+06	6.39713e-05	0.1502	
11030	400	3050	19.2462	21.6865	1817	17.3426	9	535	16	55	34	5	1.10106e+06	5.2499e-05	0.2721	
11500	396	3016	24.0474	25.6434	1732	16.1655	10	526	13	75	25	3	989279	5.60318e-05	0.3802	
10147	309	3044	16.5808	23.5448	1791	17.7866	7	529	17	56	2	5	1.27857e+06	5.85377e-05	0.1051	
10930	381	3029	15.4547	21.6771	1746	17.351	7	535	20	56	33	4	1.25623e+06	5.20427e-05	0.226	
10327	385	2986	20.406	27.3201	1743	17.2747	7	535	20	56	22	3	1.10361e+06	6.4587e-05	0.0981	
10225	363	3044	17.1058	23.7767	1765	16.0977	7	533	17	55	10	5	1.22129e+06	5.86717e-05	0.0999	
11117	341	3040	17.678	20.1865	1899	17.0128	6	535	20	58	6	4	1.18263e+06	4.88234e-05	0.3361	
10877	388	3050	19.6281	22.8449	1829	15.7461	8	533	19	57	56	4	1.1028e+06	5.57041e-05	0.2063	
10894	400	3042	24.6342	29.7672	1762	15.2694	10	533	16	60	37	3	1.00617e+06	6.47207e-05	0.1877	
10652	399	3027	22.5742	25.2267	1781	17.8855	8	535	16	58	13	4	1.04964e+06	5.98623e-05	0.184	
11183	364	3035	15	21.0351	1733	14.625	8	535	9	69	35	4	1.28176e+06	4.9729e-05	0.3	
10256	318	3030	18.8863	26.0579	1776	18.5958	8	535	14	55	3	5	1.17417e+06	6.15915e-05	0.0949	
11350	388	3035	15.159	20.0292	1877	14.2892	7	533	8	55	5	3	1.26447e+06	4.64447e-05	0.4112	
11410	327	3039	18.3959	20.1865	1882	14.7726	6	535	20	58	2	4	1.16542e+06	4.73687e-05	0.3733	
10950	385	2992	21.5876	25.4438	1886	16.7621	8	532	19	57	15	3	1.04533e+06	5.72935e-05	0.2349	
11500	400	3044	22.3289	20.0692	1815	15.3191	6	535	10	65	7	3	1.05423e+06	4.89692e-05	0.4463	
10804	371	3042	18.2273	20.6783	1756	14.3266	7	534	15	57	23	3	1.15386e+06	5.22493e-05	0.2588	
11249	400	3042	24.212	29.8201	1708	17.5267	7	533	16	62	21	3	991624	6.19886e-05	0.2345	
11454	399	3013	23.6939	21.4618	1793	16.0146	10	524	12	75	14	3	1.01944e+06	5.18162e-05	0.4427	
10943	339	3030	15.7929	22.7184	1708	15.2368	5	535	17	55	23	4	1.25386e+06	5.24466e-05	0.2265	
11289	362	3044	15.6372	20.0269	1823	15.885	6	535	15	67	6	4	1.25189e+06	4.71743e-05	0.3837	
10272	330	3018	15	20.1018	1767	18.9072	7	532	18	55	13	4	1.36627e+06	5.47196e-05	0.1488	
10891	385	3002	23.8148	27.3753	1846	16.7621	10	534	15	57	18	3	1.01753e+06	6.1237e-05	0.2085	
11500	400	3017	23.7864	23.0498	1836	16.0886	7	524	16	62	19	3	1.01458e+06	5.29325e-05	0.3983	
10459	354	3011	19.4809	27.971	1751	18.321	8	535	14	55	8	3	1.11623e+06	6.26999e-05	0.1052	
11399	400	3026	22.0505	21.9417	1849	18.008	10	534	17	69	13	4	1.03485e+06	5.13057e-05	0.3597	
10894	400	3042	24.6342	29.8201	1708	17.7219	10	533	19	56	37	3	1.00668e+06	6.53125e-05	0.1666	
11500	400	3050	20.0809	20	1839	15.3191	6	530	12	61	7	3	1.08787e+06	4.76826e-05	0.428	
11030	377	3050	16.3715	21.6865	1817	17.3426	9	533	16	55	34	5	1.2057e+06	5.13743e-05	0.27	
10579	359	3050	18.6936	24.3755	1732	18.4081	6	535	18	56	33	4	1.14932e+06	5.83805e-05	0.1357	
11350	336	3027	15.159	20.0292	1817	14.2892	9	533	9	58	5	3	1.28736e+06	4.6681e-05	0.4081	
10482	396	3030	16.1884	21.8651	1725	15.2487	5	532	17	57	22	3	1.24081e+06	5.50661e-05	0.1564	
11329	355	3050	15.5639	22.3215	1786	16.543	8	535	6	64	17	4	1.23574e+06	4.92635e-05	0.3234	
10396	374	3050	15	21.7393	1708	15.1586	5	535	17	59	13	4	1.3293e+06	5.47256e-05	0.1393	
11500	399	3021	18.3959	21.0267	1900	16.6992	8	534	20	58	3	4	1.10999e+06	4.78675e-05	0.3735	
11105	349	3042	16.8296	24.7788	1719	14	6	534	17	56	8	3	1.17461e+06	5.31096e-05	0.2385	
10825	390	3034	19.4812	20.8806	1804	16.7717	6	533	16	58	25	5	1.12145e+06	5.3087e-05	0.2546	
10722	353	3046	18.4132	21.0215	1827	17.0571	8	535	15	59	27	3	1.16013e+06	5.34045e-05	0.2326	
11040	368	3050	15.4052	21.6771	1770	16.9866	9	534	16	70	27	5	1.25452e+06	5.09372e-05	0.2615	
10776	400	3042	19.2904	26.7036	1826	17.5272	10	535	11	59	24	4	1.0869e+06	5.88028e-05	0.1695	
11399	400	3026	22.0505	20.3115	1849	15.4103	10	534	16	66	19	3	1.04679e+06	4.99451e-05	0.4047	
11448	400	3034	23.4652	20.6239	1839	15.9665	7	530	10	57	13	3	1.03659e+06	5.0597e-05	0.4178	
10098	375	3040	17.0156	23.9852	1741	16.405	7	529	19	55	8	5	1.2306e+06	6.01323e-05	0.0966	
10819	399	3042	24.1042	24.5381	1708	18.6936	10	533	17	60	37	3	1.02676e+06	6.00492e-05	0.215	
10580	392	3038	17.8113	26.9432	1848	18.5611	7	535	16	55	5	4	1.14307e+06	5.91156e-05	0.1331	
10993	348	3034	16.4948	21.3801	1844	15.4134	5	534	18	55	23	4	1.22232e+06	5.07743e-05	0.2872	
10851	320	3049	15	20.4891	1845	15.2492	6	533	15	60	5	4	1.33302e+06	4.96401e-05	0.2989	
10682	394	3009	23.8658	25.8074	1801	17.3862	6	535	17	55	37	3	1.03799e+06	6.22007e-05	0.163	
11426	361	3043	16.4959	20	1780	14.9579	8	534	8	57	2	3	1.19902e+06	4.66179e-05	0.4242	
11329	355	3050	15.0841	22.3215	1784	16.543	7	535	5	67	17	5	1.26897e+06	4.9169e-05	0.3204	
10970	389	3050	16.4934	21.6865	1700	18.1612	9	534	16	70	28	5	1.19398e+06	5.21431e-05	0.2488	
11500	400	3044	17.3589	20	1827	15.7665	7	526	12	61	7	3	1.15238e+06	4.66788e-05	0.4475	
11240	400	3041	24.212	29.8201	1708	17.5267	10	533	16	62	21	3	989231	6.20771e-05	0.2311	
10225	353	3038	17.4922	23.7767	1748	16.0689	8	535	17	55	5	5	1.20917e+06	5.87337e-05	0.107	
11471	400	3017	22.5682	27.356	1725	16.6552	10	530	16	69	4	3	996782	5.69282e-05	0.3038	
10225	363	3044	18.3481	22.3078	1765	15.8888	6	533	17	57	8	5	1.18803e+06	5.77834e-05	0.1443	
11183	377	3043	15	21.2208	1715	15.3414	8	535	9	68	33	3	1.27109e+06	4.97413e-05	0.2972	
10799	396	2992	23.433	29.3676	1815	16.7621	8	535	19	59	23	3	1.02198e+06	6.42591e-05	0.169	
11016	400	3050	15	21.1264	1801	15.6643	8	534	16	57	28	5	1.27584e+06	5.01958e-05	0.2715	
11363	301	3033	18.3959	20.1865	1899	17.0128	7	535	18	56	2	4	1.18623e+06	4.77441e-05	0.3699	
11363	301	3033	18.3959	20.1865	1899	17.0128	6	534	20	56	4	4	1.189e+06	4.7792e-05	0.3688	
10160	400	2974	21.739	23.826	1714	18.2754	7	535	12	55	25	4	1.10421e+06	6.38978e-05	0.108	
10901	382	3008	16.7381	22.7396	1813	15.0608	8	532	20	55	37	3	1.18318e+06	5.36078e-05	0.2217	
11500	396	3033	17.3589	20	1839	15.3191	6	529	14	61	3	3	1.1552e+06	4.66048e-05	0.43	
11076	400	3017	17.2439	20	1822	15.3191	6	535	12	61	7	3	1.1692e+06	4.901e-05	0.335	
10593	330	3042	15.8125	22.2095	1728	16.3847	7	534	17	59	19	5	1.28026e+06	5.42829e-05	0.1639	
11500	400	3041	24.4126	26.7494	1752	17.7217	10	526	16	77	12	3	981745	5.70093e-05	0.3613	
11162	388	2992	19.5305	20.775	1831	18.4443	7	535	16	63	16	4	1.10156e+06	5.08776e-05	0.3198	
10736	400	3009	22.4957	29.7946	1787	15.5932	10	535	17	55	23	3	1.0303e+06	6.45995e-05	0.1463	
11138	377	3043	19.0882	20.5647	1756	14.8239	9	535	16	58	7	3	1.1109e+06	4.98455e-05	0.3371	
11443	364	3040	17.9196	20.4401	1877	16.0523	6	535	14	60	2	4	1.15108e+06	4.72791e-05	0.3827	
10225	363	3044	17.0156	23.7767	1748	16.0977	7	529	17	55	4	5	1.22327e+06	5.82785e-05	0.1131	
11170	337	3050	15.5186	20.1884	1836	15.8598	6	533	15	60	3	4	1.27857e+06	4.76554e-05	0.3655	
10461	382	3013	16.1907	21.8651	1708	15.3528	5	534	20	56	24	4	1.25066e+06	5.56143e-05	0.1415	
11470	392	3044	23.1337	20.1276	1795	16.6552	10	527	15	79	19	3	1.0397e+06	5.01454e-05	0.4461	
10750	356	3026	15.715	21.8651	1708	15.0972	5	535	16	64	23	3	1.26222e+06	5.31011e-05	0.2018	
11473	346	3042	16.0509	20.1352	1829	15.008	6	535	9	56	6	3	1.23234e+06	4.63371e-05	0.4235	
11133	361	3040	17.0614	20.1596	1833	17.0128	10	531	20	59	6	4	1.1854e+06	4.86784e-05	0.3418	
10891	400	3017	15.732	21.2873	1763	18.5611	8	535	14	61	20	4	1.2326e+06	5.17304e-05	0.2511	
11500	400	3038	18.2504	20	1811	15.2429	6	531	12	57	8	3	1.12673e+06	4.70455e-05	0.4273	
11169	337	3050	15	21.6771	1789	14.5506	9	532	18	65	30	5	1.29446e+06	4.98529e-05	0.2912	
11076	400	3019	17.3589	20	1826	15.3191	6	535	12	61	7	3	1.16487e+06	4.90316e-05	0.3353	
10256	396	3046	18.9674	25.3263	1762	18.4081	8	535	8	56	6	5	1.1422e+06	6.07903e-05	0.1115	
10580	392	3040	18.7331	26.9432	1831	18.5611	7	535	16	55	15	4	1.11764e+06	5.99952e-05	0.1259	
11399	400	3026	22.0505	21.1508	1859	16.6552	10	535	12	73	21	3	1.03979e+06	5.07202e-05	0.4038	
10256	396	3023	19.8967	26.6645	1762	18.4081	8	535	8	55	15	5	1.11871e+06	6.34317e-05	0.0954	
10378	400	3031	21.5581	26.5179	1800	19	9	534	17	61	40	4	1.08553e+06	6.44538e-05	0.1234	
10587	392	3033	21.7856	25.2329	1850	18.5526	9	535	19	59	25	4	1.0651e+06	6.02991e-05	0.1582	
11317	400	2996	20.0265	20	1805	15.3191	8	529	12	59	7	3	1.08414e+06	4.91159e-05	0.3942	
11016	389	3034	18.5088	20.8806	1826	15.7745	7	534	17	57	70	5	1.14379e+06	5.35045e-05	0.2379	
11117	341	3040	17.678	22.9201	1747	17.0128	6	534	20	59	6	4	1.16144e+06	5.16422e-05	0.2898	
11107	377	3050	18.4021	20.775	1843	18.1512	8	535	16	60	16	5	1.13576e+06	5.01655e-05	0.308	
11065	345	3042	15	20.0922	1844	14.9821	5	534	12	64	9	4	1.31304e+06	4.82323e-05	0.3486	
11500	398	2999	24.6374	24.4849	1732	15.282	10	533	15	73	11	3	990171	5.50873e-05	0.3391	
10256	318	3030	18.9674	26.0579	1776	18.5958	8	535	14	55	3	5	1.17231e+06	6.16371e-05	0.0961	
11169	391	3036	20.2153	22.1275	1845	17.4539	7	535	18	62	27	4	1.07849e+06	5.21703e-05	0.2923	
10786	384	3050	15.0183	21.3369	1787	16.0319	9	535	18	69	27	5	1.29041e+06	5.22958e-05	0.2138	
10524	392	3000	16.6224	23.9548	1873	16.3533	7	535	18	59	4	3	1.1982e+06	5.60507e-05	0.1612	
10921	381	3029	15.8029	21.6771	1746	17.351	7	535	7	60	21	4	1.2344e+06	5.16529e-05	0.2593	
10538	358	3032	16.5724	22.2095	1712	17.5773	7	534	16	58	25	4	1.23138e+06	5.55494e-05	0.1554	
10765	393	3035	22.458	30	1727	15.3862	7	535	19	60	20	4	1.03666e+06	6.43418e-05	0.1492	
10950	385	2966	19.9399	27.3753	1872	16.7621	9	534	20	56	15	3	1.06042e+06	5.8872e-05	0.1994	
10580	387	3038	18.6164	26.9432	1822	18.5451	7	535	16	55	6	4	1.12044e+06	5.96054e-05	0.1272	
11500	343	3042	18.3959	20.1865	1882	14.7133	6	534	17	59	3	4	1.15526e+06	4.69263e-05	0.3916	
11169	314	3050	15	21.6771	1764	15.2472	6	535	18	70	28	6	1.31776e+06	4.9975e-05	0.2798	
11500	400	3027	21.397	20	1772	15.9655	8	535	6	69	12	3	1.05863e+06	4.88353e-05	0.436	
11486	397	3018	18.2973	20	1868	17.9584	6	535	11	56	7	4	1.12761e+06	4.73216e-05	0.3948	
11233	337	2994	15	21.6781	1738	16.9592	9	533	18	70	21	4	1.28533e+06	4.99476e-05	0.2965	
11088	372	3043	15	20.1018	1863	15.0312	6	534	16	61	2	4	1.29494e+06	4.78286e-05	0.3496	
11491	400	3033	19.2562	20.1543	1864	15.9367	6	535	14	66	7	4	1.10345e+06	4.75986e-05	0.3921	
11500	400	3038	18.2465	21.4817	1872	18.3311	9	535	17	57	8	4	1.10656e+06	4.83816e-05	0.3779	
10989	362	3038	15.7123	20	1778	18.5727	6	535	16	58	34	3	1.25947e+06	5.03702e-05	0.2854	
11370	335	3044	15.6893	21.6771	1727	15.8083	8	535	9	68	33	4	1.24486e+06	4.92441e-05	0.3237	
11492	374	3031	15.5358	20	1852	15.3191	7	534	16	59	12	3	1.24038e+06	4.62235e-05	0.4247	
11380	392	3030	23.6347	30	1798	16.9643	10	527	16	83	19	3	986458	6.08939e-05	0.277	
11005	377	3045	15	20.1884	1846	15.8598	6	533	13	60	5	4	1.29363e+06	4.85013e-05	0.3403	
11462	382	3039	24.1606	27.7979	1764	17.9342	8	535	14	59	8	4	992159	5.80518e-05	0.2876	
10911	385	2978	23.5202	27.3753	1846	16.7621	10	534	15	57	18	4	1.0191e+06	6.11808e-05	0.2082	
10768	395	2993	22.4461	28.7074	1884	16.5643	10	534	17	57	21	4	1.03378e+06	6.2901e-05	0.1777	
10824	385	2992	21.2153	28.957	1815	16.7621	8	532	19	57	14	3	1.04584e+06	6.20617e-05	0.1709	
10513	346	3030	17.019	21.8651	1755	15.1301	5	533	19	56	24	4	1.22567e+06	5.52059e-05	0.1681	
11500	400	3046	16.7891	20	1766	15.2761	9	534	8	58	2	3	1.16398e+06	4.64059e-05	0.4482	
10166	276	3050	18.8396	24.5219	1724	18.4081	8	535	6	55	19	5	1.22633e+06	6.15536e-05	0.0974	
11017	317	3043	15	21.6771	1795	15.7619	9	535	14	59	27	4	1.31289e+06	5.06945e-05	0.2591	
10942	400	3045	15.7006	22.931	1751	15.982	7	534	9	69	19	4	1.22429e+06	5.23505e-05	0.2398	
11268	400	3027	20.1967	20.0333	1734	16.4079	8	534	16	73	2	4	1.08338e+06	4.94389e-05	0.3719	
10411	385	2974	20.406	27.3201	1707	16.4739	7	532	11	55	16	3	1.09406e+06	6.35082e-05	0.1221	
11088	370	3027	16.1917	20.1018	1850	17.1476	6	535	7	64	5	4	1.22802e+06	4.85743e-05	0.3476	
11500	374	3042	16.7022	20	1772	15.008	8	534	6	57	8	4	1.18421e+06	4.65224e-05	0.437	
11411	313	3036	18.9692	20.9831	1899	17.0128	6	534	20	58	5	5	1.15635e+06	4.84614e-05	0.3608	
10846	389	3050	16.3715	21.6865	1794	15.872	10	535	18	65	32	5	1.20672e+06	5.26898e-05	0.2229	
11500	400	3030	20.7161	22.8984	1830	16.2518	10	525	15	60	12	3	1.04219e+06	5.09035e-05	0.3896	
10587	351	3017	18.4031	26.5643	1775	18.7448	8	535	17	55	2	4	1.13926e+06	5.92768e-05	0.1289	
10587	382	3034	21.3282	27.7979	1752	17.6067	8	535	16	59	23	4	1.07034e+06	6.27746e-05	0.1359	
11019	400	3029	15.2572	22.8643	1703	15.4345	6	534	17	68	6	4	1.24617e+06	5.14403e-05	0.247	
11500	396	3016	23.9647	25.6434	1732	15.8479	10	526	13	75	25	3	989740	5.59722e-05	0.3813	
10196	315	3044	15.6192	22.0669	1770	17.9959	7	535	19	58	2	5	1.33023e+06	5.65579e-05	0.1074	
11293	381	3022	16.8937	23.4208	1757	14.5609	8	533	16	60	8	4	1.15369e+06	5.08932e-05	0.3025	
11105	392	3009	22.449	29.1561	1760	15.6644	6	535	16	66	19	3	1.01712e+06	6.10426e-05	0.2185	
11015	400	3016	22.0505	29.7946	1775	15.9334	10	535	15	55	23	4	1.01858e+06	6.23752e-05	0.1785	
11209	382	3018	22.449	30	1760	17.5878	6	534	19	66	19	4	1.01483e+06	6.14968e-05	0.2074	
11263	381	3009	23.4489	25.4964	1807	18.1853	8	534	17	55	22	4	1.01411e+06	5.68537e-05	0.276	
10840	384	3010	22.7226	26.5179	1740	19	9	534	20	59	32	4	1.03773e+06	6.09905e-05	0.1847	
11011	337	3045	15	20.1884	1720	16.8115	10	533	15	60	2	4	1.30527e+06	4.88591e-05	0.3177	
10979	396	3003	21.9294	22.967	1817	19	9	532	16	56	54	4	1.05328e+06	5.68214e-05	0.2367	
11174	400	3042	17.3589	20	1839	15.4944	6	533	14	66	5	3	1.1623e+06	4.82672e-05	0.3577	
10497	368	3037	15	20.1018	1816	17.2448	7	533	15	57	20	5	1.33135e+06	5.28653e-05	0.1962	
10697	400	3010	20.8024	27.3866	1862	15.617	7	535	17	55	24	3	1.06327e+06	6.09347e-05	0.1616	
10864	356	3050	18.7464	22.742	1804	16.1575	8	533	20	55	36	3	1.13151e+06	5.43656e-05	0.2213	
11353	357	3018	18.7833	20.1551	1867	16.9514	6	535	17	64	4	4	1.13523e+06	4.82021e-05	0.3694	
10764	397	2998	21.1836	22.967	1816	18.7862	9	532	16	56	56	4	1.07679e+06	5.83533e-05	0.191	
11370	400	3016	22.0505	29.7946	1785	16.0407	8	535	14	73	19	3	999334	5.99449e-05	0.2393	
11473	382	3005	24.8523	28.2325	1751	16.3304	8	532	19	70	43	3	984613	5.973e-05	0.2847	
10417	389	3041	19.256	23.1973	1724	17.8518	7	532	16	56	28	4	1.13661e+06	5.86235e-05	0.1437	
11500	336	3035	15.6808	20.2379	1856	14.2892	6	535	11	60	5	3	1.25755e+06	4.61233e-05	0.4245	
11075	400	3016	21.3521	24.1718	1852	15.617	8	535	15	55	16	3	1.042e+06	5.48817e-05	0.2628	
11003	317	3043	15	21.6771	1795	15.7619	9	535	14	59	27	5	1.3154e+06	5.08104e-05	0.2552	
10684	368	3017	15.6946	21.0474	1726	16.9904	5	533	19	56	24	4	1.27054e+06	5.3011e-05	0.2	
11500	354	3044	15.5658	20	1839	15.3191	6	533	10	65	7	3	1.25397e+06	4.60087e-05	0.4402	
11162	339	3050	15.0183	21.6771	1787	16.0704	9	533	17	70	11	4	1.28645e+06	4.93243e-05	0.3069	
10575	371	3026	20.4516	29.0942	1765	18.7066	5	534	13	55	12	4	1.08619e+06	6.35607e-05	0.1137	
10482	323	3030	15.7929	21.8651	1708	15.0972	5	534	16	57	22	3	1.29602e+06	5.49783e-05	0.1525	
11500	398	2999	24.4126	25.7364	1732	15.8479	8	526	13	74	16	3	989012	5.6392e-05	0.377	
11500	391	3031	23.6773	30	1840	18.9386	10	528	15	72	45	3	982992	6.06061e-05	0.2785	
10575	350	3026	21.3845	29.0942	1739	18.7066	5	531	14	55	12	4	1.08066e+06	6.41643e-05	0.1261	
10256	396	3042	18.9674	26.6645	1762	18.4081	8	535	8	56	15	5	1.13955e+06	6.27392e-05	0.0989	
11468	400	3026	21.6978	20.3115	1849	18.4009	10	534	16	66	19	4	1.05294e+06	4.95712e-05	0.4026	
10518	370	3044	15.6192	22.1528	1771	16.414	6	530	17	61	18	5	1.27743e+06	5.45405e-05	0.1677	
11125	390	3050	18.1784	26.6405	1845	16.1822	6	535	17	59	2	3	1.09947e+06	5.50358e-05	0.2282	
11273	400	2997	17.8573	25.8624	1843	16.6552	10	535	20	70	18	3	1.09532e+06	5.42211e-05	0.2485	
11078	366	3045	18.1962	20	1837	18.6598	7	534	16	69	22	4	1.15579e+06	5.002e-05	0.3193	
11230	400	3040	20.922	23.8634	1838	16.6552	10	535	13	67	25	4	1.04376e+06	5.35733e-05	0.2976	
11169	334	3050	15	20.7227	1787	17.7245	9	532	18	70	13	5	1.3008e+06	4.87329e-05	0.333	
10722	353	3046	18.4132	21.0215	1743	17.0571	8	535	15	59	19	3	1.15712e+06	5.32283e-05	0.2383	
11500	400	3040	23.2756	20	1768	18.2362	10	528	17	66	19	3	1.03345e+06	5.01429e-05	0.4483	
10137	336	3047	19.7546	21.5111	1734	18.0617	6	535	10	55	11	4	1.17366e+06	5.89692e-05	0.1195	
11289	362	3044	15	20	1823	16.1021	7	535	15	64	3	4	1.28776e+06	4.68845e-05	0.3849	
10667	353	3035	18.4132	21.0215	1743	17.0571	8	535	15	59	21	3	1.16067e+06	5.38677e-05	0.2228	
11215	343	3023	18.2152	20	1829	18.2098	7	535	12	61	7	3	1.15862e+06	4.87757e-05	0.3524	
10482	339	3021	15.7929	21.8651	1708	15.0972	5	534	17	57	23	4	1.28925e+06	5.51481e-05	0.1499	
11399	400	3026	22.0505	20.3115	1749	15.4103	10	533	16	66	19	3	1.04464e+06	5.02008e-05	0.3964	
10664	400	3037	18.7224	21.9503	1788	15.2533	5	534	16	57	27	5	1.14115e+06	5.48246e-05	0.2106	
11065	339	3042	15.8051	20.0922	1836	15.7807	6	534	12	64	4	4	1.26564e+06	4.83629e-05	0.3445	
11500	384	3017	15.36	20	1772	15.9655	10	535	8	68	6	3	1.23703e+06	4.63886e-05	0.4191	
10929	369	3034	19.2484	20.8806	1829	16.1352	6	534	20	55	29	4	1.12721e+06	5.22712e-05	0.2607	
11169	337	3050	15.0183	21.6771	1787	16.0704	9	533	18	70	27	5	1.29083e+06	4.99226e-05	0.2864	
10921	388	3042	15.7356	21.6771	1737	18.6217	6	535	10	68	26	4	1.23792e+06	5.20021e-05	0.2438	
11422	400	3029	22.2605	20	1809	14.5335	6	532	14	59	7	3	1.05802e+06	4.93974e-05	0.4287	
11016	400	3048	15	21.1264	1795	15.6643	4	534	14	62	23	4	1.28233e+06	5.00225e-05	0.2827	
11410	327	3039	18.3959	20.1865	1882	14.7726	6	535	20	58	3	4	1.16716e+06	4.73934e-05	0.3726	
11169	337	3050	15.6121	22.0777	1788	15.8024	6	535	18	70	27	6	1.25944e+06	5.04185e-05	0.2795	
10787	399	3014	16.1941	22.2095	1722	17.5773	6	535	18	64	32	5	1.21869e+06	5.40891e-05	0.1935	
10820	341	3050	17.8556	20.0078	1837	18.5804	7	534	16	67	20	4	1.19114e+06	5.15198e-05	0.2764	
10561	400	3011	19.4809	27.971	1750	18.321	8	535	12	55	7	3	1.09172e+06	6.18123e-05	0.1225	
10824	386	3001	21.2153	28.957	1768	17.2129	8	532	19	57	15	3	1.04647e+06	6.21968e-05	0.1624	
11449	400	3046	22.8145	25.1005	1871	17.0416	10	533	11	72	19	3	1.00431e+06	5.41653e-05	0.3324	
10457	400	3013	19.0631	23.3042	1789	18.5611	8	534	15	59	34	4	1.1345e+06	5.88998e-05	0.1407	
10333	338	3030	15	20.1018	1768	18.6969	7	533	17	55	13	4	1.35639e+06	5.40628e-05	0.1601	
10580	400	3049	21.9027	26.9432	1822	18.5611	7	535	16	55	2	4	1.05699e+06	6.10874e-05	0.1518	
10804	371	3042	16.8903	20.6783	1756	14.3266	6	535	17	57	16	3	1.20233e+06	5.1406e-05	0.2641	
11168	389	3016	22.5084	25.8624	1869	15.2335	10	535	15	72	18	3	1.0199e+06	5.66027e-05	0.2751	
11457	400	3016	22.0505	29.7946	1842	15.7369	10	535	15	73	19	3	993396	5.92979e-05	0.255	
11078	362	3043	16.0315	20.1018	1840	16.1021	6	535	11	64	5	4	1.23945e+06	4.84285e-05	0.3427	
11500	368	3042	16.4959	20	1772	15.008	8	534	7	57	2	4	1.19539e+06	4.63134e-05	0.442	
11107	392	2992	19.3235	27.5987	1723	15.3967	8	535	16	63	5	3	1.0645e+06	5.77101e-05	0.2119	
10378	400	3008	22.6017	26.267	1749	18.5427	9	533	12	57	56	4	1.07596e+06	6.61201e-05	0.109	
10497	399	3040	15	20.1018	1816	17.2448	7	532	15	56	20	5	1.31959e+06	5.28011e-05	0.2012	
11473	343	3050	16.3658	20	1801	14.8294	8	535	10	56	14	3	1.21532e+06	4.65463e-05	0.4186	
10818	391	3050	21.6003	23.4357	1808	18.1949	9	534	4	58	18	5	1.06258e+06	5.61199e-05	0.2439	
11289	362	3044	15.4118	20.0269	1823	15.885	6	535	15	67	6	4	1.26357e+06	4.71076e-05	0.3852	
11268	400	3016	24.7352	26.0248	1853	16.5313	8	535	20	74	32	3	994784	5.79106e-05	0.2808	
10587	400	3030	23.3768	26.8307	1752	17.278	8	535	15	55	13	4	1.04113e+06	6.26606e-05	0.1542	
11264	400	3018	17.3589	20	1868	16.6292	6	535	12	59	7	3	1.15779e+06	4.79685e-05	0.3622	
10846	389	3050	15.9394	21.6865	1794	15.5277	10	535	18	65	32	5	1.22758e+06	5.25265e-05	0.217	
10377	374	3047	17.7159	25.8327	1744	18.4694	5	534	6	56	11	4	1.17616e+06	5.98122e-05	0.1123	
10396	339	3026	15.7929	20.5576	1708	15.0972	5	534	16	57	20	4	1.30326e+06	5.4487e-05	0.1626	
10378	400	3023	22.6017	26.5179	1749	19	9	534	17	59	40	4	1.07142e+06	6.53723e-05	0.1148	
11151	362	3033	16.2806	20	1823	16.1021	6	535	15	71	6	4	1.22615e+06	4.82742e-05	0.3543	
11332	382	3042	23.3241	27.7979	1764	17.9342	8	535	14	59	8	4	1.00467e+06	5.82547e-05	0.2701	
11030	377	3050	16.1967	21.6865	1817	17.3426	9	533	16	55	39	5	1.21455e+06	5.15517e-05	0.26	
10452	394	3030	20.7169	29.4423	1753	19	5	531	17	55	32	4	1.088e+06	6.61113e-05	0.0985	
11452	374	3019	18.3125	20	1852	14.9303	8	528	15	61	4	3	1.13399e+06	4.73037e-05	0.4057	
11244	387	3033	16.7009	20	1868	17.9584	6	535	14	62	11	3	1.18879e+06	4.79386e-05	0.3611	
11220	400	3046	22.8145	25.1005	1871	17.0416	10	533	11	72	19	4	1.01646e+06	5.54908e-05	0.2998	
11216	382	3013	20.9999	23.9513	1899	17.1559	6	533	16	56	10	4	1.05664e+06	5.34531e-05	0.2981	
11156	377	3050	18.4976	20.2933	1810	15.5405	9	535	16	58	18	4	1.13117e+06	4.94756e-05	0.3275	
11016	400	3050	15	21.1264	1787	15.6643	8	534	9	64	28	5	1.27545e+06	5.02841e-05	0.2812	
11088	384	3027	16.1917	20.1018	1835	16.7955	6	535	9	64	5	4	1.22043e+06	4.85956e-05	0.3458	
11500	400	3050	18.5257	20	1836	14.8631	6	532	12	61	11	3	1.11946e+06	4.70721e-05	0.4123	
11108	324	3050	15.0183	22.0624	1787	16.075	9	533	18	71	28	5	1.29993e+06	5.06817e-05	0.2692	
10452	394	3026	20.8918	28.8119	1753	19	5	531	17	55	11	4	1.08137e+06	6.45203e-05	0.1021	
11500	354	3049	16.4959	20	1785	14.6746	7	535	6	57	12	3	1.20429e+06	4.64253e-05	0.4317	
11500	400	3044	20.6306	20.0779	1836	14.3513	6	535	13	60	8	3	1.07601e+06	4.79962e-05	0.4218	
10843	391	3021	23.1419	26.0248	1804	16.845	10	529	15	58	32	3	1.0288e+06	6.01468e-05	0.2148	
11113	400	3014	22.26	26.3121	1900	15.5133	8	535	15	64	19	3	1.02241e+06	5.72115e-05	0.2569	
11199	389	3050	15.4075	22.4284	1817	14	9	534	16	70	34	3	1.22897e+06	5.05459e-05	0.2819	
10715	326	3027	15.7731	21.6609	1724	16.1031	7	534	18	61	25	5	1.28104e+06	5.3339e-05	0.1916	
10225	315	3036	16.0051	22.7726	1770	17.9959	7	535	17	59	2	5	1.3024e+06	5.71461e-05	0.1075	
11199	389	3050	15.4075	21.2692	1817	14	9	534	16	70	34	3	1.23616e+06	4.95884e-05	0.3119	
10950	385	2994	21.7228	27.3753	1792	15.4197	6	535	17	55	37	3	1.0426e+06	6.03865e-05	0.1921	
11473	390	3050	19.7118	20.1299	1781	15.6939	8	535	14	57	24	3	1.08931e+06	4.83255e-05	0.3978	
11267	339	3030	15.7929	22.7184	1708	15.2368	5	535	16	55	23	4	1.23923e+06	5.04999e-05	0.2892	
11472	393	3014	19.951	27.5902	1871	17.311	10	534	17	55	18	3	1.03369e+06	5.58441e-05	0.2683	
11235	380	3042	24.212	29.9326	1705	17.5267	7	533	16	62	3	4	1.00052e+06	6.1908e-05	0.2349	
11230	396	3038	22.8145	25.3413	1852	16.6552	10	534	13	69	25	4	1.01563e+06	5.59378e-05	0.2866	
11500	354	3049	15.7016	20	1766	15.5654	7	535	7	57	5	3	1.24298e+06	4.61063e-05	0.4262	
11500	400	3038	18.2465	21.6688	1899	18.2669	9	535	17	57	8	4	1.10548e+06	4.84614e-05	0.3744	
10715	368	3042	15.8125	22.0043	1718	16.3847	7	534	17	59	9	5	1.25015e+06	5.27537e-05	0.2123	
10631	341	3046	15	21.0738	1765	17.7051	5	535	17	64	24	4	1.33112e+06	5.30645e-05	0.183	
11500	343	3042	16.4959	20	1772	15.4987	8	534	17	61	2	4	1.20939e+06	4.63994e-05	0.4265	
11204	388	2997	21.2467	21.5523	1813	15.4405	10	534	20	55	17	4	1.0578e+06	5.19832e-05	0.3138	
10750	356	3026	15.7929	22.2603	1708	15.0972	5	535	16	64	13	3	1.25338e+06	5.29942e-05	0.2097	
11476	356	3035	16.1501	20	1835	16.1366	7	533	8	55	5	3	1.21976e+06	4.63242e-05	0.4309	
10627	390	3002	15.2794	22.3047	1718	14.689	7	535	11	65	9	5	1.27719e+06	5.38242e-05	0.1869	
11162	399	2992	19.5305	20.775	1843	18.4443	7	535	16	63	16	4	1.09798e+06	5.0844e-05	0.321	
11473	391	3044	19.7118	20	1768	15.7631	8	535	9	56	11	3	1.09077e+06	4.7957e-05	0.406	
10452	400	3026	20.8918	28.8119	1759	19	5	531	16	55	11	4	1.07983e+06	6.44912e-05	0.1039	
10823	399	3038	21.6739	29.8201	1704	17.7702	6	533	16	61	26	3	1.04069e+06	6.3597e-05	0.1547	
11077	400	3047	15.7006	22.931	1751	15.982	7	534	8	69	19	4	1.21652e+06	5.14668e-05	0.2636	
10765	393	3035	22.458	30	1727	15.3862	7	535	19	60	16	4	1.03647e+06	6.42137e-05	0.1528	
10842	387	3029	15.4547	21.6771	1746	17.351	7	535	18	56	28	4	1.25814e+06	5.24054e-05	0.2146	
10781	385	2992	20.9621	29.0297	1815	17.0359	8	532	19	57	14	3	1.05165e+06	6.23131e-05	0.1595	
10580	392	3038	18.6164	22.4125	1814	18.5611	7	535	16	55	4	4	1.13831e+06	5.493e-05	0.1913	
10441	392	3027	22.1817	26.0943	1749	19	9	535	5	58	41	4	1.07355e+06	6.3857e-05	0.1265	
10894	400	3042	24.6342	29.8201	1708	17.037	10	533	16	62	37	3	1.00716e+06	6.50872e-05	0.1819	
11029	379	3026	22.26	26.5796	1899	16.2483	8	535	13	59	19	3	1.033e+06	5.79878e-05	0.2388	
10898	385	3042	17.4358	24.678	1739	14	6	534	15	58	9	3	1.14601e+06	5.44277e-05	0.2164	
10893	393	2996	23.1064	29.9322	1731	19	7	535	20	60	33	3	1.0204e+06	6.48298e-05	0.1548	
10501	352	3008	22.6017	26.5493	1749	18.5427	9	533	10	57	49	4	1.07772e+06	6.46663e-05	0.1246	
11040	368	3050	15.4052	22.2123	1776	16.9866	9	534	16	68	27	5	1.25133e+06	5.13532e-05	0.252	
10452	394	3026	20.8918	28.8119	1761	19	5	531	16	55	11	4	1.08122e+06	6.44828e-05	0.1041	
10351	392	3038	18.9441	26.9432	1850	18.6254	7	535	16	55	4	4	1.12847e+06	6.1459e-05	0.1033	
11138	377	3034	19.0649	20.5647	1799	14.8239	9	535	16	58	7	3	1.11204e+06	4.98008e-05	0.3258	
10921	367	3041	15.7525	21.3674	1783	16.4345	5	535	9	61	23	4	1.25043e+06	5.11745e-05	0.2657	
11473	382	3005	24.8523	27.1289	1751	17.4834	8	532	18	70	43	3	987945	5.85789e-05	0.3039	
11212	400	3050	18.7666	20.775	1843	18.3016	6	535	16	67	16	4	1.11525e+06	4.96919e-05	0.3312	
11500	368	3042	16.4959	20	1772	14.9579	8	534	8	57	2	3	1.19235e+06	4.62984e-05	0.4425	
11410	313	3036	18.9056	20.9831	1899	17.9192	6	535	20	58	5	4	1.15451e+06	4.84801e-05	0.3556	
10824	385	2992	22.5854	28.957	1815	16.7621	8	535	19	56	23	3	1.03136e+06	6.31233e-05	0.1685	
11220	392	3001	20.8372	27.5987	1846	15.3967	8	535	17	61	21	3	1.03188e+06	5.76236e-05	0.2459	
11500	400	3026	22.0505	21.1508	1859	16.6552	10	535	12	73	21	3	1.03734e+06	5.01479e-05	0.409	
11176	400	2986	24.6342	29.8201	1708	17.7702	10	532	16	65	26	3	988723	6.34236e-05	0.2274	
11500	368	3044	16.7891	20	1772	15.2761	8	535	10	57	2	3	1.17909e+06	4.63994e-05	0.4398	
10610	392	3039	18.6164	26.9211	1831	18.5611	8	535	13	55	7	3	1.1137e+06	5.93261e-05	0.1391	
10647	400	3034	18.0448	21.8651	1708	16.9922	8	535	16	57	21	4	1.15151e+06	5.46717e-05	0.2081	
10975	330	3021	15	21.5601	1748	15.1301	5	533	20	58	27	4	1.31431e+06	5.11221e-05	0.2484	
11086	400	3016	22.0505	29.7946	1852	15.6516	10	535	15	73	19	3	1.0133e+06	6.13121e-05	0.2156	
11350	336	3035	15.7237	20.0292	1841	14.2892	7	535	8	55	5	3	1.25816e+06	4.66984e-05	0.4018	
10799	400	3047	20.8894	22.9219	1808	18.5117	9	534	5	60	22	4	1.07255e+06	5.56081e-05	0.2395	
10225	353	3044	17.6493	23.8338	1748	15.8718	8	535	17	55	3	4	1.20142e+06	5.86579e-05	0.1136	
11183	400	3043	15	21.2208	1713	15.6786	8	535	9	68	33	3	1.26126e+06	4.97686e-05	0.2969	
11088	372	3043	15	20.1018	1860	15.0312	6	534	9	61	2	4	1.29618e+06	4.78011e-05	0.3586	
10677	400	2992	20.9621	29.057	1761	17.0359	8	532	12	56	25	3	1.05636e+06	6.36983e-05	0.1395	
10723	400	3012	16.6492	23.8334	1757	16.2686	10	532	16	58	28	4	1.18509e+06	5.57414e-05	0.1787	
11289	362	3044	15.6372	20	1823	16.1021	6	535	15	67	6	4	1.25278e+06	4.71654e-05	0.384	
11227	362	3044	15.6372	20	1831	16.7726	7	535	15	67	6	4	1.25229e+06	4.75263e-05	0.3706	
10256	396	3042	19.8967	26.6645	1762	18.4081	8	535	8	55	15	5	1.11926e+06	6.32231e-05	0.0954	
11209	400	3007	22.449	30	1759	17.8498	6	535	17	66	66	4	1.01386e+06	6.30279e-05	0.1873	
10587	392	3040	16.3191	23.869	1816	18.5611	6	534	4	56	14	3	1.21298e+06	5.55494e-05	0.1696	
11105	392	3014	22.449	25.4072	1760	16.118	9	535	16	66	18	3	1.02452e+06	5.68893e-05	0.2649	
10774	399	3031	16.1941	22.2212	1744	17.5773	7	534	18	64	32	5	1.21849e+06	5.39928e-05	0.194	
10820	341	3050	17.8556	20.0078	1837	18.9871	7	534	16	67	20	4	1.19049e+06	5.1557e-05	0.2756	
11120	400	2998	21.7133	27.8468	1711	17.2741	10	533	20	57	12	3	1.02115e+06	5.93895e-05	0.2204	
11301	400	3031	22.8144	24.1264	1845	16.3283	8	534	17	66	3	3	1.0161e+06	5.39084e-05	0.3129	
11459	398	2974	25	29.7508	1752	17.285	8	535	6	64	30	6	979447	6.18812e-05	0.2741	
11227	400	3025	22.9299	22.7068	1789	16.3283	8	535	14	67	53	3	1.03009e+06	5.48396e-05	0.299	
10426	391	3050	18.0553	23.8425	1804	18.9889	7	535	4	57	10	5	1.16264e+06	5.74053e-05	0.1537	
10924	400	3044	21.0666	22.771	1768	17.5617	9	532	17	61	54	3	1.06667e+06	5.62145e-05	0.2295	
11500	383	3033	21.4994	21.2526	1859	17.2377	10	535	12	65	23	3	1.0502e+06	4.9965e-05	0.3752	
10302	344	3039	16.348	23.2998	1751	14.938	7	529	17	55	17	5	1.25986e+06	5.75308e-05	0.1225	
11244	380	3037	22.1469	30	1772	17.3541	6	535	6	64	21	6	1.01972e+06	6.09682e-05	0.2241	
10750	356	3026	15.6359	22.1396	1708	15.0972	7	535	16	59	23	3	1.26059e+06	5.32623e-05	0.196	
11454	380	3044	18.8988	20	1839	14.8631	6	533	11	61	8	3	1.12016e+06	4.74158e-05	0.3969	
11486	399	2997	18.2465	21.1353	1886	18.3255	9	535	18	57	8	4	1.10875e+06	4.8466e-05	0.3738	
11454	400	3012	23.6939	21.6754	1826	15.983	10	524	12	75	17	3	1.01888e+06	5.19696e-05	0.4406	
11301	400	3025	21.7986	23.2631	1896	18.204	8	534	12	73	19	3	1.03423e+06	5.29017e-05	0.3305	
11500	336	3022	15	20.1018	1835	14	7	535	7	60	5	3	1.29661e+06	4.59538e-05	0.4344	
10867	394	3009	23.8658	25.8074	1801	16.257	6	535	15	55	37	3	1.02642e+06	6.05364e-05	0.1993	
11105	392	3014	22.449	25.4072	1770	15.2677	6	535	17	66	18	3	1.02949e+06	5.67956e-05	0.2623	
10225	363	3044	17.0156	23.2184	1804	15.0972	7	535	16	55	8	5	1.22707e+06	5.7857e-05	0.1153	
11210	391	3050	18.4021	20.775	1843	18.9657	8	535	16	60	16	5	1.12605e+06	4.96722e-05	0.3292	
10747	393	3004	23.1064	26.4791	1774	15.8736	8	535	18	60	24	3	1.03443e+06	6.12745e-05	0.1822	
11230	396	3038	22.8145	25.3413	1852	16.6552	10	534	13	69	23	4	1.01555e+06	5.58847e-05	0.2877	
10494	349	3042	18.213	23.0072	1724	18.4081	8	532	16	56	36	5	1.17819e+06	5.78469e-05	0.1432	
11230	400	3045	21.4363	21.8455	1838	16.6552	9	535	13	61	18	4	1.05094e+06	5.17679e-05	0.3283	
11500	336	3035	15.1547	20.1018	1835	14.2892	7	533	8	58	5	3	1.28813e+06	4.59074e-05	0.439	
11334	366	3048	15.2572	23.0052	1730	15.4368	7	534	12	61	19	5	1.24777e+06	4.9975e-05	0.3042	
10774	368	3035	15	20.4689	1827	17.7672	6	535	17	59	14	4	1.30596e+06	5.08802e-05	0.2532	
11422	400	3040	15.48	20	1802	14.5335	6	532	12	55	2	4	1.24174e+06	4.62599e-05	0.4219	
11473	346	3042	16.4959	20.1352	1829	15.008	6	535	9	58	8	3	1.21107e+06	4.65354e-05	0.4215	
11293	400	3044	22.2649	28.7556	1859	16.6552	10	535	13	59	17	3	1.00296e+06	5.87855e-05	0.2555	
10864	382	3050	18.7464	22.742	1785	16.0289	8	533	20	56	43	3	1.12214e+06	5.47525e-05	0.2124	
11500	395	3021	25	26.7494	1756	14.9701	10	528	12	74	16	3	980537	5.74878e-05	0.3659	
10225	366	3033	17.4922	23.7767	1763	16.0689	7	535	17	55	17	5	1.2073e+06	5.94071e-05	0.0986	
10610	400	3020	18.6164	26.9211	1831	18.5611	8	534	14	55	7	3	1.11068e+06	5.95203e-05	0.1411	
11399	400	3026	19.7272	20.3115	1849	18.0611	10	534	15	66	19	4	1.08506e+06	4.89932e-05	0.3674	
11071	400	3025	20.7547	22.0493	1844	16.1575	10	534	16	63	22	3	1.06161e+06	5.28346e-05	0.2953	
11293	400	3044	22.3529	28.7556	1823	16.6552	10	535	13	59	20	3	1.00249e+06	5.90145e-05	0.2492	
10415	337	3042	20.8265	22.7668	1764	18.3323	7	535	13	55	26	6	1.13066e+06	5.89901e-05	0.139	
11067	367	3042	19.1596	24.3501	1765	14.909	9	535	17	58	9	3	1.09458e+06	5.37924e-05	0.2656	
10333	400	3035	15.219	20.1018	1731	19	7	531	14	56	12	4	1.31421e+06	5.41506e-05	0.1714	
10894	400	3042	24.6342	29.8201	1708	17.7702	10	533	16	60	37	3	1.0073e+06	6.51763e-05	0.177	
11500	327	3039	18.3959	20.1865	1882	14.7133	6	534	19	58	3	4	1.16637e+06	4.6955e-05	0.3883	
11400	395	3036	21.1283	23.3369	1869	15.7531	10	532	20	59	36	4	1.03899e+06	5.24191e-05	0.3265	
10494	348	3049	17.9555	24.4843	1761	16.3683	8	535	16	55	19	5	1.17423e+06	5.78704e-05	0.1253	
10919	389	3049	20.1318	24.2008	1737	17.8518	7	532	16	56	31	4	1.08073e+06	5.60695e-05	0.2338	
10790	400	3047	24.5956	28.3127	1745	19	7	535	10	62	43	4	1.02154e+06	6.44205e-05	0.1695	
10369	398	2986	20.406	27.3201	1718	16.0544	7	532	20	56	20	4	1.09759e+06	6.40205e-05	0.1059	
10881	362	3028	15.422	20	1778	18.5727	6	535	16	58	34	3	1.28147e+06	5.11091e-05	0.253	
10580	392	3038	18.6164	26.9432	1831	18.5611	7	535	16	55	4	4	1.11848e+06	5.9499e-05	0.1294	
11160	400	3050	15.8405	20.1018	1836	16.0861	5	535	19	64	5	4	1.23114e+06	4.78652e-05	0.3514	
11203	400	3006	22.0505	28.6734	1852	15.617	8	535	13	55	16	3	1.0102e+06	5.94636e-05	0.2449	
10410	390	3037	22.1029	27.0479	1752	16.0571	8	535	10	55	8	3	1.06817e+06	6.30676e-05	0.1368	
11500	398	3033	24.0736	23.6673	1798	16.675	10	532	13	74	5	3	998823	5.33874e-05	0.3626	
10893	393	3035	23.1064	29.9322	1731	15.3862	6	535	20	59	22	3	1.02206e+06	6.37267e-05	0.174	
11449	386	3028	23.2714	24.2205	1845	15.9093	10	528	19	73	19	3	1.0104e+06	5.38329e-05	0.3431	
11168	397	3019	18.6547	20.1429	1868	17.8808	6	535	10	56	7	3	1.12283e+06	4.92174e-05	0.3507	
11473	343	3050	16.2379	20	1750	15.3695	8	535	8	56	14	3	1.22078e+06	4.66657e-05	0.4119	
11400	387	2975	24.8523	27.3929	1772	15.9113	10	525	19	67	43	3	985682	5.95699e-05	0.3086	
11493	377	3041	20.8787	20.8537	1781	16.805	6	534	15	66	9	3	1.07413e+06	4.91376e-05	0.3907	
10225	363	3044	17.0156	23.2184	1753	15.5178	7	535	17	55	8	5	1.22779e+06	5.80147e-05	0.1057	
11230	400	3038	22.8145	26.2429	1852	16.6552	10	534	13	67	14	4	1.01056e+06	5.65931e-05	0.2791	
11228	336	3035	18.2152	20	1839	15.6016	7	535	14	61	2	4	1.16678e+06	4.82579e-05	0.357	
11493	400	3041	20.9509	20.2715	1764	15.4704	6	534	16	66	26	3	1.07011e+06	4.90822e-05	0.4029	
11500	391	3018	22.8144	30	1840	14.1119	10	532	17	68	25	3	987266	5.97943e-05	0.266	
10587	400	3039	19.5278	27.7979	1752	17.278	8	535	15	59	8	4	1.0925e+06	6.11098e-05	0.1305	
11500	391	3018	23.791	30	1803	14.1119	10	529	15	72	33	3	980737	6.05364e-05	0.2835	
10333	387	3035	15.2558	20.1018	1731	18.96	7	533	14	61	12	4	1.31546e+06	5.43449e-05	0.1615	
11500	368	3042	16.4959	20	1772	15.008	8	534	6	57	8	4	1.1961e+06	4.64554e-05	0.4333	
10587	400	3036	19.2904	20.9332	1816	16.6219	10	535	11	56	30	4	1.12575e+06	5.50812e-05	0.2031	
10906	339	3045	15	20	1822	15.1411	5	535	15	60	2	4	1.32364e+06	4.88615e-05	0.3124	
10915	334	3033	22.8566	24.8299	1775	16.2673	10	535	17	56	19	3	1.05687e+06	5.77301e-05	0.2246	
11500	399	2997	18.2465	21.1353	1899	18.4147	9	535	17	57	8	4	1.10863e+06	4.83629e-05	0.3765	
10396	374	3026	15.7929	21.7393	1708	15.0972	5	535	17	59	18	4	1.27909e+06	5.55155e-05	0.1348	
10758	369	3049	18.6164	26.6445	1831	16.506	8	535	16	57	13	4	1.11572e+06	5.79677e-05	0.1625	
10682	394	2994	21.7228	25.857	1801	17.4346	6	535	17	59	37	3	1.06111e+06	6.10054e-05	0.1591	
11500	368	3045	16.4959	20	1772	18.3944	7	534	8	57	2	3	1.19593e+06	4.65723e-05	0.4345	
11400	395	3020	22.0114	23.3369	1869	15.7531	10	532	18	59	36	4	1.02751e+06	5.30082e-05	0.3252	
10416	400	3043	19.2904	27.0183	1816	16.6219	10	535	16	56	20	4	1.11264e+06	6.18735e-05	0.1143	
11073	392	2992	20.0918	27.5987	1831	15.969	9	535	20	61	43	4	1.05467e+06	5.91856e-05	0.1905	
10591	356	3026	15.715	21.529	1708	15.0972	5	535	16	60	23	3	1.2757e+06	5.39491e-05	0.1733	
10950	392	2994	21.7228	27.5466	1792	15.6823	6	535	20	55	19	3	1.03764e+06	5.99664e-05	0.2047	
10396	340	3026	18.8144	20.5576	1743	14.544	5	535	16	55	20	4	1.18563e+06	5.56855e-05	0.17	
10579	359	3039	18.6936	24.3755	1732	18.4081	6	535	19	56	24	4	1.1464e+06	5.80349e-05	0.1362	
11174	400	3023	18.2152	20	1839	15.6016	7	535	12	61	7	3	1.13263e+06	4.87852e-05	0.3496	
10590	394	3026	15	22.4013	1846	16.3618	8	533	17	55	10	4	1.29255e+06	5.35131e-05	0.1816	
10846	392	3046	16.3715	21.6865	1817	15.898	7	533	18	65	32	4	1.20893e+06	5.25845e-05	0.236	
11288	337	3038	15.0183	21.3369	1772	16.0704	9	533	16	68	27	5	1.2887e+06	4.90412e-05	0.3183	
11422	398	2974	25	29.0814	1741	18.1362	6	535	8	64	31	6	985783	6.13987e-05	0.2719	
11490	400	3043	22.5559	21.9471	1859	16.6552	10	535	12	60	21	3	1.02615e+06	5.0997e-05	0.3716	
10520	391	3027	23.6524	25.1113	1770	19	9	532	16	55	56	3	1.05651e+06	6.40328e-05	0.1365	
10290	400	3042	20.6975	22.0833	1764	15.6924	6	535	13	55	26	6	1.12278e+06	5.92487e-05	0.135	
10787	399	3023	16.1941	22.2095	1722	17.2244	6	535	18	64	32	5	1.21901e+06	5.39724e-05	0.1936	
11289	362	3044	15.6372	20.0269	1823	16.5941	7	535	15	67	8	4	1.24903e+06	4.7288e-05	0.3819	
11500	385	3044	18.0665	20	1831	16.7994	8	535	12	63	2	3	1.1313e+06	4.6856e-05	0.4131	
11399	400	3026	20.4387	21.1508	1859	16.6552	9	535	12	67	20	3	1.06421e+06	4.98504e-05	0.3593	
11500	399	3044	23.0885	20	1827	16.8967	6	526	14	58	7	3	1.04799e+06	4.94829e-05	0.4414	
10723	353	3027	15.6946	21.0474	1708	16.67	8	534	20	56	24	4	1.26931e+06	5.27065e-05	0.2038	
11144	398	2995	22.2344	21.6145	1754	17.8719	9	535	20	69	22	4	1.04555e+06	5.34902e-05	0.3092	
11380	383	3018	23.8718	26.0862	1745	14.603	9	535	16	63	60	4	1.00353e+06	5.78035e-05	0.2785	
11105	349	3042	17.4358	24.7788	1749	14.8676	6	534	15	58	14	3	1.15215e+06	5.34845e-05	0.2407	
11493	377	3041	20.8787	20.8537	1781	16.805	9	534	15	66	31	3	1.06543e+06	4.97141e-05	0.3878	
10452	400	3033	19.2233	28.8119	1759	19	5	531	16	55	11	4	1.11341e+06	6.35284e-05	0.1049	
11216	391	3013	20.9999	23.9513	1899	18.832	6	533	16	55	22	4	1.05226e+06	5.39258e-05	0.2932	
11107	388	3050	18.4021	20.775	1818	18.7687	8	535	16	61	14	5	1.1302e+06	5.02361e-05	0.3121	
11380	396	3033	22.5211	22.5079	1852	16.6552	10	534	13	67	28	5	1.03052e+06	5.24136e-05	0.3455	
11399	400	3026	20.5465	22.2021	1849	18.0611	10	535	15	66	19	4	1.05381e+06	5.09295e-05	0.342	
11293	381	3022	15.7921	23.4208	1754	15.2477	8	533	16	60	8	4	1.20335e+06	5.05638e-05	0.2888	
10520	391	3027	22.4727	25.1113	1749	19	9	532	5	55	56	3	1.0681e+06	6.31672e-05	0.1364	
10482	339	3030	15.7929	21.8651	1708	15.0972	5	534	16	57	23	4	1.28954e+06	5.50509e-05	0.1509	
10166	344	3050	18.8396	24.5417	1731	18.4081	7	534	5	55	17	5	1.1797e+06	6.1361e-05	0.0986	
11313	355	3044	15.7142	22.2824	1795	17.1848	10	535	5	63	19	5	1.22719e+06	4.95417e-05	0.3201	
10862	400	3050	17.8556	20.9916	1837	18.5804	7	535	16	67	20	4	1.15349e+06	5.19859e-05	0.2675	
10541	392	3043	18.4105	24.6454	1811	18.5611	6	535	5	57	25	3	1.13987e+06	5.81294e-05	0.1508	
10697	392	3015	21.848	24.1199	1852	17.8897	7	532	13	55	22	3	1.06156e+06	5.81869e-05	0.2132	
10758	400	3043	18.6164	20.097	1832	18.5611	8	535	11	57	13	4	1.14133e+06	5.1994e-05	0.2668	
11199	389	3042	15.4075	22.4284	1801	17.5482	9	532	16	70	11	3	1.22661e+06	5.00125e-05	0.2987	
11491	400	3033	19.2562	20.775	1864	15.9367	6	535	14	60	7	4	1.0964e+06	4.80792e-05	0.3797	
10415	400	3042	20.6975	22.0833	1764	18.4694	7	535	13	55	26	6	1.11188e+06	5.83192e-05	0.1439	
10619	392	3026	18.6164	22.1593	1843	17.9914	8	535	9	55	17	4	1.13684e+06	5.49511e-05	0.2089	
11334	366	3048	15.2572	23.0052	1730	15.4368	7	534	12	61	19	4	1.24555e+06	4.99525e-05	0.3049	
11500	361	3021	18.3959	20.6126	1899	16.6992	8	534	20	58	3	4	1.1322e+06	4.75263e-05	0.3787	
11500	384	3044	19.2364	20	1839	14.7295	6	529	12	62	7	3	1.11289e+06	4.7335e-05	0.4158	
11340	400	2997	18.7313	21.1353	1899	18.4147	8	535	17	57	8	4	1.10615e+06	4.93681e-05	0.3441	
10494	349	3042	18.213	24.3973	1801	16.8056	6	535	18	56	33	4	1.17087e+06	5.86166e-05	0.1282	
11500	400	3046	18.2465	21.6688	1822	18.2669	9	535	17	57	8	4	1.1042e+06	4.86145e-05	0.3756	
10970	389	3050	16.5828	21.6865	1714	17.1533	9	534	16	70	34	4	1.18942e+06	5.22876e-05	0.2496	
11449	395	3046	22.8145	23.9475	1845	16.2518	10	526	12	67	20	3	1.01403e+06	5.3183e-05	0.3564	
11210	388	3008	23.7978	25.626	1822	18.6573	8	535	18	65	28	3	1.00889e+06	5.75473e-05	0.2643	
11500	398	2999	24.4126	26.7494	1732	15.9225	10	526	11	76	12	3	981444	5.74449e-05	0.3698	
10994	380	3044	19.8653	22.1613	1782	17.319	8	535	17	57	19	5	1.09318e+06	5.29661e-05	0.2678	
10865	399	3034	16.1941	22.2212	1744	17.5773	7	535	18	64	32	5	1.21209e+06	5.32879e-05	0.2072	
11288	337	3050	15.0183	21.3369	1787	16.0704	9	533	18	69	27	5	1.28878e+06	4.89189e-05	0.3181	
10818	400	3029	22.0505	24.6871	1806	15.8471	6	535	15	55	33	3	1.04946e+06	5.8214e-05	0.1995	
11500	388	3041	15.6081	21.6771	1700	18.0616	6	535	9	61	21	3	1.2171e+06	4.84426e-05	0.3522	
10333	368	3035	15.1235	21.221	1827	15.3986	7	535	13	58	13	4	1.32392e+06	5.46926e-05	0.1489	
11452	400	3040	17.3589	20	1840	15.6514	6	526	11	59	3	3	1.15665e+06	4.67683e-05	0.4295	
11452	374	3031	15.1588	20	1871	14.8927	6	534	15	59	12	3	1.26773e+06	4.62107e-05	0.4231	
10590	400	3026	19.2764	22.4013	1765	18.0233	8	535	18	55	16	4	1.11824e+06	5.59754e-05	0.1805	
10839	385	2992	19.3214	20.7584	1815	16.7621	8	532	19	57	14	3	1.11615e+06	5.26621e-05	0.2706	
11140	370	3040	15.4057	20	1813	16.6696	8	535	16	58	60	4	1.27047e+06	5.03474e-05	0.2842	
10137	362	3047	19.2729	21.5111	1734	18.0617	6	535	10	55	11	4	1.17257e+06	5.86889e-05	0.1231	
11227	400	3025	22.9299	23.2631	1789	16.3283	8	534	14	66	19	3	1.02371e+06	5.418e-05	0.3111	
11258	400	3040	19.8681	22.4256	1798	17.0006	9	531	19	65	20	4	1.07011e+06	5.15756e-05	0.3304	
10450	390	3035	16.8569	22.2095	1708	17.171	7	534	15	57	25	5	1.21577e+06	5.62905e-05	0.1401	
10827	296	3012	15	20.0025	1700	17.9152	7	535	16	58	25	5	1.35684e+06	5.12531e-05	0.2465	
11247	333	3050	18.3042	20.775	1850	18.3856	7	535	16	67	16	4	1.15961e+06	4.93121e-05	0.3383	
10723	400	3012	20.2061	23.3537	1774	18.2026	10	534	16	58	17	4	1.08242e+06	5.65036e-05	0.2069	
10424	392	2990	17.5752	22.5762	1841	16.334	7	535	13	57	5	3	1.17661e+06	5.60727e-05	0.1751	
10225	363	3045	17.0156	23.2184	1753	15.1853	7	534	15	55	8	4	1.22575e+06	5.79139e-05	0.112	
11500	400	3044	22.3289	20	1839	15.3191	6	535	10	65	7	3	1.0567e+06	4.88568e-05	0.4377	
10572	381	3015	20.3236	28.9136	1708	14.8675	9	535	9	56	24	4	1.08234e+06	6.37877e-05	0.127	
11329	400	3050	19.5305	20.775	1843	18.5804	7	535	16	66	15	4	1.09129e+06	4.93754e-05	0.35	
11500	388	3041	15.6081	21.6771	1721	18.0616	6	535	9	57	22	3	1.21752e+06	4.8384e-05	0.3552	
11113	400	3032	22.26	26.4361	1900	16.3915	8	535	15	66	25	3	1.02316e+06	5.73625e-05	0.2533	
11253	395	3020	22.8145	25.4378	1845	15.9093	9	531	12	55	19	3	1.01342e+06	5.5991e-05	0.2945	
10461	382	3013	16.1907	21.8651	1708	15.3528	5	532	20	56	24	4	1.25047e+06	5.55803e-05	0.1468	
11353	347	3025	18.0107	20.1551	1887	19	6	535	17	55	3	4	1.16186e+06	4.78813e-05	0.3634	
11230	400	2986	24.6342	29.8201	1708	17.7702	9	532	16	59	26	3	986401	6.31552e-05	0.2319	
11500	400	3041	24.4126	26.7494	1752	15.8479	10	526	5	77	12	3	982346	5.69768e-05	0.3768	
11249	400	3042	23.2109	26.2579	1708	17.5267	7	533	16	62	21	3	1.00805e+06	5.73855e-05	0.2752	
10938	389	3050	16.3715	21.6865	1827	15.872	10	533	17	65	32	4	1.19937e+06	5.18834e-05	0.2602	
11452	374	3031	15.1588	20	1871	15.3191	7	534	15	59	12	3	1.26444e+06	4.62406e-05	0.421	
11495	400	3043	20.1635	23.0837	1878	18.0197	5	509	4	76	25	4	1.14481e+06	5.41506e-05	0.22	
10994	392	3014	22.449	25.4072	1762	15.6644	6	535	16	66	18	5	1.0397e+06	5.7607e-05	0.2459	
10494	350	3001	17.9216	21.6126	1844	18.8145	6	535	16	55	33	4	1.19265e+06	5.63634e-05	0.1648	
10781	392	3038	18.9441	26.9432	1850	18.6254	7	535	16	57	26	4	1.10042e+06	5.90005e-05	0.1575	
11470	392	3030	24.0864	20.4098	1793	17.1899	10	526	18	64	7	3	1.02803e+06	5.08544e-05	0.4284	
10840	400	3023	22.6144	26.5179	1733	19	9	534	17	59	40	4	1.03509e+06	6.11359e-05	0.1794	
11038	400	3039	23.2803	27.7979	1752	17.1863	8	535	14	59	18	4	1.01294e+06	6.02591e-05	0.2253	
11088	380	3029	16.1917	20.1018	1839	16.7955	6	535	18	64	5	4	1.22074e+06	4.86169e-05	0.334	
10803	369	3044	19.8653	22.1613	1782	17.319	8	535	17	57	19	5	1.10744e+06	5.43065e-05	0.2248	
11301	400	3025	23.9729	23.6891	1804	16.3283	8	534	15	69	19	3	1.0098e+06	5.47136e-05	0.3314	
11140	400	3016	22.0505	24.4246	1775	15.75	10	535	15	55	19	3	1.02562e+06	5.546e-05	0.273	
11500	400	3030	20.7161	22.707	1830	16.2257	7	525	14	60	12	3	1.04923e+06	5.07022e-05	0.3902	
10489	392	3000	16.6224	23.9548	1873	16.2192	8	535	18	59	4	3	1.20007e+06	5.63222e-05	0.1569	
10638	399	3043	22.1376	29.8201	1704	17.0715	6	533	10	57	26	3	1.04756e+06	6.52103e-05	0.133	
11500	394	3032	23.9866	29.3503	1816	16.0297	10	525	15	60	32	3	982697	5.98731e-05	0.3072	
11016	391	3034	19.5398	20.6145	1795	15.9662	6	535	4	57	29	4	1.11274e+06	5.15943e-05	0.3046	
11100	400	3038	16.7691	20	1811	15.2429	6	531	12	57	8	3	1.18834e+06	4.85225e-05	0.3546	
10631	392	2990	19.7253	22.7989	1774	15.4405	9	535	20	60	37	3	1.10567e+06	5.75109e-05	0.1763	
10799	400	3050	20.8894	23.9959	1794	18.5117	9	534	4	59	25	5	1.06897e+06	5.67472e-05	0.2247	
11230	400	3040	20.922	24.0603	1854	16.6552	10	535	13	67	25	4	1.0432e+06	5.37115e-05	0.2947	
10587	390	3033	21.2044	25.2329	1850	18.5526	9	534	19	59	28	4	1.07464e+06	6.00853e-05	0.1559	
10679	388	3050	19.2314	20.775	1817	18.7687	8	535	16	61	14	5	1.13171e+06	5.35189e-05	0.2364	
11169	387	2965	23.6741	29.7508	1741	17.6469	8	535	13	64	24	6	1.00415e+06	6.29327e-05	0.2201	
10616	400	3034	18.0422	21.8651	1721	17.158	8	535	16	57	16	4	1.15279e+06	5.46448e-05	0.206	
10921	381	3029	15.8029	21.6771	1746	17.351	8	535	7	60	21	5	1.23425e+06	5.16929e-05	0.257	
10494	348	3042	18.213	24.4843	1791	15.7213	8	532	20	55	26	5	1.16717e+06	5.82954e-05	0.1316	
10549	382	3006	16.1907	21.1746	1708	15.3528	5	535	20	56	24	4	1.24792e+06	5.43596e-05	0.1681	
11400	391	3002	24.8523	27.3929	1804	16.3304	10	525	19	78	43	3	985244	5.91366e-05	0.3171	
10225	353	3044	17.4922	23.7767	1748	16.0689	8	535	17	55	3	5	1.20883e+06	5.85686e-05	0.11	
11288	337	3050	15.9954	21.635	1787	16.0704	9	533	18	69	27	5	1.23011e+06	4.94486e-05	0.3246	
11138	375	3026	15.3143	21.0785	1715	15.0972	5	535	16	62	20	3	1.25887e+06	4.95761e-05	0.3122	
11500	391	3016	22.6074	23.6554	1757	17.5741	10	533	17	67	11	4	1.01528e+06	5.29381e-05	0.3682	
11313	393	3026	19.8076	22.4013	1843	17.6816	8	535	18	55	10	4	1.07441e+06	5.0984e-05	0.322	
10873	389	3033	25	28.9277	1764	18.7466	7	533	9	59	51	4	1.0164e+06	6.51466e-05	0.1756	
11289	382	3045	15	20	1746	16.1021	6	535	15	62	3	4	1.27869e+06	4.7061e-05	0.376	
11452	400	3025	21.8329	28.7556	1859	16.6552	7	535	11	73	17	3	1.00324e+06	5.78102e-05	0.2788	
10610	392	3011	18.6164	26.9211	1831	18.5611	8	535	14	55	7	3	1.11288e+06	5.96232e-05	0.1378	
10534	385	2986	20.406	27.3201	1718	17.2747	7	532	20	56	20	3	1.08612e+06	6.26253e-05	0.1236	
10640	385	2966	19.9022	27.3753	1872	16.7621	9	535	20	55	20	3	1.0819e+06	6.13309e-05	0.1414	
11391	400	3039	16.1644	23.3369	1764	15.7531	10	535	20	55	18	4	1.17126e+06	5.02563e-05	0.2911	
10602	400	3016	19.4847	26.9211	1775	19	7	535	8	61	20	4	1.09726e+06	6.0746e-05	0.141	
11500	374	3042	16.1568	20	1721	15.008	8	534	6	57	4	4	1.20825e+06	4.63822e-05	0.4292	
10793	342	3046	15	21.0738	1765	17.7051	5	535	20	64	24	4	1.31884e+06	5.18565e-05	0.2096	
10518	370	3047	15.6192	22.1528	1771	16.1711	6	532	17	60	5	5	1.27453e+06	5.38474e-05	0.1792	
11215	389	3044	16.0235	20	1854	17.6469	5	533	17	61	5	4	1.22378e+06	4.76168e-05	0.3674	
10862	341	3050	17.7002	20.0078	1837	18.6672	7	534	16	67	20	4	1.19316e+06	5.11509e-05	0.2833	
11036	392	3041	20.2087	27.5987	1837	17.3738	9	535	17	60	56	4	1.05938e+06	5.96445e-05	0.1815	
10333	376	3020	15	20	1825	17.244	7	533	17	55	17	5	1.34023e+06	5.40307e-05	0.1702	
11422	400	3044	15	20	1809	14.5335	7	532	12	58	7	4	1.26788e+06	4.62129e-05	0.4225	
10520	391	3027	22.4727	25.6092	1749	18.9308	9	532	5	55	56	3	1.06694e+06	6.36497e-05	0.1298	
11301	400	3025	23.9729	24.5132	1810	16.3283	9	534	15	69	19	3	1.00247e+06	5.54754e-05	0.3074	
10787	399	3019	16.1941	22.9758	1722	17.3763	6	535	18	64	32	5	1.21552e+06	5.46956e-05	0.1853	
10758	400	3043	18.6164	26.6445	1831	18.5611	8	535	11	57	13	4	1.10495e+06	5.81666e-05	0.1658	
11500	356	3022	15.9219	20	1818	14.801	7	534	8	56	2	3	1.22991e+06	4.61446e-05	0.4343	
10587	392	3046	17.9943	25.3092	1783	18.5553	8	535	12	60	13	4	1.14257e+06	5.7857e-05	0.145	
11107	392	2992	19.3235	27.5987	1808	15.3967	8	535	16	63	5	3	1.06367e+06	5.74218e-05	0.2154	
11002	393	3016	23.67	30	1789	18.269	9	535	16	56	19	5	1.00833e+06	6.36578e-05	0.1915	
11477	335	3043	15	21.0958	1727	16.5171	8	535	12	68	28	4	1.28682e+06	4.79019e-05	0.3507	
11370	335	3043	15.2572	21.0958	1727	16.5171	8	535	11	68	28	4	1.27358e+06	4.85343e-05	0.3356	
11088	370	3026	16.1917	20.0326	1850	17.2335	6	535	7	63	5	4	1.22835e+06	4.85272e-05	0.3479	
11083	309	3044	16.5808	23.5448	1808	17.7866	7	529	18	56	2	5	1.10423e+06	5.978e-05	0.1428	
11454	399	2999	22.9291	23.2555	1826	16.4329	10	522	12	75	17	3	1.01456e+06	5.30814e-05	0.3847	
10593	330	3042	15.8125	22.2095	1728	14.7581	7	534	17	59	19	5	1.28042e+06	5.41771e-05	0.1654	
11235	400	3004	18.7833	20.7294	1854	18.456	6	535	15	60	3	4	1.11329e+06	4.95148e-05	0.3404	
11091	385	3022	18.5088	20.9556	1813	15.7745	5	534	17	61	23	4	1.13323e+06	5.08414e-05	0.3064	
10482	396	3030	16.1884	21.9734	1725	15.2487	5	532	17	57	22	3	1.24024e+06	5.51602e-05	0.1545	
11414	400	3036	19.5682	20.9831	1898	17.9144	7	533	20	60	5	4	1.09099e+06	4.87567e-05	0.3637	
10515	400	3033	17.9696	20	1792	15.5583	6	534	3	57	17	5	1.18062e+06	5.35045e-05	0.2301	
10587	400	3026	23.3768	27.7979	1739	17.278	8	535	14	58	13	4	1.04018e+06	6.37308e-05	0.1552	
10166	344	3050	18.8396	24.5417	1731	18.4081	8	535	5	55	17	5	1.17835e+06	6.14137e-05	0.0985	
10396	374	3050	15.1413	21.7393	1708	15.1586	5	535	17	59	13	4	1.31891e+06	5.47765e-05	0.1373	
10864	330	3050	20.4249	22.8548	1804	16.1575	9	533	20	55	36	3	1.10727e+06	5.527e-05	0.2215	
10441	392	3027	22.4727	26.0943	1749	19	9	532	8	58	46	3	1.06916e+06	6.42963e-05	0.1284	
10819	400	3042	24.1042	25.1196	1708	18.0413	10	533	17	60	37	3	1.02409e+06	6.05217e-05	0.2103	
10494	349	3042	18.213	24.7663	1787	16.8056	6	535	18	56	33	5	1.17148e+06	5.90493e-05	0.1245	
11120	400	2996	21.7133	27.8468	1788	17.2741	10	533	20	57	12	3	1.02e+06	5.91576e-05	0.2302	
11205	400	3039	23.5734	26.9031	1752	18.3009	8	535	14	59	30	4	1.00508e+06	5.87993e-05	0.2507	
10833	379	2990	16.7381	22.7989	1774	15.4405	9	533	20	55	37	3	1.18647e+06	5.45019e-05	0.2014	
11500	400	3038	19.4582	20	1889	17.0128	6	534	18	56	8	4	1.10066e+06	4.74789e-05	0.3968	
10781	385	2994	20.9621	29.0297	1815	16.9704	8	532	19	57	14	3	1.0518e+06	6.22859e-05	0.1597	
11317	400	2996	20.0265	20	1797	15.3191	8	529	12	59	7	3	1.08394e+06	4.91352e-05	0.3927	
10596	390	3035	16.8569	22.2095	1708	17.171	7	534	15	57	14	5	1.20118e+06	5.45613e-05	0.1887	
10826	379	3041	15	21.6771	1750	15.0037	6	535	15	62	21	5	1.29458e+06	5.18296e-05	0.2174	
10851	391	3027	22.6071	26.0334	1749	19	9	534	5	58	50	3	1.03853e+06	6.08569e-05	0.1868	
11402	400	3016	22.0505	22.403	1859	16.6552	8	535	10	73	21	3	1.0333e+06	5.18269e-05	0.3617	
10511	323	3030	16.1884	21.8651	1725	15.0972	5	534	16	57	22	3	1.27287e+06	5.48366e-05	0.1572	
10930	385	2995	22.4461	27.3753	1871	16.5643	10	534	16	57	21	4	1.0299e+06	6.0183e-05	0.2128	
11117	361	3040	17.0614	20.1865	1833	17.0128	10	535	20	59	6	4	1.18345e+06	4.87995e-05	0.3252	
10904	400	3008	22.26	27.3116	1868	18.8132	8	533	20	63	26	3	1.03121e+06	6.03573e-05	0.2036	
11500	400	3029	22.2605	20	1776	14.5335	7	535	14	59	9	3	1.05067e+06	4.90942e-05	0.4349	
10947	396	3032	20.349	27.4008	1857	16.2685	5	535	18	64	31	3	1.06075e+06	5.89275e-05	0.1949	
10580	396	3038	18.6164	26.9432	1831	18.5611	7	535	16	55	2	3	1.11514e+06	5.93965e-05	0.1322	
10750	353	3026	15.715	21.8651	1734	15.0972	5	535	16	64	23	3	1.26341e+06	5.30363e-05	0.2028	
10764	394	2998	21.9294	22.967	1816	18.7862	9	532	16	56	56	4	1.06646e+06	5.87786e-05	0.1953	
10256	396	3045	18.9674	25.3263	1762	18.4081	8	535	10	56	6	5	1.14224e+06	6.08236e-05	0.1094	
11075	377	3050	18.4976	21.4855	1759	15.5405	9	534	16	58	15	4	1.12397e+06	5.09606e-05	0.3108	
10225	379	3038	17.4922	25.5364	1763	16.8193	8	532	13	55	3	5	1.1904e+06	6.03391e-05	0.0989	
11467	400	3022	23.6726	27.2114	1803	14	8	531	17	62	19	4	990680	5.71821e-05	0.3107	
10590	392	3026	19.2764	21.2561	1843	17.6816	8	535	18	55	10	4	1.12703e+06	5.44633e-05	0.2141	
10648	325	3046	17.0258	22.6682	1747	18.4694	7	533	16	55	16	4	1.21982e+06	5.46179e-05	0.1871	
11079	341	3050	18.1326	20	1824	18.0588	8	534	16	65	24	4	1.16793e+06	5e-05	0.3175	
10936	390	3046	19.5559	24.7387	1792	16.1869	6	534	15	58	29	3	1.08765e+06	5.5816e-05	0.2255	
10930	400	3032	20.349	28.7556	1842	16.6552	10	535	15	64	19	3	1.04825e+06	6.02047e-05	0.1855	
10826	364	3046	19.5559	20.8806	1757	18.268	6	535	13	56	22	4	1.12675e+06	5.30701e-05	0.2502	
10426	394	2986	17.1564	23.8672	1843	18.0972	6	534	8	57	14	3	1.18704e+06	5.76369e-05	0.1448	
11500	376	3035	17.9593	20.1018	1841	14.2892	7	533	7	58	5	3	1.14119e+06	4.68406e-05	0.4172	
10590	400	3026	18.9983	22.4013	1843	17.6816	8	535	17	59	10	4	1.12514e+06	5.53189e-05	0.1972	
11500	400	3044	18.2504	20	1829	15.3191	6	526	12	61	7	3	1.12878e+06	4.69859e-05	0.434	
10924	400	3044	21.0666	22.906	1768	17.5617	9	532	17	61	54	3	1.06588e+06	5.63317e-05	0.2269	
11031	392	2992	21.2153	28.957	1815	16.7621	8	532	19	57	14	3	1.03105e+06	6.0698e-05	0.1977	
10873	389	3033	25	29.2444	1828	18.7466	7	533	10	59	51	4	1.01558e+06	6.52869e-05	0.176	
11160	387	3005	15.2572	22.3271	1772	15.589	7	535	12	72	14	4	1.24403e+06	5.04745e-05	0.2864	
11500	394	3027	21.6261	25.1393	1772	15.9655	10	534	8	57	13	3	1.01722e+06	5.36913e-05	0.3342	
10750	356	3026	15.715	22.1396	1708	15.0972	5	535	16	60	23	3	1.26076e+06	5.32793e-05	0.1959	
11452	374	3031	15.1588	20	1871	15.3191	7	534	16	59	12	3	1.26411e+06	4.62428e-05	0.4197	
11073	392	2992	20.2087	27.5987	1837	15.969	9	535	17	61	43	3	1.05065e+06	5.91716e-05	0.197	
11370	335	3044	15.2572	21.6771	1727	15.4641	8	535	9	68	33	4	1.26988e+06	4.9099e-05	0.323	
10827	296	3021	15	20.0025	1705	17.9152	7	534	18	63	25	5	1.35639e+06	5.12584e-05	0.2473	
10723	400	3012	21.0309	22.3142	1775	18.4311	8	532	16	58	23	4	1.07928e+06	5.62114e-05	0.2189	
11500	398	3002	24.0736	26.7494	1798	14.8865	10	532	13	74	16	3	983358	5.68925e-05	0.3383	
10682	400	3009	23.8658	24.6425	1801	17.3862	6	535	17	55	37	3	1.04123e+06	6.1065e-05	0.1773	
11075	398	3016	21.584	23.3632	1791	15.617	8	535	14	61	16	3	1.04416e+06	5.44099e-05	0.279	
11210	388	3012	23.7978	25.626	1884	19	8	535	18	65	28	3	1.00968e+06	5.73427e-05	0.2693	
10327	350	3050	15.5405	20	1733	18.8784	8	535	5	55	18	5	1.31834e+06	5.44455e-05	0.1612	
10706	370	3033	18.3959	23.3549	1899	17.0128	7	535	18	56	2	4	1.14046e+06	5.44218e-05	0.2166	
11329	399	3050	19.5305	20.5523	1843	18.6749	6	535	16	69	16	4	1.09687e+06	4.92223e-05	0.3548	
10864	400	3036	20.4249	21.2712	1818	16.1575	8	533	19	60	36	3	1.08814e+06	5.40044e-05	0.2518	
10684	400	3019	19.4847	26.9211	1775	18.5611	8	534	15	61	20	4	1.08991e+06	6.01106e-05	0.1481	
10420	392	3049	18.6164	26.9211	1812	18.5611	8	535	15	56	7	3	1.12882e+06	6.08236e-05	0.1101	
11399	400	3026	20.5126	21.1508	1802	15.0178	10	535	11	73	19	3	1.05915e+06	4.99675e-05	0.3647	
10225	368	3044	15.6192	22.1528	1755	18.2642	6	530	17	61	4	5	1.30012e+06	5.64557e-05	0.1227	
11174	395	3023	18.2152	20	1839	15.6016	7	535	12	61	7	4	1.13758e+06	4.87995e-05	0.349	
10970	389	3050	16.5828	21.6865	1700	17.1533	9	534	16	70	34	5	1.1914e+06	5.23478e-05	0.2472	
10519	381	3015	20.3236	28.9136	1708	14.8675	8	535	20	56	24	4	1.08824e+06	6.4317e-05	0.112	
10378	400	3023	22.6017	26.5179	1749	19	9	534	19	59	40	4	1.0715e+06	6.53979e-05	0.1129	
10996	400	3033	15.7006	22.931	1751	15.7483	7	534	9	65	26	4	1.22157e+06	5.23341e-05	0.2451	
10977	400	3046	16.3715	21.4701	1817	17.5265	10	533	16	55	22	5	1.19626e+06	5.10621e-05	0.2871	
11227	400	3025	21.5375	25.4204	1789	16.3283	8	535	14	63	16	3	1.02804e+06	5.53833e-05	0.2841	
10396	400	3038	18.0448	21.8651	1708	17.1692	8	535	16	57	24	4	1.17211e+06	5.69314e-05	0.1498	
10731	376	2990	16.7381	22.7989	1768	16.2136	9	535	20	55	37	3	1.19499e+06	5.54047e-05	0.1766	
11391	400	3039	21.1283	23.3369	1764	15.7531	10	535	20	55	18	4	1.03537e+06	5.22411e-05	0.3296	
10808	369	3034	18.5088	20.8806	1829	15.7745	6	534	19	55	29	4	1.15163e+06	5.27704e-05	0.2462	
10790	400	3031	24.7342	28.8589	1757	19	7	535	10	63	43	3	1.01799e+06	6.52401e-05	0.1687	
10888	384	3000	16.6224	23.9548	1768	16.3533	7	535	18	59	3	3	1.17716e+06	5.37346e-05	0.2134	
11329	389	3050	19.5305	20.775	1835	18.5804	7	534	16	58	12	4	1.09847e+06	4.92878e-05	0.3509	
10975	391	3036	17.4228	20.9353	1830	17.4539	7	533	18	62	23	4	1.16597e+06	5.1096e-05	0.2931	
10722	353	3046	18.4132	21.5486	1863	17.0571	8	535	15	59	27	3	1.15757e+06	5.38068e-05	0.229	
10968	378	2992	21.5876	25.4438	1900	16.7007	8	532	19	57	15	3	1.0473e+06	5.71331e-05	0.2402	
11500	368	3031	19.4582	20	1894	16.7104	7	534	19	58	5	4	1.11133e+06	4.74406e-05	0.4014	
10424	392	3004	17.5752	22.5762	1871	16.334	7	535	13	57	8	4	1.17974e+06	5.60381e-05	0.1761	
10715	330	3042	15.8125	22.2095	1718	16.3847	7	534	17	59	19	5	1.27188e+06	5.33903e-05	0.1891	
11183	340	3050	16.1662	21.6771	1794	15.2251	9	535	19	62	27	3	1.21945e+06	4.99925e-05	0.303	
11312	400	2986	22.5859	25.8624	1882	16.8562	10	533	15	73	19	3	1.00742e+06	5.61041e-05	0.2981	
10758	400	3043	19.2658	20.097	1864	18.5611	8	535	15	55	13	4	1.12592e+06	5.2203e-05	0.2768	
10587	361	3033	21.7856	25.2329	1850	17.8022	9	535	19	56	25	4	1.07499e+06	6.01974e-05	0.1543	
11468	391	3016	19.6019	23.6554	1757	17.5741	10	533	17	67	11	4	1.06201e+06	5.16369e-05	0.3373	
11215	400	3023	18.2152	20	1829	15.6016	7	535	12	61	12	3	1.12985e+06	4.87211e-05	0.353	
10441	392	3039	21.8996	26.0943	1751	19	8	532	5	58	48	3	1.07865e+06	6.38447e-05	0.1286	
11169	391	3020	20.2153	22.1275	1803	18.1181	7	534	18	60	17	4	1.07647e+06	5.21295e-05	0.3036	
11370	335	3043	15.2572	21.0958	1727	15.4641	8	535	10	65	25	4	1.27403e+06	4.83349e-05	0.3428	
10747	393	3004	23.1064	26.439	1754	15.3862	8	535	18	60	21	3	1.03433e+06	6.11434e-05	0.1865	
10810	391	3027	22.4727	26.0943	1754	19	9	534	5	58	56	3	1.04435e+06	6.14364e-05	0.1743	
10722	378	3046	18.4132	21.0215	1743	17.0571	8	535	12	59	19	3	1.14605e+06	5.32028e-05	0.2424	
11363	314	3033	18.3959	20.1865	1900	17.6309	7	535	18	56	5	4	1.17369e+06	4.78629e-05	0.3672	
10587	400	3039	23.3032	28.1905	1752	17.278	9	535	14	55	8	4	1.03808e+06	6.3804e-05	0.1515	
11230	393	3038	22.8145	25.3413	1884	15.8565	10	534	13	69	25	4	1.01709e+06	5.58098e-05	0.2903	
11110	341	3045	18.1962	20.0078	1837	18.5804	7	534	16	67	20	4	1.16874e+06	4.9729e-05	0.3242	
11036	392	3041	20.2087	27.5987	1837	17.6561	9	535	17	60	56	4	1.05952e+06	5.96694e-05	0.1808	
11327	397	2997	24.8523	28.2325	1724	16.3304	8	528	19	73	21	3	985020	6.0412e-05	0.284	
11169	395	3021	15	20.7227	1787	17.7245	8	535	18	70	13	3	1.26327e+06	4.89404e-05	0.3247	
11301	400	3021	22.8144	23.2631	1845	16.3283	8	534	17	67	19	3	1.02158e+06	5.35475e-05	0.326	
10524	392	2990	18.9181	24.0772	1860	16.678	7	534	18	59	9	3	1.1246e+06	5.75573e-05	0.1743	
11267	339	3030	15.7929	22.7184	1708	15.6446	5	535	16	55	23	4	1.23897e+06	5.05306e-05	0.2889	
11086	400	3016	22.7567	30	1775	15.9334	10	535	13	56	19	3	1.00568e+06	6.23986e-05	0.1983	
11449	400	3033	23.2714	23.408	1833	15.9093	10	524	12	70	19	3	1.0103e+06	5.30983e-05	0.3791	
10407	400	2992	21.7133	27.4529	1772	17.2741	10	533	20	57	12	5	1.07043e+06	6.4189e-05	0.1264	
11169	337	3050	15	21.6771	1794	15.2472	9	532	18	65	27	5	1.29371e+06	4.97611e-05	0.2937	
11407	397	3018	18.6547	20	1868	17.9584	6	535	10	56	7	3	1.11727e+06	4.78377e-05	0.3834	
11230	400	3038	22.8145	26.2429	1852	16.6552	5	534	13	67	14	4	1.01929e+06	5.65547e-05	0.2776	
10921	400	3050	15.7356	21.6771	1737	18.4178	6	535	10	68	26	4	1.23359e+06	5.19049e-05	0.2443	
11174	336	3035	18.2152	20	1839	15.6016	7	535	14	61	7	4	1.16826e+06	4.87092e-05	0.3461	
11091	385	3034	18.5088	20.9556	1813	15.7745	5	534	17	61	23	4	1.13347e+06	5.07357e-05	0.3064	
10715	326	3034	16.4093	21.7779	1711	16.3847	7	533	18	62	25	5	1.24785e+06	5.36481e-05	0.2008	
11363	301	3033	18.3959	20.1865	1899	17.0128	7	534	20	56	4	4	1.18612e+06	4.78011e-05	0.3678	
10823	399	3042	22.1376	29.8201	1704	17.7702	6	533	16	60	26	3	1.03496e+06	6.38325e-05	0.1559	
10124	336	3047	19.7546	21.6515	1734	18.4694	8	534	11	56	11	4	1.17103e+06	5.93507e-05	0.12	
11227	400	3025	22.9299	23.2631	1789	16.3283	8	535	14	64	46	3	1.02516e+06	5.50176e-05	0.2939	
11258	400	3040	19.8681	22.4256	1798	17.8864	9	531	19	65	29	4	1.07041e+06	5.19292e-05	0.3269	
10808	336	3034	18.149	22.3952	1829	17.0817	5	533	19	55	3	4	1.16836e+06	5.28933e-05	0.2444	
11500	400	3027	15.36	20	1795	15.9655	8	535	8	57	12	3	1.23737e+06	4.63263e-05	0.4227	
10590	392	3026	19.2764	22.4013	1846	17.6816	8	535	18	55	10	4	1.11949e+06	5.54416e-05	0.1894	
11329	399	3050	19.8497	20.775	1843	18.1512	7	535	16	67	16	3	1.08308e+06	4.95e-05	0.349	
10283	392	3038	18.9441	26.9432	1850	18.4738	7	535	16	55	2	4	1.13381e+06	6.19272e-05	0.0993	
11018	400	3016	20.349	28.7556	1857	16.6552	10	535	15	64	19	3	1.04256e+06	5.97657e-05	0.1986	
11162	326	3050	15.0183	21.6771	1787	16.0704	9	533	16	70	11	4	1.29584e+06	4.93194e-05	0.3085	
10846	385	2966	19.5914	27.3753	1871	16.7621	10	534	20	59	15	3	1.07284e+06	5.94071e-05	0.1807	
11071	395	3028	20.7547	22.0493	1844	16.1575	10	534	16	60	21	3	1.06282e+06	5.2776e-05	0.2926	
11166	388	3045	15.7006	21.7336	1751	15.982	7	534	9	69	19	4	1.22385e+06	4.99002e-05	0.3116	
11385	400	3044	21.3303	20	1839	15.9341	6	532	10	61	7	3	1.07112e+06	4.89428e-05	0.4314	
10462	368	3042	17.9084	21.2498	1768	18.4901	8	532	14	55	25	5	1.18688e+06	5.5639e-05	0.1801	
10893	393	2996	23.1064	29.9322	1731	17.8122	7	535	20	60	32	3	1.02015e+06	6.46705e-05	0.1586	
10415	400	3035	20.6975	24.5013	1764	18.4694	8	535	13	55	26	5	1.09738e+06	6.06208e-05	0.1254	
11500	374	3042	16.1568	20	1766	15.008	8	534	6	57	4	4	1.2082e+06	4.62642e-05	0.4341	
11399	400	3026	20.7613	21.1508	1811	14.8533	10	535	11	73	19	3	1.05565e+06	5.00551e-05	0.3636	
10839	385	2992	19.3214	20.7584	1815	16.7621	8	535	19	57	14	3	1.1155e+06	5.26843e-05	0.2593	
10942	400	3043	15.7006	22.931	1751	15.7483	7	534	9	71	19	4	1.22407e+06	5.23725e-05	0.241	
10848	388	3050	20.3005	22.3481	1819	15.7461	8	532	19	60	54	4	1.09351e+06	5.57507e-05	0.2235	
11452	376	3017	16.9094	20	1871	15.3191	8	528	15	56	2	3	1.17794e+06	4.66766e-05	0.4166	
11306	394	3034	21.1447	21.8881	1798	18.0033	8	533	19	66	75	3	1.06071e+06	5.37461e-05	0.2931	
11180	326	3040	15.4966	22.0874	1812	14.6793	8	535	17	62	3	4	1.26409e+06	4.93462e-05	0.3126	
10410	385	3039	22.1029	28.7984	1752	16.6792	8	533	13	55	9	4	1.06852e+06	6.51423e-05	0.1262	
10876	400	3012	21.0309	25.2508	1774	14.4549	10	532	16	58	24	4	1.05352e+06	5.7607e-05	0.2299	
11395	371	3049	19.5934	21.853	1846	17.023	8	534	18	64	23	4	1.08945e+06	5.00425e-05	0.3485	
11075	400	3016	21.3521	23.7555	1852	15.617	8	535	15	55	16	3	1.04392e+06	5.4487e-05	0.2696	
11313	310	3036	18.9056	20.9831	1899	19	6	535	20	55	4	4	1.15868e+06	4.90533e-05	0.3409	
11500	391	3018	22.8144	30	1840	14.1119	10	528	15	72	19	3	987943	5.97872e-05	0.2823	
10559	400	3035	18.0448	21.8651	1708	17.006	8	535	16	57	24	4	1.15899e+06	5.55278e-05	0.1823	
10494	389	3016	19.1403	24.2008	1724	17.8518	7	532	16	56	33	4	1.13062e+06	5.93789e-05	0.1347	
11065	377	3042	20.8234	24.3501	1765	14.909	9	535	16	58	9	3	1.05764e+06	5.45911e-05	0.2681	
11473	346	3042	16.4959	20.1352	1829	14.7897	6	535	9	58	8	3	1.2116e+06	4.65246e-05	0.4215	
11115	400	3007	22.8145	25.3413	1852	16.9288	10	534	14	64	21	4	1.01824e+06	5.69184e-05	0.2662	
11301	400	3021	22.8144	23.4554	1845	17.4215	8	534	17	67	13	3	1.02003e+06	5.36366e-05	0.3226	
11493	383	3041	20.9509	21.0663	1777	15.4704	6	534	16	66	2	3	1.06619e+06	4.91545e-05	0.3922	
11085	394	3012	19.2721	21.2262	1806	18.4276	9	532	17	59	17	4	1.10006e+06	5.15783e-05	0.3053	
10673	370	3037	19.7118	20	1707	15.2419	8	535	19	57	26	3	1.12805e+06	5.38039e-05	0.2314	
11500	382	3025	18.2465	20	1899	18.1747	9	532	20	59	14	4	1.13057e+06	4.73418e-05	0.3911	
10739	391	3044	19.7118	21.0768	1768	15.7329	8	535	12	56	24	3	1.10815e+06	5.38184e-05	0.2352	
11169	387	2974	25	29.7508	1736	18.1362	6	535	17	55	24	6	998798	6.38529e-05	0.2187	
11329	378	3050	19.5305	20.775	1843	18.5804	7	535	16	67	3	4	1.10106e+06	4.90581e-05	0.3537	
11203	400	3006	22.0505	28.7556	1852	15.617	8	535	13	55	16	3	1.00988e+06	5.95628e-05	0.243	
10970	389	3050	15.4075	20.8791	1817	17.8864	9	534	16	70	34	4	1.25397e+06	5.10777e-05	0.2618	
11384	332	3020	15.4966	23.3962	1753	14.6793	8	535	13	66	3	4	1.243e+06	4.98977e-05	0.3084	
10521	400	3042	20.2061	23.3803	1798	18.2026	10	532	16	58	16	3	1.09458e+06	5.76701e-05	0.1746	
11312	400	3038	22.2115	26.2429	1852	16.6552	10	534	13	67	14	4	1.01303e+06	5.57849e-05	0.2961	
11209	400	3009	22.449	29.1561	1763	15.6644	6	535	14	60	19	3	1.00906e+06	6.04924e-05	0.2277	
11227	362	3044	15.6372	20	1834	16.1213	7	535	15	67	6	4	1.2529e+06	4.74744e-05	0.3708	
11086	389	3016	23.67	30	1775	18.3857	10	535	11	56	19	3	1.0019e+06	6.30955e-05	0.2073	
11500	400	3044	21.7806	20	1839	15.1171	6	535	12	62	7	3	1.062e+06	4.8546e-05	0.4401	
10746	388	3050	19.4646	26.4618	1815	15.7461	8	534	19	57	42	4	1.09614e+06	5.95061e-05	0.155	
10864	400	3036	20.7547	22.0493	1818	16.1751	8	530	17	55	36	3	1.07575e+06	5.47795e-05	0.2474	
10587	392	3039	18.6164	22.3944	1843	18.5611	8	534	20	57	41	4	1.14502e+06	5.67408e-05	0.1597	
11500	380	3044	20.6306	20.0779	1839	16.326	6	535	15	61	2	3	1.08324e+06	4.798e-05	0.4223	
10587	382	3040	16.321	24.1197	1819	18.5611	6	534	11	55	7	3	1.21355e+06	5.55278e-05	0.1612	
10579	349	3050	22.3959	24.8183	1724	18.4081	6	533	17	56	33	4	1.08226e+06	6.08162e-05	0.154	
10415	337	3042	20.8265	21.5121	1786	18.3323	7	535	15	55	26	6	1.13889e+06	5.78503e-05	0.1534	
11399	400	3026	22.0505	26.5291	1849	18.0579	10	534	17	69	13	4	1.00897e+06	5.57289e-05	0.3054	
11179	400	2999	23.9514	24.4849	1738	15.282	10	533	18	73	16	3	1.00619e+06	5.65835e-05	0.2878	
11475	400	3030	23.6347	30	1798	16.9643	10	527	16	80	19	3	979903	6.04084e-05	0.2856	
10494	332	3029	17.9216	22.2587	1724	18.4196	5	535	16	60	33	4	1.20362e+06	5.70548e-05	0.1456	
10758	357	3021	18.6164	22.4539	1831	18.5611	8	535	18	57	13	4	1.14051e+06	5.42211e-05	0.2195	
10723	386	3030	20.2061	24.0666	1774	18.2026	10	532	17	56	17	4	1.08439e+06	5.69606e-05	0.2042	
10894	400	3042	24.6342	29.5801	1708	15.2694	10	533	16	60	37	3	1.00685e+06	6.46831e-05	0.186	
10256	348	3014	18.9674	26.0579	1776	18.5958	8	535	14	55	3	5	1.15497e+06	6.18047e-05	0.0961	
11117	358	3040	17.678	20.1865	1899	17.0128	6	535	20	58	6	4	1.17242e+06	4.8821e-05	0.3363	
10458	400	3035	16.8437	21.8651	1731	17.006	9	535	16	57	24	4	1.20871e+06	5.58566e-05	0.1444	
11294	400	3034	20.4394	24.5965	1843	19	7	535	17	60	13	4	1.04992e+06	5.3559e-05	0.3031	
10225	363	3044	17.0156	22.64	1753	16.1189	7	529	17	55	8	5	1.22943e+06	5.73987e-05	0.1336	
11088	371	3043	16.6691	20.1018	1836	16.1021	6	532	7	64	7	4	1.20846e+06	4.86216e-05	0.3532	
10647	400	3035	18.7516	21.1886	1708	16.3696	8	535	17	57	21	4	1.13399e+06	5.43626e-05	0.2176	
11183	368	3043	15	21.2208	1713	15.6786	8	535	9	68	33	3	1.27508e+06	4.97711e-05	0.2968	
10459	354	3011	19.4809	21.4419	1751	18.321	8	535	14	55	11	3	1.14157e+06	5.62019e-05	0.1686	
10521	400	3042	20.2061	23.2424	1787	18.2026	10	532	16	58	16	3	1.09504e+06	5.75772e-05	0.175	
10166	276	3050	18.8396	24.5417	1731	18.4081	8	535	5	55	19	5	1.2259e+06	6.15347e-05	0.0976	
11073	388	3050	18.4021	20.775	1818	18.7687	8	535	16	62	2	5	1.13126e+06	5.00776e-05	0.313	
10590	392	3026	16.4038	21.9252	1843	17.6816	8	535	18	55	26	4	1.22113e+06	5.45643e-05	0.1699	
10225	366	3038	17.4922	23.7767	1763	16.6159	8	532	16	55	17	5	1.20542e+06	5.93401e-05	0.1025	
10723	394	2998	21.9294	22.967	1812	18.3941	9	532	16	56	56	4	1.06853e+06	5.90702e-05	0.1896	
11204	388	2990	21.2467	22.7989	1768	15.4405	10	532	20	55	17	4	1.04854e+06	5.33021e-05	0.3081	
11071	400	3036	20.7547	28.625	1844	16.1575	10	534	16	64	26	3	1.03388e+06	5.94672e-05	0.2061	
10396	400	3034	18.0448	21.8651	1708	16.9922	8	535	16	57	24	4	1.17195e+06	5.69541e-05	0.1503	
10521	400	3042	19.5055	21.1878	1787	18.2026	8	534	16	62	16	3	1.12394e+06	5.54324e-05	0.2028	
10723	394	3012	20.2061	21.2262	1806	18.6002	9	532	16	58	17	4	1.0988e+06	5.45078e-05	0.2418	
10864	400	3036	20.7547	22.0493	1818	16.1751	8	530	17	56	29	3	1.07604e+06	5.44692e-05	0.2562	
10900	399	3050	19.5305	20.775	1780	18.1512	8	531	16	61	16	4	1.10685e+06	5.2154e-05	0.2856	
11293	393	3018	23.8718	26.0862	1747	14.603	8	535	20	63	60	4	1.00529e+06	5.84385e-05	0.2562	
11235	400	3004	18.4415	20.7294	1854	14	6	535	15	60	3	4	1.12471e+06	4.90894e-05	0.347	
11169	337	3050	15	21.6771	1788	15.2472	6	535	18	70	27	6	1.30039e+06	4.98728e-05	0.2833	
11016	400	3050	15	21.1264	1745	15.6643	8	534	9	69	28	5	1.27503e+06	5.04363e-05	0.2767	
11313	393	3031	19.8076	22.4013	1847	17.6816	8	535	18	55	10	4	1.07459e+06	5.09269e-05	0.3216	
10936	386	3046	19.5559	20.8806	1749	15.2101	6	535	13	56	22	4	1.11335e+06	5.20752e-05	0.2831	
11329	399	3050	19.5305	20.775	1843	18.1512	7	535	16	67	16	4	1.09255e+06	4.93681e-05	0.351	
11176	389	3016	23.67	30	1811	18.3857	10	535	11	56	19	3	996989	6.24025e-05	0.2235	
11293	383	3018	23.8718	26.0862	1747	14.603	9	535	17	63	60	4	1.00748e+06	5.84317e-05	0.262	
10947	399	3016	20.349	28.7556	1857	16.6552	5	535	19	64	31	3	1.05526e+06	6.06208e-05	0.1775	
10587	400	3030	23.3768	27.7979	1752	17.278	8	535	15	59	13	4	1.04049e+06	6.36375e-05	0.1551	
10950	393	2994	21.7228	27.3753	1801	16.7419	6	535	17	55	37	3	1.04016e+06	6.04595e-05	0.1891	
10309	310	3041	16.5808	23.5448	1791	17.7866	7	529	20	56	2	5	1.26492e+06	5.70972e-05	0.126	
11113	400	3028	22.26	26.1687	1900	16.3915	8	535	12	66	25	3	1.02417e+06	5.71135e-05	0.259	
10257	391	3021	23.3307	28.3758	1718	18.0304	6	525	16	55	19	4	1.07073e+06	6.77828e-05	0.1149	
10513	344	3030	17.019	24.1374	1755	15.1301	5	533	19	57	24	4	1.21439e+06	5.73164e-05	0.1366	
11410	360	3039	18.235	20.1865	1882	14.7726	6	535	20	58	8	4	1.14894e+06	4.74496e-05	0.3709	
11210	388	3012	23.7978	25.626	1888	18.6573	8	535	18	65	28	3	1.00971e+06	5.73066e-05	0.2709	
11500	375	3042	16.4959	20	1772	14.9579	8	534	8	57	4	3	1.18899e+06	4.63435e-05	0.4393	
10587	400	3017	19.4847	26.9211	1775	18.5611	8	535	15	61	20	4	1.0972e+06	6.0905e-05	0.1326	
10232	383	3031	17.8142	20	1871	15.3191	7	534	15	55	12	3	1.20288e+06	5.54723e-05	0.1711	
10938	400	3039	16.8671	23.7767	1781	16.0977	7	533	17	55	10	3	1.16178e+06	5.31293e-05	0.2356	
11322	392	3026	19.2764	22.4013	1843	17.6816	8	535	18	55	10	4	1.0844e+06	5.07099e-05	0.3284	
11459	398	2974	25	29.7508	1752	18.2435	8	535	5	64	30	6	979565	6.19387e-05	0.2739	
11263	400	3025	21.1597	23.2631	1841	16.3283	8	535	17	73	19	3	1.04309e+06	5.28569e-05	0.3102	
10723	400	3002	20.2061	24.1676	1833	18.4968	10	531	20	61	16	3	1.07815e+06	5.71592e-05	0.2048	
11454	399	3015	23.6939	21.6754	1826	16.0146	10	524	12	75	25	3	1.01996e+06	5.2105e-05	0.4328	
10750	356	3026	15.8313	22.1396	1708	15.0972	5	535	14	60	34	3	1.25704e+06	5.38677e-05	0.1961	
10930	367	3040	15.4547	21.6771	1762	17.351	7	535	15	56	33	4	1.26295e+06	5.18565e-05	0.2343	
10587	400	3043	19.2904	26.6445	1816	16.6219	10	535	11	56	24	4	1.10039e+06	6.01612e-05	0.1396	
11500	400	3044	23.4652	20.6239	1839	15.3191	6	530	10	65	7	3	1.04052e+06	5.00676e-05	0.4338	
10880	375	3030	15.4103	20.52	1715	15.9664	5	535	16	62	20	3	1.26989e+06	5.07692e-05	0.2736	
10776	400	3042	19.386	26.6445	1820	17.5272	10	532	11	56	29	3	1.08447e+06	5.89449e-05	0.1768	
11500	390	3041	16.4959	20	1772	16.008	8	530	10	57	2	3	1.18426e+06	4.63951e-05	0.4529	
11408	400	3016	23.079	25.8055	1757	17.5741	10	533	18	67	3	4	999528	5.5701e-05	0.3292	
11016	393	3017	17.9003	20.1845	1792	15.5244	6	535	16	61	17	4	1.15305e+06	5.0274e-05	0.3068	
11500	336	3035	15.1547	20	1793	14.2892	7	533	8	58	5	3	1.28814e+06	4.59263e-05	0.4368	
11204	388	2990	20.9777	27.0901	1757	16.2639	10	533	20	57	43	4	1.03651e+06	5.84078e-05	0.2233	
10124	336	3047	19.7546	21.5111	1734	18.4694	8	534	9	56	11	4	1.17187e+06	5.92031e-05	0.1231	
10652	399	3025	22.5742	25.2267	1802	18.4153	8	535	15	57	45	4	1.05475e+06	6.13497e-05	0.1567	
11500	397	3031	19.898	20	1772	17.2738	8	534	8	57	23	3	1.08742e+06	4.84332e-05	0.4173	
10885	395	3045	16.7677	21.5421	1805	17.6089	8	533	20	70	36	4	1.18754e+06	5.27955e-05	0.2432	
11209	397	3009	22.449	25.8306	1763	16.2786	6	535	16	62	19	3	1.02074e+06	5.67408e-05	0.273	
11418	400	3008	21.5019	26.702	1744	15.886	10	535	17	66	67	3	1.01771e+06	5.74416e-05	0.2565	
10979	400	3036	20.9621	28.957	1822	16.7621	8	532	15	57	8	3	1.03649e+06	6.02337e-05	0.1991	
10638	399	3038	22.1376	29.8201	1704	17.0715	7	533	10	56	25	3	1.04576e+06	6.52571e-05	0.1327	
10999	400	3050	19.2462	21.6865	1817	17.3426	9	529	16	55	15	5	1.10106e+06	5.19373e-05	0.2937	
11329	355	3050	15	22.3215	1784	16.543	7	535	5	67	17	4	1.27283e+06	4.91232e-05	0.3203	
11399	394	3005	20.2061	26.1726	1798	18.0033	8	535	20	71	75	3	1.0466e+06	5.68796e-05	0.2423	
11380	396	3033	22.5211	22.5079	1852	16.6552	10	534	17	67	28	5	1.03006e+06	5.24274e-05	0.3396	
11424	400	3003	19.4796	21.2803	1877	15.9367	6	535	14	60	2	4	1.08808e+06	4.90509e-05	0.3641	
10930	400	3032	21.432	22.1799	1842	16.6552	10	535	18	63	19	3	1.05749e+06	5.41594e-05	0.2819	
11174	400	3023	18.2152	20	1843	15.6672	7	535	14	61	2	3	1.13131e+06	4.86405e-05	0.353	
10452	394	3026	20.8918	28.8119	1753	19	5	531	16	55	11	4	1.08136e+06	6.4512e-05	0.1035	
11125	400	3050	18.0363	26.6405	1845	15.7607	6	535	17	57	2	3	1.10017e+06	5.49602e-05	0.2279	
10723	394	2998	22.5701	24.0668	1806	18.7862	9	535	16	56	52	4	1.05564e+06	6.03318e-05	0.1701	
10808	336	3034	18.6319	20	1829	16.7539	5	535	19	55	3	4	1.17381e+06	5.10882e-05	0.2849	
11500	400	3040	18.2504	20	1829	15.3191	6	528	12	61	7	3	1.12902e+06	4.70079e-05	0.4281	
10420	392	3043	18.6164	26.9211	1812	18.5611	8	535	15	57	2	3	1.12835e+06	6.06612e-05	0.1133	
11051	400	3042	16.4861	20	1839	15.4944	6	533	14	66	5	3	1.20208e+06	4.86547e-05	0.3399	
10682	394	2994	21.7228	27.3753	1801	17.3862	6	535	17	55	37	3	1.05678e+06	6.26056e-05	0.1404	
11500	393	3044	23.6388	20	1795	17.5499	10	532	16	85	19	3	1.03464e+06	5.02462e-05	0.4364	
11500	388	2989	23.9467	20.8337	1848	16.764	10	533	15	56	19	3	1.02576e+06	5.13426e-05	0.4011	
11364	400	3046	21.6627	21.6788	1855	14.283	10	527	17	63	30	4	1.04681e+06	5.11457e-05	0.3693	
10225	343	3044	18.153	23.7767	1765	17.5817	6	533	20	57	8	5	1.19654e+06	5.92171e-05	0.1133	
10652	399	3039	22.5742	25.2267	1802	17.8855	8	535	15	58	13	4	1.05006e+06	5.96694e-05	0.1898	
10824	385	3000	20.9621	29.0825	1815	16.7621	8	532	19	57	14	4	1.05095e+06	6.20155e-05	0.1645	
10225	387	3044	17.0156	23.2184	1804	16.0977	7	529	17	55	11	5	1.21831e+06	5.79811e-05	0.1227	
11495	400	2986	22.1155	25.8624	1882	17.1493	10	533	17	63	19	3	1.00449e+06	5.49149e-05	0.3257	
11500	337	3038	15	20.1018	1860	16.1021	6	535	11	65	5	4	1.30016e+06	4.59369e-05	0.4321	
11500	375	3040	17.0156	23.9852	1741	16.405	7	535	18	55	8	5	1.14488e+06	5.05127e-05	0.306	
10677	399	2992	20.9621	29.057	1815	17.0359	6	535	12	57	25	3	1.05852e+06	6.35122e-05	0.1381	
10351	392	3038	18.9441	26.0781	1850	18.0795	7	535	16	55	5	4	1.1316e+06	6.05107e-05	0.114	
11500	400	3014	18.5257	20	1836	14.8631	6	532	14	61	11	4	1.12235e+06	4.73866e-05	0.409	
10864	400	3036	20.4249	22.3685	1818	16.1575	7	533	19	60	36	3	1.08103e+06	5.49028e-05	0.2362	
10975	391	3036	17.4228	20.7982	1841	17.4539	7	534	18	62	23	4	1.16729e+06	5.09684e-05	0.2905	
11270	355	3050	15.0841	22.4585	1769	16.543	7	535	5	67	17	5	1.27022e+06	4.9645e-05	0.305	
10950	385	2966	19.5914	27.3753	1872	16.7621	9	535	20	57	15	3	1.06715e+06	5.86923e-05	0.1924	
10731	376	2990	16.7381	22.7989	1768	16.2136	8	533	20	55	37	3	1.19654e+06	5.53618e-05	0.1826	
11199	355	3050	15.4966	22.8154	1792	16.6512	7	535	13	65	17	5	1.2443e+06	5.04312e-05	0.2793	
11086	400	3050	22.7567	30	1790	17.3648	10	535	15	63	19	3	1.00679e+06	6.1954e-05	0.199	
10904	400	3012	22.26	27.3116	1868	18.5191	7	533	20	63	26	3	1.03257e+06	6.02773e-05	0.204	
10663	400	3014	22.0318	27.3753	1886	17.1758	8	535	19	59	15	3	1.04741e+06	6.15271e-05	0.1683	
11370	335	3043	15.2572	21.0958	1727	15.4641	8	535	9	68	28	4	1.2739e+06	4.84449e-05	0.3409	
11405	400	3026	21.6978	20.3115	1849	18.0611	10	534	16	66	19	4	1.05429e+06	4.98902e-05	0.3966	
10994	365	2990	16.7381	22.6619	1815	15.1433	9	532	20	55	37	3	1.18395e+06	5.30729e-05	0.2412	
10587	400	3045	23.4799	27.7979	1752	17.278	8	535	14	59	13	4	1.04005e+06	6.35364e-05	0.1569	
10723	396	3003	21.9294	22.967	1817	18.7862	9	532	16	56	56	4	1.06862e+06	5.90458e-05	0.1888	
11329	393	3037	19.5305	21.7785	1843	18.1512	7	535	16	67	16	4	1.08714e+06	5.03069e-05	0.3377	
10930	367	3040	15.4432	21.6771	1762	17.351	7	535	15	59	33	4	1.26293e+06	5.19184e-05	0.232	
11209	400	3009	22.449	29.1561	1763	15.6644	6	535	16	66	19	3	1.00895e+06	6.04303e-05	0.2285	
10225	366	3038	17.4922	23.7767	1761	16.0689	8	532	13	55	3	5	1.20209e+06	5.84864e-05	0.1228	
11399	400	3031	20.5126	21.1508	1802	15.0178	10	535	11	73	19	3	1.05919e+06	4.99226e-05	0.3647	
10900	400	3050	21.054	23.3164	1778	18.8118	9	535	3	55	18	5	1.06299e+06	5.5325e-05	0.2496	
11230	396	3016	22.8145	25.3413	1865	16.6552	10	534	13	68	25	4	1.01519e+06	5.61199e-05	0.2861	
11500	400	3027	15.36	20	1772	15.9655	8	535	8	57	12	3	1.2371e+06	4.63865e-05	0.4183	
11500	327	3050	18.3959	20.1865	1882	14.8946	6	534	19	59	3	4	1.16642e+06	4.68735e-05	0.3885	
10410	358	3032	16.5724	22.4537	1802	17.5773	7	533	18	56	11	5	1.23707e+06	5.57911e-05	0.146	
10893	393	3035	23.1064	29.9322	1731	15.3862	7	535	20	59	22	3	1.02062e+06	6.37308e-05	0.1729	
10723	396	3008	19.2793	22.967	1817	17.9968	9	535	15	56	56	4	1.11692e+06	5.75738e-05	0.1717	
11264	400	3016	25	26.0248	1900	16.2754	10	535	20	74	31	3	991003	5.79845e-05	0.2988	
10799	400	3047	20.065	22.5117	1829	18.5117	9	534	5	62	22	4	1.08975e+06	5.47405e-05	0.2453	
10750	356	3026	15.7929	21.8651	1708	15.0972	5	535	16	64	20	3	1.25702e+06	5.29773e-05	0.2071	
11500	400	2999	23.9514	24.4849	1733	15.282	10	533	15	73	16	3	992635	5.47166e-05	0.3562	
11422	400	3040	15.48	20	1819	14.5335	6	532	12	55	2	4	1.24203e+06	4.62193e-05	0.4226	
11003	337	3050	15	21.6771	1795	15.2472	9	532	18	70	27	5	1.30122e+06	5.09243e-05	0.2623	
11313	313	3036	18.9056	20.9831	1899	17.2186	6	535	20	58	5	4	1.15672e+06	4.89428e-05	0.3456	
11301	400	3026	23.9729	24.5132	1810	16.3283	8	534	14	69	19	3	1.00444e+06	5.54539e-05	0.3097	
10491	330	3042	15.8125	22.2095	1737	16.3847	7	534	19	62	21	5	1.28854e+06	5.52944e-05	0.1485	
11420	400	3028	22.26	26.1687	1900	16.3915	8	535	12	59	25	3	1.00818e+06	5.53159e-05	0.3107	
10647	400	3026	17.1816	21.1886	1744	16.3696	8	535	17	57	21	4	1.18432e+06	5.36653e-05	0.2124	
10493	385	2987	22.0318	27.3753	1900	16.996	8	535	20	57	25	3	1.06384e+06	6.37064e-05	0.1371	
10900	400	3050	21.054	23.3164	1803	18.8118	9	535	3	55	18	5	1.06312e+06	5.52425e-05	0.2483	
11414	400	3042	19.5682	20.9831	1898	17.9144	7	533	20	60	12	4	1.09087e+06	4.88759e-05	0.3613	
11117	341	3040	17.678	20.1865	1899	17.0128	6	534	20	58	6	4	1.1829e+06	4.88186e-05	0.3398	
10225	363	3039	16.8671	23.7767	1765	16.0977	7	533	17	55	10	5	1.23049e+06	5.86166e-05	0.0998	
10697	400	3010	21.3751	28.8556	1852	16.2167	7	535	16	55	22	3	1.05098e+06	6.29366e-05	0.1477	
11399	400	3026	22.0505	20.3115	1849	18.0611	10	534	16	66	19	4	1.04951e+06	5.01253e-05	0.4008	
11072	400	3039	21.6003	23.1154	1824	18.1949	8	534	7	60	15	5	1.05118e+06	5.4057e-05	0.2905	
11012	376	3050	16.3715	21.6865	1794	15.872	10	535	18	65	32	5	1.20199e+06	5.14827e-05	0.2619	
11067	367	3048	19.8262	24.3501	1765	14.909	9	535	17	58	9	3	1.08022e+06	5.40365e-05	0.2682	
11125	400	3050	18.0363	25.4087	1845	15.7607	6	535	17	57	2	3	1.10462e+06	5.36193e-05	0.2522	
10580	400	3049	21.236	26.9432	1818	19	7	535	14	55	2	4	1.06628e+06	6.07238e-05	0.1551	
11500	398	3031	19.4582	20	1899	16.7104	7	534	20	58	5	4	1.09758e+06	4.74293e-05	0.402	
10664	400	3034	18.0375	21.9503	1788	15.2533	5	534	15	57	27	5	1.16073e+06	5.45345e-05	0.2109	
11475	391	3040	22.8144	30	1845	14	10	528	15	60	3	3	989133	5.95026e-05	0.2803	
11400	400	3047	22.8145	22.0659	1851	16.6566	10	528	18	71	31	3	1.02592e+06	5.20318e-05	0.3769	
11500	367	3039	18.3959	20.1865	1882	16.3399	6	534	19	58	3	5	1.13986e+06	4.70522e-05	0.3875	
11500	388	3041	15.6081	21.6771	1721	18.0616	6	535	9	61	21	3	1.21698e+06	4.83723e-05	0.3555	
11230	400	3026	20.922	23.8634	1838	16.6726	10	535	13	60	22	4	1.04305e+06	5.36193e-05	0.2959	
10809	368	3036	18.8389	21.9869	1760	17.1242	5	534	18	64	2	3	1.13412e+06	5.30617e-05	0.2551	
11019	400	3029	15.2572	22.8643	1700	15.0293	6	534	17	68	6	4	1.24649e+06	5.14271e-05	0.2474	
11230	396	3038	22.8145	25.3413	1837	16.9844	10	534	13	69	9	4	1.01498e+06	5.56235e-05	0.2941	
11322	392	3026	19.2764	22.4013	1843	17.5591	8	535	8	56	10	4	1.08593e+06	5.06663e-05	0.3427	
10654	400	3035	18.0448	20.3431	1746	19	7	535	16	57	24	4	1.16327e+06	5.36107e-05	0.2201	
11417	397	3016	22.8144	23.4508	1857	16.4639	7	534	15	70	23	3	1.02007e+06	5.31491e-05	0.3378	
11125	400	3050	18.0363	26.6405	1845	19	6	535	16	57	4	3	1.10065e+06	5.52364e-05	0.2248	
10587	351	3017	19.4847	26.9211	1775	18.7448	8	535	17	55	18	4	1.11439e+06	6.08976e-05	0.12	
11500	397	3038	18.2465	21.6688	1899	18.2669	9	535	17	57	5	4	1.10632e+06	4.8391e-05	0.3739	
10808	336	3034	18.5088	20	1829	16.7422	5	534	19	55	3	4	1.17713e+06	5.10204e-05	0.2878	
10950	392	2994	21.7228	27.4441	1792	15.4197	6	535	17	55	26	3	1.0384e+06	6.00492e-05	0.2024	
10923	393	3005	21.7228	27.3753	1801	15.8234	6	535	17	55	37	3	1.04189e+06	6.04814e-05	0.1863	
10461	382	3013	16.1907	21.8651	1793	15.3528	5	532	20	55	24	4	1.24953e+06	5.53557e-05	0.1482