10144	362	3023	19.3129	26.5757	1758	18.4945	7	535	11	55	6	5	1.15193e+06	6.3743e-05	0.0891	
11500	354	3044	15.2356	20	1872	15.122	6	535	10	65	6	3	1.27231e+06	4.57959e-05	0.4332	
11482	395	3021	25	28.3441	1756	14.9701	10	533	12	74	23	3	975566	5.93331e-05	0.2978	
10440	400	3044	25	29.2773	1764	18.4503	8	533	10	55	50	4	1.04535e+06	6.95749e-05	0.1102	
11500	360	3039	15.5658	20	1839	15.3191	6	528	10	65	7	3	1.25236e+06	4.60638e-05	0.4609	
10272	298	3030	15	20.1018	1761	18.442	7	534	17	55	13	4	1.38969e+06	5.45911e-05	0.143	
10467	364	3024	25	29.2444	1764	18.7551	8	533	10	55	48	4	1.05279e+06	6.94637e-05	0.1124	
10257	391	2998	23.2004	29.2958	1782	17.6881	6	530	17	55	17	3	1.0685e+06	6.87332e-05	0.1066	
10333	338	3039	15	20.1018	1768	18.6969	8	533	17	55	13	4	1.35443e+06	5.40073e-05	0.1592	
10430	308	3030	15	20.1018	1790	18.1973	7	535	17	55	17	4	1.36976e+06	5.34245e-05	0.1687	
10230	308	3030	15	20.1018	1767	18.1973	7	535	18	55	13	4	1.38516e+06	5.49602e-05	0.1324	
11500	400	3050	17.3589	20	1827	17.2242	9	526	12	63	2	3	1.14815e+06	4.66396e-05	0.4538	
10257	391	3021	23.3307	28.3758	1733	18.0304	6	529	16	55	19	4	1.07132e+06	6.77874e-05	0.1082	
10566	400	3050	25	29.8201	1708	17.6992	10	535	16	60	37	3	1.03035e+06	6.82734e-05	0.1342	
10333	373	3037	15	20.7714	1843	19	5	535	14	58	11	4	1.336e+06	5.43272e-05	0.149	
10333	308	3030	15	20.1018	1767	18.7476	6	535	17	55	13	4	1.37782e+06	5.40804e-05	0.1527	
10333	308	3032	15.09	20.8718	1777	17.8748	7	535	12	55	14	4	1.36401e+06	5.46239e-05	0.1404	
10225	365	3044	15	21.4773	1747	18.5817	6	530	17	61	4	5	1.34565e+06	5.56855e-05	0.1256	
11500	400	3044	16.4201	20	1836	17.1232	9	526	11	63	2	3	1.1837e+06	4.63263e-05	0.4596	
10333	335	3030	15	20.1018	1767	18.7476	6	535	20	55	16	4	1.36101e+06	5.42829e-05	0.1439	
10333	308	3030	15	20.1018	1767	18.1973	7	535	17	55	13	4	1.3765e+06	5.40424e-05	0.1531	
10196	315	3044	15.6192	22.0669	1770	17.9959	7	535	19	56	2	5	1.32974e+06	5.65004e-05	0.1057	
10259	400	3023	23.3307	29.0973	1733	18.0304	5	526	17	55	16	4	1.06899e+06	6.83854e-05	0.1114	
10210	400	2985	19.3746	28.1567	1733	18.4843	6	528	13	55	12	4	1.12713e+06	6.55136e-05	0.0923	
10264	400	2998	22.7576	28.3758	1777	17.6881	6	534	17	55	18	3	1.07157e+06	6.74127e-05	0.1029	
10467	364	3024	25	29.2444	1764	18.7551	8	533	10	55	33	3	1.04753e+06	6.8653e-05	0.1228	
10612	346	3050	15	20.403	1750	15.1301	4	531	20	56	30	4	1.34028e+06	5.25597e-05	0.1966	
11500	400	3044	17.3589	20	1827	15.7665	7	526	12	61	2	3	1.15236e+06	4.65679e-05	0.4495	
10272	364	3030	15	20.1018	1770	18.9072	7	533	17	55	13	4	1.34909e+06	5.46001e-05	0.1473	
10257	391	3038	21.5962	28.3758	1718	17.5968	6	533	15	55	19	4	1.09228e+06	6.64319e-05	0.0957	
10398	399	3043	22.1376	29.8201	1729	17.0715	6	533	10	59	26	3	1.06786e+06	6.72314e-05	0.1164	
10511	391	3010	25	26.3491	1815	19	7	533	19	56	51	4	1.0477e+06	6.6177e-05	0.1306	
11500	400	3044	21.3303	20	1839	14.2991	6	532	14	62	7	3	1.06707e+06	4.82998e-05	0.447	
10893	364	2996	23.1064	30	1731	19	7	535	20	60	33	3	1.03008e+06	6.49098e-05	0.1539	
10893	393	2996	23.1064	29.9322	1731	19	7	535	20	60	33	3	1.0204e+06	6.48298e-05	0.1548	
10674	393	3045	23.1064	29.5997	1735	18.7437	7	531	20	56	33	3	1.03749e+06	6.56383e-05	0.1328	
11500	400	3038	18.2504	20	1811	15.2429	6	531	12	57	8	3	1.12673e+06	4.70455e-05	0.4273	
10246	368	3035	15	20.4689	1726	17.7672	6	535	14	57	14	4	1.34892e+06	5.51755e-05	0.1269	
11500	396	3033	17.3589	20	1839	15.3191	6	529	14	61	3	3	1.1552e+06	4.66048e-05	0.43	
11500	388	3042	16.4959	20	1772	14.9579	8	535	8	61	2	3	1.18177e+06	4.63285e-05	0.4405	
10257	391	3024	22.2922	28.3758	1718	18.0304	6	535	16	55	19	4	1.08331e+06	6.71366e-05	0.1007	
11264	354	3033	17.3589	20	1868	17.9584	6	535	14	62	11	3	1.18095e+06	4.80769e-05	0.3573	
11289	362	3044	15	20	1823	16.1021	7	535	15	64	3	4	1.28776e+06	4.68845e-05	0.3849	
11199	389	3050	15.4075	22.4284	1817	14	9	534	16	70	34	3	1.22897e+06	5.05459e-05	0.2819	
11061	372	3043	15	20.1018	1863	15.0312	6	534	16	61	2	4	1.29593e+06	4.7957e-05	0.3442	
11003	342	3043	15	21.6771	1795	15.7619	9	535	15	59	28	5	1.29841e+06	5.08621e-05	0.2529	
11500	354	3044	15.5658	20	1839	15.3191	6	535	10	65	7	3	1.25286e+06	4.60045e-05	0.4325	
10842	386	3029	15.4547	21.6771	1873	17.351	7	535	18	56	28	4	1.25793e+06	5.20752e-05	0.2249	
11500	366	3031	16.5843	20	1894	16.7104	6	534	14	62	13	4	1.19913e+06	4.65354e-05	0.4136	
11500	380	3044	20.6306	20.0779	1839	16.326	6	535	15	61	2	3	1.08324e+06	4.798e-05	0.4223	
11249	380	3049	24.212	29.9326	1708	17.2303	6	535	16	62	3	3	999655	6.16827e-05	0.2338	
10894	400	3042	24.6342	29.8201	1708	17.037	10	533	16	63	37	3	1.0071e+06	6.50618e-05	0.1834	
11422	400	3047	15.48	20	1802	14.5335	6	531	12	55	2	4	1.2422e+06	4.62065e-05	0.4251	
10707	378	3044	25	29.202	1764	18.4503	8	533	10	55	48	4	1.02888e+06	6.67512e-05	0.1433	
11500	400	3044	22.3289	21.6195	1830	15.3191	6	535	16	65	7	3	1.03832e+06	5.0221e-05	0.4027	
10744	339	3045	15	20	1786	15.0148	5	535	15	60	2	3	1.32789e+06	4.99775e-05	0.2784	
10609	399	3042	21.9922	29.8201	1708	15.4378	5	530	20	60	37	5	1.05827e+06	6.57895e-05	0.1281	
11114	393	3016	23.67	30	1789	18.3857	10	535	11	56	19	5	1.00165e+06	6.29445e-05	0.2114	
11500	382	3025	18.2465	20	1899	18.1747	9	532	20	59	14	4	1.13057e+06	4.73418e-05	0.3911	
10826	357	3050	15	20.4461	1742	18.0616	7	535	17	63	21	5	1.30958e+06	5.10595e-05	0.2412	
10826	357	3050	15	20.4461	1742	18.0616	8	535	17	63	19	5	1.30698e+06	5.09866e-05	0.2455	
11395	371	3049	19.5934	21.853	1846	17.023	8	534	18	64	23	4	1.08945e+06	5.00425e-05	0.3485	
11227	400	3025	21.5375	25.4204	1789	16.3283	8	535	14	63	16	3	1.02804e+06	5.53833e-05	0.2841	
10264	391	3033	22.7576	28.3758	1777	17.8504	6	534	17	55	18	3	1.07481e+06	6.70196e-05	0.1023	
11500	374	3042	15.2667	20	1721	15.008	8	534	6	57	4	4	1.25618e+06	4.61127e-05	0.4185	
11500	400	3041	18.1368	20	1836	14.8631	7	532	12	61	11	3	1.12685e+06	4.69969e-05	0.4147	
10697	400	3042	24.212	29.8201	1700	16.884	8	533	20	60	37	3	1.02552e+06	6.64938e-05	0.1471	
10985	400	3016	22.7567	30	1775	15.9334	10	535	15	56	19	3	1.01136e+06	6.30636e-05	0.1828	
11500	400	3031	19.4582	20.1043	1889	17.1709	10	534	19	58	5	3	1.08774e+06	4.75805e-05	0.3892	
10256	318	3030	18.8863	26.0579	1776	18.5958	8	535	14	55	3	5	1.17417e+06	6.15915e-05	0.0949	
10246	391	3041	22.2922	28.3758	1777	18.0304	8	535	15	55	19	4	1.08155e+06	6.69031e-05	0.1012	
11481	392	3044	23.2099	20.7664	1795	15.5543	10	527	15	79	12	3	1.03201e+06	5.04566e-05	0.4456	
11500	368	3042	16.4959	20	1772	14.9579	8	534	8	57	2	3	1.19235e+06	4.62984e-05	0.4425	
11500	400	3047	18.5257	20	1836	14.8631	7	532	12	61	11	3	1.11606e+06	4.71032e-05	0.4112	
11500	368	3036	16.4959	20	1836	14.6726	8	534	8	57	2	3	1.19501e+06	4.61766e-05	0.4314	
10840	384	3010	22.7226	26.5179	1740	19	9	534	20	59	32	4	1.03773e+06	6.09905e-05	0.1847	
10225	363	3044	16.9057	22.3078	1765	15.8888	6	533	17	57	8	5	1.23884e+06	5.71102e-05	0.1318	
10259	391	3015	23.3307	28.3758	1733	17.7029	5	529	18	55	15	3	1.07003e+06	6.76087e-05	0.1108	
11500	337	3043	15	20.1018	1860	16.1021	6	535	11	65	5	4	1.30028e+06	4.58968e-05	0.4321	
11140	377	3040	15.4057	20	1813	16.6696	8	535	16	58	60	4	1.26731e+06	5.03474e-05	0.2842	
11230	400	3040	20.922	24.0603	1854	16.6552	10	535	13	67	25	4	1.0432e+06	5.37115e-05	0.2947	
11169	385	2994	21.7228	25.4213	1808	15.4197	6	535	17	55	37	3	1.03676e+06	5.67054e-05	0.2549	
11500	368	3026	16.4155	20	1899	16.7104	7	534	16	59	5	4	1.20321e+06	4.6292e-05	0.4095	
10333	387	3035	15.1235	20.1018	1731	18.96	7	534	14	56	12	4	1.32525e+06	5.41565e-05	0.1572	
10234	385	2990	20.9186	28.1859	1723	17.8842	6	528	13	55	21	4	1.10304e+06	6.66178e-05	0.0947	
10782	400	3034	24.6342	29.8201	1711	14.362	10	533	19	56	37	3	1.01346e+06	6.59805e-05	0.163	
11289	362	3050	15.6372	20.0681	1846	16.7879	7	535	15	67	8	4	1.24964e+06	4.72255e-05	0.3815	
10333	368	3035	15.1235	21.221	1827	18.96	6	535	13	58	13	4	1.3268e+06	5.49269e-05	0.1371	
10333	375	3020	15	20	1766	17.244	7	533	17	55	16	4	1.3388e+06	5.40921e-05	0.1591	
11086	400	3022	22.0505	29.7946	1852	15.6516	10	535	19	73	2	4	1.07003e+06	6.76087e-05	0.1108	
10924	400	3045	20.5801	23.2577	1753	17.5617	9	532	17	61	54	3	1.07194e+06	5.64302e-05	0.2167	
10846	389	3050	15.9394	21.6865	1794	15.5277	10	535	18	65	32	5	1.22758e+06	5.25265e-05	0.217	
11168	389	3016	22.5084	25.8624	1869	15.2335	10	535	15	72	18	3	1.0199e+06	5.66027e-05	0.2751	
10826	357	3050	15	20.4461	1742	18.1321	7	535	17	61	21	5	1.31012e+06	5.10491e-05	0.2398	
11500	336	3036	15.2222	20.1018	1782	14	7	535	19	57	5	3	1.27957e+06	4.60448e-05	0.4088	
11500	399	3042	24.9812	29.8201	1708	17.6369	7	533	16	62	37	3	977124	6.1267e-05	0.2649	
10524	392	2998	16.6224	23.9548	1873	16.3533	7	535	18	59	4	4	1.20047e+06	5.60915e-05	0.1605	
10378	400	3023	22.6017	26.5179	1749	19	9	534	19	59	40	4	1.0715e+06	6.53979e-05	0.1129	
10707	364	3044	25	29.2773	1764	18.4503	8	533	10	55	48	4	1.03365e+06	6.6836e-05	0.1431	
11015	400	3016	22.0505	30	1775	15.9334	5	535	15	55	23	4	1.02503e+06	6.25978e-05	0.1783	
11493	400	3041	20.9509	21.0663	1764	15.4704	6	534	16	66	2	3	1.05999e+06	4.91908e-05	0.3929	
10225	400	3043	17.4922	23.7767	1763	16.0689	7	532	17	55	3	5	1.19328e+06	5.84624e-05	0.1172	
10288	363	3044	15.5395	23.2066	1751	15.5178	7	535	17	55	2	5	1.29416e+06	5.65036e-05	0.1099	
10518	370	3047	15.6192	22.1528	1771	16.1711	6	532	17	60	5	5	1.27453e+06	5.38474e-05	0.1792	
11399	400	3026	22.0505	20.3115	1849	15.4103	10	534	16	66	19	3	1.04679e+06	4.99451e-05	0.4047	
11411	400	2993	18.9692	20.9831	1899	17.0128	6	534	20	58	10	5	1.10394e+06	4.89404e-05	0.3581	
11114	393	3016	23.67	30	1789	18.3857	10	532	11	58	19	5	1.00189e+06	6.2905e-05	0.2226	
10758	399	3012	18.6164	26.6445	1818	18.5611	8	535	9	57	13	4	1.1045e+06	5.85069e-05	0.1673	
10825	390	3034	19.4812	20.8806	1804	16.7717	6	533	16	58	25	5	1.12145e+06	5.3087e-05	0.2546	
11015	400	3016	22.0505	29.7946	1775	15.9334	10	535	15	55	23	4	1.01858e+06	6.23752e-05	0.1785	
11500	400	3041	24.4126	26.7494	1752	15.8479	10	526	5	77	12	3	982346	5.69768e-05	0.3768	
11494	399	3042	16.4959	20	1772	14.9579	8	534	8	61	2	3	1.17788e+06	4.63499e-05	0.4433	
11105	392	3014	22.449	25.4072	1770	15.2677	6	535	17	66	18	3	1.02949e+06	5.67956e-05	0.2623	
11500	336	3050	15.1967	20.1018	1781	14	7	535	12	57	5	3	1.28279e+06	4.59137e-05	0.4194	
11288	337	3050	15.0183	21.3369	1772	16.0704	9	533	18	69	28	5	1.28904e+06	4.89956e-05	0.3144	
11500	368	3031	17.8629	20	1899	16.7104	7	534	19	59	5	4	1.15037e+06	4.67727e-05	0.3918	
11215	343	3023	18.2152	20	1829	18.2098	7	535	13	55	7	3	1.15998e+06	4.87662e-05	0.3477	
11486	397	3018	18.2973	20	1868	17.9584	6	535	11	56	7	4	1.12761e+06	4.73216e-05	0.3948	
10369	399	3043	15.2777	20.1018	1797	18.2886	7	533	14	56	20	5	1.31283e+06	5.40365e-05	0.1659	
10256	400	3023	19.8967	25.9112	1794	18.4081	8	535	20	55	8	5	1.11831e+06	6.22937e-05	0.1006	
11500	400	3044	20.6306	20.0779	1836	14.3513	6	535	13	60	8	3	1.07601e+06	4.79962e-05	0.4218	
10333	400	3035	15.219	20.1018	1731	19	7	531	18	56	19	4	1.31737e+06	5.45911e-05	0.1525	
11500	391	3003	24.8523	28.2325	1788	18.9191	10	530	19	57	43	3	979343	5.98982e-05	0.2867	
10828	392	3038	18.6164	22.4125	1814	18.5611	7	535	16	55	4	4	1.12392e+06	5.32e-05	0.242	
10602	382	3039	20.7529	27.8678	1752	17.2923	8	535	17	59	21	4	1.07741e+06	6.22549e-05	0.1311	
11500	400	3044	22.3289	20	1839	15.3191	6	535	10	65	7	3	1.0567e+06	4.88568e-05	0.4377	
10452	394	3026	20.8918	28.8119	1761	19	5	531	16	55	11	4	1.08122e+06	6.44828e-05	0.1041	
10452	400	3028	19.8603	28.8119	1759	19	5	531	16	55	11	4	1.0982e+06	6.39059e-05	0.1015	
11500	398	2999	24.4126	26.7494	1732	15.9225	10	526	11	76	12	3	981444	5.74449e-05	0.3698	
11500	376	3035	17.9593	20.1018	1841	14.2892	7	533	7	58	5	3	1.14119e+06	4.68406e-05	0.4172	
10283	392	3038	18.9441	26.9432	1850	18.4738	7	535	16	55	2	4	1.13381e+06	6.19272e-05	0.0993	
11434	362	3044	15.6372	20	1842	16.7726	9	535	15	67	6	4	1.24027e+06	4.64749e-05	0.4076	
11289	382	3045	15	20	1746	16.1021	6	535	15	62	3	4	1.27852e+06	4.7061e-05	0.376	
10947	399	3016	20.349	28.7556	1857	16.6552	5	535	19	64	31	3	1.05526e+06	6.06208e-05	0.1775	
11117	341	3040	17.678	20.1865	1899	17.0128	6	535	20	58	6	4	1.18263e+06	4.88234e-05	0.3361	
10561	400	3011	19.4809	27.971	1770	18.321	8	535	12	55	7	3	1.09142e+06	6.17436e-05	0.1223	
10452	371	3030	20.7169	29.4423	1753	19	5	532	17	55	32	4	1.09475e+06	6.61244e-05	0.0973	
10765	393	3040	22.1458	30	1727	15.1366	7	535	19	60	20	4	1.03953e+06	6.40902e-05	0.1458	
11500	389	3033	22.2483	20.4248	1889	17.1709	10	534	19	58	2	3	1.0464e+06	4.91449e-05	0.4069	
11138	377	3034	19.0649	20.5647	1799	14.8239	9	535	16	58	7	3	1.11204e+06	4.98008e-05	0.3258	
10524	395	3000	16.6224	23.9548	1873	16.3533	7	535	18	59	4	3	1.19725e+06	5.60507e-05	0.1612	
10452	400	3026	20.8918	28.8119	1759	19	5	531	16	55	11	4	1.07983e+06	6.44912e-05	0.1039	
10799	396	3018	23.433	29.3676	1823	16.7621	8	535	19	55	23	3	1.02205e+06	6.40369e-05	0.1622	
10371	363	3044	17.3382	23.7767	1839	16.0977	8	533	17	55	18	5	1.19976e+06	5.77067e-05	0.1265	
10246	391	3027	22.2922	28.3758	1777	18.0304	6	533	15	55	19	4	1.08304e+06	6.69882e-05	0.1009	
10950	400	3029	15.4547	21.6771	1763	17.351	7	535	18	56	28	4	1.24667e+06	5.16236e-05	0.2373	
11500	400	3045	17.3589	20	1793	17.2812	9	532	12	63	2	3	1.1438e+06	4.67443e-05	0.4474	
10906	339	3045	15	20	1822	15.1411	5	535	15	60	2	4	1.32364e+06	4.88615e-05	0.3124	
10587	400	3039	23.3032	28.1905	1752	17.278	9	535	14	55	8	4	1.03808e+06	6.3804e-05	0.1515	
11107	392	2992	19.3235	27.5987	1808	15.3967	8	535	16	63	5	3	1.06367e+06	5.74218e-05	0.2154	
11169	337	3050	15.6121	22.0777	1788	15.8024	6	535	18	70	27	6	1.25944e+06	5.04185e-05	0.2795	
10593	330	3042	15.8125	22.6692	1728	16.3847	7	534	17	59	14	5	1.27674e+06	5.44395e-05	0.1606	
10674	359	3042	15.8125	22.2095	1719	15.1408	7	534	19	65	19	5	1.25877e+06	5.37808e-05	0.1813	
11106	400	3016	21.3521	23.7555	1852	15.617	8	535	15	55	16	3	1.04248e+06	5.42918e-05	0.2737	
11454	380	3044	18.8988	20	1839	14.8631	6	533	11	61	8	3	1.12016e+06	4.74158e-05	0.3969	
10996	400	3033	15.7006	22.931	1751	15.7483	7	534	9	65	26	4	1.22157e+06	5.23341e-05	0.2451	
10883	357	3046	15	21.2159	1812	18.0616	6	535	17	63	21	5	1.30285e+06	5.10934e-05	0.2391	
11500	400	3027	21.397	20	1772	15.9655	8	535	6	69	12	3	1.05863e+06	4.88353e-05	0.436	
11500	400	3046	16.7891	20	1766	15.2761	9	534	8	58	2	3	1.16398e+06	4.64059e-05	0.4482	
11162	399	2992	19.5305	20.775	1843	18.4443	7	535	16	63	16	4	1.09798e+06	5.0844e-05	0.321	
11500	400	3027	23.791	30	1803	14.1119	9	535	15	72	30	3	977399	6.031e-05	0.2687	
11050	362	3043	16.0315	20.3373	1840	16.1021	6	535	12	64	5	4	1.23848e+06	4.87876e-05	0.3346	
10396	374	3050	15	21.7393	1708	15.1586	5	535	17	59	13	4	1.3293e+06	5.47256e-05	0.1393	
10225	365	3044	15.6192	22.1528	1747	18.2642	6	530	17	61	4	5	1.30154e+06	5.6478e-05	0.1215	
11500	400	3050	17.3589	20	1827	15.7665	7	526	12	56	4	3	1.15244e+06	4.65376e-05	0.4444	
11500	394	3018	23.8034	21.5402	1803	14.1119	10	535	15	57	33	3	1.01814e+06	5.18592e-05	0.3866	
10378	400	3019	22.6017	26.267	1749	18.8741	9	532	12	57	56	4	1.07623e+06	6.60153e-05	0.1087	
10462	400	3029	20.6477	26.1978	1775	18.5333	7	534	20	59	22	4	1.09041e+06	6.1778e-05	0.1245	
11500	374	3050	16.7022	20	1772	15.008	8	535	6	57	8	4	1.18398e+06	4.64533e-05	0.4333	
10894	400	3042	24.6342	29.8201	1708	17.7219	10	533	19	56	37	3	1.00668e+06	6.53125e-05	0.1666	
10812	387	3029	15.4547	21.6771	1745	17.351	7	535	18	57	28	4	1.26025e+06	5.26288e-05	0.2077	
11183	400	3043	15	21.2208	1713	15.6786	8	535	9	68	33	3	1.26126e+06	4.97686e-05	0.2969	
11065	339	3042	15.8051	20.0922	1836	15.7807	7	534	12	63	4	4	1.26289e+06	4.83629e-05	0.344	
11473	382	3005	24.8523	27.1289	1751	17.4834	8	532	18	70	43	3	987945	5.85789e-05	0.3039	
11400	391	3002	24.8523	27.3929	1804	16.3304	10	525	19	78	43	3	985244	5.91366e-05	0.3171	
10994	375	3043	19.8653	22.1613	1782	17.319	8	535	15	57	19	4	1.09413e+06	5.29437e-05	0.2705	
11215	389	3044	16.0235	20	1854	17.6469	5	533	17	61	5	4	1.22378e+06	4.76168e-05	0.3674	
10234	398	2990	20.9186	28.1567	1707	18.5581	6	528	13	55	21	4	1.10036e+06	6.67111e-05	0.0929	
10225	363	3044	17.5274	22.7317	1768	15.1853	7	534	12	55	8	4	1.20814e+06	5.76203e-05	0.1359	
10461	385	2978	19.1944	25.2259	1742	17.2747	7	535	14	57	22	6	1.12797e+06	6.0551e-05	0.1221	
10590	394	3026	15	22.4013	1846	16.3618	8	533	17	55	10	4	1.29255e+06	5.35131e-05	0.1816	
11169	334	3050	15	20.7227	1787	17.7245	9	532	18	70	13	5	1.3008e+06	4.87329e-05	0.333	
11500	366	3042	18.3959	20.2833	1873	16.9154	6	535	17	59	3	4	1.1359e+06	4.71409e-05	0.3876	
11076	400	3017	17.2439	20	1822	15.3191	6	535	12	61	7	3	1.1692e+06	4.901e-05	0.335	
10623	396	3009	23.433	29.3676	1815	16.7621	8	535	19	59	23	3	1.03536e+06	6.55523e-05	0.1444	
10964	306	3045	15	21.5544	1795	17.7882	9	534	16	70	13	4	1.32251e+06	5.06457e-05	0.2664	
10225	363	3044	18.3481	22.3078	1765	15.8888	6	533	17	57	8	5	1.18803e+06	5.77834e-05	0.1443	
11413	397	2996	22.6047	28.2566	1767	18.7868	7	535	20	59	33	3	1.00087e+06	5.9004e-05	0.2503	
11500	400	3045	17.3589	20	1827	17.2242	9	532	12	63	2	3	1.14548e+06	4.66483e-05	0.434	
11500	339	3039	18.3959	20.1865	1882	14.7726	6	535	20	58	9	4	1.15612e+06	4.70921e-05	0.3834	
11016	400	3050	15	21.1264	1787	15.6643	8	534	9	64	28	5	1.27545e+06	5.02841e-05	0.2812	
11500	385	3044	18.0665	20	1831	16.7994	8	535	12	63	2	3	1.1313e+06	4.6856e-05	0.4131	
10587	382	3034	21.3282	27.7979	1752	17.9342	9	535	16	59	23	4	1.06917e+06	6.28259e-05	0.1351	
11500	327	3041	16.0043	20	1839	15.6016	7	535	14	61	7	4	1.24846e+06	4.61936e-05	0.4194	
11500	400	3041	24.4126	26.7494	1752	17.7217	10	526	16	77	12	3	981745	5.70093e-05	0.3613	
11204	388	2997	21.2467	21.5523	1813	15.4405	10	534	20	55	17	4	1.0578e+06	5.19832e-05	0.3138	
11191	389	3044	15.4075	21.2692	1817	15.3944	9	534	16	70	34	3	1.23664e+06	4.97339e-05	0.3077	
10575	371	3026	20.5643	29.0942	1765	18.7066	5	534	15	57	5	4	1.0838e+06	6.33352e-05	0.1182	
10765	393	3035	22.458	30	1727	15.3862	7	535	19	60	20	4	1.03664e+06	6.43418e-05	0.1492	
11452	376	3017	16.9094	20	1871	15.3191	8	528	15	56	2	3	1.17794e+06	4.66766e-05	0.4166	
10684	368	3017	15.6946	21.0474	1726	16.9904	5	533	19	56	24	4	1.27054e+06	5.3011e-05	0.2	
10964	392	3049	18.6164	26.9211	1812	18.5611	7	535	15	56	7	3	1.09324e+06	5.68925e-05	0.193	
11209	382	3018	22.449	30	1760	17.5878	6	534	19	66	19	4	1.01483e+06	6.14968e-05	0.2074	
11500	400	3042	17.3589	20.1645	1827	17.2242	9	532	16	63	2	3	1.1428e+06	4.68099e-05	0.4264	
11500	381	3049	16.7891	20	1782	15.2761	9	534	7	61	2	3	1.17307e+06	4.63714e-05	0.4485	
11301	400	3026	23.9729	24.5132	1810	16.3283	8	534	14	69	19	3	1.00444e+06	5.54539e-05	0.3097	
11050	362	3043	16.0315	20.1018	1840	16.1021	6	535	12	64	5	4	1.24101e+06	4.85673e-05	0.3365	
11160	400	3050	15.0394	20.1018	1851	16.0861	5	535	19	64	5	4	1.27634e+06	4.75919e-05	0.3566	
10894	400	3042	24.6342	29.8201	1708	17.037	10	533	16	62	37	3	1.00716e+06	6.50872e-05	0.1819	
10461	382	3013	16.1907	21.3326	1708	15.3977	5	532	20	56	24	3	1.25082e+06	5.51025e-05	0.156	
11500	387	2975	24.8523	26.8188	1772	15.9113	10	525	19	67	43	3	983177	5.83601e-05	0.3356	
10549	382	3006	16.1907	21.1746	1708	15.3528	5	535	20	56	24	4	1.24792e+06	5.43596e-05	0.1681	
10842	387	3029	15.4547	21.6771	1746	17.351	7	535	18	56	28	4	1.25801e+06	5.24027e-05	0.2146	
10579	359	3050	18.6936	24.3755	1732	18.4081	6	535	18	56	33	4	1.14932e+06	5.83805e-05	0.1357	
10225	363	3044	17.0156	23.7767	1754	16.0977	7	529	17	55	4	5	1.22308e+06	5.82615e-05	0.1139	
10418	308	3048	15.09	20.1018	1777	18.1973	7	535	17	55	11	4	1.362e+06	5.31067e-05	0.1799	
10846	389	3046	16.3715	21.6865	1819	15.872	10	533	18	61	34	4	1.20608e+06	5.26732e-05	0.2291	
10459	354	3011	19.4809	27.971	1751	18.321	8	535	14	55	8	3	1.11623e+06	6.26999e-05	0.1052	
11031	392	2992	21.2153	28.957	1815	16.5503	8	533	19	57	16	3	1.03107e+06	6.07312e-05	0.1943	
11370	335	3044	15.6893	21.6771	1727	15.8083	8	535	9	68	33	4	1.24486e+06	4.92441e-05	0.3237	
10378	400	3032	22.0337	26.5179	1800	19	9	534	20	60	29	4	1.07554e+06	6.41272e-05	0.1209	
11500	399	3042	24.9812	29.8201	1717	17.612	8	533	15	62	39	3	975916	6.12783e-05	0.2656	
10547	381	3050	15	21.2922	1778	15.1301	5	531	20	56	15	4	1.31593e+06	5.29745e-05	0.1818	
11500	400	3031	19.4582	20.1043	1889	17.0128	6	534	20	58	5	4	1.09817e+06	4.75489e-05	0.3955	
10877	363	3044	16.5774	23.7767	1765	16.3018	6	533	17	56	8	5	1.19818e+06	5.33703e-05	0.2185	
11075	400	3016	21.3521	23.7555	1852	15.617	8	535	15	55	16	3	1.04392e+06	5.4487e-05	0.2696	
10893	393	2996	23.1064	29.9322	1729	17.9161	7	535	20	60	33	3	1.02041e+06	6.47249e-05	0.1573	
10591	356	3026	15.715	21.529	1708	15.0972	5	535	16	60	23	3	1.2757e+06	5.39491e-05	0.1733	
11329	355	3050	15.5639	22.3215	1786	16.543	8	535	6	64	17	4	1.23574e+06	4.92635e-05	0.3234	
10609	399	3042	21.9922	29.8201	1709	17.0955	5	530	20	60	37	4	1.05698e+06	6.58805e-05	0.1253	
10225	315	3036	16.0051	22.7726	1770	17.9959	7	535	17	59	2	5	1.3024e+06	5.71461e-05	0.1075	
11353	357	3018	18.7833	20.1551	1867	16.9514	6	535	17	64	4	4	1.13523e+06	4.82021e-05	0.3694	
10459	354	3011	19.4809	28.4551	1741	18.321	8	535	14	55	8	3	1.11552e+06	6.32951e-05	0.1044	
10596	390	3035	16.8569	22.2095	1708	17.171	7	534	15	57	14	5	1.20118e+06	5.45613e-05	0.1887	
11422	398	2974	25	29.7508	1737	18.2916	6	535	11	63	26	6	984072	6.21311e-05	0.2625	
11144	400	2986	24.4373	29.8201	1708	17.7702	6	532	16	59	26	3	995723	6.35809e-05	0.2226	
10593	330	3042	15.8125	22.2095	1728	14.7581	7	534	17	59	19	5	1.28042e+06	5.41771e-05	0.1654	
11203	400	3006	22.0505	28.7556	1852	15.617	8	535	13	55	16	3	1.00988e+06	5.95628e-05	0.243	
11160	400	3050	15.8405	20.1018	1836	16.0861	5	535	19	64	5	4	1.23114e+06	4.78652e-05	0.3514	
10497	399	3040	15	20.1018	1816	18.2886	7	533	14	56	20	5	1.31977e+06	5.29045e-05	0.1949	
11391	400	3039	16.1644	23.3369	1764	15.7531	10	535	20	55	18	4	1.17124e+06	5.02563e-05	0.2911	
11212	400	3050	18.7666	20.775	1843	18.3016	6	535	16	67	16	4	1.11525e+06	4.96919e-05	0.3312	
11169	337	3050	15	22.1459	1794	16.1696	8	534	18	65	26	5	1.29132e+06	5.01807e-05	0.2771	
11495	400	3043	20.1635	23.0837	1878	18.0197	5	509	4	76	25	4	1.14481e+06	5.41506e-05	0.22	
11083	309	3044	16.5808	23.5448	1808	17.7866	7	529	18	56	2	5	1.10423e+06	5.978e-05	0.1428	
11472	393	3014	19.951	27.5902	1871	17.311	10	534	17	55	18	3	1.03369e+06	5.58441e-05	0.2683	
10935	330	3023	15	21.5601	1761	15.8681	5	535	20	58	27	4	1.31531e+06	5.13795e-05	0.2327	
11180	325	3025	15.4966	22.0874	1812	14.6793	9	535	17	58	3	4	1.26283e+06	4.94438e-05	0.3106	
10736	400	3009	22.4957	29.7946	1787	15.5932	10	535	17	55	23	3	1.0303e+06	6.45995e-05	0.1463	
10682	400	3009	23.8658	24.6425	1801	17.3862	6	535	17	55	37	3	1.04123e+06	6.1065e-05	0.1773	
10225	366	3033	17.4922	23.7767	1763	16.0689	7	535	17	55	17	5	1.2073e+06	5.94071e-05	0.0986	
10587	384	3034	21.3282	27.7979	1752	17.6067	8	535	16	59	23	4	1.06973e+06	6.27746e-05	0.1359	
10901	382	3008	16.7381	22.7396	1813	15.0608	8	532	20	55	37	3	1.18318e+06	5.36078e-05	0.2217	
10900	399	3050	19.5305	20.775	1780	18.1512	8	531	16	61	16	4	1.10685e+06	5.2154e-05	0.2856	
11091	385	3022	18.5088	20.9556	1813	16.0192	5	534	17	55	23	4	1.13315e+06	5.08104e-05	0.3048	
11350	336	3035	15.7237	20.0292	1841	14.2892	8	535	8	55	5	3	1.25587e+06	4.6705e-05	0.401	
10256	348	3014	18.9674	26.0579	1776	18.5958	8	535	14	55	3	5	1.15497e+06	6.18047e-05	0.0961	
10587	400	3017	19.4847	26.9211	1775	18.5611	8	535	15	61	20	4	1.0972e+06	6.0905e-05	0.1326	
10894	400	3042	24.6342	29.8201	1708	17.7702	10	533	16	60	37	3	1.0073e+06	6.51763e-05	0.177	
10610	400	3020	18.6164	26.9211	1831	18.5611	8	534	14	55	7	3	1.11068e+06	5.95203e-05	0.1411	
11500	398	3002	22.8111	26.7494	1798	14.8865	10	532	15	74	16	3	994073	5.61924e-05	0.3196	
11174	336	3035	18.2152	20	1839	15.6016	7	535	14	61	7	4	1.16826e+06	4.87092e-05	0.3461	
11500	391	3016	22.6074	23.6554	1757	17.5741	10	533	17	67	11	4	1.01526e+06	5.29381e-05	0.3682	
10579	359	3039	18.6936	24.3755	1732	18.4081	6	535	19	56	24	4	1.1464e+06	5.80349e-05	0.1362	
11077	400	3047	15.7006	22.931	1751	15.982	7	534	8	69	19	4	1.21652e+06	5.14668e-05	0.2636	
11078	362	3043	16.0315	20.1018	1840	16.1021	6	535	11	64	5	4	1.23945e+06	4.84285e-05	0.3427	
11090	313	3036	18.9056	22.2044	1899	18.5759	6	535	20	58	5	4	1.15329e+06	5.13136e-05	0.2897	
10824	385	2992	22.5854	28.957	1815	16.7621	8	535	19	56	23	3	1.03136e+06	6.31233e-05	0.1685	
11492	369	3036	15.5358	20	1852	15.3191	7	535	16	59	12	3	1.24289e+06	4.61808e-05	0.4211	
11500	398	2999	24.6374	24.4849	1732	15.282	10	533	15	73	11	3	990166	5.50873e-05	0.3391	
10590	400	3026	18.9983	22.4013	1843	17.6816	8	535	17	59	10	4	1.12514e+06	5.53189e-05	0.1972	
11500	375	3040	17.0156	23.9852	1741	16.405	7	535	18	55	8	5	1.14488e+06	5.05127e-05	0.306	
10288	376	3044	15.309	22.8147	1735	16.1917	7	535	17	55	2	5	1.30537e+06	5.61356e-05	0.1132	
11071	400	3025	20.7547	22.0493	1844	16.1575	10	534	16	63	22	3	1.06161e+06	5.28346e-05	0.2953	
10833	379	2990	16.7381	22.7989	1774	15.4405	9	533	20	55	37	3	1.18647e+06	5.45019e-05	0.2014	
10739	391	3044	19.7118	21.0768	1768	15.7329	8	535	12	56	24	3	1.10815e+06	5.38184e-05	0.2352	
10964	353	3043	18.7869	20.5352	1743	15.0459	8	535	15	58	19	3	1.13778e+06	5.11771e-05	0.2998	
11500	400	3038	19.8884	20.8574	1838	18.2669	9	535	17	57	8	4	1.0742e+06	4.86381e-05	0.3749	
11370	335	3043	15.2572	21.0958	1727	16.5171	8	535	11	68	28	4	1.27358e+06	4.85343e-05	0.3356	
10333	395	3033	15.1235	21.221	1827	18.96	6	535	13	58	3	4	1.31356e+06	5.43981e-05	0.1569	
10416	400	3043	19.2904	27.0183	1816	16.6219	10	535	16	56	20	4	1.11264e+06	6.18735e-05	0.1143	
10524	389	3006	16.5184	23.9548	1872	15.3892	7	535	18	59	4	3	1.20432e+06	5.59003e-05	0.1629	
11500	398	3041	20.2956	20.5349	1783	15.4704	6	534	13	60	9	3	1.07663e+06	4.84637e-05	0.4001	
10950	385	2966	19.5914	27.3753	1872	16.7621	9	535	20	57	15	3	1.06715e+06	5.86923e-05	0.1924	
10893	393	2996	23.1064	29.9322	1731	17.8122	7	535	20	60	32	3	1.02015e+06	6.46705e-05	0.1586	
10609	361	3029	15	20.5951	1850	19	5	535	14	55	20	4	1.32289e+06	5.24411e-05	0.207	
10862	338	3050	18.5298	20.0078	1837	17.849	7	534	16	55	20	4	1.17028e+06	5.13057e-05	0.2733	
10921	400	3050	15.7356	21.6771	1737	18.4178	6	535	10	68	26	4	1.23359e+06	5.19049e-05	0.2443	
11500	356	3022	15.9219	20	1818	14.801	7	535	8	56	2	3	1.22942e+06	4.61404e-05	0.431	
11230	393	3038	22.8145	25.3413	1884	15.8565	10	534	13	69	25	4	1.01709e+06	5.58098e-05	0.2903	
11209	382	3018	22.449	30	1769	17.5815	6	534	19	66	16	4	1.01455e+06	6.14024e-05	0.2089	
10410	358	3032	16.5724	22.4537	1802	17.5773	7	533	18	56	11	5	1.23707e+06	5.57911e-05	0.146	
10799	400	3047	20.8894	22.9219	1808	18.5117	9	534	5	60	22	4	1.07255e+06	5.56081e-05	0.2395	
11183	392	2991	20.8372	27.5987	1846	15.2843	8	535	17	61	21	3	1.03335e+06	5.7924e-05	0.2421	
11500	400	3042	20.4387	21.1508	1831	16.6552	9	535	12	67	20	3	1.06085e+06	4.92611e-05	0.3773	
10824	385	3000	20.9621	29.0825	1815	16.7621	8	532	19	57	14	4	1.05095e+06	6.20155e-05	0.1645	
11344	400	3035	19.4582	20.7637	1889	17.0128	6	534	20	58	4	4	1.0953e+06	4.88329e-05	0.3603	
11107	366	3036	18.1962	20	1848	18.6085	7	534	16	69	22	4	1.15435e+06	4.98753e-05	0.3245	
11091	385	3022	18.5088	20.7795	1813	16.3725	5	534	17	61	23	4	1.13486e+06	5.06971e-05	0.3083	
11500	395	3021	25	26.7494	1756	15.2222	10	528	12	74	16	3	980662	5.74944e-05	0.3655	
11088	372	3043	15	20.1018	1863	15.0312	6	534	16	61	2	4	1.29494e+06	4.78286e-05	0.3496	
10817	362	3030	15.2774	20.3453	1727	17.9152	7	534	17	63	25	5	1.2904e+06	5.15331e-05	0.2406	
10497	368	3043	15	21.0938	1815	17.2448	8	533	17	57	14	5	1.32101e+06	5.33362e-05	0.1749	
11273	399	2997	17.8573	25.8624	1843	16.6552	10	535	20	60	18	3	1.09576e+06	5.42329e-05	0.2448	
11220	392	3001	20.8372	23.1922	1846	15.4207	8	535	17	61	18	3	1.05227e+06	5.29857e-05	0.2966	
10851	391	3019	22.6071	27.5289	1773	19	9	534	14	58	50	3	1.03531e+06	6.24883e-05	0.1656	
10904	400	3012	22.26	27.3116	1868	18.5191	7	533	20	63	26	3	1.03257e+06	6.02773e-05	0.204	
11500	399	3013	22.4051	21.4618	1793	16.0146	10	525	12	75	14	3	1.03065e+06	5.08156e-05	0.4201	
10758	357	3021	18.6164	22.4539	1831	18.5611	8	535	18	57	13	4	1.14051e+06	5.42211e-05	0.2195	
10225	363	3039	16.8671	23.7767	1765	16.0977	7	533	17	55	10	5	1.23049e+06	5.86166e-05	0.0998	
10522	400	3040	15.48	20	1780	14.6157	5	532	14	55	2	4	1.28706e+06	5.15943e-05	0.2437	
11500	375	3042	16.4959	20	1772	14.9579	8	534	8	57	4	3	1.18899e+06	4.63435e-05	0.4393	
11500	377	3033	19.0882	20.5647	1846	14.8239	9	535	16	58	7	3	1.10151e+06	4.7776e-05	0.3845	
10921	381	3029	15.8029	21.6771	1746	19	10	535	11	60	21	4	1.22949e+06	5.19696e-05	0.2402	
10728	400	3044	17.7149	21.9503	1788	14.8517	7	534	15	58	27	5	1.16146e+06	5.383e-05	0.2241	
10450	390	3035	16.8569	22.2095	1708	17.171	7	534	15	57	25	5	1.21577e+06	5.62905e-05	0.1401	
11315	400	3021	17.3589	20	1858	16.6292	6	535	14	59	7	5	1.1622e+06	4.77213e-05	0.3674	
11273	400	3050	17.7584	25.7889	1843	16.6552	10	535	20	72	14	3	1.09989e+06	5.35332e-05	0.2517	
10979	396	3003	21.9294	22.967	1817	19	9	532	16	56	54	4	1.05328e+06	5.68214e-05	0.2367	
11220	377	3050	15.2555	21.2208	1700	15.3414	8	535	9	64	35	3	1.25357e+06	4.95983e-05	0.3037	
11410	313	3036	18.9056	20.9831	1899	17.9192	6	535	20	58	5	4	1.15451e+06	4.84801e-05	0.3556	
11016	389	3034	18.5088	20.8806	1826	15.7745	7	534	17	57	70	5	1.14379e+06	5.35045e-05	0.2379	
11500	343	3042	18.3959	20.1865	1882	14.7662	6	535	17	59	3	3	1.15034e+06	4.69109e-05	0.3885	
10452	394	3030	20.7169	29.4423	1753	19	5	531	17	55	32	4	1.088e+06	6.61113e-05	0.0985	
10225	353	3044	17.4922	23.7767	1748	16.0689	8	535	17	55	3	5	1.20883e+06	5.85686e-05	0.11	
10891	385	3002	23.8148	27.3753	1846	16.7621	10	534	15	57	18	3	1.01753e+06	6.1237e-05	0.2085	
10894	400	3042	23.6164	24.9632	1708	17.7219	10	532	19	56	37	3	1.02276e+06	5.94248e-05	0.2179	
11328	400	3040	15.48	20	1803	14.5335	6	532	12	55	2	4	1.24429e+06	4.66984e-05	0.4059	
11500	368	3042	16.4959	20	1798	14.9579	8	534	8	57	2	3	1.19311e+06	4.62342e-05	0.4382	
10891	400	3023	15.732	21.2873	1763	16.5597	8	535	14	61	20	4	1.23277e+06	5.14642e-05	0.2578	
11289	368	3050	15.6372	20.0665	1815	16.5941	7	535	15	67	8	4	1.24559e+06	4.72903e-05	0.3814	
10677	400	3029	20.7062	29.057	1700	17.0359	6	535	15	57	25	3	1.06567e+06	6.33673e-05	0.1303	
10950	385	2994	21.7228	27.3753	1792	15.0232	6	535	19	55	37	3	1.04258e+06	6.03719e-05	0.1896	
10412	322	3026	20.3361	29.5388	1765	18.7066	5	534	13	55	12	4	1.12225e+06	6.53509e-05	0.0935	
10225	363	3044	17.38	23.7767	1765	16.0977	7	533	17	55	10	5	1.21114e+06	5.87924e-05	0.1029	
11073	392	2992	20.0918	27.5987	1832	15.969	9	535	20	61	43	4	1.05462e+06	5.91821e-05	0.1905	
10587	382	3034	20.944	27.7979	1752	17.6067	8	535	16	59	23	3	1.07477e+06	6.25391e-05	0.1336	
10674	400	3043	18.6164	26.6445	1831	18.5611	8	535	11	57	4	4	1.1093e+06	5.83976e-05	0.1593	
10275	392	3043	18.9441	26.9432	1850	18.6254	7	535	16	55	4	4	1.1353e+06	6.20771e-05	0.0969	
10894	400	3042	24.6342	29.7672	1762	15.2694	10	533	16	60	37	3	1.00617e+06	6.47207e-05	0.1877	
11473	400	3046	18.5905	20	1768	15.6939	8	535	13	57	2	4	1.11248e+06	4.72634e-05	0.4259	
11051	400	3042	16.4861	20	1839	15.4944	6	533	14	66	5	3	1.20208e+06	4.86547e-05	0.3399	
11227	362	3044	15.6372	20	1831	16.7726	7	535	15	67	6	4	1.25229e+06	4.75263e-05	0.3706	
11011	354	3045	15.1678	20.1884	1701	16.8115	10	533	15	60	2	4	1.28357e+06	4.89644e-05	0.3153	
10451	315	3036	16.0051	22.7726	1770	18.1703	7	535	17	59	2	5	1.2838e+06	5.52273e-05	0.142	
10256	396	3023	19.8967	26.6645	1762	18.4081	8	535	8	55	15	5	1.11871e+06	6.34317e-05	0.0954	
10587	400	3030	23.3768	26.8307	1752	17.278	8	535	15	55	13	4	1.04113e+06	6.26606e-05	0.1542	
11040	368	3050	15.4052	22.2123	1776	15.7446	9	534	16	68	27	5	1.2517e+06	5.12689e-05	0.2534	
10311	358	3033	16.6471	22.2095	1712	17.7177	7	534	16	58	16	5	1.2455e+06	5.69995e-05	0.1187	
10256	318	3030	18.9674	26.0579	1776	18.5958	8	535	14	55	3	5	1.17231e+06	6.16371e-05	0.0961	
11209	400	3026	22.0505	20.3115	1761	15.4103	10	533	16	59	17	3	1.05118e+06	5.12033e-05	0.3691	
10750	356	3026	15.7929	21.8651	1708	15.0972	5	535	16	64	20	3	1.25702e+06	5.29773e-05	0.2071	
11263	381	3009	23.4489	25.4964	1807	18.1853	8	534	17	55	22	4	1.01411e+06	5.68537e-05	0.276	
11040	369	3050	15.4052	21.3309	1789	16.9866	9	535	16	70	27	3	1.25136e+06	5.05791e-05	0.2724	
11399	400	3026	22.0505	20.3115	1849	18.0611	10	534	16	66	19	4	1.04951e+06	5.01253e-05	0.4008	
11230	400	2986	24.6342	29.8201	1713	17.5048	9	532	15	59	12	3	985983	6.28062e-05	0.2398	
11500	399	3033	16.9619	20	1839	16.9645	6	529	15	61	3	3	1.16698e+06	4.65658e-05	0.4348	
10899	393	3035	22.458	30	1731	15.7878	7	535	19	60	22	3	1.02605e+06	6.34115e-05	0.1638	
11500	397	2996	22.6047	28.2566	1731	18.7868	7	535	20	59	33	3	997999	5.86476e-05	0.2605	
10715	326	3027	15.7731	21.6609	1724	16.1031	7	534	18	61	25	5	1.28104e+06	5.3339e-05	0.1916	
10965	393	2996	23.1064	30	1740	18.7437	6	532	20	59	33	3	1.0164e+06	6.43128e-05	0.1727	
10803	369	3044	19.3095	22.1613	1782	17.319	8	534	17	57	21	5	1.11988e+06	5.41038e-05	0.2316	
11400	395	3020	22.0114	23.3369	1869	15.7531	10	532	18	59	36	4	1.02751e+06	5.30082e-05	0.3252	
11500	391	3016	23.336	23.6554	1755	17.5741	10	533	17	65	11	4	1.00886e+06	5.33646e-05	0.353	
11288	337	3050	15.0183	21.3369	1787	16.0704	9	533	18	69	27	5	1.28878e+06	4.89189e-05	0.3181	
11500	395	3021	25	26.7494	1756	14.9879	10	528	12	74	16	3	980453	5.74878e-05	0.3658	
10840	400	3023	22.6144	26.5179	1733	19	9	534	17	59	40	4	1.03509e+06	6.11359e-05	0.1794	
10225	387	3044	17.0156	23.2184	1804	16.0977	7	529	17	55	11	5	1.21831e+06	5.79811e-05	0.1227	
10588	400	3049	21.9027	26.6498	1806	18.5611	7	535	16	55	2	4	1.0574e+06	6.0746e-05	0.1537	
11174	400	3044	17.3589	20	1839	14.8001	6	533	15	60	5	3	1.16223e+06	4.81603e-05	0.3542	
10942	400	3045	15.7006	22.931	1751	15.982	7	534	9	69	19	4	1.22429e+06	5.23505e-05	0.2398	
10663	356	3026	15.715	21.8651	1750	14.835	5	535	16	64	23	4	1.27136e+06	5.36884e-05	0.1848	
11500	398	3002	24.0736	26.7494	1798	14.8865	10	532	13	74	16	3	983358	5.68925e-05	0.3383	
10900	400	3050	21.054	23.3164	1803	18.8118	9	535	3	55	18	5	1.06312e+06	5.52425e-05	0.2483	
11500	400	3031	19.4582	20.0693	1895	17.0128	6	534	20	58	5	4	1.09859e+06	4.75059e-05	0.3983	
11500	368	3031	19.4582	20	1894	16.7104	7	534	19	58	5	4	1.11133e+06	4.74406e-05	0.4014	
11169	391	3020	20.2153	22.1275	1803	18.1181	7	534	18	60	17	4	1.07647e+06	5.21295e-05	0.3036	
11449	386	3028	23.2714	24.2205	1845	15.9093	10	528	19	73	19	3	1.0104e+06	5.38329e-05	0.3431	
11144	398	2995	22.2344	21.6145	1754	17.8719	9	535	20	69	22	4	1.04555e+06	5.34902e-05	0.3092	
10098	375	3040	17.0156	23.9852	1741	16.405	7	529	19	55	8	5	1.2306e+06	6.01323e-05	0.0966	
10225	379	3038	17.4922	25.5364	1763	16.8193	8	532	13	55	3	5	1.1904e+06	6.03391e-05	0.0989	
10587	390	3033	20.7766	25.2329	1850	18.5526	9	534	18	59	28	4	1.08265e+06	5.98337e-05	0.1577	
10398	382	3003	16.0889	21.1746	1708	15.3528	5	535	20	56	24	5	1.26767e+06	5.56483e-05	0.1337	
11030	377	3050	16.1967	21.6865	1817	17.3426	9	533	16	55	39	5	1.21455e+06	5.15517e-05	0.26	
11491	400	3033	19.2562	20.3079	1864	15.9367	6	535	14	60	7	4	1.10122e+06	4.7694e-05	0.3868	
10954	396	3023	16.1941	20.9578	1722	17.2244	6	535	18	63	32	5	1.21796e+06	5.16903e-05	0.2531	
10270	363	3049	18.3481	24.0987	1765	18.4983	7	533	17	57	8	5	1.17509e+06	5.92207e-05	0.1165	
11500	400	3046	16.7891	20	1766	15.2761	8	535	8	58	2	3	1.16447e+06	4.63951e-05	0.445	
10580	382	3014	16.1907	21.8651	1709	15.3528	5	532	20	58	24	4	1.24118e+06	5.46717e-05	0.1694	
10651	400	3034	18.0422	21.8651	1721	17.158	8	535	17	57	15	3	1.14808e+06	5.4336e-05	0.2138	
10975	400	3036	17.5721	20.9353	1830	17.4539	7	533	18	62	23	4	1.15795e+06	5.11535e-05	0.2917	
11400	395	3036	21.1283	23.3369	1869	15.7531	10	532	20	59	36	4	1.03899e+06	5.24191e-05	0.3265	
11086	400	3016	22.0505	29.7946	1852	15.6516	10	535	15	73	19	3	1.0133e+06	6.13121e-05	0.2156	
10774	399	3042	16.2324	21.5399	1733	17.5773	8	534	18	60	32	5	1.21951e+06	5.32793e-05	0.2021	
10697	400	3036	24.212	29.8201	1700	18.2405	7	533	17	60	37	3	1.02672e+06	6.66489e-05	0.146	
10894	400	3042	23.2675	29.8201	1708	17.2026	7	533	16	60	37	3	1.01929e+06	6.42467e-05	0.1708	
10938	400	3039	16.8671	23.7767	1781	16.0977	7	533	17	55	10	3	1.16178e+06	5.31293e-05	0.2356	
10144	362	3023	19.8967	26.6645	1764	18.4945	8	535	8	55	9	5	1.13836e+06	6.4288e-05	0.0941	
11412	400	3033	19.2562	20.3079	1859	15.9367	6	535	16	60	7	4	1.10244e+06	4.81e-05	0.3748	
10587	400	3030	23.647	27.7979	1752	17.678	8	535	18	59	15	4	1.03856e+06	6.39713e-05	0.1502	
10378	400	3023	22.6017	26.5179	1749	19	9	534	17	59	40	4	1.07142e+06	6.53723e-05	0.1148	
10580	400	3049	21.9027	26.9432	1822	18.5611	7	535	16	55	2	4	1.05699e+06	6.10874e-05	0.1518	
11482	399	3021	18.3959	20.5017	1900	15.667	8	534	20	58	2	4	1.114e+06	4.74316e-05	0.3803	
11016	400	3048	15	21.1264	1795	15.6643	4	534	14	62	23	4	1.28233e+06	5.00225e-05	0.2827	
10452	400	3033	19.2233	28.8119	1759	19	5	531	16	55	11	4	1.11341e+06	6.35284e-05	0.1049	
10758	400	3043	19.2658	20.097	1864	18.5611	8	535	15	55	13	4	1.12592e+06	5.2203e-05	0.2768	
10804	371	3042	16.8903	20.6783	1756	14.3266	6	535	17	57	16	3	1.20233e+06	5.1406e-05	0.2641	
10808	336	3034	18.5088	20	1829	16.7422	5	534	19	55	3	4	1.17713e+06	5.10204e-05	0.2878	
10757	342	3046	15	21.0738	1765	17.7051	5	533	20	64	12	4	1.31865e+06	5.15411e-05	0.2298	
11086	400	3016	22.7567	30	1775	15.9334	10	535	13	56	19	3	1.00568e+06	6.23986e-05	0.1983	
10970	389	3050	16.5828	21.6865	1714	17.1533	9	534	16	70	34	4	1.18942e+06	5.22876e-05	0.2496	
10885	395	3045	16.7677	21.5421	1805	17.6089	8	533	20	70	36	4	1.18754e+06	5.27955e-05	0.2432	
11449	400	3046	22.8145	25.1005	1871	17.0416	10	533	11	72	19	3	1.00431e+06	5.41653e-05	0.3324	
10579	359	3039	18.6936	25.2142	1749	18.4081	6	534	19	56	24	4	1.14227e+06	5.88132e-05	0.1299	
10415	400	3042	20.6975	22.0833	1764	18.4694	7	535	13	55	26	6	1.11188e+06	5.83192e-05	0.1439	
10225	353	3038	17.4922	23.7767	1748	16.0689	8	535	17	55	5	5	1.20917e+06	5.87337e-05	0.107	
11457	400	3016	22.0505	29.7946	1842	15.7369	10	535	15	73	19	3	993396	5.92979e-05	0.255	
10351	400	3037	18.9441	26.9432	1850	18.6254	7	535	16	55	2	4	1.12587e+06	6.13761e-05	0.1045	
11030	400	3050	19.6224	20.2618	1817	17.3426	9	535	16	60	34	5	1.10546e+06	5.15119e-05	0.289	
11086	400	3019	22.7567	30	1816	15.9334	10	535	12	56	19	3	1.00516e+06	6.22161e-05	0.2054	
10521	370	3042	20.2061	23.8212	1798	17.5137	10	532	16	58	16	3	1.103e+06	5.80147e-05	0.1717	
11015	400	3007	22.0505	29.7946	1785	15.9334	10	535	15	55	23	4	1.01826e+06	6.24376e-05	0.1792	
11039	400	3026	20.8918	28.8119	1775	19	5	532	16	55	11	4	1.04138e+06	6.02301e-05	0.1952	
11491	400	3033	19.2562	20.775	1864	15.9367	6	535	14	60	7	4	1.0964e+06	4.80792e-05	0.3797	
10877	388	3050	19.6281	22.8449	1829	15.7461	8	533	19	57	56	4	1.1028e+06	5.57041e-05	0.2063	
10410	358	3031	16.5724	22.2095	1712	17.5773	7	534	16	58	25	5	1.24378e+06	5.66476e-05	0.1354	
11500	367	3025	18.3959	20.1865	1882	17.4664	6	534	19	58	3	5	1.13943e+06	4.72434e-05	0.387	
11329	399	3050	19.5305	20.5523	1843	18.6749	6	535	16	69	16	4	1.09687e+06	4.92223e-05	0.3548	
11468	399	3050	21.2001	20.775	1843	18.1512	7	535	16	67	16	3	1.05873e+06	4.93778e-05	0.3843	
10377	336	3047	18.2673	25.8327	1749	18.4694	5	534	10	56	11	4	1.17594e+06	6.01034e-05	0.1061	
11056	356	3014	15.715	22.1396	1708	15.1961	5	535	18	60	23	3	1.24229e+06	5.13452e-05	0.2596	
11075	400	3016	21.3521	24.1718	1852	15.617	8	535	15	55	16	3	1.042e+06	5.48817e-05	0.2628	
10969	377	3021	15.7929	21.8651	1708	15.0972	5	535	16	57	23	4	1.23833e+06	5.15677e-05	0.2493	
11500	400	3031	19.4582	20	1889	17.1709	9	532	19	58	5	3	1.0927e+06	4.74969e-05	0.3991	
10864	382	3050	18.7464	22.742	1785	16.0289	8	533	20	56	43	3	1.12214e+06	5.47525e-05	0.2124	
11000	396	3032	19.2904	26.7036	1826	17.5272	10	535	11	59	24	4	1.07349e+06	5.73099e-05	0.2056	
10883	357	3046	15	21.2159	1812	18.0616	6	535	17	63	24	5	1.30381e+06	5.12348e-05	0.2343	
10407	400	2992	21.7133	27.4529	1772	17.2741	10	533	20	57	12	5	1.07043e+06	6.4189e-05	0.1264	
11430	382	3025	18.2465	20	1899	18.1747	9	534	20	58	14	4	1.13022e+06	4.77054e-05	0.3721	
11301	400	3025	21.7986	23.2631	1896	18.204	8	534	12	73	19	3	1.03423e+06	5.29017e-05	0.3305	
11322	392	3026	19.2764	22.4013	1843	17.6816	8	535	18	55	10	4	1.0844e+06	5.07099e-05	0.3284	
11031	392	2992	21.2153	28.957	1815	16.7621	8	532	19	57	14	3	1.03105e+06	6.0698e-05	0.1977	
11500	397	3038	18.2465	21.6688	1899	18.2669	9	535	17	57	5	4	1.10632e+06	4.8391e-05	0.3739	
10723	394	2998	21.9294	22.967	1812	18.3941	9	532	16	56	56	4	1.06853e+06	5.90702e-05	0.1896	
11412	391	3010	25	26.3491	1815	19	7	533	20	56	36	4	992769	5.81666e-05	0.286	
11086	400	3050	22.7567	30	1790	17.3648	10	535	15	63	19	3	1.00679e+06	6.1954e-05	0.199	
11169	314	3050	15	21.6771	1764	15.2472	6	535	18	70	28	6	1.31776e+06	4.9975e-05	0.2798	
11500	393	3010	22.6047	29.9322	1731	17.6602	6	535	20	59	33	3	995000	6.04193e-05	0.2426	
11301	400	3021	22.8144	23.4554	1845	17.4215	8	534	17	67	13	3	1.02003e+06	5.36366e-05	0.3226	
10371	363	3044	17.1058	23.7767	1839	16.0977	7	533	17	57	18	5	1.2101e+06	5.76834e-05	0.1281	
11500	398	3033	24.0736	23.6673	1798	16.675	10	532	13	74	5	3	998823	5.33874e-05	0.3626	
10575	394	3021	20.4516	29.0942	1765	18.7066	5	535	13	55	12	4	1.07884e+06	6.36213e-05	0.111	
10333	377	3037	15	20.1997	1850	19	5	535	14	55	17	4	1.33935e+06	5.4057e-05	0.1588	
11244	400	3033	16.7009	20	1868	17.9584	6	535	14	62	11	3	1.18352e+06	4.79386e-05	0.3611	
11329	355	3050	15.5639	22.3215	1786	17.1246	8	535	6	63	9	4	1.23491e+06	4.90846e-05	0.3292	
10826	390	3041	15	21.638	1750	15.0037	6	535	15	62	21	5	1.29045e+06	5.17974e-05	0.2181	
11329	400	3050	18.8497	20.775	1843	18.5804	6	535	16	66	15	4	1.11031e+06	4.90798e-05	0.3519	
10587	400	3043	19.2904	26.6445	1816	16.6219	10	535	11	56	24	4	1.10039e+06	6.01612e-05	0.1396	
10954	396	3023	16.1941	20.9578	1722	17.2244	6	535	18	67	32	5	1.217e+06	5.17304e-05	0.2564	
10609	400	3042	21.9922	29.8201	1708	16.9059	6	530	19	62	37	3	1.0532e+06	6.58155e-05	0.132	
11350	336	3035	15.7237	20.0292	1841	14.2892	7	535	8	55	5	3	1.25816e+06	4.66984e-05	0.4018	
10921	400	3042	24.6342	29.8201	1708	17.037	10	533	14	63	23	3	1.00452e+06	6.44205e-05	0.1965	
11500	391	3018	23.791	30	1803	14.1119	9	535	15	72	33	3	980391	6.04449e-05	0.268	
11169	349	3050	15	21.6771	1806	15.6737	8	535	18	65	24	5	1.28631e+06	4.9645e-05	0.288	
10891	400	3017	15.732	21.2873	1763	19	8	535	14	59	16	4	1.23213e+06	5.15756e-05	0.2566	
11410	327	3039	18.3959	20.1865	1882	14.7726	6	535	20	58	2	4	1.16542e+06	4.73687e-05	0.3733	
11000	396	3042	19.2904	26.7036	1822	17.5272	10	535	11	58	24	4	1.07402e+06	5.72377e-05	0.2046	
11500	398	2999	24.6374	23.2932	1729	15.235	9	533	14	73	11	3	998437	5.39403e-05	0.3728	
10513	346	3030	17.019	21.8651	1755	15.1301	5	533	19	56	24	4	1.22567e+06	5.52059e-05	0.1681	
10580	392	3037	18.7331	26.9432	1831	18.5611	7	535	17	55	15	5	1.11914e+06	6.00637e-05	0.1237	
11329	393	3037	19.5305	21.7785	1843	18.1512	7	535	16	67	16	4	1.08714e+06	5.03069e-05	0.3377	
11313	313	3036	18.9056	20.9831	1899	17.2186	6	535	20	58	5	4	1.15672e+06	4.89428e-05	0.3456	
10579	359	3050	18.6936	24.3755	1732	18.4081	6	535	18	56	17	4	1.14508e+06	5.75772e-05	0.1467	
11180	326	3040	15.4966	21.9524	1812	14.6793	8	535	17	62	3	4	1.26506e+06	4.92271e-05	0.3165	
11449	395	3036	21.8655	23.9475	1845	16.2518	10	530	11	61	20	3	1.02291e+06	5.27371e-05	0.3503	
10559	400	3035	18.0448	21.8651	1708	17.006	8	535	16	57	24	4	1.15899e+06	5.55278e-05	0.1823	
10638	399	3038	22.1376	29.8201	1704	17.0715	7	533	10	56	25	3	1.04576e+06	6.52571e-05	0.1327	
10587	351	3017	18.4031	26.5643	1775	18.7448	8	535	17	55	2	4	1.13926e+06	5.92768e-05	0.1289	
10283	387	3035	15.2558	20.1018	1728	18.96	7	533	14	61	12	4	1.31958e+06	5.47705e-05	0.1508	
11486	399	2997	18.2465	21.1353	1886	14	9	535	18	58	8	4	1.1098e+06	4.81788e-05	0.3738	
11162	388	2992	19.5305	20.775	1831	18.4443	7	535	16	63	16	4	1.10156e+06	5.08776e-05	0.3198	
10256	396	3023	19.8967	26.6645	1762	18.6665	8	532	8	55	15	3	1.11506e+06	6.33513e-05	0.1033	
11230	396	3038	22.8145	25.3413	1852	16.6552	10	534	13	69	25	4	1.01563e+06	5.59378e-05	0.2866	
10497	368	3043	15	21.0938	1816	17.2448	8	533	17	57	14	5	1.32094e+06	5.33333e-05	0.1752	
10900	400	3050	21.054	23.3164	1778	18.8118	9	535	3	55	18	5	1.06299e+06	5.5325e-05	0.2496	
10396	340	3026	18.8144	20.5576	1743	14.544	5	535	16	55	20	4	1.18563e+06	5.56855e-05	0.17	
10818	400	3029	22.0505	24.6871	1806	15.8471	6	535	15	55	33	3	1.04946e+06	5.8214e-05	0.1995	
11230	396	3034	23.5541	25.3413	1852	16.6552	10	534	13	58	25	4	1.00783e+06	5.65163e-05	0.2795	
11003	400	3043	15	21.6771	1795	15.7619	9	535	15	59	28	4	1.2689e+06	5.08363e-05	0.2538	
10921	381	3029	15.8029	21.6771	1746	17.351	10	535	11	60	21	4	1.2294e+06	5.17357e-05	0.2468	
11230	400	3038	22.8145	26.2429	1852	16.6552	5	534	13	67	14	4	1.01929e+06	5.65547e-05	0.2776	
11120	400	2998	21.7133	27.8468	1711	17.2741	10	533	20	57	12	3	1.02115e+06	5.93895e-05	0.2204	
10964	400	3045	15	21.4408	1795	17.7882	9	534	16	74	13	3	1.26603e+06	5.0615e-05	0.2717	
11399	400	3026	19.7272	20.3115	1849	18.0611	10	534	15	58	19	4	1.08476e+06	4.89932e-05	0.3665	
10750	353	3026	15.715	21.8651	1734	15.0972	5	535	16	64	23	3	1.26341e+06	5.30363e-05	0.2028	
10335	400	3032	18.0448	21.8651	1708	16.9922	8	534	16	57	21	4	1.17618e+06	5.73362e-05	0.1469	
11169	334	3050	15	20.7227	1787	17.7245	9	534	18	70	16	5	1.29958e+06	4.8852e-05	0.3216	
10389	370	3047	15.6192	22.1528	1771	16.1711	6	532	17	60	5	5	1.28491e+06	5.49028e-05	0.1506	
11157	400	3031	18.4574	22.259	1845	16.3283	8	534	17	66	3	3	1.10771e+06	5.07795e-05	0.3127	
10920	393	2996	23.1064	30	1731	18.1355	7	535	19	60	32	3	1.01797e+06	6.45661e-05	0.1628	
11079	341	3050	18.1326	20	1824	18.0588	8	534	16	65	24	4	1.16793e+06	5e-05	0.3175	
11500	395	3021	25	27.2934	1756	14.9701	10	533	12	74	16	3	978350	5.79945e-05	0.345	
11199	389	3050	15.4075	21.2692	1817	14	9	534	16	70	34	3	1.23616e+06	4.95884e-05	0.3119	
10765	400	3035	22.458	30	1704	15.7286	7	535	18	60	20	4	1.03462e+06	6.44371e-05	0.1485	
10590	392	3026	16.4038	21.9252	1843	17.6816	8	535	18	55	26	4	1.22113e+06	5.45643e-05	0.1699	
10667	353	3035	18.4132	21.0215	1743	17.0571	8	535	15	59	21	3	1.16067e+06	5.38677e-05	0.2228	
11500	400	3050	19.6018	20	1825	15.7665	7	526	12	61	2	3	1.09599e+06	4.74473e-05	0.4301	
11353	347	3025	18.0107	20.1551	1887	19	6	535	17	55	3	4	1.16186e+06	4.78813e-05	0.3634	
10864	388	3050	18.7464	22.742	1803	16.1575	8	535	20	55	36	3	1.1176e+06	5.43863e-05	0.2134	
11215	400	3023	18.2152	20	1829	15.6016	8	535	12	68	12	3	1.12916e+06	4.87924e-05	0.3554	
10823	387	3050	21.6739	29.8201	1704	17.7702	8	533	16	61	26	3	1.04214e+06	6.3488e-05	0.1541	
10950	393	2994	21.7228	27.3753	1801	16.7419	6	535	17	55	37	3	1.04016e+06	6.04595e-05	0.1891	
10824	386	3002	21.2153	28.957	1768	17.2129	8	535	19	57	15	3	1.04645e+06	6.21891e-05	0.1539	
11500	384	3044	19.2364	20	1839	14.7295	6	529	12	62	7	3	1.11289e+06	4.7335e-05	0.4158	
11370	400	3016	22.0505	29.7946	1793	16.0407	8	535	14	73	19	3	999120	5.99125e-05	0.2402	
11391	369	3039	16.1644	23.3369	1764	15.7531	10	535	20	55	25	4	1.18519e+06	5.04668e-05	0.2889	
10652	385	3022	18.5088	20.9556	1813	15.7745	5	534	16	58	23	4	1.15565e+06	5.39025e-05	0.2261	
11473	382	3005	24.8523	27.2071	1751	16.3304	8	532	19	70	43	3	987555	5.85995e-05	0.3026	
11500	400	3026	22.0505	21.3653	1859	16.6552	10	535	12	73	21	3	1.03561e+06	5.03246e-05	0.3998	
11500	385	3040	18.0665	20	1831	16.9873	6	535	12	63	2	3	1.13525e+06	4.68911e-05	0.4119	
11500	400	3044	18.2504	20	1829	15.3191	6	526	12	61	7	3	1.12878e+06	4.69859e-05	0.434	
10520	391	3027	23.6524	25.291	1770	19	9	532	16	55	47	3	1.05264e+06	6.36699e-05	0.1381	
10580	387	3038	18.6164	26.9432	1822	19	7	535	16	55	6	4	1.12047e+06	5.96516e-05	0.1264	
10587	382	3034	20.944	27.7979	1752	17.6067	8	535	16	59	16	4	1.07569e+06	6.22587e-05	0.1385	
11293	381	3022	15.7921	23.4208	1754	15.2477	8	533	16	60	8	4	1.20335e+06	5.05638e-05	0.2888	
10225	363	3044	17.1058	23.7767	1765	16.0977	7	533	17	55	10	5	1.22129e+06	5.86717e-05	0.0999	
11422	400	3040	18.983	26.3783	1780	14.5335	6	532	14	55	2	4	1.06784e+06	5.38909e-05	0.2836	
11491	370	3033	18.2956	20.1543	1864	16.3187	8	535	14	66	2	4	1.13225e+06	4.71209e-05	0.395	
11399	400	3026	20.4387	21.1508	1859	16.6552	9	535	12	67	20	3	1.06421e+06	4.98504e-05	0.3593	
11210	391	3050	18.4021	20.775	1843	18.9657	8	535	16	60	16	5	1.12605e+06	4.96722e-05	0.3292	
11113	400	3038	22.26	26.4361	1900	16.3915	8	535	15	58	25	3	1.02163e+06	5.73526e-05	0.2476	
10225	363	3044	17.0156	23.2184	1804	15.0972	7	535	16	55	8	5	1.22707e+06	5.7857e-05	0.1153	
11500	398	2999	24.6374	24.4849	1757	15.282	10	534	15	73	20	3	990545	5.51177e-05	0.3329	
11454	399	3013	23.6939	21.4618	1793	16.0146	10	524	12	75	14	3	1.01944e+06	5.18162e-05	0.4427	
11249	400	3042	24.212	29.8201	1708	17.5267	7	533	16	62	21	3	991624	6.19886e-05	0.2345	
10880	375	3031	15.3143	21.5087	1715	15.9664	5	533	16	62	20	3	1.27034e+06	5.1565e-05	0.2458	
10327	385	2986	20.406	27.3201	1743	17.2747	7	535	20	56	22	3	1.10361e+06	6.4587e-05	0.0981	
10587	392	3033	21.7856	25.2329	1850	18.5526	9	535	19	59	25	4	1.0651e+06	6.02991e-05	0.1582	
11387	400	3042	24.212	29.8201	1708	17.5267	7	534	16	62	21	3	984901	6.11733e-05	0.2471	
10750	369	3027	15.6359	22.1396	1708	15.0972	7	534	16	59	23	3	1.25465e+06	5.32396e-05	0.1995	
10895	400	3029	15.4547	21.6771	1763	17.351	7	535	18	56	28	4	1.25027e+06	5.20129e-05	0.2254	
10290	400	3042	20.6975	22.0833	1764	15.6924	6	535	13	55	26	6	1.12278e+06	5.92487e-05	0.135	
10494	350	3001	17.9216	21.6126	1844	18.8145	6	535	16	55	33	4	1.19265e+06	5.63634e-05	0.1648	
11410	360	3039	18.235	20.1865	1882	14.7726	6	535	20	58	8	4	1.14894e+06	4.74496e-05	0.3709	
11230	400	2986	24.6342	29.8201	1708	17.7702	9	532	16	59	26	3	986401	6.31552e-05	0.2319	
11500	367	3041	18.3959	20.1865	1882	16.3399	6	534	19	60	3	5	1.14021e+06	4.70367e-05	0.388	
10511	323	3030	16.1884	21.8651	1725	15.0972	5	534	16	57	22	3	1.27287e+06	5.48366e-05	0.1572	
11156	382	3050	18.4976	20.2933	1810	15.5405	9	535	16	58	18	4	1.12904e+06	4.94756e-05	0.3275	
10378	400	3032	22.0337	26.5179	1780	19	9	534	20	60	38	4	1.07804e+06	6.47165e-05	0.1162	
10500	400	3033	19.4847	27.3566	1775	18.5333	8	534	19	55	22	4	1.10363e+06	6.20694e-05	0.1068	
10575	371	3026	20.4516	29.0942	1765	18.7066	5	534	13	55	12	4	1.08619e+06	6.35607e-05	0.1137	
10664	400	3034	18.0375	21.9503	1788	15.2533	5	534	15	57	27	5	1.16073e+06	5.45345e-05	0.2109	
10993	348	3034	15.5624	21.3801	1824	15.4134	5	534	18	55	28	4	1.26934e+06	5.07254e-05	0.2669	
11353	347	3025	18.0107	20.218	1887	19	5	535	17	55	3	5	1.16529e+06	4.79363e-05	0.362	
10950	385	2992	21.5876	25.4438	1860	16.7452	8	532	19	57	15	3	1.04495e+06	5.73625e-05	0.2315	
10225	343	3044	18.153	24.326	1765	17.5817	6	533	14	57	8	5	1.194e+06	5.96801e-05	0.1108	
10126	398	2985	18.514	25.9116	1707	18.4843	6	527	12	55	12	4	1.16367e+06	6.34961e-05	0.0935	
11399	400	3026	20.5126	21.1508	1802	15.0178	10	535	11	73	19	3	1.05915e+06	4.99675e-05	0.3647	
11199	355	3050	15.4966	22.8154	1792	16.6512	7	535	13	65	17	5	1.2443e+06	5.04312e-05	0.2793	
10950	385	2994	21.7228	27.3753	1792	16.6617	6	535	17	55	35	3	1.04245e+06	6.03974e-05	0.1911	
10970	385	3048	20.5111	20.5647	1702	14.8239	10	535	16	58	7	3	1.08474e+06	5.16716e-05	0.3015	
10826	379	3041	15	21.6771	1750	15.0037	6	535	15	62	21	5	1.29458e+06	5.18296e-05	0.2174	
11289	362	3044	15	20	1807	15.9839	7	535	15	64	2	4	1.28712e+06	4.68889e-05	0.3842	
11289	362	3044	15.2201	21.0418	1807	15.9839	7	535	13	65	2	4	1.26383e+06	4.78057e-05	0.3635	
11500	400	3044	22.3289	20.0692	1843	15.3191	6	535	10	65	7	3	1.0561e+06	4.89021e-05	0.4356	
10396	400	3029	17.3022	21.8651	1744	17.1692	8	535	16	59	24	4	1.19762e+06	5.66412e-05	0.1422	
11168	397	3019	18.6547	20.1429	1868	17.8808	6	535	10	56	7	3	1.12283e+06	4.92174e-05	0.3507	
10888	392	3038	18.3754	26.0781	1850	18.0795	7	535	17	55	12	4	1.10917e+06	5.64908e-05	0.1893	
11313	310	3036	18.9056	20.9831	1899	19	6	535	20	55	4	4	1.15868e+06	4.90533e-05	0.3409	
10587	351	3017	19.4847	26.9211	1775	18.7448	8	535	17	55	18	4	1.11439e+06	6.08976e-05	0.12	
11073	388	3050	18.4021	20.775	1818	18.7687	8	535	16	62	2	5	1.13126e+06	5.00776e-05	0.313	
10593	330	3042	15.8125	22.2095	1728	16.3847	7	534	16	59	12	5	1.27861e+06	5.392e-05	0.1727	
10511	323	3030	16.4232	21.8651	1782	15.0972	5	534	17	57	22	3	1.26186e+06	5.48065e-05	0.1639	
10964	353	3043	18.7869	20.7326	1743	15.0459	8	535	15	58	19	3	1.13646e+06	5.13373e-05	0.2971	
11500	398	2999	24.6374	23.9335	1732	15.235	9	533	14	73	11	3	994302	5.45435e-05	0.3472	
11500	398	2999	24.4126	25.7364	1732	15.8479	8	526	13	74	16	3	989012	5.6392e-05	0.377	
10924	400	3044	21.0666	22.906	1768	17.5617	9	532	17	61	54	3	1.06588e+06	5.63317e-05	0.2269	
10378	400	3031	21.5581	26.5179	1800	19	9	534	17	60	18	4	1.07959e+06	6.32071e-05	0.1279	
11468	391	3016	19.6019	23.6554	1757	17.5741	10	533	17	67	11	4	1.06201e+06	5.16369e-05	0.3373	
11500	400	3041	24.4126	26.7494	1885	15.8479	10	530	4	77	12	3	985303	5.64717e-05	0.3526	
11230	400	3045	21.4363	21.8455	1838	16.7038	9	535	13	61	18	4	1.0509e+06	5.17706e-05	0.3281	
10799	396	3011	23.433	28.2798	1815	16.7621	8	535	19	59	23	3	1.02397e+06	6.28101e-05	0.1732	
11410	327	3039	18.3959	20.1865	1882	14.7726	6	535	20	58	3	4	1.16705e+06	4.73934e-05	0.3726	
10918	386	3034	18.2605	20.8806	1804	16.7717	6	534	16	61	25	5	1.1474e+06	5.18941e-05	0.2763	
11169	387	2974	25	29.7508	1736	18.1362	6	535	17	55	24	6	998798	6.38529e-05	0.2187	
10256	396	3045	18.9674	25.3263	1809	18.6088	8	535	10	55	8	5	1.14187e+06	6.0794e-05	0.1088	
10494	348	3049	17.9555	24.4843	1761	16.3683	8	535	16	55	19	5	1.17423e+06	5.78704e-05	0.1253	
11280	396	3032	22.8145	25.3413	1852	16.6552	10	534	13	69	16	4	1.01247e+06	5.54877e-05	0.2982	
11140	400	3042	20.9063	23.1252	1826	17.65	10	535	11	59	22	4	1.0513e+06	5.34102e-05	0.2875	
10256	396	3042	19.8967	26.6645	1762	18.4081	8	535	8	55	15	5	1.11926e+06	6.32231e-05	0.0954	
10851	391	3027	22.6071	26.0334	1749	19	9	534	5	58	50	3	1.03853e+06	6.08569e-05	0.1868	
10256	400	3046	18.9674	25.3263	1767	18.4081	8	535	8	56	6	5	1.14123e+06	6.07755e-05	0.1119	
11063	400	3029	22.0505	29.7946	1800	15.9334	10	535	15	55	23	4	1.01604e+06	6.18506e-05	0.1871	
11500	368	3042	16.4959	23.4005	1772	15.008	8	534	20	57	8	4	1.16852e+06	4.95417e-05	0.3179	
10652	399	3027	22.5742	25.2267	1781	17.8855	8	535	16	58	13	4	1.04964e+06	5.98623e-05	0.184	
11183	363	3050	15.988	21.6771	1794	15.2251	9	535	19	62	27	3	1.21432e+06	4.99351e-05	0.2993	
11462	388	3046	24.1606	27.7979	1764	17.9342	8	535	14	61	8	4	989920	5.79643e-05	0.2887	
11030	377	3036	16.1967	21.8219	1788	17.7	9	533	16	55	36	5	1.21243e+06	5.17732e-05	0.2588	
11414	400	3036	19.5682	20.9831	1898	17.9144	7	533	20	60	5	4	1.09099e+06	4.87567e-05	0.3637	
10683	353	3027	15.6946	20.8119	1708	16.67	8	534	19	56	24	4	1.27347e+06	5.2815e-05	0.2006	
10776	400	3042	19.2904	26.7036	1830	17.0364	10	535	11	59	24	4	1.08681e+06	5.87544e-05	0.1713	
10575	371	3020	20.4516	28.4912	1765	18.7066	5	534	13	55	12	4	1.0874e+06	6.29168e-05	0.1183	
11500	398	3047	18.6445	20	1841	14.8631	7	532	12	61	11	3	1.11399e+06	4.71387e-05	0.4081	
11492	374	3031	15.5358	20	1852	15.3191	7	535	17	59	12	3	1.23979e+06	4.62235e-05	0.4199	
11500	400	3045	21.3892	28.7556	1855	16.6552	10	535	13	59	17	3	1.00458e+06	5.73e-05	0.2667	
10225	368	3044	15.6192	22.1528	1755	18.2642	6	530	17	61	4	5	1.30012e+06	5.64557e-05	0.1227	
11443	364	3040	17.9196	20.4401	1877	16.0523	6	535	14	60	2	4	1.15108e+06	4.72791e-05	0.3827	
10519	399	3050	17.9007	26.6405	1845	16.3147	7	535	17	57	2	3	1.14112e+06	5.88582e-05	0.1336	
10531	338	3030	15	20.1018	1768	18.6969	7	533	17	55	13	4	1.34012e+06	5.25045e-05	0.2061	
11500	391	3003	25	28.2325	1788	18.9191	10	530	19	57	43	3	978416	5.9988e-05	0.2872	
10327	385	2977	20.406	27.1778	1743	17.2747	7	535	20	56	22	5	1.1071e+06	6.4587e-05	0.094	
10410	390	3037	22.1029	27.0479	1752	16.0571	8	535	10	55	8	3	1.06817e+06	6.30676e-05	0.1368	
11289	364	3050	18.5111	20	1823	16.1021	7	535	18	67	6	3	1.13649e+06	4.81487e-05	0.3601	
10723	394	2998	22.5701	24.0668	1806	18.7862	9	535	16	56	52	4	1.05564e+06	6.03318e-05	0.1701	
11065	339	3042	16.3889	20.0922	1836	15.7807	8	534	12	63	7	4	1.23418e+06	4.86689e-05	0.3377	
10534	400	2986	20.406	27.3201	1718	17.2747	7	532	20	56	20	3	1.08203e+06	6.26253e-05	0.1236	
11452	400	3025	21.8329	28.7556	1859	16.6552	7	535	11	73	17	3	1.00324e+06	5.78102e-05	0.2788	
10500	400	3029	19.4847	26.9211	1775	18.5333	8	534	20	59	22	4	1.10498e+06	6.16713e-05	0.116	
11030	400	3050	19.2462	21.6865	1817	17.2987	9	535	16	55	34	5	1.10099e+06	5.24934e-05	0.2722	
11500	400	3026	22.0505	21.1508	1859	16.6552	10	535	12	73	21	3	1.03734e+06	5.01479e-05	0.409	
10977	400	3046	16.3715	21.4701	1817	17.5265	10	533	16	55	22	5	1.19626e+06	5.10621e-05	0.2871	
11313	393	3026	19.8076	22.4013	1843	17.6816	8	535	18	55	10	4	1.07441e+06	5.0984e-05	0.322	
10415	337	3042	20.8265	22.7668	1764	18.3323	7	535	13	55	26	6	1.13066e+06	5.89901e-05	0.139	
10697	392	3015	21.8064	28.8556	1848	17.8897	6	535	15	55	22	3	1.04907e+06	6.32471e-05	0.1478	
10225	366	3038	17.4922	23.7767	1763	16.6159	8	532	16	55	17	5	1.20542e+06	5.93401e-05	0.1025	
10378	400	3008	22.6017	26.267	1749	18.5427	9	533	12	57	56	4	1.07596e+06	6.61201e-05	0.109	
10580	392	3040	18.7331	26.9432	1831	18.5611	7	535	16	55	15	4	1.11764e+06	5.99952e-05	0.1259	
11491	397	3033	15	20.775	1864	15.9107	9	535	15	59	7	4	1.25402e+06	4.65983e-05	0.4024	
10846	392	3046	16.3715	21.6865	1817	15.898	7	533	18	65	32	4	1.20893e+06	5.25845e-05	0.236	
11288	372	3050	15.0183	21.4587	1772	16.0704	9	533	18	69	28	5	1.26806e+06	4.90942e-05	0.3112	
11162	339	3050	15.0183	21.6771	1787	16.0704	9	533	17	70	11	4	1.28645e+06	4.93243e-05	0.3069	
11493	383	3041	20.9509	21.0663	1777	15.4704	6	534	16	66	2	3	1.06619e+06	4.91545e-05	0.3922	
10232	383	3031	17.8142	20	1871	15.3191	7	534	15	55	12	3	1.20288e+06	5.54723e-05	0.1711	
10739	391	3049	15	20.7776	1768	15.7329	8	535	14	56	24	4	1.29524e+06	5.16662e-05	0.2168	
10827	384	3036	15	20.2955	1735	17.9152	7	534	16	63	26	5	1.29909e+06	5.12873e-05	0.2408	
10441	392	3039	21.8996	26.0943	1751	19	8	532	5	58	48	3	1.07865e+06	6.38447e-05	0.1286	
11258	400	3040	19.4847	26.9211	1775	16.0238	8	534	20	59	22	6	1.06022e+06	5.6057e-05	0.2323	
11165	400	3050	22.0505	28.9935	1778	15.9334	10	535	15	58	23	4	1.01351e+06	6.00348e-05	0.2127	
11500	361	3021	18.3959	20.6126	1899	16.6992	8	534	20	58	3	3	1.13002e+06	4.75105e-05	0.3781	
11133	361	3040	17.0614	20.1596	1833	17.0128	10	531	20	59	6	4	1.1854e+06	4.86784e-05	0.3418	
11322	392	3026	19.2764	22.4013	1843	17.5591	8	535	8	56	10	4	1.08593e+06	5.06663e-05	0.3427	
11500	400	2999	24.6374	25.3128	1732	15.282	7	533	15	73	9	3	989321	5.58878e-05	0.3524	
11160	397	3005	15.2572	22.3271	1772	15.589	7	535	12	71	14	4	1.05044e+06	4.99201e-05	0.4065	
11500	400	3031	19.4582	20.679	1889	17.0128	6	534	17	58	3	4	1.09311e+06	4.79685e-05	0.3818	
11495	400	3023	18.2152	20	1839	15.6016	7	535	12	61	7	3	1.12279e+06	4.71143e-05	0.4051	
10697	400	3042	24.212	29.8201	1700	16.884	7	533	16	60	37	3	1.02633e+06	6.64408e-05	0.1517	
11204	388	2990	20.9777	27.0901	1749	16.4757	10	532	20	57	32	4	1.03575e+06	5.80923e-05	0.2314	
10442	400	3011	19.4809	27.971	1753	18.321	8	535	13	56	4	3	1.10138e+06	6.2637e-05	0.1081	
10765	393	3035	22.458	30	1727	15.3862	7	535	19	60	16	4	1.03647e+06	6.42137e-05	0.1528	
10225	353	3044	17.6493	23.8338	1748	15.8718	8	535	17	55	3	4	1.20142e+06	5.86579e-05	0.1136	
11500	327	3039	18.3959	20.1865	1882	14.7133	6	534	19	58	3	4	1.16637e+06	4.6955e-05	0.3883	
10674	393	2996	23.1064	30	1735	18.7437	7	531	20	56	33	3	1.03521e+06	6.668e-05	0.1284	
10396	374	3050	15.1413	21.7393	1708	15.1586	5	535	17	59	13	4	1.31891e+06	5.47765e-05	0.1373	
10493	385	2987	22.0318	27.3753	1900	16.996	8	535	20	57	25	3	1.06384e+06	6.37064e-05	0.1371	
10631	392	2990	19.7253	22.7989	1774	15.4405	9	535	20	60	37	3	1.10567e+06	5.75109e-05	0.1763	
10494	348	3042	18.213	24.4843	1791	15.7213	8	532	20	55	26	5	1.16717e+06	5.82954e-05	0.1316	
10225	400	3044	15.6192	22.1528	1782	18.3649	9	532	17	61	4	5	1.28479e+06	5.65099e-05	0.1238	
11173	362	3043	15	20	1823	15.6329	6	535	16	64	3	3	1.29195e+06	4.74361e-05	0.3664	
11174	395	3023	18.2152	20	1839	15.6016	7	535	12	61	7	4	1.13758e+06	4.87995e-05	0.349	
10422	374	3050	19.2586	21.7393	1708	15.1586	5	535	17	56	13	4	1.14883e+06	5.6262e-05	0.1678	
11449	400	3033	23.2714	23.408	1833	15.9093	10	524	12	70	19	3	1.0103e+06	5.30983e-05	0.3791	
10819	400	3042	24.1042	25.1196	1708	18.0413	10	533	17	60	37	3	1.02409e+06	6.05217e-05	0.2103	
10590	400	3026	19.2764	22.4013	1765	18.0233	8	535	18	55	16	4	1.11824e+06	5.59754e-05	0.1805	
10664	400	3036	18.0375	21.9503	1788	15.2533	5	534	14	57	27	4	1.15837e+06	5.4484e-05	0.2123	
11113	400	3014	22.26	26.3121	1900	15.5133	8	535	15	64	19	3	1.02241e+06	5.72115e-05	0.2569	
11169	400	3046	15	21.6771	1764	15.2472	6	535	18	70	24	6	1.26813e+06	4.98405e-05	0.2842	
10722	353	3046	18.4132	21.0215	1743	17.1001	8	535	15	57	19	3	1.157e+06	5.32226e-05	0.2362	
10799	396	2992	23.433	29.3676	1815	16.7621	8	535	19	59	23	3	1.02198e+06	6.42591e-05	0.169	
10808	336	3034	18.6319	20	1829	16.7539	5	535	19	55	3	4	1.17381e+06	5.10882e-05	0.2849	
10851	391	3048	15.8657	20.4891	1828	15.2492	6	533	15	60	5	4	1.24316e+06	4.9955e-05	0.2958	
11467	397	3022	23.6726	27.2114	1803	14	8	535	17	62	19	4	991246	5.71331e-05	0.2986	
11471	400	3017	22.5682	27.356	1725	16.6552	10	530	16	69	4	3	996782	5.69282e-05	0.3038	
11169	391	3036	20.2153	22.1275	1845	17.4539	7	535	18	62	27	4	1.07849e+06	5.21703e-05	0.2923	
11264	400	3018	17.3589	20	1868	16.6292	6	535	12	59	7	3	1.15779e+06	4.79685e-05	0.3622	
10482	315	3030	15.7929	21.8651	1708	15.0972	5	534	16	57	22	4	1.30428e+06	5.49964e-05	0.1505	
11405	400	3026	21.6978	20.3115	1849	18.0611	10	534	16	66	19	4	1.05429e+06	4.98902e-05	0.3966	
11199	389	3042	15.4075	22.4284	1801	17.5482	9	532	16	70	11	3	1.22661e+06	5.00125e-05	0.2987	
10452	394	3026	20.8918	28.8119	1753	19	5	531	17	55	11	4	1.08137e+06	6.45203e-05	0.1021	
10290	394	3042	20.6975	23.5322	1764	16.2579	6	535	13	55	28	5	1.11681e+06	6.07275e-05	0.1291	
11036	392	3041	20.2087	27.5987	1837	17.6561	9	535	17	60	56	4	1.05952e+06	5.96694e-05	0.1808	
10451	315	3036	16.0051	22.7096	1770	18.1703	7	535	17	59	2	4	1.2824e+06	5.51481e-05	0.1441	
11500	366	3039	16.4959	20	1772	14.9579	8	534	18	57	4	3	1.19177e+06	4.63865e-05	0.4221	
11215	400	3023	18.2152	20	1829	15.6016	7	535	12	61	12	3	1.12985e+06	4.87211e-05	0.353	
10357	383	2966	20.5742	23.1376	1872	16.7621	9	535	20	56	14	3	1.105e+06	5.9499e-05	0.1626	
11038	400	3039	23.2803	27.7979	1752	17.1863	8	535	14	59	18	4	1.01294e+06	6.02591e-05	0.2253	
10580	387	3038	17.9992	21.0384	1793	19	7	535	16	55	6	4	1.16603e+06	5.36394e-05	0.206	
11329	399	3050	19.8497	20.775	1843	18.1512	7	535	16	67	16	3	1.08308e+06	4.95e-05	0.349	
11500	368	3042	16.4959	20	1822	14.9579	8	534	8	65	2	3	1.19428e+06	4.62235e-05	0.44	
11176	400	2986	24.6342	29.8201	1708	17.7702	10	532	16	65	26	3	988723	6.34236e-05	0.2274	
10846	389	3046	17.4038	21.6865	1819	15.872	10	533	18	61	32	4	1.16456e+06	5.29297e-05	0.2456	
10610	392	3011	18.6164	26.9211	1831	18.5611	8	535	14	55	7	3	1.11288e+06	5.96232e-05	0.1378	
10877	391	3044	17.1718	23.7767	1765	16.3646	6	535	18	56	10	5	1.16292e+06	5.36942e-05	0.2173	
10396	400	3029	17.3022	22.922	1744	17.1692	8	535	16	59	12	4	1.1887e+06	5.69055e-05	0.1396	
11426	400	3039	16.1644	23.3369	1764	15.7531	9	535	20	55	18	4	1.17129e+06	5.00851e-05	0.2975	
11329	355	3045	15.5639	22.3215	1786	19	8	535	6	63	17	4	1.23577e+06	4.95614e-05	0.3161	
10396	374	3026	15.7929	21.7393	1708	15.0972	5	535	17	59	18	4	1.27909e+06	5.55155e-05	0.1348	
11064	387	3036	15.2222	20.1018	1782	14	7	534	19	57	11	3	1.26543e+06	4.84943e-05	0.3397	
10964	400	3036	20.7547	22.0493	1818	16.1751	8	530	17	55	36	3	1.07097e+06	5.40307e-05	0.2663	
11169	337	3050	15	21.6771	1788	15.2472	6	535	18	70	27	6	1.30039e+06	4.98728e-05	0.2833	
11500	396	3032	22.7961	25.3413	1852	16.2234	10	528	13	69	16	4	1.00424e+06	5.43272e-05	0.3566	
10587	392	3046	17.9943	25.3092	1783	18.5553	8	535	18	60	14	4	1.14283e+06	5.79643e-05	0.1366	
10824	385	3007	22.8273	28.957	1815	17.3284	8	535	19	56	23	3	1.02948e+06	6.31473e-05	0.1675	
10819	399	3047	24.128	24.5381	1700	18.6936	9	533	17	57	37	3	1.02753e+06	6.0024e-05	0.2119	
11243	400	3039	16.1644	23.1947	1769	16.1954	10	535	20	55	25	4	1.17936e+06	5.1164e-05	0.2645	
10750	356	3026	15.715	21.8651	1708	15.0972	5	535	16	64	23	3	1.26222e+06	5.31011e-05	0.2018	
11500	393	2996	23.1064	30	1849	18.8812	7	531	20	56	33	3	987249	6.06502e-05	0.2592	
10398	379	3039	21.7138	23.3369	1768	15.7531	10	535	19	55	18	4	1.08828e+06	5.96801e-05	0.1525	
10938	389	3050	16.3715	21.6865	1827	15.872	10	533	17	65	32	4	1.19937e+06	5.18834e-05	0.2602	
10826	357	3041	15	20.0885	1758	18.0616	6	535	17	63	21	5	1.31454e+06	5.07949e-05	0.2527	
10609	399	3042	21.9922	29.8201	1708	17.3055	5	530	19	62	37	3	1.05494e+06	6.58371e-05	0.1304	
11500	400	3042	23.2109	26.2579	1708	17.3619	7	533	16	62	21	3	997562	5.59722e-05	0.303	
10520	400	3027	22.4727	25.6092	1749	18.9308	9	532	5	55	56	3	1.06472e+06	6.36497e-05	0.1297	
10470	385	3015	17.2387	21.8651	1708	17.6247	5	532	20	56	24	4	1.20466e+06	5.61167e-05	0.1565	
10685	368	3026	15	22.0043	1718	16.2047	7	534	16	62	9	5	1.30198e+06	5.28485e-05	0.195	
11030	400	3050	19.4587	21.6865	1817	17.9625	9	535	16	55	34	5	1.09642e+06	5.26537e-05	0.2713	
10415	337	3042	20.8265	21.5121	1786	18.3323	7	535	15	55	26	6	1.13889e+06	5.78503e-05	0.1534	
10809	368	3036	18.8389	21.9869	1760	17.1242	5	534	18	64	2	3	1.13412e+06	5.30617e-05	0.2551	
11500	396	3016	24.0474	25.6434	1732	16.1655	10	526	13	75	25	3	989279	5.60318e-05	0.3802	
10420	392	3049	18.6164	26.9211	1812	18.5611	8	535	15	56	7	3	1.12882e+06	6.08236e-05	0.1101	
11169	337	3050	15	21.757	1788	15.6099	7	535	17	70	17	4	1.29181e+06	4.95295e-05	0.2938	
11399	400	3025	19.8508	22.2021	1849	18.0611	10	535	15	66	19	4	1.06506e+06	5.06227e-05	0.3466	
11500	400	3043	23.2756	20.7814	1768	18.2362	10	525	17	66	19	3	1.02796e+06	5.07537e-05	0.4387	
11399	400	3026	20.5465	22.2021	1849	16.583	10	535	15	63	19	4	1.05419e+06	5.08363e-05	0.3415	
11293	381	3022	16.8937	23.4208	1757	14.5609	8	533	16	60	8	4	1.15361e+06	5.08932e-05	0.3025	
11391	400	3039	21.1283	23.3369	1764	15.7531	10	535	20	55	18	4	1.03537e+06	5.22411e-05	0.3296	
10776	400	3042	19.386	26.4023	1820	17.5272	10	533	11	56	29	3	1.08534e+06	5.86923e-05	0.1768	
10225	400	3044	15.6192	22.1528	1755	18.2642	8	530	16	61	4	5	1.28586e+06	5.64908e-05	0.1256	
11399	400	3026	22.0505	21.9417	1849	18.008	10	534	17	69	13	4	1.03485e+06	5.13057e-05	0.3597	
11424	400	3003	19.4796	21.2803	1877	15.9367	6	535	14	60	2	4	1.08808e+06	4.90509e-05	0.3641	
10924	400	3044	21.0666	22.771	1768	17.5617	9	532	17	61	54	3	1.06667e+06	5.62145e-05	0.2295	
10728	400	3047	20.8894	22.9219	1793	18.5117	9	534	5	60	27	4	1.07685e+06	5.63825e-05	0.2214	
11209	400	3009	22.449	29.1561	1763	15.6644	6	535	16	66	19	3	1.00895e+06	6.04303e-05	0.2285	
11500	385	2992	21.2153	28.957	1815	17.0782	8	532	19	60	14	3	1.01236e+06	5.81159e-05	0.2611	
11030	377	3036	16.1967	21.8219	1817	17.3426	9	533	16	55	39	5	1.21316e+06	5.1792e-05	0.2577	
11468	391	3016	23.079	23.6554	1757	17.5741	10	533	17	67	11	4	1.0119e+06	5.33646e-05	0.3505	
10442	383	3033	17.8142	20	1871	15.3191	7	535	15	55	12	3	1.18798e+06	5.36222e-05	0.2206	
11003	317	3043	15.0388	22.3575	1764	15.5116	9	535	15	58	14	5	1.30641e+06	5.09554e-05	0.2464	
10593	359	3042	15.8125	22.2095	1719	14.9731	7	534	17	59	19	5	1.26434e+06	5.42094e-05	0.1652	
11410	336	3039	16.3305	20.7315	1882	14.7726	6	535	19	56	2	4	1.22572e+06	4.70367e-05	0.3831	
11293	400	3044	22.2649	28.7556	1859	16.6552	10	535	13	59	17	3	1.00296e+06	5.87855e-05	0.2555	
11405	391	3043	23.791	22.0925	1815	16.1278	10	535	15	72	33	4	1.02139e+06	5.27426e-05	0.3744	
11329	396	3042	15.5639	22.3215	1786	16.543	8	535	10	64	17	4	1.21544e+06	4.93437e-05	0.3177	
10225	363	3043	17.0156	23.7253	1748	16.0977	7	529	17	55	4	5	1.22349e+06	5.82377e-05	0.1142	
11263	400	3025	21.1597	23.2631	1841	16.3283	8	535	17	73	19	3	1.04309e+06	5.28569e-05	0.3102	
11329	378	3050	19.5305	20.775	1843	18.5804	7	535	16	67	3	4	1.10106e+06	4.90581e-05	0.3537	
11500	400	3016	18.3959	21.0267	1900	16.6992	8	534	20	68	2	4	1.1095e+06	4.7934e-05	0.3825	
11176	389	3018	23.67	30	1811	18.5384	10	535	11	56	19	3	997071	6.23947e-05	0.2231	
11500	398	2999	24.6374	24.4849	1732	15.282	10	534	15	73	20	3	990271	5.51968e-05	0.337	
11500	391	3018	22.8144	30	1840	14.1119	10	532	17	68	25	3	987266	5.97943e-05	0.266	
10610	392	3039	18.6164	26.9211	1831	18.5611	8	535	13	55	7	3	1.1137e+06	5.93261e-05	0.1391	
11500	400	3046	21.9743	25.1005	1871	16.761	10	533	11	72	19	3	1.01094e+06	5.34531e-05	0.3455	
10609	399	3042	21.9922	29.8201	1708	17.0955	5	530	20	60	37	3	1.05516e+06	6.58631e-05	0.1265	
11038	400	3039	23.2803	27.7979	1752	17.1863	8	535	14	61	18	3	1.01116e+06	6.01974e-05	0.2273	
11477	335	3043	15	21.0958	1727	16.5171	8	535	12	68	28	4	1.28682e+06	4.79019e-05	0.3507	
10911	385	2978	23.5202	27.3753	1846	16.7621	10	534	15	57	18	4	1.0191e+06	6.11808e-05	0.2082	
10580	397	3040	18.6164	26.9432	1831	18.5412	7	535	16	55	4	4	1.11698e+06	5.94742e-05	0.1294	
10950	385	3000	21.5876	25.4438	1886	16.7621	8	535	19	57	8	3	1.04525e+06	5.69963e-05	0.2307	
11148	400	3043	19.2904	27.0183	1816	16.6219	10	533	16	56	20	4	1.06336e+06	5.65227e-05	0.2237	
10894	400	3042	24.8671	29.8201	1708	17.037	10	533	16	63	37	3	1.0056e+06	6.52188e-05	0.184	
10578	371	3026	20.4516	29.0942	1765	18.8348	7	534	13	55	12	4	1.08272e+06	6.35445e-05	0.1154	
11399	400	3026	22.0505	20.3115	1743	15.1786	10	533	16	66	19	3	1.0445e+06	5.02033e-05	0.3963	
11473	382	3005	23.7796	27.1289	1751	17.4834	8	532	18	70	39	3	995519	5.78704e-05	0.2956	
11500	368	3044	16.7891	20	1772	15.2761	8	535	10	57	2	3	1.17909e+06	4.63994e-05	0.4398	
11422	398	2974	25	29.9047	1719	18.5963	6	535	11	63	26	6	983900	6.23986e-05	0.2572	
11293	383	3018	23.8718	26.0862	1747	14.603	9	535	17	63	60	4	1.00748e+06	5.84317e-05	0.262	
10166	344	3050	18.8396	24.5417	1731	18.4081	8	535	5	55	17	5	1.17835e+06	6.14137e-05	0.0985	
10891	400	3017	15.732	21.2873	1763	18.5611	8	535	14	61	20	4	1.2326e+06	5.17304e-05	0.2511	
10396	400	3037	17.3022	21.5086	1744	17.2485	8	535	16	59	24	4	1.19933e+06	5.62588e-05	0.1496	
10124	336	3047	19.7546	21.5111	1745	18.4694	8	534	9	56	11	4	1.17166e+06	5.91716e-05	0.124	
11380	383	3018	23.8718	26.0862	1745	14.603	9	535	16	63	60	4	1.00353e+06	5.78035e-05	0.2785	
11455	400	3042	22.0505	21.1508	1890	16.6552	10	535	12	73	11	3	1.03859e+06	4.99476e-05	0.4253	
11133	361	3028	18.5881	20.1596	1833	16.5125	10	533	20	59	6	4	1.13669e+06	4.93681e-05	0.3315	
11032	385	3022	18.5088	20.9556	1813	15.7745	5	534	17	66	23	4	1.13721e+06	5.12558e-05	0.2984	
10124	336	3047	19.7546	21.6515	1734	18.4694	8	534	11	56	11	4	1.17103e+06	5.93507e-05	0.12	
10324	379	3038	17.4922	25.5364	1763	16.8193	8	532	15	55	12	5	1.18445e+06	5.99628e-05	0.1086	
10482	396	3030	16.1884	21.8651	1725	15.2487	5	532	17	57	22	3	1.24081e+06	5.50661e-05	0.1564	
11249	400	3042	24.212	29.8201	1708	17.5267	7	533	16	62	20	3	991753	6.19694e-05	0.2348	
10420	392	3043	18.6164	26.9211	1812	18.5611	8	535	15	57	2	3	1.12835e+06	6.06612e-05	0.1133	
11140	400	3016	22.0505	24.4246	1775	15.75	10	535	15	55	19	3	1.02562e+06	5.546e-05	0.273	
11441	400	3023	23.4652	20.6239	1839	15.9665	8	530	10	57	21	3	1.03463e+06	5.09087e-05	0.4158	
10750	333	3027	15.6359	21.3293	1706	15.0972	7	535	16	59	23	3	1.27865e+06	5.25652e-05	0.2097	
10722	353	3046	18.4132	21.0215	1827	17.0571	8	535	15	59	27	3	1.16013e+06	5.34045e-05	0.2326	
10410	358	3032	16.5724	22.2095	1712	17.5773	7	534	16	58	25	5	1.24383e+06	5.6638e-05	0.1354	
11419	400	3041	20.2956	20.5349	1783	15.4704	9	534	13	60	9	3	1.07026e+06	4.88878e-05	0.3784	
10697	392	3015	21.8064	28.8556	1852	17.8897	6	535	15	55	22	3	1.049e+06	6.32351e-05	0.1483	
10377	374	3047	17.7159	25.8327	1744	18.4694	5	534	6	56	11	4	1.17616e+06	5.98122e-05	0.1123	
10225	363	3044	18.153	23.7767	1765	16.3018	6	533	17	56	8	5	1.18737e+06	5.90667e-05	0.1194	
10524	392	2990	18.9181	24.0772	1860	16.678	7	534	18	59	9	3	1.1246e+06	5.75573e-05	0.1743	
10848	388	3050	20.3005	22.3481	1819	15.7461	8	532	19	60	54	4	1.09351e+06	5.57507e-05	0.2235	
10880	361	3040	18.5881	20.8984	1833	17.0128	8	533	20	59	6	5	1.14684e+06	5.14642e-05	0.2775	
10518	393	3044	15.6192	22.1528	1771	18.2642	6	530	17	61	6	5	1.26574e+06	5.40774e-05	0.1799	
11467	400	3022	23.6726	27.2114	1803	14	8	531	17	62	19	4	990680	5.71821e-05	0.3107	
10256	348	3030	18.814	25.046	1776	18.5958	8	535	14	55	3	5	1.16302e+06	6.04778e-05	0.1084	
11301	400	3031	23.6419	24.1264	1845	16.3283	8	530	17	56	3	3	1.01017e+06	5.45197e-05	0.3276	
11500	343	3050	16.0701	20	1755	15.3695	8	535	15	56	11	3	1.22628e+06	4.63973e-05	0.4078	
10580	392	3038	18.6164	22.4125	1814	18.5611	7	535	16	55	4	4	1.13831e+06	5.493e-05	0.1913	
10804	371	3042	18.2273	20.6783	1756	14.3266	7	534	15	57	23	3	1.15386e+06	5.22493e-05	0.2588	
10137	362	3047	19.2729	21.5111	1734	18.0617	6	535	10	55	11	4	1.17257e+06	5.86889e-05	0.1231	
10723	394	3012	20.2061	21.2262	1806	18.6002	9	532	16	58	17	4	1.0988e+06	5.45078e-05	0.2418	
10515	400	3033	17.9696	20	1792	15.5583	6	534	3	57	17	5	1.18062e+06	5.35045e-05	0.2301	
11075	398	3016	19.2786	23.3439	1791	15.617	8	535	15	60	16	3	1.08412e+06	5.32283e-05	0.2847	
11473	382	3005	24.8523	28.2325	1751	16.3304	8	532	19	70	43	3	984613	5.973e-05	0.2847	
11490	400	3043	22.5559	21.9471	1859	16.6552	10	535	12	60	21	3	1.02615e+06	5.0997e-05	0.3716	
11329	389	3050	19.5305	20.775	1835	18.5804	7	534	16	58	12	4	1.09847e+06	4.92878e-05	0.3509	
10461	382	3013	16.1907	21.8651	1708	15.3528	5	532	20	56	24	4	1.25047e+06	5.55803e-05	0.1468	
10587	400	3030	23.3768	26.8307	1752	17.278	9	535	15	55	13	4	1.03983e+06	6.26763e-05	0.1546	
10640	385	2966	19.9022	27.3753	1872	16.7621	9	535	20	55	20	3	1.0819e+06	6.13309e-05	0.1414	
10394	363	3044	17.1058	23.7767	1839	16.0977	7	533	18	57	18	6	1.20962e+06	5.74944e-05	0.1293	
10999	400	3050	19.2462	21.6865	1817	17.3426	9	529	16	55	15	5	1.10106e+06	5.19373e-05	0.2937	
10900	400	3030	21.054	23.3164	1768	18.8118	9	535	3	55	18	5	1.06266e+06	5.55525e-05	0.2505	
11312	400	2986	22.5859	26.3657	1749	16.8483	10	533	15	58	19	4	1.00663e+06	5.71625e-05	0.28	
10627	390	3027	15	21.9911	1720	15.8526	7	533	11	64	9	6	1.29923e+06	5.32198e-05	0.1963	
11016	400	3050	15	21.1264	1801	15.6643	8	534	16	57	28	5	1.27584e+06	5.01958e-05	0.2715	
10494	389	3016	19.1403	24.2008	1724	17.8518	7	532	16	56	33	4	1.13062e+06	5.93789e-05	0.1347	
11227	362	3044	15.6372	20	1834	16.1213	7	535	15	67	6	4	1.2529e+06	4.74744e-05	0.3708	
11114	393	3041	23.67	30	1789	18.9362	10	535	13	56	19	5	1.0025e+06	6.27313e-05	0.2069	
10638	399	3043	22.1376	29.8201	1704	17.0715	6	533	10	57	26	3	1.04756e+06	6.52103e-05	0.133	
10225	397	3045	17.0156	23.2184	1753	15.6855	6	534	16	55	14	4	1.21767e+06	5.82819e-05	0.1019	
10859	371	3042	18.2273	20.6783	1756	14.3266	7	534	15	57	23	3	1.1511e+06	5.18403e-05	0.271	
11162	388	2992	19.8087	20.5182	1831	18.4443	7	535	16	60	14	4	1.09922e+06	5.0746e-05	0.325	
10993	348	3034	16.4948	21.3801	1848	15.4134	8	534	18	55	23	4	1.21407e+06	5.07924e-05	0.2884	
11085	394	3012	19.2721	21.2262	1806	18.4276	8	532	17	59	17	4	1.102e+06	5.15597e-05	0.3057	
10587	390	3044	21.2044	25.2339	1850	18.5526	9	534	19	56	28	4	1.07429e+06	5.99341e-05	0.15	
11227	400	3025	22.9299	23.2631	1789	16.3283	8	535	14	64	46	3	1.02516e+06	5.50176e-05	0.2939	
10513	346	3030	15.2641	21.8651	1756	15.1301	5	533	19	56	20	4	1.31436e+06	5.43331e-05	0.157	
10309	310	3041	17.1373	23.5448	1800	17.7866	7	531	20	56	2	5	1.24219e+06	5.7346e-05	0.1306	
10450	397	3034	16.8569	22.2095	1708	17.171	7	534	15	59	25	5	1.21345e+06	5.63349e-05	0.1413	
11253	400	3034	20.9667	23.8634	1838	16.6552	10	535	13	67	28	4	1.042e+06	5.35848e-05	0.301	
11120	400	2996	21.7133	27.8468	1788	17.2741	10	533	20	57	12	3	1.02e+06	5.91576e-05	0.2302	
10787	400	3019	16.1941	22.9758	1843	17.0008	6	535	18	64	16	5	1.20999e+06	5.35705e-05	0.2049	
10457	400	3013	19.0631	23.3042	1789	18.7202	8	534	15	57	34	4	1.1344e+06	5.88928e-05	0.1351	
11040	368	3050	15.4052	21.6771	1770	16.9866	9	534	16	70	27	5	1.25452e+06	5.09372e-05	0.2615	
11000	396	3042	20.9771	26.7036	1826	16.5406	10	535	11	59	24	4	1.04483e+06	5.79005e-05	0.2334	
10804	395	3042	16.7677	21.5421	1805	17.1421	8	533	18	70	37	4	1.19343e+06	5.34931e-05	0.2292	
11478	387	3047	15.2222	20.8403	1782	15.083	7	534	19	56	5	3	1.24382e+06	4.67202e-05	0.3888	
10648	325	3046	17.0258	22.6682	1747	18.4694	7	533	16	55	16	4	1.21982e+06	5.46179e-05	0.1871	
11411	400	2993	18.9692	20.9831	1899	17.0128	6	534	20	58	7	5	1.10346e+06	4.88663e-05	0.3594	
10952	400	3050	18.9216	20	1817	17.3426	9	527	16	56	15	5	1.12653e+06	5.06894e-05	0.3188	
11205	400	3039	23.5734	26.9031	1752	18.3009	8	535	14	59	30	4	1.00508e+06	5.87993e-05	0.2507	
11230	396	3038	22.8145	25.3413	1852	16.6552	10	535	13	69	27	4	1.01575e+06	5.5991e-05	0.2826	
10964	353	3046	18.4132	20.5352	1743	15.0459	8	535	15	59	19	3	1.14723e+06	5.10282e-05	0.3015	
10396	398	3026	15.7929	21.7393	1709	15.0972	7	533	17	60	18	4	1.26596e+06	5.55278e-05	0.1417	
11500	398	2999	24.6374	24.1075	1732	14.8665	10	533	15	73	11	3	991956	5.47046e-05	0.3409	
11174	339	3048	17.3589	20	1839	14.8001	6	534	19	60	5	3	1.19264e+06	4.81487e-05	0.3445	
11204	388	2990	21.2467	22.7989	1768	15.4405	10	532	20	55	17	4	1.04854e+06	5.33021e-05	0.3081	
10846	385	2966	19.5914	27.3753	1871	16.7621	10	534	20	59	15	3	1.07284e+06	5.94071e-05	0.1807	
11500	354	3049	15.7016	20	1766	15.5654	7	535	7	57	5	3	1.24298e+06	4.61063e-05	0.4262	
11478	387	3036	15.2222	20.1018	1782	14	7	534	19	57	5	3	1.25053e+06	4.61595e-05	0.4094	
11156	400	3050	18.4976	20	1810	15.5405	9	535	15	61	18	4	1.12433e+06	4.92465e-05	0.3352	
10873	389	3033	25	29.2444	1828	18.7466	7	533	10	59	51	4	1.01558e+06	6.52869e-05	0.176	
11235	400	3004	18.4415	20.7294	1854	14	6	535	15	60	3	4	1.12471e+06	4.90894e-05	0.347	
10750	356	3026	15.715	22.1396	1708	15.0972	5	535	16	60	23	3	1.26076e+06	5.32793e-05	0.1959	
11500	400	3029	24.0736	26.7494	1798	14.8865	10	534	13	74	20	3	983518	5.66444e-05	0.3303	
11474	400	3039	16.1644	20.2418	1764	15.7531	10	535	20	55	18	4	1.19057e+06	4.70943e-05	0.3816	
11353	361	3018	18.7833	20.1551	1867	16.9514	6	535	17	64	4	4	1.13291e+06	4.82021e-05	0.3695	
11125	390	3050	18.1784	26.6405	1845	16.1822	6	535	17	59	2	3	1.09947e+06	5.50358e-05	0.2282	
11399	400	3026	22.0505	26.5291	1849	18.0579	10	534	17	69	13	4	1.00897e+06	5.57289e-05	0.3054	
10616	400	3034	18.0422	21.8651	1721	17.158	8	535	16	57	16	4	1.15279e+06	5.46448e-05	0.206	
10921	388	3050	15.7356	22.1658	1737	18.6217	6	535	10	69	26	4	1.2348e+06	5.23451e-05	0.2357	
10810	391	3027	22.4727	26.0943	1754	19	9	534	5	58	56	3	1.04435e+06	6.14364e-05	0.1743	
10808	369	3034	18.5088	20.8806	1829	15.7745	6	534	19	55	29	4	1.15163e+06	5.27704e-05	0.2462	
10518	370	3044	15.6192	22.0844	1771	16.414	6	531	16	55	18	5	1.27776e+06	5.43301e-05	0.164	
10426	394	2986	17.1564	23.8672	1843	18.0972	6	534	8	57	14	3	1.18704e+06	5.76369e-05	0.1448	
10137	336	3047	19.7546	21.5111	1712	17.8048	6	535	10	55	11	4	1.17353e+06	5.90075e-05	0.1205	
10396	400	3034	18.0448	21.8651	1708	16.9922	8	535	16	57	24	4	1.17195e+06	5.69541e-05	0.1503	
11230	396	3038	22.8145	25.3413	1837	16.9844	10	534	13	69	9	4	1.01498e+06	5.56235e-05	0.2941	
10970	384	3046	16.5828	21.6865	1709	17.1533	9	534	16	70	34	4	1.19124e+06	5.23368e-05	0.2491	
10494	349	3042	18.213	24.7663	1787	16.8056	6	535	18	56	33	5	1.17148e+06	5.90493e-05	0.1245	
10846	389	3046	16.3715	21.6865	1817	15.872	10	533	18	65	34	4	1.20525e+06	5.27315e-05	0.2329	
10904	400	3042	22.7253	26.7036	1822	17.5272	10	534	11	58	24	4	1.02597e+06	5.96161e-05	0.2131	
10377	336	3032	18.2673	25.8327	1724	18.4694	5	534	10	56	11	4	1.17581e+06	6.03427e-05	0.1064	
10511	323	3030	16.1884	22.4853	1725	15.0972	5	534	15	57	20	3	1.26884e+06	5.52639e-05	0.1512	
11500	396	3028	17.3589	20.0891	1839	15.3191	6	531	16	59	3	3	1.15299e+06	4.66853e-05	0.419	
11399	394	3005	20.2061	26.1726	1798	18.0033	8	535	20	71	75	3	1.0466e+06	5.68796e-05	0.2423	
10723	400	3012	20.2061	23.3537	1774	18.2026	10	534	16	58	17	4	1.08242e+06	5.65036e-05	0.2069	
10647	400	3034	18.0448	21.8651	1708	16.9922	8	535	16	57	21	4	1.15151e+06	5.46717e-05	0.2081	
10580	387	3038	18.6164	26.9432	1822	18.5451	7	535	16	55	6	4	1.12044e+06	5.96054e-05	0.1272	
11363	400	3050	19.5305	20.775	1820	18.5804	7	535	16	66	15	4	1.0901e+06	4.92368e-05	0.3613	
10970	372	3050	15.4075	20.8791	1817	17.8864	9	534	17	62	34	4	1.26254e+06	5.09502e-05	0.2556	
10881	362	3028	15.422	20	1778	18.5727	6	535	16	58	34	3	1.28147e+06	5.11091e-05	0.253	
10764	392	2993	21.7228	27.5466	1820	15.8506	6	535	20	55	19	3	1.04925e+06	6.1237e-05	0.1681	
10538	365	3032	16.5724	23.0627	1744	17.5773	7	534	16	58	25	4	1.22331e+06	5.62208e-05	0.1479	
10758	400	3043	18.6164	26.6445	1831	18.5611	8	535	11	56	13	4	1.10473e+06	5.81362e-05	0.1659	
10587	400	3039	19.5278	27.7979	1752	17.278	8	535	15	59	8	4	1.0925e+06	6.11098e-05	0.1305	
10865	399	3034	16.1941	22.2212	1744	17.5773	7	535	18	64	32	5	1.21209e+06	5.32879e-05	0.2072	
10593	330	3042	17.2314	22.6692	1808	16.3847	7	535	17	59	14	5	1.21299e+06	5.47945e-05	0.1867	
10566	387	3035	15.4547	21.2817	1746	17.1993	7	534	18	56	28	4	1.28148e+06	5.40482e-05	0.1714	
11500	391	3003	24.8523	24.4314	1788	18.9191	10	531	19	57	43	3	993090	5.59691e-05	0.3304	
11493	400	3041	20.9509	21.0663	1764	15.5421	6	534	16	66	2	3	1.05986e+06	4.91932e-05	0.3928	
10614	361	3026	17.9216	22.2587	1728	18.1083	5	535	16	58	33	4	1.1801e+06	5.59785e-05	0.1689	
10518	370	3044	15.6192	22.1528	1771	16.414	6	531	16	55	18	5	1.27741e+06	5.43922e-05	0.163	
10994	380	3047	19.8653	21.4224	1784	17.319	10	535	17	58	19	4	1.09372e+06	5.23505e-05	0.2759	
11500	327	3050	18.3959	20.1865	1882	14.8946	6	534	19	59	3	4	1.16642e+06	4.68735e-05	0.3885	
10893	393	3035	23.1064	29.9322	1731	15.3862	7	535	20	59	22	3	1.02062e+06	6.37308e-05	0.1729	
10369	398	2986	20.406	27.3201	1718	16.0544	7	532	20	56	20	4	1.09759e+06	6.40205e-05	0.1059	
11203	400	3006	22.0505	28.6734	1852	15.617	8	535	13	55	16	3	1.0102e+06	5.94636e-05	0.2449	
10900	360	3040	18.6164	26.9432	1831	17.8844	7	535	16	55	4	4	1.11084e+06	5.72246e-05	0.1859	
10520	391	3027	22.4727	25.1113	1749	19	9	532	5	55	56	3	1.0681e+06	6.31672e-05	0.1364	
11500	400	3038	19.4582	20	1889	17.0128	6	534	18	56	8	4	1.10066e+06	4.74789e-05	0.3968	
11072	400	3042	19.4791	24.9632	1708	16.7194	10	532	19	56	37	3	1.07412e+06	5.58191e-05	0.2264	
11140	400	3042	20.9063	26.7036	1826	17.65	10	535	11	59	22	4	1.03628e+06	5.6993e-05	0.252	
10787	399	3019	16.1941	22.9758	1722	17.3763	6	535	18	64	32	5	1.21549e+06	5.46956e-05	0.1853	
10723	353	3027	15.6946	21.0474	1708	16.67	8	534	20	56	24	4	1.26931e+06	5.27065e-05	0.2038	
11105	349	3050	16.2035	22.5908	1738	14	6	534	17	56	8	3	1.21418e+06	5.06022e-05	0.2869	
11500	392	3001	20.8372	27.5987	1846	15.3967	8	535	18	61	23	3	1.02051e+06	5.61924e-05	0.2754	
10864	356	3050	18.7464	22.742	1804	16.1575	8	533	20	55	36	3	1.13151e+06	5.43656e-05	0.2213	
11078	366	3045	18.1962	20	1837	18.6598	7	534	16	69	22	4	1.15579e+06	5.002e-05	0.3193	
11169	387	2966	23.0294	29.7508	1725	17.6469	8	535	19	64	26	3	1.00469e+06	6.26017e-05	0.2033	
10865	399	3050	16.1941	22.2212	1745	17.5773	7	535	15	64	32	5	1.21263e+06	5.31096e-05	0.2112	
10628	400	3020	18.6164	26.9211	1831	17.9258	8	534	14	55	7	3	1.10954e+06	5.93331e-05	0.1451	
11016	391	3034	20.1613	20.2796	1795	18.5503	7	535	13	57	29	4	1.10211e+06	5.19184e-05	0.293	
10723	357	3040	15.6946	20.6522	1708	15.8511	7	534	20	56	24	4	1.27185e+06	5.21703e-05	0.2168	
10462	400	3042	20.6477	21.9631	1779	18.979	7	534	20	59	22	4	1.10631e+06	5.76469e-05	0.1609	
11294	400	3021	25	27.2934	1756	14.9701	10	533	12	74	9	3	984606	5.90423e-05	0.3183	
11105	349	3042	17.4358	24.7788	1749	14.8676	6	534	15	58	14	3	1.15215e+06	5.34845e-05	0.2407	
11449	386	3028	23.2714	24.2205	1845	15.6598	10	528	17	73	19	3	1.01067e+06	5.38213e-05	0.345	
11179	400	2999	23.9514	24.4849	1738	15.282	10	533	18	73	16	3	1.00619e+06	5.65835e-05	0.2878	
10378	400	3023	22.6017	25.2681	1742	19	9	534	17	59	40	4	1.07418e+06	6.41355e-05	0.127	
10398	382	3003	18.4352	21.1746	1753	15.3528	6	535	20	56	24	5	1.17315e+06	5.65675e-05	0.1646	
11169	337	3050	15	21.3991	1788	15.8024	6	535	18	70	38	6	1.30386e+06	5.01681e-05	0.2765	
10723	400	3012	21.0309	22.3142	1775	18.4311	8	532	16	58	23	4	1.07928e+06	5.62114e-05	0.2189	
11230	400	3040	20.922	23.8634	1838	16.6552	10	535	13	67	25	4	1.04376e+06	5.35733e-05	0.2976	
11012	376	3050	16.3715	21.6865	1794	15.872	10	535	18	65	32	5	1.20199e+06	5.14827e-05	0.2619	
11424	301	3050	18.4371	20.1865	1899	17.0128	7	535	18	56	2	4	1.18468e+06	4.73171e-05	0.3755	
11268	400	3016	24.7352	26.0248	1853	16.5313	8	535	20	74	32	3	994784	5.79106e-05	0.2808	
10924	400	3044	21.0666	22.8846	1768	17.5617	8	532	17	61	54	3	1.06801e+06	5.62936e-05	0.2282	
11107	377	3050	18.4021	20.775	1843	18.1512	8	535	16	60	16	5	1.13576e+06	5.01655e-05	0.308	
10482	396	3030	16.1884	21.9734	1725	15.2487	5	532	17	57	22	3	1.24024e+06	5.51602e-05	0.1545	
10587	382	3034	21.9465	27.7979	1752	17.6067	8	535	16	59	23	4	1.06228e+06	6.31233e-05	0.1421	
10166	344	3050	18.8396	24.5417	1731	18.4081	7	534	5	55	17	5	1.1797e+06	6.1361e-05	0.0986	
11169	391	3039	20.2153	21.3413	1845	17.4539	7	535	16	61	27	4	1.0857e+06	5.14403e-05	0.3066	
10893	393	2996	23.1064	29.9322	1731	17.8122	8	535	20	60	32	3	1.01906e+06	6.46831e-05	0.159	
10970	389	3050	16.6793	21.6865	1700	17.1533	9	534	16	70	34	5	1.18732e+06	5.2378e-05	0.2489	
11500	398	3002	22.0344	26.0672	1793	14.7071	10	532	17	74	16	3	1.00522e+06	5.50449e-05	0.3262	
10256	396	3046	18.9674	25.3263	1762	18.4081	8	535	8	56	6	5	1.1422e+06	6.07903e-05	0.1115	
10225	363	3045	16.8155	23.2184	1753	15.1853	7	534	15	55	8	4	1.23392e+06	5.78302e-05	0.1086	
10904	400	3012	22.26	26.0138	1868	18.4876	7	533	20	63	26	3	1.03627e+06	5.89275e-05	0.212	
10098	375	3040	17.2553	24.4252	1741	16.6619	7	529	19	55	8	5	1.21969e+06	6.07017e-05	0.0958	
11491	397	3033	19.2562	20.775	1864	15.9107	9	535	15	60	7	4	1.09129e+06	4.81e-05	0.3786	
11085	394	3012	19.2721	21.2262	1806	18.4276	9	532	17	59	17	4	1.10006e+06	5.15783e-05	0.3053	
11180	326	3040	15.4966	22.0874	1812	14.6793	8	535	17	62	3	4	1.26409e+06	4.93462e-05	0.3126	
11105	349	3042	16.8296	24.7788	1719	14	6	534	17	56	8	3	1.17461e+06	5.31096e-05	0.2385	
10984	382	3008	16.7381	22.7396	1813	15.5101	8	532	20	55	37	3	1.17878e+06	5.30786e-05	0.237	
10899	393	3013	22.5827	30	1731	16.0677	7	535	19	61	22	3	1.02402e+06	6.37227e-05	0.1659	
11162	388	2992	19.8087	20.775	1831	18.4443	7	535	16	55	16	4	1.09738e+06	5.10126e-05	0.3156	
10846	389	3046	16.3715	21.6865	1819	15.872	10	535	18	60	34	4	1.206e+06	5.2687e-05	0.2199	
10715	326	3027	15.7731	21.6609	1724	15.912	7	533	18	61	25	5	1.28113e+06	5.33106e-05	0.1955	
10677	399	2992	20.9621	29.057	1815	17.0359	6	535	12	57	25	3	1.05852e+06	6.35122e-05	0.1381	
11230	400	2986	25	29.8201	1712	17.7702	9	532	16	59	26	3	984160	6.33593e-05	0.233	
11500	391	3018	23.791	22.0925	1803	14.1119	10	535	15	72	33	3	1.01482e+06	5.23122e-05	0.3886	
11230	396	3038	22.8145	25.8062	1855	16.6552	10	534	14	69	23	4	1.01384e+06	5.63412e-05	0.2803	
10801	400	3016	22.4957	29.782	1787	15.5932	10	535	17	55	23	3	1.02578e+06	6.40164e-05	0.1564	
10521	400	3042	20.2061	23.3803	1798	18.2026	10	532	16	58	16	3	1.09458e+06	5.76701e-05	0.1746	
10862	341	3050	17.7002	20.0078	1837	18.6672	7	534	16	67	20	4	1.19316e+06	5.11509e-05	0.2833	
10774	399	3036	16.1941	21.8817	1733	17.5773	7	534	18	64	32	5	1.22034e+06	5.36855e-05	0.1975	
11329	400	3050	19.5305	20.775	1843	18.5804	7	535	16	66	15	4	1.09129e+06	4.93754e-05	0.35	
11500	398	3038	20.2956	20.5349	1783	15.4704	6	534	14	60	9	3	1.07636e+06	4.84896e-05	0.3989	
11180	326	3040	15.4966	22.0874	1736	14.6793	8	535	17	62	3	4	1.26314e+06	4.95516e-05	0.2965	
11067	367	3042	19.1596	24.3501	1765	14.909	9	535	17	58	9	3	1.09458e+06	5.37924e-05	0.2656	
10843	371	3021	18.6164	22.4539	1831	18.5611	8	535	18	57	13	4	1.12994e+06	5.36078e-05	0.2383	
11500	400	3031	21.4964	20.3568	1889	16.8955	6	535	20	55	6	3	1.05929e+06	4.87472e-05	0.4118	
10950	392	2994	21.7228	27.5466	1792	15.8506	6	535	20	55	19	3	1.03763e+06	5.99772e-05	0.2044	
11293	400	3044	22.2649	28.7556	1871	16.6552	9	535	13	59	16	3	1.00409e+06	5.87199e-05	0.2591	
11209	400	3009	22.449	29.1561	1763	15.6644	6	535	14	60	19	3	1.00906e+06	6.04924e-05	0.2277	
10580	392	3040	18.7331	26.9432	1831	18.5611	7	535	16	55	18	4	1.1184e+06	6.01287e-05	0.1255	
10950	385	2966	19.9399	27.3753	1872	16.7621	9	534	20	56	15	3	1.06042e+06	5.8872e-05	0.1994	
11301	400	3031	22.8144	25.1376	1845	16.3283	8	534	18	69	3	3	1.01125e+06	5.48878e-05	0.3006	
10915	382	3034	21.3282	27.7979	1752	17.9342	9	533	16	59	23	4	1.04697e+06	6.02954e-05	0.1907	
10723	400	3012	21.0309	22.3142	1801	18.4311	8	532	16	58	24	5	1.08196e+06	5.6205e-05	0.2209	
11500	400	3029	22.2605	20	1776	14.5335	7	535	14	59	9	3	1.05067e+06	4.90942e-05	0.4349	
10333	308	3046	15.4753	21.3311	1808	18.1973	6	535	17	55	11	5	1.33881e+06	5.48576e-05	0.1351	
11230	396	3016	22.8145	25.3413	1865	16.6552	10	534	13	68	25	4	1.01519e+06	5.61199e-05	0.2861	
11293	393	3018	23.8718	26.0862	1747	14.603	8	535	20	63	60	4	1.00529e+06	5.84385e-05	0.2562	
10970	389	3050	16.4934	21.6865	1700	18.1612	9	534	16	70	28	5	1.19398e+06	5.21431e-05	0.2488	
10736	400	3019	22.4957	29.7946	1787	15.5932	10	535	17	55	23	4	1.03214e+06	6.45078e-05	0.1449	
11176	400	3005	24.6342	29.8201	1708	17.7702	10	532	16	65	26	4	990926	6.32391e-05	0.2267	
10994	380	3044	19.8653	22.1613	1782	17.319	8	535	17	57	19	5	1.09318e+06	5.29661e-05	0.2678	
11183	377	3043	15	21.2208	1715	15.3414	8	535	9	68	20	3	1.26875e+06	4.92344e-05	0.3078	
10842	390	3033	20.8182	25.2329	1850	18.8499	10	534	18	59	28	4	1.06342e+06	5.78369e-05	0.2011	
10441	392	3039	21.8996	25.8915	1756	19	8	532	5	57	48	3	1.07879e+06	6.36335e-05	0.126	
11056	356	3026	15.715	22.1396	1708	15.0972	5	535	16	60	23	3	1.24273e+06	5.1219e-05	0.2628	
10758	400	3043	18.6164	20.097	1832	18.5611	8	535	11	57	13	4	1.14133e+06	5.1994e-05	0.2668	
11204	388	2990	20.9777	27.0901	1757	16.2639	10	533	20	57	43	4	1.03651e+06	5.84078e-05	0.2233	
10964	400	3029	15	21.4408	1795	17.7882	9	534	16	74	13	3	1.26557e+06	5.07563e-05	0.2717	
10819	393	3049	24.1042	25.1196	1708	18.0413	10	533	17	60	37	3	1.02645e+06	6.04485e-05	0.2104	
11073	388	3050	18.4021	20.775	1818	18.7687	8	534	16	62	2	5	1.13173e+06	5.00751e-05	0.3158	
11301	400	3021	21.5423	23.4554	1845	17.5003	8	534	17	67	6	3	1.03524e+06	5.2776e-05	0.3149	
10225	343	3044	18.153	23.7767	1765	17.5817	6	533	20	57	8	5	1.19654e+06	5.92171e-05	0.1133	
10418	308	3032	15.09	20.1018	1777	18.1973	7	535	17	55	11	4	1.36165e+06	5.32566e-05	0.1799	
11462	400	3038	20.3118	20.8574	1838	18.2669	8	535	17	57	8	4	1.07275e+06	4.90172e-05	0.3671	
10793	342	3046	15	21.0738	1765	17.7051	5	535	20	64	24	4	1.31884e+06	5.18565e-05	0.2096	
10552	392	3027	20.5889	23.2396	1749	18.6974	9	534	7	59	37	4	1.09666e+06	5.88651e-05	0.1696	
10424	392	2990	17.5752	22.5762	1828	16.9936	7	535	13	57	2	3	1.17617e+06	5.60036e-05	0.1741	
10877	388	3050	19.6281	22.8449	1829	15.7461	8	533	19	55	56	4	1.10312e+06	5.56948e-05	0.2026	
11399	400	3026	20.7613	21.1508	1811	14.8533	10	535	11	73	19	3	1.05565e+06	5.00551e-05	0.3636	
11105	349	3042	16.8296	24.7788	1795	14	6	534	17	56	8	3	1.17454e+06	5.28821e-05	0.2423	
11019	400	3029	15.2572	22.8643	1700	15.0293	6	534	17	68	6	4	1.24649e+06	5.14271e-05	0.2474	
10715	368	3042	15.8125	22.0043	1718	16.3847	7	534	17	59	9	5	1.25015e+06	5.27537e-05	0.2123	
10553	373	3038	15.7123	20	1802	18.5727	6	535	16	58	31	3	1.28135e+06	5.33276e-05	0.1861	
10351	392	3038	18.9441	26.9432	1850	18.6254	7	535	16	55	4	4	1.12847e+06	6.1459e-05	0.1033