11482	400	3021	25	28.3441	1756	14.9701	10	533	12	74	23	3	973907	5.93331e-05	0.2978	
10210	400	2985	19.8992	28.1567	1734	18.7124	6	530	15	55	9	4	1.11583e+06	6.57462e-05	0.0869	
10333	308	3030	15	20.1018	1767	18.1973	7	535	17	55	13	4	1.3765e+06	5.40424e-05	0.1531	
11500	336	3050	15.1967	20	1859	15.428	7	535	18	57	3	3	1.28311e+06	4.5685e-05	0.419	
11500	400	3050	17.3589	20	1827	17.2242	9	526	12	63	2	3	1.14815e+06	4.66396e-05	0.4538	
10323	400	3043	25	29.2773	1764	18.4503	8	533	10	55	50	4	1.05625e+06	7.08968e-05	0.1055	
10323	400	3043	23.7956	29.2773	1780	18.4503	8	533	10	55	50	4	1.06437e+06	6.98763e-05	0.1011	
10333	335	3034	15	20.1018	1775	18.7476	6	535	20	55	13	4	1.35938e+06	5.40511e-05	0.1504	
10566	400	3050	25	29.8201	1700	17.6992	10	535	16	60	51	3	1.03342e+06	6.90179e-05	0.1285	
10347	338	3038	15	20.6324	1767	17.0447	7	535	18	55	13	4	1.351e+06	5.41712e-05	0.1415	
10330	391	2998	23.2004	29.2958	1782	18.1262	6	530	17	55	23	3	1.06275e+06	6.83574e-05	0.1067	
10582	400	3047	25	29.8201	1700	17.6992	10	535	16	60	51	3	1.03206e+06	6.88942e-05	0.1293	
10414	318	3030	15	20.5499	1761	18.442	7	534	17	55	13	4	1.35911e+06	5.37895e-05	0.159	
10440	400	3044	25	29.3563	1790	18.4503	8	533	10	55	50	4	1.04489e+06	6.95749e-05	0.1116	
10369	397	3023	22.6047	28.5717	1731	18.7868	7	533	18	55	33	3	1.06807e+06	6.72405e-05	0.0961	
11500	398	3044	21.3303	20	1844	14.0164	6	532	14	62	7	3	1.06836e+06	4.82789e-05	0.4502	
10636	400	3039	24.6342	29.8201	1708	17.7702	10	533	16	60	38	3	1.02611e+06	6.74718e-05	0.1441	
10505	400	3045	25	29.2773	1764	18.4503	8	534	13	55	29	4	1.03529e+06	6.78887e-05	0.1237	
10566	400	3050	25	29.5065	1870	17.6992	7	535	15	59	51	3	1.03411e+06	6.80828e-05	0.1353	
10440	400	3044	25	29.2773	1764	18.4503	8	533	10	55	50	4	1.04535e+06	6.95749e-05	0.1102	
10264	391	3033	22.7576	28.3758	1777	17.8504	6	534	17	55	18	3	1.07481e+06	6.70196e-05	0.1023	
10587	400	2995	23.3032	28.1905	1752	17.278	10	535	13	55	44	4	1.04226e+06	6.59152e-05	0.1249	
10234	395	2990	20.9186	27.6932	1707	18.5581	5	531	15	55	21	4	1.10485e+06	6.62252e-05	0.0894	
10418	362	3040	15.09	20.1018	1777	18.1973	7	535	15	55	19	4	1.33222e+06	5.35963e-05	0.1637	
11500	336	3050	15.1967	20.1018	1781	14	7	535	12	57	5	3	1.28279e+06	4.59137e-05	0.4194	
11500	400	3046	16.7891	20	1766	15.2761	8	535	8	58	2	3	1.1644e+06	4.63951e-05	0.445	
10371	363	3044	17.3382	23.7767	1839	16.1865	8	533	18	55	18	4	1.19778e+06	5.76967e-05	0.1259	
10398	399	3029	22.1376	29.8201	1729	18.7927	6	533	13	59	26	3	1.06748e+06	6.75904e-05	0.1074	
11500	400	3031	19.4582	20.0493	1900	17.1709	10	534	19	60	7	3	1.08849e+06	4.75511e-05	0.3945	
11500	382	3038	15.2356	20	1872	15.122	9	535	9	65	2	3	1.25057e+06	4.57603e-05	0.4328	
11500	354	3044	15.7016	20	1804	15.5654	7	534	17	57	5	3	1.24143e+06	4.60702e-05	0.4206	
11500	392	3042	16.4959	20	1772	15.0997	9	535	17	61	6	3	1.17815e+06	4.64554e-05	0.4189	
10505	400	3045	25	29.2773	1764	18.4503	8	534	14	55	36	4	1.03673e+06	6.82268e-05	0.1177	
10396	321	3032	18.8144	20.9378	1770	14.544	5	535	18	55	20	4	1.1948e+06	5.59034e-05	0.1655	
10272	364	3019	15	20.9532	1770	17.7551	6	533	18	55	13	4	1.34399e+06	5.52669e-05	0.1276	
11410	313	3040	18.9056	20.9831	1899	18.16	6	535	20	59	5	4	1.15478e+06	4.84614e-05	0.3557	
11500	368	3026	16.4155	20	1899	16.7104	7	534	20	59	5	4	1.20212e+06	4.63006e-05	0.404	
10256	348	3014	18.7678	26.0579	1776	18.5958	8	534	18	55	3	5	1.16053e+06	6.1736e-05	0.0916	
10234	398	2987	20.9186	28.9731	1720	18.5581	6	531	13	55	21	4	1.09827e+06	6.77094e-05	0.0904	
11500	354	3044	15.7016	20	1804	15.5654	7	534	12	57	5	3	1.2424e+06	4.60617e-05	0.4275	
11169	314	3050	15	21.6771	1764	15.2472	6	535	18	70	28	6	1.31776e+06	4.9975e-05	0.2798	
11500	400	3026	22.0505	21.4829	1857	16.6552	9	535	12	73	21	3	1.03632e+06	5.04185e-05	0.3976	
10482	396	3030	16.1884	21.9734	1725	15.2487	5	532	17	57	22	3	1.24024e+06	5.51602e-05	0.1545	
11500	382	3038	15.2356	20	1872	15.122	6	535	9	65	2	3	1.25667e+06	4.57415e-05	0.435	
10744	339	3045	15	20	1786	15.989	5	535	15	61	8	3	1.32708e+06	5.03043e-05	0.2695	
10451	320	3036	16.0051	22.7726	1781	18.393	7	535	17	59	2	5	1.28034e+06	5.52181e-05	0.1423	
10234	400	3030	19.8967	25.9112	1794	18.42	8	535	20	55	8	5	1.12075e+06	6.2461e-05	0.0988	
11500	398	3047	23.726	20	1831	14.8631	7	532	12	61	11	3	1.04069e+06	4.97934e-05	0.4168	
11430	382	3025	18.2465	20	1899	18.1747	9	534	20	58	14	4	1.13022e+06	4.77054e-05	0.3721	
11264	400	3025	18.2465	20	1899	15.3546	9	532	20	61	14	4	1.13004e+06	4.83957e-05	0.3661	
11283	377	3024	18.2465	20	1899	18.1747	9	534	20	58	14	4	1.13727e+06	4.84778e-05	0.3521	
11500	395	3021	25	26.7494	1756	14.9879	10	534	12	74	16	3	979900	5.73921e-05	0.3542	
10333	369	3018	15	21.221	1800	18.96	6	535	13	58	13	4	1.335e+06	5.51207e-05	0.1351	
10246	368	3035	15	20.4689	1726	17.7672	6	535	14	57	14	4	1.34892e+06	5.51755e-05	0.1269	
11174	339	3048	17.3589	20.5283	1839	14.8001	6	534	20	60	4	5	1.19368e+06	4.85791e-05	0.3342	
11500	400	3046	16.7891	20	1766	15.2761	9	534	8	58	2	3	1.16398e+06	4.64059e-05	0.4482	
10398	381	3050	15	21.2558	1774	15.1301	6	531	20	56	14	4	1.32525e+06	5.40482e-05	0.1517	
11500	394	3018	23.8034	21.5402	1803	14.1119	10	535	15	57	33	3	1.01814e+06	5.18592e-05	0.3866	
10398	382	3003	16.0889	21.1746	1708	15.3528	5	535	20	56	24	5	1.26767e+06	5.56483e-05	0.1337	
11500	400	3044	22.3289	20.0692	1834	15.3191	9	535	10	62	7	3	1.04624e+06	4.89404e-05	0.4266	
10418	362	3040	15.09	20.2851	1777	18.1973	7	535	15	55	19	4	1.33102e+06	5.37432e-05	0.1592	
11410	390	3039	18.235	20.1865	1882	14.7726	6	535	20	59	25	4	1.13486e+06	4.79294e-05	0.3628	
10682	400	3029	23.8214	24.3441	1795	17.3862	6	535	15	55	37	3	1.0434e+06	6.05364e-05	0.1832	
11454	399	3013	23.6939	21.4618	1793	16.0146	10	524	12	75	14	3	1.01944e+06	5.18162e-05	0.4427	
10804	371	3042	15	20.5812	1759	14.3266	7	534	17	57	26	3	1.30004e+06	5.11483e-05	0.236	
11061	376	3043	15	20.1018	1863	15.0312	6	535	19	61	2	4	1.29269e+06	4.79777e-05	0.3369	
11495	400	3045	17.9399	20	1835	15.3655	7	535	12	61	7	4	1.1336e+06	4.68384e-05	0.4086	
11160	400	3050	15.8405	20.1018	1836	16.0861	5	535	19	64	5	4	1.23114e+06	4.78652e-05	0.3514	
10196	315	3044	15.6192	22.0669	1770	17.9959	7	535	19	56	2	5	1.32974e+06	5.65004e-05	0.1057	
11500	400	3026	22.0505	21.3653	1859	16.6552	10	535	12	73	21	3	1.03561e+06	5.03246e-05	0.3998	
10333	308	3046	15.4753	21.3311	1808	18.1973	6	535	17	55	11	5	1.33881e+06	5.48576e-05	0.1351	
10378	400	3019	22.6017	26.5244	1750	18.8741	9	535	13	57	56	3	1.07454e+06	6.63086e-05	0.1075	
11494	387	3036	15	20.1018	1782	14	7	534	19	57	5	3	1.26367e+06	4.59982e-05	0.4111	
11350	336	3035	15.7237	20.0292	1841	14.2892	8	535	8	55	5	3	1.25587e+06	4.6705e-05	0.401	
11199	389	3050	15.4075	21.2692	1817	14	9	534	16	70	34	3	1.23616e+06	4.95884e-05	0.3119	
11500	368	3042	16.4959	20	1822	14.9579	8	534	8	65	2	3	1.19422e+06	4.62235e-05	0.44	
11500	400	3035	22.2483	20.4248	1898	17.1709	10	534	19	58	2	3	1.04212e+06	4.91039e-05	0.4052	
11114	393	3041	23.67	30	1789	18.9362	10	535	13	56	19	5	1.0025e+06	6.27313e-05	0.2069	
11289	364	3050	18.5111	20	1823	16.1021	7	535	18	67	6	3	1.13649e+06	4.81487e-05	0.3601	
10765	377	3040	22.1458	30	1780	18.0904	7	535	19	60	20	4	1.04375e+06	6.41231e-05	0.139	
10497	399	3040	15	20.1018	1816	18.2886	7	533	14	56	20	5	1.31977e+06	5.29045e-05	0.1949	
11500	381	3049	16.7891	20	1782	15.2761	9	535	7	63	2	3	1.17246e+06	4.63757e-05	0.4461	
10549	382	3006	16.1907	21.1746	1708	15.3528	5	535	20	56	24	4	1.24792e+06	5.43596e-05	0.1681	
10225	365	3044	15	21.4773	1747	18.5817	6	530	17	61	4	5	1.34565e+06	5.56855e-05	0.1256	
10624	392	3047	23.1064	29.6812	1725	18.7437	7	530	20	56	31	3	1.04165e+06	6.61113e-05	0.1283	
10234	398	2987	20.9186	28.9731	1718	18.5581	6	531	14	55	21	4	1.0984e+06	6.77323e-05	0.0903	
10624	392	3049	23.1064	29.3958	1725	18.7437	7	530	20	56	31	3	1.04227e+06	6.57505e-05	0.1307	
10396	400	3029	17.3022	22.922	1744	17.1692	8	535	16	59	12	4	1.1887e+06	5.69055e-05	0.1396	
10327	353	3032	20.406	27.1778	1743	17.0585	7	535	20	56	22	5	1.12001e+06	6.3955e-05	0.0946	
11500	398	3033	24.0736	20	1798	16.675	10	532	13	74	5	3	1.02811e+06	5.0226e-05	0.4297	
11215	389	3050	16.0235	20	1887	17.6469	5	533	17	61	5	4	1.22539e+06	4.74811e-05	0.3647	
11500	399	3042	18.8824	20	1772	14.7278	8	535	9	62	2	3	1.10258e+06	4.723e-05	0.4288	
11500	393	3010	22.6047	29.9322	1731	17.6602	6	535	20	59	33	3	995000	6.04193e-05	0.2426	
11364	400	3026	22.0505	21.9417	1849	18.008	10	535	17	69	13	4	1.03574e+06	5.15145e-05	0.3537	
11467	400	3022	23.6726	27.2114	1828	14	8	535	17	62	19	4	990237	5.70516e-05	0.2998	
11500	390	3038	15.2356	20	1883	15.122	6	535	9	68	2	4	1.25621e+06	4.57457e-05	0.439	
11273	399	2997	17.8573	25.8624	1843	16.6552	10	535	20	60	18	3	1.09576e+06	5.42329e-05	0.2448	
10575	371	3020	20.4516	28.4912	1765	18.7066	5	534	13	55	12	4	1.0874e+06	6.29168e-05	0.1183	
11472	393	3035	20.3973	21.4557	1871	17.9906	7	535	16	55	17	3	1.06619e+06	4.9613e-05	0.3591	
10256	318	3030	18.9674	26.0579	1776	18.5958	8	535	14	55	3	5	1.17231e+06	6.16371e-05	0.0961	
11199	389	3050	15.4075	22.4284	1817	14	9	534	16	70	34	3	1.22897e+06	5.05459e-05	0.2819	
11500	364	3040	17.9196	20.4401	1877	16.0523	6	535	14	60	2	4	1.14899e+06	4.70035e-05	0.3917	
10894	400	3042	23.2675	29.8201	1708	17.2026	7	533	16	60	37	3	1.01928e+06	6.42467e-05	0.1708	
10826	372	3048	15.1187	20.6962	1754	18.9393	10	534	17	61	17	5	1.28651e+06	5.12479e-05	0.2405	
11204	391	2997	21.2467	21.5523	1813	15.4405	10	534	20	55	17	4	1.05661e+06	5.19832e-05	0.3138	
11030	377	3036	16.1967	21.8219	1788	17.7	9	533	16	55	36	5	1.21243e+06	5.17732e-05	0.2588	
11500	400	3031	21.4964	20.3568	1889	16.8955	6	535	20	55	6	3	1.05929e+06	4.87472e-05	0.4118	
10612	346	3050	15	20.403	1750	15.1301	5	531	20	56	30	4	1.33698e+06	5.25707e-05	0.1964	
10827	357	3050	15	20.4825	1793	18.2463	7	535	19	59	21	5	1.31031e+06	5.08906e-05	0.2401	
11061	372	3043	15	20.1018	1863	15.0312	6	534	16	61	2	4	1.29593e+06	4.7957e-05	0.3442	
10577	392	3030	17.9992	21.0384	1793	19	7	535	16	55	30	4	1.17027e+06	5.49149e-05	0.1904	
10723	400	3012	19.8567	22.3142	1775	18.8597	8	530	16	58	15	4	1.09738e+06	5.52608e-05	0.2274	
10682	400	3008	19.4639	24.6425	1801	17.3862	6	532	17	55	37	3	1.10346e+06	5.83873e-05	0.1662	
11500	393	2996	23.1064	30	1849	18.8812	7	531	20	56	33	3	987249	6.06502e-05	0.2592	
10412	322	3020	20.3361	28.5985	1765	18.7066	5	534	20	55	12	4	1.12431e+06	6.43749e-05	0.0884	
11500	374	3050	15.3934	20	1772	15.008	8	535	6	57	7	4	1.24947e+06	4.60236e-05	0.4225	
11500	339	3044	15.69	20	1839	15.3191	7	535	10	65	2	3	1.2528e+06	4.59263e-05	0.4322	
11061	376	3048	15.1184	20.1018	1863	16.0936	7	535	18	64	2	4	1.28152e+06	4.80931e-05	0.3384	
11500	400	3041	24.4126	26.7494	1752	17.7217	10	526	16	77	12	3	981744	5.70093e-05	0.3616	
10609	400	3042	21.9922	29.7248	1709	17.0955	5	530	20	58	29	4	1.05535e+06	6.54407e-05	0.1231	
10946	392	2992	19.3235	27.5987	1749	15.3967	8	535	14	55	2	3	1.07251e+06	5.85172e-05	0.1881	
11500	357	3050	15	20.0037	1750	17.906	7	535	17	63	16	5	1.28506e+06	4.65614e-05	0.3929	
11500	400	3045	17.3589	20	1827	17.2242	9	532	12	63	2	3	1.14548e+06	4.66483e-05	0.434	
11500	364	3021	18.3959	20.6126	1899	16.6992	8	535	20	58	3	3	1.12819e+06	4.75059e-05	0.3759	
10842	386	3029	15.4547	21.6771	1873	17.351	7	535	18	56	28	4	1.25793e+06	5.20752e-05	0.2249	
10921	400	3050	15.7356	21.6771	1737	18.4178	6	535	10	68	26	4	1.23359e+06	5.19049e-05	0.2443	
10377	336	3047	18.2673	25.3082	1749	18.9383	6	534	10	56	11	4	1.17646e+06	5.96267e-05	0.1094	
11215	389	3036	16.0235	20	1887	17.6469	5	533	17	61	5	4	1.2251e+06	4.75964e-05	0.3647	
10969	377	3021	15.7929	21.8651	1708	15.0972	5	535	16	57	23	4	1.23833e+06	5.15677e-05	0.2493	
11500	377	3026	16.9223	20	1899	16.7104	7	534	16	59	5	4	1.1786e+06	4.64619e-05	0.402	
11500	400	3050	18.1213	20	1825	15.7665	7	534	12	61	2	3	1.12556e+06	4.67749e-05	0.4156	
10288	376	3044	15.309	22.8147	1735	16.1917	7	535	17	55	2	5	1.30537e+06	5.61356e-05	0.1132	
10744	339	3045	15	20	1786	15.0148	5	535	15	61	8	3	1.32816e+06	5.02513e-05	0.271	
10176	363	3036	16.9859	23.7767	1765	15.5684	7	534	17	55	9	5	1.23036e+06	5.90982e-05	0.0975	
11263	388	3040	21.1597	23.2631	1841	16.1282	8	535	17	73	19	3	1.04816e+06	5.27148e-05	0.3102	
10333	400	3035	15.219	20.1018	1731	19	7	533	18	56	19	4	1.31743e+06	5.46239e-05	0.1463	
10547	370	3050	15	21.2922	1778	15.1301	5	535	20	55	15	4	1.32009e+06	5.29605e-05	0.1659	
11484	399	3050	20.6276	21.2108	1843	14.7223	7	535	16	67	17	3	1.06337e+06	4.92102e-05	0.3696	
11329	399	3050	19.8497	20.775	1843	18.1512	7	535	16	67	16	3	1.08308e+06	4.95e-05	0.349	
11054	400	3047	19.2917	20	1836	14.7686	7	535	13	56	12	3	1.11071e+06	4.98554e-05	0.3373	
10272	364	3025	15	21.0963	1797	18.9072	7	533	17	55	12	4	1.34197e+06	5.53342e-05	0.1305	
10412	322	3026	20.3361	29.5388	1765	18.7066	5	534	13	55	12	4	1.12225e+06	6.53509e-05	0.0935	
11500	372	3042	18.3959	20.2833	1880	16.975	6	535	17	55	3	5	1.13531e+06	4.71498e-05	0.3854	
11160	400	3050	15.0394	20.1018	1851	16.0861	5	535	19	64	5	4	1.27634e+06	4.75919e-05	0.3566	
10804	371	3042	16.8903	21.7159	1765	14.3266	9	534	17	57	26	3	1.19016e+06	5.27371e-05	0.2342	
11301	400	3025	21.7986	23.2631	1895	18.204	8	534	12	63	19	3	1.03371e+06	5.28877e-05	0.3243	
11215	400	3050	16.0235	20	1887	17.6469	6	533	17	61	5	4	1.21871e+06	4.74901e-05	0.3651	
11500	368	3021	16.4155	20	1899	16.7104	7	534	16	59	2	4	1.20381e+06	4.62599e-05	0.4081	
11398	368	3050	16.4959	20.0716	1822	14.9579	8	534	8	65	2	3	1.25113e+06	4.61318e-05	0.4131	
11500	400	3041	18.1368	20	1836	14.9301	7	532	12	60	10	3	1.12641e+06	4.69506e-05	0.4146	
10950	400	2994	21.1547	27.3753	1792	16.7054	7	535	19	55	37	3	1.04419e+06	6.02119e-05	0.1808	
10288	363	3044	15.5395	23.2066	1784	15.7958	7	534	16	55	2	5	1.29354e+06	5.64048e-05	0.1127	
10462	400	3029	20.6477	26.1978	1793	18.5333	7	534	20	59	29	5	1.09348e+06	6.21195e-05	0.1198	
10559	400	3035	18.0448	21.8651	1708	17.006	8	535	16	57	24	4	1.15899e+06	5.55278e-05	0.1823	
10826	372	3048	15	20.4461	1742	18.1321	10	534	17	61	21	5	1.29736e+06	5.11247e-05	0.2409	
11500	400	3021	25	27.2934	1756	14.9701	10	534	12	77	16	3	976471	5.79878e-05	0.3448	
11289	362	3044	15	20	1807	15.9839	7	535	15	64	2	4	1.28712e+06	4.68889e-05	0.3842	
10518	370	3044	15.6192	22.1528	1771	16.414	6	531	16	55	18	5	1.27741e+06	5.43922e-05	0.163	
10575	394	3021	20.4516	29.0942	1765	18.7066	5	535	13	55	12	4	1.07884e+06	6.36213e-05	0.111	
10256	318	3030	18.8863	26.0579	1776	18.5958	8	535	14	55	3	5	1.17417e+06	6.15915e-05	0.0949	
10234	398	2990	20.9186	28.1567	1707	18.5581	6	528	13	55	21	4	1.10036e+06	6.67111e-05	0.0929	
10894	400	3042	24.6342	29.8201	1708	15.4472	10	533	16	61	37	3	1.0068e+06	6.49899e-05	0.185	
10333	400	3035	18.5986	20.1018	1789	19	7	531	18	55	19	4	1.17093e+06	5.58285e-05	0.1693	
11215	343	3023	18.2152	20	1829	18.2098	7	535	13	55	7	3	1.15998e+06	4.87662e-05	0.3477	
10631	392	2990	19.7253	22.7989	1774	15.4405	9	535	20	60	37	3	1.10567e+06	5.75109e-05	0.1763	
11003	317	3043	15.0388	22.3575	1764	15.5116	9	535	15	58	14	5	1.30641e+06	5.09554e-05	0.2464	
10705	357	3021	18.6164	22.4539	1831	18.5611	8	535	18	57	13	4	1.14372e+06	5.45881e-05	0.2094	
11500	400	3040	20.6306	20.0779	1836	14.3513	6	535	13	60	8	3	1.07593e+06	4.80307e-05	0.4218	
10652	399	3027	22.5742	25.2267	1781	15.965	8	535	16	58	13	4	1.04956e+06	5.97158e-05	0.1939	
11184	376	3042	15	20.1018	1820	15.0312	6	534	16	61	2	4	1.28734e+06	4.73911e-05	0.3688	
11169	337	3050	15	22.1459	1794	16.1696	8	534	18	65	26	5	1.29132e+06	5.01807e-05	0.2771	
10835	390	3041	15	21.638	1816	15.6891	6	535	15	63	21	5	1.28926e+06	5.16636e-05	0.2265	
11472	393	3035	20.5011	21.4557	1871	17.311	10	534	17	55	17	3	1.05786e+06	4.96475e-05	0.3584	
10774	399	3036	16.1941	21.8817	1733	17.5773	7	534	18	64	32	5	1.22034e+06	5.36855e-05	0.1975	
11169	337	3050	15	21.757	1788	15.6099	7	535	17	70	17	4	1.29181e+06	4.95295e-05	0.2938	
11487	389	3042	22.4605	29.8201	1712	17.037	10	533	16	63	36	3	995387	6.00132e-05	0.2495	
10707	378	3044	25	29.202	1764	18.4503	8	533	10	55	48	4	1.02888e+06	6.67512e-05	0.1433	
10969	377	3021	15.7929	21.8651	1708	15.4896	5	535	16	57	23	4	1.23787e+06	5.15969e-05	0.2485	
10378	400	3019	22.6017	26.267	1749	18.8741	9	535	13	57	56	3	1.07497e+06	6.60502e-05	0.1064	
11289	388	3050	18.5111	20	1789	16.1021	7	535	18	67	6	3	1.12531e+06	4.82346e-05	0.3705	
11500	368	3046	16.4959	20	1781	14.9579	8	534	8	57	2	3	1.19275e+06	4.62449e-05	0.441	
11162	388	2992	19.8087	20.5182	1831	18.4443	7	535	16	60	14	4	1.09922e+06	5.0746e-05	0.325	
11500	400	3027	21.397	20	1772	15.9655	8	535	6	69	12	3	1.05863e+06	4.88353e-05	0.436	
11500	400	3026	22.2483	20.4248	1873	17.1709	10	534	19	59	7	3	1.04103e+06	4.93437e-05	0.4103	
10926	391	3024	20.3374	26.8193	1718	18.0304	6	535	16	55	18	4	1.06596e+06	5.8682e-05	0.1913	
10425	387	3040	15.2222	21.3441	1782	14	7	534	20	57	2	3	1.29705e+06	5.34845e-05	0.1736	
11500	336	3050	15.1967	20.1018	1781	14	10	535	12	57	5	3	1.27696e+06	4.59284e-05	0.4151	
10557	377	3010	22.7226	26.5179	1740	19	9	535	20	59	32	4	1.05968e+06	6.34598e-05	0.1313	
10234	400	3030	18.9183	25.9112	1794	18.8519	8	535	20	55	7	3	1.13937e+06	6.18735e-05	0.0923	
11486	399	2997	18.2465	21.1353	1886	14	9	535	18	58	8	4	1.1098e+06	4.81788e-05	0.3738	
11500	400	3031	20.3975	20.1043	1889	17.3679	10	535	19	62	9	3	1.0695e+06	4.81255e-05	0.4001	
11107	377	3050	18.4021	20.775	1843	18.1512	8	535	16	60	16	5	1.13576e+06	5.01655e-05	0.308	
10396	400	3050	15	21.7393	1775	15.5371	4	535	16	59	13	4	1.32197e+06	5.45613e-05	0.1378	
11231	400	3047	18.5257	20	1836	14.8631	7	532	12	61	7	3	1.12332e+06	4.83606e-05	0.3682	
10801	400	3016	22.4957	29.782	1787	15.5932	10	535	17	55	23	3	1.02578e+06	6.40164e-05	0.1564	
10498	390	3014	18.7082	26.0579	1763	18.5958	8	533	14	55	11	5	1.12715e+06	5.9988e-05	0.1218	
10196	317	3038	15.6192	21.3569	1770	17.9959	9	535	19	56	2	5	1.32823e+06	5.59848e-05	0.1215	
11500	337	3036	15.2222	20.1018	1719	14	7	535	19	55	5	3	1.27748e+06	4.61915e-05	0.3957	
11500	384	3042	15.6612	20	1822	14.9579	8	534	9	65	2	3	1.22593e+06	4.59622e-05	0.4357	
10689	400	3016	22.4957	29.7946	1780	15.5932	10	535	17	55	23	3	1.03405e+06	6.4914e-05	0.1389	
10824	385	3016	22.8273	28.6695	1815	16.7831	8	535	19	56	23	3	1.03023e+06	6.26684e-05	0.1711	
11289	382	3045	15	20	1732	16.1301	6	535	15	62	3	4	1.27797e+06	4.71009e-05	0.3726	
10804	393	3041	21.2551	28.3758	1777	18.7566	7	535	15	55	19	4	1.05155e+06	6.15233e-05	0.1569	
10547	391	3050	15	21.2922	1783	15.1301	5	531	16	56	15	4	1.31209e+06	5.29213e-05	0.19	
10602	400	3039	20.7529	28.4858	1752	17.2923	8	535	17	59	12	4	1.06916e+06	6.25821e-05	0.131	
10393	395	3021	15	20.4689	1726	17.8549	7	535	14	55	14	4	1.32361e+06	5.40249e-05	0.1542	
10378	400	3019	22.6017	26.267	1749	18.8741	9	532	12	57	56	4	1.07623e+06	6.60153e-05	0.1087	
10808	336	3034	19.0899	20.9952	1780	16.7539	5	535	19	55	3	3	1.14985e+06	5.22357e-05	0.2546	
11500	391	3003	24.8523	26.7551	1817	18.9191	10	530	20	57	43	3	982936	5.82038e-05	0.3056	
10674	393	3045	23.1064	29.5997	1735	18.7437	7	531	20	56	33	3	1.03749e+06	6.56383e-05	0.1328	
10098	375	3040	17.2553	24.4252	1741	16.6619	7	529	19	55	8	5	1.21969e+06	6.07017e-05	0.0958	
11500	400	3050	18.3874	20	1827	16.5184	9	526	14	63	6	3	1.11494e+06	4.70699e-05	0.4314	
10599	346	3050	15	20.403	1758	15.1301	4	534	20	56	27	4	1.34046e+06	5.25293e-05	0.1836	
10846	389	3046	16.3715	21.6865	1819	15.872	10	533	18	61	34	4	1.20608e+06	5.26732e-05	0.2291	
11012	376	3050	16.3715	21.6865	1794	15.872	10	535	18	65	32	5	1.20199e+06	5.14827e-05	0.2619	
11169	400	3046	15	21.6771	1764	18.7268	6	535	18	70	24	6	1.26635e+06	5.01203e-05	0.2787	
11410	327	3039	18.3959	20.1865	1882	14.7726	6	535	20	58	2	4	1.16542e+06	4.73687e-05	0.3733	
11288	352	3050	15.0183	21.3369	1787	16.0704	9	533	18	69	27	5	1.27926e+06	4.89165e-05	0.3182	
11162	400	2992	19.5305	20.775	1843	18.4443	7	535	16	63	16	4	1.09761e+06	5.0844e-05	0.321	
10587	400	3030	22.7189	26.8307	1752	17.278	8	535	15	55	16	4	1.04722e+06	6.23169e-05	0.1482	
11500	398	2999	24.6374	24.1075	1732	14.8665	10	533	15	73	11	3	991956	5.47046e-05	0.3409	
10450	369	3035	16.8569	22.2095	1708	16.6416	7	534	15	55	25	5	1.22298e+06	5.62082e-05	0.1401	
10333	386	3030	15	20.49	1767	18.7476	6	535	20	55	16	4	1.33502e+06	5.45971e-05	0.1369	
11500	400	3044	21.3303	20	1832	14.2991	6	532	14	62	7	3	1.067e+06	4.83162e-05	0.4472	
10723	357	3040	15.6946	20.6522	1708	15.8511	7	534	20	56	24	4	1.27185e+06	5.21703e-05	0.2168	
10609	364	3029	15	20.5951	1824	19	5	535	14	55	20	4	1.32205e+06	5.25127e-05	0.2011	
11086	400	3019	22.7567	30	1816	15.9334	10	535	12	56	19	3	1.00516e+06	6.22161e-05	0.2054	
11244	400	3046	16.7009	20	1868	17.2842	6	535	17	62	11	3	1.18393e+06	4.77897e-05	0.3568	
11030	392	3050	18.2075	21.6865	1817	17.3426	9	533	16	55	39	5	1.13296e+06	5.22685e-05	0.2751	
11144	400	2997	23.5463	29.8201	1708	17.7702	6	535	16	59	21	3	1.00143e+06	6.28022e-05	0.208	
10272	364	3025	15	20.9938	1797	18.9072	7	533	17	55	12	4	1.34262e+06	5.52486e-05	0.1316	
10743	400	3012	22.26	26.0138	1809	18.2175	7	533	20	58	26	3	1.04453e+06	6.0361e-05	0.174	
10697	400	3042	24.212	29.8201	1700	16.884	8	533	20	60	37	3	1.02552e+06	6.64938e-05	0.1471	
11500	400	3033	24.0709	30	1798	16.8208	10	534	13	74	29	3	975367	6.04851e-05	0.2725	
11076	400	3017	17.2439	20	1822	15.3191	6	535	12	61	7	3	1.1692e+06	4.901e-05	0.335	
10264	400	2998	22.7576	28.2084	1799	17.6881	6	534	17	55	12	3	1.07038e+06	6.68583e-05	0.1073	
11288	372	3050	15.0183	22.0415	1828	16.0704	9	533	18	68	27	5	1.26418e+06	4.93949e-05	0.3071	
10616	362	3034	18.0487	23.9534	1721	17.158	8	535	17	57	16	4	1.15696e+06	5.66444e-05	0.1614	
10566	400	3050	25	29.8201	1708	17.6992	10	535	16	60	37	3	1.03031e+06	6.82734e-05	0.1341	
11500	399	3042	24.9812	29.8201	1708	17.6369	7	533	16	62	37	3	977124	6.1267e-05	0.2649	
11220	377	3050	15.2555	21.2208	1700	15.3414	8	535	9	64	35	3	1.25357e+06	4.95983e-05	0.3037	
10406	382	3050	16.8921	23.2184	1746	15.9083	6	533	16	56	12	4	1.21114e+06	5.64844e-05	0.1329	
11500	400	3044	21.3303	20	1839	14.0164	6	532	14	62	7	3	1.06743e+06	4.82905e-05	0.4488	
11500	400	3048	19.4582	20	1889	17.1709	10	534	19	58	2	3	1.0889e+06	4.72903e-05	0.3955	
11467	397	3022	23.6726	27.2114	1803	14	8	535	17	62	19	4	991246	5.71331e-05	0.2986	
11088	372	3042	16.1871	20.1018	1843	16.5451	6	534	16	61	2	4	1.22619e+06	4.83465e-05	0.3387	
11387	400	3042	24.212	29.8201	1708	17.5267	7	534	16	62	21	3	984901	6.11733e-05	0.2471	
11000	400	3042	19.2904	26.7036	1822	17.5272	7	535	11	58	12	4	1.07539e+06	5.68085e-05	0.2153	
10826	357	3050	15	20.1786	1742	18.0616	8	535	16	63	15	5	1.30833e+06	5.05868e-05	0.2644	
10854	389	3050	16.3334	21.6865	1794	15.7208	9	534	18	65	29	5	1.20872e+06	5.24521e-05	0.233	
11003	342	3043	15	21.6771	1795	15.7619	9	535	15	59	28	5	1.29841e+06	5.08621e-05	0.2529	
11500	385	2992	21.2153	28.957	1815	17.0782	8	532	19	60	14	3	1.01236e+06	5.81159e-05	0.2611	
10851	391	3048	15.8657	20.4891	1828	15.2492	6	533	15	60	5	4	1.24316e+06	4.9955e-05	0.2958	
11500	397	3044	17.8187	20	1843	15.254	7	535	13	61	4	3	1.13505e+06	4.66766e-05	0.4075	
11500	400	3036	18.4359	20.0493	1900	17.1709	10	534	19	60	7	3	1.11234e+06	4.70854e-05	0.3879	
11230	400	3040	20.922	24.0603	1854	16.6552	10	535	13	67	25	4	1.0432e+06	5.37115e-05	0.2947	
11500	397	3037	17.8187	20.1975	1843	15.254	7	535	12	61	4	3	1.13312e+06	4.68889e-05	0.4061	
11376	301	3050	18.4371	21.3085	1899	17.0128	7	535	18	56	2	4	1.17551e+06	4.84778e-05	0.3497	
11500	400	3026	22.0505	25.1399	1838	16.6552	10	535	12	57	18	3	1.00871e+06	5.38503e-05	0.3307	
10894	400	3042	24.7638	29.8201	1712	17.037	10	533	16	63	37	3	1.00623e+06	6.51339e-05	0.1843	
10246	368	3035	15	20.5479	1744	17.7672	6	535	14	57	15	4	1.3487e+06	5.52517e-05	0.1264	
10393	395	3035	15	20.4689	1726	17.7672	7	535	14	55	14	4	1.32398e+06	5.38822e-05	0.1543	
11157	400	3031	18.4574	22.259	1845	16.3283	8	534	17	66	3	3	1.10771e+06	5.07795e-05	0.3127	
10225	388	3050	18.153	23.8825	1765	16.3018	6	535	17	56	8	5	1.17881e+06	5.91471e-05	0.114	
11424	301	3050	18.4371	20.1865	1899	17.0128	7	535	18	56	2	4	1.18468e+06	4.73171e-05	0.3755	
10545	382	3013	16.1907	21.3326	1708	15.3969	5	532	20	56	24	3	1.24452e+06	5.44395e-05	0.1745	
11500	366	3039	16.4959	20	1772	14.9579	8	534	18	57	4	3	1.19177e+06	4.63865e-05	0.4221	
10288	376	3044	15.309	21.1865	1735	15.7507	7	535	17	59	2	5	1.31333e+06	5.47525e-05	0.1427	
11449	400	3033	23.2714	23.408	1833	15.9093	10	524	12	70	19	3	1.0103e+06	5.30983e-05	0.3791	
11500	368	3026	16.4155	20	1899	16.7104	7	534	16	59	5	4	1.20321e+06	4.6292e-05	0.4095	
10538	366	3032	16.5724	23.0627	1744	15.5384	7	534	13	58	25	4	1.22212e+06	5.60287e-05	0.1526	
11301	400	3031	22.8144	25.1376	1845	16.3283	8	534	18	69	3	3	1.01125e+06	5.48878e-05	0.3006	
10664	400	3028	25	28.9114	1708	17.9045	10	535	16	60	37	3	1.02191e+06	6.65779e-05	0.1487	
10804	371	3042	16.8903	20.6783	1756	14.3266	6	535	17	57	16	3	1.20233e+06	5.1406e-05	0.2641	
10826	357	3050	15	20.8982	1742	18.0616	8	535	17	63	19	5	1.30428e+06	5.13479e-05	0.2311	
10808	336	3034	18.5088	20	1829	16.7422	5	534	19	55	3	4	1.17713e+06	5.10204e-05	0.2878	
10196	355	3040	15.5992	22.0669	1770	17.9959	7	532	19	56	2	5	1.30792e+06	5.64717e-05	0.1113	
11500	400	3021	25	26.7494	1751	14.9398	10	529	17	65	16	3	978877	5.74779e-05	0.3486	
11404	368	3042	16.4959	23.1484	1700	15.008	8	534	20	57	8	4	1.17367e+06	4.997e-05	0.3022	
11500	400	3031	22.2483	20.4248	1854	17.1709	10	534	19	58	3	3	1.04091e+06	4.92708e-05	0.4133	
11258	400	3040	19.4847	26.9211	1775	16.0488	8	534	20	59	22	6	1.06017e+06	5.6057e-05	0.2323	
11500	400	3027	23.791	30	1803	14.1119	9	535	15	61	26	3	978054	6.03245e-05	0.2632	
11412	391	3010	25	26.3491	1815	18.9304	9	533	20	56	36	4	989136	5.81937e-05	0.2843	
11500	400	3021	23.1064	30	1849	18.8812	7	531	18	57	32	3	985518	6.03391e-05	0.2626	
11500	399	2999	24.6374	23.0034	1758	14.8665	10	533	15	73	11	3	997543	5.35733e-05	0.3906	
11263	381	3009	23.4489	25.4964	1807	18.1853	8	534	17	55	22	4	1.01411e+06	5.68537e-05	0.276	
11500	368	3042	16.4959	20	1798	14.9579	8	534	8	57	2	3	1.19311e+06	4.62342e-05	0.4382	
10697	400	3036	24.212	29.8201	1700	18.2405	7	533	17	60	37	3	1.02672e+06	6.66489e-05	0.146	
11038	400	3039	23.2803	27.7979	1752	17.1863	8	535	14	59	18	4	1.01294e+06	6.02591e-05	0.2253	
10728	400	3047	20.8894	22.9219	1793	18.5117	9	534	5	60	27	4	1.07685e+06	5.63825e-05	0.2214	
11500	400	3041	18.3959	20.1865	1882	16.3399	6	532	19	60	3	5	1.12589e+06	4.70433e-05	0.3935	
10596	390	3035	16.8569	22.2095	1708	17.171	7	534	15	57	14	5	1.20118e+06	5.45613e-05	0.1887	
10580	397	3040	18.6164	26.9432	1831	18.5412	7	535	16	55	4	4	1.11698e+06	5.94742e-05	0.1294	
10579	359	3039	18.6936	24.3755	1732	18.4081	6	535	19	56	24	4	1.1464e+06	5.80349e-05	0.1362	
11030	400	3050	19.2462	21.6865	1817	17.2987	9	535	16	55	34	5	1.10099e+06	5.24934e-05	0.2722	
10842	387	3029	18.0531	21.6186	1746	17.3315	7	535	18	56	28	4	1.14787e+06	5.32964e-05	0.2382	
11500	400	3042	21.3303	21.0189	1839	14.2991	7	532	17	55	7	3	1.05339e+06	4.91473e-05	0.3968	
10840	400	3030	22.5907	26.5179	1738	18.0611	9	534	17	59	40	4	1.03541e+06	6.09199e-05	0.1812	
11030	388	3050	16.1967	21.6865	1817	17.3426	9	533	16	55	39	5	1.21009e+06	5.15517e-05	0.26	
11500	368	3042	16.4959	20	1772	14.9579	8	534	8	57	2	3	1.19235e+06	4.62984e-05	0.4425	
10674	400	3043	18.6164	26.6445	1831	18.5611	8	535	11	57	4	4	1.1093e+06	5.83976e-05	0.1593	
11092	383	3049	18.9877	20.1948	1811	15.2761	9	535	7	61	7	4	1.12043e+06	4.95835e-05	0.3403	
10731	349	3050	15.4182	22.3516	1726	14	7	534	17	57	10	3	1.27567e+06	5.25458e-05	0.2045	
11292	400	3023	15.4547	21.6771	1763	17.1735	9	535	17	57	31	3	1.2239e+06	4.97216e-05	0.3011	
10776	400	3042	19.2904	26.7036	1830	17.0364	10	535	11	59	24	4	1.08681e+06	5.87544e-05	0.1713	
11443	364	3040	17.9196	20.4401	1877	16.0523	6	535	14	60	2	4	1.15108e+06	4.72791e-05	0.3827	
11015	400	3016	22.0505	30	1775	15.9334	6	535	16	55	23	4	1.02312e+06	6.26056e-05	0.1764	
10612	346	3047	15	20.403	1750	15.1301	5	531	20	56	30	4	1.33692e+06	5.25984e-05	0.1964	
11317	347	3050	15.1967	20.9414	1787	14	7	535	19	57	3	3	1.27085e+06	4.74338e-05	0.3603	
10741	385	3007	22.8273	28.957	1815	17.1812	8	535	19	55	16	3	1.03412e+06	6.35687e-05	0.1576	
10918	388	3034	18.514	20.8806	1804	16.7717	6	534	17	63	25	4	1.13858e+06	5.20048e-05	0.2742	
10883	357	3046	15	21.2159	1812	18.0616	6	535	17	63	21	5	1.30285e+06	5.10934e-05	0.2391	
10893	396	3035	23.1064	29.9322	1731	15.3862	7	535	20	58	22	3	1.01959e+06	6.37511e-05	0.1717	
10256	348	3014	18.9674	26.0579	1763	18.5958	8	535	14	55	3	5	1.1553e+06	6.18467e-05	0.0952	
10288	366	3044	15.5395	23.3863	1784	15.7958	7	534	14	55	2	5	1.29144e+06	5.65515e-05	0.1148	
11329	389	3050	19.5305	20.775	1835	18.5804	7	534	16	58	12	4	1.09847e+06	4.92878e-05	0.3509	
10580	392	3037	18.7331	26.9432	1831	18.5611	7	535	17	55	15	5	1.11914e+06	6.00637e-05	0.1237	
10587	351	3017	19.4847	26.9211	1775	18.7448	8	535	17	55	18	4	1.11439e+06	6.08976e-05	0.12	
10877	388	3050	19.6281	22.8449	1829	15.7461	8	533	19	57	56	4	1.1028e+06	5.57041e-05	0.2063	
10812	387	3029	15.4547	21.6771	1745	17.351	7	535	18	57	28	4	1.26025e+06	5.26288e-05	0.2077	
11478	387	3047	15.2222	20.8403	1782	15.083	7	534	19	56	5	3	1.24382e+06	4.67202e-05	0.3888	
11264	400	3018	17.3589	20	1868	16.6292	6	535	12	59	7	3	1.15779e+06	4.79685e-05	0.3622	
11500	398	3033	24.0736	20.6146	1798	16.675	10	533	13	74	5	3	1.02166e+06	5.06919e-05	0.4253	
10918	400	3042	19.2904	26.7036	1815	17.1213	10	535	11	59	24	4	1.0775e+06	5.77567e-05	0.1927	
10378	400	3023	22.6017	26.5179	1749	19	9	534	19	59	40	4	1.0715e+06	6.53979e-05	0.1129	
10256	348	3014	17.942	26.0579	1776	18.5326	8	533	18	55	3	5	1.1826e+06	6.12933e-05	0.0918	
10256	400	3023	19.8967	25.9112	1794	18.4081	8	535	20	55	8	5	1.11831e+06	6.22937e-05	0.1006	
10689	400	3016	21.2867	29.7946	1773	15.5932	9	535	17	56	13	3	1.04763e+06	6.38488e-05	0.1339	
10590	392	3024	16.4038	22.6188	1843	18.6926	8	535	18	55	26	4	1.21679e+06	5.52944e-05	0.1622	
10449	376	3044	15.1243	22.8147	1735	16.4925	7	535	17	55	2	5	1.30406e+06	5.47675e-05	0.1354	
10256	400	3043	19.8967	25.9112	1794	18.4081	8	535	7	55	8	5	1.11831e+06	6.19233e-05	0.1135	
10225	366	3038	17.4922	23.7785	1763	16.6159	8	532	16	55	17	5	1.20534e+06	5.93401e-05	0.1025	
10324	379	3038	17.4922	25.5364	1763	16.8193	8	532	15	55	12	5	1.18445e+06	5.99628e-05	0.1086	
10415	400	3042	20.6975	22.0833	1764	18.4694	7	535	13	55	26	6	1.11188e+06	5.83192e-05	0.1439	
11500	397	2996	22.6047	28.2566	1731	18.7868	7	535	20	59	33	3	997999	5.86476e-05	0.2605	
10847	357	3026	19.2764	22.1664	1843	18.0747	7	535	18	55	12	4	1.12335e+06	5.34645e-05	0.236	
11256	400	2986	23.9513	29.8201	1708	17.7702	6	535	16	59	24	3	992956	6.25352e-05	0.2245	
11500	400	3027	23.791	20	1803	14.569	9	535	15	72	30	3	1.03252e+06	5.04898e-05	0.4207	
10970	372	3050	15.4075	20.8791	1822	17.8864	9	534	17	63	30	4	1.26113e+06	5.07511e-05	0.2646	
10685	368	3026	15	22.0043	1718	16.2047	7	534	16	62	9	5	1.30198e+06	5.28485e-05	0.195	
10464	400	3011	19.4809	27.971	1770	18.6721	8	535	13	55	5	4	1.10083e+06	6.25313e-05	0.105	
10826	357	3050	15	20.4461	1742	18.0616	8	535	17	63	19	5	1.30698e+06	5.09866e-05	0.2455	
11500	356	3022	15.9219	20	1818	14.801	7	535	8	56	2	3	1.22942e+06	4.61404e-05	0.431	
10587	392	3033	21.7856	25.2329	1845	18.557	9	535	19	59	22	4	1.06449e+06	6.01685e-05	0.1598	
10230	373	3030	15	20.6409	1767	18.1861	6	535	18	55	13	4	1.34711e+06	5.53741e-05	0.1225	
10547	381	3050	15	21.2922	1778	15.1301	5	535	20	56	15	4	1.31584e+06	5.30307e-05	0.1645	
11500	398	3002	24.0736	26.7494	1808	14.8865	10	532	13	66	16	3	983263	5.68602e-05	0.3313	
10826	357	3050	15	20.4825	1742	18.1321	7	535	17	59	21	5	1.31002e+06	5.10595e-05	0.2379	
10616	400	3034	18.0422	21.8651	1721	17.158	8	535	16	57	16	4	1.15279e+06	5.46448e-05	0.206	
10824	386	3002	21.2153	28.957	1768	17.2129	8	535	19	57	15	3	1.04645e+06	6.21891e-05	0.1539	
10609	400	3042	21.9922	29.7248	1700	16.6469	5	530	20	56	29	3	1.05351e+06	6.54536e-05	0.1224	
11500	400	3034	19.4582	20.1043	1889	17.1709	10	535	19	58	5	3	1.08735e+06	4.75534e-05	0.3862	
11500	388	3042	16.4959	20	1772	14.9579	8	535	8	60	2	3	1.18198e+06	4.63027e-05	0.4413	
10938	400	3039	16.8671	23.7767	1781	16.0977	7	533	17	55	10	3	1.16178e+06	5.31293e-05	0.2356	
11138	377	3034	19.0649	20.5647	1799	14.8239	9	535	16	58	7	3	1.11204e+06	4.98008e-05	0.3258	
11500	327	3050	18.3959	20.1865	1882	14.8946	6	534	19	59	3	4	1.16642e+06	4.68735e-05	0.3885	
10406	400	3050	17.0156	23.2184	1753	15.9083	6	533	16	56	14	4	1.20081e+06	5.66219e-05	0.1327	
11500	341	3050	15.3446	20.9414	1787	18.982	7	535	20	57	3	3	1.2595e+06	4.70478e-05	0.3782	
11144	400	2986	24.9835	29.8201	1708	17.7702	6	532	16	59	26	3	992398	6.39182e-05	0.224	
11500	399	3042	22.9012	29.5764	1717	17.0337	10	533	15	62	39	3	987836	5.99161e-05	0.2598	
11293	400	3044	22.2649	28.7556	1859	16.6552	10	535	13	59	17	3	1.00296e+06	5.87855e-05	0.2555	
10883	357	3044	15	21.58	1812	18.0616	6	535	17	63	21	5	1.3008e+06	5.14112e-05	0.2302	
10580	387	3038	17.9992	21.0384	1793	19	7	535	16	55	6	4	1.16603e+06	5.36394e-05	0.206	
11030	386	3050	15.4052	22.2123	1776	16.0595	9	534	16	68	26	4	1.24211e+06	5.13005e-05	0.2521	
11500	388	3018	20.0976	20.5349	1820	15.4704	6	535	15	60	9	3	1.08431e+06	4.84707e-05	0.3893	
10256	396	3023	19.8967	26.6645	1762	18.4081	8	535	8	55	15	5	1.11871e+06	6.34317e-05	0.0954	
10624	392	3050	23.1064	29.3958	1725	18.7437	7	530	20	56	31	3	1.04237e+06	6.57419e-05	0.1306	
11040	368	3050	15.4052	21.6771	1775	17.2166	9	534	19	70	26	5	1.25411e+06	5.09243e-05	0.2581	
10558	397	3023	22.6047	28.5717	1731	18.7868	7	535	20	55	33	3	1.05251e+06	6.55093e-05	0.1088	
11011	370	3045	15.1678	21.895	1701	16.8115	8	533	15	60	2	4	1.2662e+06	5.03778e-05	0.2687	
11500	400	3050	15.9877	20	1839	15.3191	6	535	10	65	11	3	1.20763e+06	4.61766e-05	0.4304	
10907	391	3006	23.3632	26.0334	1743	19	9	535	5	58	50	3	1.02693e+06	6.10948e-05	0.1965	
10547	381	3050	15	21.2922	1778	15.1301	5	531	20	56	15	4	1.31593e+06	5.29745e-05	0.1818	
11422	398	2974	25	29.9047	1719	17.2328	7	535	20	60	26	6	982107	6.23714e-05	0.2452	
10856	400	3042	24.6342	30	1818	17.2504	10	534	16	64	14	3	1.00789e+06	6.44745e-05	0.1929	
11500	368	3026	16.9223	20	1899	16.7104	7	534	16	59	5	4	1.18315e+06	4.64619e-05	0.4019	
11399	400	3028	20.354	20.3115	1849	15.4521	10	534	16	65	19	3	1.07052e+06	4.90725e-05	0.3764	
11462	382	3041	18.3959	20.1865	1882	16.3399	6	534	19	64	2	5	1.13212e+06	4.72099e-05	0.3836	
11413	400	3026	19.2764	22.4013	1843	17.6816	8	535	20	55	10	4	1.07799e+06	5.02336e-05	0.3425	
11120	396	2996	21.7133	28.2066	1788	17.2741	10	533	20	57	12	3	1.02016e+06	5.95806e-05	0.2222	
10664	382	3014	16.1907	21.8651	1709	15.3528	5	532	20	58	24	4	1.23507e+06	5.39869e-05	0.1875	
10680	359	3050	18.6936	23.3798	1816	18.4081	6	535	18	55	33	4	1.14586e+06	5.63253e-05	0.1682	
11412	400	3012	19.2562	26.3047	1859	15.9367	7	535	16	60	9	4	1.05829e+06	5.41067e-05	0.2828	
10549	382	3006	16.1907	20.475	1735	15.3528	5	535	20	57	14	4	1.24928e+06	5.31943e-05	0.2075	
11230	396	3016	22.8145	25.3413	1865	16.6552	10	534	13	68	25	4	1.01519e+06	5.61199e-05	0.2861	
11114	393	3016	23.3912	30	1767	18.3857	10	535	15	56	19	5	1.00389e+06	6.28694e-05	0.1987	
10459	354	3011	19.4809	28.4551	1741	18.321	8	535	14	55	8	3	1.11552e+06	6.32951e-05	0.1044	
11500	391	3022	23.336	22.9667	1778	17.1417	10	532	17	65	16	4	1.01459e+06	5.26537e-05	0.3548	
11500	400	3050	15.9877	20	1822	15.3191	6	535	10	60	11	3	1.20726e+06	4.61787e-05	0.43	
10230	371	3030	15	20.549	1767	18.1973	7	535	18	55	13	4	1.34729e+06	5.5325e-05	0.1248	
11073	388	3049	18.4021	20.775	1818	18.7687	8	535	16	62	2	5	1.1312e+06	5.00851e-05	0.313	
11500	400	3016	21.661	29.7946	1842	15.7369	10	535	15	71	19	3	996624	5.89206e-05	0.2592	
11220	392	3001	20.8372	23.1922	1846	15.4207	8	535	17	61	18	3	1.05227e+06	5.29857e-05	0.2966	
11015	400	3016	22.0505	30	1775	15.9334	5	535	15	55	23	4	1.02499e+06	6.25978e-05	0.1783	
10398	351	3050	15	21.2558	1774	16.2991	5	531	20	56	14	4	1.34075e+06	5.41038e-05	0.1487	
10587	390	3033	20.7766	25.2329	1850	18.5526	9	534	20	55	28	4	1.08144e+06	5.98193e-05	0.1473	
11011	370	3045	15.5433	21.895	1701	16.8115	8	533	15	60	24	4	1.24633e+06	5.12978e-05	0.2558	
10750	356	3026	15.715	21.8651	1708	15.0972	5	535	16	64	23	3	1.26222e+06	5.31011e-05	0.2018	
10518	370	3044	15.6192	22.1528	1797	16.414	6	534	16	55	8	5	1.27468e+06	5.38648e-05	0.1684	
11301	387	3026	23.9729	24.5132	1810	16.3283	8	534	14	68	19	3	1.00931e+06	5.546e-05	0.3092	
11478	387	3036	15.2222	20.1018	1782	14	7	534	19	57	5	3	1.25053e+06	4.61595e-05	0.4094	
11329	355	3050	15.5639	22.3215	1786	16.543	8	535	6	64	17	4	1.23574e+06	4.92635e-05	0.3234	
11482	399	3021	18.3959	20.5017	1900	15.667	8	534	20	58	2	4	1.114e+06	4.74316e-05	0.3803	
11165	400	3050	22.0505	28.9935	1778	15.9334	10	535	15	58	23	4	1.01351e+06	6.00348e-05	0.2127	
10837	396	3050	15.9394	21.6865	1794	15.5277	10	535	18	65	32	5	1.22575e+06	5.2615e-05	0.2149	
10521	400	3042	20.0877	22.3743	1798	18.2026	10	532	16	58	16	5	1.10502e+06	5.67472e-05	0.184	
11500	398	3002	22.8111	26.7494	1788	14.8865	10	535	15	74	16	3	993245	5.61829e-05	0.3089	
11500	400	3041	23.4876	26.7494	1752	17.7217	10	528	15	77	12	3	988322	5.64493e-05	0.3261	
10225	353	3038	17.4922	23.7767	1748	16.0689	8	535	17	55	5	5	1.20917e+06	5.87337e-05	0.107	
10893	364	3015	22.4455	24.0097	1731	19	7	535	20	60	33	3	1.05568e+06	5.79173e-05	0.2143	
10894	395	3042	24.6342	29.8201	1708	17.293	10	534	19	59	37	3	1.00848e+06	6.51763e-05	0.1707	
10396	400	3037	17.3022	21.5086	1744	17.2485	8	535	16	59	24	4	1.19933e+06	5.62588e-05	0.1496	
11088	372	3043	15	20.1018	1863	15.0312	6	534	16	61	2	4	1.29494e+06	4.78286e-05	0.3496	
11500	347	3050	15.1967	20.9414	1787	14	7	535	19	57	3	3	1.26556e+06	4.65658e-05	0.3881	
11462	400	3038	20.3118	20.8574	1838	18.2669	8	535	17	57	8	4	1.07275e+06	4.90172e-05	0.3671	
10225	365	3044	15	21.4773	1747	18.5817	6	534	17	60	4	5	1.3461e+06	5.57414e-05	0.1154	
11000	396	3042	19.5754	26.7036	1822	16.8435	10	535	11	60	24	4	1.06791e+06	5.7277e-05	0.2108	
11169	400	3039	20.2153	21.3413	1845	17.4539	7	535	16	61	27	4	1.08238e+06	5.14403e-05	0.3066	
11099	366	3044	18.3959	20	1873	16.438	6	535	19	59	4	4	1.14954e+06	4.90268e-05	0.3437	
10918	386	3034	18.2605	20.8806	1804	16.7717	6	534	16	61	25	5	1.1474e+06	5.18941e-05	0.2763	
10396	340	3027	18.8144	20.5576	1743	14.544	5	535	16	55	18	4	1.18522e+06	5.55648e-05	0.171	
11405	400	3026	21.6978	20.3115	1849	18.0611	10	534	16	66	19	4	1.05429e+06	4.98902e-05	0.3966	
10566	399	2996	18.6164	26.9211	1831	18.1872	8	534	16	55	7	3	1.11349e+06	6.00889e-05	0.132	
10750	369	3027	15.6359	22.1396	1708	15.0972	7	534	16	59	23	3	1.25465e+06	5.32396e-05	0.1995	
10511	323	3030	16.1884	21.8651	1725	15.0651	5	534	18	55	16	3	1.27171e+06	5.45019e-05	0.1623	
11181	387	3039	20.2153	21.3413	1858	17.4539	8	535	16	61	27	4	1.08402e+06	5.13716e-05	0.3088	
11500	400	3040	20.6306	21.6281	1836	16.749	6	535	13	60	8	3	1.06098e+06	4.94633e-05	0.3716	
11426	400	3039	16.1644	23.3369	1764	15.7531	9	535	20	55	18	4	1.17129e+06	5.00851e-05	0.2975	
11073	392	2992	20.0918	27.5987	1832	15.969	9	535	20	59	43	4	1.05453e+06	5.91646e-05	0.1894	
10930	400	3021	22.7567	30	1775	15.9334	10	534	15	56	19	3	1.01433e+06	6.33874e-05	0.1787	
10891	385	3002	23.8148	27.3753	1846	16.7621	10	534	15	57	18	3	1.01753e+06	6.1237e-05	0.2085	
11500	382	3025	18.2465	20.0683	1899	17.8162	9	535	20	55	14	4	1.12694e+06	4.73709e-05	0.38	
10498	390	3014	18.7082	26.0579	1763	18.5958	8	535	14	55	3	5	1.12614e+06	5.96516e-05	0.1246	
10758	357	3021	18.6164	22.4539	1831	18.5611	8	535	18	57	13	4	1.14051e+06	5.42211e-05	0.2195	
10225	397	3050	17.0156	23.2184	1743	15.7799	6	534	14	55	14	4	1.21762e+06	5.82343e-05	0.1033	
11500	382	3003	24.8523	27.1289	1848	17.0844	8	535	18	62	19	3	986984	5.77234e-05	0.2991	
10950	400	3029	15.4547	21.6771	1763	17.351	7	535	18	56	28	4	1.24665e+06	5.16236e-05	0.2373	
10826	379	3041	15	21.6771	1750	15.0037	6	535	15	62	21	5	1.29458e+06	5.18296e-05	0.2174	
11500	385	2992	21.2153	27.9661	1806	17.0782	8	532	20	60	15	3	1.01653e+06	5.69703e-05	0.2729	
11322	392	3026	19.2764	22.1413	1834	14.7906	9	535	18	55	10	4	1.08389e+06	5.03119e-05	0.3327	
10549	400	3032	18.0448	23.2151	1708	17.3293	8	532	16	55	31	3	1.15357e+06	5.72115e-05	0.1546	
11449	400	3046	22.8145	25.1005	1871	17.0416	10	533	11	72	19	3	1.00431e+06	5.41653e-05	0.3324	
10808	336	3034	18.6319	20	1829	16.7539	5	535	19	55	3	4	1.17381e+06	5.10882e-05	0.2849	
10657	400	3041	22.2922	28.3758	1777	18.0304	7	535	15	55	19	4	1.04685e+06	6.31313e-05	0.1459	
11301	400	3026	23.9729	24.5132	1810	16.3283	8	534	14	69	19	3	1.00444e+06	5.54539e-05	0.3097	
10553	373	3038	15.7123	20	1802	18.5727	6	535	16	58	31	3	1.28135e+06	5.33276e-05	0.1861	
10462	400	3042	20.6477	21.9631	1779	18.979	7	534	20	59	22	4	1.10631e+06	5.76469e-05	0.1609	
10772	393	3035	22.458	30	1731	16.615	7	535	20	60	22	4	1.03591e+06	6.44122e-05	0.1437	
11289	382	3045	15	20	1746	16.1021	6	535	15	62	3	4	1.27852e+06	4.7061e-05	0.376	
11419	400	3041	20.2956	27.0608	1783	15.4704	9	534	13	60	9	3	1.0317e+06	5.53189e-05	0.2754	
10893	393	2996	23.1064	29.9322	1731	19	7	535	20	60	33	3	1.0204e+06	6.48298e-05	0.1548	
10684	368	3017	15.6946	21.0474	1726	16.9904	5	533	19	56	24	4	1.27054e+06	5.3011e-05	0.2	
11500	367	3041	18.3959	20.1865	1882	16.3399	6	534	19	60	3	5	1.14021e+06	4.70367e-05	0.388	
10970	389	3050	16.6793	21.6865	1700	17.1533	9	534	16	70	34	5	1.18732e+06	5.2378e-05	0.2489	
11138	400	3006	20.7164	28.6734	1866	15.617	8	535	15	55	21	3	1.03115e+06	5.92628e-05	0.2162	
10225	363	3036	16.9859	23.7767	1765	16.0977	7	534	17	55	10	5	1.22603e+06	5.87165e-05	0.0982	
10842	400	3029	18.0531	21.6186	1710	17.3315	8	535	18	56	28	3	1.13946e+06	5.34045e-05	0.2412	
11500	400	3044	22.3289	20	1839	15.3191	6	535	10	65	7	3	1.0567e+06	4.88568e-05	0.4377	
10976	400	3016	22.0505	30	1775	15.8917	5	535	15	55	23	5	1.02892e+06	6.28654e-05	0.172	
11300	398	3046	15.6576	20.3121	1889	15.6939	7	535	13	57	2	4	1.22997e+06	4.69682e-05	0.3802	
10964	392	3049	18.6164	26.9211	1812	18.5611	7	535	15	56	7	3	1.09324e+06	5.68925e-05	0.193	
10210	400	2985	19.8992	28.1567	1751	18.4843	6	530	13	55	9	4	1.11514e+06	6.5634e-05	0.0889	
10610	394	3026	20.8918	28.8119	1761	19	5	531	19	55	11	4	1.06968e+06	6.31991e-05	0.1244	
10256	400	3023	21.0556	25.9112	1794	18.4081	9	535	20	55	4	4	1.09373e+06	6.27786e-05	0.1078	
11212	400	3050	18.7666	21.8207	1851	18.3016	6	535	16	67	16	4	1.10712e+06	5.05306e-05	0.3208	
10985	400	3021	22.7567	30	1775	17.4494	10	535	15	56	18	3	1.01166e+06	6.30955e-05	0.1793	
10412	322	3020	20.3361	28.5985	1765	18.7066	6	534	19	55	12	4	1.12264e+06	6.43832e-05	0.0903	
10674	359	3042	15.8125	22.2095	1719	15.1408	7	534	19	65	19	5	1.25877e+06	5.37808e-05	0.1813	
10851	391	3048	15.8657	20.4891	1828	15.2492	6	533	18	60	5	4	1.2428e+06	4.99775e-05	0.2913	
10547	391	3050	15	21.2922	1783	15.1301	5	531	20	56	15	4	1.31208e+06	5.29633e-05	0.1826	
11030	400	3050	19.4587	21.8069	1817	17.9625	9	535	16	63	25	5	1.0948e+06	5.24027e-05	0.2807	
10449	376	3044	15.3192	22.8147	1886	16.4925	7	535	17	55	2	5	1.28871e+06	5.44514e-05	0.1555	
10787	400	3019	16.1941	22.9758	1843	17.0008	6	535	18	64	16	5	1.20999e+06	5.35705e-05	0.2049	
11500	345	3050	15.1967	20.1018	1781	14	7	535	14	57	5	3	1.27592e+06	4.59158e-05	0.4165	
10954	396	3023	15	20.9578	1722	17.2244	6	535	19	63	32	5	1.28533e+06	5.13347e-05	0.2419	
10942	400	3045	15.7006	22.931	1751	15.982	7	534	9	69	19	4	1.22429e+06	5.23505e-05	0.2398	
10369	398	2986	20.7277	27.3201	1759	16.0544	7	532	20	56	20	4	1.09187e+06	6.40779e-05	0.1104	
10593	330	3042	17.2314	22.6692	1808	16.3847	7	535	17	59	14	5	1.21299e+06	5.47945e-05	0.1867	
10938	393	3039	16.3192	23.6737	1781	16.0977	7	535	17	55	10	3	1.18777e+06	5.28262e-05	0.2219	
11176	389	3018	23.67	26.6539	1800	18.5384	10	535	11	56	19	3	1.00406e+06	5.86063e-05	0.2571	
11209	385	3018	22.449	30	1778	17.5815	6	534	19	64	16	4	1.01333e+06	6.13798e-05	0.2089	
11230	396	3038	22.8145	25.3413	1852	16.6552	10	535	13	69	27	4	1.01575e+06	5.5991e-05	0.2826	
11251	389	3039	15.4075	22.4284	1817	14.9383	9	534	16	70	34	3	1.22645e+06	5.03373e-05	0.2903	
11495	397	3036	15	20.1018	1782	14	9	534	19	57	5	3	1.25484e+06	4.60066e-05	0.407	
10378	378	3050	21.5581	26.5179	1800	19	9	534	17	60	18	4	1.08616e+06	6.30001e-05	0.1279	
10520	400	3027	22.4727	25.6092	1749	18.9308	9	532	5	55	56	3	1.06472e+06	6.36497e-05	0.1297	
11133	361	3040	17.0614	20.1596	1833	17.0128	10	531	20	59	6	4	1.1854e+06	4.86784e-05	0.3418	
11248	400	3028	24.3534	28.9114	1708	17.2308	10	535	16	60	37	3	989548	6.15574e-05	0.2284	
10826	370	3050	15	20.4461	1743	18.0616	7	535	17	63	16	5	1.30169e+06	5.08233e-05	0.2532	
10630	381	3050	15	21.2922	1778	15.1301	5	531	20	56	15	4	1.30933e+06	5.23259e-05	0.2027	
10846	389	3046	16.3715	21.6865	1819	15.872	10	535	18	60	34	4	1.206e+06	5.2687e-05	0.2199	
10470	385	3015	17.2387	21.8651	1711	17.6247	5	532	18	56	20	4	1.20276e+06	5.58628e-05	0.1673	
10697	400	3036	24.212	29.8201	1700	18.2405	7	533	17	60	43	3	1.02757e+06	6.69165e-05	0.1412	
10891	400	3017	15.732	21.2873	1763	19	8	535	14	59	16	4	1.23213e+06	5.15756e-05	0.2566	
10933	376	3034	15	20.1018	1863	15.0312	6	534	16	61	2	4	1.29913e+06	4.88186e-05	0.3191	
11073	388	3050	18.4021	20.775	1818	18.7687	8	534	16	62	2	5	1.13173e+06	5.00751e-05	0.3158	
11263	400	3012	23.2022	25.4964	1807	18.0427	8	534	17	55	22	4	1.00953e+06	5.66572e-05	0.2769	
11301	400	3031	23.6419	24.1264	1845	16.3283	8	530	17	56	3	3	1.01017e+06	5.45197e-05	0.3276	
11040	368	3050	16.2586	22.0432	1741	15.6599	6	535	16	68	27	5	1.21379e+06	5.14509e-05	0.2629	
10894	397	3034	24.6342	29.5584	1708	16.6324	10	533	19	56	37	3	1.00742e+06	6.49857e-05	0.1723	
11268	400	3016	24.7352	26.0248	1853	16.5313	8	535	20	74	32	3	994784	5.79106e-05	0.2808	
10137	336	3047	19.7546	21.5111	1712	17.8048	6	535	10	55	11	4	1.17353e+06	5.90075e-05	0.1205	
10894	400	3049	24.6342	29.8201	1708	18.4532	8	533	19	56	35	3	1.00842e+06	6.52146e-05	0.1693	
10098	375	3040	17.0156	23.9852	1741	16.405	7	529	19	55	8	5	1.2306e+06	6.01323e-05	0.0966	
10264	400	2998	22.7576	28.2084	1799	17.6881	6	535	17	55	12	3	1.07078e+06	6.68717e-05	0.1059	
10225	353	3044	17.4922	23.7767	1748	16.0689	8	535	17	55	3	5	1.20883e+06	5.85686e-05	0.11	
10371	382	3006	16.1907	21.1746	1718	15.3528	5	535	20	56	14	4	1.25899e+06	5.52792e-05	0.1496	
10976	400	3025	21.5179	25.4204	1816	16.3283	7	534	14	55	16	3	1.0415e+06	5.69152e-05	0.2366	
10542	382	3014	16.1907	21.8651	1709	15.8803	5	532	20	58	24	4	1.24396e+06	5.49874e-05	0.1614	
10926	391	3024	23.3703	26.8193	1718	18.0304	6	535	16	55	18	4	1.02586e+06	6.03865e-05	0.2103	
10610	400	3020	18.6164	26.9211	1831	18.5611	8	534	14	55	7	3	1.11068e+06	5.95203e-05	0.1411	
11001	335	3050	15	20.4461	1854	18.0616	8	535	17	57	26	5	1.3142e+06	4.97562e-05	0.2878	
11500	400	3034	22.0505	20.7097	1838	16.6552	10	535	8	72	18	3	1.04047e+06	4.96944e-05	0.4247	
10747	387	3029	15.4547	21.6771	1746	18.5944	7	535	18	56	28	4	1.26556e+06	5.32226e-05	0.1958	
11174	336	3035	18.2152	20	1839	15.6016	7	535	14	61	7	4	1.16826e+06	4.87092e-05	0.3461	
10452	394	3026	20.8918	28.8119	1761	19	5	535	16	55	11	4	1.08147e+06	6.45245e-05	0.0941	
10979	396	3050	21.9294	22.967	1817	19	9	532	16	55	36	4	1.05037e+06	5.55556e-05	0.2484	
11180	326	3040	15.4966	22.0874	1736	14.6793	8	535	17	62	3	4	1.26314e+06	4.95516e-05	0.2965	
10225	354	3040	15.7802	22.3078	1765	15.8888	7	534	17	56	8	5	1.29491e+06	5.66861e-05	0.1085	
10378	400	3034	22.6017	26.5179	1749	19	9	534	20	59	40	4	1.07197e+06	6.52912e-05	0.112	
11500	368	3042	16.4959	23.4005	1772	15.008	8	534	20	57	8	4	1.16852e+06	4.95417e-05	0.3179	
11500	398	3033	24.0736	23.6673	1798	16.675	10	532	13	74	5	3	998823	5.33874e-05	0.3626	
10275	392	3043	18.9441	26.9432	1850	18.6254	7	535	16	55	4	4	1.1353e+06	6.20771e-05	0.0969	
10590	400	3026	18.9983	22.4013	1843	17.6816	8	535	17	59	10	4	1.12514e+06	5.53189e-05	0.1972	
10288	363	3028	15.5395	23.2066	1738	15.7986	7	535	17	55	2	5	1.29398e+06	5.67118e-05	0.1109	
11011	354	3045	15.1678	20.1884	1701	16.8115	10	533	15	60	2	4	1.28357e+06	4.89644e-05	0.3153	
10519	399	3050	17.9007	26.6405	1842	16.3147	7	535	16	57	2	3	1.14109e+06	5.88547e-05	0.1345	
11160	400	3050	15.8405	20.1018	1819	16.0861	5	535	19	64	5	4	1.23062e+06	4.79065e-05	0.3542	
10587	398	3030	23.3768	26.8307	1739	18.092	8	535	15	55	13	3	1.04002e+06	6.27549e-05	0.1514	
10256	400	3023	19.8967	25.9112	1794	18.4081	8	532	20	55	5	5	1.11729e+06	6.20925e-05	0.1089	
11500	400	3044	21.3303	20	1839	14.2991	6	532	14	62	7	3	1.06707e+06	4.82998e-05	0.447	
10732	365	3023	15.7929	21.7393	1708	15.0972	5	535	17	59	18	4	1.2578e+06	5.28821e-05	0.2029	
10908	376	3043	15	20.1018	1774	15.0312	10	535	19	58	11	4	1.28979e+06	4.94609e-05	0.294	
10715	368	3042	15.8125	22.0043	1718	16.3847	7	534	17	59	9	5	1.25015e+06	5.27537e-05	0.2123	
11176	389	3018	23.67	30	1811	18.5384	10	535	11	56	19	3	997071	6.23947e-05	0.2231	
10806	400	3040	22.1458	30	1780	18.3514	7	535	13	58	20	4	1.03339e+06	6.38366e-05	0.1499	
11087	400	2996	23.3573	30	1803	14.1119	9	535	15	61	26	3	1.00105e+06	6.28299e-05	0.2132	
11500	369	3038	16.0299	23.4005	1772	15.008	7	534	20	57	8	4	1.19098e+06	4.94169e-05	0.3154	
11500	399	3042	24.9812	29.8201	1717	17.612	8	533	15	62	39	3	975916	6.12783e-05	0.2656	
11288	372	3050	15.0183	21.4587	1772	16.0704	9	533	18	69	28	5	1.26806e+06	4.90942e-05	0.3112	
11169	400	3046	15	21.6771	1764	15.2472	6	535	18	70	24	6	1.26813e+06	4.98405e-05	0.2842	
11391	400	3039	16.808	23.3369	1764	15.7531	10	535	20	57	18	4	1.14396e+06	5.04898e-05	0.2925	
11075	400	3016	21.3521	29.6855	1852	15.617	8	535	15	55	16	3	1.02277e+06	6.09942e-05	0.1984	
10929	390	3028	19.4812	20.8806	1804	16.7717	6	533	16	58	25	5	1.11616e+06	5.23944e-05	0.2744	
11083	309	3044	16.5808	23.5448	1808	17.7866	7	529	18	56	2	5	1.10423e+06	5.978e-05	0.1428	
10739	391	3049	15	20.7776	1768	15.7329	8	535	14	56	24	4	1.29524e+06	5.16662e-05	0.2168	
11500	397	2996	22.6047	26.5573	1731	18.2472	7	534	20	59	33	5	1.00778e+06	5.67279e-05	0.2855	
10632	398	2996	23.0193	30	1731	17.528	8	535	20	58	23	4	1.03797e+06	6.64805e-05	0.1283	
11500	400	3042	16.752	20	1839	15.4944	6	533	14	55	5	3	1.17309e+06	4.63177e-05	0.4236	
11313	313	3036	18.9056	20.9831	1899	17.2186	6	535	20	58	5	4	1.15672e+06	4.89428e-05	0.3456	
10452	400	3020	20.8918	28.8119	1752	19	5	531	16	55	11	4	1.07974e+06	6.45828e-05	0.1034	
10664	400	3036	18.0375	21.9503	1788	15.2533	5	534	14	57	27	4	1.15837e+06	5.4484e-05	0.2123	
11500	400	3033	22.2483	20.4248	1889	17.1709	10	534	19	58	2	3	1.04188e+06	4.91449e-05	0.4069	
11119	340	3030	15	20.1018	1767	18.1973	7	535	20	55	13	4	1.30516e+06	4.86547e-05	0.3275	
10792	399	3050	20.2785	20.775	1770	18.1512	9	531	18	61	16	3	1.09387e+06	5.33305e-05	0.2672	
11399	400	3026	19.7272	20.3115	1849	18.0611	10	534	15	58	19	4	1.08476e+06	4.89932e-05	0.3665	
10335	400	3032	18.0448	21.8651	1708	16.9922	8	534	16	57	21	4	1.17618e+06	5.73362e-05	0.1469	
11169	337	3050	15	21.6771	1788	15.2472	6	535	18	70	27	6	1.30039e+06	4.98728e-05	0.2833	
11449	400	3036	23.2714	23.408	1833	15.9786	10	524	11	71	19	3	1.01077e+06	5.30729e-05	0.3806	
11162	388	2992	19.5305	20.775	1831	18.4443	7	535	16	63	16	4	1.10156e+06	5.08776e-05	0.3198	
10566	400	2995	18.6164	26.9211	1831	18.3541	8	534	16	55	7	3	1.11326e+06	6.01178e-05	0.1317	
10234	398	2990	20.9186	28.1567	1707	18.5581	6	531	13	55	21	4	1.10098e+06	6.67601e-05	0.0903	
11473	382	3008	24.8523	28.2325	1751	14.3873	8	533	19	70	43	3	984553	5.9609e-05	0.2839	
10234	398	3022	20.9186	28.1567	1707	18.5581	6	531	13	55	21	4	1.10205e+06	6.63922e-05	0.0903	
10559	400	3035	16.2033	21.8651	1716	17.006	8	535	16	59	24	3	1.22845e+06	5.47795e-05	0.1626	
11071	400	3025	20.7547	22.0493	1844	15.5811	10	534	16	62	26	3	1.06119e+06	5.29465e-05	0.292	
10736	400	3011	22.8731	29.7946	1784	15.5932	10	535	18	55	24	3	1.02719e+06	6.4855e-05	0.1487	
11289	371	3048	15.6372	20.0681	1847	16.7879	7	535	16	67	6	4	1.24517e+06	4.71832e-05	0.3801	
11169	387	2966	23.0294	29.7508	1725	17.6469	8	535	19	64	26	3	1.00469e+06	6.26017e-05	0.2033	
10470	385	3015	17.2387	21.8651	1708	16.6121	5	535	20	56	24	4	1.20439e+06	5.6079e-05	0.1483	
10333	368	3022	15.466	21.221	1800	18.96	7	535	13	58	13	4	1.30289e+06	5.52761e-05	0.1365	
11462	367	3041	18.3959	20.1865	1882	16.3399	6	534	19	64	3	5	1.1394e+06	4.72344e-05	0.3835	
10549	400	3032	18.0448	21.8651	1708	16.9922	8	532	16	57	21	3	1.15634e+06	5.54324e-05	0.1939	
10225	363	3044	17.0156	23.2184	1804	15.0972	7	535	16	55	8	5	1.22707e+06	5.7857e-05	0.1153	
11399	400	3025	19.8508	21.1564	1849	18.0611	10	535	16	66	19	4	1.07368e+06	4.97413e-05	0.3546	
11500	368	3042	16.4959	20	1798	14.9579	8	534	15	57	7	3	1.19222e+06	4.6365e-05	0.4232	
10838	381	3049	16.7891	20	1782	17.9887	9	535	10	56	6	3	1.19818e+06	5.03018e-05	0.293	
11091	385	3022	18.5088	20.9556	1813	16.0192	7	534	17	55	11	4	1.12666e+06	5.04108e-05	0.3077	
10846	383	3050	15.9394	21.6865	1794	15.1361	10	535	18	65	32	4	1.22787e+06	5.24742e-05	0.2192	
11289	382	3047	15	20.5984	1732	16.1301	6	535	15	62	21	4	1.27432e+06	4.81348e-05	0.3446	
11060	400	2994	21.1547	27.3753	1792	16.584	7	535	19	55	37	3	1.03728e+06	5.94283e-05	0.1992	
10933	376	3040	15	20.1018	1857	15.0312	6	534	16	61	2	4	1.2992e+06	4.87805e-05	0.3189	
10826	390	3041	15	21.638	1750	15.0037	6	535	15	62	21	5	1.29045e+06	5.17974e-05	0.2181	
11075	394	3044	15	20	1824	15.9839	7	535	15	64	2	4	1.28207e+06	4.79962e-05	0.3469	
11500	368	3042	16.4959	20	1798	14.9579	8	534	8	57	3	3	1.19321e+06	4.62577e-05	0.4371	
10270	363	3049	18.3481	24.0987	1765	18.4983	7	533	17	57	8	5	1.17509e+06	5.92207e-05	0.1165	
11079	341	3050	18.1326	20	1824	18.0588	8	534	16	65	24	4	1.16793e+06	5e-05	0.3175	
10745	322	3020	20.3361	28.5985	1777	18.4024	5	534	20	60	12	4	1.10382e+06	6.16029e-05	0.1413	
10461	382	3013	16.1907	21.3326	1708	15.3977	5	532	20	56	24	3	1.25082e+06	5.51025e-05	0.156	
11322	392	3026	19.2764	22.4013	1843	17.6816	8	535	18	55	10	4	1.0844e+06	5.07099e-05	0.3284	
11000	396	3042	20.9771	26.7036	1826	16.5406	10	535	11	59	24	4	1.04483e+06	5.79005e-05	0.2334	
11220	382	3050	15.2555	21.2208	1700	15.3414	8	535	9	63	35	3	1.25155e+06	4.95933e-05	0.304	
11090	381	3036	18.9056	22.8648	1899	18.1027	6	535	20	55	5	4	1.10678e+06	5.1878e-05	0.283	
10418	362	3040	15	20.1018	1777	18.1973	7	535	15	55	19	4	1.33918e+06	5.35647e-05	0.1629	
10494	350	3043	17.9216	22.3777	1844	18.8145	6	535	16	55	3	4	1.18306e+06	5.5063e-05	0.1826	
11457	400	3016	22.0505	29.7946	1842	15.7369	10	535	15	73	19	3	993396	5.92979e-05	0.255	
11500	398	3010	25	21.7086	1729	15.235	9	533	14	73	11	3	1.0068e+06	5.26537e-05	0.4335	
11491	397	3033	19.2562	20.9646	1864	15.9367	6	535	14	60	7	4	1.09561e+06	4.82369e-05	0.3778	
10894	400	3042	24.8671	30	1708	17.037	10	533	14	57	37	3	1.0054e+06	6.55523e-05	0.1769	
10924	400	3044	21.0666	22.771	1768	17.5617	9	532	17	61	54	3	1.06667e+06	5.62145e-05	0.2295	
10521	400	3042	20.2061	23.3803	1798	18.2026	10	532	16	58	16	3	1.09458e+06	5.76701e-05	0.1746	
10865	399	3050	16.1941	22.2212	1745	17.5773	7	535	15	64	32	4	1.21061e+06	5.3087e-05	0.2122	
10452	400	3020	20.8918	28.8119	1759	18.8735	5	531	16	55	11	4	1.07956e+06	6.45411e-05	0.1044	
10664	400	3042	18.0375	21.9503	1788	15.2533	5	534	15	57	27	5	1.16096e+06	5.44603e-05	0.2109	
10579	359	3039	18.6936	25.2142	1749	18.4081	6	534	19	56	24	4	1.14227e+06	5.88132e-05	0.1299	
10306	400	3013	19.0631	22.245	1789	18.7202	8	534	15	57	34	4	1.15189e+06	5.93824e-05	0.1257	
11071	400	3025	20.7547	22.0493	1844	16.1575	10	534	16	63	22	3	1.06161e+06	5.28346e-05	0.2953	
10547	381	3050	15	21.2558	1778	15.1301	6	531	20	56	15	4	1.31326e+06	5.29549e-05	0.1826	
10518	370	3047	15.6192	22.1528	1748	16.1711	10	532	17	60	5	5	1.26796e+06	5.39695e-05	0.1796	
11180	325	3025	15.4966	22.0874	1812	14.6793	9	535	17	58	3	4	1.26283e+06	4.94438e-05	0.3106	
10697	400	3042	24.212	29.8201	1700	16.884	8	533	20	60	41	3	1.02628e+06	6.66711e-05	0.1437	
10899	393	3013	22.5827	30	1731	16.0677	7	535	19	61	22	3	1.02402e+06	6.37227e-05	0.1659	
10578	400	3023	19.8967	25.9112	1794	18.5589	8	535	20	55	8	5	1.0927e+06	5.95274e-05	0.1448	
11430	382	3025	18.2465	20.0683	1899	17.9607	9	535	20	55	14	4	1.12911e+06	4.77213e-05	0.3679	
11107	392	2992	19.3235	27.5987	1808	15.3967	8	535	16	63	5	3	1.06367e+06	5.74218e-05	0.2154	
11500	400	3044	18.2504	20	1841	14.3338	7	526	12	63	7	3	1.12405e+06	4.69219e-05	0.4299	
11171	399	2997	17.8573	25.8624	1778	16.6552	10	535	19	61	18	3	1.10126e+06	5.50146e-05	0.226	
10588	400	3049	21.9027	26.6498	1806	18.5611	7	535	16	55	2	4	1.0574e+06	6.0746e-05	0.1537	
10234	400	3019	20.9968	25.9112	1794	18.42	8	534	20	55	11	5	1.10068e+06	6.33673e-05	0.1048	
10290	394	3042	19.957	21.9177	1764	16.256	6	535	13	55	26	6	1.13794e+06	5.86958e-05	0.1361	
10378	400	3032	22.3613	26.5179	1800	19	9	534	20	60	29	4	1.07163e+06	6.43418e-05	0.1211	
10416	400	3034	19.2904	27.0183	1816	17.1673	10	534	16	56	20	4	1.11243e+06	6.19963e-05	0.1144	
10950	385	2992	21.5876	25.4438	1860	16.7452	8	532	19	57	15	3	1.04495e+06	5.73625e-05	0.2315	
10877	400	3044	17.1718	23.7767	1765	16.3646	6	534	18	56	10	4	1.15787e+06	5.36625e-05	0.222	
11209	400	3009	22.449	29.1561	1763	15.6644	6	535	14	60	19	3	1.00906e+06	6.04924e-05	0.2277	
11500	398	2999	24.6374	23.2932	1729	15.235	9	533	14	73	11	3	998437	5.39403e-05	0.3728	
11236	400	3041	23.4876	26.7494	1752	17.7217	10	535	15	72	12	3	1.00021e+06	5.77667e-05	0.2788	
10410	366	3033	16.5724	22.4537	1802	17.5773	7	533	18	55	11	5	1.23328e+06	5.57631e-05	0.1454	
11085	388	2997	21.2467	21.5523	1790	15.4405	10	534	20	55	17	4	1.06222e+06	5.27927e-05	0.2939	
10798	389	3050	15.0558	21.6865	1794	14.9308	6	535	18	65	32	4	1.28787e+06	5.25017e-05	0.2113	
10846	389	3050	16.3524	21.6865	1794	15.5277	6	535	18	65	32	5	1.21491e+06	5.26067e-05	0.2236	
10894	400	3042	24.6342	29.8201	1708	17.037	10	533	16	63	37	3	1.0071e+06	6.50618e-05	0.1834	
10826	357	3050	15	20.4461	1742	18.1321	7	535	17	61	21	5	1.31012e+06	5.10491e-05	0.2398	
11199	355	3050	15.4966	22.8154	1792	16.6512	7	535	13	65	17	5	1.2443e+06	5.04312e-05	0.2793	
11063	400	3029	22.0505	29.7946	1800	15.9334	10	535	15	55	23	4	1.01604e+06	6.18506e-05	0.1871	
11500	400	3041	24.4126	26.7494	1885	15.8479	8	534	4	77	12	3	986277	5.63952e-05	0.3396	
11329	394	3050	19.3698	20.775	1843	18.4338	7	535	16	67	16	3	1.09433e+06	4.93072e-05	0.3503	
11500	400	3027	24.6374	23.9335	1732	15.235	9	533	14	73	11	3	994114	5.4277e-05	0.3472	
11422	398	3004	25	29.9047	1719	18.8027	7	535	20	59	34	6	983149	6.23519e-05	0.2388	
10736	400	3009	22.8731	29.7946	1787	17.5138	10	535	17	55	24	3	1.02711e+06	6.5028e-05	0.1446	
10994	380	3044	19.8653	22.1613	1782	17.319	8	535	17	57	19	5	1.09318e+06	5.29661e-05	0.2678	
11400	395	3020	22.0114	23.3369	1869	15.7531	10	532	18	59	36	4	1.02751e+06	5.30082e-05	0.3252	
11210	391	3050	18.4021	20.775	1843	18.9657	8	535	16	60	16	3	1.12132e+06	4.96352e-05	0.3288	
11288	361	3050	15.0183	21.3369	1772	16.0704	9	535	18	69	28	5	1.2738e+06	4.90052e-05	0.306	
11113	400	3014	22.5148	26.3121	1843	15.5133	8	535	15	58	19	3	1.01744e+06	5.7554e-05	0.2494	
10893	396	3035	23.1064	29.9322	1748	15.3862	7	532	20	58	29	3	1.01953e+06	6.38978e-05	0.1759	
11419	400	3041	20.2956	20.5349	1783	15.4704	9	534	13	60	9	3	1.07026e+06	4.88878e-05	0.3784	
10587	351	3017	19.8075	26.9211	1775	18.0135	10	535	17	55	18	4	1.10545e+06	6.1024e-05	0.1243	
10894	400	3042	23.6164	24.9632	1708	17.7219	10	532	19	56	37	3	1.02276e+06	5.94248e-05	0.2179	
11174	400	3044	17.3589	20	1839	14.8001	6	533	15	60	5	3	1.16223e+06	4.81603e-05	0.3542	
10225	315	3036	16.0051	22.7726	1770	17.9959	7	535	17	59	2	5	1.3024e+06	5.71461e-05	0.1075	
10590	392	3024	16.4038	21.9252	1843	15.7937	8	535	18	55	26	4	1.21931e+06	5.44484e-05	0.1735	
11299	368	3042	17.3361	20	1822	14.9579	8	534	8	65	2	3	1.28091e+06	5.41712e-05	0.1654	
10912	400	3016	21.3521	24.4559	1862	15.881	8	535	16	57	16	4	1.05136e+06	5.62461e-05	0.2351	
11500	399	3019	24.7352	26.2687	1853	16.5313	8	535	20	68	19	3	984259	5.6478e-05	0.3048	
11003	400	3038	15	21.6771	1795	15.7619	8	535	17	59	28	4	1.2698e+06	5.08828e-05	0.2499	
11097	400	3009	23.8658	24.6425	1789	18.3854	6	535	17	55	37	3	1.01769e+06	5.78737e-05	0.2456	
11375	395	3016	22.0505	24.4246	1775	15.2076	10	535	15	55	13	3	1.01762e+06	5.38938e-05	0.323	
10840	400	3023	22.6144	26.5179	1733	19	9	534	17	59	40	4	1.03509e+06	6.11359e-05	0.1794	
10593	359	3042	15.8125	22.2095	1719	14.9731	7	534	19	61	19	5	1.2645e+06	5.42682e-05	0.1637	
10317	377	3033	17.1226	23.7767	1763	16.0689	7	531	17	55	17	5	1.2082e+06	5.83056e-05	0.1134	
11258	400	3040	19.4847	23.4638	1773	16.0238	8	534	20	59	22	6	1.07753e+06	5.24769e-05	0.303	
10683	400	3027	17.8358	20.8119	1773	16.67	8	534	18	56	29	4	1.16332e+06	5.36913e-05	0.2159	
10891	398	2996	23.1064	30	1769	17.528	8	535	20	60	32	4	1.01871e+06	6.46412e-05	0.1581	
11220	392	3039	20.8372	23.1922	1846	14.5548	7	535	17	61	18	3	1.05502e+06	5.25873e-05	0.2986	
10664	400	3028	25	28.9114	1708	17.9045	10	535	16	60	37	3	1.02191e+06	6.65779e-05	0.1487	
10275	400	3043	18.9441	26.9432	1771	18.6254	7	535	16	55	4	4	1.13405e+06	6.23286e-05	0.0887	
10640	389	3024	17.0751	25.2119	1843	15.7937	8	534	20	55	26	4	1.17353e+06	5.7435e-05	0.1504	
11329	396	3042	15.5639	22.3215	1810	16.7373	8	535	10	61	29	4	1.21773e+06	4.96722e-05	0.3121	
10418	362	3040	15.363	20.1018	1777	18.1973	7	535	16	55	19	4	1.31493e+06	5.36999e-05	0.1668	
10547	370	3050	15.8539	21.2922	1778	15.1301	5	535	20	55	20	4	1.26886e+06	5.3516e-05	0.1698	
10422	374	3050	19.2586	21.7393	1708	15.1586	5	535	17	56	13	4	1.14883e+06	5.6262e-05	0.1678	
11400	395	3026	21.1283	23.0008	1869	15.7531	10	532	20	60	36	4	1.04099e+06	5.2203e-05	0.3283	
11500	400	3016	22.0505	29.7946	1842	15.7369	10	535	15	71	19	3	991693	5.90947e-05	0.2594	
11295	392	3014	24.3926	25.4072	1803	16.0067	8	535	17	66	13	3	999540	5.66476e-05	0.2908	
10652	399	3027	20.8338	24.2575	1781	16.5867	8	533	16	60	13	4	1.07636e+06	5.77367e-05	0.1947	
10961	400	3045	16.7891	20	1769	15.2761	8	535	8	58	2	3	1.18677e+06	4.92344e-05	0.3272	
11500	400	3045	17.3589	20	1827	17.2242	8	532	17	63	2	3	1.1471e+06	4.66461e-05	0.4251	
11016	391	3050	20.1613	21.3201	1795	18.5503	7	535	18	57	29	4	1.0912e+06	5.26454e-05	0.2684	
10610	400	3035	18.6164	26.9211	1831	18.5611	8	535	14	55	7	3	1.11127e+06	5.93754e-05	0.1377	
10736	400	3009	21.859	29.7946	1836	15.4696	10	535	17	55	23	4	1.0379e+06	6.40985e-05	0.1425	
10225	400	3043	17.4922	23.7767	1763	16.0689	7	532	17	55	3	5	1.19328e+06	5.84624e-05	0.1172	
10826	390	3041	15	21.638	1816	16.0986	6	535	15	62	21	5	1.28952e+06	5.1709e-05	0.2241	
10257	391	3038	21.5962	28.3758	1717	17.5968	6	535	15	55	28	4	1.09445e+06	6.69568e-05	0.0931	
11273	399	2996	17.8573	25.8624	1843	16.6552	10	534	20	60	11	3	1.09515e+06	5.40628e-05	0.2503	
10944	377	3010	22.7226	26.6774	1740	19	8	535	20	58	31	4	1.03494e+06	6.03136e-05	0.2006	
11269	377	3039	16.1117	23.3369	1764	15.7531	10	535	20	58	18	3	1.18561e+06	5.0888e-05	0.2703	
10575	371	3026	20.5643	29.0942	1764	18.7066	5	534	15	57	2	4	1.08366e+06	6.32311e-05	0.1209	
10225	391	3023	17.4922	25.5364	1763	16.8193	8	532	12	55	3	5	1.18641e+06	6.04851e-05	0.0996	
10984	388	3038	21.6478	28.3758	1718	18.3934	6	533	17	55	19	4	1.03954e+06	6.07054e-05	0.1898	
10587	400	3039	23.3032	28.1905	1752	17.278	9	535	14	55	8	4	1.03808e+06	6.3804e-05	0.1515	
10579	387	3050	18.6936	24.3755	1809	18.4081	6	535	18	56	33	4	1.13742e+06	5.81395e-05	0.1373	
11500	398	2999	24.6374	23.2932	1729	15.235	9	535	14	73	3	3	997630	5.38155e-05	0.3739	
11003	400	3043	15	21.6771	1795	15.7619	9	535	15	59	28	4	1.2689e+06	5.08363e-05	0.2538	
10677	400	3029	20.7062	29.057	1720	17.0359	6	535	15	56	25	3	1.06521e+06	6.33152e-05	0.1268	
11500	391	3022	23.336	23.6554	1789	17.1417	10	533	17	65	16	4	1.0098e+06	5.32708e-05	0.3443	
11500	398	3021	20.9049	20	1798	16.675	10	529	14	74	6	3	1.06164e+06	4.85555e-05	0.4252	
10166	344	3050	18.8396	24.5417	1731	18.4081	8	535	5	55	17	5	1.17835e+06	6.14137e-05	0.0985	
11500	398	2993	24.4126	25.3529	1732	16.776	10	526	11	75	12	3	987883	5.60475e-05	0.3752	
10894	385	3042	24.6342	29.8201	1708	18.5275	10	533	20	56	35	3	1.01099e+06	6.53467e-05	0.1639	
11500	399	3042	24.9812	29.0591	1804	17.6369	7	533	16	60	37	3	977461	6.00925e-05	0.2866	
11220	392	3022	20.9004	23.1922	1846	15.4207	8	535	17	61	18	3	1.05128e+06	5.28234e-05	0.297	
11396	395	3036	21.1283	23.3369	1869	16.0467	7	532	20	59	24	4	1.04391e+06	5.21132e-05	0.326	
10456	389	3045	16.3715	21.6865	1819	15.872	10	535	18	55	34	4	1.23423e+06	5.56793e-05	0.1522	
10677	399	2992	20.9621	29.057	1815	17.0359	6	535	12	57	25	3	1.05852e+06	6.35122e-05	0.1381	
10462	400	3008	20.6477	26.1978	1773	18.4968	7	535	20	59	22	4	1.08983e+06	6.20194e-05	0.1221	
10773	391	3044	19.7118	21.0768	1768	14.7782	8	535	14	58	45	3	1.10997e+06	5.4606e-05	0.2304	
10765	400	3035	22.458	30	1700	15.7913	7	535	18	55	20	4	1.03404e+06	6.45286e-05	0.141	
11040	368	3050	15.4052	22.2123	1776	15.7446	9	534	16	68	27	5	1.2517e+06	5.12689e-05	0.2534	
10225	400	3046	18.153	23.7767	1765	16.3018	6	535	17	56	8	5	1.1759e+06	5.90842e-05	0.1156	
10440	383	2975	18.5855	23.1376	1872	17.0913	9	535	17	56	14	3	1.14262e+06	5.75705e-05	0.1607	
11215	343	3023	18.2152	20	1829	18.2098	7	535	13	55	10	5	1.16481e+06	4.88878e-05	0.3452	
11250	333	3050	15.1967	20.0648	1806	14.1552	9	535	12	57	2	3	1.23171e+06	5.18807e-05	0.2447	
10579	372	3050	18.6936	24.3755	1765	18.4081	6	535	18	56	33	4	1.14331e+06	5.82751e-05	0.1353	
11120	400	2998	21.7133	27.8468	1711	17.2741	10	533	20	57	12	3	1.02115e+06	5.93895e-05	0.2204	
10377	336	3047	18.2673	26.0226	1749	18.4694	7	534	10	56	10	4	1.17177e+06	6.02991e-05	0.1077	
11500	400	3040	21.4473	21.3653	1853	16.6552	10	535	12	73	21	3	1.0423e+06	4.99151e-05	0.3823	
10750	356	3026	15.7929	21.8651	1708	15.0972	5	535	16	64	20	3	1.25702e+06	5.29773e-05	0.2071	
11301	400	3021	22.8144	23.4554	1819	17.7948	8	534	17	67	13	4	1.02226e+06	5.37519e-05	0.3163	
11106	400	3016	21.3521	23.7555	1852	15.617	8	535	15	55	16	3	1.04248e+06	5.42918e-05	0.2737	
10797	394	3011	19.2658	26.2583	1869	18.7405	8	535	14	55	13	4	1.08946e+06	5.80147e-05	0.1863	
11227	400	3025	21.5375	25.4204	1795	16.3283	8	535	19	63	16	3	1.02778e+06	5.53802e-05	0.2776	
10723	400	3012	20.4972	22.3142	1775	18.8597	8	529	16	58	23	4	1.08736e+06	5.59347e-05	0.2256	
10842	387	3009	18.0975	21.917	1768	17.3315	7	535	17	56	28	4	1.14479e+06	5.36884e-05	0.2355	
11105	349	3050	16.2035	22.5908	1738	14	6	534	17	56	8	3	1.21418e+06	5.06022e-05	0.2869	
10697	400	3050	24.212	29.8201	1700	16.884	8	533	15	58	37	3	1.02559e+06	6.64011e-05	0.1487	
11176	389	3018	23.67	30	1811	18.5384	10	535	11	56	20	3	997050	6.24181e-05	0.2227	
10877	391	3044	17.1718	23.7767	1765	16.3646	6	535	18	56	10	5	1.16292e+06	5.36942e-05	0.2173	
10579	359	3050	19.2112	24.3755	1729	18.4081	6	535	18	56	17	4	1.13154e+06	5.78302e-05	0.1541	
10587	400	3039	23.3032	28.1905	1752	16.8477	9	535	20	55	8	4	1.03827e+06	6.38162e-05	0.1453	
11086	400	3046	22.8011	30	1781	17.3648	10	535	15	63	8	3	1.00608e+06	6.18162e-05	0.2045	
11169	349	3050	15	21.6771	1806	15.7154	8	535	18	65	24	4	1.28426e+06	4.96278e-05	0.2886	
10624	388	3049	23.1064	29.3958	1725	18.7437	5	530	18	56	28	3	1.04558e+06	6.55738e-05	0.1359	
10549	382	3006	16.1907	21.1746	1783	15.3528	5	535	20	56	24	4	1.24704e+06	5.418e-05	0.1727	
11391	369	3039	16.1644	23.3369	1764	15.7531	10	535	20	55	25	4	1.18519e+06	5.04668e-05	0.2889	
11174	339	3048	17.3589	20.5283	1839	14.8001	7	534	20	60	4	5	1.1903e+06	4.85861e-05	0.3348	
10524	392	2998	16.6224	23.9548	1873	16.3533	7	535	18	59	4	4	1.20047e+06	5.60915e-05	0.1605	
11410	327	3039	18.3959	20.1865	1882	14.7726	6	535	20	58	3	4	1.16705e+06	4.73934e-05	0.3726	
11500	394	3018	15	21.5402	1803	14.1119	10	535	15	56	10	3	1.24365e+06	4.74338e-05	0.3707	
11176	400	3018	23.67	30	1811	18.5384	10	535	16	56	19	4	994762	6.24298e-05	0.2154	
11490	399	3043	22.2569	21.9471	1859	16.6552	10	535	16	60	25	3	1.02975e+06	5.09347e-05	0.3577	
10442	400	3033	17.8142	20	1871	15.3191	7	535	15	55	12	3	1.18203e+06	5.36193e-05	0.2206	
10208	380	3019	19.7757	20.9532	1770	17.7551	6	533	18	55	18	4	1.15289e+06	5.84385e-05	0.1303	
10926	391	3024	20.3374	28.3758	1732	18.0304	6	535	16	55	18	4	1.05997e+06	6.04449e-05	0.1686	
11117	343	3040	17.678	20.1865	1899	17.0553	6	535	20	58	6	4	1.1813e+06	4.88257e-05	0.3361	
11296	399	3023	18.4977	20.5017	1820	15.9618	8	534	20	58	2	4	1.11623e+06	4.86263e-05	0.3558	
11019	400	3023	15.732	21.2873	1758	16.5597	8	535	16	61	20	4	1.22482e+06	5.06303e-05	0.2821	
11329	400	3050	19.5305	20.8382	1835	18.5804	7	534	17	58	13	4	1.09351e+06	4.93705e-05	0.3481	
11235	400	3004	18.4415	20.7294	1854	14	6	535	15	60	3	4	1.12471e+06	4.90894e-05	0.347	
11376	397	3022	23.6726	27.2114	1795	14	8	535	17	62	27	3	993447	5.77734e-05	0.2834	
11180	326	3040	15.4966	21.9524	1812	14.6793	8	535	17	62	3	4	1.26506e+06	4.92271e-05	0.3165	
10921	381	3029	15.8029	21.6771	1746	17.351	10	535	11	60	21	4	1.2294e+06	5.17357e-05	0.2468	
11230	400	3045	21.4363	21.8455	1838	16.7038	10	535	13	61	18	4	1.04913e+06	5.1784e-05	0.3266	
10487	340	3026	19.1104	24.1557	1743	16.0208	5	535	16	55	32	4	1.15585e+06	5.90458e-05	0.1284	
11086	400	3016	21.8654	30	1775	17.6839	10	535	13	56	19	3	1.01484e+06	6.20501e-05	0.1879	
11079	341	3046	18.1326	20	1824	18.0588	8	534	16	64	24	4	1.16804e+06	5.003e-05	0.3168	
11176	384	3018	23.67	29.2191	1811	18.5384	10	535	15	58	20	3	1.00076e+06	6.14628e-05	0.2304	
10894	400	3042	24.8671	29.8201	1708	17.037	10	533	16	63	37	3	1.0056e+06	6.52188e-05	0.184	
11400	395	3036	20.412	22.8636	1869	15.7531	10	532	18	59	11	4	1.0544e+06	5.09788e-05	0.3397	
11500	400	3034	22.0505	21.1508	1838	16.6552	10	535	8	72	18	3	1.037e+06	5.00551e-05	0.4071	
10225	400	3044	15.6192	22.1528	1765	18.3649	9	535	15	62	4	5	1.28605e+06	5.66765e-05	0.1202	
11500	381	3049	16.7891	20	1782	15.2761	9	534	7	61	2	3	1.17307e+06	4.63714e-05	0.4485	
11233	392	3049	18.6164	26.9211	1812	18.5611	7	535	15	56	7	3	1.08002e+06	5.53802e-05	0.2337	
11416	398	2997	18.4256	21.1353	1886	14	9	535	17	58	8	4	1.10858e+06	4.8605e-05	0.361	
11500	400	3010	24.4925	29.9322	1731	17.6602	6	535	20	59	32	3	979286	6.13271e-05	0.2516	
11500	400	3044	20.6306	21.2468	1836	14.3513	6	535	13	60	5	3	1.06433e+06	4.89237e-05	0.3812	
11329	396	3042	15.5639	22.3215	1786	16.7373	8	535	10	64	20	4	1.21606e+06	4.94486e-05	0.3146	
11301	400	3021	21.5423	23.4554	1845	17.5003	8	534	17	67	6	3	1.03524e+06	5.2776e-05	0.3149	
10840	400	3023	22.5907	26.5179	1721	18.0611	10	534	17	59	40	4	1.03418e+06	6.1065e-05	0.1833	
11430	382	3025	18.2465	20.0683	1899	18.1747	9	535	20	55	14	4	1.12862e+06	4.77441e-05	0.3678	
10594	372	3034	19.0899	20.9952	1780	16.7539	5	535	20	55	3	3	1.14186e+06	5.37519e-05	0.2156	
10736	400	3009	21.859	23.1555	1856	15.4696	7	535	17	55	19	4	1.06293e+06	5.6802e-05	0.2319	
11000	400	3042	19.0867	26.7036	1822	17.5272	7	535	11	58	12	4	1.08017e+06	5.67183e-05	0.2125	
11120	400	2998	22.163	27.8468	1848	17.2741	9	533	19	55	12	3	1.01537e+06	5.91926e-05	0.2419	
10901	382	3008	16.7381	22.7396	1813	15.0608	8	532	20	55	37	3	1.18318e+06	5.36078e-05	0.2217	
11405	391	3022	23.336	24.05	1772	17.1417	10	533	17	65	7	5	1.01183e+06	5.40599e-05	0.329	
10452	400	3026	20.8918	28.8119	1759	19	5	531	16	55	11	4	1.07983e+06	6.44912e-05	0.1039	
10410	358	3032	16.6447	22.4537	1786	17.5773	7	533	19	56	11	5	1.23456e+06	5.58722e-05	0.1428	
11113	400	3038	22.26	26.4361	1900	16.3915	8	535	11	58	20	3	1.02158e+06	5.71853e-05	0.2562	
10904	400	3012	22.26	27.3116	1868	18.5191	7	533	20	63	26	3	1.03257e+06	6.02773e-05	0.204	
11500	388	3041	20.0976	20.5349	1820	15.4704	6	535	14	55	9	3	1.08473e+06	4.82602e-05	0.3902	
11418	367	3041	18.3959	20.1865	1867	16.3399	6	534	19	64	2	5	1.14069e+06	4.74654e-05	0.3771	
10225	395	3043	17.4922	23.7767	1763	16.0689	7	533	17	55	2	5	1.19452e+06	5.84283e-05	0.1165	
11500	391	3018	22.8144	30	1840	14.1119	10	532	17	68	25	3	987266	5.97943e-05	0.266	
11500	398	2999	24.6374	25.4613	1729	15.235	9	533	15	66	14	3	986224	5.61073e-05	0.3476	
10894	400	3042	24.6342	29.8201	1708	17.037	10	533	16	62	37	3	1.00716e+06	6.50872e-05	0.1819	
11413	397	2996	22.6047	28.2566	1767	18.7868	7	535	20	59	26	3	1.00046e+06	5.88374e-05	0.2535	
10655	359	3042	18.6936	24.0623	1732	18.4081	6	535	19	58	24	4	1.14296e+06	5.70907e-05	0.1583	
10758	394	2988	19.2658	26.2583	1869	18.5611	8	535	15	55	13	4	1.09123e+06	5.84932e-05	0.1782	
11182	400	3042	25	29.8201	1700	16.884	8	533	19	60	6	3	988863	6.25978e-05	0.228	
10893	398	2996	23.1064	30	1731	17.528	8	535	20	60	32	4	1.0188e+06	6.47626e-05	0.1571	
11000	400	3039	23.2258	26.2409	1822	17.5272	7	534	11	58	28	4	1.02125e+06	5.88963e-05	0.2298	
10415	337	3042	20.8265	22.7668	1764	18.3323	7	535	13	55	26	6	1.13066e+06	5.89901e-05	0.139	
10894	400	3042	24.6342	29.8201	1708	17.7219	10	533	19	56	37	3	1.00668e+06	6.53125e-05	0.1666	
11091	385	3023	18.5088	20.7795	1813	16.3725	5	534	17	57	23	4	1.13476e+06	5.06817e-05	0.3069	
10774	399	3037	16.1941	21.6526	1746	17.5773	7	534	18	61	29	5	1.22138e+06	5.32e-05	0.2022	
10736	400	3019	22.4957	29.7946	1787	15.5932	10	535	17	55	23	4	1.03214e+06	6.45078e-05	0.1449	
11500	377	3040	19.1857	20.5647	1846	14.8239	9	535	16	58	7	3	1.09976e+06	4.77601e-05	0.3828	
10365	363	3049	18.3481	23.7041	1765	18.4983	7	533	17	57	14	4	1.16841e+06	5.82886e-05	0.1291	
11273	400	3050	17.7584	25.7889	1843	16.6552	10	535	20	56	14	3	1.10017e+06	5.35533e-05	0.2459	
10415	337	3042	20.8265	21.5121	1786	18.3323	7	535	15	55	26	6	1.13889e+06	5.78503e-05	0.1534	
10736	400	3009	22.4957	29.7946	1787	15.5932	10	535	17	55	23	3	1.0303e+06	6.45995e-05	0.1463	
10378	400	3036	22.0337	26.5179	1780	19	8	534	20	58	38	4	1.07912e+06	6.46412e-05	0.107	
10970	385	3048	20.5111	20.5647	1702	14.8239	10	535	16	58	7	3	1.08474e+06	5.16716e-05	0.3015	
11395	371	3049	19.5934	21.853	1846	17.023	8	534	18	64	23	4	1.08945e+06	5.00425e-05	0.3485	
10459	354	3011	19.4809	28.4551	1741	18.321	8	535	16	55	8	3	1.11583e+06	6.33152e-05	0.1026	
11205	400	3039	23.5734	26.9031	1752	18.3009	8	535	14	59	30	4	1.00508e+06	5.87993e-05	0.2507	
10687	390	2988	19.3503	26.2583	1869	18.2786	8	535	15	55	13	4	1.09546e+06	5.90354e-05	0.167	
11105	349	3050	16.2207	22.5908	1738	14	6	534	17	56	8	3	1.2134e+06	5.06073e-05	0.2873	
11329	389	3050	19.5305	21.1213	1833	18.5804	7	535	16	58	10	4	1.09505e+06	4.9554e-05	0.3437	
11061	392	2992	19.3235	27.5987	1808	15.3967	8	535	19	63	2	3	1.06586e+06	5.76236e-05	0.2064	
11493	400	3041	20.9509	21.0663	1764	15.4704	6	534	16	66	2	3	1.05999e+06	4.91908e-05	0.3929	
11210	392	3050	18.4021	20.4129	1867	16.9497	8	535	16	56	14	5	1.12961e+06	4.9034e-05	0.3325	
11145	391	3018	22.8144	30	1771	14.1119	10	532	17	68	25	3	1.00507e+06	6.19655e-05	0.2158	
10587	354	3017	19.4847	22.117	1775	18.7448	8	535	17	55	18	4	1.13263e+06	5.60664e-05	0.1801	
11500	399	2999	24.6374	23.1381	1758	14.8665	10	533	15	73	11	3	996668	5.3697e-05	0.3848	
10965	393	2990	22.729	30	1740	18.8258	10	535	19	59	34	3	1.01671e+06	6.42756e-05	0.1604	
11500	397	3044	17.3589	20	1843	15.254	7	535	13	61	2	3	1.15025e+06	4.64576e-05	0.4117	
10950	398	2966	19.8562	27.3753	1872	15.5173	9	535	20	57	15	3	1.05763e+06	5.87475e-05	0.198	
10916	400	3042	24.6342	29.8201	1708	15.4472	10	533	16	61	37	3	1.00537e+06	6.48004e-05	0.1876	
11364	397	2996	22.6047	22.0508	1777	14	7	535	20	59	33	3	1.03304e+06	5.26482e-05	0.3358	
11292	400	3029	15.4547	21.6771	1763	17.1735	9	535	18	57	31	4	1.22613e+06	4.96919e-05	0.2983	
10954	394	3023	16.1941	20.9578	1722	18.5958	6	535	18	63	32	5	1.21836e+06	5.1843e-05	0.2499	
11500	400	3027	23.791	30	1803	14.1119	9	535	15	72	30	3	977399	6.031e-05	0.2687	
10819	399	3047	24.128	24.5381	1700	18.6936	9	533	17	57	37	3	1.02753e+06	6.0024e-05	0.2119	
11235	400	3002	18.4415	20.5319	1839	14	6	535	15	60	3	4	1.1262e+06	4.89812e-05	0.3493	
11336	392	3050	18.6011	20.775	1867	16.9497	8	535	16	56	7	5	1.11792e+06	4.85343e-05	0.3512	
11380	383	3018	23.8718	26.0862	1745	14.603	9	535	16	63	60	4	1.00353e+06	5.78035e-05	0.2785	
11230	393	3038	22.8145	25.3413	1884	15.8565	10	534	13	69	25	4	1.01709e+06	5.58098e-05	0.2903	
10894	400	3047	24.6342	29.8201	1708	17.7219	10	530	19	56	37	3	1.00659e+06	6.52529e-05	0.1752	
11413	397	2996	22.6047	28.2566	1767	18.7868	7	535	20	59	16	3	999738	5.86201e-05	0.2586	
10824	385	3007	22.8273	28.957	1815	17.3284	8	535	19	56	23	3	1.02948e+06	6.31473e-05	0.1675	
11500	400	3042	20.4387	21.1508	1812	16.6303	9	535	12	67	21	3	1.06073e+06	4.93364e-05	0.3815	
11399	400	3026	20.5253	20.3115	1844	18.0036	10	534	15	58	19	4	1.07181e+06	4.9373e-05	0.3674	
10638	399	3038	22.1376	29.8201	1704	17.0715	7	533	10	56	25	3	1.04576e+06	6.52571e-05	0.1327	
11328	393	3050	19.5305	20.775	1843	18.5804	8	535	16	63	3	4	1.09236e+06	4.90557e-05	0.3512	
10166	344	3050	18.8396	24.5417	1731	18.4081	7	534	5	55	17	5	1.1797e+06	6.1361e-05	0.0986	
11072	398	2996	23.239	28.0554	1731	18.7868	7	535	20	59	23	3	1.01054e+06	6.10762e-05	0.2133	
11258	400	3040	20.0438	26.9211	1775	16.0238	8	534	16	59	22	6	1.05019e+06	5.6281e-05	0.2423	
10578	371	3026	20.4516	29.0942	1765	18.8348	7	534	13	55	12	4	1.08272e+06	6.35445e-05	0.1154	
10481	379	3024	20.3374	28.3758	1718	18.0304	6	535	16	55	15	4	1.09399e+06	6.37105e-05	0.1016	
11400	395	3027	21.1283	23.3369	1869	15.7531	10	532	20	59	33	4	1.0388e+06	5.24136e-05	0.3265	
10524	395	3000	16.4338	23.9548	1873	16.0428	7	535	18	59	4	3	1.20563e+06	5.59566e-05	0.1599	
10256	400	3046	18.9674	25.3263	1767	18.4081	8	535	8	56	6	5	1.14123e+06	6.07755e-05	0.1119	
11156	400	3050	18.4976	20	1810	15.5405	9	535	15	61	18	4	1.12433e+06	4.92465e-05	0.3352	
11412	400	3033	19.2562	20.3079	1873	15.9367	6	535	16	60	7	4	1.10237e+06	4.80654e-05	0.377	
10736	400	3009	22.4957	29.7946	1787	18.4467	9	535	17	55	7	3	1.03016e+06	6.43087e-05	0.151	
10420	392	3049	18.6164	26.9211	1812	18.5611	8	535	15	56	7	3	1.12882e+06	6.08236e-05	0.1101	
11393	400	3050	19.5305	20.775	1849	18.5804	8	535	16	64	3	4	1.08724e+06	4.87045e-05	0.3614	
10579	372	3050	18.6936	24.3755	1836	18.4081	6	535	18	56	33	4	1.142e+06	5.80653e-05	0.1402	
11169	349	3046	15	22.0733	1806	15.4535	8	535	18	65	24	5	1.28407e+06	5.0005e-05	0.2779	
11311	377	3043	15	21.2208	1715	18.4499	10	535	9	67	20	3	1.26083e+06	4.88854e-05	0.3201	
11391	400	3034	16.808	23.3369	1764	17.1165	10	535	20	57	18	4	1.14381e+06	5.06534e-05	0.2899	
10587	398	3039	23.3032	28.1905	1752	16.6141	7	535	14	55	8	3	1.03947e+06	6.37064e-05	0.1509	
10647	400	3034	18.0448	21.8651	1708	16.9922	8	535	16	57	21	4	1.15151e+06	5.46717e-05	0.2081	
10877	388	3050	18.92	22.9232	1852	15.7461	7	533	19	57	56	4	1.12144e+06	5.54109e-05	0.2068	
10723	400	3012	21.0309	22.3142	1801	18.4311	8	532	16	58	24	5	1.08196e+06	5.6205e-05	0.2209	
11500	391	3018	23.791	22.0925	1803	14.1119	10	535	15	59	33	3	1.01495e+06	5.23314e-05	0.3745	
11107	378	3050	18.223	20.775	1832	18.1512	9	535	17	60	16	5	1.13763e+06	5.01479e-05	0.3105	
10462	400	3029	20.6477	26.4308	1793	18.5333	7	534	19	59	29	5	1.0928e+06	6.23519e-05	0.1192	
10420	383	3050	19.2586	21.7393	1708	15.1586	5	534	17	56	13	4	1.14567e+06	5.62556e-05	0.1703	
11500	399	2996	22.6047	28.2566	1731	17.74	7	535	20	61	33	4	999348	5.85686e-05	0.261	
10520	391	3027	23.6524	25.291	1770	19	9	532	16	55	47	3	1.05264e+06	6.36699e-05	0.1381	
11114	393	3016	23.67	25.3582	1789	18.6196	10	535	13	56	12	5	1.01308e+06	5.75871e-05	0.2608	
11500	368	3042	16.4959	20	1798	15.8968	9	534	8	57	2	3	1.19217e+06	4.63027e-05	0.4372	
10579	359	3039	18.6936	24.3755	1732	18.4494	7	535	19	56	24	4	1.14496e+06	5.80619e-05	0.1363	
11086	400	3050	22.7567	30	1790	17.3648	10	535	15	63	19	3	1.00679e+06	6.1954e-05	0.199	
10810	336	3034	19.0899	20.9952	1742	17.2225	5	535	19	55	3	3	1.14944e+06	5.23725e-05	0.2591	
10290	394	3042	20.6975	23.5322	1764	16.2579	6	535	13	55	28	5	1.11681e+06	6.07275e-05	0.1291	
11500	368	3026	16.9223	20	1899	16.7104	6	534	16	59	5	4	1.18575e+06	4.64554e-05	0.4016	
10799	396	3018	23.433	29.3676	1823	16.7621	8	535	19	55	23	3	1.02205e+06	6.40369e-05	0.1622	
11322	392	3026	19.0829	22.4013	1843	17.6816	8	535	18	55	10	4	1.08892e+06	5.06252e-05	0.3295	
10933	400	3034	15	20.1018	1863	16.7322	8	534	18	57	2	4	1.28393e+06	4.88759e-05	0.3188	
10457	400	3019	19.0631	23.3042	1789	18.7202	9	534	15	58	34	4	1.13322e+06	5.8872e-05	0.1378	
11011	377	3048	15.1678	20.134	1705	16.8115	10	533	13	60	2	4	1.27247e+06	4.88711e-05	0.3208	
10225	363	3040	16.9057	22.3078	1765	15.8888	6	533	17	55	8	5	1.23824e+06	5.70972e-05	0.1293	
11410	313	3036	18.9056	21.4543	1899	17.9192	6	535	20	58	6	4	1.15077e+06	4.88998e-05	0.3475	
11482	395	3021	25	28.3441	1779	14.9701	10	533	13	74	23	3	975546	5.92522e-05	0.3013	
10371	363	3044	17.3382	23.7767	1803	16.0977	8	533	17	55	18	5	1.19981e+06	5.77934e-05	0.12	
11413	397	2996	23.7994	28.2566	1767	18.7868	7	535	20	57	16	3	988946	5.92698e-05	0.2668	
10511	323	3030	16.1884	21.8651	1725	15.0972	5	534	16	57	22	3	1.27287e+06	5.48366e-05	0.1572	
11183	363	3050	15.988	21.6771	1794	15.2251	9	535	19	62	27	3	1.21432e+06	4.99351e-05	0.2993	
10583	382	3034	20.944	27.7979	1752	17.6067	7	535	16	59	16	4	1.0772e+06	6.22626e-05	0.1376	
10457	400	3013	19.0631	23.3042	1789	18.7202	8	534	15	57	34	4	1.1344e+06	5.88928e-05	0.1351	
11264	354	3033	17.3589	20	1868	17.9584	6	535	14	62	11	3	1.18095e+06	4.80769e-05	0.3573	
11090	313	3036	18.9056	22.2044	1899	18.5759	6	535	20	55	5	4	1.15166e+06	5.13294e-05	0.2883	
11227	400	3025	21.5179	25.4204	1816	16.3283	7	535	14	63	16	3	1.02989e+06	5.52822e-05	0.2851	
11500	391	3018	23.791	22.0925	1803	14.1119	10	535	15	72	33	3	1.01482e+06	5.23122e-05	0.3886	
11000	400	3040	19.2904	28.1495	1824	17.5272	7	535	12	58	12	4	1.0713e+06	5.8459e-05	0.196	
11244	400	3033	16.7009	20	1871	17.9584	6	535	14	62	6	3	1.18506e+06	4.77783e-05	0.3608	
11370	400	3016	22.0505	29.7946	1793	16.0407	8	535	14	73	16	3	999035	5.98731e-05	0.2407	
11249	400	3042	24.212	29.3167	1708	17.5267	7	533	16	62	21	3	992817	6.13911e-05	0.2411	
10723	400	3012	21.0309	22.3142	1775	18.4311	8	532	16	58	23	4	1.07928e+06	5.62114e-05	0.2189	
11500	368	3031	17.8629	20	1899	16.7104	7	534	19	59	5	4	1.15037e+06	4.67727e-05	0.3918	
10871	355	3042	18.4146	20.0078	1839	17.849	8	535	16	55	20	4	1.16065e+06	5.12584e-05	0.2699	
10566	384	2990	18.6164	27.6291	1831	18.3541	8	534	20	55	2	3	1.11535e+06	6.07977e-05	0.1239	
11289	392	3037	15	20	1733	16.1301	6	535	15	63	3	4	1.27361e+06	4.71676e-05	0.3729	
10398	382	3003	16.0889	21.1746	1708	15.3528	7	535	20	56	24	5	1.26207e+06	5.56793e-05	0.1341	
11086	400	3016	22.0505	30	1852	15.6516	10	535	15	71	19	3	1.01267e+06	6.1546e-05	0.2104	
10302	400	3049	17.6231	21.8651	1708	16.9922	8	533	16	57	22	4	1.19397e+06	5.73099e-05	0.1376	
11168	389	3016	22.5084	25.8624	1869	15.2335	10	535	15	72	18	3	1.0199e+06	5.66027e-05	0.2751	
10553	373	3038	15.7123	20	1766	18.5727	6	535	16	58	31	3	1.2813e+06	5.34274e-05	0.1824	
10575	400	3029	17.3688	21.6771	1745	17.7157	6	534	16	58	27	4	1.18616e+06	5.50964e-05	0.1806	
10614	361	3026	17.9216	22.2587	1728	18.1083	5	535	16	58	34	4	1.18022e+06	5.60318e-05	0.1671	
11500	400	3026	22.0505	25.1399	1838	16.9517	10	535	12	57	21	3	1.00903e+06	5.39316e-05	0.3299	
10950	385	3000	21.5876	25.4438	1886	16.7621	8	535	19	57	8	3	1.04525e+06	5.69963e-05	0.2307	
11090	313	3036	18.9056	22.2044	1899	18.5759	6	535	20	58	5	4	1.15329e+06	5.13136e-05	0.2897	
10583	357	3046	15	20.4825	1742	18.1321	7	535	17	59	21	5	1.32771e+06	5.2815e-05	0.1786	
10580	392	3037	18.7331	23.8079	1831	18.5611	7	535	17	55	16	5	1.13264e+06	5.68602e-05	0.1665	
10511	323	3030	16.1884	21.8651	1725	14.6661	5	534	16	57	22	3	1.27281e+06	5.48155e-05	0.1582	
10619	351	3017	19.4847	26.9211	1775	15.2652	8	535	17	55	18	4	1.11155e+06	6.02918e-05	0.1334	
11106	400	3016	21.3521	24.4559	1852	15.617	8	535	15	57	16	3	1.03942e+06	5.49451e-05	0.2655	
10396	400	3049	18.6654	21.8651	1753	16.9922	8	533	16	57	24	4	1.1535e+06	5.69444e-05	0.1586	
10614	361	3026	17.9216	22.2587	1792	18.1083	5	535	16	57	34	4	1.17923e+06	5.57849e-05	0.1699	
11259	383	3018	23.8718	26.0862	1753	15.0974	9	535	17	63	39	4	1.0072e+06	5.79609e-05	0.2737	
10931	399	3050	20.2785	20.775	1747	17.2322	9	531	18	61	16	3	1.08632e+06	5.23341e-05	0.2922	
10396	400	3049	17.6231	21.8651	1708	16.9922	8	533	16	57	24	4	1.18651e+06	5.65867e-05	0.151	
10799	399	3019	23.433	29.8933	1823	17.8515	8	535	19	55	23	3	1.02037e+06	6.47501e-05	0.1557	
11398	395	3039	20.871	23.3369	1777	15.7531	10	535	20	57	18	4	1.04144e+06	5.20373e-05	0.33	
11500	400	3031	24.5772	20.1043	1889	14.7384	10	534	19	56	15	3	1.02563e+06	5.05382e-05	0.3901	
10736	392	3009	21.859	29.7946	1836	15.4696	10	535	17	56	23	4	1.04025e+06	6.40779e-05	0.1443	
10614	361	3026	17.9216	22.2587	1728	18.1083	5	535	16	59	38	4	1.18143e+06	5.62778e-05	0.1644	
11500	397	2996	22.6047	27.8886	1731	18.3603	7	534	20	59	33	5	1.00342e+06	5.82377e-05	0.2664	
10225	400	3044	15.6192	22.1528	1782	18.3649	9	532	17	61	4	5	1.28479e+06	5.65099e-05	0.1238	
10842	387	3029	18.0531	21.1769	1746	17.3315	7	535	18	56	14	4	1.1481e+06	5.23149e-05	0.2635	
10924	400	3044	21.0666	22.906	1790	17.5617	10	532	17	61	53	3	1.06424e+06	5.62398e-05	0.2291	
10846	389	3050	16.3334	21.6865	1794	15.5277	10	534	18	65	30	5	1.20794e+06	5.25403e-05	0.2313	
11230	400	2986	24.6342	29.8201	1708	17.7702	9	532	16	59	26	3	986401	6.31552e-05	0.2319	
11003	381	3043	15	21.6771	1798	15.7619	9	535	15	59	28	3	1.27386e+06	5.08104e-05	0.2552	
11500	391	3010	25	28.2325	1788	18.8873	10	530	19	57	43	3	978690	5.99125e-05	0.2873	
11171	399	3015	17.8573	25.8624	1778	16.6552	10	535	19	61	18	3	1.10184e+06	5.48426e-05	0.226	
10524	395	3000	16.4338	23.9548	1873	15.874	7	535	18	59	4	3	1.20576e+06	5.59472e-05	0.1604	
11203	400	3006	21.7253	28.6734	1871	15.617	8	535	11	55	16	3	1.01392e+06	5.92277e-05	0.2462	
10602	363	3048	20.9073	23.7928	1763	17.9537	8	535	17	59	21	4	1.09433e+06	5.8072e-05	0.1732	
10851	391	3048	15.8657	20.4891	1828	15.2492	6	533	18	60	9	4	1.24293e+06	5.01404e-05	0.2895	
11313	387	3026	19.8076	22.4013	1843	17.7271	8	535	18	55	10	4	1.07675e+06	5.09866e-05	0.3219	
10398	386	3049	17.1589	22.5236	1708	16.9922	8	534	16	57	24	4	1.20418e+06	5.69866e-05	0.131	
11230	400	3016	22.8145	25.5579	1872	16.6552	10	535	13	65	25	3	1.01095e+06	5.63095e-05	0.2781	
10462	400	3029	20.6477	26.1978	1775	18.5333	7	534	20	59	22	4	1.09041e+06	6.1778e-05	0.1245	
10893	391	3042	25	29.2545	1708	17.037	10	533	20	63	37	3	1.00783e+06	6.4704e-05	0.1843	
11019	400	3043	23.4876	26.7494	1752	17.7217	10	535	15	56	15	3	1.00983e+06	5.93261e-05	0.2293	
10378	400	3032	22.0337	26.5179	1780	19	9	534	20	60	38	4	1.07804e+06	6.47165e-05	0.1162	
10640	389	3024	16.4038	22.1291	1843	15.7937	8	535	18	55	26	4	1.21519e+06	5.41888e-05	0.1806	
10410	390	3037	22.1029	27.0479	1752	16.0571	8	535	10	55	8	3	1.06817e+06	6.30676e-05	0.1368	
10425	387	3036	15.2222	21.3441	1782	14	7	534	20	57	11	3	1.29878e+06	5.39898e-05	0.1556	
10558	397	3029	22.9706	28.5717	1711	18.7868	7	535	20	55	33	3	1.04904e+06	6.57419e-05	0.1114	
10452	394	3026	20.8918	28.8119	1753	19	5	531	17	55	11	4	1.08137e+06	6.45203e-05	0.1021	
10782	343	3026	19.9724	22.1664	1843	18.0747	9	535	18	55	12	4	1.11524e+06	5.43006e-05	0.2275	
10906	339	3045	15	20	1822	15.1411	5	535	15	60	2	4	1.32364e+06	4.88615e-05	0.3124	
10640	385	2966	19.9022	27.3753	1872	16.7621	9	535	20	55	20	3	1.0819e+06	6.13309e-05	0.1414	
10854	400	3029	15.4547	21.6771	1763	16.8427	7	535	18	56	28	4	1.25241e+06	5.22111e-05	0.2171	
10579	369	3048	18.5504	24.3755	1765	18.4081	6	535	20	56	33	4	1.14794e+06	5.82547e-05	0.1331	
10976	400	3017	22.0505	30	1774	15.8554	5	535	15	55	29	5	1.0295e+06	6.30279e-05	0.1679	
10682	400	3009	23.8658	24.6425	1801	17.3862	6	535	17	55	37	3	1.04123e+06	6.1065e-05	0.1773	
10826	357	3041	15	20.0885	1758	18.0616	6	535	17	63	21	5	1.31454e+06	5.07949e-05	0.2527	
11148	400	3043	19.2904	27.0183	1816	16.6219	10	533	16	56	20	4	1.06336e+06	5.65227e-05	0.2237	
11171	399	2997	19.9374	25.8624	1778	17.2365	8	535	19	60	18	3	1.05417e+06	5.5894e-05	0.248	
10891	400	3017	15.732	21.2873	1763	18.5611	8	535	14	61	20	4	1.2326e+06	5.17304e-05	0.2511	
10985	400	3016	22.7567	30	1775	15.9334	10	535	15	56	21	3	1.01141e+06	6.31154e-05	0.1816	
10578	400	3042	16.2324	21.5399	1733	17.5004	8	535	18	60	29	5	1.23308e+06	5.46717e-05	0.1626	
11264	354	3033	17.3589	20	1868	17.9584	7	535	14	62	11	3	1.18048e+06	4.80862e-05	0.3569	
11500	391	3003	24.8523	28.2325	1788	18.9191	10	530	19	57	43	3	979343	5.98982e-05	0.2867	
10877	363	3044	16.5774	23.7767	1765	16.3018	6	533	17	56	8	5	1.19818e+06	5.33703e-05	0.2185	
11313	393	3026	19.8076	22.4013	1843	17.6816	8	535	18	55	10	4	1.07441e+06	5.0984e-05	0.322	
10225	363	3044	17.1058	23.7767	1765	16.0414	7	533	17	55	10	5	1.22115e+06	5.86648e-05	0.1	
10938	391	3039	16.8671	23.7767	1783	16.0977	7	533	17	55	10	3	1.16498e+06	5.31237e-05	0.2358	
10652	399	3027	22.5742	25.2267	1781	17.8855	8	533	17	58	13	4	1.04945e+06	5.98552e-05	0.189	
10969	386	3021	15.7929	21.8651	1708	16.0496	5	535	16	57	23	4	1.23381e+06	5.16369e-05	0.2481	
11040	369	3050	15.4052	21.3309	1789	16.9866	9	535	16	70	27	3	1.25136e+06	5.05791e-05	0.2724	
10921	400	3042	15.7356	21.6771	1747	18.4178	6	535	10	68	26	4	1.23344e+06	5.19481e-05	0.2445	
10651	400	3034	18.0422	21.8651	1721	17.158	8	535	17	57	15	3	1.14808e+06	5.4336e-05	0.2138	
10950	393	2994	21.7228	27.3753	1801	16.7419	6	535	17	55	37	3	1.04016e+06	6.04595e-05	0.1891	
10851	391	3027	22.6071	26.0334	1749	19	9	534	5	58	50	3	1.03853e+06	6.08569e-05	0.1868	
11091	385	3022	18.5088	20.9556	1813	16.0192	5	534	17	55	23	4	1.13315e+06	5.08104e-05	0.3048	
11381	400	3040	19.4847	26.9211	1775	16.0238	8	534	16	59	22	6	1.05568e+06	5.53955e-05	0.2573	
10723	400	3012	20.4972	22.3142	1775	18.8597	8	531	16	58	3	4	1.08546e+06	5.51481e-05	0.2403	
10580	400	3049	21.9027	26.9432	1822	18.5611	7	535	16	55	2	4	1.05699e+06	6.10874e-05	0.1518	
11085	394	3012	19.2721	21.2262	1806	18.4276	9	532	17	59	17	4	1.10006e+06	5.15783e-05	0.3053	
10929	390	3031	19.4875	20.8806	1791	16.9927	6	533	16	58	39	5	1.11764e+06	5.30476e-05	0.2662	
10685	368	3023	15	22.0043	1718	17.0074	7	535	15	60	15	3	1.2987e+06	5.3166e-05	0.191	
10371	363	3044	17.3382	23.7289	1839	16.1865	8	533	18	55	18	4	1.19815e+06	5.76535e-05	0.1265	
10450	390	3035	16.8569	22.2095	1708	17.171	7	534	15	57	25	5	1.21577e+06	5.62905e-05	0.1401	
10749	398	3003	16.0889	21.1746	1708	14.6656	5	535	20	56	24	5	1.23571e+06	5.27955e-05	0.2137	
10851	400	3014	22.26	27.3116	1847	18.5191	7	533	20	63	26	3	1.03602e+06	6.07054e-05	0.1937	
10893	393	3035	23.1064	29.9322	1731	15.3862	7	535	20	59	22	3	1.02062e+06	6.37308e-05	0.1729	
10677	399	2992	20.6883	29.057	1815	17.0359	6	534	18	57	25	3	1.06302e+06	6.34115e-05	0.1315	
10964	398	3049	18.6164	26.9211	1791	18.5611	7	535	15	57	7	3	1.09161e+06	5.69541e-05	0.1909	
11500	400	3038	19.8884	20.8574	1838	18.2669	9	535	17	57	8	4	1.0742e+06	4.86381e-05	0.3749	
11449	395	3036	21.8655	23.9475	1845	16.2518	10	530	11	61	20	3	1.02291e+06	5.27371e-05	0.3503	
10840	400	3023	22.6144	26.5179	1733	19	9	534	17	59	41	4	1.03522e+06	6.11808e-05	0.178	
11424	295	3050	18.4371	20.1865	1888	17.0128	7	535	18	56	2	4	1.19048e+06	4.73462e-05	0.3739	
10351	392	3038	18.9441	26.9432	1850	18.6254	7	535	16	55	4	4	1.12847e+06	6.1459e-05	0.1033	
10414	400	3046	16.6809	22.1528	1782	18.3649	9	534	17	61	4	5	1.21444e+06	5.53067e-05	0.1684	
10893	393	2996	23.1064	29.9322	1729	17.9161	7	535	20	60	33	3	1.02041e+06	6.47249e-05	0.1573	
11038	400	3042	24.1293	29.8201	1708	17.037	10	533	16	62	32	3	1.001e+06	6.35405e-05	0.2011	
10770	399	3050	19.5305	20.775	1770	18.1512	9	531	16	61	16	3	1.10891e+06	5.3118e-05	0.2608	
11169	362	3049	15	22.1459	1794	16.1696	7	535	18	65	26	5	1.11569e+06	6.12107e-05	0.1182	
11484	400	3050	17.7584	25.7889	1852	16.6552	10	535	20	72	14	3	1.09096e+06	5.24301e-05	0.2841	
10377	374	3047	17.7159	25.8327	1744	18.4694	5	534	6	56	11	4	1.17616e+06	5.98122e-05	0.1123	
10900	395	3050	21.4489	23.3164	1803	18.8118	9	535	3	55	23	5	1.05914e+06	5.56576e-05	0.2452