11500	400	3026	25	30	1798	15.1991	10	534	13	74	29	3	970442	6.10165e-05	0.2865	
10323	400	3043	25	29.2773	1760	18.4957	8	533	14	55	50	4	1.05655e+06	7.09673e-05	0.1022	
10333	308	3030	15	20.1018	1741	18.1696	7	535	19	55	13	4	1.3767e+06	5.41389e-05	0.1472	
11500	400	3044	21.3301	20	1844	14.0164	6	532	14	62	6	3	1.06753e+06	4.82579e-05	0.45	
10210	400	2985	19.8992	28.1567	1734	18.7124	6	530	15	55	9	4	1.11583e+06	6.57462e-05	0.0869	
11500	336	3050	15.1967	20	1859	15.428	7	535	18	55	3	3	1.28333e+06	4.56809e-05	0.4196	
10333	308	3046	15	21.3311	1808	18.1973	6	535	17	55	11	5	1.37118e+06	5.46837e-05	0.1306	
10230	349	3030	15	20.549	1767	14.7972	7	535	18	55	13	4	1.35515e+06	5.50752e-05	0.1262	
10368	400	3043	23.7956	30	1780	18.4503	8	533	10	55	50	4	1.05914e+06	7.02099e-05	0.1029	
10323	400	3036	25	29.2773	1780	18.4503	8	535	10	55	46	4	1.05511e+06	7.07164e-05	0.1061	
10723	400	3050	24.8056	29.8201	1720	17.6992	10	535	17	60	51	3	1.02112e+06	6.72902e-05	0.1392	
10505	400	3045	25	29.2773	1764	18.4503	8	534	13	55	29	4	1.03529e+06	6.78887e-05	0.1237	
10234	395	2987	20.9186	29.6161	1727	18.5581	5	531	15	55	21	4	1.09925e+06	6.84603e-05	0.089	
10505	400	3045	25	29.2773	1764	18.4503	8	534	14	55	36	4	1.03673e+06	6.82268e-05	0.1177	
10323	400	3043	23.7956	29.1019	1780	18.4503	9	530	10	55	44	4	1.06115e+06	6.92905e-05	0.1066	
10323	400	3043	23.7956	29.2773	1780	18.4503	8	533	10	55	50	4	1.06437e+06	6.98763e-05	0.1011	
10323	400	3036	23.7956	29.2773	1780	18.4503	8	535	10	55	50	4	1.06482e+06	6.99986e-05	0.1	
10540	400	3045	25	29.2773	1764	18.4503	8	534	14	55	36	4	1.03389e+06	6.78979e-05	0.121	
10566	400	3050	25	29.8201	1700	17.6992	10	535	16	60	51	3	1.03342e+06	6.90179e-05	0.1285	
10582	400	3047	25	29.8201	1700	17.474	10	534	16	60	50	3	1.03144e+06	6.87994e-05	0.1316	
10347	338	3038	15	20.6324	1767	17.0447	7	535	18	55	13	4	1.351e+06	5.41712e-05	0.1415	
10697	400	3042	24.212	30	1705	16.884	8	533	20	60	37	3	1.02532e+06	6.66844e-05	0.1459	
10440	400	3044	25	29.3563	1790	18.4503	8	533	10	55	50	4	1.04489e+06	6.95749e-05	0.1116	
10333	386	3030	15	20.49	1767	18.7476	6	535	20	55	16	4	1.33502e+06	5.45971e-05	0.1369	
11005	378	3003	19.3235	27.5987	1749	15.3967	8	535	14	55	2	3	1.26321e+06	4.87686e-05	0.3227	
10440	400	3050	25	29.2919	1732	18.4503	8	533	10	55	50	4	1.04625e+06	6.9633e-05	0.1089	
10333	308	3046	15.4753	21.3311	1808	18.1973	6	535	17	55	11	5	1.33881e+06	5.48576e-05	0.1351	
10566	400	3050	25	30	1700	17.6992	10	535	16	60	51	3	1.03338e+06	6.92185e-05	0.128	
10547	381	3050	15	21.2922	1778	17.1185	5	535	20	56	3	4	1.3113e+06	5.25735e-05	0.1817	
10583	357	3046	15	20.4825	1742	18.1321	7	535	17	59	21	5	1.32771e+06	5.2815e-05	0.1786	
11500	400	3027	24.6374	23.9335	1732	15.235	9	533	14	73	11	3	994114	5.4277e-05	0.3472	
11500	394	3039	15	20	1798	15.1632	8	535	8	59	3	5	1.26534e+06	4.58737e-05	0.4265	
10234	395	2990	20.9186	27.6932	1707	18.5581	5	531	15	55	21	4	1.10485e+06	6.62252e-05	0.0894	
10625	357	3046	15	20.4825	1751	18.1321	7	535	16	59	21	5	1.32464e+06	5.2499e-05	0.1892	
11500	400	3021	25	28.3441	1756	14.9701	10	533	12	74	23	3	973134	5.92312e-05	0.2993	
10582	400	3047	25	29.8201	1700	17.6992	10	535	16	60	51	3	1.03206e+06	6.88942e-05	0.1293	
10323	400	3043	25	29.2773	1764	18.4503	8	533	10	55	50	4	1.05625e+06	7.08968e-05	0.1055	
10369	397	3023	22.6942	28.5717	1731	17.4317	7	533	18	55	33	3	1.06663e+06	6.71501e-05	0.1024	
11500	368	3042	16.4959	20	1798	14.9579	8	534	8	57	2	3	1.19311e+06	4.62342e-05	0.4382	
10693	400	3049	24.6342	29.8201	1708	18.4532	8	533	16	56	35	3	1.02255e+06	6.68539e-05	0.1424	
11157	400	3031	18.4574	22.259	1845	16.3283	8	534	17	66	3	3	1.10761e+06	5.07795e-05	0.3126	
11500	369	3032	17.55	20	1899	15.7723	7	534	16	59	5	4	1.1599e+06	4.65853e-05	0.3977	
11500	400	3021	25	27.2934	1757	14.9701	10	534	12	76	16	3	976416	5.79744e-05	0.3446	
10587	400	2995	23.3032	28.0756	1752	17.299	10	535	13	55	44	4	1.04234e+06	6.57895e-05	0.1255	
11500	400	3042	16.752	20	1839	15.4944	6	533	14	55	5	3	1.17309e+06	4.63177e-05	0.4236	
10288	376	3039	15.309	21.8822	1735	15.7507	7	535	17	57	15	5	1.31347e+06	5.60884e-05	0.1258	
10412	322	3020	20.3361	28.5985	1765	18.7066	5	534	20	55	12	4	1.12431e+06	6.43749e-05	0.0884	
10812	387	3029	15.4547	21.6771	1745	17.351	7	535	18	57	28	4	1.26025e+06	5.26288e-05	0.2077	
10587	400	2995	23.3032	28.1905	1752	17.278	10	535	13	55	44	4	1.04226e+06	6.59152e-05	0.1249	
10264	391	3033	22.7576	28.3758	1777	17.8504	6	534	17	55	18	3	1.07481e+06	6.70196e-05	0.1023	
10896	396	3023	15	20.9578	1722	17.1205	6	535	19	64	32	5	1.28886e+06	5.17545e-05	0.2298	
11500	354	3041	15.7016	20	1804	15.5654	7	535	18	57	5	3	1.24086e+06	4.60957e-05	0.4157	
10378	400	3019	22.6017	26.5244	1750	18.8741	9	535	13	57	56	3	1.07454e+06	6.63086e-05	0.1075	
10624	392	3047	23.1064	29.6812	1725	18.7437	7	530	20	56	31	3	1.04165e+06	6.61113e-05	0.1283	
11500	368	3042	16.4959	20	1772	14.9579	8	534	8	57	2	3	1.19235e+06	4.62984e-05	0.4425	
10566	400	3042	25	29.8201	1727	17.6992	10	535	16	60	37	3	1.03002e+06	6.8306e-05	0.1336	
11393	395	3041	24.9812	30	1708	17.6369	7	533	16	61	37	3	981512	6.21465e-05	0.2482	
11500	386	3038	15.2356	20	1872	15.122	6	535	6	57	3	3	1.25619e+06	4.57101e-05	0.4356	
10575	371	3020	20.4516	28.4912	1765	18.7066	5	534	14	55	12	4	1.08742e+06	6.29247e-05	0.1169	
10894	395	3042	24.6342	29.8201	1708	17.293	10	534	19	59	37	3	1.00848e+06	6.51763e-05	0.1707	
10610	390	3029	20.8918	28.8119	1765	18.0919	5	531	19	55	11	4	1.07102e+06	6.30636e-05	0.1272	
10376	367	3040	15.09	20.2851	1777	18.1973	6	535	16	55	19	4	1.33362e+06	5.40307e-05	0.1503	
11500	400	3046	16.7891	20	1766	15.2761	8	535	8	58	2	3	1.1644e+06	4.63951e-05	0.445	
10264	391	3039	22.7576	28.3758	1777	17.8504	6	535	19	55	7	3	1.07376e+06	6.64673e-05	0.1055	
10547	381	3050	15	21.2922	1778	15.1301	5	535	20	56	15	4	1.31584e+06	5.30307e-05	0.1645	
11500	398	3010	25	21.7086	1729	15.235	9	533	14	73	11	3	1.0068e+06	5.26537e-05	0.4335	
11500	400	3050	15.9877	20	1839	15.3191	7	535	10	65	10	3	1.20491e+06	4.61574e-05	0.4282	
10418	371	3030	15	20.549	1751	18.1973	7	535	17	55	13	4	1.33011e+06	5.37837e-05	0.1553	
11210	361	3040	17.0614	20.1596	1833	16.0788	10	531	20	59	5	3	1.18087e+06	4.81348e-05	0.3585	
11500	400	3026	22.0505	21.3653	1859	16.6552	10	535	12	73	21	3	1.03561e+06	5.03246e-05	0.3998	
10547	370	3050	15	21.2922	1778	15.1301	5	535	20	55	15	4	1.32009e+06	5.29605e-05	0.1659	
10418	362	3040	15.09	20.2851	1791	18.1973	6	535	17	55	19	4	1.33187e+06	5.37028e-05	0.1585	
11500	357	3050	15	20.0005	1750	15.2085	7	535	17	63	6	5	1.28448e+06	4.60405e-05	0.4029	
10230	371	3030	15	20.549	1765	18.1973	7	535	18	55	7	4	1.34493e+06	5.49813e-05	0.1307	
11500	400	3033	24.0709	30	1798	16.8208	10	534	13	74	29	3	975367	6.04851e-05	0.2725	
10965	393	2990	22.729	30	1740	18.8258	10	535	19	59	34	3	1.01671e+06	6.42756e-05	0.1604	
10826	372	3048	15.1187	20.6962	1754	18.9393	10	534	17	61	17	5	1.28651e+06	5.12479e-05	0.2405	
10176	375	3050	17.2553	24.4252	1769	16.9715	7	529	19	55	8	5	1.21177e+06	5.96766e-05	0.0963	
11500	381	3049	16.7891	20	1782	15.2761	9	535	7	63	2	3	1.17246e+06	4.63757e-05	0.4461	
11322	392	3026	19.2764	22.4013	1843	17.6816	8	535	18	55	10	4	1.0844e+06	5.07099e-05	0.3284	
11500	368	3042	16.4959	20	1822	14.9579	8	534	8	65	2	3	1.19422e+06	4.62235e-05	0.44	
11500	399	3042	18.8824	20	1772	14.7278	8	535	9	62	2	3	1.10258e+06	4.723e-05	0.4288	
11500	381	3049	18.2828	20	1782	15.2761	9	535	7	63	2	3	1.12397e+06	4.69351e-05	0.444	
10707	380	3003	16.0889	21.1746	1708	15.4793	5	535	20	56	24	5	1.24484e+06	5.31717e-05	0.2011	
11500	374	3050	15.3934	20	1772	15.008	8	535	6	57	7	4	1.24947e+06	4.60236e-05	0.4225	
10450	390	3035	16.8569	22.2095	1708	17.171	7	534	15	57	25	5	1.21577e+06	5.62905e-05	0.1401	
10946	400	2992	19.3235	27.5987	1749	15.3967	8	535	14	55	2	3	1.06998e+06	5.85172e-05	0.1881	
10852	400	3042	25	29.7585	1732	18.4503	8	533	10	55	50	4	1.01237e+06	6.63394e-05	0.1609	
10288	376	3044	15.309	22.8147	1735	16.1917	7	535	17	55	2	5	1.30537e+06	5.61356e-05	0.1132	
10256	318	3030	18.9674	26.0579	1776	18.5958	8	535	14	55	3	5	1.17218e+06	6.16371e-05	0.0961	
10412	322	3020	20.3361	28.5985	1765	18.7066	6	534	19	55	12	4	1.12264e+06	6.43832e-05	0.0903	
10772	393	3035	22.458	30	1731	16.615	7	535	20	60	22	4	1.0359e+06	6.44122e-05	0.1437	
10398	351	3050	15	21.2558	1774	16.2991	5	531	20	56	14	4	1.34075e+06	5.41038e-05	0.1487	
10894	400	3049	24.6342	28.8634	1708	18.4532	8	533	18	56	25	3	1.00831e+06	6.37755e-05	0.1843	
11500	327	3050	18.3959	20.1865	1882	14.8946	6	534	19	59	3	4	1.16642e+06	4.68735e-05	0.3885	
10409	395	3031	15	20.6721	1726	17.7672	7	535	14	55	14	3	1.31878e+06	5.39433e-05	0.1543	
11000	400	3040	19.2904	28.1495	1824	17.5272	7	535	12	58	12	4	1.0713e+06	5.8459e-05	0.196	
10975	372	3043	15	20.1018	1863	18.6713	6	534	16	61	2	4	1.29743e+06	4.87377e-05	0.3297	
10452	394	3026	20.8918	28.8119	1761	19	5	535	16	55	11	4	1.08147e+06	6.45245e-05	0.0941	
11424	331	3050	18.4371	20	1899	16.7762	6	535	18	56	22	4	1.16287e+06	4.76735e-05	0.3718	
11259	383	3018	23.8718	26.0862	1753	15.0974	9	535	17	63	39	4	1.0072e+06	5.79609e-05	0.2737	
10840	400	3030	22.5907	25.7186	1738	18.0611	9	534	17	59	40	4	1.03777e+06	6.01106e-05	0.1857	
10272	364	3025	15	20.9938	1797	18.9072	7	535	17	55	12	4	1.34258e+06	5.52822e-05	0.1269	
11231	376	3050	17.6581	20	1839	14.8631	7	533	16	61	7	3	1.15754e+06	4.79846e-05	0.36	
11500	400	3034	22.0505	20.7097	1838	16.6552	10	535	8	72	18	3	1.04047e+06	4.96944e-05	0.4247	
11500	388	3042	16.4959	20	1772	14.9579	8	535	8	60	2	3	1.18198e+06	4.63027e-05	0.4413	
10518	370	3044	15.6192	22.1528	1771	16.2153	6	534	16	55	18	5	1.27738e+06	5.44188e-05	0.1522	
11324	392	3050	18.4021	20.4129	1832	16.9497	8	535	16	56	14	5	1.1246e+06	4.85154e-05	0.3564	
10275	392	3043	18.9441	26.9432	1850	18.6254	7	535	16	55	4	4	1.13529e+06	6.20771e-05	0.0969	
11500	400	3048	19.4582	20	1889	17.1709	10	534	19	58	2	3	1.0889e+06	4.72903e-05	0.3955	
10739	391	3049	15	20.7776	1765	15.7329	8	534	14	56	27	4	1.29616e+06	5.18135e-05	0.2167	
10256	400	3023	19.8967	25.9112	1794	18.4081	8	535	20	55	8	5	1.11831e+06	6.22937e-05	0.1006	
11263	381	3009	23.4489	25.4964	1807	18.1853	8	534	17	55	22	4	1.01411e+06	5.68537e-05	0.276	
10415	337	3042	20.8265	21.5121	1786	18.3323	7	535	15	55	26	6	1.13889e+06	5.78503e-05	0.1534	
11431	400	3043	16.2583	22.5152	1745	15.7531	9	535	20	55	18	5	1.17452e+06	4.93632e-05	0.3116	
11030	392	3050	18.2075	21.6865	1817	17.3426	9	533	16	55	39	5	1.13296e+06	5.22685e-05	0.2751	
11500	399	3042	22.9012	26.8182	1717	17.0337	7	535	15	62	39	3	1.00055e+06	5.67151e-05	0.2874	
10579	359	3039	18.6936	24.3755	1732	18.4081	6	535	19	56	24	4	1.1464e+06	5.80349e-05	0.1362	
10521	400	3042	20.0877	22.3743	1798	18.2026	10	532	16	58	16	5	1.10502e+06	5.67472e-05	0.184	
11500	400	3050	16.281	20	1825	15.7665	7	529	12	61	2	3	1.19233e+06	4.61318e-05	0.4491	
10774	399	3037	16.1941	21.6526	1746	17.5773	7	534	18	61	29	5	1.22138e+06	5.32e-05	0.2022	
11500	400	3040	20.6306	20.0779	1836	14.3513	7	535	13	60	8	3	1.07176e+06	4.8033e-05	0.416	
10176	363	3036	16.9859	23.7767	1765	15.5684	7	534	17	55	9	5	1.23036e+06	5.90982e-05	0.0975	
10808	336	3034	19.0899	20.9952	1780	16.7539	5	535	19	55	3	3	1.14985e+06	5.22357e-05	0.2546	
10689	400	3009	21.2588	30	1776	15.5932	9	533	17	56	13	3	1.04732e+06	6.41478e-05	0.137	
10333	342	3032	15	20.1018	1767	18.1973	9	535	19	56	13	4	1.34954e+06	5.41184e-05	0.1484	
10210	400	2985	19.8992	28.1567	1734	18.7124	6	530	15	55	9	3	1.11402e+06	6.57203e-05	0.089	
11174	355	3048	17.9555	20.5283	1839	14.8001	6	534	20	60	4	5	1.16402e+06	4.88138e-05	0.334	
10225	365	3044	15	21.4773	1747	18.5817	6	534	17	60	4	5	1.3461e+06	5.57414e-05	0.1154	
11294	400	3050	18.2473	20	1836	15.1137	7	532	16	61	7	3	1.12739e+06	4.79111e-05	0.3707	
11054	400	3047	19.2917	20	1836	14.7686	7	535	13	56	12	3	1.11071e+06	4.98554e-05	0.3373	
11500	337	3036	15.2222	20.1018	1719	14	7	535	19	55	5	3	1.27748e+06	4.61915e-05	0.3957	
11073	392	2992	20.0918	27.5987	1832	15.969	9	535	20	59	43	4	1.05453e+06	5.91646e-05	0.1894	
10871	355	3042	18.4146	20.0078	1839	17.849	8	535	16	55	20	4	1.16065e+06	5.12584e-05	0.2699	
10256	318	3030	18.16	26.0579	1785	18.5958	6	533	14	55	8	5	1.19694e+06	6.1361e-05	0.0916	
11500	400	3021	25	26.7494	1751	14.9398	10	529	17	65	16	3	978877	5.74779e-05	0.3486	
11283	376	3024	17.9021	20	1872	15.0427	9	534	17	58	20	4	1.14829e+06	4.83536e-05	0.3534	
11073	388	3049	15.6964	20.605	1818	18.7687	8	535	16	64	2	5	1.2355e+06	4.89572e-05	0.3314	
10441	380	3024	20.8942	28.3758	1718	18.0304	6	535	16	55	18	4	1.08772e+06	6.44787e-05	0.098	
11500	368	3031	17.8629	20	1899	16.7104	7	534	19	59	5	4	1.15037e+06	4.67727e-05	0.3918	
10590	392	3024	16.4038	22.6188	1843	18.6926	8	535	18	55	26	4	1.21679e+06	5.52944e-05	0.1622	
11289	382	3045	15	20	1732	16.1301	6	535	15	64	3	5	1.28057e+06	4.71298e-05	0.3702	
11500	400	3044	21.2534	20	1839	14.0164	6	532	16	62	6	3	1.06867e+06	4.823e-05	0.4479	
11500	368	3042	16.4959	20	1798	15.8968	9	534	8	57	2	3	1.19217e+06	4.63027e-05	0.4372	
10559	400	3035	18.0448	21.8651	1708	17.006	8	535	16	57	24	4	1.15899e+06	5.55278e-05	0.1823	
10418	362	3040	18.216	20	1760	18.0991	7	535	13	57	19	4	1.18918e+06	5.48186e-05	0.1863	
10587	397	2995	23.3032	28.1905	1752	17.6548	10	535	13	55	44	4	1.04318e+06	6.59587e-05	0.1234	
10246	368	3035	15	20.5479	1744	17.7672	6	535	14	57	15	4	1.3487e+06	5.52517e-05	0.1264	
11301	400	3031	22.8144	25.1376	1845	16.3283	8	534	18	69	3	3	1.01125e+06	5.48878e-05	0.3006	
10680	359	3050	18.6936	23.3798	1816	18.4081	6	535	18	55	33	4	1.14586e+06	5.63253e-05	0.1682	
10913	349	3050	15	20.403	1758	15.1301	4	534	20	56	27	3	1.31468e+06	5.02311e-05	0.2643	
10230	371	3030	15	20.549	1767	18.1973	7	535	18	55	13	4	1.34729e+06	5.5325e-05	0.1248	
10406	400	3050	17.0156	23.2184	1753	15.9083	6	533	16	56	14	4	1.20081e+06	5.66219e-05	0.1327	
11169	314	3050	15	21.6771	1764	15.2472	6	535	18	70	28	6	1.31776e+06	4.9975e-05	0.2798	
11500	394	3018	15	22.237	1803	14.1119	10	535	18	56	10	3	1.23801e+06	4.807e-05	0.3413	
10846	383	3050	15.9394	21.6865	1794	15.1361	10	535	18	65	32	4	1.22787e+06	5.24742e-05	0.2192	
11329	389	3050	19.5305	20.775	1835	18.5804	7	534	16	58	12	4	1.09847e+06	4.92878e-05	0.3509	
10396	400	3049	18.6654	21.8651	1753	16.9922	8	533	16	57	24	4	1.1535e+06	5.69444e-05	0.1586	
11500	400	3010	25	20.8833	1729	15.235	9	535	14	73	11	3	1.01194e+06	5.19588e-05	0.4403	
10505	323	3020	20.3361	28.5985	1792	18.7066	5	534	20	55	12	4	1.11735e+06	6.34961e-05	0.0997	
11317	347	3050	15.1967	20.9414	1787	14	7	535	19	57	3	3	1.27085e+06	4.74338e-05	0.3603	
10298	317	3038	15.6192	21.6848	1770	17.4458	9	535	19	56	2	5	1.31727e+06	5.52883e-05	0.1311	
11205	400	3050	16.0235	20	1887	17.6469	6	533	17	61	5	4	1.21921e+06	4.75556e-05	0.3639	
11500	368	3026	16.9223	20	1899	16.7104	7	534	11	59	5	4	1.18417e+06	4.64533e-05	0.4086	
10462	400	3008	20.6477	26.1978	1773	18.4968	7	535	20	59	22	4	1.08983e+06	6.20194e-05	0.1221	
10098	375	3040	17.2553	24.4252	1741	16.6619	7	529	19	55	8	5	1.21969e+06	6.07017e-05	0.0958	
11267	295	3050	18.4371	20.3465	1846	17.0128	7	535	18	58	2	4	1.19118e+06	4.83746e-05	0.3476	
10894	397	3034	24.6342	29.5584	1708	16.6324	10	533	19	56	37	3	1.00742e+06	6.49857e-05	0.1723	
10256	396	3023	19.8967	26.6645	1762	18.4081	8	535	8	55	15	5	1.11871e+06	6.34317e-05	0.0954	
11011	377	3048	15.1678	20.134	1705	16.8115	10	533	13	60	2	4	1.27247e+06	4.88711e-05	0.3208	
11410	327	3039	18.3959	20.1865	1882	14.7726	6	535	20	58	2	4	1.16542e+06	4.73687e-05	0.3733	
11220	387	3048	15.7046	21.2208	1700	15.3414	8	535	18	63	26	3	1.22074e+06	4.94462e-05	0.3016	
11273	399	2997	17.8573	25.8624	1843	16.6552	10	535	20	60	18	3	1.09576e+06	5.42329e-05	0.2448	
11500	400	3016	21.661	29.7946	1842	15.7369	10	535	15	71	19	3	996624	5.89206e-05	0.2592	
11088	372	3043	15	20.1018	1863	15.0312	6	534	16	61	2	4	1.29494e+06	4.78286e-05	0.3496	
10598	400	3042	24.212	29.8201	1700	16.884	9	535	20	60	32	3	1.03228e+06	6.72314e-05	0.1371	
10288	363	3040	15.5395	23.2066	1738	15.4378	7	535	17	55	2	5	1.29429e+06	5.65707e-05	0.1108	
10894	400	3042	24.8671	30	1708	17.037	10	533	14	57	37	3	1.0054e+06	6.55523e-05	0.1769	
10664	400	3042	18.0375	21.9503	1788	15.2533	5	534	15	57	27	5	1.16096e+06	5.44603e-05	0.2109	
10950	385	3000	21.5876	25.4438	1886	16.4217	8	534	19	57	8	3	1.04515e+06	5.69736e-05	0.235	
11500	400	3042	21.3303	21.0189	1839	14.2991	7	532	17	55	7	3	1.05339e+06	4.91473e-05	0.3968	
10399	368	3047	18.2673	26.0226	1753	18.4694	7	534	11	55	10	4	1.15507e+06	6.01323e-05	0.1079	
11063	400	3029	22.0505	29.7946	1800	15.9334	10	535	15	55	23	4	1.01604e+06	6.18506e-05	0.1871	
11500	400	3027	23.791	30	1803	14.1119	9	535	15	61	26	3	978054	6.03245e-05	0.2632	
11430	382	3025	17.336	20.0683	1899	17.9743	9	535	20	55	14	4	1.15552e+06	4.73776e-05	0.3775	
11500	384	3042	15.6612	20	1822	14.9579	8	534	9	65	2	3	1.22593e+06	4.59622e-05	0.4357	
11138	377	3034	19.0649	20.5647	1799	14.8239	9	535	16	58	7	3	1.11204e+06	4.98008e-05	0.3258	
10256	348	3014	17.942	26.0579	1776	18.5326	8	533	18	55	3	5	1.1826e+06	6.12933e-05	0.0918	
11500	398	2999	24.2834	24.1075	1742	14.8665	10	533	15	73	17	3	993105	5.45286e-05	0.3435	
11500	398	3036	23.726	21.5865	1831	14.8631	7	532	13	61	10	3	1.02419e+06	5.11509e-05	0.4117	
11500	398	3033	24.0736	20	1798	16.675	10	532	13	74	5	3	1.02811e+06	5.0226e-05	0.4297	
11204	391	2997	21.2467	21.5523	1813	15.4405	10	534	20	55	17	4	1.05661e+06	5.19832e-05	0.3138	
11484	399	3050	20.6276	21.2108	1843	14.7223	7	535	16	67	17	3	1.06337e+06	4.92102e-05	0.3696	
10826	357	3050	15	20.8982	1742	18.0616	8	535	17	63	19	5	1.30428e+06	5.13479e-05	0.2311	
11204	368	3000	21.2467	21.5523	1829	15.4405	10	534	16	55	17	4	1.06733e+06	5.18995e-05	0.3243	
11500	354	3044	15.7016	20	1804	15.5654	7	534	12	57	5	3	1.2424e+06	4.60617e-05	0.4275	
10985	400	3021	22.7567	30	1775	17.4494	10	535	15	56	18	3	1.01166e+06	6.30955e-05	0.1793	
10491	400	3030	21.2926	29.782	1769	15.5932	10	535	17	55	14	3	1.06224e+06	6.53595e-05	0.109	
11500	399	3026	25	26.7494	1756	14.9879	9	534	12	74	16	3	979686	5.73362e-05	0.3539	
11083	309	3044	16.5808	23.5448	1808	17.7866	7	529	18	56	2	5	1.10423e+06	5.978e-05	0.1428	
10590	400	3045	18.9983	23.153	1850	15.1034	8	535	13	59	8	4	1.12159e+06	5.55062e-05	0.2043	
11030	400	3050	15.4052	22.2123	1776	16.0595	9	534	16	72	26	4	1.23635e+06	5.13426e-05	0.2535	
11500	400	3046	16.7891	20	1766	15.2761	9	534	8	58	2	3	1.16398e+06	4.64059e-05	0.4482	
11500	400	3042	20.4387	21.1508	1812	16.6303	9	535	12	67	21	3	1.06073e+06	4.93364e-05	0.3815	
10577	392	3030	18.0167	21.0384	1793	19	7	535	16	55	30	4	1.16962e+06	5.49239e-05	0.1906	
11296	399	3023	18.4977	20.5017	1820	15.9618	8	534	20	58	2	4	1.11623e+06	4.86263e-05	0.3558	
10549	400	3032	18.0448	21.8651	1708	16.9922	8	532	16	57	21	3	1.15634e+06	5.54324e-05	0.1939	
10685	368	3026	15	22.0043	1718	16.2047	7	534	16	62	9	5	1.30198e+06	5.28485e-05	0.195	
10412	386	3021	20.429	29.1428	1795	18.7066	6	534	20	55	10	4	1.09129e+06	6.48803e-05	0.0898	
11030	392	3050	18.2075	20.2653	1829	17.3426	9	533	17	55	39	5	1.14298e+06	5.10882e-05	0.2959	
10210	400	2985	19.8992	27.1049	1734	18.7663	6	530	15	55	9	3	1.11734e+06	6.45161e-05	0.0923	
11364	397	2996	22.6047	22.0508	1777	14	7	535	20	59	33	3	1.03304e+06	5.26482e-05	0.3358	
10846	389	3050	16.3524	21.6865	1794	15.5277	6	535	18	65	32	5	1.21491e+06	5.26067e-05	0.2236	
11500	364	3021	18.3959	20	1899	16.6992	8	535	20	58	3	3	1.13505e+06	4.70102e-05	0.385	
10460	387	3040	15.2222	21.3441	1779	16.6487	7	534	20	57	2	3	1.29383e+06	5.33362e-05	0.1742	
11449	400	3036	23.2714	23.0889	1833	15.9786	10	524	14	71	19	3	1.01287e+06	5.27816e-05	0.3865	
10918	388	3034	18.514	20.8806	1804	16.7717	8	534	19	63	25	4	1.13375e+06	5.20481e-05	0.2712	
11424	301	3050	18.4371	20.1865	1899	17.0128	7	535	18	56	2	4	1.18468e+06	4.73171e-05	0.3755	
11400	395	3027	21.1283	23.3369	1869	15.7531	10	532	20	59	33	4	1.0388e+06	5.24136e-05	0.3265	
10826	357	3050	15	20.4825	1742	18.1321	7	535	17	59	21	5	1.31002e+06	5.10595e-05	0.2379	
11322	392	3026	19.2764	22.1413	1834	14.7906	9	535	18	55	10	4	1.08389e+06	5.03119e-05	0.3327	
11500	399	3042	22.9012	29.5764	1717	17.0337	10	533	15	62	39	3	987836	5.99161e-05	0.2598	
11467	400	3022	23.6726	27.2114	1828	14	8	535	17	62	19	4	990237	5.70516e-05	0.2998	
10682	400	3008	19.4639	24.6425	1801	17.3862	6	532	17	55	37	3	1.10346e+06	5.83873e-05	0.1662	
11500	398	2999	24.6374	24.1075	1732	14.8665	10	533	15	73	11	3	991951	5.47046e-05	0.3409	
10891	385	3043	23.8148	27.3753	1846	16.7621	10	534	15	58	24	3	1.01921e+06	6.0983e-05	0.2051	
11312	397	3037	23.561	24.5132	1814	16.3283	9	535	14	69	19	3	1.00691e+06	5.50358e-05	0.3039	
11472	393	3035	20.3973	21.4557	1871	17.9906	7	535	16	55	17	3	1.06619e+06	4.9613e-05	0.3591	
10470	385	3015	17.2387	21.8651	1711	17.6247	5	532	18	56	20	4	1.20276e+06	5.58628e-05	0.1673	
11500	400	3031	21.4259	20.4248	1854	17.1709	10	534	8	58	3	3	1.05211e+06	4.8821e-05	0.421	
11404	391	3010	25	26.3491	1815	18.9304	9	533	20	56	36	4	988693	5.82343e-05	0.2828	
10494	350	3043	17.9216	22.3777	1844	18.8145	6	535	16	55	3	4	1.18306e+06	5.5063e-05	0.1826	
10680	400	3026	15	22.0043	1718	16.2047	7	534	16	62	9	5	1.28982e+06	5.29129e-05	0.1932	
10893	393	2996	23.1064	29.9322	1729	17.9161	7	535	20	60	33	3	1.02041e+06	6.47249e-05	0.1573	
11215	400	3050	16.0235	20	1887	17.6469	6	533	17	61	5	4	1.21871e+06	4.74901e-05	0.3651	
10549	400	3032	18.0448	23.2151	1708	17.3293	8	532	16	55	31	3	1.15357e+06	5.72115e-05	0.1546	
11174	339	3048	17.3589	20.5283	1839	14.8001	7	534	20	60	4	5	1.1903e+06	4.85861e-05	0.3348	
10750	356	3026	15.7929	21.8651	1708	15.0972	5	535	16	64	20	3	1.25702e+06	5.29773e-05	0.2071	
11073	388	3050	17.957	20.775	1818	18.7687	8	534	17	56	2	5	1.14452e+06	4.98828e-05	0.3107	
10985	400	3021	22.7567	28.0771	1775	17.4494	10	535	15	56	18	3	1.01641e+06	6.08051e-05	0.2085	
10196	315	3044	15.6192	22.0669	1770	17.9959	7	535	19	56	2	5	1.32974e+06	5.65004e-05	0.1057	
10253	400	2980	19.8992	28.1567	1734	18.6127	6	530	15	55	9	4	1.11177e+06	6.54151e-05	0.0893	
10579	359	3039	18.6936	24.3755	1732	18.4494	7	535	19	56	24	4	1.14496e+06	5.80619e-05	0.1363	
11500	394	3042	15	20	1798	14.9579	8	534	8	59	3	5	1.26618e+06	4.584e-05	0.431	
11500	391	3022	23.336	22.9667	1778	17.1417	10	532	17	65	16	4	1.01459e+06	5.26537e-05	0.3548	
10488	400	3042	20.6975	22.0101	1759	18.4694	7	535	13	55	26	6	1.10673e+06	5.7607e-05	0.1596	
11381	400	3040	19.4847	26.9211	1775	16.0238	8	534	16	59	22	6	1.05568e+06	5.53955e-05	0.2573	
10846	389	3046	16.3715	21.6865	1819	15.872	10	533	18	61	34	4	1.20608e+06	5.26732e-05	0.2291	
11500	400	3040	20.6306	20.0779	1836	14.3513	6	535	13	60	8	3	1.07593e+06	4.80307e-05	0.4218	
10579	372	3050	18.6936	24.3755	1765	18.4081	7	535	18	56	33	4	1.14182e+06	5.82988e-05	0.1358	
11500	385	2992	21.2153	28.957	1815	17.0782	8	532	19	60	14	3	1.01236e+06	5.81159e-05	0.2611	
11500	400	3027	23.791	30	1803	14.1119	9	535	15	72	30	3	977399	6.031e-05	0.2687	
11500	368	3042	16.4959	20	1798	14.9579	8	534	8	57	3	3	1.19321e+06	4.62577e-05	0.4371	
10582	400	3047	25	29.8201	1700	17.474	10	534	16	60	50	3	1.03144e+06	6.87994e-05	0.1316	
11500	391	3003	24.8523	26.7551	1817	18.9191	10	530	20	57	43	3	982936	5.82038e-05	0.3056	
11283	377	3024	18.2465	20	1899	18.1747	9	534	20	58	14	4	1.13727e+06	4.84778e-05	0.3521	
11061	376	3050	15	20.1018	1863	15.0312	6	535	19	61	2	4	1.29311e+06	4.79203e-05	0.3369	
10378	400	3019	22.6017	26.267	1749	18.8741	9	532	12	57	56	4	1.07623e+06	6.60153e-05	0.1087	
11162	388	2998	19.8087	20.5182	1831	18.4443	7	535	16	60	14	4	1.09941e+06	5.06945e-05	0.325	
10549	382	3006	16.1907	21.1746	1708	15.3528	5	535	20	56	24	4	1.24792e+06	5.43596e-05	0.1681	
11015	396	2996	21.7133	28.2066	1788	17.2741	10	535	20	57	12	3	1.02564e+06	6.02228e-05	0.2026	
10950	400	3029	15.4547	21.6771	1763	17.351	7	535	18	56	28	4	1.24665e+06	5.16236e-05	0.2373	
10327	353	3032	20.406	27.1778	1743	17.0585	7	535	20	56	22	5	1.12001e+06	6.3955e-05	0.0946	
10482	400	3027	15.4547	20	1763	17.351	7	535	18	59	28	4	1.29214e+06	5.38387e-05	0.1647	
10723	357	3040	15.4704	20.6522	1712	15.8511	7	534	20	56	18	4	1.28257e+06	5.17893e-05	0.227	
10628	395	3021	15	20.4689	1790	18.2203	7	535	15	55	14	4	1.30405e+06	5.21105e-05	0.2147	
11500	393	2996	23.1064	30	1849	18.8812	7	531	20	56	33	3	987249	6.06502e-05	0.2592	
11081	400	3046	15	21.8328	1780	15.2472	6	535	18	71	24	6	1.27194e+06	5.05076e-05	0.2649	
11061	400	3043	15	20.2452	1863	14.627	6	535	19	61	2	4	1.28205e+06	4.80723e-05	0.3354	
10225	363	3044	17.0156	23.2184	1804	15.0972	7	535	16	55	8	5	1.22707e+06	5.7857e-05	0.1153	
11500	400	3040	20.6306	21.6281	1836	16.749	10	535	13	60	8	3	1.0525e+06	4.94903e-05	0.3688	
11289	388	3050	18.5111	20	1829	16.7592	7	534	18	67	6	3	1.12577e+06	4.81719e-05	0.3621	
11003	400	3038	15	21.6771	1795	15.7619	8	535	17	59	28	4	1.2698e+06	5.08828e-05	0.2499	
11230	393	3038	22.8145	25.3413	1884	15.8565	10	534	13	69	25	4	1.01709e+06	5.58098e-05	0.2903	
10883	357	3044	15	21.58	1812	18.0616	6	535	17	63	21	5	1.3008e+06	5.14112e-05	0.2302	
11500	400	3034	19.3526	20.1043	1889	18.526	10	535	19	58	5	3	1.08848e+06	4.76281e-05	0.3807	
11391	400	3040	16.808	23.3369	1764	15.7531	10	535	20	57	18	4	1.14392e+06	5.04796e-05	0.2925	
11160	400	3050	15.8405	20.1018	1836	16.0861	5	535	19	64	5	4	1.23114e+06	4.78652e-05	0.3514	
11431	400	3041	16.1644	22.5152	1764	15.7531	9	535	20	55	18	4	1.17687e+06	4.92756e-05	0.3146	
10916	346	3050	15	20.4825	1742	18.1321	9	535	17	59	21	4	1.30508e+06	5.0477e-05	0.2578	
11500	400	3021	23.1064	30	1849	18.8812	7	531	18	57	32	3	985518	6.03391e-05	0.2626	
10428	373	3030	15	20.6409	1766	18.1861	6	533	18	55	13	4	1.32868e+06	5.36711e-05	0.1636	
10684	368	3017	15.6946	21.0474	1726	16.9904	5	533	19	56	24	4	1.27054e+06	5.3011e-05	0.2	
11169	395	3046	15	22.0733	1806	14.9346	8	535	17	63	24	5	1.26152e+06	4.99525e-05	0.2801	
11482	400	3021	25	28.3441	1756	14.9701	10	533	12	74	23	3	973907	5.93331e-05	0.2978	
11500	400	3041	18.1368	20	1836	14.9301	7	532	12	59	3	3	1.12551e+06	4.67902e-05	0.4148	
10687	390	2988	19.3503	26.2583	1869	18.2786	7	535	15	55	13	4	1.09692e+06	5.90179e-05	0.1666	
10415	337	3042	20.8265	22.7668	1764	18.3323	7	535	13	55	26	6	1.13066e+06	5.89901e-05	0.139	
11054	400	3047	19.2917	20	1836	14.6622	7	535	15	56	19	3	1.11163e+06	5.01077e-05	0.3198	
10547	370	3050	15.8539	21.2922	1778	15.1301	5	535	20	55	20	4	1.26886e+06	5.3516e-05	0.1698	
11500	354	3044	15.7016	20	1804	15.5654	7	534	18	57	5	3	1.24123e+06	4.60723e-05	0.4187	
10938	400	3039	16.8671	23.7767	1781	16.0977	7	531	17	55	10	3	1.16217e+06	5.31208e-05	0.2434	
10824	386	3002	21.2153	28.957	1768	17.2129	8	535	19	57	15	3	1.04645e+06	6.21891e-05	0.1539	
10393	395	3031	15	20.4689	1771	17.7672	7	535	14	58	14	4	1.32327e+06	5.39084e-05	0.1558	
11144	400	2997	23.5463	29.8201	1708	17.7702	6	535	16	59	21	3	1.00143e+06	6.28022e-05	0.208	
10664	400	3028	25	28.9114	1708	17.9045	10	535	16	60	37	3	1.02191e+06	6.65779e-05	0.1487	
11500	397	2996	22.6047	27.8886	1731	18.3603	7	534	20	59	33	5	1.00342e+06	5.82377e-05	0.2664	
10651	400	3034	18.4164	21.8651	1721	17.158	8	535	17	57	15	3	1.13668e+06	5.45078e-05	0.2118	
10288	366	3044	15.5395	23.3863	1784	15.7958	7	534	14	55	2	5	1.29144e+06	5.65515e-05	0.1148	
11500	400	3044	21.3303	20	1839	14.2991	6	532	14	62	7	3	1.06707e+06	4.82998e-05	0.447	
11500	400	3044	21.3303	20	1832	14.2991	6	532	14	62	7	3	1.067e+06	4.83162e-05	0.4472	
11500	400	3040	22.7754	26.7494	1747	17.7217	10	528	19	75	12	3	995881	5.60821e-05	0.3153	
11500	374	3041	18.3959	20.1865	1882	16.3399	6	532	19	58	2	3	1.13108e+06	4.69925e-05	0.3936	
11449	400	3033	23.2714	23.408	1833	15.9093	10	524	12	70	19	3	1.0103e+06	5.30983e-05	0.3791	
10647	400	3034	18.0448	21.8651	1708	16.9922	8	535	16	57	21	4	1.15151e+06	5.46717e-05	0.2081	
11105	349	3050	16.2035	22.5908	1738	14	6	534	17	56	8	3	1.21418e+06	5.06022e-05	0.2869	
11500	398	3036	15	21.6456	1782	14	7	534	19	57	5	3	1.24594e+06	4.73037e-05	0.3681	
11092	383	3049	18.9877	20.1948	1811	15.2761	9	535	7	61	7	4	1.12043e+06	4.95835e-05	0.3403	
11220	395	3039	20.8372	23.1922	1846	14.5548	7	535	17	61	18	3	1.05379e+06	5.25873e-05	0.2986	
10708	336	3032	19.0899	20.9952	1742	17.7726	5	535	19	55	3	3	1.15412e+06	5.31491e-05	0.2333	
11329	396	3042	15.5639	22.3215	1810	16.4869	8	535	15	61	29	4	1.2171e+06	4.96771e-05	0.3051	
10685	368	3023	15	22.0043	1718	17.0074	7	535	15	60	15	3	1.2987e+06	5.3166e-05	0.191	
10674	393	3045	23.1064	29.5997	1735	18.7437	7	531	20	56	33	3	1.03749e+06	6.56383e-05	0.1328	
10587	400	3039	23.3032	28.1905	1752	16.8477	9	535	20	55	8	4	1.03827e+06	6.38162e-05	0.1453	
10674	359	3042	15.8125	22.2095	1719	15.1408	7	534	19	65	19	5	1.25877e+06	5.37808e-05	0.1813	
11500	345	3050	15.1967	20.1018	1769	14	7	535	14	57	5	3	1.27564e+06	4.59453e-05	0.4137	
10552	400	3027	22.4727	25.6092	1749	18.9308	9	532	6	55	56	3	1.06214e+06	6.33553e-05	0.1331	
11388	364	3020	18.3959	20.6126	1899	16.6992	8	535	20	58	3	3	1.13035e+06	4.80792e-05	0.3612	
11500	369	3032	16.2796	20	1899	15.7723	7	534	16	59	5	4	1.20905e+06	4.61404e-05	0.4108	
10801	400	3022	22.4957	29.7911	1787	15.5932	10	535	17	55	23	3	1.02591e+06	6.39591e-05	0.1562	
10893	393	2996	23.1064	29.9322	1761	19	7	535	20	57	33	3	1.01999e+06	6.4771e-05	0.1519	
10225	397	3050	17.0156	23.2184	1743	15.7799	6	534	14	55	14	4	1.21762e+06	5.82343e-05	0.1033	
10723	400	3016	20.4972	23.2138	1775	18.8597	8	532	16	60	3	4	1.08044e+06	5.59534e-05	0.2251	
11412	400	3033	19.2562	20.3079	1873	15.9367	6	535	16	60	7	4	1.10237e+06	4.80654e-05	0.377	
10894	397	3034	24.6342	29.5584	1809	16.2435	10	533	19	56	37	3	1.00636e+06	6.46204e-05	0.1751	
10317	377	3033	17.1226	23.7767	1763	16.0689	7	531	17	55	17	5	1.2082e+06	5.83056e-05	0.1134	
10758	357	3021	18.6164	22.4539	1831	18.5611	8	534	18	59	13	4	1.14155e+06	5.42152e-05	0.2246	
10918	386	3034	18.2605	20.8806	1804	16.7717	6	534	16	61	25	5	1.1474e+06	5.18941e-05	0.2763	
11500	397	3043	17.8187	20	1843	15.254	7	535	13	61	4	3	1.13496e+06	4.66832e-05	0.4075	
10333	368	3022	15.466	21.221	1800	18.96	7	535	13	58	13	4	1.30289e+06	5.52761e-05	0.1365	
11500	400	3031	20.3036	20.4248	1854	17.1709	10	534	19	58	3	3	1.06742e+06	4.82719e-05	0.3848	
11500	400	3042	16.752	20	1861	15.4944	6	533	16	55	9	3	1.17381e+06	4.6365e-05	0.4169	
10371	363	3044	17.3382	23.7767	1839	16.1865	8	533	18	55	18	3	1.1958e+06	5.76735e-05	0.1276	
10682	400	3029	23.8214	24.3441	1795	17.3862	6	535	15	55	37	3	1.0434e+06	6.05364e-05	0.1832	
11092	393	3025	18.2465	20.0683	1900	17.9607	9	535	20	55	14	4	1.13461e+06	4.96303e-05	0.3197	
11085	394	3012	19.2721	21.2262	1806	18.4276	9	532	17	59	17	4	1.10006e+06	5.15783e-05	0.3053	
11500	382	3038	15.2356	20	1872	15.122	9	535	9	65	2	3	1.25057e+06	4.57603e-05	0.4328	
11500	400	3021	20.9049	20	1792	17.2573	10	529	12	75	6	3	1.06111e+06	4.86098e-05	0.426	
10482	399	3030	16.1884	21.9734	1725	15.2487	5	532	17	57	22	3	1.23937e+06	5.51602e-05	0.1545	
11413	400	3026	19.2764	22.4013	1843	17.3798	8	535	20	55	10	4	1.07797e+06	5.02084e-05	0.3425	
11439	400	3038	20.3118	20.8574	1838	17.5681	8	535	16	56	8	4	1.0732e+06	4.90629e-05	0.3653	
11495	400	3045	16.8527	20	1835	15.2568	7	534	12	61	7	4	1.17081e+06	4.64339e-05	0.4222	
10961	400	3045	16.7891	20	1769	15.2761	8	535	8	58	2	3	1.18677e+06	4.92344e-05	0.3272	
11329	399	3050	19.8497	20.775	1843	18.1512	7	535	16	67	16	3	1.08308e+06	4.95e-05	0.349	
11088	372	3042	16.1871	20.1018	1843	16.5451	6	534	16	61	2	4	1.22619e+06	4.83465e-05	0.3387	
10891	400	3017	15.732	21.2873	1763	18.5611	8	535	14	61	20	4	1.2326e+06	5.17304e-05	0.2511	
10674	393	3045	21.8962	29.5997	1735	18.6061	7	531	20	56	37	3	1.05076e+06	6.50999e-05	0.1235	
10371	363	3044	17.3382	23.7767	1803	16.0977	8	533	17	55	18	5	1.19981e+06	5.77934e-05	0.12	
11322	382	3042	15	20	1746	16.1021	6	535	17	56	3	4	1.27664e+06	4.68867e-05	0.3782	
11000	400	3042	19.2904	26.7036	1822	17.5272	7	535	11	58	12	4	1.07539e+06	5.68085e-05	0.2153	
11500	368	3048	16.4959	20	1781	14.9579	8	534	8	57	2	3	1.19274e+06	4.62278e-05	0.441	
10398	382	3003	16.0889	21.1746	1708	15.3528	7	535	20	56	24	5	1.26207e+06	5.56793e-05	0.1341	
10377	336	3047	18.2673	25.3082	1749	18.9383	6	534	10	56	11	4	1.17646e+06	5.96267e-05	0.1094	
11500	397	3040	18.6748	20.1975	1843	15.254	7	535	15	60	4	3	1.10977e+06	4.71876e-05	0.3926	
10616	400	3034	18.0422	21.8651	1721	17.158	8	535	16	57	16	4	1.15279e+06	5.46448e-05	0.206	
11230	396	3016	22.8145	25.3413	1865	16.6552	10	534	13	68	25	4	1.01519e+06	5.61199e-05	0.2861	
11399	400	3026	19.7272	20.3115	1849	18.0611	10	534	15	58	19	4	1.08476e+06	4.89932e-05	0.3665	
11459	380	3036	15	21.75	1782	14	9	535	19	57	5	3	1.24976e+06	4.75986e-05	0.3507	
11500	322	3050	15	20.9414	1777	18.982	7	535	20	57	12	3	1.29544e+06	4.72233e-05	0.3671	
11500	400	3006	22.8111	26.9569	1788	14.8865	10	535	16	74	16	3	992217	5.6373e-05	0.3065	
11357	397	3020	24.7541	27.2114	1773	14	8	535	17	62	26	3	987303	5.86304e-05	0.2851	
10166	344	3050	18.8396	24.5417	1731	18.4081	8	535	5	55	17	5	1.17835e+06	6.14137e-05	0.0985	
10932	349	3050	15	21.6771	1806	15.585	8	535	18	65	24	4	1.29699e+06	5.11745e-05	0.2377	
11001	335	3050	18.2535	20.4461	1854	18.0616	8	535	17	57	26	5	1.17096e+06	5.08776e-05	0.2872	
11368	400	3026	19.2764	22.1853	1827	17.6816	8	535	20	55	10	4	1.08095e+06	5.03221e-05	0.338	
10396	397	3043	15	21.5827	1775	15.5371	4	535	16	59	11	4	1.32253e+06	5.43803e-05	0.1387	
10736	400	3009	22.4957	29.7946	1787	18.4467	9	535	17	55	7	3	1.03016e+06	6.43087e-05	0.151	
11169	379	3050	15	22.1459	1794	16.1696	8	534	18	65	26	5	1.26824e+06	5.01781e-05	0.2772	
11500	400	3026	22.0505	25.1399	1838	16.6552	10	535	12	57	18	3	1.00871e+06	5.38503e-05	0.3307	
10442	400	3033	17.8142	20	1871	15.3191	7	535	15	55	12	3	1.18203e+06	5.36193e-05	0.2206	
11003	317	3043	15.0388	22.3575	1764	15.5116	9	535	15	58	14	5	1.30641e+06	5.09554e-05	0.2464	
11478	387	3047	15.2222	20	1782	15.6978	7	532	19	57	5	3	1.25335e+06	4.60723e-05	0.4176	
11500	382	3003	24.8523	27.1289	1848	17.0844	8	535	18	62	19	3	986984	5.77234e-05	0.2991	
10778	396	3018	23.433	29.3676	1823	17.3463	8	535	17	55	35	3	1.02479e+06	6.46831e-05	0.1515	
11292	400	3023	15.4547	21.6771	1763	17.1735	9	535	17	57	31	3	1.2239e+06	4.97216e-05	0.3011	
11398	368	3050	16.4959	20.0716	1822	14.9579	8	534	8	65	2	3	1.25113e+06	4.61318e-05	0.4131	
11391	400	3034	16.808	23.3369	1764	17.1165	10	535	20	57	18	4	1.14381e+06	5.06534e-05	0.2899	
11500	340	3050	18.3959	20.1865	1888	14.8946	6	534	19	60	5	4	1.15614e+06	4.69043e-05	0.3888	
10926	391	3024	20.3374	28.3758	1732	18.0304	6	535	16	55	18	4	1.05997e+06	6.04449e-05	0.1686	
10461	399	3029	22.1376	29.8201	1739	18.7927	6	533	13	57	26	3	1.06124e+06	6.69568e-05	0.106	
11500	399	2999	24.6374	23.0034	1755	14.8665	10	533	15	74	11	3	997493	5.35848e-05	0.3909	
10736	400	3011	22.8731	29.7946	1784	15.5932	10	535	18	55	24	3	1.02719e+06	6.4855e-05	0.1487	
11500	395	3050	21.2938	20.3568	1875	16.8955	6	534	20	55	6	3	1.0643e+06	4.85201e-05	0.4121	
11169	400	3046	15	21.6771	1770	18.7268	6	535	18	70	24	6	1.26645e+06	5.01027e-05	0.279	
11000	400	3042	19.2904	26.7036	1822	17.5272	7	535	19	58	30	4	1.07759e+06	5.7468e-05	0.1884	
10877	388	3050	19.6281	22.8449	1829	15.7461	8	533	19	57	56	4	1.1028e+06	5.57041e-05	0.2063	
11500	400	3036	23.791	30	1803	15.7887	9	535	15	72	30	3	977689	6.02555e-05	0.2661	
10614	361	3026	17.9216	22.2587	1787	18.1083	5	535	16	58	34	4	1.17976e+06	5.5869e-05	0.169	
11233	392	3049	18.905	26.9211	1812	18.1362	7	535	16	56	7	3	1.07261e+06	5.54631e-05	0.233	
11472	393	3035	20.5011	21.4557	1871	17.311	10	534	17	55	17	3	1.05786e+06	4.96475e-05	0.3584	
11061	376	3043	15.1976	20.1018	1863	15.0312	6	535	19	60	2	4	1.2801e+06	4.80284e-05	0.3356	
10838	381	3050	16.7891	20	1787	17.9887	9	535	10	56	6	3	1.19818e+06	5.02765e-05	0.2923	
10738	400	3043	23.4876	26.7494	1737	16.216	10	535	17	56	23	3	1.02671e+06	6.16029e-05	0.1761	
11500	368	3026	16.4155	20	1899	16.7104	7	534	20	59	5	4	1.20212e+06	4.63006e-05	0.404	
10826	379	3041	15	21.6771	1750	15.0037	6	535	15	62	21	5	1.29458e+06	5.18296e-05	0.2174	
10681	400	3039	18.9509	28.4858	1752	17.2923	8	535	17	59	17	3	1.09909e+06	6.1282e-05	0.141	
10985	400	3019	22.7567	28.1533	1775	16.9362	10	535	15	56	18	3	1.01619e+06	6.0868e-05	0.2093	
11500	400	3038	19.8884	20.8574	1838	18.2669	9	535	17	57	8	4	1.0742e+06	4.86381e-05	0.3749	
10891	400	3017	15.732	21.2873	1763	19	8	535	14	59	16	4	1.23213e+06	5.15756e-05	0.2566	
10462	400	3029	20.6477	26.1978	1775	18.5333	7	534	20	59	22	4	1.09041e+06	6.1778e-05	0.1245	
10499	317	3038	15.4481	22.5054	1770	17.3482	9	535	19	56	2	5	1.30855e+06	5.4339e-05	0.1482	
10234	400	3030	19.8967	25.9112	1794	18.42	8	535	20	55	8	5	1.12075e+06	6.2461e-05	0.0988	
10677	400	3029	20.7062	29.057	1720	17.0359	6	535	15	56	25	3	1.06521e+06	6.33152e-05	0.1268	
10587	392	3033	21.7856	25.2329	1845	18.557	9	535	19	59	22	4	1.06449e+06	6.01685e-05	0.1598	
11120	396	2996	21.7133	28.2066	1788	17.2741	10	533	20	57	12	3	1.02016e+06	5.95806e-05	0.2222	
10264	391	3033	22.7576	27.956	1777	17.8504	7	534	15	55	18	3	1.07398e+06	6.6538e-05	0.1047	
10930	400	3021	22.7567	30	1775	15.9334	10	534	15	56	19	3	1.01433e+06	6.33874e-05	0.1787	
10723	400	3012	19.8567	22.3142	1775	18.8597	8	530	16	58	15	4	1.09738e+06	5.52608e-05	0.2274	
10954	396	3023	15	20.9578	1722	17.2244	6	535	19	63	32	5	1.28533e+06	5.13347e-05	0.2419	
10976	400	3016	22.0505	30	1775	15.8917	5	535	15	55	23	5	1.02892e+06	6.28654e-05	0.172	
11273	399	2996	17.8573	25.8624	1843	16.6552	10	534	20	60	11	3	1.09515e+06	5.40628e-05	0.2503	
10894	379	3042	24.6342	27.7377	1708	16.8233	10	534	19	59	37	3	1.0154e+06	6.2822e-05	0.1916	
11500	398	3033	24.0736	23.6673	1798	16.675	10	532	13	74	5	3	998823	5.33874e-05	0.3626	
11500	400	3040	24.0709	30	1798	16.8208	10	534	13	74	29	3	975573	6.0412e-05	0.2725	
10736	400	3009	21.859	23.1555	1856	15.4696	7	535	17	55	19	4	1.06293e+06	5.6802e-05	0.2319	
10549	382	3006	16.1907	21.1746	1783	15.3528	5	535	20	56	24	4	1.24704e+06	5.418e-05	0.1727	
11220	392	3001	20.8372	23.1922	1846	15.4207	8	535	17	61	18	3	1.05227e+06	5.29857e-05	0.2966	
10324	379	3038	17.4922	25.5364	1763	16.8193	8	532	15	55	12	5	1.18445e+06	5.99628e-05	0.1086	
11289	392	3037	15	20	1733	16.1301	6	535	15	63	3	4	1.27361e+06	4.71676e-05	0.3729	
11399	400	3025	19.8508	21.1564	1849	18.0611	10	535	16	66	19	4	1.07368e+06	4.97413e-05	0.3546	
11181	387	3039	20.2153	21.3413	1858	17.4539	8	535	16	61	27	4	1.08402e+06	5.13716e-05	0.3088	
10933	376	3034	15	20.1018	1863	15.0312	6	534	16	61	2	4	1.29913e+06	4.88186e-05	0.3191	
10610	394	3026	20.8918	28.8119	1761	19	5	531	19	55	11	4	1.06968e+06	6.31991e-05	0.1244	
11490	399	3043	22.2569	21.9471	1859	16.6552	10	535	16	60	25	3	1.02975e+06	5.09347e-05	0.3577	
10225	395	3043	17.4922	23.7767	1763	16.0689	7	533	17	55	2	5	1.19452e+06	5.84283e-05	0.1165	
11176	389	3018	23.67	26.6539	1800	18.5384	10	535	11	56	19	3	1.00406e+06	5.86063e-05	0.2571	
10536	366	3032	16.5724	23.0627	1744	15.5384	7	535	13	57	25	4	1.22244e+06	5.60381e-05	0.149	
11500	397	3050	17.8187	20	1843	15.254	8	535	13	62	4	3	1.1325e+06	4.66353e-05	0.4082	
10801	400	3016	22.4957	29.782	1787	15.5932	10	535	17	55	23	3	1.02578e+06	6.40164e-05	0.1564	
11113	400	3014	22.5148	26.3121	1843	15.5133	8	535	15	58	19	3	1.01744e+06	5.7554e-05	0.2494	
11199	395	3050	15.4075	22.4284	1817	14.0806	9	534	16	70	34	3	1.22671e+06	5.05485e-05	0.2818	
11289	388	3050	18.9013	20	1789	16.1021	8	535	18	66	6	4	1.11527e+06	4.84215e-05	0.3632	
10774	399	3036	16.1941	21.8817	1733	17.5773	7	534	18	64	32	5	1.22034e+06	5.36855e-05	0.1975	
10891	400	3035	23.1064	29.9322	1748	15.3862	7	532	20	58	29	3	1.01841e+06	6.39059e-05	0.1756	
10652	399	3027	20.8338	24.2575	1781	16.5867	8	533	16	60	13	4	1.07636e+06	5.77367e-05	0.1947	
11500	400	3040	21.4473	21.3653	1856	16.6552	10	535	12	73	21	3	1.04247e+06	4.99077e-05	0.3833	
11204	400	2997	21.2467	27.648	1799	15.4405	10	534	20	55	17	4	1.02329e+06	5.81734e-05	0.236	
11500	387	3036	15	23.3744	1752	14	7	535	19	55	5	3	1.23862e+06	4.90052e-05	0.3214	
10234	400	3030	18.9183	25.9112	1794	18.8519	8	535	20	55	7	3	1.13937e+06	6.18735e-05	0.0923	
11248	400	3028	24.3534	27.9975	1708	17.2308	10	535	16	60	37	3	991058	6.05254e-05	0.2364	
10960	393	3035	22.0938	30	1880	16.615	7	535	20	60	22	4	1.02647e+06	6.23675e-05	0.1776	
10481	379	3024	20.1473	28.3758	1718	18.0304	6	535	16	55	15	4	1.09761e+06	6.36092e-05	0.1016	
11127	389	3044	19.9919	23.3464	1788	17.319	8	535	17	57	21	5	1.07521e+06	5.33134e-05	0.2804	
11370	400	3016	22.0505	29.7946	1793	16.0407	8	535	14	73	16	3	999035	5.98731e-05	0.2407	
11500	400	3031	19.926	20.0493	1900	17.1709	10	534	19	60	7	3	1.07876e+06	4.77692e-05	0.4019	
11120	396	2996	21.7133	28.5021	1857	17.2741	10	533	20	55	12	3	1.01832e+06	5.97336e-05	0.2256	
11422	398	2974	25	29.9047	1719	17.2328	7	535	20	60	26	6	982107	6.23714e-05	0.2452	
10579	359	3039	18.6936	25.2142	1749	18.4081	6	534	19	56	24	4	1.14227e+06	5.88132e-05	0.1299	
11107	377	3050	18.4021	20.775	1843	18.1512	8	535	16	60	16	5	1.13576e+06	5.01655e-05	0.308	
10959	388	3050	18.92	22.9232	1852	15.7461	7	533	20	57	56	4	1.11682e+06	5.47915e-05	0.2203	
11107	378	3050	18.223	20.775	1832	18.1512	9	535	17	60	16	5	1.13763e+06	5.01479e-05	0.3105	
10851	391	3048	15.8657	20.4891	1828	15.2492	6	533	15	60	5	4	1.24316e+06	4.9955e-05	0.2958	
10978	400	3042	24.6342	29.8201	1708	18.1213	10	534	19	59	38	3	1.00163e+06	6.46663e-05	0.1782	
10842	400	3029	18.0531	21.6186	1710	17.3315	8	535	18	56	28	3	1.13946e+06	5.34045e-05	0.2412	
11288	352	3050	15.0183	21.3369	1787	16.0704	9	533	18	69	27	5	1.27926e+06	4.89165e-05	0.3182	
11500	382	3038	15.2356	20	1872	15.122	6	535	9	56	2	3	1.25757e+06	4.56892e-05	0.4317	
10256	318	3030	18.8863	26.0579	1776	18.5958	8	535	14	55	3	5	1.17417e+06	6.15915e-05	0.0949	
11086	400	3016	22.0505	30	1852	15.6516	10	535	15	71	19	3	1.01267e+06	6.1546e-05	0.2104	
10894	400	3049	24.6342	29.8201	1708	18.4532	8	532	19	56	35	3	1.00827e+06	6.52103e-05	0.1721	
11040	368	3050	15.4052	21.6771	1775	17.2166	9	534	19	70	26	5	1.25411e+06	5.09243e-05	0.2581	
11225	400	3010	22.0736	29.9322	1741	17.6602	7	535	20	59	33	3	1.00926e+06	6.17055e-05	0.1981	
11500	400	3031	21.4259	20.4248	1854	17.518	10	534	8	58	3	3	1.05074e+06	4.88472e-05	0.4191	
10418	375	3040	15.363	20.1018	1777	18.1973	7	535	16	55	18	4	1.30899e+06	5.36423e-05	0.1693	
11473	382	3008	24.8523	28.2325	1751	14.3873	8	533	19	70	43	3	984553	5.9609e-05	0.2839	
11434	395	3038	22.8145	25.3413	1884	15.8565	10	534	13	68	25	4	1.00739e+06	5.46239e-05	0.3175	
10378	366	3038	17.5968	23.7785	1763	16.6159	8	532	16	55	17	5	1.18906e+06	5.79912e-05	0.1229	
11012	376	3050	16.3715	21.6865	1794	15.872	10	535	18	65	32	5	1.20199e+06	5.14827e-05	0.2619	
10418	362	3040	15	20.1018	1777	18.1973	7	535	15	55	19	4	1.33918e+06	5.35647e-05	0.1629	
11376	397	3026	22.7659	27.2114	1750	14.1193	8	535	17	62	27	3	1.00213e+06	5.73855e-05	0.2767	
11500	368	3042	16.4959	23.4005	1772	15.008	8	535	20	57	10	4	1.16839e+06	4.9581e-05	0.3132	
10399	338	3038	15	20.6324	1767	17.0447	7	535	18	55	13	4	1.34674e+06	5.37663e-05	0.1512	
11500	398	3033	24.0736	20.6146	1798	16.675	10	533	13	74	5	3	1.02166e+06	5.06919e-05	0.4253	
11500	398	3010	23.9759	21.7086	1790	15.235	9	535	14	73	11	3	1.01401e+06	5.17759e-05	0.4202	
11210	392	3050	18.4021	20.4129	1867	16.9497	8	535	16	56	14	5	1.12961e+06	4.9034e-05	0.3325	
10610	390	3029	20.8918	29.6186	1765	18.0919	5	531	19	55	11	4	1.06876e+06	6.40287e-05	0.1189	
10907	391	3006	23.3632	26.0334	1743	19	9	535	5	58	50	3	1.02693e+06	6.10948e-05	0.1965	
10418	362	3040	15.09	20.1018	1742	18.1973	7	535	13	55	19	4	1.33244e+06	5.36769e-05	0.1627	
11430	382	3025	18.2465	20.0683	1899	18.1747	9	535	20	55	14	4	1.12862e+06	4.77441e-05	0.3678	
10893	396	3035	23.1064	29.9322	1731	15.3862	7	535	20	58	22	3	1.01959e+06	6.37511e-05	0.1717	
11231	400	3047	18.5257	20	1836	14.8772	7	532	12	61	7	3	1.1233e+06	4.83606e-05	0.3682	
10657	400	3041	22.2922	28.3758	1777	18.0304	7	535	15	55	19	4	1.04685e+06	6.31313e-05	0.1459	
10854	400	3029	15.4547	21.6771	1763	16.8427	7	535	18	56	28	4	1.25241e+06	5.22111e-05	0.2171	
10566	400	2995	18.6164	26.9211	1831	18.3541	8	534	16	55	7	3	1.11326e+06	6.01178e-05	0.1317	
10774	399	3024	16.1941	21.8817	1733	17.5773	7	534	18	55	32	5	1.22139e+06	5.36567e-05	0.1988	
11119	400	3031	18.4574	22.259	1841	16.3283	8	534	20	65	3	3	1.10911e+06	5.10048e-05	0.3015	
11258	400	3040	19.4847	26.9211	1775	16.0488	8	534	20	59	22	6	1.06017e+06	5.6057e-05	0.2323	
11106	400	3050	15	20.1018	1851	16.0861	9	535	19	57	5	4	1.27293e+06	4.78583e-05	0.3444	
10964	392	3048	18.6164	26.9211	1812	18.5611	7	535	15	55	7	3	1.09325e+06	5.69184e-05	0.1927	
11495	397	3036	15	20.1018	1782	14	9	534	19	55	5	3	1.25505e+06	4.59982e-05	0.4066	
11441	400	3050	24.0243	20	1836	14.9301	7	534	12	60	12	3	1.03821e+06	5.0274e-05	0.4026	
11167	387	3023	15.2555	21.2208	1700	15.3414	8	535	20	63	26	3	1.24856e+06	4.98753e-05	0.2833	
10933	376	3040	15.6502	20.1018	1857	15.0312	9	534	19	61	2	4	1.25307e+06	4.90244e-05	0.3113	
10457	400	3019	19.0631	23.3042	1789	18.7202	9	534	15	58	34	4	1.13322e+06	5.8872e-05	0.1378	
11199	355	3050	15.4966	22.8154	1792	16.6512	7	535	13	65	17	5	1.2443e+06	5.04312e-05	0.2793	
11500	400	3031	24.5772	20.1043	1889	14.7384	10	534	19	56	15	3	1.02563e+06	5.05382e-05	0.3901	
11500	393	3010	22.6047	29.9322	1742	17.6602	6	535	20	59	33	3	994850	6.03792e-05	0.242	
11176	389	3018	23.67	30	1811	18.5384	10	535	11	56	20	3	997050	6.24181e-05	0.2227	
11404	400	3040	16.4959	23.1484	1700	14.495	8	534	20	55	8	4	1.15963e+06	4.99301e-05	0.3029	
10462	400	3018	20.6477	26.1978	1773	18.6293	7	535	20	59	22	4	1.09026e+06	6.19272e-05	0.1214	
11230	396	3038	22.8145	25.3413	1852	16.6552	9	535	13	68	27	4	1.01694e+06	5.59879e-05	0.2811	
11030	377	3036	16.1967	21.8219	1788	17.7	9	535	20	58	36	5	1.21063e+06	5.18215e-05	0.2427	
10938	400	3039	16.8671	23.7767	1781	16.0977	7	533	17	55	10	3	1.16178e+06	5.31293e-05	0.2356	
11301	400	3031	23.6419	24.1264	1845	16.3283	8	530	17	56	3	3	1.01017e+06	5.45197e-05	0.3276	
10918	388	3034	18.514	20.8663	1804	17.0084	7	534	17	63	5	4	1.13497e+06	5.12269e-05	0.2882	
11500	397	2996	22.6047	28.2566	1731	18.7868	7	535	20	59	33	3	997999	5.86476e-05	0.2605	
10655	370	3050	15	21.2922	1778	16.4728	10	535	18	55	15	4	1.30238e+06	5.2304e-05	0.1937	
10425	386	3040	15.2222	21.3441	1700	14	7	534	20	57	2	3	1.29765e+06	5.36769e-05	0.1667	
10272	364	3019	15	20.9532	1770	17.7551	6	533	18	55	13	4	1.34399e+06	5.52669e-05	0.1276	
10823	375	3050	15.9394	21.3593	1794	15.1361	10	535	18	65	32	4	1.23468e+06	5.24054e-05	0.2214	
11176	400	3018	23.67	29.2191	1811	18.5384	10	535	15	58	20	3	995275	6.1459e-05	0.2305	
10674	393	3045	23.1064	29.5997	1735	18.7437	7	531	19	56	33	3	1.03746e+06	6.56297e-05	0.1342	
10851	391	3048	15.8657	20.4891	1828	15.2492	6	533	18	60	5	4	1.2428e+06	4.99775e-05	0.2913	
10396	392	3037	17.3022	21.5086	1744	17.2485	8	535	18	59	24	4	1.20183e+06	5.62841e-05	0.1468	
10398	390	3050	15	21.2558	1771	15.1301	6	531	20	56	14	4	1.32205e+06	5.40541e-05	0.1515	
10979	396	3050	21.9294	22.967	1817	19	9	532	16	55	36	4	1.05037e+06	5.55556e-05	0.2484	
11327	399	2992	21.0278	27.5987	1832	15.363	9	535	20	61	20	4	1.02224e+06	5.72672e-05	0.2528	
10619	351	3017	19.4847	26.9211	1775	15.2652	8	535	17	55	18	4	1.11155e+06	6.02918e-05	0.1334	
11114	393	3016	23.3912	28.8863	1767	18.3857	10	535	15	56	19	5	1.00661e+06	6.15044e-05	0.2184	
11494	387	3050	15	20.1018	1754	14	7	532	19	57	5	4	1.26785e+06	4.59749e-05	0.41	
10230	373	3030	15	20.6409	1767	18.1861	6	535	18	55	13	4	1.34711e+06	5.53741e-05	0.1225	
10225	400	3044	15.6192	22.1528	1765	18.3649	9	535	15	62	4	5	1.28605e+06	5.66765e-05	0.1202	
11500	400	3019	24.7352	26.2687	1853	16.5313	8	535	20	68	19	3	983964	5.6478e-05	0.3048	
10849	357	3050	15	20.4825	1742	16.4816	7	535	17	59	28	5	1.31011e+06	5.10412e-05	0.2338	
11500	336	3050	15.1967	20.1018	1781	14	10	535	12	57	5	3	1.27696e+06	4.59284e-05	0.4151	
11500	400	3048	19.4582	20	1889	17.1709	10	534	19	58	10	3	1.08968e+06	4.74766e-05	0.3875	
10234	400	3035	19.6494	25.9112	1794	18.42	8	535	17	55	8	5	1.12558e+06	6.222e-05	0.0991	
11482	400	3035	25	28.3441	1748	14.9701	10	533	12	74	23	3	974390	5.92207e-05	0.2956	
11174	339	3048	17.3589	20.5283	1839	14.8001	6	534	20	60	4	5	1.19368e+06	4.85791e-05	0.3342	
11500	399	3043	22.9012	29.5764	1717	17.0337	10	533	15	66	39	3	987515	5.98444e-05	0.2613	
11322	392	3026	19.2764	22.1413	1820	14.7906	9	535	18	55	10	4	1.08329e+06	5.03474e-05	0.3347	
10440	400	3044	25	29.2773	1764	18.4503	8	533	10	55	50	4	1.04535e+06	6.95749e-05	0.1102	
10398	351	3049	15	21.2558	1774	18.3639	5	532	19	55	13	4	1.33997e+06	5.42182e-05	0.1472	
11088	400	3042	24.212	29.8201	1700	17.4485	8	535	20	60	29	3	998948	6.32711e-05	0.1969	
10256	400	2989	21.0556	25.9112	1794	18.4081	9	530	20	55	4	4	1.09186e+06	6.30756e-05	0.1161	
10842	386	3029	15.4547	21.6771	1873	17.351	7	535	18	56	28	4	1.25793e+06	5.20752e-05	0.2249	
10825	356	3029	15.3913	21.8651	1714	15.5785	5	535	16	61	23	3	1.27612e+06	5.23889e-05	0.2145	
11500	399	3026	25	26.7494	1772	14.9879	9	535	12	74	5	3	979139	5.71592e-05	0.354	
10418	362	3040	15.09	20.2851	1777	18.1973	6	535	16	55	19	4	1.33213e+06	5.37288e-05	0.158	
11500	398	2999	24.6374	25.4613	1729	15.235	9	533	15	66	14	3	986224	5.61073e-05	0.3476	
11500	398	2999	24.6374	23.2932	1729	15.235	9	535	14	73	3	3	997630	5.38155e-05	0.3739	
10931	399	3050	20.2785	20.775	1747	17.2322	9	531	18	61	16	3	1.08632e+06	5.23341e-05	0.2922	
11500	393	3010	22.6047	29.9322	1755	18.1414	6	535	20	59	10	5	997129	5.997e-05	0.2435	
11430	382	3025	18.2465	20.0683	1899	17.9607	9	535	20	55	14	4	1.12911e+06	4.77213e-05	0.3679	
11235	400	3002	18.4415	20.5319	1839	14	6	535	15	60	3	4	1.1262e+06	4.89812e-05	0.3493	
11500	400	3044	18.2504	20	1841	14.1229	7	526	12	63	7	3	1.12437e+06	4.69131e-05	0.4303	
11419	400	3041	20.2956	20.5349	1783	15.4704	9	534	13	60	9	3	1.07026e+06	4.88878e-05	0.3784	
11488	396	3044	18.8891	20	1835	15.254	7	535	16	63	4	3	1.10645e+06	4.71965e-05	0.3894	
11410	327	3039	17.2986	20.0044	1882	17.0925	6	535	14	58	3	4	1.20135e+06	4.69373e-05	0.3839	
10835	390	3041	15	21.638	1816	15.6891	6	535	15	63	21	5	1.28926e+06	5.16636e-05	0.2265	
10954	396	3023	15	21.5839	1722	17.2244	6	535	19	63	22	5	1.27885e+06	5.13822e-05	0.2394	
11500	368	3021	16.4155	20	1899	16.7104	7	534	16	59	2	4	1.20381e+06	4.62599e-05	0.4081	
10840	400	3023	21.9986	26.5179	1788	19	9	533	17	59	40	4	1.04269e+06	6.0595e-05	0.1811	
11113	400	3047	19.2917	20	1843	14.7686	7	535	13	56	12	3	1.10839e+06	4.94805e-05	0.348	
10369	397	3023	22.6047	28.5717	1731	18.7868	7	533	18	55	33	3	1.06807e+06	6.72405e-05	0.0961	
10422	374	3050	19.2586	21.7393	1708	15.1586	5	535	17	56	13	4	1.14883e+06	5.6262e-05	0.1678	
11317	347	3050	15.1967	20.9414	1787	14	7	535	17	57	3	3	1.27118e+06	4.74271e-05	0.3634	
11289	364	3050	18.5111	20	1823	16.1021	7	535	17	60	6	3	1.13605e+06	4.81e-05	0.3587	
10608	400	3042	21.9922	29.8346	1736	15.9596	5	535	20	55	29	3	1.05319e+06	6.54793e-05	0.1111	
10461	382	3013	16.1907	21.3326	1708	15.3977	5	532	20	56	24	3	1.25082e+06	5.51025e-05	0.156	
11248	400	3028	24.3534	28.9114	1708	17.2308	10	533	16	60	37	3	989505	6.1565e-05	0.2341	
11500	345	3050	15.1967	20.1018	1781	14	7	535	14	57	5	3	1.27592e+06	4.59158e-05	0.4165	
11500	399	2996	22.6047	28.2566	1731	17.74	7	535	20	61	33	4	999348	5.85686e-05	0.261	
10854	389	3037	18.2073	21.6865	1805	15.7208	9	534	18	65	29	5	1.14073e+06	5.32255e-05	0.2548	
10736	400	3009	22.8731	29.7946	1787	17.5138	10	535	17	55	24	3	1.02711e+06	6.5028e-05	0.1446	
10921	381	3029	15.8029	21.6771	1746	17.351	10	535	11	60	21	4	1.2294e+06	5.17357e-05	0.2468	
10723	400	3012	20.4972	22.3142	1775	18.8597	8	530	16	57	3	4	1.08527e+06	5.51481e-05	0.2416	
10393	395	3031	15	20.4689	1726	17.7672	7	535	14	55	14	3	1.32134e+06	5.39025e-05	0.1559	
11012	389	3050	16.3715	21.6865	1794	15.872	10	535	19	65	32	5	1.19663e+06	5.14933e-05	0.26	
10624	392	3049	23.1064	29.3958	1795	18.7437	7	530	20	56	31	3	1.04149e+06	6.55136e-05	0.1346	
10697	400	3042	24.212	29.8201	1700	16.884	8	535	20	60	37	3	1.0257e+06	6.65115e-05	0.1428	
10578	371	3026	20.4516	29.0942	1765	18.8348	7	534	13	55	12	4	1.08272e+06	6.35445e-05	0.1154	
11145	391	3018	22.8144	30	1771	14.1119	10	532	17	68	25	3	1.00507e+06	6.19655e-05	0.2158	
10765	400	3045	25	29.2773	1753	18.4503	8	535	13	55	29	4	1.01505e+06	6.55738e-05	0.1569	
10452	394	3022	20.8918	29.4263	1761	19	5	535	16	55	11	4	1.07981e+06	6.52955e-05	0.0908	
10587	400	3030	22.7189	26.8307	1763	17.278	8	535	15	55	16	4	1.04708e+06	6.2282e-05	0.1478	
11500	337	3036	15.2222	20.4945	1719	14	7	535	19	55	5	3	1.27415e+06	4.65203e-05	0.3869	
11500	400	3041	18.1368	20	1836	14.9301	7	532	12	60	10	3	1.12641e+06	4.69506e-05	0.4146	
11500	382	3038	17.5484	20	1889	15.3332	9	535	9	65	2	3	1.14906e+06	4.64857e-05	0.4095	
10547	381	3031	15	22.419	1778	15.1301	6	533	20	56	15	4	1.30663e+06	5.41682e-05	0.1616	
11169	400	3046	15	21.5589	1770	18.7268	6	535	19	70	26	6	1.26747e+06	5.00902e-05	0.2789	
10398	386	3049	17.1589	22.5236	1708	16.9922	8	534	16	57	24	4	1.20418e+06	5.69866e-05	0.131	
10450	369	3038	16.2227	22.2095	1708	17.171	7	534	15	57	25	5	1.25197e+06	5.60161e-05	0.1421	
10288	363	3044	15.5395	23.2066	1784	15.7958	7	534	16	55	2	5	1.29354e+06	5.64048e-05	0.1127	
11220	387	3048	15.5022	21.2208	1766	15.3414	8	535	20	63	26	3	1.23127e+06	4.92223e-05	0.3094	
10736	400	3009	22.4957	29.7946	1787	15.5932	10	535	17	55	23	3	1.0303e+06	6.45995e-05	0.1463	
11400	395	3027	23.053	23.3369	1869	15.7531	10	532	20	59	33	4	1.01755e+06	5.34388e-05	0.3281	
11086	400	3046	22.8011	30	1781	17.3648	10	535	15	63	8	3	1.00608e+06	6.18162e-05	0.2045	
11263	388	3040	21.1597	23.2631	1841	16.1282	8	535	17	73	19	3	1.04816e+06	5.27148e-05	0.3102	
11360	399	3026	19.5703	22.1413	1858	16.7797	9	533	18	55	10	4	1.07489e+06	5.02917e-05	0.3397	
10652	399	3027	22.5742	25.2267	1781	17.8855	8	533	17	58	13	4	1.04945e+06	5.98552e-05	0.189	
11060	400	2994	21.1547	27.3753	1792	16.584	7	535	19	55	37	3	1.03728e+06	5.94283e-05	0.1992	
10969	386	3021	15.7929	21.8651	1708	16.0496	5	535	16	57	23	4	1.23381e+06	5.16369e-05	0.2481	
11236	400	3041	23.4876	26.7494	1752	17.7217	10	535	15	72	12	3	1.00021e+06	5.77667e-05	0.2788	
11248	400	3035	24.3534	27.8955	1741	14.959	10	535	16	60	36	3	990780	6.00456e-05	0.2474	
10578	400	3023	19.8967	25.9112	1794	18.5589	8	535	20	55	8	5	1.0927e+06	5.95274e-05	0.1448	
10776	393	3046	16.278	22.684	1781	16.0977	7	535	17	55	31	3	1.20905e+06	5.38242e-05	0.1919	
11500	394	3037	23.8034	21.5402	1803	14.1119	10	533	15	57	33	3	1.01865e+06	5.16956e-05	0.392	
11091	385	3022	18.5088	20.9556	1813	16.0192	7	534	17	55	11	4	1.12666e+06	5.04108e-05	0.3077	
10596	390	3035	16.8569	22.2095	1708	17.171	7	534	15	57	14	5	1.20118e+06	5.45613e-05	0.1887	
10929	390	3028	19.4812	20.8806	1804	16.7717	6	533	16	58	25	5	1.11616e+06	5.23944e-05	0.2744	
11248	400	3028	24.3534	28.9114	1708	17.2308	10	535	16	60	37	3	989548	6.15574e-05	0.2284	
10810	336	3013	19.0899	20.9952	1742	16.7839	5	535	19	55	3	3	1.14927e+06	5.25265e-05	0.2596	
11500	354	3044	15.7016	20	1804	15.5654	7	534	17	57	5	3	1.24143e+06	4.60702e-05	0.4206	
11113	400	3038	22.26	26.4361	1900	16.3915	8	535	11	58	20	3	1.02158e+06	5.71853e-05	0.2562	
10840	400	3023	22.6144	26.5179	1733	19	9	534	17	59	41	4	1.03522e+06	6.11808e-05	0.178	
11500	400	3034	22.0505	21.1508	1838	16.6552	10	535	8	72	18	3	1.037e+06	5.00551e-05	0.4071	
11500	400	3031	19.4582	20.0493	1900	17.1709	10	534	19	60	7	3	1.08849e+06	4.75511e-05	0.3945	
11486	391	2997	18.0457	21.1353	1886	14	9	535	18	58	8	4	1.11905e+06	4.81e-05	0.3764	
11396	395	3036	21.1283	23.3369	1869	16.0467	7	532	20	59	24	4	1.04391e+06	5.21132e-05	0.326	
10723	400	3012	20.4972	22.3142	1775	18.8597	8	531	16	58	3	4	1.08546e+06	5.51481e-05	0.2403	
11176	400	3042	24.212	29.8201	1700	16.884	8	535	20	60	29	3	994600	6.26566e-05	0.2094	
10575	394	3021	20.4516	29.0942	1775	18.7066	5	534	13	55	8	4	1.0777e+06	6.34236e-05	0.1159	
10979	396	3050	21.2747	22.967	1817	19	10	532	16	55	35	4	1.05709e+06	5.51663e-05	0.249	
10483	370	3044	15.6192	22.1528	1774	14	6	534	16	55	18	5	1.28095e+06	5.4609e-05	0.1475	
11019	400	3043	23.4876	26.7494	1752	17.7217	10	535	15	56	15	3	1.00983e+06	5.93261e-05	0.2293	
11144	400	2986	24.9835	29.8201	1708	17.7702	6	532	16	59	26	3	992398	6.39182e-05	0.224	
11500	400	3040	21.4473	21.3653	1853	16.6552	10	535	12	73	21	3	1.0423e+06	4.99151e-05	0.3823	
10489	397	3024	15	20.1018	1782	14.9792	9	534	19	57	5	3	1.30728e+06	5.21975e-05	0.2133	
10677	399	2992	20.9621	29.057	1815	17.0359	6	535	12	57	25	3	1.05852e+06	6.35122e-05	0.1381	
10616	400	3034	15.6986	21.279	1701	17.158	8	535	16	57	16	4	1.25384e+06	5.3285e-05	0.1885	
11169	337	3050	15	21.6771	1788	15.2472	6	535	18	70	27	6	1.30039e+06	4.98728e-05	0.2833	
10580	392	3037	18.7331	26.9432	1831	18.5611	7	535	17	55	15	5	1.11914e+06	6.00637e-05	0.1237	
10591	363	3044	17.4922	23.7785	1806	15.9098	8	532	20	55	17	5	1.17789e+06	5.60193e-05	0.1632	
10575	394	3021	20.4516	29.0942	1775	18.7066	5	534	13	55	12	4	1.07856e+06	6.35809e-05	0.1142	
11500	400	3021	23.2541	26.7494	1751	14.9398	10	529	17	65	16	3	989978	5.6443e-05	0.3159	
10591	363	3038	17.4922	23.7785	1763	15.9098	8	532	19	55	13	5	1.1771e+06	5.59942e-05	0.1663	
10942	400	3045	15.7006	22.931	1751	15.982	7	534	9	69	19	4	1.22429e+06	5.23505e-05	0.2398	
11500	362	3035	22.2483	20.4248	1898	17.0964	10	534	19	58	2	3	1.05978e+06	4.91014e-05	0.4051	
10613	390	3037	19.6841	23.8079	1831	18.5611	7	533	18	56	16	4	1.1069e+06	5.70288e-05	0.18	
10664	382	3016	16.8369	21.8651	1700	16.192	5	532	20	58	24	4	1.20699e+06	5.42947e-05	0.1978	
10838	381	3050	16.7891	20	1787	17.9887	9	535	10	56	19	3	1.19931e+06	5.08104e-05	0.2878	
10256	318	3030	18.16	26.0579	1776	18.5958	6	535	14	55	8	5	1.19764e+06	6.14251e-05	0.0893	
10225	400	3046	18.153	23.7767	1765	16.3018	6	535	17	56	8	5	1.1759e+06	5.90842e-05	0.1156	
11209	395	2996	23.7994	28.2566	1767	18.7868	7	535	20	58	16	3	999140	6.04814e-05	0.2386	
11151	392	3014	24.3926	25.4072	1803	16.0067	5	535	17	55	13	3	1.01208e+06	5.76236e-05	0.2709	
11114	393	3016	23.67	25.3582	1789	18.6196	10	535	13	56	12	5	1.01308e+06	5.75871e-05	0.2608	
10317	377	3033	17.1226	23.7767	1763	16.0689	7	535	17	55	16	5	1.20861e+06	5.83226e-05	0.1051	
11061	392	2992	19.3235	20.7762	1808	15.3967	8	535	17	63	2	3	1.10162e+06	5.08156e-05	0.3161	
10938	396	3024	15	20.9578	1722	17.2244	6	535	19	65	32	5	1.28584e+06	5.14589e-05	0.2388	
10396	321	3032	18.8144	20.9378	1770	14.544	5	535	18	55	20	4	1.1948e+06	5.59034e-05	0.1655	
10348	379	3044	20.406	27.1778	1743	17.0391	7	535	20	56	22	5	1.10889e+06	6.35849e-05	0.0957	
10549	382	3006	16.1907	21.1746	1708	14.9561	5	535	20	57	8	4	1.24399e+06	5.35791e-05	0.2004	
11387	400	3042	21.0882	27.996	1700	17.6472	7	534	18	62	21	3	1.02078e+06	5.75043e-05	0.2556	
10962	357	3050	15	21.1206	1742	18.0616	9	535	17	63	19	4	1.29109e+06	5.06124e-05	0.2516	
11500	398	2999	24.6374	24.1075	1732	15.2632	10	533	15	73	27	3	992846	5.49632e-05	0.3408	
10995	367	3042	15.1678	22.4053	1701	16.8115	8	533	15	60	2	4	1.26592e+06	5.09528e-05	0.2525	
11416	398	3050	18.4256	21.5166	1886	14	9	535	17	58	8	4	1.10606e+06	4.84848e-05	0.3581	
11015	400	3016	22.0505	30	1775	15.9334	6	535	16	64	23	4	1.02333e+06	6.24454e-05	0.1836	
11176	389	3018	23.67	30	1811	18.5384	10	535	11	56	19	3	997071	6.23947e-05	0.2231	
11169	387	2966	23.0294	29.7508	1725	17.6469	8	535	19	64	26	3	1.00469e+06	6.26017e-05	0.2033	
11462	400	3038	20.3118	20.8574	1838	18.2669	8	535	17	57	8	4	1.07275e+06	4.90172e-05	0.3671	
11422	398	3041	25	30	1742	17.2328	7	535	20	60	26	6	983354	6.16865e-05	0.2476	
10558	397	3029	22.9706	28.5717	1711	18.7868	7	535	20	55	33	3	1.04904e+06	6.57419e-05	0.1114	
11500	398	2999	24.6374	23.2932	1729	15.235	9	533	14	73	11	3	998437	5.39403e-05	0.3728	
10683	400	3027	17.8358	20.8119	1773	16.67	8	534	18	56	29	4	1.16332e+06	5.36913e-05	0.2159	
10683	400	3050	17.3022	20	1726	17.2485	8	535	16	56	19	3	1.18343e+06	5.22166e-05	0.2443	
11182	400	3042	25	29.8201	1700	16.884	8	533	19	60	6	3	988863	6.25978e-05	0.228	
10445	360	3032	15.4808	23.2363	1765	15.6175	7	535	15	56	9	5	1.28637e+06	5.56112e-05	0.1355	
11500	374	3041	18.3959	20.1865	1900	16.3399	6	532	19	58	2	3	1.13222e+06	4.69462e-05	0.3945	
11000	400	3039	23.2258	26.2409	1822	17.5272	7	534	11	58	28	4	1.02125e+06	5.88963e-05	0.2298	
10272	364	3025	17.1959	21.0963	1797	19	7	535	16	55	6	4	1.22491e+06	5.59097e-05	0.1603	
11086	400	3019	22.7567	30	1816	15.9334	10	535	12	56	19	3	1.00516e+06	6.22161e-05	0.2054	
11500	382	3025	18.2465	20.0683	1899	17.8162	9	535	20	55	14	4	1.12694e+06	4.73709e-05	0.38	
10270	363	3049	18.3481	24.0987	1765	18.4983	7	533	17	57	8	5	1.17509e+06	5.92207e-05	0.1165	
10743	400	3012	22.26	26.0138	1809	18.2175	7	533	20	58	26	3	1.04453e+06	6.0361e-05	0.174	
10518	370	3044	15.6192	22.1528	1797	16.414	6	534	16	55	8	5	1.27468e+06	5.38648e-05	0.1684	
11500	364	3021	18.3959	20.6126	1899	16.6992	8	535	20	58	3	3	1.12819e+06	4.75059e-05	0.3759	
10521	400	3042	20.2061	23.3803	1798	18.2026	10	532	16	58	16	3	1.09458e+06	5.76701e-05	0.1746	
10587	398	3039	23.3032	28.1905	1752	16.6141	7	535	14	55	8	3	1.03947e+06	6.37064e-05	0.1509	
11301	400	3025	21.7986	23.2631	1890	18.204	8	534	12	63	18	3	1.03367e+06	5.28765e-05	0.3236	
10559	400	3035	16.2033	21.8651	1716	17.006	8	535	16	59	24	3	1.22845e+06	5.47795e-05	0.1626	
11230	396	3038	22.8145	25.3413	1852	16.6552	10	535	13	69	27	4	1.01575e+06	5.5991e-05	0.2826	
10576	351	3017	19.4847	26.9211	1776	17.6896	8	535	17	55	18	4	1.11478e+06	6.08384e-05	0.1206	
10614	361	3026	17.9216	22.2587	1792	18.1083	5	535	16	57	34	4	1.17923e+06	5.57849e-05	0.1699	
10924	400	3044	21.0666	22.771	1768	17.5617	9	532	17	61	54	3	1.06667e+06	5.62145e-05	0.2295	
10697	400	3036	24.212	29.8201	1700	18.2405	7	533	17	60	43	3	1.02757e+06	6.69165e-05	0.1412	
10452	400	3020	20.8918	28.8119	1759	18.8735	5	531	16	55	11	4	1.07956e+06	6.45411e-05	0.1044	
10918	376	3034	18.514	20.8806	1804	16.7717	6	534	17	63	24	4	1.14341e+06	5.19615e-05	0.2742	
10687	390	2988	19.3503	26.2583	1869	18.2786	8	535	15	55	13	4	1.09546e+06	5.90354e-05	0.167	
10918	388	3034	18.514	20.8806	1804	16.7717	6	534	17	63	25	4	1.13858e+06	5.20048e-05	0.2742	
11500	368	3046	15.2222	20.0474	1719	14	7	535	19	55	5	3	1.25845e+06	4.60638e-05	0.397	
11105	349	3050	16.2035	22.5908	1738	14	6	534	17	56	9	3	1.21431e+06	5.06329e-05	0.2862	
11169	362	3049	15	22.1459	1794	16.1696	7	535	18	65	26	5	1.11569e+06	6.12107e-05	0.1182	
10587	351	3017	19.4847	26.9211	1775	18.7448	8	535	17	55	18	4	1.11439e+06	6.08976e-05	0.12	
11500	400	3026	22.0505	21.9091	1859	16.6552	10	535	12	76	21	3	1.03041e+06	5.08104e-05	0.3808	
11169	379	3050	15	22.1459	1794	16.1696	5	534	18	66	26	5	1.27478e+06	5.0153e-05	0.2786	
11003	400	3043	15	21.6771	1795	15.7619	9	535	15	59	28	4	1.2689e+06	5.08363e-05	0.2538	
10323	400	3043	25	29.2773	1764	18.4957	8	533	12	55	50	4	1.05629e+06	7.0927e-05	0.1038	
11114	393	3041	23.67	30	1789	18.9362	10	535	13	56	19	5	1.0025e+06	6.27313e-05	0.2069	
11085	388	2997	21.2467	21.7665	1790	15.4405	10	534	20	57	17	3	1.05841e+06	5.29549e-05	0.2916	
10575	371	3026	20.5643	29.0942	1764	18.7066	5	534	15	57	2	4	1.08366e+06	6.32311e-05	0.1209	
10587	390	3033	20.7766	25.0608	1850	18.5526	9	534	19	55	28	4	1.08202e+06	5.96374e-05	0.1501	
10616	362	3034	18.0487	23.9534	1721	17.158	8	535	17	57	16	4	1.15696e+06	5.66444e-05	0.1614	
11120	399	3050	16.1941	22.2212	1745	17.5773	7	535	15	64	32	4	1.19551e+06	5.13426e-05	0.2646	
10765	377	3040	22.1458	30	1780	18.0904	7	535	19	60	20	4	1.04375e+06	6.41231e-05	0.139	
10883	357	3046	15	21.2159	1812	18.0616	6	535	17	63	21	5	1.30285e+06	5.10934e-05	0.2391	
10846	389	3050	16.3524	20	1794	16.7834	6	535	14	65	9	5	1.22636e+06	5.01983e-05	0.2938	
10689	400	3016	21.2867	29.7946	1773	15.5932	9	535	17	56	13	3	1.04763e+06	6.38488e-05	0.1339	
11061	376	3043	15	20.1018	1863	15.0312	6	535	19	61	2	4	1.29269e+06	4.79777e-05	0.3369	
10776	400	3042	19.2904	26.7036	1830	17.0364	10	535	11	59	24	4	1.08681e+06	5.87544e-05	0.1713	
11500	399	3042	24.9812	29.8201	1708	17.6369	7	533	16	62	37	3	977124	6.1267e-05	0.2649	
10377	386	3047	18.2673	26.5206	1764	18.9383	6	534	10	56	11	4	1.151e+06	6.08606e-05	0.1058	
10728	400	3047	20.8894	22.9219	1793	18.5117	9	534	5	60	27	4	1.07685e+06	5.63825e-05	0.2214	
10320	368	3035	15	20.3996	1750	17.7672	6	535	14	57	17	4	1.34334e+06	5.45703e-05	0.1369	
11500	389	3032	15.2222	20.4945	1719	14	7	535	19	55	5	3	1.24415e+06	4.65484e-05	0.387	
10256	400	3023	21.0556	25.9112	1794	18.4081	9	535	20	55	4	4	1.09373e+06	6.27786e-05	0.1078	
10416	400	3034	19.2904	27.0183	1816	17.1673	10	534	16	56	20	4	1.11243e+06	6.19963e-05	0.1144	
11400	395	3036	20.412	22.8636	1869	15.7531	10	532	18	59	11	4	1.0544e+06	5.09788e-05	0.3397	
10796	400	3023	22.0505	28.5472	1761	15.9334	6	535	16	55	23	4	1.04112e+06	6.23403e-05	0.1651	
10736	392	3009	21.859	29.7946	1836	15.4696	10	535	17	56	23	4	1.04025e+06	6.40779e-05	0.1443	
10938	393	3039	16.3192	23.6737	1781	16.0977	7	535	17	55	10	3	1.18777e+06	5.28262e-05	0.2219	
10577	392	3030	17.9992	21.0384	1793	19	7	535	16	55	30	4	1.17027e+06	5.49149e-05	0.1904	
11220	387	3048	15.2555	21.2208	1700	15.3414	8	535	20	63	26	3	1.24684e+06	4.93267e-05	0.2932	
11500	400	3041	18.3041	20	1836	14.9877	7	532	12	60	9	3	1.12164e+06	4.69969e-05	0.4137	
11230	400	2986	24.6342	29.8201	1708	17.7702	9	532	16	59	26	3	986401	6.31552e-05	0.2319	
11370	400	3024	22.2483	22.0845	1724	18.4003	10	535	19	58	2	3	1.02739e+06	5.18807e-05	0.3381	
11259	397	3018	23.8718	25.8361	1753	15.0974	9	535	17	63	39	4	1.00313e+06	5.77101e-05	0.2763	
11429	391	3003	24.8523	26.7551	1823	18.6171	10	530	20	57	43	3	985224	5.85926e-05	0.2938	
10256	348	3014	18.7678	26.0579	1776	18.5958	8	534	18	55	3	5	1.16053e+06	6.1736e-05	0.0916	
11133	361	3040	17.0614	20.1596	1833	17.0128	10	531	20	59	6	4	1.1854e+06	4.86784e-05	0.3418	
10579	359	3050	19.2112	24.3755	1729	18.4081	6	535	18	56	17	4	1.13154e+06	5.78302e-05	0.1541	
11462	382	3041	18.3959	20.1865	1882	16.3399	6	534	19	64	2	5	1.13212e+06	4.72099e-05	0.3836	
11499	400	3004	20.9613	20.4248	1898	17.0964	10	534	20	58	2	3	1.05668e+06	4.86879e-05	0.4058	
11301	400	3026	23.9729	24.5132	1810	16.3283	8	534	14	69	19	3	1.00444e+06	5.54539e-05	0.3097	
10789	400	3007	21.3521	24.4559	1852	16.2426	8	535	16	57	16	3	1.05678e+06	5.72541e-05	0.2156	
11500	400	3036	18.4359	20.0493	1900	17.1709	10	534	19	60	7	3	1.11234e+06	4.70854e-05	0.3879	
11500	398	3044	17.8187	20	1854	15.254	6	535	13	61	4	3	1.1384e+06	4.6644e-05	0.4046	
10804	371	3042	16.8903	20.6783	1756	14.3266	6	535	17	57	16	3	1.20233e+06	5.1406e-05	0.2641	
10664	400	3036	18.0375	21.9503	1788	15.2533	5	534	14	57	27	4	1.15837e+06	5.4484e-05	0.2123	
11500	391	3018	23.791	22.0925	1803	14.1119	10	535	15	59	33	3	1.01495e+06	5.23314e-05	0.3745	
11424	331	3050	18.174	20	1899	16.7762	7	535	18	56	22	4	1.16703e+06	4.75805e-05	0.3716	
10851	391	3048	15.8657	20.4891	1828	16.1245	6	532	18	60	5	4	1.24226e+06	5.00175e-05	0.2949	
11207	399	3012	18.4415	20.5319	1839	16.7744	6	535	15	60	2	4	1.12519e+06	4.91715e-05	0.3417	
10520	400	3027	22.4727	25.6092	1749	18.9308	9	532	5	55	56	3	1.06465e+06	6.36497e-05	0.1297	
11500	377	3026	16.9223	20	1899	16.7104	7	534	16	59	5	4	1.1786e+06	4.64619e-05	0.402	
10575	371	3020	20.4516	28.4912	1765	18.7066	5	534	13	55	12	4	1.0874e+06	6.29168e-05	0.1183	
11292	400	3023	15.4547	21.6771	1749	17.5456	9	535	18	57	31	3	1.22355e+06	4.98157e-05	0.2976	
10378	400	3019	22.6017	26.267	1749	18.8741	9	535	13	57	56	3	1.07497e+06	6.60502e-05	0.1064	
10842	387	3029	18.0531	21.1769	1746	17.3315	7	535	18	56	14	4	1.1481e+06	5.23149e-05	0.2635	
11500	339	3044	15.69	20	1839	15.3191	7	535	10	65	2	3	1.2528e+06	4.59263e-05	0.4322	
11215	389	3050	16.0235	20	1886	17.5367	5	533	17	57	5	4	1.22439e+06	4.74654e-05	0.3657	
11449	400	3036	23.2714	23.408	1833	15.9786	10	524	11	71	19	3	1.01077e+06	5.30729e-05	0.3806	
10566	399	2996	18.6164	26.9211	1831	18.1872	8	534	16	55	7	3	1.11349e+06	6.00889e-05	0.132	
11087	400	3044	25	28.265	1764	17.3253	8	533	10	55	50	4	998884	6.25039e-05	0.216	
10449	392	3046	15	22.5546	1735	16.4925	7	535	17	55	2	5	1.30808e+06	5.44603e-05	0.1375	
11391	369	3039	16.1644	23.3369	1764	15.7531	10	535	20	55	25	4	1.18519e+06	5.04668e-05	0.2889	
11003	400	3043	15	21.6771	1795	16.1023	9	535	15	59	28	4	1.26898e+06	5.08621e-05	0.2537	
11398	395	3039	20.871	23.3369	1777	15.7531	10	535	20	57	18	4	1.04144e+06	5.20373e-05	0.33	
11024	367	3050	15.4052	21.6771	1775	17.2166	9	534	19	70	26	5	1.25529e+06	5.10282e-05	0.2551	
11500	398	3002	22.8111	26.7494	1788	14.8865	10	535	15	74	16	3	993245	5.61829e-05	0.3089	
10608	394	3049	21.7828	29.8346	1736	15.9596	5	535	20	55	29	3	1.05747e+06	6.52827e-05	0.1098	
10679	393	3045	21.8962	29.5997	1735	18.6061	7	531	20	56	37	3	1.05028e+06	6.50745e-05	0.124	
11016	391	3050	20.1613	21.3201	1795	18.5503	7	535	18	57	29	4	1.0912e+06	5.26454e-05	0.2684	
10804	393	3041	21.9673	28.3758	1777	18.7566	7	535	17	55	19	4	1.04301e+06	6.19233e-05	0.1642	
10234	400	3019	20.9968	25.9112	1794	18.42	8	534	20	55	11	5	1.10068e+06	6.33673e-05	0.1048	
10862	339	3034	15	21.6582	1775	18.7476	6	535	20	55	9	4	1.30757e+06	5.13268e-05	0.2319	
10664	380	3019	16.8369	21.8651	1722	16.192	5	534	20	58	24	4	1.20728e+06	5.42329e-05	0.1909	
10626	400	3047	18.0057	20	1836	14.7686	6	535	13	55	12	3	1.16768e+06	5.2154e-05	0.2596	
11500	400	3050	18.3874	20	1827	16.5184	9	526	14	63	6	3	1.11494e+06	4.70699e-05	0.4314	
11413	397	2996	22.6047	28.2566	1767	18.7868	7	535	20	59	16	3	999738	5.86201e-05	0.2586	
11169	349	3046	15	22.0733	1806	15.4535	8	535	18	65	24	5	1.28407e+06	5.0005e-05	0.2779	
11299	368	3042	17.3361	20	1756	14.9579	8	535	8	65	2	3	1.27782e+06	4.58253e-05	0.4267	
10682	400	3029	23.8214	24.3441	1795	17.9554	6	535	15	55	37	3	1.04332e+06	6.05877e-05	0.1807	
10893	398	3004	23.1064	29.8466	1740	17.528	8	535	20	60	32	4	1.01962e+06	6.44579e-05	0.1599	
11071	400	3025	20.7547	22.0493	1844	16.1575	10	534	16	63	22	3	1.06161e+06	5.28346e-05	0.2953	
10851	391	3048	15.8657	21.9103	1816	15.2492	6	534	18	60	4	4	1.23059e+06	5.11692e-05	0.2647	
10578	400	3034	23.7022	26.0176	1721	17.158	8	535	16	57	16	4	1.04192e+06	6.22587e-05	0.1682	
11484	400	3050	17.7584	25.7889	1852	16.6552	10	535	20	72	14	3	1.09096e+06	5.24301e-05	0.2841	
11500	400	3035	22.2483	20.4248	1898	17.0964	10	534	19	58	2	3	1.04208e+06	4.9099e-05	0.4052	
10846	389	3046	16.0453	21.6865	1819	15.872	9	533	18	61	34	4	1.22294e+06	5.25458e-05	0.2248	
11171	399	2997	17.8573	25.8624	1778	16.6552	10	535	19	61	18	3	1.10126e+06	5.50146e-05	0.226	
10812	400	3029	15.4547	21.6771	1745	17.4458	7	535	18	57	28	4	1.25586e+06	5.26371e-05	0.2077	
11263	400	3012	23.2022	25.4964	1807	18.0427	8	534	17	55	22	4	1.00953e+06	5.66572e-05	0.2769	
11500	368	3026	16.9223	20	1899	16.7104	6	534	16	59	5	4	1.18575e+06	4.64554e-05	0.4016	
10741	385	3007	22.8273	28.957	1815	17.1812	8	535	19	55	16	3	1.03412e+06	6.35687e-05	0.1576	
11295	392	3014	24.3926	25.4072	1803	16.0067	8	535	17	66	13	3	999540	5.66476e-05	0.2908	
10393	395	3021	15	20.4689	1726	17.8549	7	535	14	55	14	4	1.32361e+06	5.40249e-05	0.1542	
11230	400	3044	20.922	20.8509	1859	16.6552	10	535	13	67	25	4	1.06571e+06	5.08595e-05	0.3518	
10975	357	3050	15	20.1786	1742	18.0616	8	535	17	63	15	5	1.2995e+06	4.96081e-05	0.2923	
10842	387	3029	18.0531	21.6186	1746	17.3315	7	535	18	56	28	4	1.14787e+06	5.32964e-05	0.2382	
11500	400	3031	20.3975	20.1043	1889	17.3679	10	535	19	62	9	3	1.0695e+06	4.81255e-05	0.4001	
10246	368	3035	15	20.4689	1726	17.7672	6	535	14	57	14	4	1.34892e+06	5.51755e-05	0.1269	
10894	385	3042	24.6342	29.8201	1708	18.5275	10	533	20	56	35	3	1.01099e+06	6.53467e-05	0.1639	
11258	400	3040	20.0438	26.9211	1775	16.0238	8	534	16	59	22	6	1.05019e+06	5.6281e-05	0.2423	
10396	400	3029	17.3022	22.922	1744	17.1692	8	535	16	59	12	4	1.1887e+06	5.69055e-05	0.1396	
10723	357	3040	15.1714	20.6522	1718	15.8511	7	534	19	56	18	4	1.30137e+06	5.16689e-05	0.2224	
10225	400	3043	17.4922	23.7767	1763	16.0689	7	532	17	55	3	5	1.19328e+06	5.84624e-05	0.1172	
11500	393	3010	23.3055	29.9322	1731	17.6602	9	535	20	59	33	3	984684	6.07644e-05	0.2453	
11500	348	3032	16.9223	20	1899	16.7104	7	532	11	59	5	4	1.19761e+06	4.64145e-05	0.415	
10950	385	2992	21.5876	25.4438	1860	16.7452	8	532	19	57	15	3	1.04495e+06	5.73625e-05	0.2315	
10851	391	3048	15.8657	21.6702	1828	15.2492	6	534	18	60	13	4	1.2334e+06	5.12926e-05	0.2569	
10683	400	3050	17.3022	20	1744	17.2485	8	535	16	56	24	4	1.1868e+06	5.24301e-05	0.2332	
11376	397	3022	23.6726	27.2114	1795	14	8	535	17	62	27	3	993447	5.77734e-05	0.2834	
11220	391	3001	20.2805	23.1922	1846	15.4207	8	535	17	61	18	3	1.06106e+06	5.27009e-05	0.2974	
11169	349	3050	15	21.6771	1806	15.7154	8	535	18	64	24	4	1.28423e+06	4.96204e-05	0.2884	
11273	400	3050	17.7584	25.7889	1843	16.6552	10	535	20	56	14	3	1.10017e+06	5.35533e-05	0.2459	
11500	368	3042	16.4959	23.4005	1772	15.008	8	534	20	57	8	4	1.16852e+06	4.95417e-05	0.3179	
11171	399	3015	17.8573	25.8624	1778	16.6552	10	535	19	61	18	3	1.10184e+06	5.48426e-05	0.226	
10361	379	3044	20.406	27.1778	1743	17.0585	7	535	20	56	22	5	1.10799e+06	6.35082e-05	0.0963	
10452	394	3026	20.8918	28.8119	1761	19	5	535	16	60	11	4	1.0825e+06	6.44579e-05	0.1082	
10462	400	3029	20.6477	26.1978	1793	18.5333	7	534	20	59	29	5	1.09348e+06	6.21195e-05	0.1198	
10893	398	2996	23.1064	30	1731	17.528	8	535	20	60	32	4	1.0188e+06	6.47626e-05	0.1571	
11467	400	3032	23.6726	27.2114	1771	14	9	535	17	62	19	4	989296	5.71396e-05	0.2933	
10826	390	3041	15	21.638	1816	16.0986	6	535	15	62	21	5	1.28952e+06	5.1709e-05	0.2241	
10723	400	3004	19.9053	20.1655	1775	18.8597	9	531	16	58	14	4	1.10984e+06	5.35504e-05	0.2617	
11500	364	3040	17.9196	20.4401	1877	16.0523	6	535	14	60	2	4	1.14899e+06	4.70035e-05	0.3917	
10602	363	3048	20.9073	23.7928	1763	17.9537	8	535	17	59	21	4	1.09433e+06	5.8072e-05	0.1732	
10964	392	3049	18.6164	26.9211	1812	18.5611	7	535	15	56	7	3	1.09324e+06	5.68925e-05	0.193	
11069	393	3031	18.4574	22.259	1846	17.4232	9	534	18	66	3	3	1.11245e+06	5.13822e-05	0.2951	
10369	398	2986	20.7277	27.3201	1759	16.0544	7	532	20	56	20	4	1.09187e+06	6.40779e-05	0.1104	
11082	372	3049	15.1849	20.1018	1863	15.0312	6	533	16	61	2	4	1.28373e+06	4.78492e-05	0.35	
10520	391	3027	23.6524	25.291	1770	19	9	532	16	55	47	3	1.05264e+06	6.36699e-05	0.1381	
11215	389	3050	16.0235	20	1887	17.6469	5	533	17	61	5	4	1.22539e+06	4.74811e-05	0.3647	
10591	363	3038	17.4922	23.7785	1763	15.9098	8	532	19	55	17	5	1.17796e+06	5.61798e-05	0.1597	
10377	382	3047	17.7159	25.8327	1744	18.4694	5	534	6	56	11	4	1.17353e+06	5.98122e-05	0.1123	
10559	400	3035	18.0448	22.2325	1700	17.006	8	535	16	57	24	4	1.15706e+06	5.58753e-05	0.1765	
11030	386	3050	15.4052	22.2123	1773	16.0595	9	534	16	68	26	4	1.24209e+06	5.13084e-05	0.252	
11430	382	3025	18.2465	20	1899	18.1747	9	534	20	58	14	4	1.13022e+06	4.77054e-05	0.3721	
11457	400	3016	22.0505	29.7946	1842	15.7369	10	535	15	73	19	3	993396	5.92979e-05	0.255	
11376	397	3022	23.6726	27.2114	1795	14	8	535	13	62	25	3	993819	5.77334e-05	0.2892	
11500	368	3026	16.4155	20	1899	16.7104	7	534	16	59	5	4	1.20321e+06	4.6292e-05	0.4095	
10801	400	3016	22.4957	29.782	1834	15.6821	10	535	17	56	23	4	1.02714e+06	6.38774e-05	0.1606	
11500	398	3036	23.726	21.5865	1831	14.8697	7	532	12	61	9	3	1.02446e+06	5.11352e-05	0.4133	
10840	400	3023	22.5907	26.5179	1721	18.0611	10	534	17	59	40	4	1.03418e+06	6.1065e-05	0.1833	
10938	393	3036	16.3192	23.9229	1781	16.1656	7	535	17	55	3	3	1.18563e+06	5.28709e-05	0.2209	
11393	376	3050	19.1706	20.775	1849	18.5804	8	535	15	61	3	4	1.10576e+06	4.85602e-05	0.3648	
10715	368	3042	15.8125	22.0043	1718	16.3847	7	534	17	59	9	5	1.25015e+06	5.27537e-05	0.2123	
11430	382	3021	18.2465	20.0683	1859	17.9607	9	535	20	55	13	4	1.12729e+06	4.784e-05	0.3711	
10920	370	3043	15	20.1018	1863	16.3388	6	534	16	61	2	4	1.30159e+06	4.88998e-05	0.3165	
10927	400	3029	15.4547	21.6771	1749	17.351	7	535	19	57	38	4	1.25134e+06	5.23396e-05	0.2216	
10777	391	3041	15	21.3594	1810	15.8701	5	532	20	64	15	3	1.29045e+06	5.15677e-05	0.2355	
10614	361	3026	17.9216	22.2587	1792	18.1083	5	535	13	57	34	4	1.17913e+06	5.57538e-05	0.1749	
10804	393	3041	21.2551	28.3758	1777	18.7566	7	535	15	55	19	4	1.05155e+06	6.15233e-05	0.1569	
10566	400	3050	25	29.8201	1708	17.6992	10	535	16	60	37	3	1.03031e+06	6.82734e-05	0.1341	
11500	400	3041	24.4126	26.7494	1752	17.7217	10	526	16	77	12	3	981744	5.70093e-05	0.3616	
10524	392	2998	16.6224	23.9548	1873	16.3533	7	535	18	59	4	4	1.20047e+06	5.60915e-05	0.1605	
11212	400	3050	18.7666	21.8207	1851	18.3016	6	535	16	67	16	4	1.10712e+06	5.05306e-05	0.3208	
10640	385	2966	19.9022	27.3753	1872	16.7621	9	535	20	55	20	3	1.0819e+06	6.13309e-05	0.1414	
10410	358	3032	16.6447	22.4537	1786	17.5773	7	533	19	56	11	5	1.23456e+06	5.58722e-05	0.1428	
11388	400	3043	19.8967	22.3514	1781	18.1866	8	535	20	55	8	5	1.06897e+06	5.06278e-05	0.3439	
10958	391	3006	23.3632	26.0334	1743	19	9	533	5	55	50	3	1.02354e+06	6.07165e-05	0.21	
11169	395	3039	20.2153	21.5337	1845	17.4539	9	535	16	66	24	4	1.07655e+06	5.15464e-05	0.3098	
11025	399	3010	24.8128	26.3491	1815	18.9304	9	533	19	56	36	4	1.00482e+06	6.07128e-05	0.2199	
11416	400	3036	21.0593	20	1900	17.1709	10	535	20	61	7	3	1.06325e+06	4.86642e-05	0.4079	
11264	400	3018	17.3589	20	1868	16.6292	6	535	12	59	7	3	1.15779e+06	4.79685e-05	0.3622	
10575	394	3021	20.4516	29.0942	1765	18.7066	5	535	13	55	12	4	1.07884e+06	6.36213e-05	0.111	
10416	356	3034	16.8569	22.2095	1708	16.7891	7	535	15	55	25	5	1.23156e+06	5.65355e-05	0.1321	
10651	400	3034	18.0422	21.8651	1721	17.158	8	535	17	57	15	3	1.14808e+06	5.4336e-05	0.2138	
11500	400	3036	22.0505	21.4829	1857	16.6552	9	535	12	73	21	3	1.03656e+06	5.03322e-05	0.3976	
11500	394	3018	23.8034	21.5402	1803	14.1119	10	535	15	57	33	3	1.01814e+06	5.18592e-05	0.3866	
11210	392	3050	18.4021	20	1867	16.9497	7	535	16	56	14	3	1.12865e+06	4.86594e-05	0.3424	
11086	400	3046	22.8011	30	1781	17.3648	10	535	12	63	5	3	1.00613e+06	6.17513e-05	0.21	
11500	400	3027	24.4057	23.9335	1732	15.235	9	534	17	73	11	3	995568	5.41126e-05	0.3386	
11248	400	3042	23.1253	29.8201	1700	16.7715	8	533	19	60	6	3	997415	6.11284e-05	0.2257	
11413	342	3050	18.9423	20	1848	16.4012	7	534	18	56	2	4	1.13977e+06	4.75263e-05	0.3758	
11413	301	3050	18.4371	20	1900	16.4012	7	534	18	56	2	4	1.18785e+06	4.71898e-05	0.382	
10549	382	3006	16.1907	21.1746	1708	15.3528	9	535	20	56	24	4	1.23902e+06	5.44218e-05	0.1657	
11293	400	3043	22.2195	28.3945	1858	16.6552	10	535	13	59	17	3	1.00466e+06	5.83533e-05	0.2627	
10590	400	3032	18.9983	23.153	1850	15.1034	8	535	13	59	8	4	1.12131e+06	5.56328e-05	0.2043	
11376	397	3022	22.2755	27.2114	1795	14	8	535	16	62	29	3	1.00726e+06	5.70613e-05	0.2845	
11071	400	3025	20.7547	22.0493	1844	15.5811	10	534	16	62	26	3	1.06119e+06	5.29465e-05	0.292	
11500	400	3040	21.4473	21.3653	1853	16.6552	10	535	14	73	21	3	1.04206e+06	4.99201e-05	0.3793	
10378	400	3019	22.6017	26.267	1749	19	9	532	14	56	56	4	1.07638e+06	6.60633e-05	0.1028	
11482	400	3021	25	28.3441	1748	14.9701	10	533	12	74	23	3	974029	5.93648e-05	0.2956	
11128	400	3050	18.4976	20	1840	15.66	10	535	15	64	18	4	1.12435e+06	4.93827e-05	0.332	
11500	400	3026	22.2483	20.4248	1873	17.1709	10	534	19	59	7	3	1.04103e+06	4.93437e-05	0.4103	
11220	396	3001	21.471	23.1922	1828	15.4207	10	533	18	61	18	3	1.03769e+06	5.33874e-05	0.3023	
11487	389	3042	22.4605	29.8201	1712	17.037	10	533	16	63	36	3	995387	6.00132e-05	0.2495	
11073	388	3050	18.4021	20.775	1818	18.7687	8	534	16	62	2	5	1.13173e+06	5.00751e-05	0.3158	
11473	382	3008	24.8523	28.2325	1780	14.3873	8	533	19	70	43	3	984351	5.95096e-05	0.2891	
10577	393	3013	17.9992	21.0384	1793	19	7	535	16	58	30	3	1.16676e+06	5.51511e-05	0.1902	
11500	400	3016	22.0505	29.7946	1842	15.7369	10	535	15	71	19	3	991693	5.90947e-05	0.2594	
11220	392	3022	20.9004	23.1922	1846	15.4207	8	535	17	61	18	3	1.05128e+06	5.28234e-05	0.297	
10898	400	3029	20.7062	28.5004	1720	17.0359	6	535	16	55	25	3	1.05135e+06	6.10352e-05	0.165	
10976	400	3025	21.5179	25.4204	1816	16.3283	7	534	14	55	16	3	1.0415e+06	5.69152e-05	0.2366	
10988	372	3050	18.4021	20.775	1835	18.1512	8	535	16	65	16	5	1.14318e+06	5.09944e-05	0.2896	
10602	400	3039	20.7529	28.4858	1752	17.2923	8	535	17	59	12	4	1.06916e+06	6.25821e-05	0.131	
10894	400	3042	23.6164	24.9632	1708	17.7219	10	532	19	56	37	3	1.02276e+06	5.94248e-05	0.2179	
11329	389	3050	19.5305	21.1213	1833	18.5804	7	535	16	58	10	4	1.09505e+06	4.9554e-05	0.3437	
11313	393	3026	19.8076	22.4013	1843	17.6816	8	535	18	55	10	4	1.07441e+06	5.0984e-05	0.322	
11156	400	3050	18.4976	20	1810	15.5405	9	535	15	61	18	4	1.12433e+06	4.92465e-05	0.3352	
10415	337	3042	20.2613	21.4599	1764	18.3323	7	535	11	55	24	6	1.14796e+06	5.73756e-05	0.155	
11030	388	3050	16.0997	21.6865	1810	17.3426	8	533	16	55	33	5	1.21545e+06	5.124e-05	0.2665	
11500	398	3047	23.726	20	1849	14.8631	7	532	15	61	11	3	1.03969e+06	4.97512e-05	0.4092	
11500	400	3050	18.1368	20	1836	14.9301	7	532	12	60	12	3	1.12729e+06	4.69241e-05	0.414	
11138	400	2996	20.7164	27.4923	1866	15.617	8	534	15	55	13	3	1.03485e+06	5.77701e-05	0.248	
11105	349	3050	16.2207	22.5908	1738	14	6	534	17	56	8	3	1.2134e+06	5.06073e-05	0.2873	
10462	400	3029	20.6477	26.4308	1793	18.5333	7	534	19	59	29	5	1.0928e+06	6.23519e-05	0.1192	
10449	376	3044	15.1243	22.8147	1735	16.4925	7	535	17	55	2	5	1.30406e+06	5.47675e-05	0.1354	
11288	361	3050	15.0183	21.3369	1772	16.0704	9	535	18	69	28	5	1.2738e+06	4.90052e-05	0.306	
10914	400	3016	22.0505	30	1775	15.9334	6	535	16	55	23	4	1.029e+06	6.32911e-05	0.1605	
10579	359	3039	18.3359	24.9839	1749	17.9329	6	535	20	58	24	4	1.15284e+06	5.83908e-05	0.13	
10420	398	3042	18.6728	26.9211	1812	18.5611	8	535	15	56	7	3	1.12553e+06	6.09236e-05	0.11	
11061	375	3048	15.1184	20.1018	1702	16.0936	7	533	18	59	2	4	1.27914e+06	4.84332e-05	0.3299	
10422	383	3023	17.3622	26.0579	1776	18.5958	8	535	14	55	3	5	1.17619e+06	5.94919e-05	0.1104	
11411	389	3050	16.0235	20	1887	16.6613	7	533	17	62	5	4	1.21389e+06	4.64576e-05	0.4006	
10837	396	3050	15.9394	21.6865	1794	15.5277	10	535	18	65	32	5	1.22575e+06	5.2615e-05	0.2149	
10854	400	3029	15.4547	22.3906	1763	16.8427	7	534	18	56	21	4	1.24673e+06	5.25486e-05	0.2142	
11325	399	2992	21.0278	27.5987	1832	15.7362	9	535	20	59	43	4	1.02384e+06	5.79206e-05	0.2375	
10749	398	3003	16.0889	21.1746	1708	14.6656	5	535	20	56	24	5	1.23571e+06	5.27955e-05	0.2137	
10854	389	3050	16.3334	21.6865	1794	15.7208	9	534	18	65	29	5	1.20872e+06	5.24521e-05	0.233	
11058	400	3050	21.3521	23.7555	1824	14.8965	8	535	15	56	11	3	1.04506e+06	5.41536e-05	0.2707	
11015	400	3016	22.0505	30	1775	17.4404	6	535	16	55	23	4	1.0231e+06	6.27156e-05	0.1736	
10758	365	3021	17.0224	22.467	1811	19	8	535	18	57	12	4	1.1885e+06	5.36366e-05	0.2189	
10616	400	3034	16.4629	21.8651	1721	17.8568	8	535	17	57	16	4	1.21218e+06	5.4095e-05	0.1834	
11500	336	3050	15.1967	20	1859	15.428	7	535	18	57	3	3	1.28311e+06	4.5685e-05	0.419	
10602	400	3036	20.7462	21.986	1752	17.2732	8	533	17	59	12	4	1.09224e+06	5.59722e-05	0.2129	
10929	380	3031	18.4574	22.259	1845	16.3283	8	534	13	66	3	3	1.12711e+06	5.21295e-05	0.282	
10318	400	3049	18.6654	21.8651	1753	16.9922	8	533	16	57	24	4	1.16006e+06	5.76535e-05	0.1475	
11500	387	3036	22.0505	21.5701	1857	17.5309	9	535	13	73	21	3	1.04073e+06	5.04541e-05	0.3892	
10398	386	3049	17.1589	21.4823	1708	17.1434	8	534	16	57	24	4	1.20927e+06	5.60193e-05	0.1494	
11500	400	3041	18.1368	20.1184	1850	14.9301	7	533	12	60	12	3	1.125e+06	4.70544e-05	0.4057	
10499	360	3050	19.2112	24.3755	1729	18.4081	6	535	18	55	17	4	1.13671e+06	5.84659e-05	0.1385	
11085	388	2997	21.2467	21.5523	1790	15.4405	10	534	20	55	17	4	1.06222e+06	5.27927e-05	0.2939	
11343	400	3040	21.4473	21.3653	1853	16.6552	10	535	11	73	24	3	1.04741e+06	5.08932e-05	0.3655	
10689	400	3016	22.4957	29.7946	1780	15.5932	10	535	17	55	23	3	1.03405e+06	6.4914e-05	0.1389	
11086	400	3019	22.7567	29.5293	1816	15.9334	10	533	15	56	19	4	1.00797e+06	6.16865e-05	0.2163	
11500	400	3041	18.3959	20.1865	1882	16.0986	6	532	19	56	3	5	1.12574e+06	4.70323e-05	0.3931	
11075	377	3016	21.3521	29.6855	1852	15.617	8	535	16	55	16	3	1.03053e+06	6.09979e-05	0.1968	
10498	390	3014	18.7082	26.0579	1763	18.5958	8	533	14	55	11	5	1.12715e+06	5.9988e-05	0.1218	
10723	400	3012	20.4972	22.3142	1775	18.8597	8	529	16	58	23	4	1.08736e+06	5.59347e-05	0.2256	
10590	392	3024	16.4038	21.9252	1843	15.7937	8	535	18	55	26	4	1.21931e+06	5.44484e-05	0.1735	
10840	400	3023	22.6144	26.5179	1733	19	9	534	17	59	40	4	1.03509e+06	6.11359e-05	0.1794	
10443	400	3028	15.768	21.4258	1763	17.351	6	535	18	57	28	4	1.27012e+06	5.54047e-05	0.1488	
11107	392	2992	19.3235	27.5987	1808	15.3967	8	535	16	63	5	3	1.06367e+06	5.74218e-05	0.2154	
10272	393	3019	15	20.9532	1770	17.7551	6	533	18	55	10	4	1.33215e+06	5.50934e-05	0.1303	
10453	391	3039	23.2325	28.3758	1777	17.8504	6	535	19	55	7	3	1.05282e+06	6.50449e-05	0.1209	
11396	371	3025	18.2465	20.411	1899	17.9607	9	535	20	55	16	4	1.13107e+06	4.82486e-05	0.3578	
10824	385	3016	22.8273	28.6695	1815	16.7831	8	535	19	56	23	3	1.03023e+06	6.26684e-05	0.1711	
11289	382	3045	15	20	1732	16.1301	6	535	15	62	3	4	1.27797e+06	4.71009e-05	0.3726	
11329	394	3050	19.3698	20.775	1843	18.4338	7	535	16	67	16	3	1.09433e+06	4.93072e-05	0.3503	
10196	355	3040	15.5992	22.0669	1770	17.9959	7	532	19	56	2	5	1.30792e+06	5.64717e-05	0.1113	
11478	387	3036	15.2222	20.1018	1782	14	7	534	19	57	5	3	1.25053e+06	4.61595e-05	0.4094	
11500	399	3042	24.9812	29.8201	1717	17.612	8	533	15	62	39	3	975916	6.12783e-05	0.2656	
11030	383	3036	16.1967	21.8219	1788	18.3324	9	533	16	55	36	5	1.20957e+06	5.18511e-05	0.2584	
10166	344	3050	18.8396	24.5417	1731	18.4081	7	534	5	55	17	5	1.1797e+06	6.1361e-05	0.0986	
11114	394	3006	23.3912	25.7038	1765	16.3694	10	535	16	56	19	5	1.01415e+06	5.79307e-05	0.2553	
11467	400	3022	23.6726	27.2114	1847	14	8	535	17	62	19	4	990374	5.69898e-05	0.3009	
10234	400	3035	19.6494	24.4855	1794	18.42	8	534	17	57	8	5	1.13012e+06	6.07386e-05	0.1203	
11138	400	3006	20.7164	28.6734	1866	15.617	8	535	15	55	21	3	1.03115e+06	5.92628e-05	0.2162	
11165	400	3050	22.0505	28.9935	1778	15.9334	10	535	15	58	23	4	1.01351e+06	6.00348e-05	0.2127	
10396	397	3043	15	21.5827	1775	15.1607	4	535	16	59	11	4	1.32273e+06	5.43626e-05	0.1398	
10593	366	3047	15.8125	22.2095	1727	14.9942	7	535	20	58	20	5	1.26164e+06	5.42299e-05	0.1569	
10773	396	3023	22.0599	28.2066	1788	17.2741	10	535	20	57	9	3	1.03707e+06	6.16789e-05	0.1739	
11430	347	3026	18.2465	20	1899	18.1747	9	534	20	56	7	4	1.15006e+06	4.75195e-05	0.3746	
11329	394	3050	19.3698	23.5332	1843	18.007	10	533	15	67	16	3	1.07058e+06	5.16956e-05	0.3324	
11269	377	3039	16.1117	23.3369	1764	15.7531	10	535	20	58	18	3	1.18561e+06	5.0888e-05	0.2703	
10536	366	3027	16.5724	22.2468	1744	15.5384	7	535	13	57	15	4	1.22452e+06	5.48155e-05	0.171	
11495	397	3036	15	20.1018	1782	14	9	534	19	57	5	3	1.25484e+06	4.60066e-05	0.407	
10970	385	3050	20.5111	20.5647	1702	14.8239	10	535	15	58	7	3	1.08494e+06	5.16502e-05	0.3031	
11292	400	3023	15.4547	21.6771	1727	17.5456	9	535	18	55	31	3	1.22346e+06	4.98977e-05	0.2968	
10792	399	3050	20.2785	20.775	1770	18.1512	9	531	18	61	16	3	1.09387e+06	5.33305e-05	0.2672	
11500	399	3042	24.9812	29.8201	1708	17.1306	7	533	16	62	37	3	977056	6.1237e-05	0.2656	
11412	391	3010	25	26.3491	1815	18.9304	9	533	20	56	36	4	989136	5.81937e-05	0.2843	
11364	400	3026	22.0505	21.9417	1849	18.008	10	535	17	69	13	4	1.03574e+06	5.15145e-05	0.3537	
10452	394	3026	20.8918	28.8119	1753	19	5	531	17	55	11	4	1.08137e+06	6.45203e-05	0.1021	
10588	395	3049	21.9027	24.7269	1788	18.5611	7	535	16	55	2	4	1.06504e+06	5.88374e-05	0.177	
11500	382	3045	15.2356	20	1855	15.0235	9	534	9	59	2	4	1.25445e+06	4.57143e-05	0.4323	
10933	400	3034	15	20.1018	1863	16.7322	8	534	18	57	2	4	1.28393e+06	4.88759e-05	0.3188	
10840	400	3025	22.6144	24.2014	1867	17.8875	9	534	20	59	40	4	1.04288e+06	5.83601e-05	0.2081	
11072	398	2996	23.239	28.0554	1731	18.7868	7	535	20	59	23	3	1.01054e+06	6.10762e-05	0.2133	
10758	357	3021	18.6164	22.4539	1831	18.5611	8	535	18	57	13	4	1.14051e+06	5.42211e-05	0.2195	
11162	400	2992	19.5305	20.775	1843	18.4443	7	535	16	63	16	4	1.09761e+06	5.0844e-05	0.321	
10481	379	3024	20.3374	28.3758	1718	18.0304	6	535	16	55	15	4	1.09399e+06	6.37105e-05	0.1016	
11500	399	3042	22.9012	29.5764	1717	17.0337	9	533	15	62	39	3	988866	5.99125e-05	0.2602	
10904	400	3012	22.26	27.3116	1868	18.5191	7	533	20	61	27	3	1.03263e+06	6.03427e-05	0.2004	
10575	400	3029	17.3688	21.6771	1745	17.7157	6	534	16	58	27	4	1.18616e+06	5.50964e-05	0.1806	
11500	394	3033	24.1005	20	1810	16.675	10	532	13	74	5	3	1.03034e+06	5.02109e-05	0.4269	
11162	388	2993	19.7268	20.775	1831	18.7536	6	535	17	63	20	4	1.10093e+06	5.11143e-05	0.3166	
10891	400	3035	23.1064	29.9322	1748	15.3862	10	532	20	58	29	3	1.01545e+06	6.39345e-05	0.1738	
11493	400	3041	20.9509	21.0663	1764	15.4704	6	534	16	66	2	3	1.05999e+06	4.91908e-05	0.3929	
10351	392	3038	18.9441	26.9432	1850	18.6254	7	535	16	55	4	4	1.12847e+06	6.1459e-05	0.1033	
10976	400	3016	22.0505	24.3505	1775	15.8917	5	535	15	55	17	5	1.04818e+06	5.64111e-05	0.2428	
11462	382	3041	18.3959	20	1855	16.3399	6	534	19	66	2	5	1.13274e+06	4.71565e-05	0.3873	
11019	400	3023	15.6573	21.2873	1758	16.5597	8	535	17	61	16	3	1.22561e+06	5.04388e-05	0.2849	
11000	396	3042	20.9771	26.7036	1826	16.5406	10	535	11	59	24	4	1.04483e+06	5.79005e-05	0.2334	
11292	400	3023	15.4547	20.7236	1749	17.5456	8	535	18	57	31	3	1.23287e+06	4.8998e-05	0.3232	
10234	400	3030	19.1956	24.7836	1794	18.42	8	535	20	55	11	5	1.14004e+06	6.10054e-05	0.1027	
11091	385	3022	18.5088	20.9556	1813	16.0192	5	534	17	55	23	4	1.13315e+06	5.08104e-05	0.3048	
10398	382	3003	16.0889	21.1746	1708	15.3528	5	535	20	56	24	5	1.26764e+06	5.56483e-05	0.1337	
10938	391	3039	16.8671	23.7767	1783	16.0977	7	533	17	55	10	3	1.16498e+06	5.31237e-05	0.2358	
10616	400	3016	21.2867	29.7946	1773	15.5932	9	535	17	56	17	3	1.0531e+06	6.45745e-05	0.1217	
11500	400	3046	16.7891	20	1776	15.2761	7	534	17	58	2	3	1.16759e+06	4.63822e-05	0.4324	
10994	380	3044	19.8653	22.1613	1782	17.319	8	535	17	57	19	5	1.09318e+06	5.29661e-05	0.2678	
10369	398	2986	20.6979	27.3201	1759	16.0544	7	532	20	56	20	4	1.09213e+06	6.40574e-05	0.1101	
11500	400	3010	24.4925	29.9322	1731	17.6602	6	535	20	59	32	3	979286	6.13271e-05	0.2516	
11300	398	3046	15.6576	20.3121	1889	15.6939	7	535	13	57	2	4	1.22997e+06	4.69682e-05	0.3802	
11393	400	3050	19.5305	20.775	1849	18.5804	8	535	16	65	3	4	1.08715e+06	4.87021e-05	0.3617	
10302	400	3049	17.6231	21.8651	1708	16.9922	8	533	16	57	22	4	1.19397e+06	5.73099e-05	0.1376	
11128	400	3050	18.4976	20	1840	15.66	10	535	15	63	18	4	1.12465e+06	4.93778e-05	0.3312	
10773	391	3044	19.7118	21.0768	1768	14.7782	8	535	14	58	45	3	1.10997e+06	5.4606e-05	0.2304	
11236	400	3041	19.889	26.7494	1752	16.5145	10	535	15	72	12	3	1.04617e+06	5.58909e-05	0.2466	
11230	394	3050	15.4075	22.4284	1817	14	7	534	16	65	34	3	1.22994e+06	5.02563e-05	0.2878	
10705	399	3050	22.5742	25.2267	1781	17.9619	8	535	17	60	13	4	1.0469e+06	5.92136e-05	0.1938	
11060	400	2994	21.1547	27.3753	1792	17.0589	6	535	19	55	37	3	1.03914e+06	5.94636e-05	0.1979	
10225	363	3036	16.9859	23.7767	1765	16.0977	7	534	17	55	10	5	1.22603e+06	5.87165e-05	0.0982	
10393	395	3035	15	20.4689	1726	17.7672	7	535	14	55	14	4	1.32398e+06	5.38822e-05	0.1543	
10580	400	3049	22.5983	27.0823	1822	16.9062	7	535	17	55	2	4	1.04971e+06	6.15726e-05	0.1612	
10396	400	3037	17.3022	21.5086	1744	17.2485	8	535	16	59	24	4	1.19933e+06	5.62588e-05	0.1496	
10587	398	3030	23.3768	26.8307	1739	18.092	8	535	15	55	13	3	1.04002e+06	6.27549e-05	0.1514	