10312	298	3020	20.3361	28.5985	1775	18.7066	6	535	19	55	13	4	1.1474e+06	6.53381e-05	0.085	
11500	336	3050	15.1967	20	1859	15.428	7	535	18	55	3	3	1.28333e+06	4.56809e-05	0.4196	
10226	308	3030	15	20.1018	1741	18.1696	7	535	19	55	13	4	1.38593e+06	5.50661e-05	0.1303	
10323	400	3013	25	29.2773	1764	18.9604	8	535	12	55	56	4	1.05829e+06	7.17824e-05	0.1002	
11500	400	3044	21.3301	20	1821	14.0164	6	532	14	67	6	3	1.06689e+06	4.83232e-05	0.4643	
11500	400	3026	25	30	1793	15.1991	10	534	13	74	26	3	970265	6.09979e-05	0.2859	
10333	308	3046	15	21.3311	1808	18.1973	6	535	17	55	11	5	1.37118e+06	5.46837e-05	0.1306	
11500	400	3044	21.3301	20	1851	14.0164	6	532	15	62	4	3	1.06742e+06	4.82021e-05	0.4493	
10196	315	3050	15.2118	22.0669	1770	17.9959	7	535	19	56	2	5	1.35596e+06	5.62841e-05	0.1069	
10333	308	3030	15	20.1018	1741	18.1696	7	535	19	55	13	4	1.3767e+06	5.41389e-05	0.1472	
10505	400	3045	25	30	1769	18.4503	8	534	14	55	36	4	1.03627e+06	6.90274e-05	0.1122	
10323	400	3036	25	29.5959	1750	17.9495	8	533	12	55	50	4	1.05609e+06	7.13572e-05	0.104	
10234	395	2987	20.9186	29.6161	1727	18.5581	5	531	15	55	21	4	1.09925e+06	6.84603e-05	0.089	
10323	400	3036	25	29.2773	1780	18.4503	8	535	10	55	46	4	1.05511e+06	7.07164e-05	0.1061	
10418	362	3040	15	20.1018	1777	18.1973	7	535	15	55	19	4	1.33915e+06	5.35647e-05	0.1628	
10272	393	3019	15	20.9532	1770	17.7551	6	533	18	55	10	4	1.33215e+06	5.50934e-05	0.1303	
10368	384	3043	23.7956	30	1774	18.4503	8	533	13	55	50	4	1.06353e+06	7.02691e-05	0.1007	
11500	400	3046	16.7891	20	1766	15.2761	8	535	8	58	2	3	1.1644e+06	4.63951e-05	0.445	
10534	400	3044	25	29.2773	1764	18.4503	9	534	13	55	29	4	1.03206e+06	6.76361e-05	0.1267	
10723	400	3050	25	29.8201	1707	17.3259	10	535	17	60	51	3	1.01988e+06	6.74263e-05	0.1408	
11500	368	3048	16.4959	20	1781	14.9579	8	534	8	57	2	3	1.19274e+06	4.62278e-05	0.441	
10230	349	3030	15	20.549	1767	14.7972	7	535	18	55	13	4	1.35515e+06	5.50752e-05	0.1262	
10566	400	3042	25	29.6325	1727	17.6992	10	535	18	60	39	3	1.03048e+06	6.82128e-05	0.1312	
10323	400	3036	23.7956	29.2773	1780	18.4503	8	535	10	55	50	4	1.06482e+06	6.99986e-05	0.1	
10540	400	3045	25	29.2773	1764	18.4503	8	535	14	55	36	4	1.03395e+06	6.79071e-05	0.1186	
10323	400	3035	25	29.6104	1780	18.4503	8	534	10	55	46	4	1.05443e+06	7.10884e-05	0.1045	
10440	370	3050	25	29.2773	1748	18.6402	8	534	10	55	44	4	1.05289e+06	6.92617e-05	0.1098	
10234	395	2990	20.9186	27.6932	1803	18.5581	5	534	15	55	24	4	1.10427e+06	6.61157e-05	0.0877	
11500	400	3031	19.926	20.0493	1900	17.1709	10	534	19	60	7	3	1.07876e+06	4.77692e-05	0.4019	
10540	400	3045	25	29.2773	1762	18.0229	8	534	15	55	36	4	1.03376e+06	6.78656e-05	0.1217	
10264	391	3003	22.7576	28.3758	1787	17.8504	7	535	18	55	7	3	1.07133e+06	6.68494e-05	0.1073	
11500	382	3045	15.2356	20	1855	15.0235	9	534	9	59	2	4	1.25445e+06	4.57143e-05	0.4323	
11500	400	3021	25	28.3441	1756	14.9701	10	533	12	74	23	3	973134	5.92312e-05	0.2993	
10723	400	3050	24.8056	29.8201	1720	17.6992	10	535	17	60	51	3	1.02112e+06	6.72902e-05	0.1392	
10347	338	3038	15	20.6324	1767	17.0447	7	535	18	55	13	4	1.351e+06	5.41712e-05	0.1415	
11500	354	3044	15.7016	20	1848	15.5654	7	532	17	57	2	3	1.24252e+06	4.58947e-05	0.4275	
10368	400	3043	23.7956	30	1780	18.4503	8	533	10	55	50	4	1.05914e+06	7.02099e-05	0.1029	
11061	376	3050	15	20.4315	1863	15.0312	6	535	19	61	2	4	1.28928e+06	4.81812e-05	0.3332	
11500	400	3042	16.752	20	1861	15.4944	6	533	16	55	9	3	1.17381e+06	4.6365e-05	0.4169	
10235	367	3030	15	20.8843	1765	18.1973	8	535	18	55	7	4	1.34205e+06	5.52639e-05	0.1245	
10440	400	3050	25	29.2919	1732	18.4503	8	533	10	55	50	4	1.04625e+06	6.9633e-05	0.1089	
11500	400	3026	25	29.7773	1772	15.1991	10	534	11	73	28	3	970861	6.08273e-05	0.2856	
10399	338	3038	15	20.6324	1767	17.0447	7	535	18	55	13	4	1.34674e+06	5.37663e-05	0.1512	
11500	393	3010	22.6047	29.9322	1755	18.1414	6	535	20	59	10	5	997129	5.997e-05	0.2435	
10849	357	3050	15	20.4825	1742	16.4816	7	535	17	59	28	5	1.31011e+06	5.10412e-05	0.2338	
11500	395	3037	17.8629	20	1899	16.7104	7	534	19	59	2	4	1.1378e+06	4.66527e-05	0.3925	
11500	369	3032	17.55	20	1899	15.7723	7	534	16	59	5	4	1.1599e+06	4.65853e-05	0.3977	
11500	395	3037	24.0751	20	1892	16.7104	9	534	19	59	7	4	1.03848e+06	4.99725e-05	0.3943	
10547	381	3050	15	21.2452	1778	17.1185	5	535	20	57	5	4	1.31192e+06	5.26427e-05	0.1789	
10299	376	3043	15.1931	22.1454	1735	16.1917	6	535	18	55	2	5	1.31707e+06	5.53741e-05	0.1145	
10418	371	3029	15	20.6897	1751	16.1838	8	535	17	57	14	4	1.3267e+06	5.38329e-05	0.153	
11500	368	3042	16.4959	20	1822	14.9579	8	535	8	65	2	3	1.19388e+06	4.62193e-05	0.4363	
11500	400	3035	25	28.3086	1748	14.3233	10	533	12	74	44	3	974316	5.93507e-05	0.2948	
11500	400	3050	16.281	20	1825	15.7665	7	529	12	61	2	3	1.19233e+06	4.61318e-05	0.4491	
10378	400	3019	22.6017	26.4056	1749	18.8741	9	532	20	57	56	4	1.07662e+06	6.62734e-05	0.103	
11210	361	3040	17.0614	20.1596	1833	16.0788	10	532	20	59	5	3	1.18015e+06	4.81348e-05	0.3555	
11500	357	3050	15	20.0005	1750	15.2085	7	535	17	63	6	5	1.28448e+06	4.60405e-05	0.4029	
10566	399	3042	25	29.8201	1727	17.7609	10	535	16	57	37	3	1.02937e+06	6.83854e-05	0.124	
11500	336	3050	15.1967	20	1859	15.428	7	535	18	57	3	3	1.28311e+06	4.5685e-05	0.419	
11030	377	3036	16.1967	21.8219	1788	17.7	9	535	20	58	36	5	1.21063e+06	5.18215e-05	0.2427	
11458	400	3045	16.752	20	1888	15.4944	6	533	16	55	2	3	1.17816e+06	4.63092e-05	0.4003	
11500	397	3043	17.8187	20	1843	15.254	7	535	13	61	4	3	1.13496e+06	4.66832e-05	0.4075	
10246	368	3035	15	20.3629	1741	18.1549	6	535	14	57	15	4	1.34968e+06	5.5145e-05	0.1276	
10916	329	3050	15	20.4825	1742	18.1321	9	535	17	59	12	4	1.31431e+06	5.00977e-05	0.271	
11500	368	3042	16.4959	20	1798	14.9579	8	534	8	57	2	3	1.19311e+06	4.62342e-05	0.4382	
11005	378	3003	19.3235	27.5987	1749	15.3967	8	535	14	55	2	3	1.26321e+06	4.87686e-05	0.3227	
10348	379	3044	20.406	27.1778	1743	18.4812	7	535	20	56	22	4	1.10783e+06	6.36943e-05	0.0929	
10398	351	3049	15	21.2558	1774	18.3639	5	532	19	55	13	4	1.33997e+06	5.42182e-05	0.1472	
10455	380	3050	15	21.2433	1778	18.5472	5	535	20	55	15	4	1.32302e+06	5.38996e-05	0.1478	
10323	400	3043	23.7956	29.2773	1780	18.4503	8	533	10	55	50	4	1.06437e+06	6.98763e-05	0.1011	
10547	381	3050	15	21.2922	1778	15.1301	5	535	20	56	15	4	1.31584e+06	5.30307e-05	0.1645	
10590	392	3024	16.4038	22.6188	1843	18.6926	8	535	18	55	26	4	1.21679e+06	5.52944e-05	0.1622	
11500	382	3038	15.2356	20	1872	15.122	9	535	9	65	2	3	1.25057e+06	4.57603e-05	0.4328	
10323	400	3043	23.7956	29.2773	1780	18.4503	7	530	10	55	50	4	1.06488e+06	6.97885e-05	0.1027	
10995	367	3042	15.1678	22.4053	1701	16.8115	8	533	15	60	2	4	1.26592e+06	5.09528e-05	0.2525	
10587	400	2993	23.3032	28.0756	1752	17.299	10	535	16	55	44	4	1.04251e+06	6.58458e-05	0.1217	
11500	400	3044	21.3303	20	1839	14.2991	6	532	14	62	7	3	1.06707e+06	4.82998e-05	0.447	
11300	398	3046	15.6576	20.3121	1889	15.6939	7	535	13	57	2	4	1.22997e+06	4.69682e-05	0.3802	
10210	400	2985	19.8992	28.1567	1734	18.7124	6	532	15	55	7	4	1.11575e+06	6.56771e-05	0.0862	
10440	382	3044	25	29.2773	1764	18.4503	8	534	10	55	46	4	1.0491e+06	6.93626e-05	0.1105	
10812	387	3029	15.4547	21.6771	1745	17.351	7	535	18	57	28	4	1.26025e+06	5.26288e-05	0.2077	
10579	372	3039	17.6878	21.1427	1754	18.4494	8	535	19	56	22	4	1.18207e+06	5.44603e-05	0.1907	
10549	382	3006	16.1907	21.1746	1708	15.3528	5	535	20	56	24	4	1.24792e+06	5.43596e-05	0.1681	
11473	390	3008	24.8523	28.2325	1712	14.3873	8	533	19	66	43	3	982012	5.97729e-05	0.2748	
11500	400	3048	19.4582	20	1889	17.1709	10	534	19	58	2	3	1.0889e+06	4.72903e-05	0.3955	
10230	371	3030	15	20.549	1765	18.1973	7	535	18	55	7	4	1.34493e+06	5.49813e-05	0.1307	
10846	389	3046	16.3715	21.6865	1819	15.872	10	533	18	61	34	4	1.20608e+06	5.26732e-05	0.2291	
10674	359	3042	15.8125	22.2095	1719	16.8718	8	534	19	65	18	5	1.25649e+06	5.38619e-05	0.1816	
10452	394	3022	20.8918	29.4263	1761	19	5	535	16	55	11	4	1.07981e+06	6.52955e-05	0.0908	
11500	398	3026	23.726	21.5865	1831	18.3682	7	533	13	61	11	3	1.0251e+06	5.14377e-05	0.4064	
11007	400	3029	15.4547	21.6771	1763	17.351	7	534	17	56	28	4	1.24362e+06	5.12269e-05	0.2557	
10826	399	3041	15	21.638	1816	16.0986	6	535	15	62	21	5	1.28618e+06	5.17063e-05	0.2241	
11500	393	2996	23.1064	30	1849	18.8812	7	531	20	56	33	3	987249	6.06502e-05	0.2592	
10739	391	3049	15	20.7776	1765	15.7329	8	534	14	56	27	4	1.29611e+06	5.18135e-05	0.2167	
10961	400	3045	16.7891	20	1769	15.2761	8	535	8	58	2	3	1.18677e+06	4.92344e-05	0.3272	
10246	368	3035	15	20.5479	1744	17.7672	6	535	11	57	15	4	1.34842e+06	5.5212e-05	0.1276	
10461	399	3029	22.1376	29.8201	1739	18.7927	6	533	13	57	26	3	1.06124e+06	6.69568e-05	0.106	
11299	368	3042	17.3361	20	1756	14.9579	8	535	8	65	2	3	1.27782e+06	4.58253e-05	0.4267	
11500	384	3042	15.6612	20.0992	1847	14.8882	8	534	9	64	2	3	1.22652e+06	4.59728e-05	0.4338	
10406	400	3050	17.0156	23.2184	1753	15.9083	6	533	16	56	14	4	1.20081e+06	5.66219e-05	0.1327	
10921	381	3029	15.8029	21.6771	1746	17.351	10	535	11	60	21	4	1.2294e+06	5.17357e-05	0.2468	
10862	339	3034	15	21.6582	1775	18.7476	6	535	20	55	9	4	1.30757e+06	5.13268e-05	0.2319	
10693	400	3049	24.6342	29.8201	1724	17.8062	8	535	16	56	35	3	1.02213e+06	6.67379e-05	0.1389	
10681	338	3044	15	20.6324	1763	16.5229	7	535	18	55	13	4	1.32474e+06	5.15623e-05	0.2182	
10234	400	3047	19.8967	25.9112	1794	18.1691	8	535	20	55	8	5	1.12127e+06	6.22549e-05	0.0999	
11264	400	3018	17.3589	20	1868	16.6292	6	535	12	59	7	3	1.15779e+06	4.79685e-05	0.3622	
11288	392	3050	15.0183	20.3789	1772	16.0704	9	535	18	69	21	5	1.26511e+06	4.79754e-05	0.3454	
10369	397	3023	22.6942	28.5717	1731	17.4317	7	533	18	55	33	3	1.06663e+06	6.71501e-05	0.1024	
11500	368	3026	16.4155	20	1899	16.7104	7	534	20	59	5	4	1.20212e+06	4.63006e-05	0.404	
10587	400	2995	23.3032	28.1905	1752	17.2559	10	535	13	55	44	4	1.04224e+06	6.59109e-05	0.125	
10852	400	3042	25	29.7585	1723	18.4503	8	533	10	55	50	4	1.01232e+06	6.63702e-05	0.1607	
10797	380	3029	15.4547	21.6771	1745	17.351	7	535	18	57	2	4	1.25854e+06	5.15996e-05	0.2395	
10176	363	3036	16.9859	23.7767	1765	15.5684	7	534	17	55	9	5	1.23036e+06	5.90982e-05	0.0975	
11088	400	3042	24.212	29.8201	1700	17.4485	8	535	20	60	29	3	998948	6.32711e-05	0.1969	
10547	381	3050	15.2805	20.4417	1759	19	7	535	20	55	15	4	1.29846e+06	5.27955e-05	0.1827	
11500	364	3021	18.3959	20	1899	16.6992	8	535	20	58	3	3	1.13505e+06	4.70102e-05	0.385	
11500	400	3026	22.0505	21.3653	1859	16.6552	10	535	12	73	21	3	1.03561e+06	5.03246e-05	0.3998	
10264	391	3039	22.7576	28.3758	1777	17.8504	6	535	19	55	7	3	1.07376e+06	6.64673e-05	0.1055	
11267	295	3050	18.4371	20.3465	1846	17.0128	7	535	18	58	2	4	1.19118e+06	4.83746e-05	0.3476	
10399	379	3044	18.2673	26.0226	1753	18.4694	7	535	11	55	10	4	1.15137e+06	6.01757e-05	0.1056	
10361	379	3044	20.406	27.1778	1743	17.0585	7	535	20	56	22	5	1.10799e+06	6.35082e-05	0.0963	
10607	393	2996	23.1064	29.9322	1729	17.9161	7	535	20	60	33	3	1.04204e+06	6.70916e-05	0.1239	
11500	394	3014	15	22.237	1803	14.1119	10	535	18	56	10	4	1.24023e+06	4.81162e-05	0.3407	
10219	400	3044	15.6192	21.8793	1770	18.2362	8	535	19	56	2	5	1.28768e+06	5.61419e-05	0.1122	
10962	357	3050	15	21.1206	1742	18.0616	9	535	17	63	19	4	1.29109e+06	5.06124e-05	0.2516	
10893	393	2996	23.1064	29.9322	1761	19	7	535	20	57	33	3	1.01999e+06	6.4771e-05	0.1519	
10256	318	3030	18.9674	26.0579	1776	18.5958	8	535	14	55	3	5	1.17218e+06	6.16371e-05	0.0961	
11500	398	3000	23.9968	24.1075	1742	14.8665	10	534	15	73	17	3	994518	5.43272e-05	0.3459	
11500	400	3034	19.3526	20.1043	1879	17.8338	10	535	19	58	5	4	1.09032e+06	4.76032e-05	0.381	
11500	400	3034	19.3526	20.1043	1889	18.526	10	535	20	59	2	3	1.08916e+06	4.75579e-05	0.3822	
10323	400	3043	25	29.2773	1750	19	8	533	12	55	50	4	1.05684e+06	7.10379e-05	0.1005	
10774	399	3037	16.1941	21.6526	1746	17.5773	7	534	18	61	29	5	1.22138e+06	5.32e-05	0.2022	
11457	400	3016	22.0505	29.7946	1842	15.7369	10	535	15	73	19	3	993396	5.92979e-05	0.255	
10399	368	3047	18.2673	26.0226	1753	18.4694	7	534	11	55	10	4	1.15507e+06	6.01323e-05	0.1079	
11230	400	3044	20.922	20.8509	1859	16.6552	10	535	13	67	25	4	1.06571e+06	5.08595e-05	0.3518	
10412	322	3020	20.3361	28.5985	1765	18.7066	6	534	19	55	12	4	1.12264e+06	6.43832e-05	0.0903	
11500	400	3019	24.7352	26.2687	1867	16.5313	8	535	20	68	19	3	984356	5.64366e-05	0.3043	
11500	398	2999	24.6374	25.4613	1729	15.235	9	533	15	66	14	3	986224	5.61073e-05	0.3476	
10264	391	3033	22.7576	28.3758	1777	17.8504	6	534	17	55	18	3	1.07481e+06	6.70196e-05	0.1023	
10412	386	3021	20.429	29.1428	1795	18.7066	6	534	20	55	10	4	1.09129e+06	6.48803e-05	0.0898	
10659	370	3044	15.6192	22.1528	1797	16.414	6	535	16	55	8	5	1.2646e+06	5.28597e-05	0.1959	
10449	376	3044	15.1243	22.8147	1735	16.4925	7	535	17	55	2	5	1.30406e+06	5.47675e-05	0.1354	
11449	400	3033	23.2714	23.408	1833	15.9093	10	524	12	70	19	3	1.0103e+06	5.30983e-05	0.3791	
11500	374	3050	15.3934	20	1772	15.008	8	535	6	57	7	4	1.24947e+06	4.60236e-05	0.4225	
11500	398	3033	24.0736	20	1798	16.675	10	532	13	74	5	3	1.02811e+06	5.0226e-05	0.4297	
11500	400	3021	25	26.7494	1751	14.9398	10	529	17	65	16	3	978877	5.74779e-05	0.3486	
11500	400	3046	16.7891	20	1824	15.2761	8	535	8	58	2	3	1.16764e+06	4.62535e-05	0.4303	
10398	382	3003	16.0889	21.1746	1708	15.3528	7	535	20	56	24	5	1.26207e+06	5.56793e-05	0.1341	
11500	400	3038	15.2356	20	1872	15.122	6	535	6	57	3	3	1.25022e+06	4.57101e-05	0.4356	
11003	400	3038	15	21.6771	1795	15.7619	8	535	17	59	28	4	1.2698e+06	5.08828e-05	0.2499	
11289	382	3028	15	20	1732	16.1301	6	535	15	62	3	4	1.27777e+06	4.72411e-05	0.3726	
10369	397	3023	22.6047	28.5717	1731	18.7868	7	533	18	55	33	3	1.06807e+06	6.72405e-05	0.0961	
10921	390	3041	15	21.638	1816	16.0986	7	535	15	62	21	5	1.28133e+06	5.10751e-05	0.2443	
10396	400	3037	17.3022	21.5086	1744	17.2485	8	535	16	59	24	4	1.19933e+06	5.62588e-05	0.1496	
11500	400	3040	20.6306	20.0779	1836	14.3513	6	535	13	60	8	3	1.07593e+06	4.80307e-05	0.4218	
10575	371	3018	20.4516	28.4912	1765	18.7066	5	534	14	55	10	3	1.08523e+06	6.28457e-05	0.1193	
10323	400	3043	23.7956	29.2581	1780	18.4503	9	530	10	55	44	4	1.06111e+06	6.94637e-05	0.1061	
10578	400	3023	19.8967	25.9112	1794	18.5589	8	535	20	55	8	5	1.0927e+06	5.95274e-05	0.1448	
10378	400	3019	22.6017	26.5244	1750	18.8741	9	535	13	57	56	3	1.07454e+06	6.63086e-05	0.1075	
11106	400	3050	15	20.1018	1851	16.0861	9	535	19	57	5	4	1.27293e+06	4.78583e-05	0.3444	
10587	400	3039	23.3032	28.1905	1752	16.8477	9	535	20	55	8	4	1.03827e+06	6.38162e-05	0.1453	
11289	392	3037	15	20	1733	16.1301	6	535	15	63	3	4	1.27361e+06	4.71676e-05	0.3729	
10412	322	3020	20.3361	28.5985	1765	18.7066	5	534	20	55	12	4	1.12431e+06	6.43749e-05	0.0884	
11161	387	2966	22.8149	29.7508	1725	17.8845	8	535	19	64	26	3	1.00705e+06	6.25274e-05	0.1999	
10246	368	3035	15	20.5479	1744	17.7672	6	535	14	57	15	4	1.3487e+06	5.52517e-05	0.1264	
10302	400	3049	17.6231	21.8651	1708	16.9922	8	533	16	57	22	4	1.19397e+06	5.73099e-05	0.1376	
10377	382	3047	17.7159	25.8327	1744	18.4694	5	534	6	56	11	4	1.17353e+06	5.98122e-05	0.1123	
11248	400	3028	24.3534	28.9114	1708	17.2308	10	535	16	60	37	3	989548	6.15574e-05	0.2284	
10176	375	3050	17.2553	24.4252	1769	16.9715	7	529	19	55	8	5	1.21177e+06	5.96766e-05	0.0963	
10677	399	3035	20.9015	29.057	1815	17.0359	6	535	12	57	25	3	1.06059e+06	6.3008e-05	0.1379	
11148	399	2992	19.9902	27.5987	1833	15.363	9	534	20	62	13	4	1.04703e+06	5.76203e-05	0.2226	
10566	399	2996	18.6164	26.9211	1831	18.1872	8	534	16	55	7	3	1.11349e+06	6.00889e-05	0.132	
11500	393	3010	23.3055	29.9322	1731	17.6602	9	535	20	59	33	3	984684	6.07644e-05	0.2453	
10871	376	3042	19.6143	20.0078	1839	17.849	9	535	16	55	20	4	1.11963e+06	5.18403e-05	0.2767	
10547	381	3050	15	21.2922	1778	17.1185	5	535	20	56	3	4	1.3113e+06	5.25735e-05	0.1817	
11500	345	3050	15.1967	20.1018	1769	14	7	535	14	57	5	3	1.27564e+06	4.59453e-05	0.4137	
11500	398	2999	24.2834	24.1075	1742	14.8665	10	533	15	73	17	3	993105	5.45286e-05	0.3435	
11088	372	3043	15	20.1018	1863	15.0312	6	534	16	61	2	4	1.29494e+06	4.78286e-05	0.3496	
11429	391	3003	24.8523	26.7551	1823	18.6171	10	530	20	57	43	3	985224	5.85926e-05	0.2938	
10566	400	3042	25	29.8201	1727	17.6992	10	535	16	60	37	3	1.03002e+06	6.8306e-05	0.1336	
11248	400	3028	24.3534	25.9977	1708	17.2308	10	533	16	61	37	3	996312	5.83942e-05	0.2785	
10547	370	3050	15.2805	20.4417	1778	19	5	535	20	55	15	4	1.30555e+06	5.26843e-05	0.1869	
10877	388	3050	19.6281	22.6867	1829	15.7461	8	533	19	57	56	4	1.10344e+06	5.55679e-05	0.208	
10488	400	3042	20.6975	22.0101	1759	17.7795	7	535	13	55	26	6	1.10632e+06	5.75341e-05	0.1617	
11329	394	3050	19.3698	20.775	1843	18.4338	7	535	16	67	16	3	1.09433e+06	4.93072e-05	0.3503	
10674	393	3045	21.8962	29.5997	1735	18.6061	7	531	20	56	37	3	1.05076e+06	6.50999e-05	0.1235	
10409	395	3031	15	20.6721	1726	17.7672	7	535	14	55	14	3	1.31878e+06	5.39433e-05	0.1543	
10707	380	3003	16.0889	21.1746	1708	15.4793	5	535	20	56	24	5	1.24484e+06	5.31717e-05	0.2011	
10938	400	3039	16.8671	23.7767	1781	16.0977	7	533	17	55	10	3	1.16178e+06	5.31293e-05	0.2356	
11293	400	3043	22.2195	28.3945	1858	16.6552	10	535	13	59	17	3	1.00466e+06	5.83533e-05	0.2627	
11500	400	3040	24.4214	21.3191	1766	15.0431	9	534	8	57	2	3	1.01457e+06	5.1369e-05	0.4243	
10225	400	3046	18.153	24.7251	1765	16.3018	7	535	16	56	8	5	1.17037e+06	6.00348e-05	0.1031	
10893	396	3035	23.1064	29.9322	1731	15.3862	7	535	20	58	22	3	1.01959e+06	6.37511e-05	0.1717	
10894	395	3042	24.6342	29.8201	1708	17.293	10	534	19	59	37	3	1.00848e+06	6.51763e-05	0.1707	
11030	400	3050	15.4052	22.2123	1776	16.0595	9	534	16	72	26	4	1.23635e+06	5.13426e-05	0.2535	
11500	399	3026	25	26.7494	1829	14.9879	8	534	12	71	16	3	981285	5.70939e-05	0.3251	
10378	393	3019	22.6017	26.267	1749	18.3421	9	535	19	56	56	3	1.07707e+06	6.60808e-05	0.1013	
10275	392	3043	18.9441	26.9432	1850	18.6254	7	535	16	55	4	4	1.13529e+06	6.20771e-05	0.0969	
11393	376	3050	19.1706	20.775	1849	18.5804	8	535	15	61	3	4	1.10576e+06	4.85602e-05	0.3648	
10823	375	3050	15.9394	21.3593	1795	15.1361	10	535	18	65	34	4	1.23518e+06	5.25127e-05	0.2188	
11063	400	3029	22.0505	29.7946	1800	15.9334	10	535	15	55	23	4	1.01604e+06	6.18506e-05	0.1871	
11267	295	3050	18.1547	20.3465	1846	17.2551	7	535	18	59	2	4	1.19832e+06	4.82998e-05	0.3483	
10854	400	3029	15.4547	21.6771	1763	16.8427	7	535	18	56	28	4	1.25241e+06	5.22111e-05	0.2171	
11061	392	2993	19.3235	20.7762	1808	15.3967	8	535	17	63	6	3	1.10172e+06	5.09269e-05	0.3128	
11422	398	3041	25	30	1742	17.2328	7	535	20	60	26	6	983354	6.16865e-05	0.2476	
10396	397	3043	15	21.5827	1775	18.6207	4	535	17	60	11	4	1.32168e+06	5.46359e-05	0.1345	
11457	400	3016	22.0505	29.7946	1820	15.7369	10	535	15	73	19	3	993674	5.93754e-05	0.2521	
11449	400	3036	23.4298	23.9955	1833	15.9786	10	529	11	70	19	3	1.00516e+06	5.36625e-05	0.3529	
10842	400	3029	18.0531	21.6186	1710	17.3315	8	535	18	56	28	3	1.13946e+06	5.34045e-05	0.2412	
11500	382	3038	15.2356	20	1872	15.122	6	535	9	56	2	4	1.26124e+06	4.57038e-05	0.4311	
10505	400	3045	25	29.2773	1764	18.615	8	534	14	55	36	4	1.03686e+06	6.82454e-05	0.117	
10470	399	3026	18.3705	21.8651	1748	18.5522	5	535	18	56	20	5	1.16254e+06	5.63031e-05	0.164	
11500	354	3044	15.7016	20	1804	15.5654	7	534	17	57	5	3	1.24143e+06	4.60702e-05	0.4206	
11398	368	3050	16.4959	20.0716	1822	14.9579	8	534	8	65	2	3	1.25113e+06	4.61318e-05	0.4131	
11215	400	3050	16.0235	20	1887	17.6469	6	533	17	61	5	4	1.21871e+06	4.74901e-05	0.3651	
10992	397	3040	17.6398	20.1975	1818	15.254	8	535	15	60	4	3	1.15247e+06	4.95835e-05	0.3126	
10377	394	3047	17.7159	25.8327	1744	18.4694	6	534	12	56	11	4	1.16853e+06	5.9891e-05	0.1084	
11500	400	3042	18.1368	20	1836	14.9301	8	532	11	59	3	3	1.12297e+06	4.67858e-05	0.4161	
10575	371	3026	20.5643	29.0942	1764	18.7066	5	534	15	57	2	4	1.08366e+06	6.32311e-05	0.1209	
11500	399	3042	24.9812	29.8201	1708	17.1306	7	533	16	62	37	3	977056	6.1237e-05	0.2656	
11054	400	3042	19.2917	20	1802	15.451	7	535	13	56	12	4	1.11282e+06	5.00325e-05	0.3244	
11500	369	3032	16.2796	20	1899	15.7723	7	534	16	59	5	4	1.20905e+06	4.61404e-05	0.4108	
11434	395	3038	23.4951	25.3413	1884	15.8565	10	534	13	68	25	4	1.00169e+06	5.50025e-05	0.3172	
11431	400	3043	16.2583	22.5152	1745	15.7531	9	535	20	55	18	5	1.17452e+06	4.93632e-05	0.3116	
11500	397	3050	17.8187	20	1843	15.254	8	535	13	62	4	3	1.1325e+06	4.66353e-05	0.4082	
11500	399	3043	22.9012	29.5764	1717	17.0337	10	533	15	66	39	3	987515	5.98444e-05	0.2613	
10736	400	3011	22.8731	29.7946	1784	15.5932	10	535	18	55	24	3	1.02719e+06	6.4855e-05	0.1487	
11012	389	3050	16.3715	21.6865	1794	15.872	10	535	19	65	32	5	1.19663e+06	5.14933e-05	0.26	
11289	382	3045	15	20	1732	16.1301	6	535	15	64	3	5	1.28057e+06	4.71298e-05	0.3702	
10846	383	3050	15.9394	21.6865	1794	15.1361	10	535	18	65	32	4	1.22787e+06	5.24742e-05	0.2192	
10837	399	3050	15.9394	21.6865	1794	15.5277	10	535	16	55	25	5	1.2234e+06	5.2021e-05	0.2277	
11500	400	3010	25	20.8833	1729	15.235	9	535	14	73	11	3	1.01194e+06	5.19588e-05	0.4403	
10396	400	3049	18.6654	21.8651	1753	16.9922	8	533	16	57	24	4	1.1535e+06	5.69444e-05	0.1586	
10772	393	3035	22.458	30	1731	16.615	7	535	20	60	22	4	1.0359e+06	6.44122e-05	0.1437	
11289	382	3045	15	20	1732	16.1301	6	535	15	62	3	4	1.27797e+06	4.71009e-05	0.3726	
11500	400	3033	21.4259	20	1854	17.1773	9	534	8	58	3	5	1.06394e+06	4.84872e-05	0.439	
10610	394	3026	20.8918	28.8119	1761	19	5	531	19	55	11	4	1.06968e+06	6.31991e-05	0.1244	
11500	400	3036	18.4359	20.0493	1900	17.1709	10	534	19	60	7	3	1.11234e+06	4.70854e-05	0.3879	
11413	400	3026	19.2764	22.4013	1843	17.3798	8	535	20	55	10	4	1.07797e+06	5.02084e-05	0.3425	
10547	381	3050	15.3128	21.2922	1778	15.3228	4	535	17	59	15	4	1.29724e+06	5.31632e-05	0.1744	
10098	375	3040	17.2553	24.4252	1741	16.6619	7	529	19	55	8	5	1.21969e+06	6.07017e-05	0.0958	
11199	395	3050	15.4075	22.4284	1817	14.0806	9	534	16	70	34	3	1.22671e+06	5.05485e-05	0.2818	
11296	399	3023	18.4977	20.5017	1820	15.9618	8	534	20	58	2	4	1.11623e+06	4.86263e-05	0.3558	
10579	359	3039	18.6936	24.3755	1732	18.4081	6	535	19	56	24	4	1.1464e+06	5.80349e-05	0.1362	
10774	399	3038	16.1941	21.434	1746	17.5773	7	534	18	61	29	5	1.22287e+06	5.30082e-05	0.2068	
10616	400	3034	18.0422	21.8651	1721	17.158	8	535	16	57	16	4	1.15279e+06	5.46448e-05	0.206	
10547	370	3050	15.8539	21.2922	1778	15.1301	5	535	20	55	20	4	1.26886e+06	5.3516e-05	0.1698	
11399	400	3025	19.8508	21.1564	1849	18.0611	10	535	16	66	19	4	1.07368e+06	4.97413e-05	0.3546	
11054	400	3047	19.2917	20	1836	14.7686	7	535	13	56	12	3	1.11071e+06	4.98554e-05	0.3373	
10697	400	3042	24.212	29.8201	1700	16.884	8	535	20	60	37	3	1.0257e+06	6.65115e-05	0.1428	
10894	400	3042	23.6164	24.9632	1708	17.7219	10	532	19	56	37	3	1.02276e+06	5.94248e-05	0.2179	
11391	400	3034	16.808	23.3369	1764	17.1165	10	535	20	57	16	4	1.14365e+06	5.0597e-05	0.2909	
10708	336	3032	19.0899	20.9952	1742	17.7726	5	535	19	55	3	3	1.15412e+06	5.31491e-05	0.2333	
11248	400	3035	24.3534	27.8955	1741	14.959	10	535	16	60	36	3	990780	6.00456e-05	0.2474	
11393	400	3015	17.1145	20	1899	16.5652	7	534	20	59	5	4	1.16396e+06	4.71365e-05	0.3772	
11500	400	3033	25	26.6395	1766	18.4381	9	534	12	71	16	3	980373	5.72443e-05	0.3406	
10225	395	3043	17.4922	23.7767	1763	16.0689	7	533	17	55	2	5	1.19452e+06	5.84283e-05	0.1165	
10736	400	3009	21.859	23.1555	1856	15.4696	7	535	17	55	19	4	1.06293e+06	5.6802e-05	0.2319	
11500	389	3032	15.2222	20.4945	1719	14	7	535	19	55	5	3	1.24415e+06	4.65484e-05	0.387	
10842	387	3029	18.0531	21.1769	1746	17.3315	7	535	18	56	14	4	1.1481e+06	5.23149e-05	0.2635	
10547	385	3046	16.5725	21.2922	1778	17.3856	5	535	20	55	9	4	1.22398e+06	5.34188e-05	0.1949	
10333	400	3030	15	20.49	1767	18.7476	6	535	20	55	16	4	1.33072e+06	5.45971e-05	0.1369	
11391	369	3039	16.1644	23.3369	1764	15.7531	10	535	20	55	25	4	1.18519e+06	5.04668e-05	0.2889	
11391	400	3034	16.808	22.7668	1764	16.1049	10	535	20	57	16	4	1.14704e+06	4.99625e-05	0.3093	
11129	400	3040	19.4847	25.9171	1775	16.0488	8	534	20	57	22	6	1.07102e+06	5.57165e-05	0.2298	
11081	400	3046	15	21.8328	1780	15.2472	6	535	18	71	24	6	1.27194e+06	5.05076e-05	0.2649	
11081	400	3025	15.2068	21.8328	1777	15.2472	6	535	19	71	24	6	1.25768e+06	5.07666e-05	0.2652	
10952	399	3050	20.2785	20.7125	1749	17.2322	9	531	18	60	17	3	1.08669e+06	5.21512e-05	0.2956	
10913	349	3050	15	20.403	1758	15.1301	4	534	20	56	27	3	1.31468e+06	5.02311e-05	0.2643	
10680	359	3050	18.6936	23.3798	1816	18.4081	6	535	18	55	33	4	1.14586e+06	5.63253e-05	0.1682	
11296	399	3023	15.1305	20.5017	1820	15.9618	8	535	20	58	2	4	1.25331e+06	4.74248e-05	0.3663	
11500	382	3038	17.5484	20	1889	15.3332	9	535	9	65	2	3	1.14905e+06	4.64857e-05	0.4095	
11092	393	3025	18.2465	20.0683	1900	17.9607	9	535	20	55	14	4	1.13461e+06	4.96303e-05	0.3197	
10378	400	3019	22.5074	26.267	1749	18.8741	9	533	12	56	56	4	1.07749e+06	6.59805e-05	0.1044	
11263	381	3039	23.4489	24.71	1807	18.1853	8	534	17	55	22	4	1.01897e+06	5.57724e-05	0.2846	
10883	391	3044	15	21.58	1794	16.8081	6	535	17	63	21	5	1.28593e+06	5.13505e-05	0.2304	
10452	364	3021	15	20.9532	1770	17.7551	6	534	18	55	13	4	1.32848e+06	5.38126e-05	0.1576	
10765	400	3045	25	29.2773	1753	18.4503	8	535	13	55	29	4	1.01505e+06	6.55738e-05	0.1569	
11214	377	3034	19.0649	20.5647	1799	14.8239	9	535	16	58	7	3	1.10973e+06	4.93705e-05	0.3399	
10825	356	3029	15.3913	21.8651	1714	15.5785	5	535	16	58	23	3	1.27651e+06	5.23588e-05	0.2153	
11500	364	3026	17.5484	20	1895	15.3332	9	535	9	65	2	3	1.15838e+06	4.65701e-05	0.4085	
11472	393	3017	19.5143	21.4557	1871	16.743	7	535	16	55	17	3	1.08033e+06	4.92684e-05	0.3626	
11500	400	3040	19.5735	20	1889	17.1709	10	534	19	57	8	3	1.08705e+06	4.75489e-05	0.3901	
11430	382	3025	18.2465	20	1899	18.1747	9	534	20	58	14	4	1.13022e+06	4.77054e-05	0.3721	
10545	394	3026	20.8918	28.8605	1761	19	7	531	19	55	11	4	1.07062e+06	6.38284e-05	0.1141	
10575	394	3021	20.4516	29.0942	1765	18.7066	5	535	13	55	12	4	1.07884e+06	6.36213e-05	0.111	
10323	400	3043	25	29.2773	1760	18.4957	8	533	14	55	50	4	1.05655e+06	7.09673e-05	0.1022	
10323	400	3050	25	29.2773	1764	18.4503	8	533	10	55	50	4	1.05645e+06	7.08115e-05	0.1055	
11500	400	3033	24.0709	30	1798	16.8208	10	534	13	74	29	3	975367	6.04851e-05	0.2725	
11092	393	3025	17.7714	20.0683	1876	17.1636	9	533	19	55	14	4	1.15e+06	4.9412e-05	0.3201	
10959	388	3050	18.92	22.9232	1852	15.7461	7	533	20	57	56	4	1.11682e+06	5.47915e-05	0.2203	
11484	399	3050	20.6276	21.2108	1843	14.7223	7	535	16	67	17	3	1.06337e+06	4.92102e-05	0.3696	
11500	336	3050	15.1967	20.1018	1781	14	10	535	12	57	5	3	1.27696e+06	4.59284e-05	0.4151	
10913	349	3050	15.1613	20.403	1763	15.1301	4	534	20	56	27	3	1.30376e+06	5.02639e-05	0.2674	
10399	368	3047	19.5016	26.0226	1753	18.4694	7	534	11	55	10	4	1.12603e+06	6.07312e-05	0.1188	
10377	336	3047	18.2673	25.3082	1749	18.9383	6	534	10	56	11	4	1.17646e+06	5.96267e-05	0.1094	
11289	388	3050	18.9013	20	1789	16.1021	8	535	18	66	6	4	1.11527e+06	4.84215e-05	0.3632	
11500	400	3027	23.0897	23.9335	1732	15.235	9	534	17	73	11	3	1.00366e+06	5.33248e-05	0.3716	
10320	368	3035	15	20.3996	1750	17.7672	6	535	14	57	17	4	1.34334e+06	5.45703e-05	0.1369	
11174	339	3048	17.3589	20.5283	1839	14.8001	7	534	20	60	4	5	1.1903e+06	4.85861e-05	0.3348	
10253	400	2980	19.8992	28.1567	1734	18.6127	6	530	15	55	9	4	1.11177e+06	6.54151e-05	0.0893	
10974	400	3049	24.6342	29.8201	1708	17.6366	8	535	16	56	35	3	1.00313e+06	6.4512e-05	0.1809	
10347	338	3038	15	20.6324	1760	17.0447	7	535	15	55	13	4	1.351e+06	5.41536e-05	0.1445	
11388	364	3020	18.3959	20.6126	1899	16.6992	8	535	20	58	3	3	1.13035e+06	4.80792e-05	0.3612	
10738	400	3043	23.4876	27.142	1737	16.216	10	535	17	56	47	3	1.03075e+06	6.30795e-05	0.1489	
11329	396	3042	15.5639	22.3215	1810	16.4869	8	535	15	61	29	4	1.2171e+06	4.96771e-05	0.3051	
11500	340	3050	18.3959	20.1865	1888	14.8946	6	534	19	60	5	4	1.15614e+06	4.69043e-05	0.3888	
10774	399	3024	16.1941	21.8817	1733	17.5773	7	534	18	55	32	5	1.22139e+06	5.36567e-05	0.1988	
10723	400	3050	24.8056	29.2081	1713	17.6992	10	535	17	60	51	3	1.02137e+06	6.66311e-05	0.1421	
11500	393	3010	22.6047	29.9322	1742	17.6602	6	535	20	59	33	3	994850	6.03792e-05	0.242	
11472	393	3035	20.5011	21.4557	1871	17.311	10	534	17	55	17	3	1.05786e+06	4.96475e-05	0.3584	
10840	400	3030	22.5907	26.5667	1738	18.0611	9	531	17	59	40	4	1.03512e+06	6.09459e-05	0.1901	
11248	400	3042	23.1253	27.5989	1700	16.7715	8	533	17	60	6	3	1.00366e+06	5.85001e-05	0.2561	
11500	398	3036	23.726	21.5865	1831	14.8631	7	532	13	61	10	3	1.02418e+06	5.11509e-05	0.4117	
11263	381	3009	23.4489	25.4964	1807	18.1853	8	534	17	55	22	4	1.01411e+06	5.68537e-05	0.276	
10962	357	3050	15	21.1206	1742	18.0616	9	535	17	58	19	4	1.29203e+06	5.05945e-05	0.2511	
10547	374	3043	15.2805	21.0027	1778	19	8	535	20	55	15	4	1.29516e+06	5.3285e-05	0.17	
10225	400	3046	18.153	23.7767	1765	16.3018	6	535	17	56	8	5	1.1759e+06	5.90842e-05	0.1156	
10499	360	3050	19.2112	24.3755	1729	16.2764	6	535	18	56	17	4	1.13685e+06	5.82717e-05	0.1462	
11292	400	3023	15.8134	21.6771	1749	17.5456	9	535	18	57	31	3	1.20406e+06	4.99226e-05	0.2983	
11500	400	3031	21.4259	20.4248	1854	17.1709	10	534	8	58	3	3	1.05211e+06	4.8821e-05	0.421	
10950	385	3000	21.5876	25.4438	1886	16.4217	8	534	19	57	8	3	1.04515e+06	5.69736e-05	0.235	
10399	378	3038	15	20.6324	1767	17.0447	7	533	18	55	13	4	1.3273e+06	5.37317e-05	0.1591	
11053	384	3049	15	21.1914	1794	16.1696	6	535	18	67	21	5	1.28102e+06	4.99201e-05	0.2823	
10521	400	3042	20.0877	22.3743	1798	18.2026	10	532	16	58	16	5	1.10502e+06	5.67472e-05	0.184	
11313	393	3026	19.8076	22.4013	1843	17.6816	8	535	18	55	10	4	1.07441e+06	5.0984e-05	0.322	
11410	327	3039	18.3959	20.1865	1867	14.7726	6	535	20	58	6	4	1.16676e+06	4.75014e-05	0.3699	
11500	368	3026	15.6813	20	1899	16.7104	7	534	20	59	5	4	1.23674e+06	4.60723e-05	0.4143	
11500	397	3042	15	20	1798	14.9579	8	534	14	58	3	5	1.26387e+06	4.58484e-05	0.4209	
10651	400	3034	18.4164	21.8651	1721	17.158	8	535	17	57	15	3	1.13667e+06	5.45078e-05	0.2118	
10758	357	3021	18.6164	22.4539	1831	18.5611	8	535	18	57	13	4	1.14051e+06	5.42211e-05	0.2195	
10736	400	3009	22.8731	29.7946	1795	17.5138	9	535	18	55	24	3	1.0279e+06	6.49984e-05	0.1427	
10693	400	3049	24.6342	29.8201	1708	17.8062	8	533	15	56	30	3	1.02116e+06	6.6569e-05	0.1515	
11030	392	3050	18.2075	21.6865	1817	17.3426	9	533	16	55	39	5	1.13296e+06	5.22685e-05	0.2751	
11500	399	2999	24.6374	23.0034	1755	14.8665	10	533	15	74	11	3	997493	5.35848e-05	0.3909	
10894	397	3034	24.6342	29.5584	1708	16.6324	10	533	19	56	37	3	1.00742e+06	6.49857e-05	0.1723	
10488	400	3042	20.6975	22.0101	1759	18.4694	10	535	13	55	26	6	1.09985e+06	5.76868e-05	0.1586	
11381	400	3040	19.4847	26.9211	1775	16.0238	8	534	16	59	22	6	1.05568e+06	5.53955e-05	0.2573	
10823	375	3050	15.9394	21.3593	1794	15.1361	10	535	18	65	32	4	1.23468e+06	5.24054e-05	0.2214	
10651	400	3034	15.6986	20.8006	1732	17.158	8	535	15	57	16	4	1.25378e+06	5.25403e-05	0.2148	
11500	398	3010	23.9759	21.7086	1790	15.235	9	535	14	73	11	3	1.01401e+06	5.17759e-05	0.4202	
11329	389	3050	19.5305	20.775	1835	18.5804	7	534	16	58	12	4	1.09847e+06	4.92878e-05	0.3509	
11138	377	3034	19.0649	20.5647	1799	14.8239	9	535	16	58	7	3	1.11204e+06	4.98008e-05	0.3258	
11000	400	3042	19.2904	26.7036	1822	17.5272	7	535	19	58	30	4	1.07759e+06	5.7468e-05	0.1884	
11000	400	3042	18.5884	26.7036	1822	17.5272	7	535	19	58	30	4	1.09481e+06	5.71723e-05	0.1856	
11292	400	3023	15.4547	21.6771	1749	17.5456	9	535	18	57	31	3	1.22355e+06	4.98157e-05	0.2976	
11500	400	3044	18.23	20	1889	16.6026	10	534	19	58	7	3	1.11826e+06	4.68889e-05	0.3896	
11290	393	3025	18.0444	20.0683	1900	17.9607	9	535	20	58	14	4	1.13613e+06	4.83957e-05	0.3471	
10674	393	3045	21.8962	29.5997	1735	18.6061	9	531	20	56	37	3	1.04888e+06	6.51381e-05	0.124	
10933	376	3034	15	20.1018	1863	15.0312	6	534	16	61	2	4	1.29913e+06	4.88186e-05	0.3191	
11449	400	3036	23.2714	23.408	1833	15.9786	10	524	11	71	19	3	1.01077e+06	5.30729e-05	0.3806	
11329	394	3050	19.3698	20.775	1861	18.4338	9	535	17	62	18	3	1.09191e+06	4.93267e-05	0.3432	
10774	399	3036	16.1941	21.8817	1733	17.5773	7	534	18	64	32	5	1.22034e+06	5.36855e-05	0.1975	
10288	376	3044	15.309	22.8147	1735	16.1917	7	535	17	55	2	5	1.30537e+06	5.61356e-05	0.1132	
10368	400	3043	23.7956	30	1780	18.4503	8	533	12	55	50	4	1.05923e+06	7.02346e-05	0.1016	
10438	390	3020	20.4516	28.6423	1765	18.7066	5	534	17	55	12	4	1.09104e+06	6.42632e-05	0.0938	
10894	385	3042	24.6342	30	1708	18.5275	10	533	20	55	35	4	1.01231e+06	6.56211e-05	0.1608	
11500	374	3040	17.9685	20.1865	1882	16.3399	6	534	19	58	2	3	1.1417e+06	4.68187e-05	0.3899	
10616	400	3034	15.6986	21.279	1701	17.158	8	535	16	57	16	4	1.25379e+06	5.3285e-05	0.1885	
11500	400	3044	25	28.3086	1748	14.3233	10	534	12	74	20	3	973526	5.8924e-05	0.2966	
11324	392	3050	18.4021	20.4129	1832	16.9497	8	535	16	56	14	5	1.12459e+06	4.85154e-05	0.3564	
10396	397	3043	15	21.5827	1775	15.5371	4	535	16	58	11	3	1.31973e+06	5.4339e-05	0.1381	
11500	395	3050	21.2938	20.3568	1875	16.8955	6	534	20	55	6	3	1.0643e+06	4.85201e-05	0.4121	
11490	400	2999	23.2714	23.408	1833	15.9786	10	524	13	69	19	3	1.01013e+06	5.32e-05	0.3825	
10499	317	3038	15.4481	22.5054	1770	17.3482	9	535	19	56	2	5	1.30855e+06	5.4339e-05	0.1482	
11054	400	3047	19.2917	20.8732	1836	14.7686	7	535	13	56	12	3	1.103e+06	5.05587e-05	0.3133	
11459	380	3036	15	21.75	1782	14	9	535	19	57	5	3	1.24976e+06	4.75986e-05	0.3507	
10851	391	3048	15.8657	21.6702	1828	15.2492	6	534	18	60	13	4	1.2334e+06	5.12926e-05	0.2569	
10547	368	3050	15.2805	20.4417	1778	19	5	535	20	55	16	4	1.30681e+06	5.27343e-05	0.1848	
10683	400	3027	17.8358	20.8119	1773	16.67	8	534	18	56	29	4	1.16332e+06	5.36913e-05	0.2159	
10592	400	3045	18.9983	23.153	1850	15.1034	8	535	10	59	8	4	1.1217e+06	5.54723e-05	0.2095	
11288	352	3050	15.0183	21.3369	1787	16.0704	9	533	18	69	27	5	1.27926e+06	4.89165e-05	0.3182	
11393	400	3017	17.1145	20	1899	17.1544	7	534	20	59	5	4	1.16602e+06	4.71609e-05	0.3764	
10765	377	3040	22.1458	30	1780	18.0904	7	535	19	60	20	4	1.04375e+06	6.41231e-05	0.139	
11169	337	3050	15	21.6771	1788	15.2472	6	535	18	70	27	6	1.30039e+06	4.98728e-05	0.2833	
11149	355	3048	17.9555	20.5283	1839	14.8001	5	534	20	60	4	5	1.16778e+06	4.89644e-05	0.3304	
10916	346	3050	15	20.4825	1739	17.724	9	535	16	59	21	3	1.30261e+06	5.04058e-05	0.2625	
10256	318	3030	18.8863	26.0579	1776	18.5958	8	535	14	55	3	5	1.17417e+06	6.15915e-05	0.0949	
10399	389	3047	19.5016	26.0226	1753	18.468	7	534	11	55	7	4	1.11828e+06	6.05914e-05	0.1224	
10736	395	2992	20.0738	23.1555	1856	15.4696	7	535	17	55	19	4	1.09098e+06	5.5919e-05	0.2108	
11294	400	3050	18.2473	20	1836	15.1137	7	532	16	61	7	3	1.12739e+06	4.79111e-05	0.3707	
11500	397	3050	17.2677	20	1843	15.7921	8	535	13	60	4	3	1.1529e+06	4.64339e-05	0.4125	
11431	400	3043	16.2583	22.5152	1745	15.7531	10	535	20	55	21	5	1.17318e+06	4.94633e-05	0.3086	
11500	345	3050	15.1967	20.1018	1781	14	7	535	14	57	5	3	1.27592e+06	4.59158e-05	0.4165	
11500	400	3044	21.2534	20	1839	14.0164	6	532	16	62	6	3	1.06867e+06	4.823e-05	0.4479	
10505	323	3020	20.3361	28.5985	1792	18.7066	5	534	20	55	12	4	1.11735e+06	6.34961e-05	0.0997	
11500	397	2996	22.6047	28.2566	1731	18.7868	7	535	20	59	33	3	997999	5.86476e-05	0.2605	
10739	359	3039	18.6936	24.3755	1732	18.4081	6	535	19	56	24	4	1.13587e+06	5.67698e-05	0.1677	
11500	394	3018	23.8034	21.9405	1803	14.1119	10	533	15	58	33	3	1.01513e+06	5.22002e-05	0.3837	
11500	398	3010	23.9759	21.3547	1790	15.235	9	535	14	73	11	3	1.01767e+06	5.14774e-05	0.4235	
11500	368	3042	16.4959	23.4005	1772	15.008	8	535	20	57	10	4	1.16839e+06	4.9581e-05	0.3132	
10323	400	3043	23.7956	29.1019	1780	18.4503	9	531	10	55	44	4	1.06134e+06	6.93049e-05	0.1052	
10652	399	3027	22.5742	27.2265	1781	18.2593	8	535	17	58	16	4	1.04438e+06	6.21195e-05	0.1573	
10707	400	3003	16.7395	21.1746	1708	15.4793	5	535	18	56	28	5	1.20961e+06	5.35992e-05	0.21	
10664	388	3020	16.8369	21.8651	1700	16.2247	5	533	20	57	24	4	1.20485e+06	5.42623e-05	0.1932	
10272	366	3025	15.4763	20.9938	1736	18.9072	7	535	17	57	12	4	1.31061e+06	5.57507e-05	0.1221	
11500	393	3003	24.8523	27.1289	1848	17.0844	8	535	18	62	19	3	982573	5.77201e-05	0.2991	
10409	395	3031	15	20.6721	1713	17.7672	7	535	14	55	14	3	1.3188e+06	5.3984e-05	0.154	
11105	349	3050	16.2207	22.5908	1738	14	6	534	17	56	8	3	1.2134e+06	5.06073e-05	0.2873	
10579	359	3039	18.6936	25.2142	1749	18.4081	6	534	19	56	24	4	1.14227e+06	5.88132e-05	0.1299	
11009	376	3050	15	20.403	1759	15.1301	4	534	20	55	27	4	1.29994e+06	4.96155e-05	0.286	
11500	399	3050	24.646	26.7494	1756	14.9879	8	533	12	76	16	3	984191	5.68925e-05	0.3575	
11500	398	3021	25	26.7494	1813	14.0543	10	529	17	65	16	3	980069	5.72541e-05	0.3313	
10687	390	2988	19.3503	26.2583	1869	18.2786	8	535	15	55	13	4	1.09546e+06	5.90354e-05	0.167	
10610	394	3026	20.8918	23.6719	1753	19	6	531	19	55	11	4	1.08429e+06	5.77434e-05	0.1803	
11220	387	3048	15.2555	21.2208	1700	15.3414	8	535	20	63	26	3	1.24684e+06	4.93267e-05	0.2932	
11500	400	3040	22.7754	26.7494	1747	17.7217	10	528	19	75	12	3	995881	5.60821e-05	0.3153	
11500	397	3041	24.5058	27.7637	1812	17.7217	10	528	16	77	12	3	979350	5.79206e-05	0.3261	
10608	394	3049	21.7828	29.8346	1736	15.9596	5	535	20	55	29	3	1.05747e+06	6.52827e-05	0.1098	
10689	400	3009	21.2588	30	1776	15.5932	9	533	17	56	13	3	1.04732e+06	6.41478e-05	0.137	
11500	398	3047	23.726	20	1849	14.8631	7	532	15	61	11	3	1.03969e+06	4.97512e-05	0.4092	
11105	349	3046	16.2035	22.5908	1738	14	6	534	17	59	8	3	1.2141e+06	5.0674e-05	0.2867	
11370	400	3016	22.0505	29.7946	1793	16.0407	8	535	14	73	16	3	999035	5.98731e-05	0.2407	
11500	400	3038	20.3118	20.8574	1839	18.2669	8	535	17	57	8	4	1.07179e+06	4.88091e-05	0.3735	
11500	337	3036	15.2222	20.4945	1719	14	7	535	19	55	5	3	1.27415e+06	4.65203e-05	0.3869	
11500	400	3040	20.6306	21.6281	1836	16.749	10	535	13	60	8	3	1.0525e+06	4.94903e-05	0.3688	
11500	400	3034	21.4259	20	1854	17.1773	8	534	8	58	3	5	1.06802e+06	4.84707e-05	0.4401	
10679	393	3045	21.8962	29.5997	1735	18.6061	7	531	20	56	37	3	1.05028e+06	6.50745e-05	0.124	
11034	400	2992	19.2958	27.5987	1749	15.3967	8	535	14	55	9	3	1.06656e+06	5.81531e-05	0.1994	
11073	388	3050	17.957	20.412	1818	18.7687	8	534	17	56	2	5	1.14782e+06	4.9586e-05	0.3142	
11400	395	3027	23.053	23.3369	1869	15.7531	10	532	20	59	33	4	1.01755e+06	5.34388e-05	0.3281	
10566	400	2995	18.6164	26.9211	1831	18.3541	8	534	16	55	7	3	1.11326e+06	6.01178e-05	0.1317	
11081	361	3025	15.2068	21.8328	1773	15.2472	6	535	19	71	24	6	1.27469e+06	5.07769e-05	0.2645	
10931	399	3050	20.2785	20.775	1729	17.2322	9	531	18	60	12	3	1.08556e+06	5.22466e-05	0.2951	
11500	400	3046	16.7891	20	1776	15.2761	7	534	17	58	2	3	1.16759e+06	4.63822e-05	0.4324	
10450	390	3035	16.8569	22.2095	1708	15.2444	7	534	15	57	25	5	1.2147e+06	5.61419e-05	0.1422	
11357	397	3022	24.854	27.2114	1781	14	8	535	18	60	23	3	986555	5.86201e-05	0.2836	
10348	379	3044	20.406	27.1778	1743	17.0391	7	535	20	56	22	5	1.10889e+06	6.35849e-05	0.0957	
11500	399	2992	19.9902	27.5987	1832	15.363	9	534	20	61	13	4	1.03195e+06	5.58254e-05	0.2691	
10549	382	3006	16.1907	21.1746	1783	15.3528	5	535	20	56	24	4	1.24704e+06	5.418e-05	0.1727	
10894	385	3042	24.3453	30	1708	18.5275	10	533	20	55	35	4	1.01411e+06	6.54322e-05	0.1597	
11073	392	2992	20.0918	27.5987	1832	15.969	9	535	20	59	43	4	1.05453e+06	5.91646e-05	0.1894	
10801	400	3016	22.4957	29.782	1787	15.5331	10	535	17	55	24	4	1.02736e+06	6.40656e-05	0.154	
11155	400	3050	15.8405	20.0026	1833	16.0861	5	535	19	64	5	4	1.23222e+06	4.78446e-05	0.3516	
10383	400	3033	17.8142	20	1871	15.6646	7	535	15	55	12	3	1.18571e+06	5.4136e-05	0.2032	
10871	355	3042	18.4146	20.0078	1839	17.849	8	535	16	55	20	4	1.16065e+06	5.12584e-05	0.2699	
10418	363	3040	18.2769	20	1760	18.0991	7	535	13	57	19	4	1.18695e+06	5.48486e-05	0.1848	
11207	399	3012	18.4415	20.5319	1839	16.7744	6	535	15	60	2	4	1.12519e+06	4.91715e-05	0.3417	
11443	400	3042	19.3526	20.1043	1879	17.8338	10	535	19	60	12	4	1.09349e+06	4.79962e-05	0.3712	
11500	384	3042	15.6612	20	1822	14.9579	8	534	9	65	2	3	1.22593e+06	4.59622e-05	0.4357	
10317	377	3033	17.1226	23.7767	1763	16.0689	7	531	17	55	17	5	1.2082e+06	5.83056e-05	0.1134	
10826	357	3050	15	20.3427	1742	18.1321	7	535	17	59	5	5	1.30838e+06	5.02513e-05	0.2728	
11083	397	3050	19.5305	20.775	1835	18.5804	9	535	16	59	22	4	1.09803e+06	5.11065e-05	0.2963	
10723	400	3016	20.4972	23.2138	1775	18.8597	8	532	16	60	3	4	1.08044e+06	5.59534e-05	0.2251	
10371	363	3044	17.3382	23.7767	1803	16.0977	8	533	17	55	18	5	1.19981e+06	5.77934e-05	0.12	
11500	400	3030	22.8768	26.9569	1788	14.8865	10	535	16	73	16	4	994566	5.61892e-05	0.3063	
11500	400	3027	23.791	30	1803	14.1119	9	535	15	72	30	3	977399	6.031e-05	0.2687	
11386	399	2997	18.5171	25.8624	1843	16.6552	10	535	20	60	18	3	1.07275e+06	5.38996e-05	0.264	
10752	400	3012	22.26	25.0514	1809	18.175	7	533	20	58	26	4	1.04932e+06	5.93296e-05	0.1861	
10547	370	3050	15.8539	21.2922	1778	16.6179	5	535	20	55	20	4	1.26826e+06	5.36078e-05	0.1658	
11084	379	3041	15	21.6771	1750	15.0037	6	535	15	62	21	5	1.27927e+06	5.01354e-05	0.2752	
10333	396	3028	15	20.49	1780	18.7476	6	535	20	55	16	4	1.33149e+06	5.45792e-05	0.1369	
10894	397	3035	24.6342	28.7305	1708	16.6324	10	534	19	56	37	3	1.00803e+06	6.40328e-05	0.1756	
11500	400	3026	22.2483	20.4248	1873	17.1709	10	534	19	59	7	3	1.04103e+06	4.93437e-05	0.4103	
10862	400	3045	16.8303	23.1664	1708	16.7556	10	533	18	57	18	3	1.16875e+06	5.35906e-05	0.2106	
10587	351	3017	19.4847	26.9211	1775	18.7448	8	535	17	55	18	4	1.11439e+06	6.08976e-05	0.12	
10378	400	3019	22.6017	26.267	1749	18.8741	9	535	13	57	56	3	1.07497e+06	6.60502e-05	0.1064	
10589	381	3020	15.3118	21.2452	1778	17.1185	5	535	20	58	11	4	1.28839e+06	5.30026e-05	0.1831	
11467	400	3032	23.6726	27.2114	1771	14	9	535	18	62	19	4	989173	5.71363e-05	0.2919	
11215	400	3044	16.4386	20	1897	17.6469	6	533	17	61	5	4	1.20107e+06	4.76531e-05	0.3624	
11258	400	3040	19.4847	26.9211	1775	16.0488	8	534	20	59	22	6	1.06017e+06	5.6057e-05	0.2323	
11500	400	3042	16.752	20	1839	15.4944	6	533	14	55	5	3	1.17309e+06	4.63177e-05	0.4236	
10938	391	3039	16.8671	23.7767	1783	16.0977	7	533	17	55	10	3	1.16498e+06	5.31237e-05	0.2358	
10520	400	3027	22.2994	25.6092	1749	19	9	532	8	55	56	3	1.06707e+06	6.35809e-05	0.1246	
11500	400	3027	24.6374	23.9335	1732	15.235	9	533	14	73	11	3	994114	5.4277e-05	0.3472	
11220	387	3048	15.5022	21.2208	1766	15.3414	8	535	20	63	26	3	1.23127e+06	4.92223e-05	0.3094	
10588	395	3049	21.9027	24.7269	1788	18.5611	7	535	16	55	2	4	1.06504e+06	5.88374e-05	0.177	
10680	377	3050	18.6936	23.3798	1816	18.4081	6	535	19	55	33	4	1.13823e+06	5.63349e-05	0.1666	
10602	400	3039	20.7529	28.4858	1752	17.2923	8	535	17	59	12	4	1.06916e+06	6.25821e-05	0.131	
11364	400	3026	22.0505	21.9417	1849	18.008	10	535	17	69	13	4	1.03574e+06	5.15145e-05	0.3537	
11500	398	3044	18.206	20	1877	15.254	6	535	13	61	4	3	1.12837e+06	4.67399e-05	0.397	
11236	400	3033	23.4876	26.7494	1763	17.7217	10	535	15	73	12	3	999912	5.78001e-05	0.2806	
10640	385	2966	19.9022	27.3753	1872	16.7621	9	535	20	55	20	3	1.0819e+06	6.13309e-05	0.1414	
11500	400	3050	22.2406	20	1836	14.9301	7	535	12	59	8	4	1.0556e+06	4.87686e-05	0.4283	
11500	395	3047	21.2938	20	1875	16.8955	6	534	20	56	5	4	1.0716e+06	4.82462e-05	0.4248	
11500	327	3050	18.3959	20.1865	1882	14.8946	6	534	19	59	3	4	1.16642e+06	4.68735e-05	0.3885	
11204	368	3000	21.2467	21.5523	1829	15.4405	10	534	16	55	17	4	1.06733e+06	5.18995e-05	0.3243	
10758	357	3021	18.6164	22.4539	1831	18.5237	8	534	18	59	13	4	1.14149e+06	5.42094e-05	0.2247	
11301	394	3026	23.9729	24.5132	1810	16.3283	8	535	14	69	19	3	1.00635e+06	5.54477e-05	0.3071	
11165	400	3050	22.0505	28.9935	1778	15.9334	10	535	15	58	23	4	1.01351e+06	6.00348e-05	0.2127	
11061	400	3050	15	20.1018	1863	14.9294	7	535	20	61	2	4	1.27969e+06	4.79272e-05	0.3357	
11396	371	3025	18.2465	20.411	1899	17.9607	9	535	20	55	16	4	1.13107e+06	4.82486e-05	0.3578	
11054	400	3047	19.2917	20	1836	15.5906	7	535	13	56	12	3	1.11029e+06	4.99002e-05	0.3347	
10583	357	3046	15	20.4825	1742	18.1321	7	535	17	59	21	5	1.32771e+06	5.2815e-05	0.1786	
11215	400	3050	16.0235	20	1887	17.6469	6	535	16	61	6	4	1.21797e+06	4.75217e-05	0.3606	
10235	368	3030	15	20.549	1765	18.1973	8	535	18	55	7	4	1.34346e+06	5.49843e-05	0.1313	
10723	398	3050	23.8581	29.8201	1720	17.6992	10	535	17	60	51	3	1.02831e+06	6.66711e-05	0.1365	
10916	346	3050	15	20.4825	1742	18.1321	9	535	17	59	21	4	1.30508e+06	5.0477e-05	0.2578	
10669	400	2997	19.2958	27.5987	1749	15.3967	8	533	20	55	9	3	1.08846e+06	6.05217e-05	0.1407	
10416	400	3034	20.1379	27.0183	1754	16.9627	10	534	16	56	27	4	1.09826e+06	6.29525e-05	0.1109	
10826	390	3041	15	22.214	1816	15.8235	6	535	16	62	21	5	1.28619e+06	5.21893e-05	0.2143	
10921	381	3050	16.7891	20	1854	15.1375	9	535	19	56	19	3	1.1961e+06	4.99401e-05	0.2902	
11500	390	3039	15	23.3744	1750	14	7	535	19	55	5	3	1.23741e+06	4.8986e-05	0.3216	
11107	377	3050	18.4021	20.775	1843	18.1512	8	535	16	60	16	5	1.13576e+06	5.01655e-05	0.308	
11169	314	3050	15	21.6771	1764	15.2472	6	535	18	70	28	6	1.31776e+06	4.9975e-05	0.2798	
11500	363	3044	15.7016	20	1804	15.5654	7	534	13	57	5	3	1.23681e+06	4.60617e-05	0.4261	
10225	397	3050	17.0156	23.2184	1743	15.7799	6	534	14	55	14	4	1.21762e+06	5.82343e-05	0.1033	
10616	400	3016	21.2867	29.7946	1773	15.5932	9	535	17	56	17	3	1.0531e+06	6.45745e-05	0.1217	
10683	400	3050	17.8358	20.8191	1779	16.67	8	534	18	56	29	4	1.1642e+06	5.34702e-05	0.2164	
11266	392	3050	18.4021	20.4129	1869	16.9497	8	535	16	56	14	5	1.12835e+06	4.87068e-05	0.3423	
11230	396	3038	22.8145	25.3413	1852	16.6552	9	535	13	68	27	4	1.01694e+06	5.59879e-05	0.2811	
10933	386	3040	15.6502	20.1018	1857	15.0312	9	533	18	61	2	4	1.24924e+06	4.901e-05	0.3162	
11342	400	3023	20.4487	23.3361	1833	16.7913	9	535	13	57	18	3	1.04822e+06	5.21648e-05	0.3239	
10583	385	3046	15.2538	20.6617	1742	18.1321	7	535	16	59	21	3	1.29306e+06	5.30448e-05	0.1799	
10835	390	3041	15	21.638	1816	15.6891	6	535	15	63	21	5	1.28926e+06	5.16636e-05	0.2265	
11500	400	3036	22.0505	21.4829	1857	16.6552	9	535	12	73	21	3	1.03656e+06	5.03322e-05	0.3976	
10624	359	3039	17.3954	23.8072	1732	18.4494	8	535	19	56	24	4	1.18255e+06	5.66187e-05	0.1466	
10840	400	3023	22.5907	26.5179	1721	18.0611	10	534	17	59	40	4	1.03418e+06	6.1065e-05	0.1833	
10954	396	3023	15	21.5839	1722	17.2244	6	535	19	63	22	5	1.27885e+06	5.13822e-05	0.2394	
10430	393	3039	16.3192	23.6737	1781	16.0977	7	533	17	55	10	4	1.22535e+06	5.63984e-05	0.1285	
11317	347	3050	15.1967	20.9414	1787	14	7	535	17	57	3	3	1.27118e+06	4.74271e-05	0.3634	
11047	393	3036	18.2465	20.0683	1900	17.9607	9	535	20	55	14	4	1.1366e+06	4.97785e-05	0.3149	
11061	376	3050	15	20.1018	1863	15.0312	6	535	19	61	2	4	1.29311e+06	4.79203e-05	0.3369	
11011	377	3048	15.1678	20.134	1705	16.8115	10	533	13	60	2	4	1.27247e+06	4.88711e-05	0.3208	
10840	400	3023	22.6144	26.5179	1733	19	9	534	17	59	41	4	1.03522e+06	6.11808e-05	0.178	
10166	344	3050	18.8396	24.5417	1731	18.4081	7	534	5	55	17	5	1.1797e+06	6.1361e-05	0.0986	
10416	400	3034	20.1379	27.0183	1811	17.1673	10	534	16	56	20	4	1.0965e+06	6.24337e-05	0.1175	
10659	370	3037	15.6192	22.1528	1797	15.3786	6	535	16	55	8	5	1.26437e+06	5.28541e-05	0.1984	
10225	400	3046	18.153	23.7767	1765	15.7184	5	535	17	56	5	5	1.17759e+06	5.8872e-05	0.1205	
11322	392	3026	19.2764	22.4013	1843	17.6816	8	535	18	55	10	4	1.0844e+06	5.07099e-05	0.3284	
11500	400	3030	24.5772	20.1043	1889	17.81	10	534	19	58	17	3	1.02549e+06	5.07434e-05	0.3863	
11500	400	3045	21.9091	29.7946	1842	15.7369	10	535	15	55	19	3	995009	5.88616e-05	0.2545	
10918	388	3034	18.514	20.8806	1804	16.7717	8	534	19	63	25	4	1.13375e+06	5.20481e-05	0.2712	
11169	387	2966	23.0294	29.7508	1725	17.6469	8	535	19	64	26	3	1.00469e+06	6.26017e-05	0.2033	
11500	400	3038	20.3118	20.8574	1838	17.5681	9	535	16	56	8	4	1.06904e+06	4.87638e-05	0.3745	
10587	398	3030	23.3768	26.8307	1739	18.092	8	535	15	55	13	3	1.04002e+06	6.27549e-05	0.1514	
10587	400	3020	22.9162	28.1905	1752	17.278	10	534	13	55	44	4	1.04662e+06	6.53637e-05	0.1255	
10913	349	3037	15	20.403	1758	15.1272	6	535	20	56	27	3	1.30786e+06	5.03677e-05	0.2566	
11145	400	3022	22.8144	30	1771	14.1119	10	532	17	66	25	3	1.00249e+06	6.19464e-05	0.2144	
11301	400	3031	22.8144	25.1376	1845	15.8985	8	534	17	71	3	3	1.01118e+06	5.48878e-05	0.305	
11220	395	3001	21.471	23.1922	1828	15.4207	10	533	18	61	10	3	1.03821e+06	5.31773e-05	0.3056	
11105	349	3050	16.2035	22.5908	1738	14	6	534	17	56	9	3	1.21431e+06	5.06329e-05	0.2862	
11500	397	3034	15	20.1018	1791	14	9	535	19	57	5	3	1.2541e+06	4.59834e-05	0.4054	
11292	400	3023	15.4547	20.7236	1749	17.5456	8	535	18	57	31	3	1.23287e+06	4.8998e-05	0.3232	
10418	362	3040	18.216	20	1760	18.0991	7	535	13	57	19	4	1.18918e+06	5.48186e-05	0.1863	
10418	371	3030	15	20.549	1751	18.1973	7	535	17	55	13	4	1.3301e+06	5.37837e-05	0.1553	
11500	398	3033	24.0736	20.6146	1798	16.675	10	533	13	74	5	3	1.02166e+06	5.06919e-05	0.4253	
11289	364	3050	18.5111	20	1823	16.1021	7	535	17	60	6	3	1.13605e+06	4.81e-05	0.3587	
10870	400	3035	18.0448	22.7316	1700	17.006	8	535	16	59	24	4	1.13341e+06	5.39986e-05	0.2343	
11500	398	3010	25	21.7086	1729	15.235	9	533	14	73	11	3	1.0068e+06	5.26537e-05	0.4335	
10894	397	3034	24.6342	29.5584	1809	16.2435	10	533	19	56	37	3	1.00636e+06	6.46204e-05	0.1751	
10852	400	3043	25	30	1723	18.4503	8	533	20	55	50	4	1.01289e+06	6.67156e-05	0.1442	
10499	360	3050	19.2112	24.3755	1729	18.4081	6	535	18	55	17	4	1.13671e+06	5.84659e-05	0.1385	
10883	400	3046	15	21.2159	1812	18.0616	6	535	17	63	23	5	1.28483e+06	5.11849e-05	0.2359	
11107	392	2992	19.3235	27.5987	1808	15.3967	8	535	16	63	5	3	1.06367e+06	5.74218e-05	0.2154	
11395	400	3023	15.4547	21.6771	1767	16.8941	9	535	17	57	31	3	1.21978e+06	4.91039e-05	0.3205	
11107	378	3050	18.223	20.775	1832	18.1512	9	535	17	60	16	5	1.13763e+06	5.01479e-05	0.3105	
11487	400	3035	22.0505	20.7097	1710	16.6552	10	535	8	72	18	3	1.03789e+06	5.01153e-05	0.3916	
11215	389	3050	16.0235	20	1886	17.5367	5	533	17	57	5	4	1.22439e+06	4.74654e-05	0.3657	
10577	392	3030	18.0167	21.0384	1787	18.9731	7	535	15	55	30	4	1.16961e+06	5.49269e-05	0.1909	
10677	400	3029	20.7062	29.057	1720	17.0359	6	535	15	56	25	3	1.06521e+06	6.33152e-05	0.1268	
11500	400	3042	22.02	21.1508	1812	16.6303	9	535	12	55	21	3	1.04072e+06	5.01203e-05	0.3789	
10580	392	3037	18.7331	26.9432	1831	18.5611	7	535	17	55	15	5	1.11914e+06	6.00637e-05	0.1237	
10412	390	3023	19.6203	29.1428	1795	18.7066	6	534	20	55	10	4	1.10717e+06	6.44247e-05	0.0923	
10540	400	3045	25	29.2773	1764	18.4503	8	534	14	55	36	4	1.03389e+06	6.78979e-05	0.121	
10482	399	3030	16.1884	21.9734	1725	15.2487	5	532	17	57	22	3	1.23937e+06	5.51602e-05	0.1545	
10225	400	3043	18.3106	23.7767	1763	16.0689	7	532	17	55	3	4	1.16559e+06	5.88339e-05	0.1279	
11500	337	3036	15.2222	20.1018	1719	14	7	535	19	55	5	3	1.27748e+06	4.61915e-05	0.3957	
11085	388	2997	21.2467	21.7665	1790	15.4405	10	534	20	57	17	3	1.05841e+06	5.29549e-05	0.2916	
10566	400	3036	20.7462	21.986	1752	18.0902	8	534	18	59	14	4	1.09468e+06	5.6478e-05	0.1954	
10624	392	3049	23.1064	29.3958	1795	18.7437	7	530	20	56	31	3	1.04149e+06	6.55136e-05	0.1346	
10323	400	3047	23.7956	29.2773	1780	18.4503	8	533	10	55	50	4	1.06461e+06	6.98275e-05	0.101	
10210	400	2985	19.8992	28.1567	1734	18.7124	6	533	15	55	8	3	1.11435e+06	6.5716e-05	0.0888	
11160	400	3050	15.8405	20.1018	1836	16.0861	5	535	19	64	5	4	1.23114e+06	4.78652e-05	0.3514	
10918	388	3034	18.514	20.8806	1804	16.7717	6	534	17	63	25	4	1.13858e+06	5.20048e-05	0.2742	
11500	400	3036	23.791	30	1803	15.7887	9	535	15	72	30	3	977689	6.02555e-05	0.2661	
11364	397	2996	22.6047	22.0508	1777	14	7	535	20	59	33	3	1.03304e+06	5.26482e-05	0.3358	
10715	400	3042	15.8125	22.0043	1718	16.8724	10	534	17	59	11	5	1.23355e+06	5.29437e-05	0.2015	
11500	395	3044	16.6859	20	1854	15.254	7	535	13	61	4	3	1.17664e+06	4.62364e-05	0.4159	
10371	315	3044	18.3282	24.1442	1803	17.3114	8	533	17	55	23	5	1.19334e+06	5.89762e-05	0.1175	
10579	359	3039	18.6936	24.3755	1732	18.4494	7	535	19	56	24	4	1.14496e+06	5.80619e-05	0.1363	
10776	393	3046	16.278	22.684	1781	16.0977	7	535	17	55	31	3	1.20905e+06	5.38242e-05	0.1919	
10796	400	3023	22.0505	28.5472	1761	15.9334	6	535	16	55	23	4	1.04112e+06	6.23403e-05	0.1651	
10985	400	3021	22.7567	30	1770	17.4494	10	535	14	56	20	3	1.01178e+06	6.31632e-05	0.1792	
10997	399	3023	17.0437	20.5017	1820	15.9618	8	535	20	58	2	4	1.17348e+06	4.9687e-05	0.3009	
10288	395	3040	15.5061	23.6024	1820	15.4378	7	535	17	55	2	5	1.28202e+06	5.67312e-05	0.1147	
11500	397	3050	17.2677	20	1843	15.7921	8	535	15	60	4	3	1.15251e+06	4.64382e-05	0.4098	
11273	399	2996	17.8573	25.8624	1843	16.6552	10	534	20	60	11	3	1.09515e+06	5.40628e-05	0.2503	
10964	392	3048	18.6164	26.9211	1812	18.5611	7	535	15	55	7	3	1.09325e+06	5.69184e-05	0.1927	
10422	374	3050	19.2586	21.7393	1708	15.1586	5	535	17	56	13	4	1.14883e+06	5.6262e-05	0.1678	
11500	400	3021	25	27.2934	1757	14.9701	10	534	12	76	16	3	976416	5.79744e-05	0.3446	
11174	339	3048	17.3589	20.5283	1839	14.8001	5	534	20	60	4	5	1.19712e+06	4.85743e-05	0.3343	
11220	396	3001	21.471	23.1922	1828	15.4207	10	533	18	61	18	3	1.03769e+06	5.33874e-05	0.3023	
10575	396	3019	20.4516	28.4578	1775	18.7066	5	534	13	55	8	4	1.07895e+06	6.26959e-05	0.1221	
10685	366	3023	15	20.7341	1718	17.0074	7	535	15	60	15	3	1.3065e+06	5.20969e-05	0.2155	
10905	391	3048	22.4316	26.194	1722	18.7437	7	535	20	56	11	4	1.03715e+06	5.89067e-05	0.2081	
10412	322	3020	20.3361	27.6781	1765	18.7066	7	534	19	55	12	4	1.12477e+06	6.33392e-05	0.0969	
10922	400	3017	15.732	21.2873	1763	18.5264	8	535	15	61	20	4	1.23065e+06	5.15278e-05	0.2563	
11500	364	3021	18.345	20	1899	16.6992	9	535	20	58	3	3	1.13371e+06	4.69991e-05	0.3857	
10210	400	2985	19.3536	27.1049	1745	18.7663	6	532	16	55	9	3	1.12803e+06	6.42055e-05	0.0881	
10579	359	3050	19.2112	24.3755	1729	18.4081	6	535	18	56	17	4	1.13154e+06	5.78302e-05	0.1541	
11400	390	3036	20.412	22.8636	1869	15.7531	10	532	18	59	12	4	1.05633e+06	5.10022e-05	0.3396	
10509	385	3006	16.1907	21.1746	1708	15.3528	5	535	20	56	24	4	1.25009e+06	5.47076e-05	0.1581	
10960	393	3035	22.0938	30	1880	16.615	7	535	20	60	22	4	1.02647e+06	6.23675e-05	0.1776	
11088	380	3042	16.1871	20.1018	1843	16.5451	6	534	15	60	6	4	1.22238e+06	4.84332e-05	0.34	
11169	349	3046	15	22.0733	1806	15.4535	8	535	18	65	24	5	1.28407e+06	5.0005e-05	0.2779	
11189	400	3024	16.1941	21.8817	1716	18.3847	7	534	18	55	34	5	1.1983e+06	5.113e-05	0.2781	
11500	400	3027	24.4057	23.9335	1732	17.7857	9	535	16	71	11	3	995844	5.41947e-05	0.3366	
11500	398	3044	17.8187	20	1854	15.254	6	535	13	61	4	3	1.1384e+06	4.6644e-05	0.4046	
11270	400	3016	22.0505	29.2704	1842	15.7369	10	535	15	71	19	3	1.00326e+06	5.9641e-05	0.2403	
11301	400	3026	23.9729	24.5132	1810	16.3283	8	534	14	69	19	3	1.00444e+06	5.54539e-05	0.3097	
10579	372	3050	18.6936	24.3755	1765	18.4081	7	535	18	56	33	4	1.14182e+06	5.82988e-05	0.1358	
10450	355	3048	20.3361	28.5985	1729	18.7066	5	534	20	55	12	4	1.10662e+06	6.38814e-05	0.0927	
10450	390	3035	16.8569	22.2095	1708	17.171	7	534	15	57	25	5	1.21577e+06	5.62905e-05	0.1401	
10801	400	3022	22.4957	29.7911	1787	15.5932	10	535	17	55	23	3	1.02591e+06	6.39591e-05	0.1562	
11256	389	3050	17.7584	25.7889	1834	16.5209	10	535	20	56	31	3	1.10753e+06	5.41624e-05	0.2368	
10826	379	3041	15	21.6771	1750	15.0037	6	535	15	62	21	5	1.29458e+06	5.18296e-05	0.2174	
10587	390	3033	20.7766	25.0608	1850	18.5526	9	534	19	55	28	4	1.08202e+06	5.96374e-05	0.1501	
11500	399	2996	22.6047	28.2566	1731	17.74	7	535	20	61	33	4	999348	5.85686e-05	0.261	
10569	388	3034	18.2187	21.2509	1804	16.7717	6	534	17	58	11	4	1.16045e+06	5.40424e-05	0.2084	
10614	381	3026	17.695	23.5345	1728	16.3101	6	535	16	57	41	5	1.17493e+06	5.73822e-05	0.1511	
10723	400	3012	20.4972	21.988	1775	18.8597	8	529	15	58	23	4	1.08967e+06	5.56421e-05	0.2327	
11500	400	3016	22.0505	29.7946	1842	15.7369	10	535	15	71	19	3	991693	5.90947e-05	0.2594	
10256	348	3014	17.942	26.0579	1776	18.5262	9	533	18	55	5	3	1.17893e+06	6.13648e-05	0.0983	
11500	368	3026	16.4155	20	1899	16.3683	7	535	20	59	2	4	1.20284e+06	4.62022e-05	0.3999	
10894	397	3034	24.6342	29.5584	1708	16.6324	10	533	20	56	10	3	1.00592e+06	6.41766e-05	0.1884	
11322	382	3042	15	20	1746	16.1021	6	535	17	56	3	4	1.27664e+06	4.68867e-05	0.3782	
11382	400	3023	21.661	29.7946	1842	15.7369	10	532	15	71	19	3	1.00257e+06	5.94707e-05	0.2515	
11412	397	3043	15	20.1018	1782	15.0354	9	534	19	55	5	3	1.25818e+06	4.64102e-05	0.3919	
11000	400	3042	20.3698	26.7036	1822	17.5272	7	535	19	58	30	4	1.05781e+06	5.79374e-05	0.2006	
11500	368	3048	15.7027	20	1822	15.1899	8	535	12	65	2	3	1.2311e+06	4.59411e-05	0.4282	
11073	388	3050	17.957	20.775	1818	18.7687	8	534	17	56	2	5	1.14452e+06	4.98828e-05	0.3107	
10575	394	3021	20.4516	29.0942	1775	18.7066	5	534	13	55	8	4	1.0777e+06	6.34236e-05	0.1159	
11500	400	3042	23.1046	26.9569	1778	14.8865	10	535	16	74	16	3	990021	5.62114e-05	0.3035	
10497	400	3045	25	29.2773	1764	18.4503	8	534	14	55	36	4	1.03772e+06	6.83293e-05	0.1167	
10657	400	3041	22.2922	28.3758	1777	18.0304	7	535	15	55	19	4	1.04685e+06	6.31313e-05	0.1459	
10415	337	3042	20.8265	21.5121	1786	18.3323	7	535	15	55	26	6	1.13889e+06	5.78503e-05	0.1534	
11500	394	3018	23.8034	21.5402	1803	14.1119	10	535	15	57	33	3	1.01814e+06	5.18592e-05	0.3866	
10317	377	3033	17.1226	23.7767	1763	16.0689	7	535	17	55	16	5	1.20861e+06	5.83226e-05	0.1051	
10933	400	3034	15	20.1018	1863	16.7322	8	534	18	57	2	4	1.28393e+06	4.88759e-05	0.3188	
10482	400	3027	15.4547	20	1763	17.351	7	535	18	59	28	4	1.29214e+06	5.38387e-05	0.1647	
11144	400	2997	23.5463	29.8201	1744	18.4216	6	535	17	59	24	3	1.00116e+06	6.28022e-05	0.2071	
11235	400	3002	18.4415	20.5319	1839	14	6	535	15	60	3	4	1.1262e+06	4.89812e-05	0.3493	
10461	382	3013	16.1907	21.3326	1708	15.3977	5	532	20	56	24	3	1.25082e+06	5.51025e-05	0.156	
10536	366	3032	16.5724	23.0627	1744	15.5384	7	535	13	57	25	4	1.22244e+06	5.60381e-05	0.149	
11061	392	2992	19.3235	20.7762	1808	15.3967	8	535	17	63	2	3	1.10162e+06	5.08156e-05	0.3161	
10526	400	3050	16.2583	22.8238	1745	16.099	9	535	20	55	21	5	1.22513e+06	5.55001e-05	0.1397	
10894	400	3036	24.1391	30	1708	17.037	10	534	14	55	37	3	1.0092e+06	6.52061e-05	0.1686	
10894	400	3043	20.2913	25.8102	1715	16.023	10	533	19	55	22	3	1.06187e+06	5.75937e-05	0.203	
10624	392	3047	23.1064	29.6812	1725	18.7437	7	530	20	56	31	3	1.04165e+06	6.61113e-05	0.1283	
11449	400	3036	23.2714	23.0889	1833	15.9786	10	524	16	71	19	3	1.01256e+06	5.27816e-05	0.3845	
10355	400	3029	17.3022	22.922	1744	17.1692	5	534	16	55	5	4	1.19519e+06	5.67279e-05	0.1417	
10234	400	3019	20.9968	25.9112	1794	18.42	8	534	20	55	11	5	1.10068e+06	6.33673e-05	0.1048	
10452	394	3026	20.8918	28.8119	1761	19	5	535	16	55	11	4	1.08147e+06	6.45245e-05	0.0941	
10689	400	3016	21.2867	29.7946	1773	15.5932	9	535	17	56	13	3	1.04763e+06	6.38488e-05	0.1339	
11263	400	3011	23.2022	25.4964	1807	18.0427	8	534	17	55	22	4	1.00948e+06	5.66669e-05	0.2769	
10780	375	3043	15	21.5456	1775	15.5371	4	533	20	59	11	4	1.30145e+06	5.14827e-05	0.2273	
10614	361	3026	17.9216	22.2587	1787	18.1083	5	535	16	58	34	4	1.17976e+06	5.5869e-05	0.169	
10422	383	3023	17.3622	26.0579	1776	18.5958	8	535	14	55	3	5	1.17619e+06	5.94919e-05	0.1104	
10558	397	3029	22.9706	28.4246	1711	18.4787	7	534	20	55	33	3	1.0491e+06	6.55265e-05	0.1161	
10658	400	3016	21.2867	29.7946	1773	15.5932	9	535	17	56	17	3	1.05042e+06	6.42302e-05	0.127	
11072	398	2996	23.239	28.0554	1731	18.7868	7	535	20	59	23	3	1.01054e+06	6.10762e-05	0.2133	
11500	400	3046	16.7891	20	1766	15.2761	9	534	8	58	2	3	1.16398e+06	4.64059e-05	0.4482	
10950	400	3029	16.2214	21.6771	1763	17.351	7	535	18	56	28	4	1.20663e+06	5.1878e-05	0.2425	
11500	368	3042	16.4959	23.4005	1772	15.008	8	534	20	57	8	4	1.16852e+06	4.95417e-05	0.3179	
11220	387	3048	15.7046	21.2208	1700	15.3414	8	535	18	63	26	3	1.22074e+06	4.94462e-05	0.3016	
11273	400	3050	17.7584	25.7889	1843	16.6552	10	535	20	56	14	3	1.10017e+06	5.35533e-05	0.2459	
11499	400	3004	20.9613	20.4248	1898	17.0964	10	534	20	58	2	3	1.05668e+06	4.86879e-05	0.4058	
11434	395	3038	22.8145	25.3413	1884	15.8565	10	534	13	68	25	4	1.00739e+06	5.46239e-05	0.3175	
11220	392	3022	20.9004	23.1922	1846	15.4207	8	535	17	61	18	3	1.05128e+06	5.28234e-05	0.297	
10547	370	3050	15	21.2922	1778	15.1301	5	535	18	55	15	4	1.3201e+06	5.29409e-05	0.1694	
11169	379	3050	15	22.1459	1789	16.5998	8	535	18	65	24	5	1.26746e+06	5.01505e-05	0.2733	
10596	390	3035	16.8569	22.2095	1708	17.171	7	534	15	57	14	5	1.20118e+06	5.45613e-05	0.1887	
11500	400	3038	19.8884	20.8574	1838	18.2669	9	535	17	57	8	4	1.0742e+06	4.86381e-05	0.3749	
11424	301	3050	18.4371	20.1865	1899	17.0128	7	535	18	56	2	4	1.18468e+06	4.73171e-05	0.3755	
10396	400	3050	18.6654	21.3563	1753	16.9922	8	534	16	57	24	4	1.15596e+06	5.65163e-05	0.1644	
11030	388	3050	16.0997	21.6865	1810	17.3426	8	533	16	55	33	5	1.21545e+06	5.124e-05	0.2665	
11500	400	3007	25	20.8833	1732	15.235	9	535	14	73	11	3	1.01184e+06	5.19751e-05	0.4388	
11478	400	3019	24.7352	26.2687	1867	16.5313	8	535	20	68	19	3	985178	5.65643e-05	0.3017	
11500	400	3034	19.3526	20.1043	1845	18.526	10	535	20	59	5	3	1.08803e+06	4.77509e-05	0.3778	
11085	388	2997	21.2467	21.5523	1790	15.4405	10	534	20	55	17	4	1.06222e+06	5.27927e-05	0.2939	
10432	390	3031	15	20.6721	1713	17.8197	7	535	14	55	14	4	1.32108e+06	5.38532e-05	0.1563	
11015	400	3016	22.0505	30	1775	17.4404	6	535	16	55	23	4	1.0231e+06	6.27156e-05	0.1736	
10750	356	3031	15.7929	21.8651	1757	16.447	5	535	16	64	20	3	1.25674e+06	5.28905e-05	0.2072	
10871	355	3046	18.4146	20.0078	1838	17.849	8	535	16	55	20	4	1.16088e+06	5.12269e-05	0.2695	
11169	362	3049	15	22.1459	1794	16.1696	7	535	18	65	26	5	1.11569e+06	6.12107e-05	0.1182	
10557	398	3040	22.2922	28.3758	1777	18.0304	7	535	15	55	19	4	1.05468e+06	6.39959e-05	0.1291	
10275	390	3043	18.9441	26.9432	1850	18.6254	7	535	16	55	2	4	1.13531e+06	6.19809e-05	0.0979	
11500	394	3018	15	22.237	1803	14.1119	10	535	18	56	10	3	1.23801e+06	4.807e-05	0.3413	
10182	318	3030	18.16	26.0579	1785	18.5958	6	533	14	55	2	5	1.20256e+06	6.17627e-05	0.0867	
10234	400	3035	19.6494	25.9112	1794	18.42	8	535	17	55	8	5	1.12558e+06	6.222e-05	0.0991	
10288	376	3038	16.0341	21.8822	1735	15.7507	7	535	18	57	15	5	1.27049e+06	5.63857e-05	0.1152	
10687	390	2988	19.3503	26.2583	1869	18.2786	7	535	15	55	13	4	1.09692e+06	5.90179e-05	0.1666	
11082	372	3049	15.1849	20.1018	1863	15.0312	6	533	16	61	2	4	1.28373e+06	4.78492e-05	0.35	
10295	371	3030	15	20.549	1767	18.1973	5	535	18	55	13	4	1.34427e+06	5.47166e-05	0.1311	
11396	395	3036	21.1283	23.3369	1869	16.0467	7	532	20	59	24	4	1.04391e+06	5.21132e-05	0.326	
10587	400	2995	23.3032	28.0756	1752	17.299	10	535	13	55	44	4	1.04234e+06	6.57895e-05	0.1255	
11384	397	3000	22.6047	22.0508	1777	14	7	535	20	59	33	3	1.03262e+06	5.2499e-05	0.3392	
11376	397	3022	23.6726	27.2114	1795	14	8	535	13	62	25	3	993819	5.77334e-05	0.2892	
10737	400	3043	22.2879	26.7494	1756	17.7217	9	535	15	56	15	3	1.03938e+06	6.05657e-05	0.1798	
11500	399	3042	24.9812	29.8201	1717	17.612	8	533	15	62	39	3	975916	6.12783e-05	0.2656	
10988	372	3050	18.4021	20.775	1835	18.1512	8	535	16	65	16	5	1.14318e+06	5.09944e-05	0.2896	
10264	391	3033	22.7576	27.956	1777	17.8504	7	534	15	55	18	3	1.07398e+06	6.6538e-05	0.1047	
11324	392	3050	18.4021	20.4129	1832	16.9497	8	534	16	56	13	5	1.12491e+06	4.84872e-05	0.3596	
10846	400	3046	16.8222	21.4715	1769	15.872	10	535	18	61	34	4	1.18392e+06	5.27872e-05	0.2267	
11500	393	3031	24.8523	26.6595	1848	17.0844	8	535	18	62	24	3	985172	5.70321e-05	0.301	
10650	376	3047	15.1931	22.1454	1735	16.1917	6	535	18	55	2	5	1.28816e+06	5.26704e-05	0.1891	
11500	400	3033	24.0709	30	1798	16.8208	10	534	13	74	33	3	975497	6.054e-05	0.2714	
10938	393	3039	16.1169	23.4414	1856	16.1058	7	535	17	55	10	3	1.19776e+06	5.23204e-05	0.2369	
10624	392	3049	23.1064	29.3958	1700	18.7437	5	530	20	57	31	3	1.04554e+06	6.57851e-05	0.1318	
10736	400	3009	22.4957	29.7946	1787	18.4467	9	535	17	55	7	3	1.03016e+06	6.43087e-05	0.151	
11500	394	3042	15	20	1798	14.9579	8	534	8	59	3	5	1.26618e+06	4.584e-05	0.431	
10317	396	3026	17.1226	23.4617	1763	16.0689	7	531	17	55	17	5	1.20339e+06	5.8072e-05	0.1153	
11317	347	3050	15.1967	20.9414	1787	14	7	535	19	57	3	3	1.27085e+06	4.74338e-05	0.3603	
10891	385	3043	23.8148	27.3753	1846	16.7621	10	534	15	58	24	3	1.01921e+06	6.0983e-05	0.2051	
11500	387	3036	15	23.3744	1752	14	7	535	19	55	5	3	1.23862e+06	4.90052e-05	0.3214	
11500	400	3010	25	26.6622	1815	18.9304	9	533	20	56	36	4	981030	5.79777e-05	0.2986	
11054	400	3047	19.2917	20.8732	1836	14.7686	7	535	13	56	12	3	1.103e+06	5.05587e-05	0.3133	
10412	322	3020	20.2897	28.5985	1765	18.7066	5	534	20	55	12	4	1.12495e+06	6.43501e-05	0.0884	
11015	396	2996	21.7133	28.2066	1788	17.2741	10	535	20	57	12	3	1.02564e+06	6.02228e-05	0.2026	
10655	370	3050	15	21.2922	1778	16.4728	10	535	18	55	15	4	1.30238e+06	5.2304e-05	0.1937	
10657	400	3050	17.205	25.7889	1843	16.6552	10	535	19	57	10	4	1.15651e+06	5.70581e-05	0.1515	
10352	322	3020	20.3361	28.3133	1765	18.7066	6	534	19	55	12	4	1.12829e+06	6.4587e-05	0.0872	
10616	362	3034	18.0487	23.9534	1721	17.158	8	535	17	57	16	4	1.15696e+06	5.66444e-05	0.1614	
10418	371	3030	15	20.549	1776	18.1973	7	535	17	55	12	4	1.32949e+06	5.36567e-05	0.1598	
10622	373	3040	15.1714	20.6522	1800	15.8511	7	534	19	56	18	4	1.30051e+06	5.22248e-05	0.2048	
10549	382	3006	16.1907	21.1746	1708	15.3528	9	535	20	56	24	4	1.23902e+06	5.44218e-05	0.1657	
10969	360	3027	15.7929	21.8651	1708	17.2634	5	535	16	57	23	4	1.24552e+06	5.16983e-05	0.2472	
11500	385	2992	21.2153	28.957	1815	17.0782	8	532	19	60	14	3	1.01236e+06	5.81159e-05	0.2611	
10490	383	3040	15.2222	21.3441	1779	16.4525	7	534	20	57	8	3	1.29381e+06	5.33817e-05	0.1694	
11500	400	3044	21.3303	20	1832	14.2991	6	532	14	62	7	3	1.067e+06	4.83162e-05	0.4472	
11412	391	3010	25	26.3491	1815	18.9304	9	533	20	56	36	4	989136	5.81937e-05	0.2843	
10432	400	3018	20.6477	26.1978	1773	18.6293	7	535	20	59	22	4	1.09247e+06	6.22007e-05	0.1179	
11500	399	3042	22.9012	26.8182	1717	17.0337	7	535	15	62	39	3	1.00055e+06	5.67151e-05	0.2874	
10323	400	3050	25	29.2773	1764	18.4957	8	533	12	55	50	4	1.05649e+06	7.08416e-05	0.1038	
10676	366	3038	17.5968	20	1763	16.7439	8	531	16	55	15	5	1.18984e+06	5.21703e-05	0.2505	
10652	399	3027	22.5742	27.5367	1781	18.1687	8	535	19	58	16	4	1.04389e+06	6.24649e-05	0.1546	
10707	380	3003	16.0889	21.1746	1708	15.4793	5	535	20	56	30	5	1.24647e+06	5.34845e-05	0.1911	
11030	389	3050	16.0997	21.6865	1832	17.3426	8	533	16	55	33	4	1.21305e+06	5.11587e-05	0.2704	
11150	400	2997	23.5463	29.8201	1708	17.7702	6	535	16	59	21	3	1.00135e+06	6.27746e-05	0.2086	
10491	400	3030	21.2926	29.782	1769	15.5932	10	535	17	55	14	3	1.06224e+06	6.53595e-05	0.109	
11431	400	3041	16.1644	22.5152	1764	15.7531	9	535	20	55	18	4	1.17687e+06	4.92756e-05	0.3146	
10944	397	3038	15	20.1018	1782	14	9	534	19	59	5	3	1.27727e+06	4.895e-05	0.3151	
11069	400	3023	15.4547	21.6771	1764	18.5745	9	535	17	58	31	3	1.23425e+06	5.12479e-05	0.259	
11322	392	3026	19.2764	22.1413	1834	14.7906	9	535	18	55	10	3	1.08131e+06	5.02968e-05	0.3324	
11256	374	3050	19.9832	21.7314	1841	15.1586	5	534	16	56	13	3	1.09183e+06	5.04465e-05	0.3295	
11500	400	3048	18.9533	20	1889	15.5713	10	534	20	56	2	3	1.0977e+06	4.69748e-05	0.3884	
10862	400	3045	16.8303	23.3369	1703	16.4317	10	533	20	57	18	4	1.16989e+06	5.37692e-05	0.2037	
10715	368	3042	15.8125	22.0043	1718	16.3847	7	534	17	59	9	5	1.25015e+06	5.27537e-05	0.2123	
10398	382	3003	16.0889	21.1746	1755	15.3528	5	535	20	56	24	5	1.26684e+06	5.5534e-05	0.1335	
10590	392	3022	16.4038	22.6188	1843	18.6926	8	535	18	55	8	4	1.21196e+06	5.44129e-05	0.1794	
10933	376	3040	15.6502	20.1018	1857	15.0312	9	534	19	61	2	4	1.25307e+06	4.90244e-05	0.3113	
11263	388	3040	21.1597	23.2631	1841	16.1282	8	535	17	73	19	3	1.04816e+06	5.27148e-05	0.3102	
10396	397	3043	17.8008	21.5827	1775	15.5371	4	535	16	59	11	4	1.18829e+06	5.54908e-05	0.1783	
10441	380	3024	20.8942	28.3758	1718	18.0304	6	535	16	55	18	4	1.08772e+06	6.44787e-05	0.098	
11430	382	3025	18.2465	20.0683	1899	17.3814	9	535	20	55	14	4	1.13034e+06	4.7669e-05	0.3685	
10418	371	3030	15	20.549	1747	18.1973	7	535	17	55	13	4	1.33008e+06	5.37953e-05	0.155	
10778	396	3018	23.433	29.3676	1823	17.3463	8	535	17	55	35	3	1.02479e+06	6.46831e-05	0.1515	
11000	400	3039	22.6239	26.2409	1822	17.8485	7	534	9	55	28	4	1.02819e+06	5.85686e-05	0.2309	
11368	400	3024	19.2764	22.1853	1827	17.6816	8	535	20	55	8	4	1.0808e+06	5.02866e-05	0.3387	
10380	333	3044	16.5712	23.3863	1792	15.7958	7	534	14	55	9	5	1.24696e+06	5.65355e-05	0.1274	
10738	400	3043	23.4876	26.7494	1737	16.216	10	535	17	56	23	3	1.02671e+06	6.16029e-05	0.1761	
10559	400	3035	18.0448	22.2325	1700	17.006	8	535	16	57	24	4	1.15706e+06	5.58753e-05	0.1765	
10985	400	3021	22.7567	28.0771	1775	17.4494	10	535	15	56	18	3	1.01641e+06	6.08051e-05	0.2085	
10441	374	3024	20.8942	28.3758	1718	18.0304	6	534	15	55	18	4	1.08946e+06	6.44538e-05	0.1009	
11422	398	3021	25	30	1742	16.9336	7	533	20	60	26	6	982924	6.19042e-05	0.2536	
11215	400	3050	15.8622	20	1887	17.6469	6	533	17	61	5	4	1.22621e+06	4.74406e-05	0.3671	
10521	400	3042	19.3921	22.3743	1798	18.2026	10	532	17	58	16	5	1.11939e+06	5.63825e-05	0.1842	
11000	396	3042	20.9771	26.7036	1826	16.5406	10	535	11	59	24	4	1.04483e+06	5.79005e-05	0.2334	
10591	363	3044	17.4922	23.7785	1806	15.9098	8	532	20	55	17	5	1.17789e+06	5.60193e-05	0.1632	
11478	387	3036	15.2222	20.1018	1782	14	7	534	19	57	5	3	1.25053e+06	4.61595e-05	0.4094	
10614	361	3026	17.9216	22.2587	1792	18.1083	5	535	16	57	34	4	1.17923e+06	5.57849e-05	0.1699	
10953	400	2992	19.2958	27.5987	1749	16.8785	8	535	14	56	10	3	1.07124e+06	5.8782e-05	0.1844	
11003	400	3043	15	21.6771	1795	16.1023	9	535	15	59	28	4	1.26898e+06	5.08621e-05	0.2537	
11500	395	2996	22.6047	28.2566	1731	18.7868	7	535	18	61	33	3	998769	5.86338e-05	0.2636	
10616	400	3034	16.4629	21.8651	1721	17.8568	8	535	17	57	16	4	1.21218e+06	5.4095e-05	0.1834	
10440	384	3047	25	29.2773	1764	18.4503	8	533	12	55	50	4	1.04969e+06	6.95652e-05	0.1082	
10689	400	3016	22.4957	29.7946	1780	15.5932	10	535	17	55	23	3	1.03405e+06	6.4914e-05	0.1389	
10323	400	3042	23.7956	29.3111	1780	18.4503	8	530	11	55	44	4	1.06178e+06	6.95169e-05	0.1046	
10604	378	3018	20.4516	23.8086	1765	18.7066	5	535	14	55	10	3	1.09593e+06	5.75705e-05	0.1757	
11500	400	3035	25	24.6861	1748	14.3233	10	533	12	74	44	3	988686	5.56638e-05	0.3381	
10914	400	3016	22.0505	30	1775	15.9334	6	535	16	55	23	4	1.029e+06	6.32911e-05	0.1605	
11467	400	3022	23.6726	27.2114	1847	14	8	535	17	62	19	4	990374	5.69898e-05	0.3009	
10188	395	3039	17.4922	23.7272	1763	16.0689	7	533	17	55	2	3	1.19399e+06	5.86992e-05	0.1148	
10602	400	3039	20.7529	28.4858	1752	17.6068	8	534	17	59	15	4	1.06924e+06	6.27195e-05	0.1293	
10587	400	3030	21.4721	26.8307	1763	17.278	8	535	15	55	16	4	1.06314e+06	6.14931e-05	0.1487	
10683	400	3050	17.1468	20	1726	17.2485	8	535	16	56	11	3	1.18741e+06	5.17866e-05	0.2561	
11500	362	3035	22.2483	20.4248	1898	17.0964	10	534	19	58	2	3	1.05978e+06	4.91014e-05	0.4051	
11204	370	3000	21.2467	21.5523	1829	15.4405	10	534	16	55	15	4	1.06634e+06	5.1843e-05	0.3266	
11500	400	3027	23.791	30	1803	14.1119	9	535	16	61	26	3	977859	6.03209e-05	0.2618	
10453	400	3018	20.6477	26.1978	1773	18.6293	7	535	20	59	22	4	1.09087e+06	6.2027e-05	0.1199	
10930	400	3021	22.7567	30	1775	15.9334	10	534	15	56	19	3	1.01433e+06	6.33874e-05	0.1787	
11230	397	3012	22.8444	25.3413	1884	15.8565	10	534	13	55	25	4	1.01397e+06	5.61545e-05	0.2813	
10723	400	3004	19.9053	20.1655	1775	18.8597	9	531	16	58	14	4	1.10984e+06	5.35504e-05	0.2617	
11303	400	3047	19.2917	20	1836	14.6622	7	534	15	61	19	3	1.10143e+06	4.86381e-05	0.364	
10366	302	3030	18.9674	21.1092	1780	18.5958	8	534	20	55	2	5	1.19691e+06	5.58378e-05	0.1591	
10608	400	3047	23.3668	29.754	1751	15.9596	5	535	10	55	29	3	1.04061e+06	6.6024e-05	0.1361	
10406	400	3050	18.9463	23.2184	1753	15.9083	6	535	16	56	14	4	1.13979e+06	5.75407e-05	0.1504	
10970	385	3050	20.5111	20.5647	1702	14.8239	10	535	15	58	7	3	1.08494e+06	5.16502e-05	0.3031	
10591	363	3038	17.4922	23.7785	1763	15.9098	8	532	19	55	13	5	1.1771e+06	5.59942e-05	0.1663	
10378	397	3038	17.0981	23.1903	1763	16.6159	8	532	16	55	25	5	1.20216e+06	5.76735e-05	0.1259	
11410	327	3039	17.2986	20.0044	1882	17.0925	6	535	14	58	3	4	1.20135e+06	4.69373e-05	0.3839	
11439	400	3038	20.3118	20.8574	1838	17.5681	8	535	16	56	8	4	1.0732e+06	4.90629e-05	0.3653	
10608	400	3042	21.9922	29.8346	1736	15.9596	5	535	20	55	29	3	1.05319e+06	6.54793e-05	0.1111	
10647	400	3032	18.0448	22.6305	1708	17.3655	7	535	16	57	21	4	1.1496e+06	5.53925e-05	0.1914	
10893	397	3037	17.6398	20.4264	1802	15.254	8	535	14	60	4	3	1.1557e+06	5.04236e-05	0.2924	
11500	354	3044	15.7016	20	1823	15.5654	7	533	16	57	5	3	1.24205e+06	4.60236e-05	0.426	
10256	348	3014	18.7678	26.0579	1776	18.5958	8	534	18	55	3	5	1.16053e+06	6.1736e-05	0.0916	
10683	400	3050	17.3022	20	1726	17.2485	8	535	16	56	19	3	1.18343e+06	5.22166e-05	0.2443	
10801	400	3016	22.4957	29.782	1771	15.347	10	535	17	56	20	3	1.02566e+06	6.39304e-05	0.159	
10428	373	3030	15	20.6409	1766	18.1861	6	533	18	55	13	4	1.32868e+06	5.36711e-05	0.1636	
11212	400	3050	18.7666	21.8207	1851	18.3016	6	535	16	67	16	4	1.10712e+06	5.05306e-05	0.3208	
11153	400	3046	23.5528	28.8634	1708	18.3833	8	533	18	56	25	3	1.0024e+06	6.13196e-05	0.2184	
10942	392	3050	18.2075	21.6865	1817	17.3426	9	535	16	55	39	5	1.13674e+06	5.29129e-05	0.2463	
10705	400	3049	20.9374	25.2267	1781	17.9619	8	535	17	60	13	4	1.06819e+06	5.82276e-05	0.1875	
10826	357	3050	15	20.8982	1742	18.5662	8	535	17	63	19	5	1.30431e+06	5.14112e-05	0.2294	
10256	400	2989	21.0556	25.9112	1794	18.4081	9	530	20	55	4	4	1.09186e+06	6.30756e-05	0.1161	
10910	400	3049	16.0814	21.6771	1770	18.6783	6	535	18	70	24	6	1.21834e+06	5.20888e-05	0.2391	
11015	400	3016	22.0505	30	1775	17.5296	6	535	17	58	23	4	1.02308e+06	6.26488e-05	0.1741	
11410	327	3039	18.3959	20.1865	1882	14.7726	6	535	20	58	2	4	1.16542e+06	4.73687e-05	0.3733	
10587	390	3033	20.7333	25.0608	1862	18.5526	9	534	19	55	28	4	1.08305e+06	5.95806e-05	0.1518	
11169	400	3046	15	21.6771	1770	18.7268	6	535	18	70	24	6	1.2664e+06	5.01027e-05	0.279	
11259	383	3018	23.8718	26.0862	1753	15.0974	9	535	17	63	39	4	1.0072e+06	5.79609e-05	0.2737	
10409	395	3031	15	20.6721	1726	17.7672	7	535	18	55	14	4	1.32143e+06	5.40044e-05	0.1481	
10479	368	3047	18.2673	20.6919	1753	18.4694	7	534	11	55	12	5	1.17709e+06	5.449e-05	0.1944	
11462	400	3038	20.3118	20.8574	1845	17.2353	8	535	16	57	8	3	1.07022e+06	4.88902e-05	0.3687	
10871	355	3042	18.4146	20.0078	1839	17.849	8	535	16	55	8	4	1.15882e+06	5.07743e-05	0.2867	
10318	400	3049	18.6654	21.8651	1753	16.9922	8	533	16	57	24	4	1.16006e+06	5.76535e-05	0.1475	
11500	400	3050	19.4582	20.0304	1859	17.1709	10	534	19	58	2	3	1.08781e+06	4.73754e-05	0.3861	
11167	387	3023	15.2555	21.2208	1700	15.3414	8	535	20	63	26	3	1.24856e+06	4.98753e-05	0.2833	
10647	400	3034	18.0448	21.8651	1742	16.9922	8	535	13	57	21	3	1.14944e+06	5.45227e-05	0.2075	
11085	376	3048	20.9423	21.7665	1787	15.2179	10	532	20	57	17	3	1.06861e+06	5.2304e-05	0.2962	
11086	400	3046	22.8011	30	1781	17.3648	10	535	15	63	8	3	1.00608e+06	6.18162e-05	0.2045	
11399	400	3026	20.69	20.3115	1843	18.0611	10	534	17	56	19	4	1.06836e+06	4.94805e-05	0.3645	
11500	398	2999	24.2834	27.1244	1742	14.3209	10	533	15	73	17	3	979927	5.76302e-05	0.3195	
10323	400	3043	25	29.2773	1764	18.4957	8	533	12	55	50	4	1.05629e+06	7.0927e-05	0.1038	
10234	399	2990	20.9186	27.1409	1710	18.5581	5	531	20	55	21	4	1.10545e+06	6.56556e-05	0.0892	
11091	385	3022	18.5088	20.9556	1813	16.0192	7	534	17	55	11	4	1.12666e+06	5.04108e-05	0.3077	
10801	400	3016	22.4957	29.782	1787	15.5932	10	535	17	55	23	3	1.02578e+06	6.40164e-05	0.1564	
10488	399	3039	20.6975	20.3334	1777	18.4694	7	535	12	55	27	6	1.12143e+06	5.6224e-05	0.1895	
11169	400	3046	15.5534	21.5589	1770	18.7268	6	535	19	70	26	5	1.2312e+06	5.0221e-05	0.2852	
10749	398	3003	16.0889	22.2101	1708	14.6656	5	535	20	56	24	5	1.22877e+06	5.36942e-05	0.1875	
10931	399	3050	20.2785	20.775	1747	17.2322	9	531	18	61	16	3	1.08632e+06	5.23341e-05	0.2922	
10610	394	3029	20.8918	28.8119	1765	17.4354	5	531	20	55	10	4	1.06958e+06	6.29763e-05	0.1285	
11030	400	3049	15.4052	22.2123	1766	16.0595	9	534	16	72	14	4	1.23438e+06	5.08828e-05	0.2623	
11500	400	3031	21.4259	20.4248	1854	17.518	10	534	8	58	3	3	1.05074e+06	4.88472e-05	0.4191	
11500	400	3026	22.2483	20.4248	1825	17.1709	10	533	19	59	7	3	1.04025e+06	4.94731e-05	0.4146	
10398	386	3049	17.1589	21.4823	1708	17.1434	8	534	16	57	24	4	1.20927e+06	5.60193e-05	0.1494	
10317	400	3035	19.6494	25.9112	1794	18.42	8	535	17	55	8	4	1.11773e+06	6.13836e-05	0.1069	
11204	400	2997	21.2467	27.648	1799	15.4405	10	534	20	55	17	4	1.02329e+06	5.81734e-05	0.236	
11500	366	3027	18.7523	20	1899	16.6992	8	535	20	58	11	3	1.1252e+06	4.7297e-05	0.3833	
11241	400	3042	25	29.2773	1760	18.4957	8	533	14	55	32	4	988143	6.21968e-05	0.239	
10256	318	3030	18.16	26.0579	1779	18.5958	6	535	14	55	8	5	1.19759e+06	6.14137e-05	0.0893	
11236	400	3041	23.4876	26.7494	1752	17.7217	10	535	15	72	12	3	1.00021e+06	5.77667e-05	0.2788	
11381	400	3040	19.4847	26.9211	1775	16.0238	8	534	17	59	12	6	1.05493e+06	5.51876e-05	0.2584	
10978	400	3042	24.6342	29.8201	1708	18.032	10	534	19	56	38	3	1.00125e+06	6.47207e-05	0.1746	
11263	381	3012	23.8062	25.4964	1807	18.2201	8	535	17	55	22	4	1.01134e+06	5.70451e-05	0.2722	
11391	400	3040	16.808	23.3369	1764	15.7531	10	535	20	57	18	4	1.14392e+06	5.04796e-05	0.2925	
11500	398	2999	24.6374	24.1075	1732	15.2632	10	533	15	73	27	3	992846	5.49632e-05	0.3408	
11500	364	3036	15.2222	20.4945	1723	14	7	535	19	56	5	3	1.25668e+06	4.65116e-05	0.3876	
11009	349	3050	15	20.403	1758	15.1301	4	534	20	55	27	3	1.31026e+06	4.96056e-05	0.2884	
10625	361	3046	15	20	1751	18.142	7	535	16	59	21	3	1.32129e+06	5.20806e-05	0.2042	
10610	390	3027	20.8918	21.7225	1765	18.0919	9	531	19	55	11	4	1.09064e+06	5.58566e-05	0.2139	
11318	391	2997	21.2467	21.4999	1828	16.5089	10	535	20	55	18	4	1.05407e+06	5.13426e-05	0.3269	
11494	387	3050	15	20.1018	1754	14	7	532	19	57	5	4	1.26785e+06	4.59749e-05	0.41	
11464	349	3014	16.4155	20	1899	16.7104	7	534	20	59	2	4	1.21563e+06	4.65095e-05	0.3967	
11230	393	3038	22.8145	25.3413	1884	15.8565	10	534	13	69	25	4	1.01709e+06	5.58098e-05	0.2903	
10893	398	3030	23.1064	30	1738	17.528	8	534	19	60	37	4	1.02047e+06	6.45328e-05	0.157	
11138	377	3034	19.0649	20.2489	1799	14.6228	9	535	16	57	7	3	1.11396e+06	4.95319e-05	0.3291	
10580	400	3049	22.5983	27.0823	1822	16.9062	7	535	17	55	2	4	1.04971e+06	6.15726e-05	0.1612	
10664	380	3019	16.8369	21.8651	1722	16.192	5	534	20	58	24	4	1.20728e+06	5.42329e-05	0.1909	
11500	400	3040	24.0709	30	1798	16.8208	10	534	13	74	29	3	975573	6.0412e-05	0.2725	
10970	400	3029	20.6477	26.1978	1775	18.5333	7	535	20	59	22	3	1.05364e+06	5.77834e-05	0.2136	
10525	400	3017	15.732	21.0664	1763	18.5264	8	535	15	60	20	4	1.26096e+06	5.42005e-05	0.167	
10846	383	3050	16.2482	21.6865	1794	15.1361	10	535	19	65	32	4	1.21274e+06	5.25928e-05	0.2223	
10976	400	3016	22.0505	30	1775	15.8917	5	535	15	55	23	5	1.02892e+06	6.28654e-05	0.172	
10921	387	3027	15.4547	21.6771	1745	17.2247	7	535	18	58	28	4	1.25275e+06	5.18888e-05	0.2301	
10840	400	3030	21.7879	25.7186	1738	18.0611	9	534	17	58	41	4	1.04767e+06	5.97051e-05	0.1831	
11500	368	3035	17.8629	20	1899	16.7104	7	534	19	59	5	4	1.15043e+06	4.67399e-05	0.3918	
10894	400	3042	23.1485	24.9632	1708	18.1958	8	535	19	56	28	3	1.02849e+06	5.87924e-05	0.2136	
10222	400	2985	19.8992	28.1567	1734	18.7124	6	532	16	55	8	4	1.11503e+06	6.56599e-05	0.0866	
11500	399	2992	20.5667	28.3765	1832	15.769	9	534	20	57	13	4	1.01934e+06	5.70255e-05	0.2607	
10932	349	3050	15	21.6771	1806	15.585	8	535	17	65	24	4	1.29693e+06	5.1164e-05	0.2394	
10166	344	3043	18.8396	24.5417	1727	18.4081	8	535	5	55	17	3	1.17485e+06	6.14439e-05	0.1018	
11174	339	3046	17.3589	20.5283	1839	15.199	6	534	20	60	4	5	1.19322e+06	4.86169e-05	0.3338	
11210	392	3050	18.4021	20.4129	1867	16.9497	8	535	16	56	14	5	1.12961e+06	4.9034e-05	0.3325	
10674	393	3045	24.7953	26.194	1735	18.7437	7	535	20	56	16	4	1.03197e+06	6.24922e-05	0.173	
10985	400	3021	22.7567	30	1775	17.4494	10	535	15	56	18	3	1.01166e+06	6.30955e-05	0.1793	
11231	375	3050	17.6581	20	1839	16.8929	7	533	16	61	10	3	1.15961e+06	4.81951e-05	0.3552	
10749	398	3021	16.0889	21.1746	1708	16.6059	5	535	20	55	24	5	1.23558e+06	5.27593e-05	0.209	
11030	386	3050	15.4052	22.2123	1773	16.0595	9	534	19	67	26	4	1.24192e+06	5.12821e-05	0.2478	
10256	400	3023	19.8967	25.9112	1794	18.4081	8	535	20	55	8	5	1.11831e+06	6.22937e-05	0.1006	
11248	400	3028	25	28.6186	1709	17.2308	10	533	15	60	37	5	988543	6.16789e-05	0.2378	
11167	387	3028	15.2524	21.2208	1700	15.3414	8	535	20	63	26	3	1.24908e+06	4.98306e-05	0.2834	
10393	395	3035	15	20.4689	1726	17.7672	7	535	14	55	14	4	1.32398e+06	5.38822e-05	0.1543	
11416	398	3038	20.3118	20.8574	1838	17.5289	7	535	16	56	8	4	1.07614e+06	4.91811e-05	0.3637	
11073	388	3050	18.4021	20.775	1818	18.7687	8	534	16	62	2	5	1.13173e+06	5.00751e-05	0.3158	
11411	400	3044	15.6192	22.1528	1765	18.3649	9	535	15	59	4	3	1.20332e+06	4.8676e-05	0.3294	
10323	400	3043	23.7956	29.1019	1780	18.4503	9	530	10	55	44	4	1.06115e+06	6.92905e-05	0.1066	
10579	359	3036	18.6936	24.3755	1732	18.4494	7	535	19	56	24	4	1.14486e+06	5.80923e-05	0.1363	
11169	395	3039	20.2153	21.5337	1845	17.4539	9	535	16	66	24	4	1.07655e+06	5.15464e-05	0.3098	
10449	392	3046	15	22.5546	1735	16.4925	7	535	17	55	2	5	1.30808e+06	5.44603e-05	0.1375	
10576	351	3017	19.4847	26.9211	1776	17.6896	8	535	17	55	18	4	1.11478e+06	6.08384e-05	0.1206	
10776	400	3014	19.2904	27.173	1830	17.0364	10	535	11	59	19	4	1.08356e+06	5.93366e-05	0.1685	
11209	395	2996	23.7994	28.2566	1767	18.7868	7	535	20	58	16	3	999140	6.04814e-05	0.2386	
11289	364	3050	18.5111	20	1823	16.1021	7	535	17	60	3	3	1.13624e+06	4.80215e-05	0.3599	
10543	397	3038	18.0504	25.1786	1754	15.9098	8	532	16	55	13	5	1.14406e+06	5.8008e-05	0.1405	
10566	400	2998	18.6164	24.5574	1808	14.9896	8	534	18	55	7	3	1.12274e+06	5.73987e-05	0.1694	
10378	400	3019	22.6017	26.267	1749	18.8741	9	532	12	57	56	4	1.07623e+06	6.60153e-05	0.1087	
11061	376	3043	15.1976	20.1018	1863	15.0312	6	535	19	60	2	4	1.2801e+06	4.80284e-05	0.3356	
11120	399	3050	16.1941	22.2212	1745	17.5773	7	535	15	64	32	4	1.19551e+06	5.13426e-05	0.2646	
11430	382	3025	18.2465	20.0683	1899	17.9607	9	535	20	55	14	4	1.12911e+06	4.77213e-05	0.3679	
10577	392	3030	17.9992	21.0384	1793	19	7	535	16	55	30	4	1.17027e+06	5.49149e-05	0.1904	
11467	400	3032	23.6726	27.2114	1780	14	9	535	19	62	19	4	989105	5.71102e-05	0.2922	
11500	400	3021	24.7352	26.2687	1867	16.5313	8	535	20	68	9	3	984344	5.62778e-05	0.3068	
10812	340	3029	15.4547	21.6771	1749	17.351	7	535	18	57	28	4	1.2825e+06	5.26177e-05	0.2077	
10965	393	2990	22.729	30	1740	18.8258	10	535	19	59	34	3	1.01671e+06	6.42756e-05	0.1604	
10969	386	3021	15.7929	21.8651	1708	16.0496	5	535	16	57	23	4	1.23381e+06	5.16369e-05	0.2481	
10969	400	3027	15.7929	21.8651	1708	17.2634	5	535	16	57	21	4	1.22824e+06	5.16156e-05	0.2491	
10664	380	3019	16.8369	21.8651	1714	17.0316	5	535	20	58	24	4	1.20787e+06	5.4336e-05	0.1838	
10979	396	3050	21.9294	22.967	1817	19	9	532	16	55	36	4	1.05037e+06	5.55556e-05	0.2484	
11500	327	3050	18.3959	20.1865	1882	14.8946	7	535	20	59	3	4	1.15944e+06	4.68757e-05	0.384	
10697	400	3042	24.212	29.8201	1700	17.9156	8	535	20	60	37	4	1.02758e+06	6.66356e-05	0.1388	
10723	400	3012	20.4972	22.3142	1775	18.8597	8	529	16	58	23	4	1.08736e+06	5.59347e-05	0.2256	
10256	396	3023	19.8967	26.6645	1762	18.7318	8	535	8	55	15	5	1.11878e+06	6.34679e-05	0.094	
11120	396	2996	21.7133	28.5021	1857	17.2741	10	533	20	55	12	3	1.01832e+06	5.97336e-05	0.2256	
10705	399	3050	22.5742	23.812	1781	17.9619	8	535	18	60	13	4	1.05327e+06	5.78771e-05	0.213	
10536	366	3027	16.5724	22.2468	1744	15.5384	7	535	13	57	15	4	1.22452e+06	5.48155e-05	0.171	
11500	400	3040	21.4473	23.733	1856	16.6552	7	533	12	73	24	3	1.03021e+06	5.20644e-05	0.3573	
10210	400	3011	20.5738	28.1567	1734	18.7124	6	532	15	55	7	4	1.10529e+06	6.57635e-05	0.0876	
10904	400	3012	22.26	27.3116	1868	18.5191	7	533	20	61	27	3	1.03263e+06	6.03427e-05	0.2004	
11264	400	3018	17.3589	20	1868	16.6292	6	535	12	57	7	4	1.16137e+06	4.798e-05	0.361	
10494	350	3043	17.9216	22.3777	1844	18.5347	6	535	18	55	2	4	1.18279e+06	5.50085e-05	0.1803	
11174	370	3045	17.3589	20.5283	1839	14.8001	7	534	20	64	4	5	1.1727e+06	4.86287e-05	0.3384	
10234	400	3030	19.1956	24.7836	1794	18.42	8	535	20	55	11	5	1.14004e+06	6.10054e-05	0.1027	
11174	345	3048	17.6476	20.5283	1839	14.8001	7	534	18	60	4	5	1.17629e+06	4.86902e-05	0.3379	
10931	399	3050	20.2785	20.775	1770	16.1866	9	531	18	61	16	3	1.08621e+06	5.21866e-05	0.2954	
11169	395	3046	15	22.0733	1806	14.9346	8	535	17	63	24	5	1.26152e+06	4.99525e-05	0.2801	
10473	391	3039	22.7576	28.3758	1777	17.8504	6	535	19	55	7	3	1.05558e+06	6.45036e-05	0.1229	
10256	348	3014	17.942	26.0579	1776	18.5326	8	533	18	55	3	5	1.1826e+06	6.12933e-05	0.0918	
11292	400	3015	15.4547	20.7236	1749	17.553	8	535	16	57	31	3	1.23282e+06	4.90557e-05	0.3266	
10396	392	3037	17.3022	21.5086	1744	17.2485	8	535	18	59	24	4	1.20183e+06	5.62841e-05	0.1468	
10174	344	3043	18.8396	24.5417	1727	18.4081	8	535	5	55	17	5	1.17749e+06	6.13911e-05	0.0995	
10450	390	3035	16.8569	22.2095	1700	17.171	7	534	15	57	22	4	1.21284e+06	5.61199e-05	0.1427	
10625	357	3046	15	20.4825	1751	18.1321	7	535	16	59	21	5	1.32464e+06	5.2499e-05	0.1892	
11030	392	3039	18.2075	20.2653	1829	17.3426	9	533	17	55	44	4	1.1425e+06	5.1406e-05	0.2881	
10225	395	3044	17.0156	23.2184	1804	15.0972	7	535	16	55	8	5	1.21623e+06	5.7857e-05	0.1153	
11301	400	3031	22.8144	25.1376	1845	16.3283	8	534	18	69	4	3	1.01134e+06	5.49058e-05	0.3001	
11393	395	3041	24.9812	30	1708	17.6369	7	533	16	61	37	3	981511	6.21465e-05	0.2482	
10938	393	3039	16.3192	23.6737	1781	16.0977	7	535	17	55	10	3	1.18777e+06	5.28262e-05	0.2219	
11462	400	3038	20.3118	20.8574	1838	18.2669	8	535	17	57	8	4	1.07275e+06	4.90172e-05	0.3671	
10677	399	3035	20.9015	29.3313	1805	17.0359	6	535	12	57	25	3	1.06024e+06	6.33593e-05	0.1341	
11288	361	3050	15.0183	21.3369	1772	16.0704	9	535	18	69	28	5	1.2738e+06	4.90052e-05	0.306	
11472	393	3036	20.5011	21.3066	1871	17.311	10	534	19	55	17	3	1.05909e+06	4.95172e-05	0.3575	
10970	385	3050	20.5111	20.5647	1702	15.216	10	535	15	58	7	3	1.08473e+06	5.16769e-05	0.3018	
11162	400	2998	19.6142	20.5182	1831	17.8771	7	535	16	60	14	4	1.09903e+06	5.05433e-05	0.3247	
11081	400	3046	15	21.8328	1794	15.2472	8	535	18	71	24	6	1.2673e+06	5.04948e-05	0.2662	
11086	400	3033	22.6874	30	1781	17.3242	10	535	15	63	8	4	1.00808e+06	6.19157e-05	0.2026	
10985	400	3019	22.7567	28.1533	1775	16.9362	10	535	15	56	18	3	1.01619e+06	6.0868e-05	0.2093	
10378	366	3038	17.5968	23.7785	1763	16.6159	8	532	16	55	17	5	1.18906e+06	5.79912e-05	0.1229	
10587	400	3039	23.3032	28.1905	1752	16.8477	9	535	20	55	10	4	1.03821e+06	6.38896e-05	0.1439	
11423	398	3042	25	30	1742	17.2328	7	535	20	60	13	6	983181	6.14326e-05	0.2518	
11294	400	3049	18.2473	20.1684	1856	14.9992	7	532	16	61	9	3	1.12717e+06	4.80515e-05	0.3677	
10674	360	3042	15.8125	22.2095	1719	15.1408	7	534	19	65	19	5	1.25822e+06	5.37808e-05	0.1813	
10578	400	3019	22.6017	26.267	1749	18.8741	9	535	12	57	47	3	1.05446e+06	6.34558e-05	0.1295	
10416	356	3037	16.8569	21.9639	1725	16.7891	7	535	15	55	25	5	1.23257e+06	5.62398e-05	0.1336	
10976	393	2998	23.1064	29.9322	1761	18.7958	7	535	20	57	33	3	1.01436e+06	6.41231e-05	0.1655	
10738	400	3050	23.4876	26.7494	1757	16.216	10	535	17	56	23	3	1.02701e+06	6.14704e-05	0.1742	
10619	400	3042	18.0375	21.6131	1776	17.1313	5	534	15	57	31	5	1.166e+06	5.48938e-05	0.198	
10457	382	3003	16.0889	21.1746	1708	15.3528	7	535	20	56	24	5	1.25725e+06	5.51633e-05	0.1438	
11500	400	3040	20.6306	20.0779	1852	14.3513	6	535	13	60	8	3	1.07625e+06	4.79916e-05	0.4258	
11416	400	3036	21.0593	20	1900	17.1709	10	535	20	61	7	3	1.06325e+06	4.86642e-05	0.4079	
11211	397	2972	23.0294	29.7508	1725	17.6469	8	535	19	64	26	3	999579	6.22704e-05	0.2089	
10736	400	3005	22.8731	29.7946	1791	15.7404	10	535	18	55	24	3	1.02702e+06	6.4914e-05	0.1483	
10440	400	3044	25	29.3563	1790	18.4503	8	533	10	55	50	4	1.04489e+06	6.95749e-05	0.1116	
11289	368	3050	18.5111	20	1823	15.8114	7	535	17	57	8	3	1.13341e+06	4.81348e-05	0.3579	
11107	378	3050	18.4232	20.775	1832	18.1512	9	535	17	59	16	5	1.13203e+06	5.02311e-05	0.3075	
11329	399	3050	19.8497	20.775	1843	18.1512	7	535	16	67	16	3	1.08308e+06	4.95e-05	0.349	
10723	357	3040	15.4704	20.6522	1712	15.8511	7	534	20	56	18	4	1.28257e+06	5.17893e-05	0.227	
11500	399	3042	24.9812	29.8201	1717	17.612	8	533	15	61	39	3	976034	6.1297e-05	0.2649	
11391	400	3034	16.808	23.3369	1764	17.1165	10	535	20	57	18	4	1.14381e+06	5.06534e-05	0.2899	
11500	399	3026	25	26.7494	1772	14.9879	9	535	12	74	5	3	979139	5.71592e-05	0.354	
10619	351	3017	19.4847	26.9211	1775	15.2652	8	535	17	55	18	4	1.11155e+06	6.02918e-05	0.1334	
11500	400	3038	21.5996	29.7946	1842	15.7369	10	535	15	71	19	3	998276	5.86682e-05	0.2593	
11322	368	3026	18.732	22.3196	1843	17.755	8	535	19	55	11	4	1.10881e+06	5.04388e-05	0.3312	
11113	400	3014	22.5148	26.3121	1843	15.5133	8	535	15	58	19	3	1.01744e+06	5.7554e-05	0.2494	
11500	398	2999	24.6374	24.1075	1729	15.2632	10	533	15	73	27	3	992244	5.49722e-05	0.3404	
10396	321	3032	18.8144	20.9378	1770	14.544	5	535	18	55	20	4	1.1948e+06	5.59034e-05	0.1655	
11500	398	3033	22.2912	21.5158	1798	16.675	10	532	14	74	5	3	1.03017e+06	5.03931e-05	0.3962	
10272	400	3019	18.8822	20.9532	1770	16.525	6	533	15	55	10	4	1.16019e+06	5.66926e-05	0.1549	
10592	400	3022	17.344	23.2151	1712	17.3293	8	535	16	55	31	3	1.17387e+06	5.66893e-05	0.1538	
10979	388	3050	21.2747	23.4756	1817	19	10	532	16	55	35	4	1.05721e+06	5.56235e-05	0.2453	
10593	366	3047	15.8125	22.2095	1727	14.9942	7	535	20	58	20	5	1.26164e+06	5.42299e-05	0.1569	
10845	392	3050	18.4021	20.5913	1867	16.6219	8	535	13	56	18	5	1.14313e+06	5.1581e-05	0.2718	
10558	397	3029	22.9706	28.5717	1711	18.7868	7	535	20	55	33	3	1.04904e+06	6.57419e-05	0.1114	
10415	337	3042	20.8265	22.7668	1764	18.0288	7	535	13	55	26	6	1.13069e+06	5.89588e-05	0.1396	
10452	400	3020	20.8918	28.8119	1759	18.8735	5	531	16	55	11	4	1.07956e+06	6.45411e-05	0.1044	
10664	388	3015	16.8369	21.8651	1700	16.2247	5	532	20	58	24	4	1.20468e+06	5.43065e-05	0.1977	
10591	384	3029	20.1345	20	1797	19	8	535	19	55	30	4	1.12566e+06	5.5057e-05	0.1987	
10736	400	3009	22.4957	29.7946	1787	15.5932	10	535	17	55	23	3	1.0303e+06	6.45995e-05	0.1463	
11500	400	3041	18.1368	20	1836	14.9301	7	532	12	59	3	3	1.12551e+06	4.67902e-05	0.4148	
11500	378	3021	18.2189	20	1900	16.3096	8	535	20	58	3	3	1.13225e+06	4.69109e-05	0.3865	
11301	400	3025	21.7986	23.2631	1890	18.204	8	534	12	63	18	3	1.03363e+06	5.28765e-05	0.3236	
10825	395	3043	17.4922	23.7767	1763	16.0689	7	533	17	55	2	5	1.15078e+06	5.38793e-05	0.2329	
10705	399	3050	22.5742	25.2267	1774	17.9619	8	535	17	62	9	4	1.04695e+06	5.90702e-05	0.2024	
11500	400	3026	22.0505	25.1399	1838	16.6552	10	535	12	57	18	3	1.00871e+06	5.38503e-05	0.3307	
11138	400	2996	20.7164	27.4923	1866	15.617	8	534	15	55	13	3	1.03485e+06	5.77701e-05	0.248	
10575	371	3020	20.4516	28.4912	1765	18.7066	5	534	14	55	12	4	1.08742e+06	6.29247e-05	0.1169	
11288	361	3050	15	21.3369	1770	16.0704	9	535	18	69	30	5	1.27575e+06	4.90822e-05	0.3036	
11016	391	3050	20.1613	21.3201	1795	18.5503	7	535	18	57	29	4	1.0912e+06	5.26454e-05	0.2684	