10323	400	3043	25	29.2773	1750	19	8	533	12	55	50	4	1.05684e+06	7.10379e-05	0.1005	
10333	308	3030	15	20.1018	1741	18.1696	7	535	19	55	13	4	1.3767e+06	5.41389e-05	0.1472	
11500	400	3026	25	30	1793	15.1991	10	534	13	74	26	3	970265	6.09979e-05	0.2859	
11500	400	3044	21.3301	20	1821	14.0164	6	532	14	67	6	3	1.06689e+06	4.83232e-05	0.4643	
11500	336	3050	15.1967	20	1859	15.428	7	535	18	55	3	3	1.28333e+06	4.56809e-05	0.4196	
10312	298	3020	20.3361	28.5985	1775	18.7066	6	535	19	55	13	4	1.1474e+06	6.53381e-05	0.085	
10333	308	3046	15	21.3311	1808	18.1973	6	535	17	55	11	5	1.37118e+06	5.46837e-05	0.1306	
10230	349	3030	15	20.549	1767	14.7972	7	535	18	55	13	4	1.35515e+06	5.50752e-05	0.1262	
11500	400	3044	21.3301	20	1851	14.0164	6	532	15	62	4	3	1.06742e+06	4.82021e-05	0.4493	
10368	390	3043	24.4842	30	1774	18.4503	8	533	13	55	50	4	1.05752e+06	7.07914e-05	0.0996	
10368	400	3043	23.7956	30	1780	18.4503	8	533	12	55	50	4	1.05923e+06	7.02346e-05	0.1016	
10234	377	2986	21.058	29.6161	1727	18.5581	5	531	15	55	21	4	1.10214e+06	6.85589e-05	0.0886	
10540	400	3045	25	29.2773	1764	18.4503	8	535	14	55	36	4	1.03395e+06	6.79071e-05	0.1186	
10547	331	3050	15	21.2922	1778	17.1185	5	535	20	56	3	4	1.33681e+06	5.25762e-05	0.1816	
10505	400	3045	25	30	1769	18.4503	8	534	14	55	36	4	1.03627e+06	6.90274e-05	0.1122	
11500	400	3046	16.7891	20	1766	15.2761	8	535	8	58	2	3	1.1644e+06	4.63951e-05	0.445	
10333	396	3028	15	20.49	1780	18.7476	6	535	20	55	16	4	1.33149e+06	5.45792e-05	0.1369	
10323	400	3043	23.7956	29.2581	1780	18.4503	9	530	10	55	44	4	1.06111e+06	6.94637e-05	0.1061	
10323	400	3047	23.7956	29.2773	1780	18.4503	8	533	10	55	50	4	1.06461e+06	6.98275e-05	0.101	
10505	400	3045	24.9909	29.2773	1764	18.615	8	534	14	55	36	4	1.03681e+06	6.82408e-05	0.1171	
10399	338	3038	15	20.6324	1767	17.0447	7	535	18	55	13	4	1.34674e+06	5.37663e-05	0.1512	
10398	351	3049	15	21.2558	1774	18.3639	5	532	19	55	13	4	1.33997e+06	5.42182e-05	0.1472	
10723	400	3050	25	29.8201	1707	18.5234	10	535	16	55	51	3	1.01997e+06	6.76727e-05	0.1258	
10540	400	3045	25	29.2773	1764	18.4503	8	535	18	55	29	3	1.03103e+06	6.7595e-05	0.1188	
10323	400	3043	25	29.2773	1760	18.4957	8	533	14	55	50	4	1.05655e+06	7.09673e-05	0.1022	
10347	338	3038	15	20.6324	1767	17.0447	7	535	18	55	13	4	1.351e+06	5.41712e-05	0.1415	
11500	400	3046	16.7891	20	1766	15.2761	9	534	8	58	2	3	1.16398e+06	4.64059e-05	0.4482	
10295	371	3030	15	20.549	1767	18.1973	5	535	18	55	13	4	1.34427e+06	5.47166e-05	0.1311	
10723	400	3050	25	29.8201	1707	17.3259	10	535	17	60	51	3	1.01988e+06	6.74263e-05	0.1408	
10246	368	3035	15	20.5479	1744	17.7672	6	535	14	57	15	4	1.3487e+06	5.52517e-05	0.1264	
11500	400	3042	21.8153	20.1538	1839	14.0164	6	532	16	62	6	3	1.0602e+06	4.86642e-05	0.4417	
10505	400	3045	25	30	1769	18.4503	8	534	19	55	36	4	1.03667e+06	6.90799e-05	0.1068	
10852	400	3042	25	29.7512	1723	18.4503	8	533	10	55	50	4	1.01231e+06	6.63614e-05	0.1607	
10583	357	3046	15	20.4825	1742	18.1321	7	535	17	59	21	5	1.32771e+06	5.2815e-05	0.1786	
11500	397	3043	17.8187	20	1843	15.254	7	535	13	61	4	3	1.13496e+06	4.66832e-05	0.4075	
10323	400	3043	23.7956	29.1019	1780	18.4503	9	530	10	55	44	4	1.06115e+06	6.92905e-05	0.1066	
11248	400	3028	25	28.6186	1709	17.2308	10	533	15	60	37	5	988543	6.16789e-05	0.2378	
10368	391	3047	23.7956	30	1772	18.4503	8	533	13	55	47	4	1.06129e+06	7.00476e-05	0.0991	
10378	400	3019	22.6017	26.267	1749	18.8741	9	535	13	57	56	3	1.07497e+06	6.60502e-05	0.1064	
10234	395	2990	20.9186	27.6932	1803	18.5581	5	534	15	55	24	4	1.10427e+06	6.61157e-05	0.0877	
10916	329	3050	15	20.4825	1742	18.1321	9	535	17	59	12	4	1.31431e+06	5.00977e-05	0.271	
10547	381	3050	15	21.2452	1778	17.1185	5	535	20	57	5	4	1.31192e+06	5.26427e-05	0.1789	
10938	393	3039	16.1169	23.4414	1856	16.1058	7	535	17	55	10	3	1.19776e+06	5.23204e-05	0.2369	
11500	369	3032	17.55	20	1899	15.7723	7	534	16	59	5	4	1.1599e+06	4.65853e-05	0.3977	
10378	400	3019	22.6017	26.4056	1749	18.8741	9	532	20	57	56	4	1.07662e+06	6.62734e-05	0.103	
10234	395	2987	20.9186	29.6161	1727	18.5581	5	531	15	55	21	4	1.09925e+06	6.84603e-05	0.089	
11500	400	3031	19.926	20.0493	1900	17.1709	10	534	19	60	7	3	1.07876e+06	4.77692e-05	0.4019	
10624	392	3049	23.1064	29.3958	1795	18.7437	7	530	20	56	31	3	1.04149e+06	6.55136e-05	0.1346	
11500	400	3034	19.3526	20.1043	1879	17.8338	10	535	19	58	5	4	1.09032e+06	4.76032e-05	0.381	
11500	368	3026	16.4155	20	1899	16.7104	7	534	20	59	5	4	1.20212e+06	4.63006e-05	0.404	
11248	400	3028	24.3534	28.9114	1708	17.2308	10	535	16	60	37	3	989548	6.15574e-05	0.2284	
11500	389	3032	15.2222	20.4945	1719	14	7	535	19	55	5	3	1.24415e+06	4.65484e-05	0.387	
10579	372	3039	17.6878	21.1427	1754	18.4494	8	535	19	56	22	4	1.18207e+06	5.44603e-05	0.1907	
11500	395	3047	22.9483	20	1849	15.3621	8	530	16	61	11	3	1.04473e+06	4.93048e-05	0.4222	
10587	400	2993	23.3032	28.0756	1752	17.299	10	535	16	55	44	4	1.04251e+06	6.58458e-05	0.1217	
11005	378	3003	19.3235	27.5987	1749	15.3967	8	535	14	55	2	3	1.26321e+06	4.87686e-05	0.3227	
11500	397	3042	15	20	1798	14.9579	8	534	14	58	3	5	1.26387e+06	4.58484e-05	0.4209	
10246	364	3035	15	20.5479	1744	17.3641	6	535	14	57	15	4	1.35023e+06	5.5212e-05	0.126	
11500	381	3044	15.1967	20.1018	1781	14	7	535	14	57	2	3	1.25478e+06	4.58905e-05	0.4177	
11500	398	3010	23.9759	21.3547	1790	15.235	9	535	14	73	11	3	1.01767e+06	5.14774e-05	0.4235	
11500	400	3048	19.4582	20	1889	17.1709	10	534	19	58	2	3	1.0889e+06	4.72903e-05	0.3955	
11500	368	3042	16.4959	20	1822	14.9579	8	535	8	65	2	3	1.19388e+06	4.62193e-05	0.4363	
11011	393	3039	16.3192	23.6737	1779	16.0977	7	533	16	55	10	4	1.18638e+06	5.23972e-05	0.2419	
11431	400	3043	16.2583	22.5152	1745	15.7531	10	535	20	55	21	5	1.17318e+06	4.94633e-05	0.3086	
11479	382	3045	15.2356	20	1868	15.0235	9	534	9	59	2	4	1.25527e+06	4.57938e-05	0.4286	
10210	400	2985	19.8992	28.1567	1734	18.7124	6	532	15	55	7	4	1.11575e+06	6.56771e-05	0.0862	
11500	400	3021	25	28.3441	1756	14.9701	10	533	12	74	23	3	973134	5.92312e-05	0.2993	
10616	400	3034	18.0422	21.8651	1721	17.158	8	535	16	57	16	4	1.15279e+06	5.46448e-05	0.206	
11500	393	3010	22.6047	29.9322	1755	18.1414	6	535	20	59	10	5	997129	5.997e-05	0.2435	
10614	361	3026	17.9216	22.1798	1792	18.3642	6	535	16	57	42	4	1.18014e+06	5.62303e-05	0.162	
10412	400	3043	25	29.2773	1737	18.4957	8	533	14	55	48	4	1.04764e+06	6.99301e-05	0.1035	
11500	400	3042	16.752	20	1861	15.4944	6	533	16	55	9	3	1.17381e+06	4.6365e-05	0.4169	
10323	400	3034	23.7956	29.1019	1780	18.3382	9	531	13	55	44	4	1.06137e+06	6.94396e-05	0.1032	
11500	368	3042	16.4959	20	1798	14.9579	8	534	8	57	2	3	1.19311e+06	4.62342e-05	0.4382	
11500	400	3026	25	29.7773	1772	15.1991	10	534	11	73	28	3	970861	6.08273e-05	0.2856	
10461	399	3030	21.8178	29.8201	1739	18.7927	7	534	16	57	26	3	1.06411e+06	6.68181e-05	0.1022	
11030	377	3036	16.1967	21.8219	1788	17.7	9	535	20	58	36	5	1.21063e+06	5.18215e-05	0.2427	
10323	400	3043	23.7956	29.1019	1780	18.4503	9	531	10	55	44	4	1.06134e+06	6.93049e-05	0.1052	
10893	393	2996	23.1064	29.9322	1761	19	7	535	20	57	33	3	1.01999e+06	6.4771e-05	0.1519	
10461	399	3029	22.1979	29.8201	1766	18.7927	6	533	13	57	26	3	1.06034e+06	6.68986e-05	0.1078	
11231	375	3050	17.6581	20	1839	16.8929	7	533	16	61	10	3	1.15961e+06	4.81951e-05	0.3552	
11393	400	3017	17.1145	20	1899	17.1544	7	534	20	59	5	4	1.16602e+06	4.71609e-05	0.3764	
10723	400	3027	24.1152	29.2081	1713	17.6992	10	535	17	60	51	5	1.02885e+06	6.64982e-05	0.1377	
10378	400	3019	22.6017	26.267	1749	18.8741	9	532	12	57	56	4	1.07623e+06	6.60153e-05	0.1087	
10418	371	3030	15	20.549	1747	18.1973	7	535	17	55	13	4	1.33008e+06	5.37953e-05	0.155	
11391	369	3039	16.1644	23.3369	1764	15.7531	10	535	20	55	25	4	1.18519e+06	5.04668e-05	0.2889	
11500	400	3034	19.3526	20.1043	1889	18.526	10	535	20	59	2	3	1.08916e+06	4.75579e-05	0.3822	
10452	394	3022	20.8918	29.4263	1761	19	5	535	16	55	11	4	1.07981e+06	6.52955e-05	0.0908	
10812	387	3029	15.4547	21.6771	1745	17.351	7	535	18	57	28	4	1.26025e+06	5.26288e-05	0.2077	
11396	371	3025	18.2465	20.411	1899	17.9607	9	535	20	55	16	4	1.13107e+06	4.82486e-05	0.3578	
10913	349	3037	15	20.403	1758	15.1272	6	535	20	56	27	3	1.30786e+06	5.03677e-05	0.2566	
11500	354	3042	16.4959	20	1798	14.9579	8	535	8	57	2	3	1.20073e+06	4.62321e-05	0.4342	
10708	336	3032	19.0899	20.9952	1742	17.7726	5	535	19	55	3	3	1.15412e+06	5.31491e-05	0.2333	
10368	400	3043	23.7956	30	1780	18.4503	8	533	10	55	50	4	1.05914e+06	7.02099e-05	0.1029	
11500	400	3030	24.5772	20.1043	1853	17.5345	10	534	19	58	17	3	1.02384e+06	5.0813e-05	0.3939	
11500	395	3037	17.8629	20	1899	16.7104	7	534	19	59	2	4	1.1378e+06	4.66527e-05	0.3925	
10723	400	3050	24.8056	29.8201	1720	18.4867	10	532	17	60	51	3	1.02096e+06	6.73491e-05	0.1428	
11500	400	3021	25	26.7494	1751	14.9398	10	529	17	65	16	3	978877	5.74779e-05	0.3486	
10320	368	3035	15	20.3996	1750	17.7672	6	535	14	57	17	4	1.34334e+06	5.45703e-05	0.1369	
10299	372	3045	15.1931	21.0777	1735	16.1917	6	535	18	55	9	5	1.32611e+06	5.47975e-05	0.1266	
10893	396	3035	23.1064	29.9322	1731	15.3862	7	535	20	58	22	3	1.01959e+06	6.37511e-05	0.1717	
11500	395	3050	21.2938	20.3568	1875	16.8955	6	534	20	55	6	3	1.0643e+06	4.85201e-05	0.4121	
10371	363	3044	17.3382	23.7767	1803	16.0977	8	533	17	55	18	5	1.19981e+06	5.77934e-05	0.12	
11500	393	3026	25	30	1774	15.4629	10	534	11	77	28	3	972772	6.10948e-05	0.2843	
10461	400	3029	22.1376	29.8201	1739	18.7927	6	532	13	57	28	3	1.06124e+06	6.70421e-05	0.1075	
10461	399	3029	22.1376	29.8201	1739	18.7927	6	533	13	57	26	3	1.06124e+06	6.69568e-05	0.106	
10225	395	3043	17.4922	23.7767	1763	16.0689	7	533	17	55	2	5	1.19452e+06	5.84283e-05	0.1165	
10608	394	3049	21.7828	29.8346	1736	15.9596	5	535	20	55	29	3	1.05747e+06	6.52827e-05	0.1098	
11500	382	3045	15.2356	20	1855	15.0235	9	534	9	59	2	4	1.25445e+06	4.57143e-05	0.4323	
11500	364	3021	18.3959	20	1899	16.6992	8	535	20	58	3	3	1.13505e+06	4.70102e-05	0.385	
11500	393	3010	23.3055	29.9322	1731	17.6602	9	535	20	59	33	3	984674	6.07644e-05	0.2453	
11073	388	3050	18.4021	20.775	1818	18.7687	8	534	16	62	2	5	1.13173e+06	5.00751e-05	0.3158	
11457	400	3016	22.0505	29.7946	1842	15.7369	10	535	15	73	19	3	993396	5.92979e-05	0.255	
11063	400	3029	22.0505	29.7946	1800	16.4548	10	535	15	55	19	4	1.01582e+06	6.17856e-05	0.1876	
11500	382	3038	15.2356	20	1872	15.122	9	535	9	65	2	3	1.25057e+06	4.57603e-05	0.4328	
10826	357	3050	15	20.8982	1742	18.5662	8	535	17	63	19	5	1.30431e+06	5.14112e-05	0.2294	
11500	397	3050	17.8187	20	1843	15.254	8	535	13	62	4	3	1.1325e+06	4.66353e-05	0.4082	
10846	389	3046	16.3715	21.6865	1819	15.872	10	533	18	61	34	4	1.20608e+06	5.26732e-05	0.2291	
10969	360	3027	15.7929	21.8651	1708	17.2634	5	535	16	57	23	4	1.24552e+06	5.16983e-05	0.2472	
11410	327	3039	18.3959	20.1865	1867	14.7726	6	535	20	58	6	4	1.16676e+06	4.75014e-05	0.3699	
10652	399	3027	22.5742	27.2265	1781	18.2593	8	535	17	58	16	4	1.04438e+06	6.21195e-05	0.1573	
10608	400	3042	21.9922	29.8346	1736	15.9596	5	535	20	55	29	3	1.05319e+06	6.54793e-05	0.1111	
11174	339	3046	17.3589	20.5283	1839	15.199	6	534	20	60	4	5	1.19322e+06	4.86169e-05	0.3338	
11449	400	3036	23.4298	23.9955	1833	15.9786	10	529	11	70	19	3	1.00516e+06	5.36625e-05	0.3529	
11490	400	2999	23.2714	23.408	1827	15.9786	10	524	13	69	20	3	1.01029e+06	5.3234e-05	0.3798	
10938	400	3039	16.5432	23.7767	1781	15.2703	7	535	17	56	11	3	1.17454e+06	5.29857e-05	0.2239	
11073	392	2992	20.0918	27.5987	1832	15.969	9	535	20	59	43	4	1.05453e+06	5.91646e-05	0.1894	
10736	400	3009	21.859	23.1555	1856	15.4696	7	535	17	55	19	4	1.06293e+06	5.6802e-05	0.2319	
11167	387	3028	15.2524	21.2208	1700	15.3414	8	535	20	63	26	3	1.24908e+06	4.98306e-05	0.2834	
10166	344	3050	18.4133	24.5417	1731	17.9826	7	534	14	55	17	5	1.19135e+06	6.12182e-05	0.0935	
10547	370	3050	15.2805	20.4417	1778	19	5	535	20	55	15	4	1.30555e+06	5.26843e-05	0.1869	
10369	397	3023	22.6047	28.5717	1731	18.7868	7	533	18	55	33	3	1.06807e+06	6.72405e-05	0.0961	
10894	400	3036	24.1391	30	1708	17.037	10	534	14	55	37	3	1.0092e+06	6.52061e-05	0.1686	
10461	382	3013	16.1907	21.3326	1708	15.3977	5	532	20	56	24	3	1.25082e+06	5.51025e-05	0.156	
11500	354	3044	15.7016	20	1848	15.5654	7	532	17	57	2	3	1.24252e+06	4.58947e-05	0.4275	
10664	388	3020	16.8369	21.8651	1700	16.2247	5	533	20	57	24	4	1.20485e+06	5.42623e-05	0.1932	
11500	368	3026	15.6813	20	1899	16.7104	7	534	20	59	5	4	1.23674e+06	4.60723e-05	0.4143	
11500	400	3019	24.7352	26.2687	1867	16.5313	8	535	20	68	19	3	984356	5.64366e-05	0.3043	
10739	391	3049	15	20.7776	1765	15.7329	8	534	14	56	27	4	1.29611e+06	5.18135e-05	0.2167	
10578	400	3023	19.8967	25.9112	1794	18.5589	8	535	20	55	8	5	1.0927e+06	5.95274e-05	0.1448	
10098	382	3040	17.2553	24.4252	1741	16.6619	6	529	19	55	8	5	1.21926e+06	6.06833e-05	0.0942	
10361	379	3044	20.406	27.1778	1743	17.0585	7	535	20	56	22	5	1.10799e+06	6.35082e-05	0.0963	
11296	399	3023	15.1305	20.5017	1820	15.9618	8	535	20	58	2	4	1.25331e+06	4.74248e-05	0.3663	
10883	400	3046	15	21.2159	1812	18.0616	6	535	17	63	23	5	1.28483e+06	5.11849e-05	0.2359	
10774	399	3038	16.1941	21.434	1746	17.5773	7	534	18	61	29	5	1.22287e+06	5.30082e-05	0.2068	
11395	400	3023	15.4547	21.6771	1767	16.8941	9	535	17	57	31	3	1.21978e+06	4.91039e-05	0.3205	
11500	398	3033	24.0736	20.6146	1798	16.675	10	533	13	74	5	3	1.02166e+06	5.06919e-05	0.4253	
11500	400	3029	22.0505	21.3653	1859	16.6552	10	535	12	73	21	3	1.03571e+06	5.02993e-05	0.3998	
10823	375	3050	15.9394	21.2688	1794	15.365	10	535	18	65	31	4	1.23506e+06	5.22903e-05	0.2246	
11000	400	3042	18.5884	26.7036	1822	17.5272	7	535	19	58	30	4	1.09481e+06	5.71723e-05	0.1856	
10944	397	3038	15	20.1018	1782	14	9	534	19	59	5	3	1.27727e+06	4.895e-05	0.3151	
11500	354	3044	15.7016	20	1848	15.5654	7	532	18	55	2	3	1.24264e+06	4.58926e-05	0.426	
10256	348	3014	18.7678	26.0579	1776	18.5958	8	534	18	55	3	5	1.16053e+06	6.1736e-05	0.0916	
10176	375	3050	17.2553	24.4252	1769	16.9715	7	529	19	55	8	5	1.21177e+06	5.96766e-05	0.0963	
11248	400	3035	24.3534	27.8955	1741	14.959	10	535	16	60	36	3	990780	6.00456e-05	0.2474	
10607	393	2996	23.1064	29.9322	1729	17.9161	7	535	20	60	33	3	1.04204e+06	6.70916e-05	0.1239	
10780	375	3043	15	21.5456	1775	15.5371	4	533	20	59	11	4	1.30145e+06	5.14827e-05	0.2273	
11289	392	3037	15	20	1733	16.1301	6	535	15	63	3	4	1.27361e+06	4.71676e-05	0.3729	
11499	400	3004	20.9613	20.4248	1898	17.0964	10	534	20	58	2	3	1.05668e+06	4.86879e-05	0.4058	
10323	400	3036	23.7956	29.2773	1780	18.4503	8	535	10	55	50	4	1.06482e+06	6.99986e-05	0.1	
10723	400	3050	24.8056	29.8201	1720	17.6992	10	535	17	60	51	3	1.02112e+06	6.72902e-05	0.1392	
11500	337	3036	15.2222	20.4945	1719	14	7	535	19	55	5	3	1.27415e+06	4.65203e-05	0.3869	
10399	389	3047	19.5016	24.5587	1748	18.468	7	534	11	55	7	4	1.12297e+06	5.90842e-05	0.1433	
10778	396	3018	23.433	29.3676	1823	17.3463	8	535	17	55	35	3	1.02479e+06	6.46831e-05	0.1515	
11500	400	3021	24.7352	26.2687	1867	16.5313	8	535	20	68	9	3	984344	5.62778e-05	0.3068	
11500	400	3035	25	28.3086	1748	14.3233	10	533	12	74	44	3	974316	5.93507e-05	0.2948	
11500	400	3046	16.7891	20	1824	15.2761	8	535	8	58	2	3	1.16764e+06	4.62535e-05	0.4303	
11458	400	3045	16.752	20	1888	15.4944	6	533	16	55	2	3	1.17816e+06	4.63092e-05	0.4003	
10210	400	2985	19.3536	27.1049	1745	18.7663	6	532	16	55	9	3	1.12803e+06	6.42055e-05	0.0881	
10418	371	3030	15	20.549	1751	18.1973	7	535	17	55	13	4	1.3301e+06	5.37837e-05	0.1553	
10913	349	3050	15.1613	20.403	1763	15.1301	4	534	20	56	27	3	1.30376e+06	5.02639e-05	0.2674	
11500	336	3050	15.2875	20.1411	1859	14.9678	7	535	18	57	3	3	1.27639e+06	4.58001e-05	0.4164	
10840	400	3030	22.5907	26.5667	1738	18.0611	9	531	17	59	40	4	1.03512e+06	6.09459e-05	0.1901	
11248	400	3028	24.3534	25.9977	1708	17.2308	10	533	16	61	37	3	996312	5.83942e-05	0.2785	
11500	364	3026	17.5484	20	1895	15.3332	9	535	9	65	2	3	1.15838e+06	4.65701e-05	0.4085	
11500	400	3045	21.9091	29.7946	1842	15.7369	10	535	15	55	19	3	995009	5.88616e-05	0.2545	
11500	399	3026	25	26.7494	1829	14.9879	8	534	12	71	16	3	981285	5.70939e-05	0.3251	
11266	392	3050	18.4021	20.4129	1869	16.9497	8	535	17	65	14	5	1.12683e+06	4.87401e-05	0.3467	
11161	387	2966	22.8149	29.7508	1725	17.8845	8	535	19	64	26	3	1.00705e+06	6.25274e-05	0.1999	
10587	400	2987	23.3032	28.0756	1751	17.1753	10	535	16	55	44	4	1.04221e+06	6.59022e-05	0.1222	
11500	376	3044	15.7016	20.0188	1848	14.9866	7	531	17	58	2	3	1.23067e+06	4.58821e-05	0.4312	
11313	393	3026	19.8076	22.4013	1843	17.6816	8	535	18	55	10	4	1.07441e+06	5.0984e-05	0.322	
10938	393	3039	16.3192	23.6737	1781	16.0977	7	535	17	55	10	3	1.18777e+06	5.28262e-05	0.2219	
11270	400	3016	22.0505	29.2704	1842	15.7369	10	535	15	71	19	3	1.00326e+06	5.9641e-05	0.2403	
11292	400	3023	15.4547	21.6771	1749	17.5456	9	535	18	57	31	3	1.22355e+06	4.98157e-05	0.2976	
10826	390	3041	15	22.214	1816	15.8235	6	535	16	62	21	5	1.28619e+06	5.21893e-05	0.2143	
11106	400	3050	15	20.1018	1851	16.0861	9	535	19	57	5	4	1.27293e+06	4.78583e-05	0.3444	
11303	400	3047	19.2917	20	1836	14.6622	7	534	15	61	19	3	1.10143e+06	4.86381e-05	0.364	
11500	400	3036	18.4359	20.0493	1900	17.1709	10	534	19	60	7	3	1.11234e+06	4.70854e-05	0.3879	
11430	382	3025	18.2465	20	1899	18.1747	9	534	20	58	14	4	1.13022e+06	4.77054e-05	0.3721	
10835	390	3041	15	21.638	1816	15.6891	6	535	15	63	21	5	1.28926e+06	5.16636e-05	0.2265	
11500	400	3019	25	26.2687	1867	16.5313	8	535	20	68	11	3	982648	5.6494e-05	0.3071	
11500	398	2999	24.6374	25.4613	1729	15.235	9	533	15	66	14	3	986224	5.61073e-05	0.3476	
10614	361	3026	17.9216	22.2587	1792	18.1083	5	535	16	57	34	4	1.17923e+06	5.57849e-05	0.1699	
11073	388	3050	17.957	20.412	1818	18.7687	8	534	17	56	2	5	1.14782e+06	4.9586e-05	0.3142	
11290	399	3050	18.5111	20	1823	16.2339	7	535	17	60	6	3	1.12118e+06	4.81047e-05	0.359	
10547	368	3050	15.2805	20.4417	1778	19	5	535	20	55	16	4	1.30681e+06	5.27343e-05	0.1848	
11324	392	3050	18.4021	20.4129	1832	16.9497	8	535	16	56	14	5	1.12459e+06	4.85154e-05	0.3564	
11174	339	3048	17.3589	20.5283	1839	14.8001	7	534	20	60	4	5	1.1903e+06	4.85861e-05	0.3348	
11061	376	3050	15	20.1018	1863	15.0312	6	535	19	61	2	4	1.29311e+06	4.79203e-05	0.3369	
11264	400	3018	17.3589	20	1868	16.6292	6	535	12	59	7	3	1.15779e+06	4.79685e-05	0.3622	
11500	397	3050	17.3086	20	1843	15.7921	8	535	15	62	4	3	1.15164e+06	4.64814e-05	0.4105	
10559	400	3035	18.0448	22.2325	1700	17.006	8	535	16	57	24	4	1.15706e+06	5.58753e-05	0.1765	
10360	378	3030	15	21.6168	1765	18.1973	8	535	18	55	7	4	1.3226e+06	5.48366e-05	0.1318	
10235	367	3030	15	20.8843	1765	18.1973	8	535	18	55	7	4	1.34205e+06	5.52639e-05	0.1245	
10455	380	3050	15	21.2433	1778	18.5472	5	535	20	55	15	4	1.32302e+06	5.38996e-05	0.1478	
11220	387	3048	15.7046	21.2208	1700	15.3414	8	535	18	63	26	3	1.22074e+06	4.94462e-05	0.3016	
11429	391	3003	24.8523	26.7551	1823	18.6171	10	530	20	57	43	3	985224	5.85926e-05	0.2938	
11500	368	3035	17.8629	20	1899	16.7104	7	534	19	59	5	4	1.15043e+06	4.67399e-05	0.3918	
10985	400	3019	21.9114	28.1197	1775	14.3697	9	535	16	56	18	3	1.02596e+06	6.01793e-05	0.2114	
10399	379	3044	18.2673	26.0226	1753	18.4694	7	535	11	55	10	4	1.15137e+06	6.01757e-05	0.1056	
11500	369	3032	16.2796	20	1899	15.7723	7	534	16	59	5	4	1.20905e+06	4.61404e-05	0.4108	
10659	370	3044	15.7216	22.1528	1797	16.414	6	535	16	55	8	5	1.25876e+06	5.28961e-05	0.1976	
11376	400	3017	17.1145	20	1899	17.1544	7	535	20	59	5	3	1.16328e+06	4.72255e-05	0.3709	
10931	399	3050	20.2785	20.775	1729	17.2322	9	531	18	60	12	3	1.08556e+06	5.22466e-05	0.2951	
10499	360	3050	19.2112	24.3755	1729	16.2764	6	535	18	56	17	4	1.13685e+06	5.82717e-05	0.1462	
11388	383	3020	18.3959	20.9531	1899	16.6992	7	533	13	58	3	3	1.1204e+06	4.83442e-05	0.371	
10558	397	3029	22.9706	28.5717	1711	18.7868	7	535	20	55	33	3	1.04904e+06	6.57419e-05	0.1114	
11003	400	3038	15	21.6771	1795	15.7619	8	535	17	59	28	4	1.2698e+06	5.08828e-05	0.2499	
11413	400	3026	19.2764	22.4013	1843	17.3798	8	535	20	55	10	4	1.07797e+06	5.02084e-05	0.3425	
10971	357	3020	15	21.1206	1742	18.0616	9	535	17	62	19	4	1.28982e+06	5.08388e-05	0.2526	
10774	399	3037	16.1941	21.6526	1746	17.5773	7	534	18	61	29	5	1.22138e+06	5.32e-05	0.2022	
10693	400	3049	24.6342	29.8201	1724	17.8062	8	535	16	56	35	3	1.02213e+06	6.67379e-05	0.1389	
11335	400	3028	25	29.4037	1709	17.2308	10	533	15	60	37	5	983211	6.20117e-05	0.2439	
10969	400	3027	15.7929	21.8651	1708	17.2634	5	535	16	57	21	4	1.22824e+06	5.16156e-05	0.2491	
10921	381	3029	15.8029	21.6771	1746	17.351	10	535	11	60	21	4	1.2294e+06	5.17357e-05	0.2468	
10891	385	3043	23.8148	27.3753	1846	16.7621	10	534	15	58	24	3	1.01921e+06	6.0983e-05	0.2051	
10758	357	3021	18.6164	22.4539	1831	18.5611	8	535	18	57	13	4	1.14051e+06	5.42211e-05	0.2195	
10430	400	3005	21.2867	29.7946	1763	15.5932	9	535	17	55	13	3	1.06794e+06	6.61594e-05	0.105	
10452	400	3020	20.8918	28.8119	1759	18.8735	5	531	16	55	11	4	1.07956e+06	6.45411e-05	0.1044	
11500	336	3050	15.1967	20	1859	15.428	7	535	18	57	3	3	1.28311e+06	4.5685e-05	0.419	
11393	376	3050	19.1706	20.775	1849	18.5804	8	535	15	61	3	4	1.10576e+06	4.85602e-05	0.3648	
11241	400	3042	25	29.2773	1760	18.4957	8	533	14	55	32	4	988143	6.21968e-05	0.239	
11012	389	3050	16.3715	21.6865	1794	15.872	10	535	19	65	32	5	1.19663e+06	5.14933e-05	0.26	
11273	399	2996	17.8573	25.8624	1843	16.6552	10	534	20	60	11	3	1.09515e+06	5.40628e-05	0.2503	
11500	400	3050	16.281	20	1825	15.7665	7	529	12	61	2	3	1.19233e+06	4.61318e-05	0.4491	
11153	399	3050	20.2785	20.4896	1729	17.0256	9	534	20	60	12	3	1.07875e+06	5.05945e-05	0.33	
10962	357	3050	15	21.1206	1742	18.0616	9	535	17	63	19	4	1.29109e+06	5.06124e-05	0.2516	
11169	349	3046	15	22.0733	1806	15.4535	8	535	18	65	24	5	1.28407e+06	5.0005e-05	0.2779	
11263	400	3011	23.2022	25.4964	1807	18.0427	8	534	17	55	22	4	1.00948e+06	5.66669e-05	0.2769	
11296	399	3023	18.4977	20.5017	1820	15.9618	8	534	20	58	2	4	1.11623e+06	4.86263e-05	0.3558	
11292	400	3023	15.8134	21.6771	1749	17.5456	9	535	18	57	31	3	1.20406e+06	4.99226e-05	0.2983	
10416	400	3034	20.1379	27.0183	1811	17.1673	10	534	16	56	20	4	1.0965e+06	6.24337e-05	0.1175	
10962	357	3050	15	21.1206	1742	18.0616	9	535	17	63	16	4	1.29024e+06	5.04872e-05	0.2552	
10422	374	3050	18.932	21.7393	1708	15.1586	5	535	17	56	13	4	1.15647e+06	5.60884e-05	0.1732	
11500	400	3026	22.4967	21.8517	1873	17.1709	10	534	19	60	11	3	1.02569e+06	5.0782e-05	0.3756	
11500	398	3044	18.206	20	1877	15.254	6	535	13	61	4	3	1.12837e+06	4.67399e-05	0.397	
10894	395	3042	24.6342	29.8201	1708	17.293	10	534	19	59	37	3	1.00848e+06	6.51763e-05	0.1707	
11416	398	3038	20.3118	20.8574	1838	17.5289	7	535	16	56	8	4	1.07614e+06	4.91811e-05	0.3637	
11500	399	2999	24.6374	23.0034	1755	14.8665	10	533	15	74	11	3	997493	5.35848e-05	0.3909	
10497	400	3045	25	29.2773	1764	18.5114	7	535	15	55	36	4	1.03878e+06	6.83387e-05	0.1123	
11289	388	3050	18.9013	20	1789	16.1021	8	535	18	65	8	3	1.11213e+06	4.8459e-05	0.3617	
10894	400	3042	23.0797	24.9632	1708	18.1958	8	535	19	59	28	3	1.02912e+06	5.87372e-05	0.2176	
10441	380	3024	20.8942	28.3758	1718	18.0304	6	535	16	55	18	4	1.08772e+06	6.44787e-05	0.098	
10995	367	3042	15.1678	22.4053	1701	16.8115	8	533	15	60	2	4	1.26592e+06	5.09528e-05	0.2525	
11215	400	3050	16.0235	20	1887	17.6469	6	535	16	61	6	4	1.21797e+06	4.75217e-05	0.3606	
11500	398	2999	24.6374	24.1075	1729	15.2632	10	533	15	73	27	3	992244	5.49722e-05	0.3404	
11322	392	3026	19.2764	22.4013	1843	17.6816	8	535	18	55	10	4	1.0844e+06	5.07099e-05	0.3284	
10449	376	3044	15.1243	22.8147	1735	16.4925	7	535	17	55	2	5	1.30406e+06	5.47675e-05	0.1354	
11500	400	3026	25	29.9957	1772	15.5692	10	534	11	74	28	3	970399	6.11023e-05	0.2825	
11300	398	3046	15.6576	20.3121	1889	15.6939	7	535	13	57	2	4	1.22997e+06	4.69682e-05	0.3802	
11030	386	3050	15.4052	22.2123	1773	16.0595	9	534	19	67	26	4	1.24192e+06	5.12821e-05	0.2478	
10409	396	3027	15	20.6721	1735	17.7672	8	535	14	55	15	3	1.31677e+06	5.40307e-05	0.1539	
11400	395	3027	23.053	23.3369	1869	15.7531	10	532	20	59	33	4	1.01755e+06	5.34388e-05	0.3281	
10579	359	3039	18.6936	24.3755	1732	18.4081	6	535	19	56	24	4	1.1464e+06	5.80349e-05	0.1362	
10877	388	3050	19.6281	22.6867	1829	15.7461	8	533	19	57	56	4	1.10344e+06	5.55679e-05	0.208	
10547	385	3046	16.5725	21.2922	1778	17.3856	5	535	20	55	9	4	1.22398e+06	5.34188e-05	0.1949	
10234	400	3035	19.6494	25.9112	1794	18.42	8	535	17	55	8	5	1.12558e+06	6.222e-05	0.0991	
11500	400	3030	24.5772	20.1043	1889	17.81	10	534	19	58	17	3	1.02549e+06	5.07434e-05	0.3863	
11088	400	3042	24.212	29.8201	1700	17.4485	8	535	20	60	29	3	998948	6.32711e-05	0.1969	
11500	400	3038	20.3118	20.8574	1838	17.5681	9	535	16	56	8	4	1.06904e+06	4.87638e-05	0.3745	
11500	400	3040	24.4214	21.3191	1766	14.8225	9	534	7	58	2	3	1.01475e+06	5.13611e-05	0.4266	
10614	400	3034	15.6986	21.279	1741	17.158	9	535	16	57	16	4	1.25164e+06	5.31943e-05	0.1897	
11391	400	3034	16.808	22.7668	1764	16.1049	10	535	20	57	16	4	1.14704e+06	4.99625e-05	0.3093	
10680	359	3050	18.6936	23.1898	1816	18.4081	6	535	18	55	39	4	1.14868e+06	5.64685e-05	0.1638	
10842	387	3029	18.0531	21.1769	1807	17.3315	7	535	18	56	14	4	1.14806e+06	5.21431e-05	0.2531	
10979	388	3050	21.2747	23.4756	1817	19	10	532	16	55	35	4	1.05721e+06	5.56235e-05	0.2453	
11322	392	3026	19.2764	22.1413	1834	14.7906	9	535	18	55	10	3	1.08131e+06	5.02968e-05	0.3324	
11030	392	3039	18.2075	20.2653	1829	17.3426	9	533	17	55	44	4	1.1425e+06	5.1406e-05	0.2881	
10412	386	3021	20.429	29.1428	1795	18.7066	6	534	20	55	10	4	1.09129e+06	6.48803e-05	0.0898	
10961	400	3045	16.7891	20	1769	15.2761	8	535	8	58	2	3	1.18677e+06	4.92344e-05	0.3272	
10499	317	3038	15.4481	22.5054	1770	17.3482	9	535	18	56	4	5	1.30887e+06	5.44218e-05	0.1464	
11500	400	3038	15.2356	20	1872	15.122	6	535	6	57	3	3	1.25022e+06	4.57101e-05	0.4356	
10409	395	3031	15	20.6721	1726	17.7672	7	535	18	55	14	4	1.32143e+06	5.40044e-05	0.1481	
11199	395	3050	15.4075	22.4284	1817	14.0806	9	534	16	70	34	3	1.22671e+06	5.05485e-05	0.2818	
10418	371	3029	15	20.6897	1751	16.1838	8	535	17	57	14	4	1.3267e+06	5.38329e-05	0.153	
11263	381	3009	23.4489	25.4964	1807	18.1853	8	534	17	55	22	4	1.01411e+06	5.68537e-05	0.276	
11169	314	3050	15	21.6771	1764	15.2472	6	535	18	70	28	6	1.31776e+06	4.9975e-05	0.2798	
11500	400	3044	19.3755	20	1889	16.6026	10	534	19	56	7	3	1.09095e+06	4.73642e-05	0.3889	
10921	390	3041	15	21.638	1816	16.0986	7	535	15	62	21	5	1.28133e+06	5.10751e-05	0.2443	
10587	400	3030	21.4721	26.8307	1763	17.278	8	535	15	55	16	4	1.06314e+06	6.14931e-05	0.1487	
10575	394	3021	20.4516	29.0942	1765	18.7066	5	535	13	55	12	4	1.07884e+06	6.36213e-05	0.111	
11357	397	3022	24.854	27.2114	1817	14	8	535	20	60	23	3	986236	5.85069e-05	0.2763	
11500	400	3050	25	29.8201	1730	17.8895	10	535	17	60	55	3	974891	6.16105e-05	0.2465	
11500	393	3003	24.8523	27.1289	1848	17.0844	8	535	18	62	19	3	982573	5.77201e-05	0.2991	
11500	337	3036	15.2222	20.1018	1719	14	7	535	19	55	5	3	1.27748e+06	4.61915e-05	0.3957	
11155	400	3050	16.6651	20.0026	1833	16.0861	10	535	19	64	5	4	1.18318e+06	4.81672e-05	0.3426	
11500	399	3038	22.9012	26.8182	1743	17.0337	7	535	15	62	35	4	1.00211e+06	5.65963e-05	0.2926	
11500	400	3042	16.752	20	1839	15.4944	6	533	14	55	5	3	1.17309e+06	4.63177e-05	0.4236	
11288	352	3050	15.0183	21.3369	1787	16.0704	9	533	18	69	27	5	1.27926e+06	4.89165e-05	0.3182	
11088	380	3040	16.809	20.1018	1843	16.5451	6	534	15	58	6	4	1.19534e+06	4.86571e-05	0.3326	
10823	376	3050	15.9394	21.3593	1794	15.1361	10	535	18	65	32	4	1.23424e+06	5.24054e-05	0.2214	
10588	395	3049	21.9027	24.7269	1788	18.5611	7	535	16	55	2	4	1.06504e+06	5.88374e-05	0.177	
10497	400	3045	25	29.2773	1764	18.4503	8	534	14	55	36	4	1.03772e+06	6.83293e-05	0.1167	
10681	338	3044	15	20.6324	1763	16.5229	7	535	18	55	13	4	1.32474e+06	5.15623e-05	0.2182	
10852	400	3043	25	30	1723	18.4503	8	533	20	55	50	4	1.01289e+06	6.67156e-05	0.1442	
11054	400	3042	19.2917	20	1802	15.451	7	535	13	56	12	4	1.11282e+06	5.00325e-05	0.3244	
11289	388	3050	18.9013	20	1789	16.1021	8	535	18	66	6	4	1.11527e+06	4.84215e-05	0.3632	
10619	351	3017	19.4847	26.9211	1775	15.2652	8	535	17	55	18	4	1.11155e+06	6.02918e-05	0.1334	
10964	392	3048	18.6164	26.9211	1812	18.5611	7	535	15	55	7	3	1.09325e+06	5.69184e-05	0.1927	
11086	400	3046	22.8011	30	1781	17.3648	10	535	15	63	8	3	1.00608e+06	6.18162e-05	0.2045	
10470	399	3026	18.3705	22.2877	1748	18.5522	5	535	18	56	24	5	1.16182e+06	5.68958e-05	0.1533	
11430	382	3025	18.2465	20	1899	18.1747	9	534	20	58	10	4	1.13086e+06	4.75964e-05	0.3738	
11368	400	3024	19.2764	22.1853	1827	17.6816	8	535	20	55	8	4	1.0808e+06	5.02866e-05	0.3387	
10950	385	3000	21.5876	25.4438	1886	16.4217	8	534	19	57	8	3	1.04515e+06	5.69736e-05	0.235	
10256	318	3030	18.9674	26.0579	1776	18.5958	8	535	14	55	3	5	1.17218e+06	6.16371e-05	0.0961	
10412	322	3020	20.3361	28.5985	1765	18.7066	5	534	20	55	12	4	1.12431e+06	6.43749e-05	0.0884	
10974	400	3049	24.6342	29.8201	1708	17.6366	8	535	16	56	35	3	1.00313e+06	6.4512e-05	0.1809	
10369	397	3023	22.6942	28.5717	1750	17.4317	7	533	18	55	33	5	1.06949e+06	6.71501e-05	0.1003	
10886	393	3035	22.6017	26.2886	1794	16.8467	9	534	19	56	56	3	1.03593e+06	6.07792e-05	0.1709	
11500	400	3010	25	20.8833	1729	15.235	9	535	14	73	11	3	1.01194e+06	5.19588e-05	0.4403	
11500	400	3035	16.4155	20	1899	16.7104	7	534	20	59	8	3	1.18445e+06	4.62877e-05	0.4056	
10566	399	3042	25	29.8201	1727	17.7609	9	535	16	57	38	3	1.03019e+06	6.84135e-05	0.1235	
10913	361	3050	15.1613	20.403	1762	15.3404	4	534	20	56	27	5	1.30308e+06	5.03094e-05	0.2635	
11081	400	3046	15	21.8328	1757	15.2472	6	535	18	71	24	6	1.27182e+06	5.05612e-05	0.2631	
10765	377	3040	22.1458	30	1780	18.0904	7	535	19	60	20	4	1.04375e+06	6.41231e-05	0.139	
11215	389	3050	16.0235	20	1886	17.5367	5	533	17	57	5	4	1.22439e+06	4.74654e-05	0.3657	
11129	400	3040	19.4847	25.9171	1775	16.0488	8	534	20	57	22	6	1.07102e+06	5.57165e-05	0.2298	
10604	378	3018	20.4516	23.8086	1765	18.7066	5	535	14	55	10	3	1.09593e+06	5.75705e-05	0.1757	
11007	400	3029	15.4547	21.6771	1763	17.351	7	534	17	56	28	4	1.24362e+06	5.12269e-05	0.2557	
11500	394	3014	15	22.237	1803	14.1119	10	535	18	56	6	4	1.2398e+06	4.80192e-05	0.3436	
10992	397	3040	17.6398	20.1975	1818	15.254	8	535	15	60	16	3	1.1535e+06	5.002e-05	0.3013	
11500	398	3033	24.0736	20	1798	16.675	10	532	13	74	5	3	1.02811e+06	5.0226e-05	0.4297	
11092	393	3025	17.7714	20.0683	1876	17.1636	9	533	19	55	14	4	1.15e+06	4.9412e-05	0.3201	
11235	400	3002	18.4415	20.5319	1839	14	6	535	15	60	3	4	1.1262e+06	4.89812e-05	0.3493	
10575	371	3020	20.4516	28.4912	1765	18.7066	5	534	14	55	12	4	1.08742e+06	6.29247e-05	0.1169	
10521	400	3042	20.0877	22.3743	1798	18.2026	10	532	16	58	16	5	1.10502e+06	5.67472e-05	0.184	
11500	393	2996	23.1064	30	1849	18.8812	7	531	20	56	30	3	987117	6.05877e-05	0.2596	
10846	383	3050	16.2482	21.6865	1794	15.1361	10	535	19	65	32	4	1.21274e+06	5.25928e-05	0.2223	
11381	400	3040	19.4847	26.9211	1775	16.0238	8	534	17	59	12	6	1.05493e+06	5.51876e-05	0.2584	
11500	400	3040	19.5735	20	1889	17.1709	10	534	19	57	8	3	1.08705e+06	4.75489e-05	0.3901	
11500	400	3034	19.3526	20.1043	1845	18.526	10	535	20	59	5	3	1.08803e+06	4.77509e-05	0.3778	
10490	383	3040	15.2222	21.3441	1779	16.4525	7	534	20	57	8	3	1.29381e+06	5.33817e-05	0.1694	
10796	400	3023	22.0505	28.5472	1761	15.9334	6	535	16	55	23	4	1.04112e+06	6.23403e-05	0.1651	
11500	400	3027	24.4057	23.9335	1732	17.7857	9	535	16	71	11	3	995844	5.41947e-05	0.3366	
10415	337	3042	20.8265	21.5471	1786	18.3323	7	535	15	55	26	6	1.13855e+06	5.78804e-05	0.1528	
10398	359	3049	15.2486	21.5273	1774	18.447	5	535	19	55	13	4	1.31797e+06	5.45941e-05	0.1337	
10723	400	3012	20.4972	21.988	1775	18.8597	8	529	15	58	23	4	1.08967e+06	5.56421e-05	0.2327	
10767	400	3029	18.0531	21.6186	1700	17.3315	8	535	18	56	24	3	1.143e+06	5.37981e-05	0.2317	
10547	381	3050	15	21.2922	1778	15.1301	5	535	20	56	15	4	1.31584e+06	5.30307e-05	0.1645	
11500	399	2999	24.6374	23.0034	1760	14.8665	10	533	15	74	11	4	1.00036e+06	5.3582e-05	0.3934	
11500	400	3044	25	28.3086	1748	14.3233	10	534	13	74	19	3	973364	5.89102e-05	0.2958	
10348	379	3044	20.406	27.1778	1743	17.0391	7	535	20	56	22	5	1.10889e+06	6.35849e-05	0.0957	
10345	392	3043	18.9441	26.9432	1850	17.5033	7	535	16	55	4	4	1.12895e+06	6.13422e-05	0.1073	
11500	379	3040	24.4214	21.3191	1766	15.0431	9	534	9	57	2	3	1.02345e+06	5.1369e-05	0.421	
11500	397	3041	24.5058	27.7637	1812	17.7217	10	528	16	77	12	3	979350	5.79206e-05	0.3261	
10406	392	3050	17.4673	23.2184	1753	16.5362	6	533	16	57	4	4	1.18483e+06	5.6373e-05	0.1565	
11220	395	3001	21.0584	23.1922	1828	15.4207	9	535	19	61	10	3	1.04525e+06	5.29493e-05	0.2995	
10587	400	3039	23.3032	28.1905	1752	16.8477	9	535	20	55	8	4	1.03827e+06	6.38162e-05	0.1453	
10921	387	3027	15.4547	21.6771	1745	17.2247	7	535	18	58	28	4	1.25275e+06	5.18888e-05	0.2301	
10566	399	3042	25	29.8201	1727	17.7609	10	535	16	57	37	3	1.02937e+06	6.83854e-05	0.124	
11061	392	2993	19.3235	20.7762	1808	15.3967	8	535	17	63	6	3	1.10172e+06	5.09269e-05	0.3128	
10677	399	3035	20.9015	29.057	1815	17.0359	6	535	12	57	25	3	1.06059e+06	6.3008e-05	0.1379	
11293	400	3043	22.2195	28.3945	1858	16.6552	10	535	13	59	17	3	1.00466e+06	5.83533e-05	0.2627	
10422	383	3023	17.3622	26.0579	1776	18.5958	8	535	14	55	3	5	1.17619e+06	5.94919e-05	0.1104	
10693	400	3033	23.59	29.8201	1724	17.8062	8	535	16	58	35	3	1.02987e+06	6.61594e-05	0.1372	
10602	371	3028	15.1959	20.6897	1751	16.1838	8	535	17	57	14	4	1.29805e+06	5.24714e-05	0.1997	
11168	400	3030	22.2991	29.782	1769	15.5932	10	533	17	55	14	3	1.00653e+06	6.11658e-05	0.2088	
11081	400	3025	15.2068	21.8328	1777	15.2472	6	535	19	71	24	6	1.25768e+06	5.07666e-05	0.2652	
11073	388	3050	17.957	20.775	1818	18.7687	8	534	17	56	2	5	1.14452e+06	4.98828e-05	0.3107	
10399	368	3047	18.2673	26.0226	1753	18.4694	7	534	11	55	10	4	1.15507e+06	6.01323e-05	0.1079	
10526	400	3050	16.2583	22.8238	1745	16.099	9	535	20	55	21	5	1.22513e+06	5.55001e-05	0.1397	
10849	357	3050	15	20.4825	1742	16.4816	7	535	17	59	28	5	1.31011e+06	5.10412e-05	0.2338	
10575	394	3021	20.4516	29.0942	1775	18.7066	5	534	13	55	8	4	1.0777e+06	6.34236e-05	0.1159	
11500	398	2999	24.6374	24.1075	1732	15.2632	10	533	15	73	27	3	992846	5.49632e-05	0.3408	
11500	368	3048	16.4959	20	1781	14.9579	8	534	8	57	2	3	1.19274e+06	4.62278e-05	0.441	
10965	393	2990	22.729	30	1740	18.8258	10	535	19	59	34	3	1.01671e+06	6.42756e-05	0.1604	
11289	364	3050	18.5111	20	1823	16.1021	7	535	17	60	3	3	1.13624e+06	4.80215e-05	0.3599	
11500	400	3016	22.0505	29.7946	1842	15.7369	10	535	15	71	19	3	991693	5.90947e-05	0.2594	
11423	398	3042	25	30	1742	17.2328	7	535	20	60	13	6	983181	6.14326e-05	0.2518	
11085	388	2997	21.2467	21.7665	1790	15.4405	10	534	20	57	17	3	1.05841e+06	5.29549e-05	0.2916	
11258	400	3040	19.4847	26.9211	1775	16.0488	8	534	20	59	22	6	1.06017e+06	5.6057e-05	0.2323	
11500	400	3050	22.2406	20	1836	14.9301	7	535	12	59	8	4	1.0556e+06	4.87686e-05	0.4283	
11500	400	3041	20.6306	21.6281	1836	15.2437	10	535	13	60	8	4	1.05522e+06	4.94144e-05	0.3692	
11220	396	3001	21.471	23.1922	1828	15.4207	10	533	18	61	18	3	1.03769e+06	5.33874e-05	0.3023	
10412	348	3028	20.3361	28.5985	1765	17.6648	5	534	20	55	9	4	1.11032e+06	6.40533e-05	0.0923	
11215	391	3044	17.2474	20	1897	17.6469	6	533	17	61	5	4	1.17084e+06	4.79432e-05	0.3625	
11030	388	3050	16.0997	21.6865	1810	17.3426	8	533	16	55	33	5	1.21545e+06	5.124e-05	0.2665	
11153	400	3046	23.5528	28.8634	1708	18.3833	8	533	18	56	25	3	1.0024e+06	6.13196e-05	0.2184	
10488	400	3042	20.6975	22.0101	1759	18.4694	10	535	13	55	26	6	1.09985e+06	5.76868e-05	0.1586	
11500	369	3035	16.2796	20	1899	15.7723	10	533	16	59	5	4	1.20459e+06	4.61446e-05	0.4152	
11061	376	3043	15.1976	20.1018	1863	15.0312	6	535	19	60	2	4	1.2801e+06	4.80284e-05	0.3356	
10862	339	3034	15	21.6582	1770	18.7476	6	535	20	55	9	3	1.30502e+06	5.13294e-05	0.2325	
10837	399	3050	15.9394	21.6865	1794	15.5277	10	535	16	55	25	5	1.2234e+06	5.2021e-05	0.2277	
11174	339	3048	17.3589	20.5283	1839	14.8001	5	534	20	60	4	5	1.19712e+06	4.85743e-05	0.3343	
10752	400	3012	22.26	25.0514	1809	18.175	7	533	20	58	26	4	1.04932e+06	5.93296e-05	0.1861	
11220	392	3022	20.9004	23.1922	1846	15.4207	8	535	17	61	18	3	1.05128e+06	5.28234e-05	0.297	
11148	399	2992	19.9902	27.5987	1833	15.363	9	534	20	62	13	4	1.04703e+06	5.76203e-05	0.2226	
10870	400	3035	18.0448	22.7316	1700	17.006	8	535	16	59	24	4	1.13341e+06	5.39986e-05	0.2343	
10396	397	3043	15	21.5827	1775	15.5371	4	535	16	58	11	3	1.31973e+06	5.4339e-05	0.1381	
11220	387	3048	15.2555	21.2208	1700	15.3414	8	535	20	63	26	3	1.24684e+06	4.93267e-05	0.2932	
10566	400	2998	18.6164	24.5574	1808	14.9896	8	534	18	55	7	3	1.12274e+06	5.73987e-05	0.1694	
10317	377	3033	17.1226	23.7767	1763	16.0689	7	531	17	55	17	5	1.2082e+06	5.83056e-05	0.1134	
10176	363	3036	17.4555	23.7767	1765	17.3214	7	534	19	55	2	4	1.20976e+06	5.90458e-05	0.1031	
11273	400	3050	17.7584	25.7889	1843	16.6552	10	535	20	56	14	3	1.10017e+06	5.35533e-05	0.2459	
10188	395	3039	17.4922	23.7272	1763	16.0689	7	533	17	55	2	3	1.19399e+06	5.86992e-05	0.1148	
11000	400	3042	19.2904	26.7036	1822	17.5272	7	535	19	58	30	4	1.07759e+06	5.7468e-05	0.1884	
11080	400	3042	18.4146	20.9049	1851	17.849	8	535	16	55	8	4	1.12462e+06	5.01555e-05	0.3028	
11500	387	3036	15	23.3744	1752	14	7	535	19	55	5	3	1.23862e+06	4.90052e-05	0.3214	
10614	361	3026	17.9216	22.2587	1787	18.1083	5	535	16	58	34	4	1.17976e+06	5.5869e-05	0.169	
11204	400	2997	21.2467	27.648	1799	15.4405	10	534	20	55	17	4	1.02329e+06	5.81734e-05	0.236	
10655	370	3050	15	21.2922	1778	16.4728	10	535	18	55	15	4	1.30238e+06	5.2304e-05	0.1937	
10275	392	3043	18.9441	26.9432	1850	18.6338	7	535	16	55	4	4	1.13527e+06	6.20771e-05	0.0968	
10234	400	3030	19.1956	24.7836	1794	18.42	8	535	20	55	11	5	1.14004e+06	6.10054e-05	0.1027	
10862	400	3045	16.8303	23.702	1703	16.4317	10	533	20	57	18	4	1.16792e+06	5.41184e-05	0.1989	
11364	397	2996	22.6047	22.0508	1777	14	7	535	20	59	33	3	1.03304e+06	5.26482e-05	0.3358	
10801	400	3016	22.4957	29.782	1822	15.5331	10	535	17	55	16	4	1.02669e+06	6.36943e-05	0.1659	
10525	400	3047	17.0156	23.2184	1753	15.8697	6	533	16	55	19	4	1.19255e+06	5.59065e-05	0.1494	
11294	400	3050	18.2473	20	1836	15.1137	7	532	16	61	7	3	1.12739e+06	4.79111e-05	0.3707	
10398	382	3003	16.0889	21.1746	1708	15.3528	7	535	20	56	24	5	1.26207e+06	5.56793e-05	0.1341	
11499	400	3008	20.9613	20.4248	1898	17.0964	10	534	20	58	6	3	1.0579e+06	4.87401e-05	0.4015	
10529	397	3043	15	21.5827	1775	18.6207	4	533	17	60	11	4	1.30977e+06	5.35303e-05	0.1665	
10616	400	3020	21.2867	30	1773	15.3076	9	535	16	56	17	3	1.05278e+06	6.47459e-05	0.1224	
11381	397	3022	24.854	27.2114	1781	14	8	535	18	60	28	3	985823	5.85514e-05	0.2844	
11165	400	3050	22.0505	28.9935	1778	15.9334	10	535	15	58	23	4	1.01351e+06	6.00348e-05	0.2127	
11138	377	3034	19.0649	20.5647	1799	14.8239	9	535	16	58	7	3	1.11204e+06	4.98008e-05	0.3258	
11273	399	2996	20.644	25.8624	1801	16.6552	10	534	20	60	11	3	1.03483e+06	5.53587e-05	0.2794	
11105	349	3050	16.2035	22.5908	1738	14	6	534	17	56	9	3	1.21431e+06	5.06329e-05	0.2862	
10325	400	3035	17.5603	25.9112	1794	18.3434	8	535	17	55	9	5	1.17481e+06	6.03828e-05	0.1005	
11105	349	3050	16.2207	22.5908	1738	14	6	534	17	56	8	3	1.2134e+06	5.06073e-05	0.2873	
11500	393	2996	23.1064	30	1849	18.8812	7	531	20	56	33	3	987249	6.06502e-05	0.2592	
10992	397	3040	17.6398	20.1975	1818	15.254	8	535	15	60	4	3	1.15247e+06	4.95835e-05	0.3126	
11500	395	2996	22.6047	28.2566	1731	18.7868	7	535	18	61	33	3	998769	5.86338e-05	0.2636	
10907	400	3037	19.2917	20	1802	15.451	7	535	13	56	12	4	1.11856e+06	5.10334e-05	0.3006	
11072	398	2996	23.239	28.0554	1731	18.7868	7	535	20	59	23	3	1.01054e+06	6.10762e-05	0.2133	
11391	400	3034	16.808	23.3369	1764	17.1165	10	535	20	57	16	4	1.14365e+06	5.0597e-05	0.2909	
10862	387	3030	15.4547	21.6771	1745	17.4655	7	535	18	57	24	4	1.25582e+06	5.2105e-05	0.2205	
11500	400	3027	23.791	30	1803	14.1119	9	535	16	61	26	3	977859	6.03209e-05	0.2618	
10723	398	3050	23.8581	29.8201	1720	17.6992	10	535	17	60	51	3	1.02831e+06	6.66711e-05	0.1365	
11500	394	3014	15	22.237	1803	14.1119	10	535	18	56	10	4	1.24023e+06	4.81162e-05	0.3407	
10580	400	3049	22.5983	27.0823	1822	16.9062	7	535	17	55	2	4	1.04971e+06	6.15726e-05	0.1612	
11412	391	3010	25	26.3491	1815	18.9304	9	533	20	56	36	4	989136	5.81937e-05	0.2843	
11120	396	2996	21.7133	28.5021	1857	17.2741	10	533	20	55	12	3	1.01832e+06	5.97336e-05	0.2256	
10676	366	3038	17.5968	20	1763	16.7439	8	531	16	55	15	5	1.18984e+06	5.21703e-05	0.2505	
11449	400	3033	23.2714	23.408	1833	15.9093	10	524	12	70	19	3	1.0103e+06	5.30983e-05	0.3791	
11500	400	3046	16.7891	20	1776	15.2761	7	534	17	58	2	3	1.16759e+06	4.63822e-05	0.4324	
10826	399	3041	15	21.7856	1816	16.1435	6	535	15	60	21	5	1.28579e+06	5.18081e-05	0.2201	
11500	398	2999	24.2834	27.1244	1742	14.3209	10	533	15	73	17	3	979927	5.76302e-05	0.3195	
10894	397	3034	24.6342	29.5584	1708	16.6324	10	533	19	56	37	3	1.00742e+06	6.49857e-05	0.1723	
11500	400	3038	20.3118	20.8574	1839	18.2669	8	535	17	57	8	4	1.07179e+06	4.88091e-05	0.3735	
10235	367	3030	15	20.8843	1765	18.1973	8	535	18	55	7	4	1.34205e+06	5.52639e-05	0.1245	
11467	400	3032	23.6726	27.2114	1771	14	9	535	18	62	19	4	989173	5.71363e-05	0.2919	
10696	400	3016	22.4957	29.782	1787	15.5932	10	535	17	55	23	3	1.03364e+06	6.48382e-05	0.1404	
10566	399	2996	18.6164	26.9211	1831	18.1872	8	534	16	55	7	3	1.11349e+06	6.00889e-05	0.132	
11500	372	3048	15.892	20.1018	1853	15.0312	6	533	16	61	2	4	1.22736e+06	4.59982e-05	0.4236	
11500	400	3034	19.3526	20.1043	1856	18.526	10	535	20	59	2	3	1.08852e+06	4.76485e-05	0.3775	
10953	388	3029	19.6758	22.6867	1816	15.3504	8	532	19	57	56	4	1.09729e+06	5.51755e-05	0.2273	
10587	400	2995	23.3032	28.0756	1752	17.299	10	535	13	55	44	4	1.04234e+06	6.57895e-05	0.1255	
10520	400	3027	22.2994	25.6092	1749	19	9	532	8	55	56	3	1.06707e+06	6.35809e-05	0.1246	
11088	372	3043	15	20.1018	1863	15.0312	6	534	16	61	2	4	1.29494e+06	4.78286e-05	0.3496	
10938	391	3039	16.8671	23.7767	1783	16.0977	7	533	17	55	10	3	1.16498e+06	5.31237e-05	0.2358	
10264	391	3033	22.7576	27.956	1777	17.8504	7	534	15	55	18	3	1.07398e+06	6.6538e-05	0.1047	
10871	355	3042	18.4146	20.0078	1839	17.849	8	535	16	55	8	4	1.15882e+06	5.07743e-05	0.2867	
10547	381	3050	15.3128	21.2922	1778	15.3228	4	535	17	59	15	4	1.29724e+06	5.31632e-05	0.1744	
11382	400	3023	21.661	29.7946	1842	15.7369	10	532	15	71	19	3	1.00257e+06	5.94707e-05	0.2515	
10871	355	3046	18.4146	20.0078	1838	17.849	8	535	16	55	20	4	1.16088e+06	5.12269e-05	0.2695	
11399	400	3033	24.0709	30	1795	16.8208	10	535	13	74	29	3	980276	6.10352e-05	0.2589	
11174	345	3048	17.6476	20.5283	1839	14.8001	7	534	18	60	4	5	1.17629e+06	4.86902e-05	0.3379	
10677	400	3029	20.7062	29.057	1720	17.0359	6	535	15	56	25	3	1.06521e+06	6.33152e-05	0.1268	
10369	397	3025	22.0965	29.8322	1733	18.7662	7	533	18	55	33	3	1.0714e+06	6.83667e-05	0.0948	
10921	381	3050	16.7891	20	1854	15.1375	9	535	19	56	19	3	1.1961e+06	4.99401e-05	0.2902	
11449	400	3036	23.2714	23.408	1833	15.9786	10	524	11	71	19	3	1.01077e+06	5.30729e-05	0.3806	
10610	394	3026	20.8918	28.8119	1761	19	5	531	19	55	11	4	1.06968e+06	6.31991e-05	0.1244	
10680	359	3050	18.6936	23.3798	1816	18.4081	6	535	18	55	33	4	1.14586e+06	5.63253e-05	0.1682	
11248	400	3035	24.7705	27.8955	1873	15.8816	10	535	16	60	36	3	987541	5.99305e-05	0.2509	
10622	373	3040	15.1714	20.6522	1800	15.8511	7	534	19	56	18	4	1.30051e+06	5.22248e-05	0.2048	
10275	390	3043	18.9441	26.9432	1850	18.6254	7	535	16	55	2	4	1.13531e+06	6.19809e-05	0.0979	
10449	376	3045	15.1243	22.8147	1730	15.9329	7	535	17	55	2	3	1.29956e+06	5.46837e-05	0.1384	
10640	385	2966	19.9022	27.3753	1872	16.7621	8	535	20	55	17	3	1.08256e+06	6.11845e-05	0.1426	
11092	393	3025	18.2465	20.0683	1900	17.9607	9	535	20	55	14	4	1.13461e+06	4.96303e-05	0.3197	
11169	400	3046	15	21.6771	1770	18.7268	6	535	18	70	24	6	1.2664e+06	5.01027e-05	0.279	
10918	388	3034	18.514	20.8806	1804	16.7717	6	534	17	63	25	4	1.13858e+06	5.20048e-05	0.2742	
11464	400	3036	23.4298	23.9955	1833	15.9786	10	529	11	64	19	3	1.00563e+06	5.35877e-05	0.3525	
11301	400	3025	21.7986	23.2631	1890	18.204	8	534	12	63	18	3	1.03363e+06	5.28765e-05	0.3236	
11473	390	3008	24.8523	28.2325	1712	14.3873	8	533	19	66	43	3	982012	5.97729e-05	0.2748	
11329	396	3042	15.5639	22.3215	1810	16.4869	8	535	15	61	29	4	1.2171e+06	4.96771e-05	0.3051	
11500	400	3014	25	26.7494	1760	14.7939	10	529	17	65	23	3	978431	5.7607e-05	0.3411	
10659	370	3040	15.6192	22.1528	1797	16.414	6	535	16	56	8	5	1.26432e+06	5.29045e-05	0.1962	
11084	379	3041	15	21.6771	1750	15.0037	6	535	15	62	21	5	1.27927e+06	5.01354e-05	0.2752	
11399	400	3029	19.8508	21.1564	1849	18.0611	10	535	16	66	19	3	1.0713e+06	4.96919e-05	0.3539	
10377	336	3047	18.2673	25.3082	1749	18.9383	6	534	10	56	11	4	1.17646e+06	5.96267e-05	0.1094	
10932	349	3050	15	21.6771	1806	15.585	8	535	17	65	24	4	1.29693e+06	5.1164e-05	0.2394	
10256	400	3023	19.8967	25.9112	1794	18.4081	8	535	20	55	8	5	1.11831e+06	6.22937e-05	0.1006	
11500	400	3021	25	26.7494	1751	14.9398	10	529	15	65	15	3	978846	5.7468e-05	0.3519	
11500	368	3048	16.4959	20	1779	14.9579	8	534	8	55	2	3	1.19293e+06	4.62278e-05	0.4398	
11301	400	3031	22.8144	25.1376	1845	15.8985	8	534	17	71	3	3	1.01118e+06	5.48878e-05	0.305	
10575	371	3018	20.4516	28.4912	1765	18.7066	5	534	14	55	10	3	1.08523e+06	6.28457e-05	0.1193	
10470	399	3026	18.3705	21.8651	1748	18.5522	5	535	18	56	20	5	1.16254e+06	5.63031e-05	0.164	
10842	400	3029	18.0531	21.6186	1710	17.3315	8	535	18	56	28	3	1.13946e+06	5.34045e-05	0.2412	
10953	400	2992	19.2958	27.5987	1749	16.8785	8	535	14	56	10	3	1.07124e+06	5.8782e-05	0.1844	
11034	400	2992	19.2958	27.5987	1749	15.3967	8	535	14	55	9	3	1.06656e+06	5.81531e-05	0.1994	
10749	398	3003	16.0889	22.2101	1708	14.6656	5	535	20	56	24	5	1.22877e+06	5.36942e-05	0.1875	
11292	400	3023	15.4547	20.7236	1749	17.5456	8	535	18	57	31	3	1.23287e+06	4.8998e-05	0.3232	
11290	393	3025	18.0444	20.0683	1900	17.9607	9	535	20	58	14	4	1.13613e+06	4.83957e-05	0.3471	
10398	382	3003	16.0889	21.1746	1755	15.3528	5	535	20	56	24	5	1.26684e+06	5.5534e-05	0.1335	
10505	400	3045	25	29.2773	1764	18.615	8	534	14	55	36	4	1.03686e+06	6.82454e-05	0.117	
10222	344	3050	18.8396	24.5417	1731	18.2343	7	535	9	55	17	5	1.1754e+06	6.0831e-05	0.0995	
10894	400	3043	20.2913	25.8102	1715	16.023	10	533	19	55	22	3	1.06187e+06	5.75937e-05	0.203	
11256	389	3050	17.7584	25.7889	1834	16.5209	10	535	20	56	31	3	1.10753e+06	5.41624e-05	0.2368	
10658	400	3016	21.2867	29.7946	1773	15.5932	9	535	17	56	17	3	1.05042e+06	6.42302e-05	0.127	
11236	400	3033	23.4876	26.7494	1763	17.7217	10	535	15	73	12	3	999912	5.78001e-05	0.2806	
10776	393	3046	16.278	22.684	1781	16.0977	7	535	17	55	31	3	1.20905e+06	5.38242e-05	0.1919	
11500	400	3040	20.3225	20.0779	1836	14.3513	7	535	13	60	8	3	1.07631e+06	4.78858e-05	0.409	
10352	385	3020	20.3361	28.3133	1765	18.7066	8	534	19	55	12	4	1.09853e+06	6.46329e-05	0.0895	
10683	400	3050	17.3022	20	1726	17.2485	8	535	16	56	19	3	1.18343e+06	5.22166e-05	0.2443	
10378	366	3038	17.5968	23.7785	1763	16.6159	8	532	16	55	17	5	1.18906e+06	5.79912e-05	0.1229	
10647	400	3032	18.0448	22.6305	1708	17.3655	7	535	16	57	21	4	1.1496e+06	5.53925e-05	0.1914	
10933	376	3040	15.6502	20.1018	1857	15.0312	9	534	19	61	2	4	1.25307e+06	4.90244e-05	0.3113	
10412	322	3020	20.3361	28.5985	1765	18.7066	6	534	19	55	12	4	1.12264e+06	6.43832e-05	0.0903	
11054	398	3045	17.1116	20.1348	1864	15.254	6	535	13	61	4	3	1.17596e+06	4.87805e-05	0.3365	
11434	395	3038	22.8145	25.3413	1884	15.8565	10	534	13	68	25	4	1.00739e+06	5.46239e-05	0.3175	
11400	390	3036	20.412	22.8636	1869	15.7531	10	532	18	59	12	4	1.05633e+06	5.10022e-05	0.3396	
10347	338	3038	15	20.6324	1760	17.0447	7	535	15	55	13	4	1.351e+06	5.41536e-05	0.1445	
11500	340	3050	18.1	20.1865	1888	14.8946	6	534	20	58	5	4	1.16387e+06	4.67836e-05	0.3885	
11393	400	3015	17.1145	20	1899	16.5652	7	534	20	59	5	4	1.16394e+06	4.71365e-05	0.3772	
11410	327	3039	17.2986	20.0044	1882	17.0925	6	535	14	58	3	4	1.20135e+06	4.69373e-05	0.3839	
11170	392	2993	18.4983	20	1808	15.3967	9	535	17	63	6	3	1.12185e+06	4.92611e-05	0.3416	
10234	400	3019	20.9968	25.9112	1794	18.42	8	534	20	55	11	5	1.10068e+06	6.33673e-05	0.1048	
10985	400	2993	23.3032	28.0756	1756	17.299	10	535	16	55	44	4	1.01368e+06	6.24103e-05	0.1871	
10960	393	3035	22.0938	30	1880	16.615	7	535	20	60	22	4	1.02647e+06	6.23675e-05	0.1776	
11500	374	3040	17.9685	20.1865	1882	16.3399	6	534	19	58	2	3	1.1417e+06	4.68187e-05	0.3899	
11263	388	3040	21.1597	23.2631	1841	16.1282	8	535	17	73	19	3	1.04816e+06	5.27148e-05	0.3102	
10547	382	3050	15	21.5576	1770	15.1301	5	535	20	55	20	4	1.31525e+06	5.34674e-05	0.1598	
11500	400	3042	22.02	21.1508	1812	16.6303	9	535	12	55	21	3	1.04072e+06	5.01203e-05	0.3789	
10825	356	3029	15.3913	21.8651	1714	15.5785	5	535	16	58	23	3	1.27651e+06	5.23588e-05	0.2153	
11011	377	3048	15.1678	20.134	1705	16.8115	10	533	13	60	2	4	1.27247e+06	4.88711e-05	0.3208	
11500	382	3038	15.8438	20	1889	15.3332	4	535	16	65	2	3	1.22844e+06	4.58989e-05	0.4149	
10587	360	3033	22.2192	25.0056	1862	18.5526	10	534	18	55	28	4	1.07023e+06	6.04449e-05	0.1584	
10412	390	3023	19.6203	29.1428	1795	18.7066	6	534	20	55	10	4	1.10717e+06	6.44247e-05	0.0923	
10802	400	3039	22.6239	26.2409	1822	17.8485	7	533	9	55	28	4	1.03854e+06	6.0024e-05	0.198	
10348	379	3044	20.406	27.1778	1743	18.4812	7	535	20	56	22	4	1.10783e+06	6.36943e-05	0.0929	
11169	362	3049	15	22.1459	1794	16.1696	7	535	18	65	26	5	1.11569e+06	6.12107e-05	0.1182	
11364	400	3026	22.0505	21.9417	1849	18.008	10	535	17	69	13	4	1.03574e+06	5.15145e-05	0.3537	
10664	380	3019	16.8369	21.8651	1722	16.192	5	534	20	58	24	4	1.20728e+06	5.42329e-05	0.1909	
10579	372	3050	18.6936	24.3755	1765	18.4081	7	535	18	56	33	4	1.14182e+06	5.82988e-05	0.1358	
10210	400	2985	19.8992	28.1567	1734	18.7124	6	533	15	55	8	3	1.11435e+06	6.5716e-05	0.0888	
10409	395	3031	15	20.6721	1713	17.7672	7	535	14	55	14	3	1.3188e+06	5.3984e-05	0.154	
10707	373	3003	16.1486	21.1746	1708	15.4793	5	535	20	56	30	5	1.24616e+06	5.35045e-05	0.1916	
10579	359	3039	18.6936	25.2368	1732	18.57	7	535	18	60	24	4	1.14077e+06	5.89345e-05	0.1334	
10840	400	3023	22.5907	26.5179	1721	18.0611	10	534	17	59	40	4	1.03418e+06	6.1065e-05	0.1833	
11500	327	3050	18.3959	20.1865	1882	14.8946	7	535	20	59	3	4	1.15944e+06	4.68757e-05	0.384	
10317	381	3026	16.3723	23.4617	1763	16.0689	7	531	17	55	17	5	1.24116e+06	5.77601e-05	0.1205	
10575	371	3026	20.5643	29.0942	1764	18.7066	5	534	15	57	2	4	1.08366e+06	6.32311e-05	0.1209	
10547	370	3050	15.2805	22.5264	1778	19	8	535	20	55	10	4	1.28761e+06	5.4336e-05	0.1547	
11145	400	3022	22.8144	30	1771	14.1119	10	532	17	66	25	3	1.00249e+06	6.19464e-05	0.2144	
10894	400	3042	23.6164	24.9632	1708	17.7219	10	532	19	56	37	3	1.02276e+06	5.94248e-05	0.2179	
11162	400	2998	19.6142	20.5182	1831	17.8771	7	535	16	60	14	4	1.09903e+06	5.05433e-05	0.3247	
11500	382	3038	15.2356	20	1872	15.122	6	535	9	56	2	4	1.26124e+06	4.57038e-05	0.4311	
11500	397	3050	17.2677	20	1843	15.7921	8	535	13	60	4	3	1.1529e+06	4.64339e-05	0.4125	
11500	366	3027	18.7523	20	1899	16.6992	8	535	20	58	11	3	1.1252e+06	4.7297e-05	0.3833	
11500	400	3040	20.5324	20.0779	1769	14.3513	7	535	13	60	8	3	1.07271e+06	4.81487e-05	0.4049	
10377	394	3047	17.7159	25.8327	1744	18.4694	6	534	12	56	11	4	1.16853e+06	5.9891e-05	0.1084	
11500	368	3026	16.4155	20	1899	16.3683	7	535	20	59	2	4	1.20284e+06	4.62022e-05	0.3999	
11083	397	3050	19.5305	20.775	1835	18.5804	9	535	16	59	22	4	1.09803e+06	5.11065e-05	0.2963	
10616	362	3034	18.0487	23.9534	1721	17.158	8	535	17	57	16	4	1.15696e+06	5.66444e-05	0.1614	
10658	400	3038	21.2867	29.7946	1773	15.5932	9	535	17	56	9	4	1.05216e+06	6.37349e-05	0.1321	
10840	400	3023	22.6144	26.5179	1733	19	9	534	17	59	41	4	1.03522e+06	6.11808e-05	0.178	
11086	400	3036	22.458	29.8587	1731	16.2205	7	535	20	61	22	4	1.01485e+06	6.20386e-05	0.1863	
10488	400	3042	20.6975	22.0101	1759	17.7795	7	535	13	55	26	6	1.10632e+06	5.75341e-05	0.1617	
11329	394	3050	19.3698	20.775	1861	18.4338	9	535	17	62	18	3	1.09191e+06	4.93267e-05	0.3432	
10182	318	3030	18.16	26.0579	1785	18.5958	6	533	14	55	2	5	1.20256e+06	6.17627e-05	0.0867	
10826	379	3041	15	21.6771	1750	15.0037	6	535	15	62	21	5	1.29458e+06	5.18296e-05	0.2174	
10577	371	3030	16.4942	21.0384	1787	18.9731	7	535	15	55	30	4	1.23575e+06	5.43213e-05	0.1776	
11487	400	3035	22.0505	20.7097	1710	16.6552	10	535	8	72	18	3	1.03789e+06	5.01153e-05	0.3916	
11500	399	3042	24.9812	29.8201	1708	17.1306	7	533	16	62	37	3	977056	6.1237e-05	0.2656	
10306	395	3031	19.6402	20.6721	1726	17.4279	7	535	18	55	14	3	1.14123e+06	5.69314e-05	0.1455	
11169	337	3050	15	21.6771	1788	15.2472	6	535	18	70	27	6	1.30039e+06	4.98728e-05	0.2833	
10925	379	3044	20.406	27.1778	1743	17.0585	7	535	20	56	26	5	1.06799e+06	5.90982e-05	0.1747	
11412	397	3043	15	20.1018	1782	15.0354	9	534	19	55	5	3	1.25818e+06	4.64102e-05	0.3919	
10412	322	3020	20.3361	28.5985	1765	18.7066	6	534	19	55	11	4	1.12238e+06	6.43335e-05	0.0904	
10967	357	3050	15	21.4466	1742	18.0616	9	535	18	63	19	4	1.28879e+06	5.08699e-05	0.2432	
10406	400	3050	18.9463	23.2184	1753	15.9083	6	535	16	56	14	4	1.13979e+06	5.75407e-05	0.1504	
10225	395	3044	17.0156	23.2184	1804	15.0972	7	535	16	55	8	5	1.21623e+06	5.7857e-05	0.1153	
11434	395	3038	23.4951	25.3413	1884	15.8565	10	534	13	68	25	4	1.00169e+06	5.50025e-05	0.3172	
10894	385	3042	24.6342	30	1708	18.5181	10	533	20	55	35	4	1.01231e+06	6.56211e-05	0.1608	
11107	378	3050	18.223	20.775	1832	18.1512	9	535	17	60	16	5	1.13763e+06	5.01479e-05	0.3105	
10954	396	3023	15	21.5839	1722	17.2244	6	535	19	63	22	5	1.27885e+06	5.13822e-05	0.2394	
10219	400	3044	16.0286	21.8793	1770	17.6239	8	535	19	56	2	5	1.26504e+06	5.62398e-05	0.121	
11500	398	3010	25	21.7086	1729	15.235	9	533	14	73	11	3	1.0068e+06	5.26537e-05	0.4335	
10317	377	3033	17.1226	23.7767	1763	16.0689	7	535	17	55	16	5	1.20861e+06	5.83226e-05	0.1051	
10557	398	3040	22.2922	28.3758	1777	18.0304	7	535	15	55	19	4	1.05468e+06	6.39959e-05	0.1291	
10176	366	3046	16.9859	23.7767	1765	15.5684	7	534	17	55	9	5	1.22959e+06	5.89971e-05	0.0975	
11153	400	3046	23.5528	21.8959	1703	18.3833	8	533	18	56	25	3	1.03136e+06	5.42977e-05	0.3164	
10432	400	3018	20.6477	26.1978	1773	18.6293	7	535	20	59	22	4	1.09247e+06	6.22007e-05	0.1179	
10355	400	3029	17.3022	22.922	1744	17.1692	5	534	16	55	5	4	1.19519e+06	5.67279e-05	0.1417	
11500	336	3050	15.1967	20.1018	1781	14.047	10	535	20	57	5	3	1.2753e+06	4.59474e-05	0.4017	
10590	392	3024	16.4038	22.6188	1843	18.6926	8	535	18	55	26	4	1.21679e+06	5.52944e-05	0.1622	
10592	400	2995	23.5323	28.0803	1752	17.526	10	535	13	55	44	4	1.03921e+06	6.58935e-05	0.1264	
10774	398	3036	16.1941	21.8817	1733	17.5773	8	534	18	61	32	5	1.21884e+06	5.36164e-05	0.1972	
10862	400	3045	16.8303	23.3369	1703	16.4317	10	533	20	57	18	4	1.16989e+06	5.37692e-05	0.2037	
11500	398	3033	22.2912	21.5158	1798	16.675	10	532	14	74	5	3	1.03017e+06	5.03931e-05	0.3962	
10405	400	3049	17.5343	22.985	1708	16.9922	8	533	15	57	22	4	1.18244e+06	5.7323e-05	0.1331	
10577	392	3030	18.0167	21.0384	1787	18.9731	7	535	15	55	30	4	1.16961e+06	5.49269e-05	0.1909	
10774	399	3038	15.82	21.434	1737	17.5773	7	535	18	61	29	5	1.24151e+06	5.29213e-05	0.2004	
10664	380	3019	16.8369	21.8651	1714	17.0316	5	535	20	58	24	4	1.20787e+06	5.4336e-05	0.1838	
11289	382	3045	15	20	1732	16.1301	6	535	15	62	3	4	1.27797e+06	4.71009e-05	0.3726	
11500	400	3040	24.0709	30	1798	16.8208	10	534	13	74	29	3	975573	6.0412e-05	0.2725	
11398	368	3050	16.4959	20.0716	1822	14.9579	8	534	8	65	2	3	1.25113e+06	4.61318e-05	0.4131	
10371	315	3044	18.3282	24.1442	1803	17.3114	8	533	17	55	23	5	1.19334e+06	5.89762e-05	0.1175	
11009	349	3050	15	20.403	1758	15.1301	4	534	20	55	27	3	1.31026e+06	4.96056e-05	0.2884	
11500	400	3031	21.4259	20.4248	1854	17.518	10	534	8	58	3	3	1.05074e+06	4.88472e-05	0.4191	
10976	400	3016	22.0505	30	1775	15.8917	5	535	15	55	23	5	1.02892e+06	6.28654e-05	0.172	
10642	400	3015	21.2867	29.7946	1773	15.6103	9	535	17	56	17	3	1.05165e+06	6.43666e-05	0.125	
11500	397	3034	15	20.1018	1791	14	9	535	19	57	5	3	1.2541e+06	4.59834e-05	0.4054	
11500	400	3035	25	24.6861	1748	14.3233	10	533	12	74	44	3	988686	5.56638e-05	0.3381	
11220	395	3001	21.471	23.1922	1828	15.4207	10	533	18	61	10	3	1.03821e+06	5.31773e-05	0.3056	
11329	399	3050	19.8497	20.775	1843	18.1512	7	535	16	67	16	3	1.08308e+06	4.95e-05	0.349	
11500	400	3021	25	27.2934	1757	14.9701	10	534	12	76	16	3	976416	5.79744e-05	0.3446	
11000	400	3042	20.3698	26.7036	1822	17.5272	7	535	19	58	30	4	1.05781e+06	5.79374e-05	0.2006	
11152	399	2992	20.0134	22.094	1833	15.363	9	534	20	62	11	4	1.07326e+06	5.19508e-05	0.3039	
11500	395	3044	16.6859	20	1854	15.254	7	535	13	61	4	3	1.17664e+06	4.62364e-05	0.4159	
10894	400	3042	23.6164	24.9632	1705	17.6042	10	532	19	55	37	3	1.02256e+06	5.94424e-05	0.217	
10225	397	3050	17.0156	23.2184	1743	15.7799	6	534	14	55	14	4	1.21762e+06	5.82343e-05	0.1033	
11230	393	3038	22.8145	25.3413	1884	15.8565	10	534	13	69	25	4	1.01709e+06	5.58098e-05	0.2903	
11500	400	3040	21.4473	23.733	1856	16.6552	7	533	12	73	24	3	1.03021e+06	5.20644e-05	0.3573	
10913	393	3037	15	20.403	1758	15.1272	10	535	20	56	27	3	1.2797e+06	5.04159e-05	0.2577	
10590	392	3022	16.4038	22.6188	1843	18.6926	8	535	18	55	8	4	1.21196e+06	5.44129e-05	0.1794	
10587	400	3020	22.9162	28.1905	1752	17.278	10	534	13	55	44	4	1.04662e+06	6.53637e-05	0.1255	
11215	400	3050	15.8622	20	1887	17.6469	6	533	17	61	5	4	1.22621e+06	4.74406e-05	0.3671	
10418	363	3040	18.2769	20	1760	18.0991	7	535	13	57	19	4	1.18695e+06	5.48486e-05	0.1848	
10723	400	3050	24.8056	29.2081	1713	17.6992	10	535	17	60	51	3	1.02137e+06	6.66311e-05	0.1421	
11500	400	3026	22.0505	25.1399	1838	16.6552	10	535	12	57	18	3	1.00871e+06	5.38503e-05	0.3307	
10707	380	3003	16.0889	21.1746	1708	15.4793	5	535	20	56	30	5	1.24647e+06	5.34845e-05	0.1911	
11230	397	3012	22.8444	25.3413	1884	15.8565	10	534	13	55	25	4	1.01397e+06	5.61545e-05	0.2813	
10997	399	3018	17.0437	20.5017	1820	15.7123	8	535	20	58	2	4	1.17233e+06	4.97141e-05	0.3011	
11003	400	3031	15	21.6771	1795	15.7619	8	535	17	58	28	4	1.26972e+06	5.09372e-05	0.2502	
10969	386	3021	15.7929	21.8651	1708	16.0496	5	535	16	57	23	4	1.23381e+06	5.16369e-05	0.2481	
10652	399	3027	22.5742	27.2265	1781	18.2593	8	535	17	59	16	4	1.0445e+06	6.21041e-05	0.1593	
10509	385	3006	16.1907	21.1746	1708	15.3528	5	535	20	56	24	4	1.25009e+06	5.47076e-05	0.1581	
10894	385	3042	24.3453	30	1708	18.5275	10	533	20	55	35	4	1.01411e+06	6.54322e-05	0.1597	
11500	400	3048	18.9533	20	1889	15.5713	10	534	20	56	2	3	1.0977e+06	4.69748e-05	0.3884	
11113	400	3014	22.5148	26.3121	1843	15.5133	8	535	15	58	19	3	1.01744e+06	5.7554e-05	0.2494	
11500	395	3037	24.0751	20	1892	16.7104	6	535	19	59	7	4	1.04646e+06	4.99426e-05	0.4008	
11318	391	2997	21.2467	21.4999	1828	16.5089	10	535	20	55	18	4	1.05407e+06	5.13426e-05	0.3269	
11256	374	3050	19.9832	21.7314	1841	15.1586	5	534	16	56	13	3	1.09183e+06	5.04465e-05	0.3295	
11431	400	3043	16.2583	22.5152	1747	15.7531	9	535	20	55	18	5	1.17456e+06	4.93583e-05	0.3119	
11500	398	3021	25	26.7494	1813	14.0543	10	529	17	65	16	3	980069	5.72541e-05	0.3313	
11500	400	3033	21.4259	20	1854	17.1773	9	534	8	58	3	5	1.06394e+06	4.84872e-05	0.439	
10840	400	3030	21.7879	25.7186	1738	18.0611	9	534	17	58	41	4	1.04767e+06	5.97051e-05	0.1831	
11500	400	3042	23.8312	24.8838	1717	17.612	8	533	15	62	39	5	1.00087e+06	5.53097e-05	0.3351	
11317	347	3050	15.1967	20.9414	1787	14	7	535	17	57	3	3	1.27118e+06	4.74271e-05	0.3634	
10450	390	3035	16.8569	22.2095	1708	17.171	7	534	15	57	25	5	1.21566e+06	5.62905e-05	0.1401	
11500	400	3007	25	20.8833	1732	15.235	9	535	14	73	11	3	1.01184e+06	5.19751e-05	0.4388	
10619	400	3042	18.0375	21.6131	1776	17.1313	5	534	15	57	31	5	1.166e+06	5.48938e-05	0.198	
10566	400	2995	18.6164	26.9211	1831	18.3541	8	534	16	55	7	3	1.11326e+06	6.01178e-05	0.1317	
11500	397	2996	22.6047	28.2566	1731	18.7868	7	535	20	59	33	3	997999	5.86476e-05	0.2605	
11073	392	2999	20.5094	27.5987	1832	16.2112	9	535	20	60	36	4	1.04615e+06	5.90075e-05	0.1976	
10823	379	3050	15.9394	21.3593	1794	17.6656	8	535	18	65	32	4	1.23698e+06	5.25514e-05	0.2149	
11500	398	3000	23.9968	24.1075	1742	14.8665	10	534	15	73	17	3	994518	5.43272e-05	0.3459	
11500	400	3010	25	26.6622	1815	18.9304	9	533	20	56	36	4	981030	5.79777e-05	0.2986	
10985	400	3021	22.7567	30	1770	17.4494	10	535	14	56	20	3	1.01178e+06	6.31632e-05	0.1792	
10610	390	3027	20.8918	21.7225	1765	18.0919	9	531	19	55	11	4	1.09064e+06	5.58566e-05	0.2139	
10669	400	2997	19.2958	27.5987	1749	15.3967	8	533	20	55	9	3	1.08846e+06	6.05217e-05	0.1407	
10804	384	3050	15.9394	21.3593	1794	15.1361	10	535	18	65	32	4	1.23209e+06	5.25376e-05	0.218	
11214	377	3034	19.0649	20.5647	1799	14.8239	9	535	16	58	7	3	1.10973e+06	4.93705e-05	0.3399	
11301	400	3026	23.9729	24.5132	1810	16.3283	8	534	14	69	19	3	1.00444e+06	5.54539e-05	0.3097	
10685	366	3023	15	20.7341	1718	17.0074	7	535	15	60	15	3	1.3065e+06	5.20969e-05	0.2155	
10763	400	3040	22.6508	29.8201	1727	17.7609	10	535	16	57	37	3	1.03073e+06	6.50872e-05	0.1366	
11053	384	3049	15	21.1914	1794	16.1696	6	535	18	67	21	5	1.28102e+06	4.99201e-05	0.2823	
10352	322	3020	20.3361	28.3133	1765	18.7066	6	534	19	55	12	4	1.12829e+06	6.4587e-05	0.0872	
10905	391	3048	22.4316	26.194	1722	18.7437	7	535	20	56	11	4	1.03715e+06	5.89067e-05	0.2081	
10485	400	3015	22.0505	28.5472	1761	17.7677	6	535	16	55	23	4	1.06387e+06	6.51211e-05	0.1107	
10499	360	3050	19.2112	24.3755	1729	18.4081	6	535	18	55	17	4	1.13671e+06	5.84659e-05	0.1385	
11500	378	3021	18.2189	20	1900	16.3096	8	535	20	58	3	3	1.13225e+06	4.69109e-05	0.3865	
11288	361	3050	15	21.3369	1770	16.0704	9	535	18	69	30	5	1.27575e+06	4.90822e-05	0.3036	
10689	400	3019	23.0437	27.1204	1743	17.0399	9	535	13	57	56	3	1.04127e+06	6.39223e-05	0.141	
11500	398	3010	23.9759	21.7086	1790	15.235	9	535	14	73	11	3	1.01401e+06	5.17759e-05	0.4202	
11263	381	3039	23.4489	24.71	1807	18.1853	8	534	17	55	22	4	1.01897e+06	5.57724e-05	0.2846	
10922	400	3017	15.732	21.2873	1763	18.5264	8	535	15	61	20	4	1.23065e+06	5.15278e-05	0.2563	
10547	370	3050	15.8539	21.2922	1778	15.1301	5	535	20	55	20	4	1.26886e+06	5.3516e-05	0.1698	
11500	400	3040	20.6306	21.6281	1836	17.5709	10	535	13	60	8	3	1.05245e+06	4.95516e-05	0.3675	
10602	400	3039	20.7529	28.4858	1752	17.2923	8	535	17	59	12	4	1.06916e+06	6.25821e-05	0.131	
11054	400	3047	19.2917	20	1796	14.5028	7	535	13	56	6	3	1.10943e+06	4.97438e-05	0.3349	
10418	362	3040	18.216	20	1760	18.0991	7	535	13	57	19	4	1.18918e+06	5.48186e-05	0.1863	
10871	355	3049	18.4146	20.0078	1843	17.849	8	534	16	56	20	4	1.16177e+06	5.11823e-05	0.2759	
11047	393	3036	18.2465	20.0683	1900	17.9607	9	535	20	55	14	4	1.1366e+06	4.97785e-05	0.3149	
10549	382	3006	16.1907	21.1746	1708	15.3528	5	535	20	56	24	4	1.24792e+06	5.43596e-05	0.1681	
10415	337	3042	20.8265	22.7668	1764	18.0288	7	535	13	55	26	6	1.13069e+06	5.89588e-05	0.1396	
10893	393	3009	23.1064	29.9322	1749	19	7	535	20	57	33	3	1.02042e+06	6.46663e-05	0.1516	
10625	361	3046	15	20	1751	18.142	7	535	16	59	21	3	1.32129e+06	5.20806e-05	0.2042	
10739	359	3039	18.0717	24.3755	1732	18.4081	6	535	19	56	24	4	1.15257e+06	5.64972e-05	0.1626	
10378	387	3019	22.6017	26.267	1749	18.5394	9	535	19	56	51	3	1.07676e+06	6.57678e-05	0.1002	
11500	400	3038	19.8884	20.8574	1838	18.2669	9	535	17	57	8	4	1.0742e+06	4.86381e-05	0.3749	
11459	380	3036	15	21.75	1782	14	9	535	19	57	5	3	1.24976e+06	4.75986e-05	0.3507	
10723	400	3016	20.4972	23.2138	1775	18.8597	8	532	16	60	3	4	1.08044e+06	5.59534e-05	0.2251	
11288	392	3050	15.0183	20.3789	1772	16.0704	9	535	18	69	21	5	1.26511e+06	4.79754e-05	0.3454	
10683	400	3050	17.1468	20	1726	17.2485	8	535	16	56	11	3	1.18741e+06	5.17866e-05	0.2561	
11174	370	3045	17.3589	20.5283	1839	14.8001	7	534	20	64	4	5	1.1727e+06	4.86287e-05	0.3384	
10557	398	3040	22.2922	28.3758	1796	18.0304	7	535	15	55	19	4	1.05432e+06	6.39345e-05	0.1299	
10651	400	3034	18.4164	21.8651	1721	17.158	8	535	17	57	15	3	1.13667e+06	5.45078e-05	0.2118	
10547	381	3050	15.2805	20.4417	1759	19	7	535	20	55	15	4	1.29846e+06	5.27955e-05	0.1827	
10854	400	3029	15.4547	21.6771	1763	16.8427	7	535	18	56	28	4	1.25241e+06	5.22111e-05	0.2171	
10451	372	3039	17.6878	21.1427	1748	18.4494	8	535	19	56	22	4	1.1919e+06	5.55648e-05	0.1643	
10288	395	3040	15.5061	23.6024	1820	15.4378	7	535	17	55	2	5	1.28202e+06	5.67312e-05	0.1147	
11490	400	2999	23.2714	23.408	1833	15.9786	10	524	13	69	19	3	1.01013e+06	5.32e-05	0.3825	
11439	400	3038	20.3118	20.8574	1838	17.5681	8	535	16	56	8	4	1.0732e+06	4.90629e-05	0.3653	
10624	359	3039	17.7606	23.8072	1732	18.4494	8	535	19	56	19	4	1.16867e+06	5.65163e-05	0.1499	
11169	395	3046	15	22.0733	1806	14.9346	8	535	17	63	24	5	1.26152e+06	4.99525e-05	0.2801	
10736	400	3016	22.2026	28.9463	1787	18.4467	9	535	17	55	7	3	1.03549e+06	6.30279e-05	0.1608	
10657	400	3050	17.205	23.8575	1833	16.6552	10	535	19	57	10	4	1.16406e+06	5.5145e-05	0.1751	
11230	396	3038	22.8145	25.3413	1852	16.6552	9	535	13	68	27	4	1.01694e+06	5.59879e-05	0.2811	
10583	385	3046	15.2538	20.6617	1742	18.1321	7	535	16	59	21	3	1.29306e+06	5.30448e-05	0.1799	
11500	393	3010	22.6047	29.9322	1742	17.2901	7	535	20	59	33	3	993250	6.03573e-05	0.242	
11500	345	3050	15.1967	20.1018	1769	14	7	535	14	57	5	3	1.27564e+06	4.59453e-05	0.4137	
10659	370	3037	15.6192	22.1528	1797	15.3786	6	535	16	55	8	5	1.26437e+06	5.28541e-05	0.1984	
10288	376	3038	16.0341	21.8822	1735	15.7507	7	535	18	57	15	5	1.27049e+06	5.63857e-05	0.1152	
11500	400	3033	25	26.6395	1766	18.0922	9	534	13	55	16	3	980710	5.73427e-05	0.3202	
11063	400	3029	22.0505	29.7946	1800	15.9334	10	535	15	55	23	4	1.01604e+06	6.18506e-05	0.1871	
10774	400	3037	16.3865	21.6526	1746	18.3666	7	534	18	61	29	5	1.21211e+06	5.33504e-05	0.2027	
10578	400	3019	22.6017	26.267	1749	18.8741	9	535	12	57	47	3	1.05446e+06	6.34558e-05	0.1295	
11376	397	3022	23.6726	27.2114	1795	14	8	535	13	62	25	3	993819	5.77334e-05	0.2892	
11500	399	3042	22.9012	26.8182	1717	17.0337	7	535	15	62	39	3	1.00055e+06	5.67151e-05	0.2874	
10659	370	3044	15.6192	22.1528	1797	16.414	6	535	16	55	8	5	1.2646e+06	5.28597e-05	0.1959	
11317	347	3050	15.1967	20.9414	1787	14	7	535	19	57	3	3	1.27085e+06	4.74338e-05	0.3603	
11500	400	3036	22.0505	21.4829	1857	16.6552	9	535	12	73	21	3	1.03656e+06	5.03322e-05	0.3976	
10256	400	2989	21.0556	25.9112	1794	18.4081	9	530	20	55	4	4	1.09186e+06	6.30756e-05	0.1161	
11472	393	3036	20.5011	21.3066	1871	17.311	10	534	19	55	17	3	1.05909e+06	4.95172e-05	0.3575	
11500	400	3033	24.0709	30	1798	16.8208	10	534	13	74	33	3	975497	6.054e-05	0.2714	
10970	385	3050	20.5111	20.5647	1702	14.8239	10	535	15	58	7	3	1.08494e+06	5.16502e-05	0.3031	
10736	400	3009	22.4957	29.7946	1787	18.4467	9	535	17	55	7	3	1.03016e+06	6.43087e-05	0.151	
10491	400	3030	21.2926	29.782	1769	15.5932	10	535	17	55	14	3	1.06224e+06	6.53595e-05	0.109	
11478	400	3019	24.7352	21.5845	1867	16.5313	8	535	20	68	19	3	1.01512e+06	5.22002e-05	0.3715	
11500	400	3018	20.5784	26.2687	1867	16.5313	8	535	19	69	19	3	1.0281e+06	5.42594e-05	0.3166	
11500	400	3027	23.0897	23.9335	1732	15.235	9	534	17	73	11	3	1.00366e+06	5.33248e-05	0.3716	
10610	394	3026	20.8918	23.6719	1753	19	6	531	19	55	11	4	1.08429e+06	5.77434e-05	0.1803	
11473	390	3006	24.8523	28.2325	1712	14.6217	8	533	19	66	43	3	981903	5.9805e-05	0.2746	
10579	359	3039	18.6936	25.2142	1749	18.4081	6	534	19	56	24	4	1.14227e+06	5.88132e-05	0.1299	
11169	387	2966	23.0294	29.7508	1725	17.6469	8	535	19	64	26	3	1.00469e+06	6.26017e-05	0.2033	
10804	379	3030	20.406	27.1778	1743	17.9919	7	535	20	56	16	4	1.0723e+06	5.9755e-05	0.1644	
10933	376	3034	15	20.1018	1863	15.0312	6	534	16	61	2	4	1.29913e+06	4.88186e-05	0.3191	
11500	399	3009	25	26.7494	1829	14.9879	8	535	12	68	17	3	980779	5.72574e-05	0.3189	
10685	393	3025	15	21.2667	1718	17.0074	7	535	15	60	15	3	1.29264e+06	5.25183e-05	0.2006	
10547	374	3043	15.2805	21.0027	1778	19	8	535	20	55	15	4	1.29516e+06	5.3285e-05	0.17	
10610	394	3029	20.8918	28.8119	1765	17.4354	5	531	20	55	10	4	1.06958e+06	6.29763e-05	0.1285	
11500	400	3027	23.791	30	1848	14.1119	9	535	15	70	27	3	976916	6.01178e-05	0.2775	
11015	396	2996	21.7133	28.2066	1788	17.2741	10	535	20	57	12	3	1.02564e+06	6.02228e-05	0.2026	
11149	355	3048	17.9555	20.5283	1839	14.8001	5	534	20	60	4	5	1.16778e+06	4.89644e-05	0.3304	
10415	337	3042	20.8265	21.5121	1786	18.3323	7	535	15	55	26	6	1.13889e+06	5.78503e-05	0.1534	
10482	400	3027	15.4547	20	1763	17.351	7	535	18	59	28	4	1.29214e+06	5.38387e-05	0.1647	
10683	400	3047	17.8358	20.8191	1779	16.67	8	534	18	56	25	4	1.16295e+06	5.32907e-05	0.2209	
11220	387	3048	15.2555	21.2208	1707	15.3414	8	535	20	55	26	3	1.24767e+06	4.92417e-05	0.2947	
10970	385	3050	20.5111	20.5647	1702	15.216	10	535	15	58	7	3	1.08473e+06	5.16769e-05	0.3018	
10674	393	3045	24.7953	26.194	1735	18.7437	7	535	20	56	16	4	1.03197e+06	6.24922e-05	0.173	
11015	400	3016	22.0505	30	1775	17.5296	6	535	17	58	23	4	1.02308e+06	6.26488e-05	0.1741	
10894	385	3042	24.3453	30	1818	18.5275	10	533	20	55	35	4	1.01275e+06	6.50364e-05	0.1674	
11160	400	3050	15.8405	20.1018	1836	16.0861	5	535	19	64	5	4	1.23114e+06	4.78652e-05	0.3514	
10715	400	3042	15.8125	22.0043	1718	16.8724	10	534	17	59	11	5	1.23355e+06	5.29437e-05	0.2015	
10371	363	3044	17.3382	23.7767	1803	16.0977	8	533	17	55	19	5	1.19997e+06	5.78503e-05	0.1194	
10679	393	3042	21.2619	29.5997	1773	18.6061	7	532	19	56	33	3	1.05779e+06	6.44413e-05	0.1217	
10952	399	3050	20.2785	20.7125	1749	17.2322	9	531	18	60	17	3	1.08669e+06	5.21512e-05	0.2956	
10450	390	3035	16.8569	22.2095	1708	15.2444	7	534	15	57	25	5	1.2147e+06	5.61419e-05	0.1422	
10225	400	3046	18.153	23.7767	1765	15.7184	5	535	17	56	5	5	1.17759e+06	5.8872e-05	0.1205	
10616	400	3034	16.4629	21.8651	1721	17.8568	8	535	17	57	16	4	1.21218e+06	5.4095e-05	0.1834	
10450	355	3048	20.3361	28.5985	1729	18.7066	5	534	20	55	12	4	1.10662e+06	6.38814e-05	0.0927	
10323	400	3043	23.7956	29.2773	1780	18.4503	8	533	10	55	50	4	1.06437e+06	6.98763e-05	0.1011	
10547	370	3050	15	21.2922	1778	15.1301	5	535	18	55	15	4	1.3201e+06	5.29409e-05	0.1694	
10689	400	3016	22.4957	29.7946	1780	15.5932	10	535	17	55	23	3	1.03405e+06	6.4914e-05	0.1389	
11467	400	3022	23.6726	27.2114	1847	14	8	535	17	62	19	4	990240	5.69898e-05	0.3009	
11081	400	3046	15	21.8328	1780	15.2472	6	535	18	71	24	6	1.27194e+06	5.05076e-05	0.2649	
11500	400	3047	15.9896	20	1825	15.7665	7	535	12	61	2	4	1.20655e+06	4.60532e-05	0.4245	
11294	400	3049	18.2473	20.1684	1856	14.9992	7	532	16	61	9	3	1.12717e+06	4.80515e-05	0.3677	
11500	382	3038	17.5484	20	1889	15.3332	9	535	9	65	2	3	1.14905e+06	4.64857e-05	0.4095	
11500	394	3050	23.8034	21.5402	1797	15.5364	10	534	16	57	33	3	1.0185e+06	5.16689e-05	0.3856	
11500	394	3018	15	22.237	1803	14.1119	10	535	18	56	10	3	1.23795e+06	4.807e-05	0.3412	
11500	398	3010	25	22.0898	1735	15.235	9	533	14	73	11	3	1.00346e+06	5.29605e-05	0.4247	
11209	395	2996	23.7994	28.2566	1767	18.7868	7	535	20	58	16	3	999140	6.04814e-05	0.2386	
11500	400	3042	23.1046	26.9569	1778	14.8865	10	535	16	74	16	3	990021	5.62114e-05	0.3035	
11500	400	3040	24.4214	21.3191	1766	15.0431	9	534	8	57	2	3	1.01457e+06	5.1369e-05	0.4243	
11500	400	3036	23.791	30	1803	15.7887	9	535	15	72	30	3	977689	6.02555e-05	0.2661	
11500	400	3044	18.23	20	1889	16.6026	10	534	19	58	7	3	1.11826e+06	4.68889e-05	0.3896	
11150	400	2998	23.5463	29.8201	1708	17.7702	6	535	16	59	21	3	1.00135e+06	6.27628e-05	0.2086	
11259	383	3018	23.8718	26.0862	1753	15.0974	9	535	17	63	39	4	1.0072e+06	5.79609e-05	0.2737	
11086	400	3033	22.6874	30	1781	17.3242	10	535	15	63	8	4	1.00808e+06	6.19157e-05	0.2026	
10619	397	3041	25	29.2773	1762	18.0229	8	534	15	55	36	4	1.0277e+06	6.71501e-05	0.1306	
11169	397	2966	23.0294	29.7508	1731	17.6469	8	535	19	64	30	3	1.00164e+06	6.26802e-05	0.2018	
11215	400	3050	16.0235	20	1887	17.6469	6	533	17	61	5	4	1.21871e+06	4.74901e-05	0.3651	
10918	388	3034	18.514	20.8806	1804	16.7717	8	534	19	63	25	4	1.13375e+06	5.20481e-05	0.2712	
11500	399	3043	22.9012	29.5764	1717	17.0337	10	533	15	66	39	3	987515	5.98444e-05	0.2613	
10650	398	3012	16.0889	22.2101	1702	14.8738	5	535	17	55	24	5	1.23636e+06	5.43656e-05	0.172	
10680	377	3050	18.6936	23.3798	1816	18.4081	6	535	19	55	33	4	1.13823e+06	5.63349e-05	0.1666	
11500	400	3033	25	26.6395	1757	15.5978	9	534	11	71	21	3	980340	5.72279e-05	0.3445	
10587	398	3030	23.3768	26.8307	1739	18.092	8	535	15	55	13	3	1.04002e+06	6.27549e-05	0.1514	
10396	392	3037	17.3022	21.5086	1744	17.2485	8	535	18	59	24	4	1.20183e+06	5.62841e-05	0.1468	
11430	382	3025	18.2465	20.0683	1899	17.9607	9	535	20	55	14	4	1.12911e+06	4.77213e-05	0.3679	
10774	399	3041	18.3575	21.5689	1733	17.5773	7	534	18	61	29	5	1.14237e+06	5.39403e-05	0.2308	
11364	400	3026	21.6314	21.9417	1849	18.008	10	535	17	69	13	4	1.04044e+06	5.12952e-05	0.345	
10591	384	3029	20.1345	20	1797	19	8	535	19	55	30	4	1.12566e+06	5.5057e-05	0.1987	
10737	400	3043	22.2879	26.7494	1756	17.7217	9	535	15	56	15	3	1.03938e+06	6.05657e-05	0.1798	
10791	397	3038	18.0504	25.1786	1754	15.9098	8	532	16	55	13	5	1.127e+06	5.62082e-05	0.1885	
10690	400	3019	20.9968	25.9112	1794	18.42	8	535	20	58	11	5	1.06642e+06	5.93718e-05	0.1746	
10587	351	3017	19.4847	26.9211	1775	18.7448	8	535	17	55	18	4	1.11439e+06	6.08976e-05	0.12	
10575	371	3018	20.4516	28.4912	1775	18.7066	5	534	14	55	10	3	1.08529e+06	6.28141e-05	0.1201	
11500	384	3042	15.6612	20.0992	1847	14.8882	8	534	9	64	2	3	1.22652e+06	4.59728e-05	0.4338	
10460	374	3043	15.2805	21.0027	1778	19	8	535	20	55	5	4	1.29886e+06	5.34616e-05	0.1685	
11500	400	3010	22.6047	29.9322	1755	17.3194	6	535	20	58	10	5	994730	5.99233e-05	0.2442	
10913	349	3050	15	20.403	1758	15.1301	4	534	20	56	27	3	1.31468e+06	5.02311e-05	0.2643	
10687	390	2988	19.3503	26.2583	1769	18.2786	8	535	15	56	14	4	1.09608e+06	5.93789e-05	0.1541	
11054	400	3047	19.2917	20.8732	1836	14.7686	7	535	13	56	12	3	1.103e+06	5.05587e-05	0.3133	
10723	400	3004	19.9053	20.1655	1775	18.8597	9	531	16	58	14	4	1.10984e+06	5.35504e-05	0.2617	
10317	396	3026	17.1226	23.4617	1763	16.0689	7	531	17	55	17	5	1.20339e+06	5.8072e-05	0.1153	
10587	390	3033	20.7333	25.0608	1862	18.5526	9	534	19	55	28	4	1.08305e+06	5.95806e-05	0.1518	
10234	400	3023	19.3368	22.0533	1794	18.2584	8	535	20	55	11	5	1.14528e+06	5.85309e-05	0.1237	
11061	396	3050	15.6791	20.1018	1863	14.9294	8	535	20	61	2	4	1.23769e+06	4.81394e-05	0.3291	
11500	364	3021	18.345	20	1899	16.6992	9	535	20	58	3	3	1.13371e+06	4.69991e-05	0.3857	
11248	400	3042	23.4845	27.5989	1700	16.1918	8	533	17	60	6	3	1.00003e+06	5.8682e-05	0.2574	
11500	385	2992	21.2153	28.957	1815	17.0782	8	532	19	60	14	3	1.01236e+06	5.81159e-05	0.2611	
11212	400	3050	18.7666	21.8207	1851	18.3016	6	535	16	67	16	4	1.10712e+06	5.05306e-05	0.3208	
11443	400	3042	19.3526	20.1043	1879	17.8338	10	535	19	60	12	4	1.09349e+06	4.79962e-05	0.3712	
10910	400	3049	16.0814	21.6771	1770	18.6783	6	535	18	70	24	6	1.21834e+06	5.20888e-05	0.2391	
10854	387	3029	15.1778	21.4544	1763	16.8427	7	535	18	56	28	4	1.27538e+06	5.19373e-05	0.2208	
10674	359	3042	15.8125	22.2095	1719	16.8718	8	534	19	65	18	5	1.25649e+06	5.38619e-05	0.1816	
10430	393	3039	16.3192	23.6737	1781	16.0977	7	533	17	55	10	4	1.22535e+06	5.63984e-05	0.1285	
11329	389	3050	19.5305	20.775	1835	18.5804	7	534	16	58	12	4	1.09847e+06	4.92878e-05	0.3509	
11449	400	3036	23.2714	23.0889	1833	15.9786	10	524	16	71	19	3	1.01256e+06	5.27816e-05	0.3845	
11264	400	3018	17.3589	20	1868	16.6292	6	535	12	57	7	4	1.16137e+06	4.798e-05	0.361	
11500	398	3044	18.0188	20	1877	17.3203	6	535	13	61	7	3	1.13161e+06	4.68604e-05	0.3969	
10871	355	3042	18.4146	20.0078	1839	17.849	8	535	16	55	20	4	1.16065e+06	5.12584e-05	0.2699	
10557	389	3040	22.2922	28.3758	1777	18.4308	7	535	15	55	19	4	1.05725e+06	6.40369e-05	0.1277	
11478	387	3036	15.2222	20.1018	1782	14	7	534	19	57	5	3	1.25053e+06	4.61595e-05	0.4094	
11484	399	3050	20.6276	21.2108	1791	14.7223	5	535	16	67	8	3	1.06819e+06	4.91376e-05	0.3838	
11410	337	3039	18.3959	20.0326	1867	14.7726	6	535	20	59	6	4	1.16121e+06	4.73799e-05	0.3732	
10683	400	3027	17.8358	20.8119	1773	16.67	8	534	18	56	29	4	1.16332e+06	5.36913e-05	0.2159	
10234	399	2990	20.9186	27.1409	1710	18.5581	5	531	20	55	21	4	1.10545e+06	6.56556e-05	0.0892	
10647	400	3034	18.0448	21.8651	1742	16.9922	8	535	13	57	21	3	1.14944e+06	5.45227e-05	0.2075	
10931	399	3050	20.2785	20.775	1747	17.2322	9	531	18	61	16	3	1.08632e+06	5.23341e-05	0.2922	
11500	390	3039	15	23.3744	1750	14	7	535	19	55	5	3	1.23741e+06	4.8986e-05	0.3216	
10256	318	3030	18.8863	26.0579	1776	18.5958	8	535	14	55	3	5	1.17417e+06	6.15915e-05	0.0949	
10962	357	3050	15	21.1206	1742	18.0616	9	535	17	58	19	4	1.29203e+06	5.05945e-05	0.2511	
11169	379	3050	15	22.1459	1789	16.5998	8	535	18	65	24	5	1.26746e+06	5.01505e-05	0.2733	
10938	391	3039	16.8671	23.7767	1797	16.0977	7	533	17	55	10	3	1.16495e+06	5.30814e-05	0.2387	
10577	392	3030	17.9992	21.0384	1793	19	7	535	16	55	30	4	1.17027e+06	5.49149e-05	0.1904	
10916	346	3050	15	20.4825	1739	17.724	9	535	16	59	21	3	1.30261e+06	5.04058e-05	0.2625	
11500	400	3033	24.0709	29.3668	1798	16.8208	8	532	12	74	35	3	980011	5.98337e-05	0.294	
10547	370	3050	15.8539	21.2922	1778	16.6179	5	535	20	55	20	4	1.26826e+06	5.36078e-05	0.1658	
11289	382	3045	15	20	1727	16.1301	6	535	15	65	3	4	1.27804e+06	4.71298e-05	0.3716	
10580	392	3037	18.7331	26.9432	1831	18.5611	7	535	17	55	15	5	1.11914e+06	6.00637e-05	0.1237	
10765	400	3045	25	29.2773	1753	18.4503	8	535	13	55	29	4	1.01505e+06	6.55738e-05	0.1569	
10849	357	3050	15	20.9504	1750	16.33	7	535	18	60	22	5	1.30535e+06	5.11143e-05	0.2318	
11296	399	3023	15.1305	20.5017	1832	15.9618	8	535	20	58	2	4	1.25364e+06	4.73934e-05	0.368	
10723	400	3012	20.4972	22.3142	1775	18.8597	8	529	16	58	23	4	1.08736e+06	5.59347e-05	0.2256	
11157	400	3038	15	21.6771	1793	15.7619	8	535	18	55	28	4	1.26178e+06	4.98778e-05	0.2828	
10680	377	3050	18.6936	23.3798	1816	18.672	6	533	19	55	27	4	1.13672e+06	5.60412e-05	0.1826	
10422	374	3050	19.2586	21.7393	1708	15.1586	5	535	17	56	13	4	1.14883e+06	5.6262e-05	0.1678	
11393	376	3017	16.9552	20	1899	17.1544	7	534	20	60	5	4	1.18277e+06	4.71032e-05	0.3783	
10736	395	2992	20.0738	23.1555	1856	15.4696	7	535	17	55	19	4	1.09098e+06	5.5919e-05	0.2108	
11500	400	3027	24.6374	23.9335	1732	15.235	9	533	14	73	11	3	994114	5.4277e-05	0.3472	
11484	399	3050	20.6276	21.2108	1843	14.7223	7	535	16	67	17	3	1.06337e+06	4.92102e-05	0.3696	
11500	340	3050	18.3959	20.1865	1888	14.8946	6	534	19	60	5	4	1.15614e+06	4.69043e-05	0.3888	
10738	400	3043	23.4876	26.7494	1737	16.216	10	535	17	56	23	3	1.02671e+06	6.16029e-05	0.1761	
10954	395	3027	15	21.5839	1722	17.2244	6	535	19	63	21	5	1.27906e+06	5.13005e-05	0.2398	
10361	379	3044	20.406	27.1778	1744	17.0585	7	533	20	57	22	5	1.10773e+06	6.34719e-05	0.102	
11430	382	3025	18.2465	20.0683	1899	17.3814	9	535	20	55	14	4	1.13034e+06	4.7669e-05	0.3685	
11169	395	3039	20.2153	21.5337	1845	17.4539	9	535	16	66	24	4	1.07655e+06	5.15464e-05	0.3098	
10591	363	3038	17.4922	23.7785	1763	15.9098	8	532	19	55	13	5	1.1771e+06	5.59942e-05	0.1663	
11500	397	3050	17.2677	20	1843	15.7921	8	535	15	60	4	3	1.15251e+06	4.64382e-05	0.4098	
10499	360	3050	19.2112	24.3755	1729	16.2764	6	535	18	56	15	3	1.13426e+06	5.81531e-05	0.1489	
10723	400	3013	20.4972	23.2138	1775	19	8	532	17	56	2	4	1.08033e+06	5.59628e-05	0.2172	
10380	333	3044	16.5712	23.3863	1792	15.7958	7	534	14	55	9	5	1.24696e+06	5.65355e-05	0.1274	
10602	400	3039	20.7529	28.4858	1752	17.6068	8	534	17	59	15	4	1.06924e+06	6.27195e-05	0.1293	
10494	350	3043	17.9216	22.3777	1844	18.5347	6	535	18	55	2	4	1.18279e+06	5.50085e-05	0.1803	
10406	400	3050	17.0156	23.2184	1753	15.9083	6	533	16	56	14	4	1.20081e+06	5.66219e-05	0.1327	
11500	400	3026	22.2483	20.4248	1825	17.1709	10	533	19	59	7	3	1.04025e+06	4.94731e-05	0.4146	
10693	400	3049	24.6342	29.8201	1708	17.8062	8	533	15	56	30	4	1.02287e+06	6.65956e-05	0.1514	
10577	388	3030	18.0167	21.0384	1787	18.9731	7	535	15	55	23	4	1.16903e+06	5.45524e-05	0.1976	
10396	400	3037	17.3022	20.9018	1744	17.2485	8	535	14	56	24	4	1.20219e+06	5.55957e-05	0.1633	
10893	397	3037	17.6398	20.4264	1802	15.254	8	535	14	60	4	3	1.1557e+06	5.04236e-05	0.2924	
10441	374	3024	20.8942	28.3758	1718	18.0304	6	534	15	55	18	4	1.08946e+06	6.44538e-05	0.1009	
11220	387	3048	15.5022	21.2208	1766	15.3414	8	535	20	63	26	3	1.23127e+06	4.92223e-05	0.3094	
11500	364	3036	15.2222	20.4945	1723	14	7	535	19	56	5	3	1.25668e+06	4.65116e-05	0.3876	
10299	376	3043	15.1931	22.1454	1735	16.1917	6	535	18	55	2	5	1.31707e+06	5.53741e-05	0.1145	
11500	395	3037	24.0751	20	1892	16.7104	9	534	19	59	7	4	1.03848e+06	4.99725e-05	0.3943	
10234	400	3047	19.8967	25.9112	1794	18.1691	8	535	20	55	8	5	1.12127e+06	6.22549e-05	0.0999	
10210	400	3011	20.5738	28.1567	1734	18.7124	6	532	15	55	7	4	1.10529e+06	6.57635e-05	0.0876	
11211	397	2972	23.0294	29.7508	1725	17.6469	8	535	19	64	26	3	999579	6.22704e-05	0.2089	
10826	357	3050	15	20.3427	1742	18.1321	7	535	17	59	5	5	1.30838e+06	5.02513e-05	0.2728	
11081	400	3046	15	21.8328	1794	15.2472	8	535	18	71	24	6	1.2673e+06	5.04948e-05	0.2662	
10954	346	3040	15.6502	20.2707	1845	14.9707	9	533	18	61	2	4	1.17175e+06	4.80054e-05	0.3499	
11464	349	3014	16.4155	20	1899	16.7104	7	534	20	59	2	4	1.21563e+06	4.65095e-05	0.3967	
10736	400	3027	22.8731	22.701	1795	17.5138	9	535	20	55	24	3	1.04891e+06	5.74284e-05	0.2124	
10302	400	3049	17.6231	21.8651	1708	16.9922	8	533	16	57	22	4	1.19397e+06	5.73099e-05	0.1376	
10536	366	3032	16.5724	23.0627	1744	15.5384	7	535	13	57	25	4	1.22244e+06	5.60381e-05	0.149	
10547	385	3046	16.5725	21.2922	1778	17.5676	5	535	20	56	9	4	1.22423e+06	5.34988e-05	0.1938	
10222	400	2985	19.8992	28.1567	1734	18.7124	6	532	16	55	8	4	1.11503e+06	6.56599e-05	0.0866	
10559	400	3017	16.745	23.1664	1708	16.7556	10	533	17	57	18	3	1.19231e+06	5.60067e-05	0.1577	
10921	389	3029	15.8029	21.6771	1746	16.9373	10	535	11	60	21	4	1.22599e+06	5.16903e-05	0.2486	
10499	317	3038	16.0132	21.6731	1770	17.3482	9	535	19	55	10	5	1.28239e+06	5.418e-05	0.1631	
11500	394	3018	23.8034	21.5402	1803	14.1119	10	535	15	57	33	3	1.01814e+06	5.18592e-05	0.3866	
11391	400	3034	16.808	23.3369	1764	17.1165	10	535	20	57	18	4	1.14381e+06	5.06534e-05	0.2899	
10950	400	3029	16.2214	21.6771	1763	17.351	7	535	18	56	28	4	1.20663e+06	5.1878e-05	0.2425	
10176	375	3028	17.2553	24.4252	1769	16.9715	7	529	19	55	8	4	1.20944e+06	5.98767e-05	0.098	
11388	364	3020	18.3959	20.6126	1899	16.6992	8	535	20	58	3	3	1.13035e+06	4.80792e-05	0.3612	
11500	391	3050	21.2938	20	1875	16.8955	7	534	20	55	11	3	1.06691e+06	4.83536e-05	0.4132	
10650	376	3047	15.1931	22.1454	1735	16.1917	6	535	18	55	2	5	1.28816e+06	5.26704e-05	0.1891	
10679	393	3042	21.8962	29.5997	1735	18.6061	8	531	20	56	25	3	1.04645e+06	6.45953e-05	0.1283	
11030	400	3049	15.4052	22.2123	1766	16.0595	9	534	16	72	14	4	1.23438e+06	5.08828e-05	0.2623	
10579	359	3036	18.6936	24.3755	1732	18.4494	7	535	19	56	24	4	1.14486e+06	5.80923e-05	0.1363	
10801	400	3022	22.4957	29.7911	1787	15.5932	10	535	17	55	23	3	1.02591e+06	6.39591e-05	0.1562	
11411	400	3044	15.6192	22.1528	1765	18.3649	9	535	15	59	4	3	1.20332e+06	4.8676e-05	0.3294	
10479	361	3047	18.2673	20.6919	1753	18.4694	7	534	11	55	12	4	1.17793e+06	5.44692e-05	0.1943	
10846	383	3050	15.9826	21.6865	1794	15.1361	10	535	18	65	32	4	1.22553e+06	5.24879e-05	0.2198	
10317	400	3035	19.6494	25.9112	1794	18.42	8	535	17	55	8	4	1.11773e+06	6.13836e-05	0.1069	
10647	400	3033	18.0448	21.8651	1742	16.9567	8	534	16	58	41	3	1.15515e+06	5.5639e-05	0.1802	
11435	393	3025	22.6047	29.9322	1753	18.1414	6	535	20	59	10	5	999889	6.01395e-05	0.2352	
11144	396	3042	20.9771	26.7036	1819	16.5406	10	535	11	59	24	4	1.03655e+06	5.70125e-05	0.2538	
11322	368	3026	18.732	22.3196	1843	17.755	8	535	19	55	11	4	1.10881e+06	5.04388e-05	0.3312	
11456	400	3034	19.7162	20.1043	1889	18.526	10	535	20	59	2	4	1.08392e+06	4.79524e-05	0.3846	
11500	398	3047	23.726	20	1849	14.8631	7	532	15	61	11	3	1.03969e+06	4.97512e-05	0.4092	
10749	398	3021	16.0889	21.1746	1708	16.6059	5	535	20	55	24	5	1.23558e+06	5.27593e-05	0.209	
11472	393	3035	20.5011	26.9505	1871	14.0579	10	533	18	55	28	3	1.02866e+06	5.51602e-05	0.2913	
11500	400	3048	20.5717	20	1887	16.5072	10	535	19	58	2	3	1.06776e+06	4.77623e-05	0.4139	
11167	387	3023	15.2555	21.2208	1700	15.3414	8	535	20	63	26	3	1.24856e+06	4.98753e-05	0.2833	
11145	400	3022	22.8144	30	1790	14.1119	10	532	17	66	25	3	1.00221e+06	6.18774e-05	0.217	
10543	397	3038	18.0504	25.1786	1754	15.9098	8	532	16	55	13	5	1.14406e+06	5.8008e-05	0.1405	
11494	387	3050	15	20.1018	1754	14	7	532	19	57	5	4	1.26785e+06	4.59749e-05	0.41	
10396	391	3043	15	21.076	1775	15.5512	4	535	14	58	11	3	1.32391e+06	5.38851e-05	0.1515	
11467	400	3032	23.6726	27.2114	1780	14	9	535	19	62	19	4	989105	5.71102e-05	0.2922	
11370	400	3032	22.2315	29.7946	1793	16.0407	8	535	15	71	16	3	997931	5.98015e-05	0.2395	
10689	400	3009	21.2588	30	1776	15.5932	9	533	17	56	13	3	1.04732e+06	6.41478e-05	0.137	
11015	400	3016	22.0505	30	1775	17.4404	6	535	16	55	23	4	1.0231e+06	6.27156e-05	0.1736	
11030	400	3050	15.4052	22.2123	1776	16.0595	9	534	16	72	26	4	1.23635e+06	5.13426e-05	0.2535	
11322	382	3042	15	20	1746	16.1021	6	535	17	56	3	4	1.27664e+06	4.68867e-05	0.3782	
10805	400	3039	18.6936	25.2142	1749	18.4081	6	534	19	56	24	4	1.11177e+06	5.70841e-05	0.1702	
10416	400	3034	20.1379	27.0183	1754	16.9627	10	534	16	56	27	4	1.09826e+06	6.29525e-05	0.1109	
11003	400	3038	15	20.1098	1795	15.7629	8	535	17	59	31	4	1.28059e+06	4.97611e-05	0.2848	
11088	380	3042	16.1871	20.1018	1843	16.5451	6	534	15	60	6	4	1.22238e+06	4.84332e-05	0.34	
11384	397	3000	22.6047	22.0508	1777	14	7	535	20	59	33	3	1.03262e+06	5.2499e-05	0.3392	
10697	400	3042	24.212	29.8201	1700	17.9156	8	535	20	60	37	4	1.02758e+06	6.66356e-05	0.1388	
10288	376	3044	21.0692	22.8147	1735	16.1917	7	535	17	55	2	5	1.11462e+06	5.90702e-05	0.1531	
10976	400	3039	22.0505	30	1745	15.8917	5	535	15	55	23	3	1.02646e+06	6.26723e-05	0.1723	
10846	400	3046	16.8222	21.4715	1769	15.872	10	535	18	61	34	4	1.18392e+06	5.27872e-05	0.2267	
11500	399	2992	19.9902	27.5987	1832	16.2092	9	534	20	61	13	4	1.03194e+06	5.58628e-05	0.2683	
10393	395	3035	15	20.4689	1726	17.7672	7	535	14	55	14	4	1.32398e+06	5.38822e-05	0.1543	
11138	377	3034	19.0649	20.2489	1799	14.6228	9	535	16	57	7	3	1.11396e+06	4.95319e-05	0.3291	
10933	400	3034	15	20.1018	1863	16.7322	8	534	18	57	2	4	1.28393e+06	4.88759e-05	0.3188	
10893	393	3008	22.0821	29.9322	1761	19	6	535	20	57	33	3	1.03244e+06	6.40533e-05	0.1429	
11289	382	3035	15	20.1367	1732	16.2353	6	535	15	62	3	4	1.27661e+06	4.73015e-05	0.3682	
10587	399	3033	20.7333	25.0608	1800	18.5526	8	534	19	55	28	4	1.08209e+06	5.97407e-05	0.1459	
10479	368	3047	18.2673	20.6919	1753	18.4694	7	534	11	55	12	5	1.17709e+06	5.449e-05	0.1944	
10737	400	3047	22.4847	26.7494	1756	17.8517	9	535	18	56	15	3	1.03709e+06	6.06796e-05	0.1739	
10738	400	3050	23.4876	26.7494	1757	16.216	10	535	17	56	23	3	1.02701e+06	6.14704e-05	0.1742	
11292	400	3015	15.4547	20.7236	1749	17.553	8	535	16	57	31	3	1.23282e+06	4.90557e-05	0.3266	
11030	363	3036	16.1967	21.8219	1788	17.7	9	535	20	58	36	4	1.21517e+06	5.17974e-05	0.2438	
10823	375	3050	15.9394	21.5396	1795	16.7712	10	535	17	65	35	4	1.23465e+06	5.2815e-05	0.2136	
11500	398	2999	24.2834	24.1075	1742	14.8665	10	533	15	73	17	3	993105	5.45286e-05	0.3435	
11431	400	3041	16.1644	22.5152	1764	15.7531	9	535	20	55	18	4	1.17687e+06	4.92756e-05	0.3146	
10398	387	3027	17.1226	21.3599	1763	16.0689	10	534	17	55	21	5	1.20669e+06	5.57445e-05	0.1591	
11144	400	2997	23.5463	29.8201	1744	18.4216	6	535	17	59	24	3	1.00116e+06	6.28022e-05	0.2071	
10978	400	3042	24.6342	29.8201	1708	18.032	10	534	19	56	38	3	1.00125e+06	6.47207e-05	0.1746	
11003	400	3043	15	21.6771	1795	16.1023	9	535	15	59	28	4	1.26898e+06	5.08621e-05	0.2537	
10272	400	3019	18.8822	20.9532	1770	16.525	6	533	15	55	10	4	1.16019e+06	5.66926e-05	0.1549	
10900	376	3042	20.3869	20.0078	1839	17.849	8	535	17	55	20	4	1.10855e+06	5.20156e-05	0.2896	
10674	360	3042	15.8125	22.2095	1719	15.1408	7	534	19	65	19	5	1.25822e+06	5.37808e-05	0.1813	
10708	357	3032	19.7149	20.9952	1742	17.7726	5	535	19	55	3	3	1.12936e+06	5.34702e-05	0.2345	
11220	400	3001	21.471	23.1922	1826	17.8212	10	533	18	63	18	3	1.03612e+06	5.35705e-05	0.3001	
10608	396	3028	15	20.49	1780	18.8904	6	535	20	57	19	4	1.3084e+06	5.26593e-05	0.1855	
11500	400	3040	20.6306	21.6281	1836	16.749	10	535	13	60	8	3	1.0525e+06	4.94903e-05	0.3688	
10812	340	3029	15.4547	21.6771	1749	17.351	7	535	18	57	28	4	1.2825e+06	5.26177e-05	0.2077	
10871	376	3042	19.6143	20.0078	1839	17.849	9	535	16	55	20	4	1.11963e+06	5.18403e-05	0.2767	
10750	356	3031	15.7929	21.8651	1757	16.447	5	535	16	64	20	3	1.25674e+06	5.28905e-05	0.2072	
10894	397	3035	24.6342	28.7305	1708	16.6324	10	534	19	56	37	3	1.00803e+06	6.40328e-05	0.1756	
10894	397	3034	24.7885	29.7354	1708	16.6324	10	533	20	56	10	3	1.00497e+06	6.44953e-05	0.1874	
10412	386	3021	20.3241	28.5988	1795	18.7066	7	534	20	55	10	3	1.0908e+06	6.41725e-05	0.095	
10473	391	3039	22.7576	28.3758	1777	17.8504	6	535	19	55	7	3	1.05558e+06	6.45036e-05	0.1229	
10995	400	3038	15	21.6771	1795	15.7619	8	535	17	59	29	4	1.27058e+06	5.10022e-05	0.2472	
10505	323	3020	20.3361	28.5985	1792	18.7066	5	534	20	55	12	4	1.11735e+06	6.34961e-05	0.0997	
11000	396	3042	20.9771	26.7036	1826	16.5406	10	535	11	59	24	4	1.04483e+06	5.79005e-05	0.2334	
10409	395	3031	15	20.6721	1726	17.7672	7	535	14	55	14	3	1.31878e+06	5.39433e-05	0.1543	
10412	322	3020	20.2897	28.5985	1765	18.7066	5	534	20	55	12	4	1.12495e+06	6.43501e-05	0.0884	
10992	397	3040	17.6398	20.1975	1825	15.0291	8	535	15	60	8	3	1.15302e+06	4.96919e-05	0.3094	
10547	381	3042	15	21.2922	1778	17.1185	5	535	20	56	3	4	1.31104e+06	5.26454e-05	0.1817	
10549	382	3006	16.1907	21.1746	1783	15.3528	5	535	20	56	24	4	1.24704e+06	5.418e-05	0.1727	
11323	327	3039	18.3959	20.1865	1867	14.7726	6	535	20	58	6	4	1.16828e+06	4.79547e-05	0.3583	
11500	400	3022	21.4259	20	1854	16.9033	9	535	19	58	3	5	1.06164e+06	4.85649e-05	0.4193	
10399	389	3047	19.5016	26.0226	1753	18.468	7	534	11	55	7	4	1.11828e+06	6.05914e-05	0.1224	
10679	393	3043	21.8962	29.5576	1735	18.4939	7	531	20	56	37	3	1.05029e+06	6.50322e-05	0.1247	
11500	398	2999	24.6374	24.1015	1729	15.235	9	533	15	64	14	3	994364	5.47495e-05	0.3412	
10674	394	3045	21.5275	29.5997	1735	18.6061	7	532	19	56	37	3	1.05498e+06	6.48971e-05	0.1204	
10590	392	3024	16.2115	22.6188	1843	17.9033	8	535	18	55	22	4	1.22471e+06	5.49239e-05	0.1617	
10601	357	3024	18.1869	22.4539	1831	18.5237	8	534	19	59	13	4	1.16324e+06	5.52059e-05	0.1957	
10883	391	3044	15	21.58	1794	16.8081	6	535	17	63	21	5	1.28593e+06	5.13505e-05	0.2304	
10225	400	3025	18.3106	25.3145	1763	18.1609	7	531	17	55	5	4	1.1604e+06	6.08532e-05	0.0972	
11189	400	3024	16.1941	21.8817	1728	18.3847	8	535	18	55	32	5	1.19551e+06	5.10386e-05	0.2738	
10894	397	3034	24.6342	29.5584	1809	16.2435	10	533	19	56	37	3	1.00636e+06	6.46204e-05	0.1751	
10457	382	3003	16.0889	21.1746	1708	15.3528	7	535	20	56	24	5	1.25725e+06	5.51633e-05	0.1438	
11248	392	3028	24.3534	25.994	1708	17.2308	10	535	18	61	37	3	998449	5.83942e-05	0.2702	
11063	400	3047	19.2917	20.8732	1836	14.7686	7	531	13	56	12	4	1.10586e+06	5.0528e-05	0.3269	
11044	400	3043	19.5735	20	1889	17.1709	10	534	19	57	14	3	1.10042e+06	5.02538e-05	0.3421	
10736	400	3009	22.8731	29.7946	1795	17.5138	9	535	18	55	24	3	1.0279e+06	6.49984e-05	0.1427	
10871	382	3047	19.6143	20.0078	1839	17.849	8	535	16	55	20	4	1.12156e+06	5.17759e-05	0.2775	
11478	400	3019	24.7352	26.2687	1867	16.5313	8	535	20	68	19	3	985178	5.65643e-05	0.3017