11500	384	3049	15.2356	20	1872	15.122	6	535	4	57	2	3	1.25773e+06	4.55976e-05	0.4375	
10368	400	3009	24.8938	29.6037	1780	18.4503	8	533	20	55	50	4	1.0517e+06	7.11592e-05	0.0969	
11500	400	3050	16.281	20	1825	15.2774	7	529	12	60	2	3	1.1925e+06	4.60787e-05	0.4495	
10230	349	3030	15	20.549	1767	14.7972	7	535	18	55	13	4	1.35515e+06	5.50752e-05	0.1262	
10312	298	3020	20.3361	28.5985	1775	18.7066	6	535	19	55	13	4	1.1474e+06	6.53381e-05	0.085	
11500	400	3014	25	29.9957	1772	15.5692	10	534	14	74	28	3	969983	6.12257e-05	0.2791	
11500	400	3042	21.8153	20.1538	1839	14.0164	6	532	16	62	6	3	1.0602e+06	4.86642e-05	0.4417	
10368	391	3047	23.7956	29.6343	1772	18.3183	8	533	13	55	46	3	1.0597e+06	6.9512e-05	0.1011	
11500	400	3050	21.8555	20	1816	15.7665	7	532	12	61	2	3	1.05648e+06	4.85484e-05	0.4489	
10505	400	3045	25	30	1769	18.4503	8	534	19	55	36	4	1.03667e+06	6.90799e-05	0.1068	
10323	400	3043	24.165	29.2773	1760	18.4957	8	533	14	55	50	3	1.06084e+06	7.02543e-05	0.0985	
10368	400	3009	23.7956	30	1780	18.4503	8	533	20	55	50	4	1.05876e+06	7.07614e-05	0.0969	
10234	380	2986	21.3358	29.626	1766	18.0293	5	530	14	55	15	4	1.09455e+06	6.82175e-05	0.0887	
10368	397	3009	23.7956	29.8278	1780	18.4503	8	533	20	55	50	4	1.0597e+06	7.05617e-05	0.0966	
10540	400	3045	25	29.2773	1764	18.4503	8	535	14	55	52	4	1.03785e+06	6.87332e-05	0.1092	
10299	374	3043	15	21.015	1735	16.1917	6	535	20	55	2	5	1.33688e+06	5.43419e-05	0.1366	
10235	367	3030	15	20.8843	1765	18.1973	8	535	18	55	7	4	1.34205e+06	5.52639e-05	0.1245	
10505	395	3045	25	30	1769	18.4503	8	534	19	55	34	4	1.03748e+06	6.89845e-05	0.1076	
11500	398	3010	23.9759	21.3547	1790	15.235	9	535	14	73	11	3	1.01767e+06	5.14774e-05	0.4235	
10362	400	3043	25	29.9826	1737	18.2953	8	533	13	55	44	4	1.05122e+06	7.10429e-05	0.1015	
10619	397	3041	24.7594	29.2773	1774	18.0671	8	534	15	55	36	4	1.02911e+06	6.69254e-05	0.1291	
10723	400	3050	24.8056	28.9168	1713	17.6992	10	535	17	60	51	3	1.02146e+06	6.6313e-05	0.1429	
10347	338	3038	15	20.6324	1767	17.0447	7	535	18	55	13	4	1.351e+06	5.41712e-05	0.1415	
10230	349	3030	15	20.549	1767	14.7972	7	535	18	55	13	4	1.35515e+06	5.50752e-05	0.1262	
11500	398	3010	23.9759	21.7086	1790	15.235	9	535	14	73	11	3	1.01401e+06	5.17759e-05	0.4202	
10412	400	3043	25	29.2773	1737	18.4957	8	533	14	55	45	4	1.04663e+06	6.97593e-05	0.1048	
10497	400	3045	25	29.2773	1764	18.5114	7	535	15	55	36	4	1.03877e+06	6.83387e-05	0.1123	
10430	399	3030	21.8178	29.9621	1739	18.7927	8	534	19	55	26	4	1.06735e+06	6.74036e-05	0.0919	
11500	368	3026	16.4155	20	1899	16.7104	7	534	20	59	5	4	1.20212e+06	4.63006e-05	0.404	
10385	400	3043	23.7956	29.1019	1780	18.4503	9	531	10	55	43	4	1.05507e+06	6.85871e-05	0.11	
10540	397	3034	25	29.2773	1764	18.4503	8	535	19	55	29	5	1.03461e+06	6.7792e-05	0.1171	
10540	400	3045	25	29.2773	1764	18.4503	8	535	14	55	36	4	1.03395e+06	6.79071e-05	0.1186	
11458	400	3045	16.752	20	1888	15.4944	6	533	16	55	2	3	1.17816e+06	4.63092e-05	0.4003	
10368	391	3047	23.7956	30	1772	18.6341	8	533	13	55	47	4	1.0612e+06	7.00673e-05	0.0985	
10384	367	3032	15	20.549	1767	15.2162	8	535	18	55	15	4	1.33147e+06	5.38706e-05	0.1501	
10234	377	2986	21.058	29.6161	1766	18.0293	5	531	14	55	15	4	1.09954e+06	6.80457e-05	0.0881	
10412	400	3043	25	29.2773	1737	18.4957	8	533	14	55	48	4	1.04764e+06	6.99301e-05	0.1035	
10540	400	3045	25	29.2773	1764	18.4503	8	535	18	55	29	3	1.03103e+06	6.7595e-05	0.1188	
10323	400	3043	25	29.2773	1750	19	8	533	17	55	42	4	1.05479e+06	7.06265e-05	0.0992	
10683	400	3047	17.2905	20.8191	1779	16.67	8	534	17	56	15	4	1.18011e+06	5.25735e-05	0.234	
10608	400	3042	21.3248	29.8346	1736	15.9596	5	535	20	55	29	3	1.06181e+06	6.50999e-05	0.1086	
10693	400	3049	24.6342	29.8201	1724	17.8062	8	535	16	56	35	3	1.02213e+06	6.67379e-05	0.1389	
11500	400	3046	16.7891	20	1824	15.2761	8	535	8	58	2	3	1.16764e+06	4.62535e-05	0.4303	
10552	399	3002	21.8178	29.8201	1739	18.7927	8	535	16	55	26	4	1.0563e+06	6.64275e-05	0.1022	
10299	354	3045	15.1931	21.0777	1741	16.1917	6	534	18	55	15	5	1.33608e+06	5.51086e-05	0.1258	
11500	397	3034	15	20.1018	1791	14	9	535	19	57	5	3	1.2541e+06	4.59834e-05	0.4054	
10723	400	3050	24.0733	29.2081	1713	17.6992	10	535	17	60	51	3	1.02712e+06	6.61376e-05	0.1396	
10384	367	3032	15	20.549	1769	17.4925	8	535	18	55	15	4	1.33374e+06	5.40453e-05	0.1472	
10659	370	3040	15.6192	22.1528	1797	16.414	6	535	16	56	8	5	1.26432e+06	5.29045e-05	0.1962	
10399	338	3033	15	20.8723	1767	17.0447	7	535	18	55	13	4	1.34549e+06	5.40132e-05	0.1457	
10347	338	3038	15	20.6324	1760	17.0447	7	535	15	55	13	4	1.351e+06	5.41536e-05	0.1445	
10969	400	3027	15.7929	21.8651	1708	17.2634	5	535	16	57	21	4	1.22824e+06	5.16156e-05	0.2491	
11500	382	3045	15.2356	20	1855	15.0235	9	534	9	59	2	4	1.25445e+06	4.57143e-05	0.4323	
10664	388	3020	16.8369	21.8651	1700	16.2247	5	533	20	57	24	4	1.20485e+06	5.42623e-05	0.1932	
11500	400	3010	25	20.8833	1729	15.235	9	535	14	73	11	3	1.01194e+06	5.19588e-05	0.4403	
10652	399	3035	22.5742	27.3827	1796	18.2593	8	535	18	59	16	3	1.04275e+06	6.21234e-05	0.1566	
11500	393	3010	22.6047	29.9322	1755	18.1414	6	535	20	59	10	5	997129	5.997e-05	0.2435	
10246	377	3035	15	20.657	1744	17.3641	6	535	14	57	13	4	1.3437e+06	5.51846e-05	0.1245	
11431	400	3043	16.2583	22.5152	1745	15.7531	10	535	20	55	21	5	1.17318e+06	4.94633e-05	0.3086	
10608	394	3049	21.7828	29.8346	1736	15.8589	5	535	20	55	29	3	1.05738e+06	6.52742e-05	0.11	
11220	387	3048	15.7046	21.2208	1700	15.3414	8	535	18	63	26	3	1.22074e+06	4.94462e-05	0.3016	
11500	395	3050	21.2938	20.3568	1875	16.8955	6	534	20	55	6	3	1.0643e+06	4.85201e-05	0.4121	
11500	387	3036	15	23.3744	1752	14	7	535	19	55	5	3	1.23862e+06	4.90052e-05	0.3214	
11500	400	3038	17.1609	20	1872	15.122	6	535	6	57	3	3	1.16201e+06	4.63349e-05	0.4129	
10347	340	3038	15	20.6324	1767	17.0447	8	535	18	55	13	4	1.34867e+06	5.41947e-05	0.1415	
11449	397	3044	15	21.3907	1785	14	9	534	19	57	5	3	1.24613e+06	4.72634e-05	0.365	
10950	400	3029	16.2214	21.6771	1763	17.351	7	535	18	56	28	4	1.20663e+06	5.1878e-05	0.2425	
10418	371	3030	15	20.549	1747	18.1973	7	535	17	55	13	4	1.33008e+06	5.37953e-05	0.155	
11092	393	3025	18.2465	20.0683	1900	17.9607	9	535	20	55	14	4	1.13461e+06	4.96303e-05	0.3197	
11500	376	3044	15.7016	20.0188	1848	14.9866	7	531	17	58	2	3	1.23067e+06	4.58821e-05	0.4312	
10416	400	3034	20.1379	27.0183	1811	17.1673	10	534	16	56	20	4	1.0965e+06	6.24337e-05	0.1175	
10368	391	3047	23.7956	30	1772	18.3183	8	533	13	55	40	4	1.0593e+06	6.96233e-05	0.0996	
10647	400	3032	18.0448	22.6305	1708	17.3655	7	535	16	57	21	4	1.1496e+06	5.53925e-05	0.1914	
11500	337	3036	15.2222	20.4945	1768	14	7	535	19	55	5	3	1.275e+06	4.63973e-05	0.3952	
11500	337	3036	15.2222	20.1018	1719	14	7	535	19	55	5	3	1.27748e+06	4.61915e-05	0.3957	
11113	381	3046	16.7891	20	1854	15.1375	9	535	19	56	20	3	1.18585e+06	4.87734e-05	0.3272	
11153	392	2992	21.1488	27.5987	1824	15.969	9	535	20	59	43	4	1.03309e+06	5.91191e-05	0.2096	
11241	400	3042	25	29.2773	1760	18.4957	8	533	14	55	32	4	988143	6.21968e-05	0.239	
11429	391	3003	24.8523	26.7551	1823	18.6171	10	530	20	57	43	3	985224	5.85926e-05	0.2938	
10930	392	3050	16.015	21.8085	1809	17.3426	9	535	16	60	33	5	1.21892e+06	5.20671e-05	0.2305	
10932	349	3050	15	21.6771	1806	15.585	8	535	17	65	24	4	1.29693e+06	5.1164e-05	0.2394	
10384	363	3040	15	20.549	1767	15.2162	8	535	18	55	15	4	1.33364e+06	5.37981e-05	0.1501	
10659	370	3044	15.6192	22.1528	1797	16.414	6	535	16	55	8	5	1.2646e+06	5.28597e-05	0.1959	
10412	400	3043	25	29.0987	1737	18.4957	7	533	14	55	48	4	1.04865e+06	6.9701e-05	0.105	
11500	398	3021	25	26.7494	1813	14.0543	10	529	17	65	16	3	980069	5.72541e-05	0.3313	
11500	378	3021	17.0421	20	1900	16.3096	8	535	20	59	3	3	1.17078e+06	4.64662e-05	0.3929	
10883	400	3046	15	21.2159	1812	18.0616	6	535	17	63	23	5	1.28483e+06	5.11849e-05	0.2359	
11449	400	3036	23.4298	23.9955	1833	15.9786	10	529	11	70	19	3	1.00516e+06	5.36625e-05	0.3529	
10098	382	3040	17.3786	24.4252	1741	16.6619	5	529	19	55	5	5	1.21592e+06	6.05547e-05	0.0897	
11500	399	3026	25	26.7494	1829	14.9879	8	534	12	71	16	3	981285	5.70939e-05	0.3251	
10985	400	3021	22.7567	30	1770	17.4494	10	535	14	56	20	3	1.01178e+06	6.31632e-05	0.1792	
11500	400	3040	24.0709	30	1798	16.8208	10	534	13	74	29	3	975573	6.0412e-05	0.2725	
11500	398	3010	25	21.7086	1729	15.235	9	533	14	73	11	3	1.0068e+06	5.26537e-05	0.4335	
11500	400	3050	22.2406	20	1836	14.9301	7	535	12	59	8	4	1.0556e+06	4.87686e-05	0.4283	
10655	370	3050	15	21.2922	1778	16.4728	10	535	18	55	15	3	1.30021e+06	5.22848e-05	0.1949	
11129	400	3040	19.4847	26.3731	1775	15.7168	8	534	20	57	18	6	1.06853e+06	5.60727e-05	0.2226	
11500	400	3035	25	24.6861	1748	14.3233	10	533	12	74	44	3	988686	5.56638e-05	0.3381	
10645	338	3038	15	20.6324	1767	17.0447	7	534	18	55	13	4	1.32779e+06	5.18807e-05	0.2136	
11167	387	3028	15.2524	21.2208	1700	15.3414	8	535	20	63	26	3	1.24908e+06	4.98306e-05	0.2834	
10652	399	3029	22.5742	27.2265	1781	16.5077	8	535	17	56	16	3	1.04203e+06	6.19118e-05	0.1578	
10352	322	3020	20.3361	28.3133	1765	18.7066	5	534	19	55	12	4	1.13003e+06	6.45703e-05	0.0856	
11500	398	3033	22.2912	21.5158	1798	16.0344	10	532	14	74	5	3	1.02981e+06	5.03677e-05	0.3965	
10780	399	3043	15.1531	21.1859	1775	15.5371	4	533	20	59	11	4	1.28391e+06	5.12269e-05	0.2405	
10409	395	3031	15	20.6721	1726	17.7672	7	535	18	55	14	4	1.32143e+06	5.40044e-05	0.1481	
10166	341	3050	18.8321	24.5417	1731	17.9826	7	534	15	55	20	5	1.18214e+06	6.16257e-05	0.0944	
10499	317	3038	15.4481	22.5054	1770	17.3482	9	535	18	56	4	5	1.30887e+06	5.44218e-05	0.1464	
11500	398	3031	25	29.9957	1823	15.5475	10	535	15	58	14	3	970922	6.0746e-05	0.2803	
11500	392	3033	21.4259	20	1854	17.1773	9	534	15	58	3	5	1.06594e+06	4.84919e-05	0.4279	
10564	392	3043	18.9441	27.7493	1836	17.1308	7	535	16	55	4	4	1.10925e+06	6.04851e-05	0.1265	
11500	400	3040	20.3924	20.0779	1769	14.7968	7	535	13	60	8	3	1.07486e+06	4.81e-05	0.4024	
10960	393	3035	22.0938	30	1880	16.615	7	535	20	60	22	4	1.02647e+06	6.23675e-05	0.1776	
11500	400	3031	25	29.9957	1804	15.5475	10	535	15	74	28	3	970335	6.09162e-05	0.2823	
10805	400	3039	18.9941	25.2142	1749	18.4081	6	534	17	55	24	4	1.1048e+06	5.72082e-05	0.176	
11393	400	3015	17.1145	20	1899	16.5652	7	534	20	59	5	3	1.16092e+06	4.71209e-05	0.3768	
10369	397	3023	22.6047	28.5717	1731	18.7868	7	533	18	55	33	3	1.06807e+06	6.72405e-05	0.0961	
10256	318	3030	18.8863	26.0579	1776	18.5958	8	535	14	55	3	5	1.17417e+06	6.15915e-05	0.0949	
10681	338	3044	15	20.6324	1763	16.5229	7	535	18	55	13	4	1.32474e+06	5.15623e-05	0.2182	
10317	381	3026	16.3723	23.4617	1763	16.0689	7	531	17	55	17	5	1.24116e+06	5.77601e-05	0.1205	
10749	398	3021	16.0889	21.1746	1708	16.6059	5	535	20	55	24	5	1.23558e+06	5.27593e-05	0.209	
10409	396	3027	15	20.6721	1735	17.7672	8	535	14	55	15	3	1.31677e+06	5.40307e-05	0.1539	
10098	381	3040	17.3786	24.4252	1737	16.6619	6	529	19	55	5	5	1.21421e+06	6.05877e-05	0.0913	
10578	400	3019	22.6017	26.267	1749	18.8741	9	535	12	57	47	3	1.05446e+06	6.34558e-05	0.1295	
11500	394	3014	15	22.237	1803	14.1119	10	535	18	56	6	4	1.2398e+06	4.80192e-05	0.3436	
10406	392	3050	17.4673	23.2184	1753	16.5362	6	533	16	57	4	4	1.18483e+06	5.6373e-05	0.1565	
10723	400	3050	24.8056	29.8201	1720	18.4867	10	532	17	60	51	3	1.02096e+06	6.73491e-05	0.1428	
11120	394	3026	20.4779	28.8119	1761	19	5	531	20	55	11	4	1.04628e+06	5.96196e-05	0.2026	
10970	385	3038	20.7439	20.9274	1702	15.4655	9	534	15	58	8	3	1.07991e+06	5.22521e-05	0.3	
11464	400	3030	25	29.7773	1772	15.1991	10	535	14	74	28	3	972494	6.09645e-05	0.2765	
11292	400	3023	15.8134	21.6771	1749	17.5456	9	535	18	57	31	3	1.20403e+06	4.99226e-05	0.2983	
11500	400	3038	15.2356	20	1872	15.122	6	535	6	57	3	3	1.25022e+06	4.57101e-05	0.4356	
11000	400	3043	19.2904	26.7036	1822	15.8877	7	535	18	58	30	4	1.07725e+06	5.73296e-05	0.1925	
11220	387	3048	15.326	21.061	1707	15.3414	8	533	20	55	27	3	1.24548e+06	4.9157e-05	0.3061	
11106	400	3050	15.8884	20.1018	1851	16.0861	9	535	19	59	9	4	1.22244e+06	4.82742e-05	0.3372	
11500	400	3040	24.4214	21.3191	1766	14.8225	9	534	7	58	2	3	1.01475e+06	5.13611e-05	0.4266	
10325	400	3035	17.5603	25.9112	1794	18.3434	8	535	17	55	9	5	1.17481e+06	6.03828e-05	0.1005	
10365	359	3049	15.2486	21.0821	1772	18.8375	5	535	19	55	13	4	1.32341e+06	5.45256e-05	0.134	
10587	400	2993	23.3032	28.0756	1752	17.2735	10	535	16	55	44	4	1.04244e+06	6.58415e-05	0.1218	
11399	400	3033	24.0709	30	1795	16.8208	10	535	13	74	29	3	980276	6.10352e-05	0.2589	
11500	400	3030	24.5772	20.1043	1853	17.5345	10	534	19	58	17	3	1.02384e+06	5.0813e-05	0.3939	
11500	398	3044	18.206	20	1877	15.254	6	535	13	61	4	3	1.12837e+06	4.67399e-05	0.397	
11149	355	3048	17.9555	20.5283	1839	14.8001	5	534	20	60	4	5	1.16778e+06	4.89644e-05	0.3304	
10846	400	3046	16.8222	21.4715	1769	15.872	10	535	18	61	34	4	1.18392e+06	5.27872e-05	0.2267	
10826	399	3046	15	20.6324	1853	16.3236	7	535	18	55	13	4	1.28713e+06	5.02917e-05	0.2694	
11459	400	3043	15.4708	22.5152	1745	16.3937	10	535	20	55	21	5	1.2114e+06	4.91304e-05	0.3133	
11174	339	3046	17.3589	20.5283	1839	15.199	6	534	20	60	4	5	1.19322e+06	4.86169e-05	0.3338	
11431	400	3041	16.1644	22.5152	1764	15.7531	9	535	20	55	18	4	1.17687e+06	4.92756e-05	0.3146	
10234	395	2990	20.9186	27.6932	1803	18.5581	5	534	15	55	24	4	1.10427e+06	6.61157e-05	0.0877	
10398	382	3003	16.0889	21.1746	1755	15.3528	5	535	20	56	24	5	1.26684e+06	5.5534e-05	0.1335	
11500	382	3038	15.2356	20	1876	15.0498	6	534	9	56	2	4	1.26213e+06	4.56955e-05	0.4344	
10566	400	2995	18.8489	26.9211	1831	18.4662	8	534	16	56	7	3	1.10755e+06	6.02301e-05	0.1336	
11061	376	3043	15.1976	20.1018	1863	15.0312	6	535	19	60	2	4	1.2801e+06	4.80284e-05	0.3356	
10683	400	3050	17.3022	20	1726	17.2485	8	535	16	56	19	3	1.18343e+06	5.22166e-05	0.2443	
10348	379	3044	20.1639	27.1778	1743	18.4812	7	535	20	56	22	4	1.11196e+06	6.35607e-05	0.0932	
11248	400	3035	24.7705	27.8955	1873	15.8816	10	535	16	60	36	3	987541	5.99305e-05	0.2509	
11500	398	2999	24.6374	25.4613	1729	15.235	9	533	15	66	14	3	986224	5.61073e-05	0.3476	
10723	400	3032	19.4057	23.2138	1775	18.8597	8	534	16	60	4	4	1.10177e+06	5.5273e-05	0.2191	
10547	382	3050	15	21.5576	1770	15.1301	5	535	20	55	20	4	1.31525e+06	5.34674e-05	0.1598	
10723	400	3050	25	29.8201	1707	18.5234	10	535	16	55	51	3	1.01997e+06	6.76727e-05	0.1258	
10905	391	3048	22.4316	26.194	1722	18.7437	7	535	20	56	11	4	1.03715e+06	5.89067e-05	0.2081	
11393	376	3050	19.1706	27.1775	1793	18.5804	8	533	15	61	3	4	1.06661e+06	5.50995e-05	0.2616	
10954	346	3040	15.6502	20.2707	1845	14.9707	9	533	18	61	2	4	1.17175e+06	4.80054e-05	0.3499	
10869	400	3042	15.1678	22.4053	1701	17.8244	8	535	15	60	2	4	1.25899e+06	5.18242e-05	0.2214	
10891	394	3043	23.8148	27.3753	1846	16.7621	10	534	15	58	24	3	1.01614e+06	6.0983e-05	0.2051	
11411	400	3044	15.6192	22.1528	1765	18.3649	9	535	15	59	4	3	1.20332e+06	4.8676e-05	0.3294	
11493	395	3001	25	23.1922	1828	15.4207	8	533	19	61	15	3	1.00141e+06	5.38706e-05	0.3733	
10399	338	3038	15	20.6324	1767	17.0447	7	535	18	55	13	4	1.34674e+06	5.37663e-05	0.1512	
10723	400	3050	24.9655	29.7578	1707	18.5234	10	535	16	56	60	3	1.02284e+06	6.80087e-05	0.1234	
10566	396	3045	24.9867	30	1774	18.4503	8	533	19	55	34	4	1.0315e+06	6.83387e-05	0.1172	
11439	400	3038	20.3118	20.8574	1838	17.5681	8	535	16	56	2	4	1.0725e+06	4.89237e-05	0.3681	
11500	400	3042	25	29.7212	1776	17.9418	10	535	17	62	55	3	973803	6.13572e-05	0.2554	
10676	366	3038	17.5968	20	1763	16.7439	8	531	16	55	15	5	1.18984e+06	5.21703e-05	0.2505	
11290	399	3050	19.4107	20	1822	16.8889	7	535	15	60	6	3	1.10095e+06	4.85343e-05	0.3638	
10650	376	3047	15.1931	22.1454	1735	16.1917	6	535	18	55	2	5	1.28816e+06	5.26704e-05	0.1891	
11500	400	3016	22.0505	29.7946	1842	15.7369	10	535	15	71	19	3	991693	5.90947e-05	0.2594	
11500	400	3036	18.4359	20.0493	1900	17.3696	10	535	19	60	12	3	1.11128e+06	4.72233e-05	0.3831	
11500	400	3050	15.3512	20	1866	15.5713	10	534	19	56	2	3	1.2339e+06	4.57206e-05	0.4165	
11430	393	3025	18.6429	20.0683	1865	17.1636	9	533	19	55	14	4	1.11501e+06	4.79019e-05	0.3754	
10495	400	3034	15.6986	21.279	1741	17.158	8	535	16	57	14	4	1.26252e+06	5.40015e-05	0.1636	
10871	355	3042	18.4146	20.0078	1839	17.849	8	535	16	55	8	4	1.15882e+06	5.07743e-05	0.2867	
10938	400	3039	16.5432	23.7767	1781	15.2703	7	535	17	56	11	3	1.17454e+06	5.29857e-05	0.2239	
11500	345	3050	15.1967	20.1018	1769	14	7	535	14	57	5	3	1.27564e+06	4.59453e-05	0.4137	
11030	386	3050	15.4052	22.2123	1773	16.0595	9	534	19	67	26	4	1.24192e+06	5.12821e-05	0.2478	
11500	389	3029	15.2222	20.665	1719	14	7	535	19	55	5	3	1.24269e+06	4.67202e-05	0.3829	
10499	360	3050	19.2112	24.3755	1729	18.4081	6	535	18	55	17	4	1.13671e+06	5.84659e-05	0.1385	
11391	400	3034	16.808	22.7668	1758	16.1251	10	535	20	57	16	4	1.14697e+06	4.998e-05	0.3078	
10918	388	3034	18.514	21.5283	1804	16.7717	6	534	17	63	25	4	1.13405e+06	5.2532e-05	0.2665	
11500	327	3032	16.2796	20	1899	15.8824	7	535	16	59	5	4	1.23601e+06	4.61467e-05	0.4075	
11500	382	3036	18.2365	20	1864	15.1835	9	535	9	65	2	3	1.12558e+06	4.68209e-05	0.4008	
11215	400	3050	16.0235	20	1887	17.6469	6	535	16	61	6	4	1.21797e+06	4.75217e-05	0.3606	
10406	400	3050	17.0156	23.2184	1753	15.9083	6	533	16	56	14	4	1.20081e+06	5.66219e-05	0.1327	
10608	400	3042	21.9922	29.8346	1736	15.9596	9	535	20	55	29	3	1.04806e+06	6.55179e-05	0.1135	
11088	372	3043	15	20.1018	1863	15.0312	6	535	16	61	2	4	1.29441e+06	4.78332e-05	0.3463	
10871	374	3048	18.4146	20.3904	1776	15.0871	8	535	16	56	20	4	1.14529e+06	5.14456e-05	0.2675	
10547	381	3050	15.3128	21.2922	1778	14.9855	4	535	16	59	15	4	1.2976e+06	5.31378e-05	0.1773	
10801	400	3016	22.4957	29.782	1822	15.5331	10	535	17	55	16	4	1.02669e+06	6.36943e-05	0.1659	
11500	400	3026	22.0505	25.1399	1838	16.6552	10	535	12	57	18	3	1.00871e+06	5.38503e-05	0.3307	
10412	400	3043	25	29.2773	1737	18.88	8	533	14	55	48	4	1.04754e+06	6.9979e-05	0.102	
10680	359	3050	18.6936	23.1898	1816	18.4081	6	535	18	55	39	4	1.14868e+06	5.64685e-05	0.1638	
11368	400	3024	19.2764	22.1853	1827	17.6816	8	535	20	55	8	4	1.0808e+06	5.02866e-05	0.3387	
11500	400	3033	21.4259	20	1854	17.1773	9	534	8	58	3	5	1.06394e+06	4.84872e-05	0.439	
10284	376	3043	15.1931	22.1454	1735	16.1917	6	535	18	55	2	5	1.31848e+06	5.55031e-05	0.1126	
11500	400	3034	19.3526	20.1043	1879	17.8338	10	535	19	58	5	4	1.09032e+06	4.76032e-05	0.381	
11230	396	3038	22.8145	25.3413	1852	16.6552	9	535	13	68	27	4	1.01694e+06	5.59879e-05	0.2811	
10573	400	2995	23.3032	28.0756	1752	17.2735	10	535	16	55	44	4	1.04387e+06	6.59587e-05	0.1201	
11220	387	3048	15.2555	21.2208	1707	15.3414	8	535	20	55	26	3	1.24767e+06	4.92417e-05	0.2947	
10685	366	3023	15	20.7341	1718	17.0074	7	535	15	60	15	3	1.3065e+06	5.20969e-05	0.2155	
11174	339	3048	17.3589	20.5283	1839	14.8001	7	534	20	60	4	5	1.1903e+06	4.85861e-05	0.3348	
11412	397	3043	15	20.1018	1782	15.0354	9	534	19	55	5	3	1.25818e+06	4.64102e-05	0.3919	
10780	375	3043	15	21.5456	1758	15.6751	4	533	20	59	11	4	1.30123e+06	5.15305e-05	0.2256	
11313	393	3026	19.8076	22.4013	1843	17.6816	8	535	18	55	10	4	1.07441e+06	5.0984e-05	0.322	
11231	375	3050	17.6581	20	1839	16.8929	7	533	16	61	10	3	1.15961e+06	4.81951e-05	0.3552	
10182	318	3030	18.16	26.0579	1785	18.5958	6	533	14	55	2	5	1.20256e+06	6.17627e-05	0.0867	
11500	400	3038	15.0417	20	1872	15.122	7	535	6	57	3	4	1.26244e+06	4.56767e-05	0.4354	
11292	400	3023	15.4547	20.7236	1749	17.5456	8	535	18	57	31	3	1.23287e+06	4.8998e-05	0.3232	
10488	400	3042	20.6975	22.0101	1759	17.7795	7	535	13	55	26	6	1.10632e+06	5.75341e-05	0.1617	
10549	382	3006	16.1907	21.1746	1783	15.3528	5	535	20	56	24	4	1.24704e+06	5.418e-05	0.1727	
10418	357	3040	18.2769	20	1760	17.1818	7	535	13	57	17	4	1.18879e+06	5.46568e-05	0.1836	
10616	400	3020	21.2867	30	1773	15.3076	9	535	16	56	17	3	1.05278e+06	6.47459e-05	0.1224	
10347	338	3038	15	20.761	1773	17.0447	7	535	18	55	13	3	1.34759e+06	5.42446e-05	0.1403	
10835	390	3045	15	21.638	1816	15.9669	6	535	15	63	20	5	1.28882e+06	5.15943e-05	0.2276	
10412	390	3023	19.6203	29.1428	1795	18.7066	6	534	20	55	10	4	1.10717e+06	6.44247e-05	0.0923	
11005	349	3050	15	20.403	1767	15.1301	4	534	20	56	27	4	1.31341e+06	4.96204e-05	0.286	
10778	396	3018	23.433	29.3676	1823	17.3463	8	535	17	55	35	3	1.02479e+06	6.46831e-05	0.1515	
11500	336	3048	15.1967	20	1839	15.428	7	535	20	55	3	3	1.28249e+06	4.57498e-05	0.4164	
11500	398	3010	23.9759	21.3547	1790	15.5634	9	535	19	73	11	3	1.01691e+06	5.14933e-05	0.4183	
11500	397	3050	17.8187	20	1843	15.254	8	535	13	62	4	3	1.1325e+06	4.66353e-05	0.4082	
11500	397	3050	17.3086	20	1843	15.7921	8	535	15	62	4	3	1.15164e+06	4.64814e-05	0.4105	
10962	357	3050	15	21.0099	1759	18.0616	9	535	17	58	19	4	1.2927e+06	5.04465e-05	0.2575	
11256	389	3050	17.7584	25.7889	1834	16.5209	10	535	20	56	31	3	1.10753e+06	5.41624e-05	0.2368	
11290	399	3050	18.5111	20	1823	16.2339	7	535	17	60	6	3	1.12118e+06	4.81047e-05	0.359	
10412	322	3020	20.3361	28.5985	1765	18.7066	6	534	19	55	11	4	1.12238e+06	6.43335e-05	0.0904	
10723	400	3050	24.8056	29.2081	1713	17.6992	10	535	17	60	51	3	1.02137e+06	6.66311e-05	0.1421	
11500	393	3003	24.8523	27.1289	1848	17.0844	8	535	18	62	19	3	982573	5.77201e-05	0.2991	
10176	375	3050	17.2553	24.4252	1769	16.9715	7	529	19	55	8	5	1.21177e+06	5.96766e-05	0.0963	
11054	398	3045	17.1116	20.1348	1864	15.254	6	535	13	61	4	3	1.17596e+06	4.87805e-05	0.3365	
11500	400	3027	23.791	30	1848	14.1119	9	535	15	70	27	3	976916	6.01178e-05	0.2775	
11500	394	3014	15	22.237	1803	14.1119	10	535	18	56	10	4	1.24023e+06	4.81162e-05	0.3407	
10176	366	3046	16.9859	23.7767	1765	15.5684	7	534	17	55	9	5	1.22959e+06	5.89971e-05	0.0975	
10680	377	3050	18.6936	23.3798	1816	18.4081	6	535	19	55	33	4	1.13821e+06	5.63349e-05	0.1665	
11500	395	3037	24.0751	20	1892	16.7104	9	534	19	59	7	4	1.03848e+06	4.99725e-05	0.3943	
10399	389	3047	19.5016	24.5587	1748	18.468	7	534	11	55	7	4	1.12297e+06	5.90842e-05	0.1433	
10398	400	3003	16.0889	21.2369	1773	15.3528	5	535	20	56	24	5	1.26035e+06	5.55463e-05	0.1337	
11500	395	3044	16.257	20	1854	15.254	7	535	13	61	2	3	1.19427e+06	4.6049e-05	0.4191	
10931	399	3050	20.2785	20.775	1747	17.2322	9	531	18	61	16	3	1.08632e+06	5.23341e-05	0.2922	
11169	349	3046	15	22.0733	1806	15.4535	8	535	18	65	24	5	1.28407e+06	5.0005e-05	0.2779	
11073	388	3050	17.957	20.412	1818	18.8394	8	534	17	56	2	4	1.14578e+06	4.95761e-05	0.3142	
11248	400	3028	25	28.6186	1709	17.2308	10	533	15	60	37	5	988543	6.16789e-05	0.2378	
11473	390	3008	24.8523	28.2325	1712	14.3873	8	533	19	66	43	3	982012	5.97729e-05	0.2748	
11500	400	3042	23.1046	26.9569	1778	14.8865	10	535	16	74	16	3	990021	5.62114e-05	0.3035	
10723	398	3050	23.8581	29.8201	1726	17.6992	10	535	17	60	49	3	1.02785e+06	6.65513e-05	0.1373	
11174	339	3048	17.3589	20.5283	1839	14.8001	5	534	20	60	4	5	1.19712e+06	4.85743e-05	0.3343	
10602	371	3028	15.1959	20.6897	1751	16.1838	8	535	17	57	14	4	1.29805e+06	5.24714e-05	0.1997	
10664	380	3019	16.8369	21.8651	1722	16.192	5	534	20	58	24	4	1.20728e+06	5.42329e-05	0.1909	
10913	349	3050	15	20.403	1758	15.1301	4	534	20	56	27	3	1.31468e+06	5.02311e-05	0.2643	
10488	400	3042	20.6975	22.0101	1759	18.4694	10	535	13	55	26	6	1.09985e+06	5.76868e-05	0.1586	
11061	396	3050	15.6791	20.1018	1863	14.9294	8	535	20	61	2	4	1.23769e+06	4.81394e-05	0.3291	
11500	400	3050	18.2372	20	1766	15.2761	8	535	14	58	2	3	1.11661e+06	4.69175e-05	0.4385	
11388	383	3020	18.3959	20.9531	1899	16.6992	7	533	13	58	3	3	1.1204e+06	4.83442e-05	0.371	
11467	400	3032	23.6726	27.2114	1771	14	9	535	18	62	19	4	989173	5.71363e-05	0.2919	
10348	398	3034	20.406	26.3664	1739	16.89	7	535	20	56	12	5	1.1034e+06	6.22898e-05	0.1119	
11500	399	3042	24.9812	29.8201	1708	17.1306	7	533	16	62	37	3	977056	6.1237e-05	0.2656	
11248	400	3028	24.3534	28.9114	1708	17.2308	10	535	16	60	37	3	989548	6.15574e-05	0.2284	
10479	368	3047	18.2673	20.6919	1753	18.4694	7	534	11	55	12	5	1.17709e+06	5.449e-05	0.1944	
10225	393	3025	18.3106	25.3145	1775	18.1609	5	531	17	55	5	4	1.16503e+06	6.07718e-05	0.0956	
11220	387	3048	15.2555	21.2208	1700	15.3414	8	535	20	63	26	3	1.24684e+06	4.93267e-05	0.2932	
10729	400	3040	19.4847	23.6799	1775	16.0488	8	534	20	57	22	6	1.10325e+06	5.61766e-05	0.1987	
11148	399	2992	19.9902	27.5987	1833	15.363	10	534	20	60	13	4	1.04579e+06	5.76469e-05	0.2204	
11109	400	3035	22.0505	27.9132	1717	16.6552	10	535	8	72	40	4	1.0218e+06	5.99018e-05	0.2248	
10222	400	2985	19.8992	28.1567	1769	18.7124	6	532	16	55	8	4	1.11433e+06	6.55351e-05	0.0862	
10547	381	3050	15.2805	20.4417	1759	19	7	535	20	55	15	4	1.29846e+06	5.27955e-05	0.1827	
11292	378	3023	15.8134	21.6771	1749	17.5456	9	535	20	57	31	3	1.21279e+06	4.99326e-05	0.2951	
11500	399	2999	24.6374	23.0034	1755	14.8665	10	533	15	74	11	3	997493	5.35848e-05	0.3909	
10547	381	3050	15	21.2922	1778	15.1301	5	535	20	56	15	4	1.31584e+06	5.30307e-05	0.1645	
11263	400	3011	23.2022	25.4964	1807	18.0427	8	534	17	55	22	4	1.00948e+06	5.66669e-05	0.2769	
10373	394	3047	17.7159	25.6304	1744	18.6225	6	534	12	56	12	4	1.17003e+06	5.98158e-05	0.1084	
10617	392	3037	18.3852	26.6026	1831	18.5611	7	535	17	55	16	5	1.12731e+06	5.93085e-05	0.1314	
11500	381	3049	15.1967	20.1018	1820	14	8	535	18	57	2	3	1.25224e+06	4.57666e-05	0.4157	
11464	400	3036	23.4298	23.9955	1833	15.9786	10	529	11	64	19	3	1.00563e+06	5.35877e-05	0.3525	
10497	400	3045	25	29.2287	1764	18.4503	8	534	15	55	43	4	1.0395e+06	6.86389e-05	0.1108	
10392	400	3043	18.9441	26.9432	1850	18.3984	7	535	16	55	2	4	1.12253e+06	6.0931e-05	0.1101	
11500	400	3038	20.3118	20.8574	1839	18.2669	8	535	17	57	8	4	1.07179e+06	4.88091e-05	0.3735	
10640	385	2966	19.9022	27.3753	1872	16.7621	8	535	20	55	17	3	1.08256e+06	6.11845e-05	0.1426	
10824	400	3050	16.6651	20.0026	1833	16.0861	10	535	19	62	7	4	1.19888e+06	5.02588e-05	0.2782	
11500	389	3045	20.8249	20	1833	15.0235	9	535	6	59	2	4	1.07379e+06	4.7957e-05	0.4384	
10894	397	3035	24.6342	28.7305	1708	16.6324	10	534	19	56	37	3	1.00803e+06	6.40328e-05	0.1756	
10710	400	3041	15	21.7856	1816	16.1435	6	535	15	60	21	5	1.29354e+06	5.2615e-05	0.1971	
11426	395	3046	15	22.0733	1800	14.9346	8	535	17	60	24	5	1.25125e+06	4.85413e-05	0.3249	
11167	387	3023	15.2555	21.2208	1700	15.3414	8	535	20	63	26	3	1.24856e+06	4.98753e-05	0.2833	
11382	393	3026	19.8076	22.4013	1858	17.6816	8	535	18	55	10	3	1.06959e+06	5.05663e-05	0.3336	
10696	400	2997	19.2996	27.5987	1749	15.3967	9	533	20	57	12	3	1.08618e+06	6.04595e-05	0.1452	
11391	400	3034	16.808	23.3369	1764	17.1165	10	535	20	57	18	4	1.14381e+06	5.06534e-05	0.2899	
10455	380	3049	15	21.2433	1778	18.5472	5	535	17	55	15	4	1.32286e+06	5.38764e-05	0.1505	
11317	347	3050	15.1967	20.9414	1787	14	7	535	19	57	3	3	1.27085e+06	4.74338e-05	0.3603	
11080	400	3042	17.8802	20.6682	1851	14.9083	8	535	16	55	4	4	1.13917e+06	4.93925e-05	0.3182	
10894	391	3042	24.2752	30	1708	18.5181	10	533	19	55	35	4	1.01298e+06	6.53808e-05	0.1609	
10763	400	3040	22.932	28.6364	1731	17.9317	10	535	16	57	37	3	1.03061e+06	6.38407e-05	0.1499	
11120	396	2996	21.7133	28.5021	1857	17.2741	10	533	20	55	12	3	1.01832e+06	5.97336e-05	0.2256	
11054	400	3042	19.2917	20	1802	15.4957	8	535	13	56	11	4	1.10994e+06	5.0015e-05	0.324	
10575	371	3026	20.5643	29.0942	1764	18.7066	5	534	15	57	2	4	1.08366e+06	6.32311e-05	0.1209	
10871	355	3042	18.4146	20.0078	1839	17.849	8	535	16	55	20	4	1.16065e+06	5.12584e-05	0.2699	
10583	385	3046	15.2538	20.6617	1742	18.1321	7	535	16	59	21	3	1.29306e+06	5.30448e-05	0.1799	
11500	400	3044	25	27.8526	1748	14.3233	10	534	13	74	19	3	975098	5.84044e-05	0.3113	
10765	377	3040	22.1458	30	1780	18.0904	7	535	19	60	20	4	1.04375e+06	6.41231e-05	0.139	
10614	361	3027	21.7714	22.1798	1792	18.3642	6	535	18	57	42	4	1.09734e+06	5.81903e-05	0.1736	
11151	400	3042	24.212	29.8201	1700	17.4485	8	535	20	55	29	3	996043	6.29604e-05	0.2007	
11500	364	3021	18.3959	20	1899	16.6992	8	535	20	58	3	3	1.13505e+06	4.70102e-05	0.385	
11376	397	3022	23.6726	27.2114	1795	14	8	535	13	62	25	3	993819	5.77334e-05	0.2892	
11073	392	2992	20.0918	26.7421	1832	15.969	9	535	20	59	20	4	1.05501e+06	5.73921e-05	0.2244	
11044	400	3043	19.5735	20	1786	17.1709	10	534	19	57	14	3	1.09878e+06	5.05229e-05	0.3062	
10547	381	3050	15.3128	21.2922	1778	15.3228	4	535	17	59	15	4	1.29724e+06	5.31632e-05	0.1744	
10368	400	3047	23.7956	30	1772	18.4503	8	533	13	55	47	4	1.05894e+06	7.00476e-05	0.0991	
10352	322	3020	20.3361	28.3133	1765	18.7066	6	534	19	55	12	4	1.12829e+06	6.4587e-05	0.0872	
11500	400	3036	21.8108	20.0493	1900	17.3696	10	535	19	60	12	4	1.0537e+06	4.87829e-05	0.4159	
11500	395	3033	22.6354	20	1798	16.675	10	535	13	74	5	3	1.04058e+06	4.93121e-05	0.435	
11431	386	3049	15.1334	22.5152	1731	15.7531	10	535	20	57	21	5	1.23894e+06	4.91039e-05	0.3116	
11194	399	3043	16.752	20	1859	15.4944	6	533	16	55	7	3	1.18636e+06	4.78446e-05	0.3544	
10256	348	3014	18.496	26.0579	1776	18.5958	9	534	18	55	4	5	1.16635e+06	6.16713e-05	0.0899	
11500	369	3032	16.2796	20	1899	15.7723	7	534	16	59	5	4	1.20905e+06	4.61404e-05	0.4108	
10758	357	3021	18.6164	22.4539	1831	18.5611	8	535	18	57	13	4	1.14051e+06	5.42211e-05	0.2195	
11430	382	3025	18.2465	20.0683	1899	17.9607	9	535	20	55	14	4	1.12911e+06	4.77213e-05	0.3679	
11500	362	3035	17.4585	20	1899	16.7104	7	534	19	59	5	4	1.16683e+06	4.65896e-05	0.3923	
10378	366	3038	17.5968	23.7785	1763	16.6159	8	532	16	55	17	5	1.18906e+06	5.79912e-05	0.1229	
11155	400	3050	16.6651	20.0026	1833	16.0861	10	535	19	64	5	4	1.18318e+06	4.81672e-05	0.3426	
10803	387	3029	15.6402	21.6771	1833	17.2624	7	535	18	57	28	4	1.24953e+06	5.25348e-05	0.2107	
11298	400	3040	25	29.2773	1762	18.4957	9	533	17	55	32	4	983971	6.18544e-05	0.2419	
11215	391	3044	17.2474	20	1897	17.6469	6	533	17	61	5	4	1.17084e+06	4.79432e-05	0.3625	
10737	400	3047	22.4847	26.7494	1756	17.8517	9	535	18	56	15	3	1.03709e+06	6.06796e-05	0.1739	
10246	364	3035	16.0101	20.5479	1744	17.3641	6	535	14	56	21	4	1.29073e+06	5.59284e-05	0.1286	
11500	400	3036	23.5883	30	1803	15.7887	9	533	15	72	30	3	979828	6.01938e-05	0.2686	
11289	388	3050	18.9013	20	1789	16.1021	8	535	18	66	6	4	1.11527e+06	4.84215e-05	0.3632	
11500	400	3034	19.3526	20.1043	1856	18.526	10	535	20	59	2	3	1.08852e+06	4.76485e-05	0.3775	
11423	398	3042	23.8265	30	1742	17.2328	7	535	20	60	13	6	988863	6.0794e-05	0.2412	
10974	400	3050	25	29.3125	1720	17.6366	9	535	16	56	33	3	1.00062e+06	6.40656e-05	0.1868	
11241	400	3040	25	29.2773	1762	18.4957	9	533	14	55	32	4	986852	6.22239e-05	0.2375	
10430	400	3020	21.2867	29.7946	1747	15.5932	9	535	16	55	13	3	1.06865e+06	6.6024e-05	0.1049	
11500	397	3043	17.8187	20	1843	15.254	7	535	13	61	4	3	1.13496e+06	4.66832e-05	0.4075	
10256	400	3014	18.7678	26.0579	1769	18.5958	8	534	18	55	3	4	1.14105e+06	6.17246e-05	0.0927	
11081	400	3025	15	21.8328	1788	15.2472	6	535	19	71	28	6	1.27173e+06	5.08595e-05	0.2599	
11290	399	3050	18.5111	20.6354	1822	16.2339	7	535	15	60	6	3	1.11444e+06	4.86121e-05	0.3551	
11168	400	3030	22.2991	29.782	1769	15.5932	10	533	17	55	14	3	1.00653e+06	6.11658e-05	0.2088	
11289	364	3050	18.5111	20	1823	16.1021	7	535	17	60	3	3	1.13624e+06	4.80215e-05	0.3599	
11030	400	3050	15.4052	22.2123	1776	16.0595	9	534	16	72	26	4	1.23635e+06	5.13426e-05	0.2535	
10373	394	3047	17.7159	24.1073	1759	18.6225	6	535	20	56	12	4	1.17576e+06	5.82717e-05	0.1048	
11500	400	3034	24.5841	28.3086	1701	15.301	8	534	14	62	19	3	978890	5.89657e-05	0.2806	
10774	398	3037	16.1941	21.6526	1746	17.5773	7	534	20	61	29	5	1.2217e+06	5.32198e-05	0.199	
11004	377	3036	16.1967	21.8219	1788	16.9198	9	535	20	58	22	5	1.20894e+06	5.13057e-05	0.2607	
10842	387	3029	18.0531	21.1769	1807	17.3315	7	535	18	56	14	4	1.14806e+06	5.21431e-05	0.2531	
11500	400	3050	16.281	20	1825	15.7665	7	529	12	61	2	3	1.19233e+06	4.61318e-05	0.4491	
10697	370	3050	15.8539	21.2922	1793	16.6179	5	535	20	55	23	4	1.25873e+06	5.26288e-05	0.1967	
11500	398	3033	24.0736	20.6146	1798	16.675	10	533	13	74	5	3	1.02166e+06	5.06919e-05	0.4253	
10774	386	3036	16.1941	21.6526	1783	17.5773	7	534	18	55	29	5	1.2266e+06	5.30504e-05	0.2046	
10557	398	3040	22.2922	28.3758	1777	18.0304	7	535	15	55	19	4	1.05468e+06	6.39959e-05	0.1291	
11500	400	3042	16.752	20	1839	15.4944	6	535	14	55	5	3	1.17235e+06	4.63113e-05	0.4175	
11500	398	2999	24.6374	24.1075	1729	15.2632	10	533	15	73	27	3	992244	5.49722e-05	0.3404	
11431	400	3043	16.2583	22.5152	1745	16.3937	10	535	20	55	21	5	1.17298e+06	4.95197e-05	0.3072	
10587	399	3033	20.7333	25.0608	1800	18.5526	8	534	19	55	28	4	1.08209e+06	5.97407e-05	0.1459	
10926	380	3050	16.2583	23.984	1745	16.099	9	535	20	55	22	5	1.19838e+06	5.37461e-05	0.1986	
11500	336	3050	15.1967	20	1859	15.428	7	535	18	55	3	3	1.28333e+06	4.56809e-05	0.4196	
11500	400	3044	19.3755	20	1889	16.6026	10	534	19	56	7	3	1.09095e+06	4.73642e-05	0.3889	
11500	397	3050	17.2677	20	1843	15.7921	8	535	15	60	4	3	1.15251e+06	4.64382e-05	0.4098	
11500	398	3010	25	22.0898	1735	15.235	9	533	14	73	11	3	1.00346e+06	5.29605e-05	0.4247	
10614	400	3034	15.6986	21.279	1741	17.158	9	535	16	57	16	4	1.25164e+06	5.31943e-05	0.1897	
10823	375	3050	15.9394	21.5396	1795	16.7712	10	535	17	65	35	4	1.23465e+06	5.2815e-05	0.2136	
10691	399	3043	15	21.5827	1775	18.6207	4	533	17	60	11	4	1.29617e+06	5.23697e-05	0.2033	
10971	357	3020	15	21.1206	1742	18.0616	9	535	17	62	19	4	1.28982e+06	5.08388e-05	0.2526	
10850	398	3045	23.8581	29.8201	1720	17.6992	10	535	17	56	49	4	1.01912e+06	6.56168e-05	0.1448	
10299	372	3045	15.1931	21.0777	1735	16.1917	6	535	18	55	9	5	1.32611e+06	5.47975e-05	0.1266	
11266	392	3050	18.4021	20.4129	1869	16.9497	8	535	17	65	14	5	1.12683e+06	4.87401e-05	0.3467	
10604	378	3018	20.4516	23.8086	1765	18.7066	5	535	14	55	10	3	1.09593e+06	5.75705e-05	0.1757	
10957	379	3041	15	21.6771	1750	15.5062	6	535	17	62	21	5	1.28589e+06	5.101e-05	0.2424	
11500	382	3040	15.7306	20	1897	15.3332	4	535	16	63	2	3	1.23417e+06	4.58211e-05	0.4149	
11264	400	3018	17.3589	20	1868	16.6292	6	535	12	59	7	3	1.15779e+06	4.79685e-05	0.3622	
11423	398	3042	25	30	1742	17.2328	7	535	20	60	13	6	983181	6.14326e-05	0.2518	
11449	400	3036	23.2714	23.408	1833	15.9786	10	524	11	71	19	3	1.01077e+06	5.30729e-05	0.3806	
10577	388	3030	18.0167	21.0384	1787	18.9731	7	535	15	55	23	4	1.16903e+06	5.45524e-05	0.1976	
10325	394	3047	18.4363	26.0175	1744	17.7344	6	534	12	56	11	4	1.15022e+06	6.08458e-05	0.1011	
11170	392	2993	18.4983	20	1808	15.3967	9	535	17	63	6	3	1.12185e+06	4.92611e-05	0.3416	
10427	376	3044	15.1782	22.8147	1739	15.9992	7	535	18	57	2	5	1.30208e+06	5.49753e-05	0.1314	
11220	396	3048	15.7046	21.2208	1700	14.9459	8	535	18	63	26	3	1.21722e+06	4.94193e-05	0.3027	
10759	376	3047	15.1931	22.1454	1735	16.1917	6	535	18	55	8	5	1.28188e+06	5.21866e-05	0.2034	
11083	397	3050	19.5305	20.775	1835	18.5804	9	535	16	59	22	4	1.09803e+06	5.11065e-05	0.2963	
10590	392	3022	16.5755	22.6188	1865	18.6926	8	535	18	55	25	4	1.20814e+06	5.52639e-05	0.1634	
10166	344	3050	18.4133	24.5417	1731	17.9826	7	534	14	55	17	5	1.19135e+06	6.12182e-05	0.0935	
10488	400	3042	20.6975	22.0101	1757	18.4694	7	535	13	55	26	6	1.10676e+06	5.76136e-05	0.1593	
10399	379	3044	18.0542	26.0226	1753	18.4694	7	534	11	55	10	4	1.15785e+06	6.00528e-05	0.1089	
10687	375	3009	19.8625	26.2583	1778	18.2786	8	535	15	56	10	5	1.09273e+06	5.92522e-05	0.1693	
11500	400	2998	24.8076	20.1043	1779	17.3504	10	533	19	58	17	3	1.02049e+06	5.14403e-05	0.409	
11288	392	3050	15.0183	20.3789	1772	16.0704	9	535	18	69	21	5	1.26511e+06	4.79754e-05	0.3454	
10608	400	3042	21.9922	29.8346	1736	15.9596	5	535	20	55	29	3	1.05319e+06	6.54793e-05	0.1111	
10934	394	3039	16.1169	23.6201	1856	16.1058	8	535	17	55	10	3	1.19506e+06	5.25155e-05	0.2333	
10299	372	3045	15.1931	21.0777	1735	16.1917	6	535	17	55	9	5	1.32597e+06	5.47855e-05	0.1277	
10580	400	3049	22.5983	27.0823	1822	16.9062	7	535	17	55	2	4	1.04971e+06	6.15726e-05	0.1612	
10752	400	3012	22.26	25.0514	1809	18.175	7	533	20	58	26	4	1.04932e+06	5.93296e-05	0.1861	
11500	369	3032	17.55	20	1899	15.7723	7	534	16	59	5	4	1.1599e+06	4.65853e-05	0.3977	
10776	393	3046	16.278	22.684	1781	16.0977	7	535	17	55	31	3	1.20905e+06	5.38242e-05	0.1919	
10913	349	3037	15	20.403	1756	15.1675	6	535	20	56	27	3	1.30773e+06	5.03753e-05	0.2563	
11211	397	2972	23.0294	29.7508	1725	17.6469	8	535	19	64	26	3	999579	6.22704e-05	0.2089	
11133	392	2997	17.6339	20	1808	17.4348	10	535	17	57	6	3	1.14665e+06	4.9232e-05	0.3328	
10837	399	3050	15.9394	21.6865	1794	15.5277	10	535	16	55	25	5	1.2234e+06	5.2021e-05	0.2277	
10470	395	3030	21.4721	27.4175	1763	17.278	8	535	15	55	16	4	1.07218e+06	6.31034e-05	0.1246	
11500	397	3050	17.2677	20	1843	15.7921	8	535	13	60	4	3	1.1529e+06	4.64339e-05	0.4125	
10916	346	3050	15	20.4825	1739	17.724	9	535	16	59	21	3	1.30261e+06	5.04058e-05	0.2625	
11500	399	3043	22.9012	29.5764	1717	17.0337	10	534	15	67	39	3	987339	5.98408e-05	0.2589	
10970	385	3050	20.5111	20.5647	1702	15.216	10	535	15	58	7	3	1.08473e+06	5.16769e-05	0.3018	
10452	400	3020	20.8918	28.8119	1759	18.8735	5	531	17	55	9	4	1.0793e+06	6.44662e-05	0.1045	
11500	400	3021	25	28.3441	1756	14.9701	10	534	17	74	23	3	972730	5.92101e-05	0.2911	
11393	376	3050	19.1706	21.3286	1849	18.5804	7	535	15	61	5	4	1.10436e+06	4.90533e-05	0.3566	
11003	400	3038	15	20.1098	1795	15.7629	8	535	17	59	31	4	1.28059e+06	4.97611e-05	0.2848	
10749	400	3021	17.9216	22.0635	1792	17.7203	5	535	16	57	34	4	1.1564e+06	5.45911e-05	0.2039	
10540	400	3045	25	30	1764	18.4503	8	535	18	55	34	3	1.03175e+06	6.86436e-05	0.1108	
11500	400	3021	25	28.3441	1756	14.9701	10	534	17	74	26	3	972929	5.92452e-05	0.2904	
10412	348	3028	20.3361	28.5985	1765	17.6648	5	534	20	55	9	4	1.11032e+06	6.40533e-05	0.0923	
11157	394	3038	15	21.4153	1793	15.7619	8	535	18	55	28	4	1.26595e+06	4.96574e-05	0.2888	
10378	400	3029	22.6017	25.7814	1749	19	9	532	20	57	56	4	1.07835e+06	6.55437e-05	0.1037	
10418	371	3029	15	20.6897	1751	16.1838	8	535	17	57	14	4	1.3267e+06	5.38329e-05	0.153	
11500	398	3011	24.6052	21.7086	1717	15.235	8	533	14	75	13	3	1.01107e+06	5.24576e-05	0.4376	
10749	398	3003	16.0889	22.2101	1708	14.6656	5	535	20	56	24	5	1.22877e+06	5.36942e-05	0.1875	
11457	400	3026	22.0505	29.7946	1842	15.7369	10	535	15	73	19	3	993717	5.91961e-05	0.255	
10449	376	3044	15.1243	22.8147	1735	16.4925	7	535	17	55	2	5	1.30406e+06	5.47675e-05	0.1354	
11030	392	3039	18.2075	20.2653	1829	17.3426	9	533	17	55	44	4	1.1425e+06	5.1406e-05	0.2881	
10575	365	3018	20.4592	28.4912	1765	18.7066	5	534	14	57	9	3	1.08769e+06	6.27786e-05	0.1232	
10520	400	3027	22.2994	25.6092	1749	19	9	532	8	55	56	3	1.06707e+06	6.35809e-05	0.1246	
11393	400	3017	17.1145	20	1899	17.1544	7	534	20	59	5	4	1.16602e+06	4.71609e-05	0.3764	
11168	400	3046	22.2991	29.782	1769	15.5932	10	533	17	55	19	3	1.00689e+06	6.11098e-05	0.2069	
10418	371	3030	18.6021	21.001	1717	18.1973	7	535	18	55	13	4	1.16569e+06	5.57693e-05	0.1686	
11106	400	3050	15	20.1018	1851	16.0861	9	535	19	57	5	4	1.27293e+06	4.78583e-05	0.3444	
11086	400	3036	22.458	29.8587	1731	16.2205	7	535	20	61	22	4	1.01485e+06	6.20386e-05	0.1863	
10547	370	3050	15	21.2922	1778	15.1301	5	535	18	55	15	4	1.3201e+06	5.29409e-05	0.1694	
10450	377	3048	20.3361	28.5985	1729	18.7066	5	534	20	55	12	4	1.0984e+06	6.38814e-05	0.0927	
10451	372	3039	17.6878	21.1427	1748	18.4494	8	535	19	56	22	4	1.1919e+06	5.55648e-05	0.1643	
10235	367	3030	15	20.8843	1765	18.1151	8	535	18	55	7	4	1.34254e+06	5.52547e-05	0.1246	
10908	391	3017	24.8005	29.8201	1705	17.293	10	534	19	59	40	3	1.00707e+06	6.55738e-05	0.171	
11410	327	3039	18.3959	20.1865	1867	14.7726	6	535	20	58	6	4	1.16676e+06	4.75014e-05	0.3699	
10098	381	3040	17.3786	24.4252	1741	16.6619	6	529	19	55	5	5	1.21419e+06	6.05767e-05	0.0914	
11248	400	3031	25	28.6186	1731	17.2308	10	535	15	58	29	5	988264	6.14062e-05	0.2384	
10846	400	3046	16.4442	21.4715	1769	16.6681	10	534	18	61	34	4	1.20032e+06	5.27009e-05	0.2222	
10723	400	3027	24.1152	29.2081	1713	17.6992	10	535	17	60	51	5	1.02885e+06	6.64982e-05	0.1377	
10480	355	3049	15.2486	21.0821	1772	18.4706	5	535	19	55	6	4	1.31312e+06	5.32396e-05	0.1699	
10368	391	3044	23.7956	30	1772	18.3183	7	533	13	55	40	4	1.06018e+06	6.9633e-05	0.0987	
10588	395	3047	21.9027	24.7269	1788	18.585	7	535	16	55	2	4	1.06503e+06	5.88582e-05	0.1768	
11500	327	3050	18.3959	20.1865	1882	14.8946	7	535	20	59	3	4	1.15944e+06	4.68757e-05	0.384	
11030	377	3036	16.1967	21.8219	1788	17.7	9	535	20	58	36	5	1.21063e+06	5.18215e-05	0.2427	
11500	400	3021	25	26.7494	1751	14.9398	10	529	15	65	15	3	978846	5.7468e-05	0.3519	
11500	372	3048	15.892	20.1018	1876	15.0312	9	535	16	61	2	4	1.22118e+06	4.59559e-05	0.414	
10579	359	3039	18.6936	24.3755	1732	18.4081	6	535	19	56	24	4	1.1464e+06	5.80349e-05	0.1362	
11255	399	3038	22.9012	26.8182	1774	17.0337	7	532	15	62	35	4	1.01154e+06	5.79173e-05	0.2741	
10921	389	3029	15.8029	21.6771	1746	16.9373	10	535	11	60	21	4	1.22599e+06	5.16903e-05	0.2486	
11500	400	3044	19.3755	20	1889	16.2066	10	534	19	56	7	3	1.09094e+06	4.73395e-05	0.3901	
10455	380	3050	15	21.2433	1778	18.5472	5	535	20	55	15	4	1.32302e+06	5.38996e-05	0.1478	
10587	400	2980	23.3032	28.169	1751	18.1176	10	535	15	55	41	4	1.04127e+06	6.6024e-05	0.1215	
10235	367	3030	15	20.8843	1765	17.8855	8	535	18	55	7	4	1.34246e+06	5.52303e-05	0.1248	
11500	400	3034	25	28.3086	1701	14.3233	10	534	14	69	19	3	973420	5.91786e-05	0.2828	
11160	400	3050	15.8405	20.1018	1836	16.0861	5	535	19	64	5	4	1.23114e+06	4.78652e-05	0.3514	
10547	370	3050	15.2805	22.5264	1778	19	8	535	20	55	10	4	1.28761e+06	5.4336e-05	0.1547	
10587	391	3039	19.219	28.1905	1766	16.8477	7	535	20	55	8	4	1.10229e+06	6.14024e-05	0.1155	
10399	379	3044	18.2673	26.0226	1753	18.4694	7	535	11	55	10	4	1.15137e+06	6.01757e-05	0.1056	
11293	400	3043	22.2195	28.3945	1858	16.6552	10	535	13	59	17	3	1.00466e+06	5.83533e-05	0.2627	
11434	395	3038	23.4951	25.3413	1884	15.8565	10	534	13	68	25	4	1.00169e+06	5.50025e-05	0.3172	
10457	382	3003	16.0889	21.1746	1708	15.3528	7	535	20	56	24	5	1.25725e+06	5.51633e-05	0.1438	
11084	379	3041	15	21.6771	1750	15.0037	6	535	15	62	21	5	1.27927e+06	5.01354e-05	0.2752	
11500	394	3018	15	22.237	1803	14.1119	10	535	18	56	10	3	1.23795e+06	4.807e-05	0.3412	
10796	400	3025	22.0505	23.2079	1778	18.1326	5	535	16	58	26	4	1.06261e+06	5.7019e-05	0.2142	
10826	357	3050	15	20.8982	1742	18.5662	8	535	17	63	19	5	1.30431e+06	5.14112e-05	0.2294	
11008	399	3050	18.5111	20	1823	16.4343	7	535	16	60	6	3	1.13053e+06	4.97413e-05	0.3186	
10547	374	3043	15.2805	21.0027	1778	19	8	535	20	55	15	4	1.29516e+06	5.3285e-05	0.17	
10658	393	3016	21.2867	29.7946	1773	15.5932	9	535	17	56	2	3	1.05186e+06	6.37389e-05	0.1377	
10461	399	3030	21.8178	30	1739	18.7927	7	534	16	57	26	3	1.06375e+06	6.70331e-05	0.1016	
11500	395	3001	21.0584	21.8255	1798	15.7593	9	535	20	61	10	4	1.04793e+06	5.03145e-05	0.3643	
11500	400	3038	19.8884	20.8574	1838	18.2669	9	535	17	57	8	4	1.0742e+06	4.86381e-05	0.3749	
11454	400	3025	15.2068	21.8328	1777	15.1115	6	535	19	71	24	4	1.23688e+06	4.85319e-05	0.3357	
10405	400	3049	17.5343	22.985	1708	16.9922	8	533	15	57	22	4	1.18244e+06	5.7323e-05	0.1331	
10796	400	3023	22.0505	23.2079	1761	15.9334	6	535	16	58	23	4	1.05923e+06	5.68085e-05	0.2231	
11060	376	3042	15.3068	20.1018	1863	15.0312	6	535	19	57	2	4	1.27365e+06	4.80492e-05	0.3347	
10677	399	3035	20.9015	29.057	1815	17.0359	6	535	12	57	25	3	1.06059e+06	6.3008e-05	0.1379	
10871	355	3049	18.4146	20.0078	1843	17.849	8	534	16	56	20	4	1.16163e+06	5.11823e-05	0.2759	
10664	380	3019	16.8369	21.8651	1714	17.0316	10	535	20	58	24	4	1.19795e+06	5.44307e-05	0.1847	
10652	400	3027	21.8437	26.1922	1781	18.2593	8	532	17	55	16	4	1.05419e+06	6.05437e-05	0.1672	
11430	382	3025	18.2465	20.6979	1899	18.1688	9	535	20	55	14	4	1.12107e+06	4.82462e-05	0.3612	
11500	400	3036	18.4359	20.0493	1900	17.1709	10	534	19	60	7	3	1.11234e+06	4.70854e-05	0.3879	
10587	400	2987	23.3032	28.0756	1751	17.1753	10	535	16	55	44	4	1.04221e+06	6.59022e-05	0.1222	
11047	400	3040	19.4847	26.6522	1775	16.0488	8	534	20	57	22	6	1.0719e+06	5.70386e-05	0.202	
10460	374	3043	15.2805	21.0027	1778	19	8	535	20	55	5	4	1.29886e+06	5.34616e-05	0.1685	
11088	377	3044	15	20.1018	1863	15.386	6	535	17	61	2	4	1.29153e+06	4.78492e-05	0.3452	
11148	399	2992	15.0931	22.7184	1833	16.3235	10	534	20	60	13	4	1.2429e+06	5.07717e-05	0.2703	
10916	329	3050	15	20.4825	1742	18.1321	9	535	17	59	12	4	1.31431e+06	5.00977e-05	0.271	
10378	387	3020	22.6017	26.267	1772	18.5394	9	535	19	56	51	3	1.07642e+06	6.56771e-05	0.1008	
11500	368	3026	16.4155	20	1899	16.3683	7	535	20	59	2	4	1.20284e+06	4.62022e-05	0.3999	
11500	397	3036	21.2938	29.6139	1879	16.8955	7	535	20	60	8	3	1.00691e+06	5.81497e-05	0.2542	
11480	400	3036	20.5011	21.3066	1862	16.8047	10	534	19	55	21	3	1.05692e+06	4.95491e-05	0.3587	
10893	371	3025	18.2465	20.1353	1899	17.9607	9	535	20	55	16	4	1.15285e+06	5.10491e-05	0.2842	
10225	395	3040	19.3662	23.7767	1779	16.2842	7	533	17	55	2	5	1.13962e+06	5.93824e-05	0.1281	
10405	400	3050	17.5343	22.985	1733	16.9922	8	535	15	56	22	5	1.18404e+06	5.72869e-05	0.1249	
10840	400	3023	22.6144	26.1906	1788	19	9	534	15	59	41	4	1.036e+06	6.06502e-05	0.1818	
10566	396	3050	18.6164	26.9211	1835	18.1872	8	534	16	55	7	3	1.11602e+06	5.95167e-05	0.1327	
10765	382	3040	21.3038	30	1780	18.0904	7	535	19	60	20	4	1.05303e+06	6.36618e-05	0.1343	
10608	398	3050	22.1305	29.8346	1736	15.6254	5	535	19	55	17	3	1.05121e+06	6.49435e-05	0.1197	
11007	400	3029	15.4547	21.6771	1763	17.351	7	534	17	56	28	4	1.24362e+06	5.12269e-05	0.2557	
10579	372	3050	18.6936	24.3755	1765	18.4081	7	535	18	56	33	4	1.14182e+06	5.82988e-05	0.1358	
10907	387	3037	19.2917	20	1802	15.451	7	535	13	55	12	4	1.12344e+06	5.10308e-05	0.2988	
10244	377	3050	18.6936	23.3798	1816	18.4081	7	535	19	55	33	3	1.16864e+06	6.02736e-05	0.1041	
11500	382	3038	15.2356	20	1872	15.3541	6	535	9	56	2	4	1.26065e+06	4.57185e-05	0.431	
10723	400	3027	24.1152	29.6613	1713	17.6992	10	535	17	60	51	5	1.02829e+06	6.70107e-05	0.1346	
10575	371	3021	20.4516	28.4912	1765	18.7066	5	534	14	55	10	3	1.08536e+06	6.28141e-05	0.1193	
10751	399	3023	15.6701	20.5017	1773	15.9618	8	535	20	58	2	4	1.24797e+06	5.08673e-05	0.2679	
10961	376	3038	15	20.403	1757	15.1272	6	535	20	61	27	5	1.29679e+06	5.01857e-05	0.2649	
11235	400	3002	18.4415	20.5319	1839	14	6	535	15	60	3	4	1.1262e+06	4.89812e-05	0.3493	
11500	400	3037	21.9091	29.7946	1842	15.7369	10	535	16	55	19	3	994799	5.89449e-05	0.2531	
10708	357	3032	19.7149	20.9952	1742	17.7726	5	535	19	55	3	3	1.12936e+06	5.34702e-05	0.2345	
11500	336	3050	15.2812	20.1018	1781	14.047	10	535	20	57	8	3	1.27087e+06	4.60511e-05	0.4	
10992	397	3040	17.6398	20.1975	1818	15.254	8	535	15	60	16	3	1.1535e+06	5.002e-05	0.3013	
11381	400	3040	19.4847	26.9211	1775	16.0238	8	534	17	59	12	6	1.05493e+06	5.51876e-05	0.2584	
11500	400	3027	24.4057	23.9335	1732	17.7857	9	535	16	71	11	3	995844	5.41947e-05	0.3366	
11364	398	3027	20.8359	20.998	1854	18.008	10	535	17	56	13	4	1.06092e+06	5.00877e-05	0.3486	
10317	390	3050	19.6494	22.611	1818	18.42	8	535	16	57	12	4	1.1321e+06	5.81226e-05	0.1406	
11443	400	3042	19.3526	20.1043	1879	17.8338	10	535	19	60	12	4	1.09349e+06	4.79962e-05	0.3712	
10547	390	3050	15.3128	21.7147	1778	15.3228	5	535	17	59	15	4	1.28868e+06	5.35332e-05	0.1651	
11399	400	3050	19.8508	20.9714	1849	18.1289	10	535	16	66	19	3	1.07306e+06	4.93657e-05	0.3557	
11204	400	2997	21.2467	27.648	1799	15.4405	10	534	20	55	17	4	1.02329e+06	5.81734e-05	0.236	
10234	400	3019	20.9968	25.9112	1794	18.42	8	534	20	55	11	5	1.10068e+06	6.33673e-05	0.1048	
10461	400	3014	16.1907	21.3326	1700	15.3977	5	533	20	56	24	3	1.24517e+06	5.51298e-05	0.1527	
11323	327	3039	18.3959	20.1865	1867	14.7726	6	535	20	58	6	4	1.16828e+06	4.79547e-05	0.3583	
10997	399	3018	17.0437	20.5017	1820	15.7123	8	535	20	58	2	4	1.17233e+06	4.97141e-05	0.3011	
10826	399	3041	15	21.7856	1816	16.1435	6	535	15	60	21	5	1.28579e+06	5.18081e-05	0.2201	
10418	371	3030	15	20.549	1743	17.6988	7	535	17	55	13	4	1.33009e+06	5.3749e-05	0.1552	
10921	381	3050	16.7891	20	1854	15.1375	9	535	19	56	19	3	1.1961e+06	4.99401e-05	0.2902	
10385	392	3043	19.3341	26.9432	1850	18.6338	7	535	16	55	4	4	1.11736e+06	6.13196e-05	0.11	
11009	349	3050	15	20.403	1758	15.1301	4	534	20	55	27	3	1.31026e+06	4.96056e-05	0.2884	
10976	400	3016	22.0505	30	1775	15.8917	5	535	15	55	23	5	1.02892e+06	6.28654e-05	0.172	
11487	400	3035	22.0505	20.7097	1710	16.6552	10	535	8	72	18	3	1.03789e+06	5.01153e-05	0.3916	
10763	390	3040	22.6508	29.8201	1726	17.6485	10	535	16	57	37	3	1.03342e+06	6.50787e-05	0.1369	
10852	400	3043	25	30	1723	18.4503	8	533	20	55	50	4	1.01289e+06	6.67156e-05	0.1442	
10916	329	3050	15	20.4825	1749	17.9032	9	535	17	59	12	4	1.31446e+06	5.00425e-05	0.2734	
10801	400	3022	22.4957	29.7911	1787	15.5932	10	535	17	55	23	3	1.02591e+06	6.39591e-05	0.1562	
10608	400	3042	20.8251	29.8346	1745	15.9596	9	535	20	58	29	3	1.06543e+06	6.48004e-05	0.1198	
11500	393	3010	23.3055	29.9322	1731	17.6602	9	535	20	59	33	3	984674	6.07644e-05	0.2453	
11279	355	3048	17.9555	20.5283	1839	15.0285	5	534	20	61	8	5	1.16439e+06	4.83629e-05	0.3493	
11318	366	2997	21.2467	21.4999	1840	16.5089	10	535	20	55	18	4	1.06561e+06	5.13136e-05	0.3279	
11430	382	3025	18.2465	20.0683	1899	17.3814	9	535	20	55	14	4	1.13034e+06	4.7669e-05	0.3685	
11248	400	3028	24.3534	29.2771	1708	17.2308	10	535	16	60	37	4	990615	6.2004e-05	0.2246	
10616	362	3034	18.0487	23.9534	1721	17.158	8	535	17	57	16	4	1.15696e+06	5.66444e-05	0.1614	
11081	400	3047	15	21.8328	1780	15.2472	6	535	18	71	24	6	1.27189e+06	5.04974e-05	0.2649	
10176	363	3036	17.4555	23.7767	1765	17.3214	7	534	19	55	2	4	1.20976e+06	5.90458e-05	0.1031	
10547	370	3050	15.2805	20.4417	1778	19	5	535	20	55	15	4	1.30555e+06	5.26843e-05	0.1869	
10590	392	3024	16.4038	22.6188	1843	18.6926	8	535	18	55	26	4	1.21679e+06	5.52944e-05	0.1622	
10918	388	3034	18.514	20.8806	1804	16.7717	8	534	19	63	25	4	1.13375e+06	5.20481e-05	0.2712	
11500	382	3038	15.8438	20	1889	15.3332	4	535	16	65	2	3	1.22844e+06	4.58989e-05	0.4149	
11248	400	3028	24.3534	25.9977	1708	17.2308	10	533	16	61	37	3	996312	5.83942e-05	0.2785	
11500	393	3003	24.8523	27.1289	1847	17.0844	8	535	18	56	19	3	982202	5.77968e-05	0.297	
11500	400	3047	22.9483	20	1861	15.3621	8	534	16	61	11	3	1.04233e+06	4.9249e-05	0.4064	
10962	357	3050	15	21.0099	1787	15.3697	5	535	17	58	8	4	1.29991e+06	4.96253e-05	0.2926	
11474	337	3036	15.2222	20.1018	1719	14	7	535	20	55	5	3	1.27773e+06	4.63242e-05	0.3897	
11088	399	3042	23.2552	29.8201	1700	17.4485	8	535	20	60	29	3	1.00619e+06	6.27392e-05	0.188	
10547	381	3050	15	21.2452	1778	17.1185	5	535	20	57	5	4	1.31192e+06	5.26427e-05	0.1789	
11025	393	2992	20.0918	21.2186	1832	16.0785	9	535	20	59	43	4	1.08886e+06	5.3376e-05	0.2639	
10566	399	2996	18.6164	26.9211	1831	18.1872	8	534	16	55	7	3	1.11349e+06	6.00889e-05	0.132	
11500	398	2999	24.6374	24.1015	1729	15.235	9	533	15	64	14	3	994364	5.47495e-05	0.3412	
10526	400	3050	16.2583	22.8238	1745	16.099	9	535	20	55	21	5	1.22513e+06	5.55001e-05	0.1397	
10416	399	3043	23.7956	29.2581	1752	18.4503	9	530	12	55	44	4	1.05331e+06	6.86106e-05	0.1096	
11500	389	3032	15.2222	20.4945	1719	14	7	535	19	55	5	3	1.24415e+06	4.65484e-05	0.387	
10805	400	3041	18.9941	25.1784	1769	18.4081	7	534	17	55	24	4	1.10341e+06	5.71037e-05	0.1782	
11500	336	3050	15.1967	20	1859	15.428	7	535	18	57	3	3	1.28311e+06	4.5685e-05	0.419	
11500	400	3040	24.4214	21.3191	1766	15.0431	9	534	8	57	2	3	1.01457e+06	5.1369e-05	0.4243	
10680	388	3050	19.7967	23.3798	1823	15.5467	6	535	19	60	25	4	1.10661e+06	5.63e-05	0.1938	
10862	400	3045	16.8303	23.702	1703	16.4317	10	533	20	57	18	4	1.16792e+06	5.41184e-05	0.1989	
11012	389	3050	16.3715	21.6865	1794	15.872	10	535	19	65	32	5	1.19653e+06	5.14933e-05	0.26	
10414	395	2989	20.9186	26.4429	1803	17.4407	5	535	13	55	19	4	1.09032e+06	6.26253e-05	0.1221	
11435	393	3025	22.6047	29.9322	1753	18.1414	6	535	20	59	10	5	999889	6.01395e-05	0.2352	
10452	394	3022	20.8918	29.4263	1761	19	5	535	16	55	11	4	1.07981e+06	6.52955e-05	0.0908	
10299	376	3043	15.1931	22.1454	1735	16.1917	5	535	18	55	2	5	1.31937e+06	5.53587e-05	0.1138	
10894	385	3042	24.3453	30	1818	18.5275	10	533	20	55	35	4	1.01275e+06	6.50364e-05	0.1674	
10962	357	3050	15	21.1206	1742	18.0616	9	535	17	63	16	4	1.29024e+06	5.04872e-05	0.2552	
10608	336	3032	18.2187	20.9952	1742	17.7726	5	535	17	55	4	3	1.18123e+06	5.34359e-05	0.214	
11044	400	3043	19.5735	20	1889	17.1709	10	534	19	57	14	3	1.10042e+06	5.02538e-05	0.3421	
11500	400	3036	23.791	30	1803	15.7887	9	535	15	72	30	3	977689	6.02555e-05	0.2661	
10585	376	3035	19.2764	21.1145	1820	14.7906	9	535	19	55	18	3	1.1294e+06	5.45227e-05	0.2055	
10680	359	3038	18.6936	22.4713	1816	18.1242	6	534	11	55	39	4	1.1514e+06	5.58316e-05	0.1904	
11364	400	3026	22.0505	21.9417	1849	18.008	10	535	17	69	13	4	1.03574e+06	5.15145e-05	0.3537	
11500	400	3040	21.4473	23.733	1856	16.6552	7	533	12	73	24	3	1.03021e+06	5.20644e-05	0.3573	
10225	400	3025	18.3106	25.3145	1763	18.1609	7	531	17	55	5	4	1.1604e+06	6.08532e-05	0.0972	
11085	388	2997	21.2467	21.7665	1790	15.4405	10	534	20	57	17	3	1.05841e+06	5.29549e-05	0.2916	
11500	397	3050	17.2677	20	1800	15.5153	8	535	13	58	4	3	1.14919e+06	4.65224e-05	0.426	
11215	400	3050	16.0235	20	1887	17.6469	6	533	17	61	5	4	1.21871e+06	4.74901e-05	0.3651	
11500	399	3038	22.9012	26.8182	1743	17.0337	7	535	15	62	35	4	1.00211e+06	5.65963e-05	0.2926	
11384	397	3000	22.6047	22.0508	1777	14	7	535	20	59	33	3	1.03262e+06	5.2499e-05	0.3392	
10317	400	3035	19.6494	25.9112	1794	18.42	8	535	17	55	8	4	1.11773e+06	6.13836e-05	0.1069	
10774	400	3037	16.3865	21.6526	1746	18.3666	7	534	18	61	29	5	1.21211e+06	5.33504e-05	0.2027	
10736	400	3016	22.4957	29.7946	1787	17.8633	9	535	17	55	7	3	1.03029e+06	6.41725e-05	0.153	
11500	400	3034	25	28.4707	1701	14.3233	10	534	14	69	19	5	976509	5.94142e-05	0.2808	
10995	367	3042	15.1678	22.4053	1701	16.8115	8	533	15	60	2	4	1.26592e+06	5.09528e-05	0.2525	
11100	385	3020	21.1271	28.3133	1765	18.7066	8	532	19	55	12	4	1.03617e+06	5.95203e-05	0.2058	
10430	392	3022	17.6234	22.6188	1865	18.6926	8	535	18	55	25	4	1.18078e+06	5.69963e-05	0.1403	
11309	380	3050	18.5111	20	1840	15.6634	7	532	17	56	3	3	1.12757e+06	4.78309e-05	0.3696	
10587	398	3030	23.3768	26.8307	1739	18.092	8	535	15	55	13	3	1.04002e+06	6.27549e-05	0.1514	
10683	400	3050	17.1468	20	1726	17.2485	8	535	16	56	11	3	1.18741e+06	5.17866e-05	0.2561	
10579	372	3039	17.6878	21.1427	1754	18.4494	8	535	19	56	22	4	1.18207e+06	5.44603e-05	0.1907	
11153	400	3046	23.2389	21.8959	1703	18.0576	8	533	18	55	25	3	1.03487e+06	5.40716e-05	0.3124	
10412	322	3020	20.3361	28.5985	1765	18.7066	5	534	20	55	12	4	1.12431e+06	6.43749e-05	0.0884	
11169	395	3046	15	22.0733	1806	14.9346	8	535	17	63	24	5	1.26152e+06	4.99525e-05	0.2801	
10953	388	3029	19.3065	20	1816	15.3504	8	533	19	57	29	4	1.11988e+06	5.1496e-05	0.2864	
10862	387	3030	15.4547	21.6771	1745	17.4655	7	535	18	57	24	4	1.25582e+06	5.2105e-05	0.2205	
10675	400	3043	20.2913	25.676	1738	16.023	10	533	19	55	22	3	1.07611e+06	5.9011e-05	0.1694	
10591	384	3030	20.1345	20.3522	1792	18.8163	8	535	19	55	25	4	1.12188e+06	5.5057e-05	0.1969	
10846	383	3050	15.9826	21.6865	1794	15.1361	10	535	18	65	32	4	1.22553e+06	5.24879e-05	0.2198	
10521	400	3042	20.0877	22.3743	1798	18.2026	10	532	16	58	16	5	1.10502e+06	5.67472e-05	0.184	
11300	391	3041	15.6576	20.2548	1889	15.6939	7	535	13	57	2	4	1.23342e+06	4.69616e-05	0.3804	
11263	381	3039	23.4489	24.71	1807	18.1853	8	534	17	55	22	4	1.01897e+06	5.57724e-05	0.2846	
11000	396	3042	20.9771	26.7036	1826	16.5406	10	535	11	59	24	4	1.04483e+06	5.79005e-05	0.2334	
10862	339	3034	15	21.6582	1770	18.7476	6	535	20	55	9	3	1.30502e+06	5.13294e-05	0.2325	
11171	385	3005	19.1773	27.3753	1872	16.7621	7	535	20	55	17	4	1.07037e+06	5.68343e-05	0.222	
10587	400	2995	23.3032	28.0756	1752	17.299	10	535	13	55	44	4	1.04234e+06	6.57895e-05	0.1255	
11219	400	3045	25	29.2773	1753	18.4503	8	535	16	55	29	4	989014	6.22278e-05	0.2272	
10907	400	3041	19.743	20.6302	1802	15.451	7	535	13	56	13	4	1.10386e+06	5.17572e-05	0.2884	
10526	367	3050	16.8132	22.8238	1745	16.099	10	535	20	55	19	5	1.20977e+06	5.56297e-05	0.1392	
10288	376	3038	16.0341	21.8822	1735	15.7507	7	535	18	57	15	5	1.27049e+06	5.63857e-05	0.1152	
10970	385	3050	20.5111	20.5647	1702	14.8239	10	535	15	58	7	3	1.08494e+06	5.16502e-05	0.3031	
10683	400	3027	20.2761	20.8119	1773	16.3841	8	534	18	56	29	4	1.10355e+06	5.48456e-05	0.2162	
10409	395	3031	15	20.6721	1713	17.7672	7	535	14	55	14	3	1.3188e+06	5.3984e-05	0.154	
10225	395	3044	17.0156	23.2184	1804	15.0972	7	535	16	55	8	5	1.21623e+06	5.7857e-05	0.1153	
11500	393	3010	23.4886	29.9322	1731	17.6602	9	535	20	59	33	3	983348	6.08532e-05	0.2463	
10657	400	3050	17.205	23.8575	1833	16.6552	10	535	19	57	10	4	1.16406e+06	5.5145e-05	0.1751	
10325	394	3047	18.4363	22.0687	1744	17.7344	6	534	12	57	11	4	1.16613e+06	5.69152e-05	0.1575	
10615	392	3021	16.5755	22.6188	1865	18.6926	8	535	18	55	19	3	1.20314e+06	5.47285e-05	0.1755	
11236	400	3043	23.4876	27.5666	1763	17.7217	10	535	15	73	12	3	997936	5.85857e-05	0.2647	
10616	362	3034	17.8214	23.9534	1721	17.158	5	535	17	57	16	4	1.16975e+06	5.64972e-05	0.1555	
11263	381	3020	23.4489	25.4964	1825	18.1853	8	534	17	55	22	4	1.01429e+06	5.66861e-05	0.2753	
10919	393	3039	15.8633	24.47	1758	16.0977	7	533	16	55	10	3	1.20861e+06	5.36164e-05	0.2128	
11500	340	3050	18.1	20.1865	1888	14.8946	6	534	20	58	5	4	1.16387e+06	4.67836e-05	0.3885	
11215	400	3050	15.8622	20	1887	17.6469	6	533	17	61	5	4	1.22621e+06	4.74406e-05	0.3671	
11106	400	3050	15	20.0328	1841	16.0861	9	535	19	57	8	4	1.2733e+06	4.79317e-05	0.3443	
10566	383	3050	18.6164	26.812	1835	18.1872	8	535	16	55	9	3	1.12072e+06	5.94919e-05	0.1296	
11500	400	3030	24.5772	20.1043	1889	17.81	10	534	19	58	17	3	1.02549e+06	5.07434e-05	0.3863	
11500	400	3035	16.4155	20	1899	16.7104	7	534	20	59	8	3	1.18445e+06	4.62877e-05	0.4056	
11500	399	3042	24.9812	29.8201	1700	17.1306	8	533	16	62	37	3	975871	6.1267e-05	0.2636	
10547	370	3050	15.8539	21.2922	1778	15.1301	5	535	20	55	20	4	1.26886e+06	5.3516e-05	0.1698	
11500	393	3010	22.6047	29.9322	1742	17.2901	7	535	20	59	33	3	993250	6.03573e-05	0.242	
10409	395	3031	15	20.6721	1726	17.1428	7	535	13	55	14	4	1.3211e+06	5.38822e-05	0.155	
10338	400	3043	25	29.8203	1750	19	9	533	17	55	42	4	1.05216e+06	7.11035e-05	0.097	
11400	398	3027	23.6933	23.9388	1869	15.9263	10	532	20	59	31	4	1.00622e+06	5.43242e-05	0.3227	
11500	400	3033	21.4259	20.7185	1854	17.4613	9	535	15	58	3	5	1.05563e+06	4.90918e-05	0.4014	
10677	399	3029	20.7062	25.8712	1713	17.0359	7	535	15	56	36	3	1.07537e+06	6.03136e-05	0.1507	
11263	384	3009	23.4489	25.4964	1807	18.1853	8	534	17	55	14	4	1.01325e+06	5.66604e-05	0.2795	
11500	400	3050	25	29.8201	1760	18.2632	10	535	17	60	55	3	974475	6.15347e-05	0.2488	
10547	374	3043	15.2805	21.0027	1778	18.6264	8	535	20	55	15	4	1.29514e+06	5.32311e-05	0.1704	
10399	338	3038	15	20.6324	1767	16.8835	7	535	18	55	10	5	1.34745e+06	5.36136e-05	0.1572	
11391	400	3034	16.808	24.6492	1768	17.1165	10	535	20	57	19	4	1.13711e+06	5.19669e-05	0.273	
10681	338	3044	15	20.6324	1763	16.5229	7	534	17	55	13	4	1.32505e+06	5.15437e-05	0.2247	
10659	370	3047	15.7216	20.8793	1797	16.414	6	535	17	56	8	5	1.26758e+06	5.17947e-05	0.2313	
10556	400	2995	23.3032	29.2581	1752	17.299	10	535	16	55	35	4	1.04181e+06	6.69882e-05	0.1167	
10602	400	3039	20.7529	28.4858	1752	17.2923	8	535	17	59	12	4	1.06916e+06	6.25821e-05	0.131	
11402	361	3032	16.2796	20	1899	15.7723	7	535	16	59	5	4	1.21696e+06	4.662e-05	0.3892	
10590	392	3024	16.2115	22.6188	1843	17.9033	8	535	18	55	22	4	1.22471e+06	5.49239e-05	0.1617	
10547	347	3050	15.8539	21.2922	1778	16.6179	5	535	20	55	19	4	1.27892e+06	5.35561e-05	0.1678	
10587	400	2980	23.3032	28.169	1751	17.1753	10	535	15	55	41	4	1.04103e+06	6.59196e-05	0.1253	
11500	379	3040	24.4267	26.2209	1840	15.6023	9	534	18	57	2	3	992926	5.58815e-05	0.3135	
10352	385	3023	20.3361	28.5271	1765	18.7066	8	534	19	55	12	4	1.09812e+06	6.48466e-05	0.0891	
11500	400	3030	21.9775	20.1043	1853	17.5345	10	534	19	58	17	3	1.04746e+06	4.92223e-05	0.4056	
11500	400	3044	25	28.3086	1748	14.3233	10	534	13	74	19	3	973364	5.89102e-05	0.2958	
11030	386	3050	15	21.9879	1773	16.0595	9	534	19	69	23	4	1.26862e+06	5.09035e-05	0.2526	
10389	397	3023	19.6352	26.7653	1731	18.1814	7	533	18	55	24	3	1.11299e+06	6.26999e-05	0.1032	
11230	393	3038	22.8145	25.3413	1884	15.8565	10	534	13	69	25	4	1.01709e+06	5.58098e-05	0.2903	
10418	363	3040	18.2769	20	1760	18.0991	7	535	13	57	19	4	1.18695e+06	5.48486e-05	0.1848	
11462	400	3050	19.8497	20.6907	1843	18.1512	8	535	16	67	6	3	1.07778e+06	4.84778e-05	0.3708	
10256	400	2989	21.0556	25.9112	1794	18.4081	9	530	20	55	4	4	1.09186e+06	6.30756e-05	0.1161	
11391	400	3041	16.808	21.7884	1764	15.3314	10	535	20	55	25	4	1.15465e+06	4.91932e-05	0.3325	
10176	363	3036	19.0579	23.3799	1765	17.3214	7	534	19	55	2	4	1.16238e+06	5.94778e-05	0.1212	
11410	327	3039	17.2986	20.0044	1882	17.0925	6	535	14	58	3	4	1.20135e+06	4.69373e-05	0.3839	
10441	371	3028	15.1959	20.7833	1735	14.4417	8	535	17	57	14	4	1.30975e+06	5.37548e-05	0.1605	
11174	370	3045	17.3589	20.5283	1839	14.8001	7	534	20	64	4	5	1.1727e+06	4.86287e-05	0.3384	
10587	390	3033	20.7333	25.0608	1862	18.5526	9	534	19	55	28	4	1.08305e+06	5.95806e-05	0.1518	
11500	400	3040	20.6306	21.6281	1836	17.5709	10	535	13	60	8	3	1.05245e+06	4.95516e-05	0.3675	
11003	400	3038	15	21.6771	1795	15.7619	8	535	17	59	28	4	1.2698e+06	5.08828e-05	0.2499	
10547	395	3050	15	21.5576	1770	15.1301	5	535	20	55	21	4	1.31075e+06	5.35189e-05	0.1604	
11138	377	3034	19.0649	20.5647	1799	14.8239	9	535	16	58	7	3	1.11204e+06	4.98008e-05	0.3258	
10420	400	3050	17.0156	23.2184	1753	15.9083	6	533	16	56	14	4	1.19961e+06	5.65004e-05	0.1355	
11220	395	3001	21.471	23.1922	1828	15.4207	10	533	18	61	10	3	1.03821e+06	5.31773e-05	0.3056	
11473	390	3005	24.8523	28.2325	1712	14.2673	8	533	20	66	43	3	981839	5.97979e-05	0.2735	
11007	400	3015	15.4547	21.4383	1763	17.351	7	534	17	59	28	4	1.24471e+06	5.12007e-05	0.2581	
10323	400	3043	25	29.2773	1750	19	8	533	15	55	50	4	1.05704e+06	7.10783e-05	0.0985	
11500	400	3026	25	29.7773	1772	15.1991	10	534	11	73	28	3	970861	6.08273e-05	0.2856	
10871	355	3048	18.4146	20	1843	17.9347	8	535	16	56	20	4	1.16127e+06	5.12007e-05	0.2717	
11409	400	3026	23.9729	24.5132	1800	16.3283	8	534	14	69	2	3	1.00016e+06	5.45703e-05	0.3264	
10378	387	3019	22.6017	26.267	1749	18.5394	9	535	19	56	51	3	1.07676e+06	6.57678e-05	0.1002	
11322	392	3026	19.2764	22.4013	1843	17.6816	8	535	18	55	10	4	1.0844e+06	5.07099e-05	0.3284	
11273	399	2996	17.8573	25.8624	1843	16.6552	10	534	20	60	11	3	1.09515e+06	5.40628e-05	0.2503	
10723	400	3050	25	29.8201	1707	18.5234	10	535	16	55	51	3	1.01981e+06	6.76682e-05	0.126	
11454	400	3040	18.4359	20.0493	1900	17.3696	10	535	19	60	13	3	1.11276e+06	4.74473e-05	0.376	
11290	393	3025	18.0444	20.0683	1900	17.9607	9	535	20	58	14	4	1.13613e+06	4.83957e-05	0.3471	
11430	382	3025	18.2465	20	1899	18.1747	9	534	20	58	14	4	1.13022e+06	4.77054e-05	0.3721	
11428	400	3038	22.9115	20.8574	1839	18.2669	8	535	17	55	8	4	1.04051e+06	5.0574e-05	0.3906	
10774	399	3038	16.1941	21.434	1746	17.5773	7	534	18	61	29	5	1.22287e+06	5.30082e-05	0.2068	
11330	400	3036	24.6139	27.6013	1731	14.959	10	535	16	62	36	3	985794	5.93683e-05	0.265	
10894	397	3034	24.6342	29.5584	1708	16.6324	10	533	19	56	37	3	1.00742e+06	6.49857e-05	0.1723	
11134	393	3038	23.4886	29.9322	1731	17.6602	9	535	16	59	30	3	1.00228e+06	6.26959e-05	0.1985	
11434	400	3034	22.8145	25.3413	1868	15.612	7	534	13	63	25	4	1.01018e+06	5.46896e-05	0.3152	
10457	381	2992	16.0889	21.1746	1708	15.7387	7	535	20	56	24	5	1.25772e+06	5.52975e-05	0.1437	
11073	392	2992	20.3737	23.8819	1832	15.969	9	535	20	59	43	4	1.06468e+06	5.54816e-05	0.2427	
10380	359	3049	15.2669	21.5273	1772	15.8748	5	535	19	55	13	4	1.31824e+06	5.45345e-05	0.1305	
11500	398	3044	18.0188	20	1877	17.3203	6	535	13	61	7	3	1.13161e+06	4.68604e-05	0.3969	
11500	364	3036	15.2222	20.4945	1723	14	7	535	19	56	5	3	1.25668e+06	4.65116e-05	0.3876	
11500	400	3031	19.926	20.0493	1900	17.1709	10	534	19	60	7	3	1.07876e+06	4.77692e-05	0.4019	
11500	400	3036	22.0505	21.4829	1857	16.6552	9	535	12	73	21	3	1.03656e+06	5.03322e-05	0.3976	
11329	400	3050	25	26.1143	1835	18.5804	7	532	16	55	12	4	995249	5.74218e-05	0.2916	
11500	400	3019	24.7352	26.2687	1867	16.5313	8	535	20	68	19	3	984356	5.64366e-05	0.3043	
11273	400	3050	17.7584	25.7889	1843	16.6552	10	535	20	56	14	3	1.10017e+06	5.35533e-05	0.2459	
11410	327	3039	17.2986	20.0044	1882	18.2949	6	535	15	55	3	4	1.1997e+06	4.70478e-05	0.3805	
11145	400	3022	22.8144	30	1771	14.1119	10	532	17	66	25	3	1.00249e+06	6.19464e-05	0.2144	
10412	386	3021	20.3241	28.5988	1795	18.7066	7	534	20	55	10	3	1.0908e+06	6.41725e-05	0.095	
11057	400	3043	24.619	29.2773	1737	18.88	8	533	15	55	48	3	1.0004e+06	6.38081e-05	0.1944	
10835	385	3000	22.0417	25.4438	1835	16.7968	8	534	18	57	17	3	1.04567e+06	5.84966e-05	0.2065	
11204	400	2997	21.2467	27.648	1782	15.4405	10	535	20	55	17	4	1.02336e+06	5.82208e-05	0.2298	
10619	397	3041	25	29.2773	1762	18.0229	8	534	15	55	36	3	1.02615e+06	6.71231e-05	0.1307	
11170	357	3050	15	21.853	1742	18.0616	7	535	17	58	19	4	1.28064e+06	4.99176e-05	0.2789	
11449	400	3036	23.2714	23.0889	1833	15.9786	10	524	16	71	19	3	1.01256e+06	5.27816e-05	0.3845	
11500	400	3031	21.4259	20.4248	1854	17.518	10	534	8	58	3	3	1.05074e+06	4.88472e-05	0.4191	
10965	393	2990	22.729	24.9634	1740	18.8258	10	535	19	59	34	3	1.02845e+06	5.87441e-05	0.2215	
11300	398	3046	15.6576	20.3121	1889	15.6939	7	535	13	57	2	4	1.22997e+06	4.69682e-05	0.3802	
10804	379	3030	20.406	28.0495	1743	17.96	7	535	20	59	16	4	1.06895e+06	6.07275e-05	0.1522	
10854	391	3029	15.4547	21.5931	1763	16.8427	7	535	18	56	28	4	1.25602e+06	5.21404e-05	0.2181	
10840	379	3050	15.9394	21.3593	1794	17.6656	8	535	18	65	32	4	1.23593e+06	5.24301e-05	0.2178	
10396	332	3043	15	21.5827	1788	15.5371	4	535	16	58	11	3	1.34863e+06	5.43124e-05	0.1395	
10854	391	3027	15.4547	21.7825	1763	16.9371	7	535	18	60	28	4	1.25491e+06	5.24136e-05	0.2134	
11500	397	2996	22.6047	28.2566	1731	18.7868	7	535	20	59	33	3	997999	5.86476e-05	0.2605	
10913	349	3037	15	20.403	1758	15.1272	6	535	20	56	27	3	1.30786e+06	5.03677e-05	0.2566	
10680	359	3050	21.8931	23.3798	1816	18.4081	6	535	18	55	29	4	1.08323e+06	5.78336e-05	0.1804	
11399	400	3029	19.8508	21.1564	1849	18.0611	10	535	16	66	19	3	1.0713e+06	4.96919e-05	0.3539	
11500	400	3021	25	27.2934	1757	14.9701	10	534	12	76	16	3	976416	5.79744e-05	0.3446	
11073	396	3050	17.957	20.412	1795	18.7687	8	534	17	56	2	5	1.14333e+06	4.96598e-05	0.318	
11500	400	3034	19.3526	20.1043	1889	18.526	10	535	20	59	2	3	1.08916e+06	4.75579e-05	0.3822	
10391	400	3034	20.1741	27.0183	1811	17.1673	10	534	16	55	20	4	1.09713e+06	6.26488e-05	0.112	
10962	357	3050	15	21.1206	1742	18.0616	9	535	17	63	19	4	1.29109e+06	5.06124e-05	0.2516	
11393	400	3017	17.3313	20	1899	16.6989	7	534	20	59	5	4	1.15564e+06	4.72077e-05	0.3764	
10409	395	3031	15	20.6721	1726	17.7672	7	535	14	55	14	3	1.31878e+06	5.39433e-05	0.1543	
10884	400	3042	15	21.6771	1795	15.7619	8	535	17	58	23	4	1.27619e+06	5.14165e-05	0.2281	
10969	349	3037	15.4312	20.6274	1756	15.1675	6	535	20	56	27	3	1.27582e+06	5.03398e-05	0.2693	
10893	394	2996	23.1064	29.9322	1761	19	7	535	20	57	33	3	1.0197e+06	6.4771e-05	0.1519	
11498	400	2983	24.4214	27.6992	1772	14.5586	9	534	7	56	2	3	978167	5.82615e-05	0.3171	
10647	400	3033	18.0448	21.8651	1742	16.9567	8	534	16	58	41	3	1.15515e+06	5.5639e-05	0.1802	
11003	400	3043	15	21.6771	1795	16.1023	9	535	15	59	28	4	1.26898e+06	5.08621e-05	0.2537	
10547	368	3050	15.2805	20.4417	1778	19	5	535	20	55	16	4	1.30681e+06	5.27343e-05	0.1848	
11003	400	3031	15	21.6771	1795	15.7619	8	535	17	58	28	4	1.26972e+06	5.09372e-05	0.2502	
11500	400	3027	23.791	30	1803	14.1119	9	535	16	61	26	3	977859	6.03209e-05	0.2618	
10432	400	3018	20.6477	26.1978	1773	18.6293	7	535	20	59	22	4	1.09247e+06	6.22007e-05	0.1179	
11230	397	3012	22.8444	25.3413	1884	15.8565	10	534	13	55	25	4	1.01397e+06	5.61545e-05	0.2813	
11248	400	3035	24.3534	27.8955	1741	14.959	10	535	16	60	36	3	990780	6.00456e-05	0.2474	
11493	400	3014	25	26.7494	1763	14.7939	10	535	20	65	23	3	978110	5.75506e-05	0.3192	
11431	400	3043	16.2583	22.5152	1748	16.694	10	533	20	55	5	5	1.17177e+06	4.91014e-05	0.3267	
10547	396	3050	15.9352	21.2922	1778	15.1301	5	533	20	56	15	4	1.25354e+06	5.33248e-05	0.1893	
11114	355	3048	18.1804	20.5283	1839	14.8747	5	534	20	60	4	5	1.16291e+06	4.9249e-05	0.3258	
10549	382	3006	16.1907	21.1746	1708	15.3528	5	535	20	56	24	4	1.24792e+06	5.43596e-05	0.1681	
10835	390	3045	15	22.1663	1816	15.9669	6	535	15	61	19	5	1.28582e+06	5.19238e-05	0.2185	
10631	394	3026	20.8918	28.8119	1761	19	5	531	19	55	11	4	1.06833e+06	6.30517e-05	0.1274	
10896	399	3038	22.9012	26.8182	1743	17.0337	7	535	15	62	35	4	1.03012e+06	6.0507e-05	0.2003	
10619	397	3041	25	29.2773	1762	18.0229	8	534	15	55	36	4	1.0277e+06	6.71501e-05	0.1306	
11500	378	3021	18.2189	20	1900	17.0664	8	535	20	56	3	3	1.13262e+06	4.69638e-05	0.3855	
11080	400	3042	18.4146	20.9049	1851	17.849	8	535	16	55	8	4	1.12462e+06	5.01555e-05	0.3028	
11473	400	3032	23.6726	27.7805	1771	14	10	535	18	60	19	4	986347	5.77467e-05	0.2854	
10312	298	3020	20.3361	27.3732	1775	18.7066	6	535	19	55	24	4	1.15382e+06	6.4512e-05	0.0876	
11500	400	3044	25	27.6912	1842	14.3233	8	534	13	73	19	3	978624	5.78972e-05	0.3175	
10736	400	3009	22.4957	29.7946	1787	18.4467	9	535	17	55	7	3	1.03016e+06	6.43087e-05	0.151	
10894	400	3042	23.0797	24.4297	1708	15.5916	8	535	18	59	26	3	1.03115e+06	5.79274e-05	0.2328	
10976	400	3028	21.6006	30	1775	15.8917	5	535	15	55	23	5	1.03478e+06	6.24922e-05	0.1701	
10723	400	3050	24.8056	29.8201	1720	17.6992	10	535	17	60	51	3	1.02112e+06	6.72902e-05	0.1392	
11500	382	3026	20.8064	23.9335	1732	17.7857	9	535	16	71	11	3	1.03915e+06	5.22493e-05	0.3372	
10683	400	3027	17.8358	20.8119	1773	16.67	8	534	18	56	29	4	1.16332e+06	5.36913e-05	0.2159	
10680	363	3043	18.4057	22.6991	1816	18.4081	6	535	18	55	39	4	1.15702e+06	5.5966e-05	0.1691	
11487	394	3035	22.0505	20.7097	1710	16.1921	8	535	14	72	7	3	1.04455e+06	4.98554e-05	0.4018	
10275	390	3043	18.9441	26.9432	1850	18.6254	7	535	16	55	2	4	1.13531e+06	6.19809e-05	0.0979	
11500	400	3039	19.3526	20	1845	18.526	10	535	20	59	5	3	1.08914e+06	4.76259e-05	0.3794	
10317	400	3037	19.3542	25.9112	1806	18.42	8	535	19	55	8	4	1.12397e+06	6.1192e-05	0.1028	
11500	394	3050	23.8034	21.5402	1797	15.5364	10	534	16	57	33	3	1.0185e+06	5.16689e-05	0.3856	
11061	378	3037	15.1976	20.1018	1863	15.3654	6	535	20	60	2	4	1.27831e+06	4.81e-05	0.3343	
10608	396	3028	15	20.49	1780	18.8904	6	535	20	57	19	4	1.3084e+06	5.26593e-05	0.1855	
10823	379	3050	15.9394	21.3593	1794	17.6656	8	535	18	65	32	4	1.23698e+06	5.25514e-05	0.2149	
10210	361	2985	19.3536	27.1049	1736	17.7534	6	533	16	55	9	3	1.14005e+06	6.41519e-05	0.091	
11129	400	3040	19.4847	25.9171	1775	16.0488	8	534	20	57	22	6	1.07102e+06	5.57165e-05	0.2298	
10287	348	3042	20.3361	27.1917	1765	17.6648	5	534	20	55	9	4	1.12604e+06	6.34035e-05	0.0934	
10547	385	3046	16.5725	21.2922	1778	17.3856	5	535	20	55	9	4	1.22398e+06	5.34188e-05	0.1949	
11467	400	3022	23.6726	27.2114	1847	14	8	535	17	62	19	4	990240	5.69898e-05	0.3009	
11073	388	3050	18.768	20.775	1818	18.7687	8	534	15	62	19	5	1.12314e+06	5.07924e-05	0.3056	
10557	398	3040	22.2922	28.3758	1796	18.0304	7	535	15	55	19	4	1.05432e+06	6.39345e-05	0.1299	
11054	400	3047	19.2917	20	1796	14.5028	7	535	13	56	6	3	1.10942e+06	4.97438e-05	0.3349	
10731	394	3021	20.8918	28.8119	1773	19	5	532	19	55	27	4	1.06368e+06	6.29089e-05	0.1333	
10921	398	3041	15.0599	21.638	1816	16.0986	7	534	18	62	18	5	1.2735e+06	5.0971e-05	0.2496	
10952	399	3050	20.2785	20.7125	1749	17.2322	9	531	18	60	17	3	1.08669e+06	5.21512e-05	0.2956	
11431	400	3043	16.2583	22.5152	1747	15.7531	9	535	20	55	18	5	1.17456e+06	4.93583e-05	0.3119	
11500	378	3021	18.2189	20	1900	18.6587	8	535	20	58	6	4	1.13434e+06	4.71876e-05	0.383	
10805	400	3039	18.6936	25.2142	1749	18.4081	6	534	19	56	24	4	1.11177e+06	5.70841e-05	0.1702	
10738	393	3035	23.4519	26.2886	1794	17.0553	9	530	19	58	56	3	1.03786e+06	6.25586e-05	0.1679	
10399	368	3047	18.2673	26.0226	1753	18.4694	7	534	11	55	10	4	1.15507e+06	6.01323e-05	0.1079	
10396	397	3043	15	21.5827	1775	15.5371	4	535	16	58	11	3	1.31973e+06	5.4339e-05	0.1381	
11113	381	3046	16.7891	20	1854	15.1375	9	533	19	56	20	3	1.18666e+06	4.87615e-05	0.3341	
11391	400	3034	16.9875	23.3369	1764	17.1165	9	535	16	58	16	4	1.1387e+06	5.06355e-05	0.3006	
10992	397	3040	17.6398	20.2847	1818	15.4509	8	534	17	60	4	3	1.1521e+06	4.96697e-05	0.3105	
11000	400	3042	18.5884	26.7036	1822	17.5272	7	535	19	58	30	4	1.09481e+06	5.71723e-05	0.1856	
10893	397	3037	17.6398	20.4264	1802	15.254	8	535	14	60	4	3	1.1557e+06	5.04236e-05	0.2924	
11389	400	3029	22.2994	23.2878	1749	19	9	535	8	55	56	3	1.02558e+06	5.4407e-05	0.3149	
11000	400	3042	19.2904	26.7036	1822	17.5272	7	535	19	58	30	4	1.07759e+06	5.7468e-05	0.1884	
11500	399	3042	22.9012	26.8182	1717	17.0337	7	535	15	62	39	3	1.00053e+06	5.67151e-05	0.2874	
11500	399	2999	24.6374	23.0034	1800	14.8665	10	533	15	74	11	3	998688	5.34502e-05	0.3992	
11500	390	3039	15	23.3744	1750	14	7	535	19	55	5	3	1.23741e+06	4.8986e-05	0.3216	
10938	393	3039	16.3192	23.6737	1781	16.0977	7	535	17	55	10	3	1.18777e+06	5.28262e-05	0.2219	
10587	400	3030	21.4721	26.8307	1763	17.278	9	535	15	55	16	4	1.06179e+06	6.15082e-05	0.1492	
11088	400	3042	24.212	29.8201	1700	17.4485	8	535	20	60	29	3	998948	6.32711e-05	0.1969	
10739	391	3047	15	20.788	1765	15.7329	8	534	14	56	27	4	1.29605e+06	5.18403e-05	0.2164	
11129	400	3040	19.4847	25.9171	1775	16.0488	8	534	20	56	22	6	1.07113e+06	5.57289e-05	0.2291	
10380	377	3023	22.6942	28.5717	1730	17.4317	7	533	18	55	33	5	1.07421e+06	6.70916e-05	0.101	
11030	364	3048	15.4058	22.0043	1773	16.0883	9	534	19	67	26	4	1.25301e+06	5.11247e-05	0.2512	
10736	395	2992	20.0738	24.07	1856	15.4696	7	535	17	55	19	4	1.08703e+06	5.67795e-05	0.2012	
10686	377	3050	19.1634	23.3798	1816	18.4081	6	535	19	55	33	4	1.12541e+06	5.65195e-05	0.1709	
11500	394	3018	23.8034	21.5402	1803	14.1119	10	535	15	57	33	3	1.01814e+06	5.18592e-05	0.3866	
10525	400	3047	17.0156	23.2184	1753	15.8697	6	533	16	55	19	4	1.19255e+06	5.59065e-05	0.1494	
10325	396	3050	18.6164	25.7185	1835	18.1872	8	534	16	57	7	3	1.14024e+06	6.02192e-05	0.1171	
10974	400	3049	24.6342	29.3125	1708	17.6366	8	535	16	56	35	3	1.00386e+06	6.39223e-05	0.1859	
11391	400	3034	16.808	22.7668	1764	16.1049	10	535	20	57	16	4	1.14704e+06	4.99625e-05	0.3093	
11500	400	3026	22.2483	20.4248	1825	17.1709	10	533	19	59	7	3	1.04025e+06	4.94731e-05	0.4146	
10931	399	3050	20.2785	20.775	1729	17.2322	9	531	18	60	12	3	1.08554e+06	5.22466e-05	0.2951	
11500	400	3007	25	20.8833	1732	15.235	9	535	14	73	11	3	1.01184e+06	5.19751e-05	0.4388	
10547	370	3050	15.2805	20.7575	1778	18.765	5	535	20	55	15	4	1.30341e+06	5.29101e-05	0.1772	
10658	400	3038	21.2867	29.7946	1773	15.5932	9	535	17	56	9	4	1.05216e+06	6.37349e-05	0.1321	
10913	361	3050	15.1613	20.403	1762	15.3404	4	534	20	56	27	5	1.30308e+06	5.03094e-05	0.2635	
10448	392	3043	19.6856	23.232	1858	16.5536	7	535	16	55	4	4	1.11757e+06	5.69509e-05	0.1764	
10246	369	3033	15.8244	21.2265	1744	17.7672	6	535	14	57	15	4	1.29186e+06	5.61482e-05	0.1181	
11463	395	3001	21.0584	23.1922	1798	15.7593	9	535	19	61	10	3	1.03682e+06	5.17197e-05	0.3505	
11480	400	3036	20.5011	21.3066	1839	16.8047	10	534	19	55	21	3	1.05622e+06	4.96106e-05	0.3617	
11215	389	3050	16.0235	20	1886	17.5367	5	533	17	57	5	4	1.22439e+06	4.74654e-05	0.3657	
10664	380	3019	16.8369	21.8651	1714	17.0316	5	535	20	58	24	4	1.20787e+06	5.4336e-05	0.1838	
10854	400	3029	15.4547	21.6771	1763	16.8427	7	535	18	56	28	4	1.25241e+06	5.22111e-05	0.2171	
10461	382	3013	16.1907	21.3326	1708	15.3977	5	532	20	56	24	3	1.25082e+06	5.51025e-05	0.156	
10675	400	3043	20.2913	25.676	1820	16.023	10	533	19	55	22	3	1.07593e+06	5.87786e-05	0.1709	
11289	388	3050	18.9013	20	1789	16.1021	8	535	18	65	8	3	1.11213e+06	4.8459e-05	0.3617	
11387	400	3044	17.6225	20	1889	16.6026	10	534	19	58	9	3	1.13989e+06	4.72813e-05	0.3719	
10893	393	3009	23.1064	29.9322	1749	19	7	535	20	57	33	3	1.02042e+06	6.46663e-05	0.1516	
11500	400	3021	24.7352	26.2687	1867	16.5313	8	535	20	68	9	3	984344	5.62778e-05	0.3068	
10921	387	3027	15.4547	21.6771	1745	17.2247	7	535	18	58	28	4	1.25275e+06	5.18888e-05	0.2301	
10441	396	3024	20.7598	28.3758	1718	17.9647	6	535	16	55	18	4	1.08532e+06	6.43956e-05	0.0982	
10602	371	3028	15	20.6897	1751	16.1838	8	535	18	57	14	4	1.31144e+06	5.24164e-05	0.1945	
10857	400	3050	16.2583	22.2659	1745	16.099	9	535	20	57	21	5	1.20359e+06	5.25403e-05	0.2151	
11453	400	3033	21.4259	20	1854	17.1773	10	535	8	58	3	5	1.06318e+06	4.87234e-05	0.4261	
10894	397	3034	24.6342	29.5584	1809	16.2435	10	533	19	56	37	3	1.00636e+06	6.46204e-05	0.1751	
10793	400	3042	21.9922	29.8346	1757	15.9596	5	535	20	55	38	3	1.04157e+06	6.42343e-05	0.1316	
11500	400	3046	16.7891	20	1824	15.2761	8	535	8	58	2	3	1.16764e+06	4.62535e-05	0.4303	
10974	400	3049	24.6342	29.8201	1708	17.6366	8	535	16	56	35	3	1.00313e+06	6.4512e-05	0.1809	
11065	398	3050	20.2785	20.7125	1749	17.2322	9	531	18	60	16	3	1.08193e+06	5.1398e-05	0.3167	
10225	397	3050	17.0156	23.2184	1743	15.7799	6	534	14	55	14	4	1.21762e+06	5.82343e-05	0.1033	
10969	400	3042	20.3698	26.7036	1808	18.205	7	535	19	55	28	4	1.05958e+06	5.81835e-05	0.1928	
10352	385	3048	20.3361	27.5491	1765	18.7066	8	534	19	55	12	4	1.10203e+06	6.34478e-05	0.0935	
11165	400	3050	22.0505	28.9935	1778	15.9334	10	535	15	58	23	4	1.01351e+06	6.00348e-05	0.2127	
11324	392	3050	18.4021	20.4129	1832	16.9497	8	535	16	57	15	5	1.12481e+06	4.85413e-05	0.3563	
11500	378	3050	15.2875	20.1411	1859	14.9678	7	535	18	57	3	3	1.25017e+06	4.57959e-05	0.4164	
10275	392	3043	18.9441	26.9432	1850	18.6338	7	535	16	55	4	4	1.13527e+06	6.20771e-05	0.0968	
10378	400	3020	22.6017	26.267	1744	18.5394	9	532	19	56	51	3	1.0728e+06	6.57117e-05	0.1029	
10587	400	2993	23.3032	29.2585	1752	17.299	10	535	16	55	44	4	1.04122e+06	6.71817e-05	0.1152	
10547	331	3050	15	21.2922	1778	17.1185	5	535	20	56	3	4	1.33681e+06	5.25762e-05	0.1816	
10234	380	2987	20.9186	22.9552	1727	18.5581	5	534	15	55	16	4	1.12032e+06	6.10128e-05	0.1156	
11500	400	3034	20.1957	20.1043	1889	18.526	8	533	20	56	2	3	1.07872e+06	4.79294e-05	0.4024	
10932	386	3050	15	21.6771	1806	16.8643	8	535	17	65	16	4	1.27674e+06	5.08802e-05	0.2502	
10587	400	3030	21.4721	26.8307	1763	17.278	8	535	15	55	16	4	1.06314e+06	6.14931e-05	0.1487	
11487	400	3035	25	24.0641	1748	17.2694	10	533	12	79	44	3	993072	5.52853e-05	0.3398	
11500	400	3028	21.4259	20.4248	1854	17.518	10	534	8	57	3	3	1.05084e+06	4.88782e-05	0.4178	
10352	385	3020	20.3361	28.3133	1765	18.7066	8	534	19	55	12	4	1.09853e+06	6.46329e-05	0.0895	
11270	400	3023	22.0505	29.2704	1845	15.7369	10	535	15	71	19	3	1.00322e+06	5.95593e-05	0.2408	
10580	392	3037	18.7331	26.9432	1831	18.5611	7	535	17	55	15	3	1.11562e+06	6.00096e-05	0.1263	
10631	398	3045	24.7953	26.2067	1735	18.7437	7	535	20	56	16	4	1.03396e+06	6.28891e-05	0.1656	
10893	393	3009	23.1064	21.9242	1749	19	8	535	20	57	33	3	1.04883e+06	5.64908e-05	0.2416	
11459	380	3036	15	21.75	1782	14	9	535	19	57	5	3	1.24976e+06	4.75986e-05	0.3507	
10683	400	3047	17.8358	20.8191	1779	16.67	8	534	18	56	25	4	1.16295e+06	5.32907e-05	0.2209	
10985	385	3042	24.3453	30	1769	18.5275	10	533	20	55	36	4	1.0077e+06	6.45453e-05	0.1789	
10912	399	3050	15.746	21.6574	1794	18.0533	10	535	16	55	21	5	1.22919e+06	5.15305e-05	0.2422	
10210	400	2985	19.3536	27.1049	1745	18.7663	6	532	16	55	9	3	1.12803e+06	6.42055e-05	0.0881	
10435	386	3028	21.0035	28.5985	1765	17.6648	5	534	20	55	9	4	1.08436e+06	6.42591e-05	0.1	
10610	390	3027	20.8918	21.7225	1765	18.0919	9	531	19	55	11	4	1.09064e+06	5.58566e-05	0.2139	
10540	400	3046	25	29.2773	1764	18.4503	8	535	14	55	39	4	1.03462e+06	6.80411e-05	0.1163	
10468	367	3043	18.8849	25.9218	1850	17.7839	7	535	16	57	4	4	1.1333e+06	5.91961e-05	0.1388	
11088	380	3042	16.1871	20.1018	1843	16.5451	6	534	15	60	6	4	1.22238e+06	4.84332e-05	0.34	
10575	394	3021	20.4516	29.0942	1775	18.7066	5	534	13	55	8	4	1.0777e+06	6.34236e-05	0.1159	
10794	393	3026	19.8076	21.109	1854	17.6816	8	535	16	55	10	4	1.10562e+06	5.30391e-05	0.2651	
11431	399	3042	25	29.8201	1727	17.7609	9	535	17	57	18	3	976146	6.12858e-05	0.254	
11030	386	3050	16.095	22.2461	1773	15.7311	9	534	14	67	26	4	1.20471e+06	5.14642e-05	0.2635	
10398	359	3049	15.2486	21.5273	1774	17.924	5	535	16	55	13	4	1.31773e+06	5.45078e-05	0.1359	
10306	395	3031	19.6402	20.6721	1726	17.4279	7	535	18	55	14	3	1.14123e+06	5.69314e-05	0.1455	
10723	400	3050	25	29.7578	1707	18.5234	10	535	16	55	51	3	1.01994e+06	6.75995e-05	0.1262	
11500	400	3040	19.5735	20	1889	17.1709	10	534	19	57	8	3	1.08705e+06	4.75489e-05	0.3901	
11230	400	3042	18.4146	20.9049	1851	18.2814	8	535	17	55	8	4	1.11807e+06	4.93803e-05	0.3282	
10891	394	3043	23.8148	27.3753	1846	16.7621	10	534	15	58	22	3	1.01605e+06	6.09125e-05	0.2067	
10566	396	3050	18.6164	26.9211	1835	17.9937	8	534	16	56	16	3	1.11776e+06	5.98838e-05	0.132	
11500	396	3040	24.6374	23.0034	1759	14.8665	10	530	12	74	9	4	1.00307e+06	5.3217e-05	0.4061	
11500	398	3005	25	24.1075	1732	15.2632	10	533	15	73	28	3	991208	5.51572e-05	0.3408	
10219	400	3044	16.0286	21.8793	1770	17.6239	8	535	19	56	2	5	1.26504e+06	5.62398e-05	0.121	
11047	393	3036	18.2465	20.0683	1900	17.9607	9	535	20	55	14	4	1.1366e+06	4.97785e-05	0.3149	
11288	361	3047	15	21.3369	1770	16.0704	9	535	18	69	24	5	1.27435e+06	4.88806e-05	0.3097	
10927	390	3045	15.1895	21.638	1816	15.9669	4	535	15	63	16	5	1.27534e+06	5.08259e-05	0.257	
10505	400	3045	25	30	1818	18.4503	8	534	19	55	38	4	1.03602e+06	6.90131e-05	0.1086	
10429	384	3042	18.4146	20.9049	1851	17.8376	7	535	16	55	8	4	1.16534e+06	5.46926e-05	0.1877	
11500	397	3048	15	21.3907	1780	14.0957	9	535	19	57	5	3	1.24399e+06	4.69947e-05	0.3691	
11382	400	3023	21.661	29.7946	1842	15.7369	10	532	15	71	19	3	1.00257e+06	5.94707e-05	0.2515	
11169	397	2966	23.0294	29.7508	1731	17.6469	8	535	19	64	30	3	1.00164e+06	6.26802e-05	0.2018	
11063	400	3028	24.4424	28.9114	1708	17.1827	10	535	16	60	28	3	997980	6.25861e-05	0.2076	
11500	393	3050	17.5582	20	1858	14.1562	7	534	12	59	8	4	1.15105e+06	4.65246e-05	0.4075	
11434	395	3038	22.8145	25.3413	1868	15.8565	10	534	13	61	25	4	1.00651e+06	5.47076e-05	0.3157	
11220	400	3003	20.8078	23.1922	1823	17.8212	10	533	16	63	18	3	1.04661e+06	5.32113e-05	0.3046	
10951	398	3005	23.239	28.0554	1742	17.6809	8	535	20	59	21	3	1.01577e+06	6.16143e-05	0.2	
10921	391	3029	15.8029	21.6771	1746	17.074	10	535	11	60	21	4	1.22539e+06	5.17063e-05	0.2481	
11500	390	3050	15.2875	20.1411	1778	14.8092	7	535	18	57	3	3	1.24362e+06	4.59834e-05	0.4089	
11500	400	3040	20.5324	20.0779	1790	14.3513	10	535	13	60	8	3	1.06602e+06	4.81116e-05	0.3988	
11301	400	3025	21.7986	23.2631	1890	18.204	8	534	12	63	18	3	1.03363e+06	5.28765e-05	0.3236	
10288	395	3040	15.5061	23.6024	1820	15.4378	7	535	17	55	2	5	1.28202e+06	5.67312e-05	0.1147	
11500	400	3027	23.0897	23.9335	1732	15.235	9	534	17	73	11	3	1.00366e+06	5.33248e-05	0.3716	
11500	400	3038	20.3118	20.8574	1838	17.5681	9	535	16	56	8	4	1.06903e+06	4.87638e-05	0.3745	
10646	355	3042	18.4146	22.4947	1839	17.1562	8	535	19	55	20	4	1.15487e+06	5.49511e-05	0.194	
11500	386	3037	23.3051	30	1798	16.8208	10	534	13	74	29	3	985855	6.00745e-05	0.2629	
11290	356	3025	18.0444	20.0683	1900	16.3119	9	535	20	58	23	4	1.15422e+06	4.85649e-05	0.3433	
11152	399	2992	20.0134	22.094	1833	15.363	9	534	20	62	11	4	1.07326e+06	5.19508e-05	0.3039	
11478	400	3019	24.7352	26.2687	1867	16.5313	8	535	20	68	19	3	985178	5.65643e-05	0.3017	
11456	400	3034	19.7162	20.1043	1889	18.526	10	535	20	59	2	4	1.08392e+06	4.79524e-05	0.3846	
11153	392	2992	20.0918	27.0953	1824	15.969	9	535	20	59	43	4	1.05208e+06	5.80956e-05	0.2075	
10852	400	3043	25	30	1723	18.4383	8	533	18	58	50	4	1.01273e+06	6.65823e-05	0.1524	
10736	400	3027	22.8731	22.701	1795	17.5138	9	535	20	55	24	3	1.04891e+06	5.74284e-05	0.2124	
10418	363	3017	18.2769	20	1760	18.0991	9	535	13	57	18	4	1.18178e+06	5.5063e-05	0.1834	
10950	385	3000	21.5876	25.4438	1886	16.4217	8	534	19	57	8	3	1.04515e+06	5.69736e-05	0.235	
10951	398	3005	23.239	27.9072	1742	17.6809	8	535	20	59	21	3	1.01588e+06	6.14477e-05	0.2013	
10739	359	3039	18.0717	24.3755	1732	18.4081	6	535	19	56	24	4	1.15257e+06	5.64972e-05	0.1626	
10299	376	3043	16.8586	23.2934	1735	15.1487	6	535	18	58	3	5	1.22419e+06	5.7169e-05	0.1228	
10256	348	3014	18.7678	26.0579	1776	18.5958	8	534	18	55	3	5	1.16053e+06	6.1736e-05	0.0916	
11169	362	3049	15	22.1459	1794	16.1696	7	535	18	65	26	5	1.11569e+06	6.12107e-05	0.1182	
11086	400	3046	22.8011	30	1781	17.3648	10	535	15	63	8	3	1.00608e+06	6.18162e-05	0.2045	
11500	400	3032	23.2543	20.5147	1871	17.889	10	534	18	57	17	3	1.02863e+06	5.02437e-05	0.3983	
11138	379	3034	19.0649	26.333	1799	15.629	9	535	16	58	8	3	1.07776e+06	5.54354e-05	0.2325	
11317	400	3013	24.7352	21.5845	1871	16.5313	8	535	20	68	19	3	1.01949e+06	5.32453e-05	0.3473	
11500	399	2992	19.9902	27.5987	1832	16.2092	9	534	20	61	13	4	1.03194e+06	5.58628e-05	0.2683	
11393	376	3017	16.9552	20	1899	17.1544	7	534	20	60	5	4	1.18277e+06	4.71032e-05	0.3783	
11500	400	3035	25	21.906	1804	14.3233	10	535	12	74	44	3	1.00587e+06	5.30532e-05	0.3983	
10580	392	3037	18.7331	26.9432	1831	18.5611	7	535	17	55	15	5	1.11914e+06	6.00637e-05	0.1237	
11381	397	3022	24.854	27.2114	1781	14	8	535	18	60	28	3	985823	5.85514e-05	0.2844	
11148	385	3050	20.5111	28.5728	1702	15.216	9	535	15	58	7	3	1.04079e+06	5.87027e-05	0.2134	
10768	400	3029	22.0505	29.7946	1762	16.4548	10	534	15	55	48	4	1.03905e+06	6.50957e-05	0.1349	
11500	400	3034	19.3526	20	1879	17.8338	10	535	19	60	2	4	1.09152e+06	4.74451e-05	0.3872	
10415	337	3042	20.8265	21.5471	1786	18.3323	7	535	15	55	26	6	1.13855e+06	5.78804e-05	0.1528	
11500	398	3000	23.9968	24.1075	1742	14.8665	10	534	15	73	17	3	994518	5.43272e-05	0.3459	
10777	386	3050	16.0889	21.1746	1708	15.3528	7	535	20	56	21	5	1.23221e+06	5.20806e-05	0.2274	
11500	382	3038	15.2356	20	1872	15.122	6	535	9	56	2	4	1.26124e+06	4.57038e-05	0.4311	
11391	373	3039	16.1644	23.3369	1764	15.7531	10	535	20	55	25	4	1.18324e+06	5.04668e-05	0.2889	
10918	364	3043	15	20.1018	1863	14.6409	7	534	19	61	2	4	1.30313e+06	4.88472e-05	0.3123	
11073	388	3050	18.4021	20.775	1818	18.7687	8	534	16	62	2	5	1.13173e+06	5.00751e-05	0.3158	
11500	400	3029	24.5772	20.1043	1889	16.971	10	534	19	63	17	3	1.02632e+06	5.06817e-05	0.3887	
10441	380	3024	20.8942	28.3758	1718	18.0304	6	535	16	55	18	4	1.08772e+06	6.44787e-05	0.098	
11478	400	3019	24.7352	21.5845	1867	16.5313	8	535	20	68	19	3	1.01512e+06	5.22002e-05	0.3715	
10455	379	3050	15	20.5565	1778	16.1887	5	535	20	57	15	4	1.32768e+06	5.32255e-05	0.1593	
10689	400	3016	22.4957	29.7946	1780	15.5932	10	535	17	55	23	3	1.03405e+06	6.4914e-05	0.1389	
11500	400	3021	24.7352	25.8513	1881	16.5313	8	534	20	68	9	3	986628	5.5816e-05	0.319	
10412	400	3043	24.1187	29.2773	1737	18.4957	9	533	14	55	45	4	1.05197e+06	6.90751e-05	0.1031	
10415	364	3042	20.8265	21.5121	1794	18.3323	7	535	15	55	26	6	1.1259e+06	5.78302e-05	0.1552	
11499	400	3008	20.9613	20.4248	1898	17.0964	10	534	20	58	6	3	1.0579e+06	4.87401e-05	0.4015	
11113	400	3026	19.6824	21.6771	1749	17.5456	9	535	18	56	31	3	1.08154e+06	5.24329e-05	0.2949	
10726	374	3043	15.2805	21.0027	1768	19	8	535	16	55	15	4	1.28209e+06	5.20156e-05	0.2171	
10610	394	3026	20.8918	28.8119	1761	19	5	531	19	55	11	4	1.06968e+06	6.31991e-05	0.1244	
11388	364	3020	18.3959	20.6126	1899	16.6992	8	535	20	58	3	3	1.13035e+06	4.80792e-05	0.3612	
10154	381	3050	17.3786	24.4252	1741	16.6619	6	529	19	55	5	5	1.20929e+06	5.98623e-05	0.0931	
10182	318	3030	18.16	26.0579	1770	18.5958	6	533	14	55	2	5	1.20281e+06	6.18123e-05	0.0864	
10840	400	3023	22.5907	26.5179	1721	18.0611	10	534	17	59	40	4	1.03418e+06	6.1065e-05	0.1833	
11494	387	3050	15	20.1018	1754	14	7	532	19	57	5	4	1.26785e+06	4.59749e-05	0.41	
10984	400	3050	16.557	20	1809	16.0605	10	535	20	62	9	4	1.19429e+06	4.93291e-05	0.3097	
11322	392	3026	19.2764	22.1413	1834	15.2292	9	535	18	55	10	3	1.08125e+06	5.03195e-05	0.3321	
11064	381	3048	16.7891	20	1854	15.0418	9	535	19	56	20	3	1.1879e+06	4.90412e-05	0.3175	
10317	400	3033	17.1226	23.7767	1748	16.0689	7	535	17	55	15	5	1.20158e+06	5.83056e-05	0.1043	
10652	399	3031	22.5742	27.2265	1781	18.2593	8	535	17	56	16	4	1.04407e+06	6.20694e-05	0.1542	
10412	386	3021	20.429	29.1428	1795	18.7066	6	534	20	55	10	4	1.09129e+06	6.48803e-05	0.0898	
11500	386	3036	18.4359	20.5986	1900	17.1709	10	534	17	60	7	3	1.11233e+06	4.75466e-05	0.3816	
10826	389	3050	15	20.6324	1853	16.3236	7	535	18	56	13	4	1.29092e+06	5.02689e-05	0.2689	
10852	400	3043	25	30	1723	18.1872	8	533	20	55	50	4	1.01267e+06	6.668e-05	0.145	
11396	371	3025	18.2465	20.411	1899	17.9607	9	535	20	55	16	4	1.13107e+06	4.82486e-05	0.3578	
10352	385	2994	20.3361	27.2469	1771	18.7066	6	535	19	55	12	4	1.10404e+06	6.36456e-05	0.0929	
11330	400	3050	16.0235	20	1887	17.4436	6	535	16	59	6	4	1.21254e+06	4.68889e-05	0.3814	
10575	371	3018	20.4516	28.4912	1765	18.7066	5	534	14	55	10	3	1.08523e+06	6.28457e-05	0.1193	
10845	400	3029	22.6017	25.7814	1749	19	9	532	20	56	33	4	1.03541e+06	5.99916e-05	0.1893	
10396	392	3037	17.3022	21.5086	1744	17.2485	8	535	18	59	24	4	1.2018e+06	5.62841e-05	0.1468	
11500	400	3040	20.6306	21.6281	1836	16.749	10	535	13	60	8	3	1.0525e+06	4.94903e-05	0.3688	
10840	400	3030	21.7879	25.7186	1738	18.0611	9	534	17	58	41	4	1.04767e+06	5.97051e-05	0.1831	
10461	382	3013	16.1907	21.3326	1708	15.3977	5	532	18	56	24	3	1.25068e+06	5.50782e-05	0.1592	
11011	393	3042	16.3192	23.4697	1779	16.0977	7	533	16	55	11	4	1.18777e+06	5.22057e-05	0.2468	
10677	400	3029	20.7062	29.057	1720	17.0359	6	535	15	56	25	3	1.06521e+06	6.33152e-05	0.1268	
10758	357	3026	18.0401	22.4539	1831	18.5611	7	535	18	57	13	4	1.16044e+06	5.38909e-05	0.2232	
11329	389	3050	18.9998	26.1143	1835	18.5804	7	532	16	55	12	4	1.07506e+06	5.42329e-05	0.2709	
11391	400	3034	16.808	23.3369	1764	17.1165	10	535	20	57	16	4	1.14365e+06	5.0597e-05	0.2909	
11220	392	3022	20.9004	23.1922	1846	15.4207	8	535	17	61	18	3	1.05128e+06	5.28234e-05	0.297	
10659	370	3050	15.6192	21.6245	1797	16.414	6	535	16	57	8	5	1.26785e+06	5.23615e-05	0.2117	
11329	396	3042	15.5639	22.3215	1810	16.4869	8	535	15	61	29	4	1.2171e+06	4.96771e-05	0.3051	
10594	400	3014	16.2214	22.2096	1763	16.1858	5	535	18	56	28	4	1.23159e+06	5.49964e-05	0.1593	
11063	400	3021	20.429	29.36	1795	18.7066	6	534	20	55	10	4	1.04445e+06	6.04741e-05	0.1851	
11500	374	3040	17.9685	20.1865	1882	16.3399	6	535	19	58	2	3	1.14134e+06	4.68143e-05	0.387	
11500	400	3026	22.4967	21.8517	1873	17.1709	10	534	19	60	11	3	1.02569e+06	5.0782e-05	0.3756	
10575	394	3021	20.4516	29.0942	1765	18.7066	5	535	13	55	12	4	1.07884e+06	6.36213e-05	0.111	
11500	400	3032	19.1297	20.1043	1889	18.526	8	533	20	56	2	3	1.10007e+06	4.74744e-05	0.3859	
10737	400	3047	23.4501	25.1754	1759	17.8517	9	534	18	57	15	3	1.03261e+06	5.96979e-05	0.1974	
10680	359	3050	18.6936	23.3798	1816	18.4081	6	535	18	55	33	4	1.14586e+06	5.63253e-05	0.1682	
11153	400	3046	23.2389	21.8959	1703	18.0576	8	533	16	55	25	3	1.03504e+06	5.40628e-05	0.3159	
10529	397	3043	15	21.5827	1775	18.6207	4	533	17	60	11	4	1.30977e+06	5.35303e-05	0.1665	
11288	361	3047	15	21.3369	1770	16.0704	9	535	17	69	24	5	1.2745e+06	4.88759e-05	0.3113	
11215	389	3050	15.8622	20	1887	17.6469	9	533	17	61	4	4	1.22617e+06	4.74496e-05	0.366	
10430	393	3039	16.3192	23.6737	1781	16.0977	7	533	17	55	10	4	1.22535e+06	5.63984e-05	0.1285	
11469	378	3036	23.4298	23.9955	1833	15.9786	10	529	11	64	19	3	1.01443e+06	5.35676e-05	0.3532