11229	381	2981	23.9534	29.7508	1759	15.2159	6	524	8	58	11	6	1.00598e+06	6.22975e-05	0.2797	
11141	368	3037	17.3101	24.9432	1716	18.6787	6	520	16	65	31	5	1.15357e+06	5.44188e-05	0.2775	
10029	384	2965	21.3102	23.5502	1716	18.2754	6	530	4	57	19	3	1.12602e+06	6.49519e-05	0.1248	
10897	345	2970	20.6736	28.2183	1834	15.5443	6	533	11	67	50	3	1.07547e+06	6.17932e-05	0.1888	
11246	336	3015	17.772	23.117	1782	16.1298	7	519	7	65	34	4	1.16075e+06	5.20129e-05	0.3725	
11209	361	3005	22.449	29.1561	1763	16.3101	6	522	17	66	67	3	1.02873e+06	6.19387e-05	0.2352	
10643	373	2992	24.4782	24.9749	1802	17.851	8	523	9	58	72	4	1.05339e+06	6.42013e-05	0.1984	
10950	369	2970	17.5789	27.3753	1886	16.7621	8	534	17	57	15	3	1.1299e+06	5.77334e-05	0.2003	
11287	347	3030	15.4966	25.4642	1797	16.4585	7	533	3	66	33	5	1.23672e+06	5.31915e-05	0.278	
11440	399	2954	22.3114	22.0217	1720	15.6874	8	524	17	71	48	6	1.04014e+06	5.31858e-05	0.3978	
11395	343	3049	18.6981	22.6332	1878	17.0584	8	534	7	84	24	6	1.12546e+06	5.04643e-05	0.3875	
10019	311	3042	17.9084	23.2998	1757	18.4694	7	527	3	56	19	5	1.2436e+06	6.20463e-05	0.1096	
10723	394	3004	20.2061	24.7238	1806	18.7862	9	532	19	69	75	3	1.09555e+06	6.13121e-05	0.1936	
10219	374	2973	16.9094	25.4291	1872	15.3191	7	527	12	61	7	6	1.21841e+06	6.05877e-05	0.1521	
10831	309	3005	16.4565	24.5252	1854	14.4928	5	522	17	56	24	3	1.23695e+06	5.48878e-05	0.238	
11016	371	3044	21.4673	21.2168	1890	18.677	6	516	12	56	63	5	1.09677e+06	5.44781e-05	0.3288	
11197	333	2992	15.7467	22.0299	1758	14.1876	9	523	16	58	62	6	1.25879e+06	5.21023e-05	0.2976	
11076	276	2995	16.6886	24.5357	1822	14.3877	10	531	8	58	5	4	1.23939e+06	5.30842e-05	0.2677	
10699	283	3046	16.403	21.0738	1855	17.7051	5	528	20	58	59	4	1.30167e+06	5.46866e-05	0.2241	
10837	381	3050	19.8681	24.5115	1817	17.7625	9	528	19	75	40	4	1.09165e+06	5.71331e-05	0.2405	
11272	321	3042	15.954	20.6783	1772	15.008	7	517	15	57	18	3	1.26113e+06	4.82672e-05	0.4286	
10039	231	2965	20.8851	28.5146	1789	17.5397	5	523	2	55	7	3	1.22889e+06	6.86342e-05	0.1123	
11068	378	2950	22.7557	26.9638	1719	16.8661	10	527	3	81	67	4	1.02763e+06	6.14931e-05	0.2631	
10116	376	2977	24.1351	27.7075	1770	17.8176	5	513	5	56	60	4	1.0916e+06	7.18959e-05	0.137	
11405	368	3011	19.3222	23.2961	1900	14.9531	5	531	18	81	38	5	1.09741e+06	5.18618e-05	0.3788	
10655	269	3015	16.9773	25.9336	1759	15.693	5	534	17	68	8	4	1.25993e+06	5.76236e-05	0.1674	
11128	340	3048	24.701	26.1768	1719	18.8029	7	529	17	58	47	5	1.03474e+06	5.99161e-05	0.2538	
10585	328	2968	23.5377	29.1217	1725	16.3822	5	515	19	59	38	4	1.0705e+06	6.68628e-05	0.1816	
11206	364	3035	21.0557	20.7547	1701	15.2035	9	529	5	70	56	3	1.08174e+06	5.25293e-05	0.3742	
11016	390	3034	18.5088	22.9838	1795	15.7745	5	534	3	57	29	5	1.1249e+06	5.31576e-05	0.2849	
11400	397	3016	22.8145	26.3102	1845	16.6552	10	524	15	73	19	3	1.00135e+06	5.6123e-05	0.3397	
10921	344	3002	15.2572	21.6771	1730	15.1824	8	530	9	71	25	4	1.2829e+06	5.19049e-05	0.2658	
10328	378	3007	19.6481	25.6329	1767	16.3116	9	519	10	56	39	5	1.1286e+06	6.26056e-05	0.1505	
10383	195	2984	15.8095	24.6657	1818	15.2062	10	503	9	83	55	5	1.02876e+06	6.49477e-05	0.2284	
10893	351	2989	24.2765	29.9322	1728	16.7075	7	519	19	62	16	4	1.02876e+06	6.49477e-05	0.2284	
10257	342	3003	23.3307	28.3758	1744	16.1307	5	525	12	59	53	4	1.09765e+06	6.96767e-05	0.1282	
9979	114	3000	22.8354	24.0918	1865	18.76	4	499	8	59	65	4	1.10286e+06	5.33846e-05	0.3012	
11293	353	3021	19.507	22.5603	1714	14.5609	9	530	17	67	67	4	1.10286e+06	5.33846e-05	0.3012	
11015	373	2992	24.4781	24.9749	1783	18.027	8	519	5	58	65	4	1.03051e+06	6.04558e-05	0.281	
10613	387	3049	23.2711	30	1720	17.8887	6	516	9	60	22	4	1.04367e+06	6.60197e-05	0.1991	
10194	393	2995	24.0491	23.4735	1816	14.7427	8	505	6	61	37	5	1.13273e+06	6.47962e-05	0.1267	
10029	362	2965	21.3102	23.5502	1774	18.2754	6	530	4	57	19	3	1.13273e+06	6.47962e-05	0.1267	
11395	343	3049	18.6981	22.9312	1878	17.0584	8	534	7	84	23	6	1.12327e+06	5.06997e-05	0.3848	
10813	350	2971	20.2543	23.8408	1816	15.0719	8	513	14	72	43	6	1.25805e+06	5.22603e-05	0.2973	
11197	333	2982	15.7467	22.0299	1758	14.1876	9	523	16	60	62	6	1.25805e+06	5.22603e-05	0.2973	
11300	352	2989	19.4117	21.7151	1781	15.1198	10	520	17	59	51	4	1.11031e+06	5.19508e-05	0.3731	
10587	373	3039	19.4847	26.9211	1816	18.5611	8	535	4	64	14	4	1.10617e+06	6.02047e-05	0.1613	
10837	382	3050	19.8681	24.5115	1817	17.6418	9	528	19	75	40	4	1.0912e+06	5.71233e-05	0.2408	
10921	344	3002	15.2572	20.6738	1750	15.1824	8	530	9	71	25	4	1.28906e+06	5.1036e-05	0.3021	
11209	361	3009	22.449	29.1561	1763	15.6644	6	528	17	66	67	3	1.02882e+06	6.18735e-05	0.219	
11141	368	3037	17.3101	24.9432	1716	18.6787	6	520	14	65	31	5	1.15372e+06	5.44099e-05	0.2802	
11128	321	3048	22.3162	25.0663	1719	18.8029	7	529	17	67	47	5	1.07323e+06	5.72836e-05	0.266	
10246	393	2990	18.2384	27.5971	1803	14.0583	4	521	17	63	4	3	1.15891e+06	6.29921e-05	0.1502	
11076	276	2995	16.6886	25.1345	1858	14.3877	10	531	8	58	11	4	1.23632e+06	5.37692e-05	0.2613	
10587	392	3039	18.6164	26.9211	1843	18.5611	8	535	4	59	8	4	1.11793e+06	5.94495e-05	0.1529	
10257	328	3005	23.3307	26.591	1764	17.196	5	525	12	60	53	4	1.10792e+06	6.7792e-05	0.1385	
10019	311	3042	17.9084	22.4402	1757	18.4694	7	527	3	56	19	5	1.24832e+06	6.12182e-05	0.1121	
10281	400	2975	22.26	27.3636	1853	18.3846	7	534	6	65	11	4	1.07997e+06	6.54407e-05	0.1679	
11413	350	2954	24.7353	23.3763	1843	18.7159	6	527	17	70	63	4	1.039e+06	5.62398e-05	0.3387	
10141	311	3042	17.9084	23.2998	1778	18.4694	6	530	5	56	19	5	1.2342e+06	5.9891e-05	0.1128	
10722	371	3026	23.6701	27.7352	1855	16.8633	7	531	7	68	37	5	1.04528e+06	6.31552e-05	0.2088	
10923	369	2970	17.5789	27.3753	1886	16.7621	7	534	17	57	15	3	1.13295e+06	5.79072e-05	0.196	
11068	378	2950	22.7557	26.9638	1719	16.8661	10	526	7	81	67	4	1.02775e+06	6.15233e-05	0.2616	
10332	311	3042	17.9084	22.7994	1837	18.4694	6	527	3	56	19	5	1.221e+06	5.73987e-05	0.1799	
10723	394	3004	20.2061	22.967	1806	18.7862	9	532	19	69	75	3	1.10253e+06	5.97407e-05	0.1988	
11229	381	2981	23.9534	29.7508	1751	17.9572	6	524	8	59	11	6	1.00598e+06	6.24376e-05	0.2739	
11229	381	2992	23.9534	29.0129	1731	15.2159	6	524	8	58	9	6	1.00847e+06	6.13384e-05	0.2843	
10535	400	3023	18.6951	23.1434	1746	15.9352	9	530	15	78	20	5	1.13645e+06	5.73099e-05	0.2293	
11287	347	3030	15.4966	25.4642	1797	16.5601	7	535	6	66	36	5	1.23676e+06	5.33163e-05	0.2684	
11065	368	3037	17.3101	24.9432	1856	18.6787	6	520	16	65	31	5	1.15606e+06	5.44099e-05	0.2748	
10917	400	2977	24.0528	27.6703	1754	17.6481	9	514	11	65	23	4	1.01364e+06	6.22394e-05	0.2716	
10831	309	3005	16.4565	24.5252	1833	14.1552	7	522	20	56	24	3	1.23206e+06	5.49571e-05	0.231	
10019	311	3042	18.1198	23.2998	1757	18.4694	7	527	3	56	19	5	1.23644e+06	6.21427e-05	0.1081	
11001	335	2994	15.2572	21.6771	1730	15.1824	8	530	9	71	23	4	1.28358e+06	5.13584e-05	0.2822	
11246	336	3015	17.772	23.117	1782	16.1298	5	527	7	62	39	4	1.16331e+06	5.21839e-05	0.3337	
11287	347	3030	15.4966	25.4642	1804	16.4585	7	533	5	66	17	5	1.23409e+06	5.27009e-05	0.2812	
11295	377	3016	22.8145	26.3102	1845	16.6552	10	521	15	73	26	3	1.01408e+06	5.68343e-05	0.3282	
11201	290	2957	17.8119	21.873	1704	14.747	8	529	14	85	8	5	1.19971e+06	5.12899e-05	0.3486	
10841	387	3018	15.4484	22.7081	1817	18.9246	9	523	4	59	54	5	1.26564e+06	5.46837e-05	0.2453	
11412	265	3014	21.8387	20.6126	1787	15.4866	8	521	14	76	5	5	1.16174e+06	5.01203e-05	0.4499	
10957	396	3019	22.0987	25.8067	1894	16.4989	9	510	5	62	49	4	1.04259e+06	5.87441e-05	0.3088	
11061	385	3034	21.4868	27.6366	1851	14.0729	10	527	19	70	41	4	1.03672e+06	5.92382e-05	0.2501	
11199	320	3035	15.1547	20.1018	1827	17.3889	6	533	4	71	34	4	1.31231e+06	4.88114e-05	0.3651	
11048	340	2980	16.8009	24.6168	1720	15.2243	7	526	2	64	15	3	1.18332e+06	5.40716e-05	0.2714	
11112	379	3047	21.8456	22.5588	1811	16.1079	6	513	13	71	51	5	1.07133e+06	5.45256e-05	0.3494	
10921	337	3002	15	21.6771	1730	16.1463	8	530	10	71	27	4	1.05295e+06	6.43832e-05	0.1989	
10643	373	2974	24.4782	24.9749	1811	17.851	8	523	9	58	72	4	1.05295e+06	6.43832e-05	0.1989	
11068	400	2951	22.7557	28.3385	1761	16.8661	10	527	3	81	67	4	1.01577e+06	6.28417e-05	0.2474	
10328	378	3007	18.3278	25.6329	1747	16.3116	4	516	10	56	42	5	1.17038e+06	6.20617e-05	0.1528	
10299	345	2981	20.3236	29.0942	1708	14.9713	6	514	17	61	34	4	1.11953e+06	6.71231e-05	0.1372	
10019	342	3042	17.9084	23.2998	1757	18.4694	7	533	3	60	19	5	1.2289e+06	6.26331e-05	0.1317	
11381	369	2975	16.7224	23.4794	1856	15.2081	9	520	15	64	13	5	1.16701e+06	5.08518e-05	0.3845	
10481	273	2962	21.7248	24.8923	1706	17.5453	8	524	13	58	56	3	1.14908e+06	6.35001e-05	0.1487	
10723	394	3004	20.2061	24.7238	1806	18.7862	8	532	19	69	75	3	1.09683e+06	6.12858e-05	0.1928	
10706	349	3001	23.2329	26.9893	1787	15.9799	9	532	6	61	9	5	1.0541e+06	6.16409e-05	0.2147	
10893	351	2989	24.2765	29.9322	1728	14.594	7	519	19	62	16	4	1.02878e+06	6.4834e-05	0.2314	
11229	294	2952	17.736	22.6639	1703	15.9501	8	529	19	84	18	4	1.18925e+06	5.22193e-05	0.3229	
11169	374	2973	16.9094	25.4291	1872	15.3191	6	529	12	61	7	6	1.15765e+06	5.3775e-05	0.2798	
10200	391	2998	23.5449	29.4328	1840	18.5077	6	511	12	59	65	4	1.0832e+06	7.23484e-05	0.1449	
11178	361	3044	22.449	29.2297	1767	16.3101	6	522	3	66	55	3	1.03055e+06	6.12895e-05	0.2573	
10194	393	2995	24.0491	23.4735	1816	15.3562	8	505	6	62	39	5	1.2829e+06	5.19049e-05	0.2658	
10921	344	3002	15.2572	21.6771	1730	15.1824	8	530	9	71	25	4	1.2829e+06	5.19049e-05	0.2658	
11293	371	3021	17.6591	22.5603	1763	14.9448	9	530	17	63	67	4	1.14399e+06	5.26316e-05	0.2838	
10019	311	3042	18.1198	23.2998	1759	18.4694	7	527	3	56	19	3	1.23247e+06	6.20887e-05	0.1116	
11209	361	3009	21.9459	29.1561	1759	15.6644	6	528	17	66	67	5	1.03758e+06	6.16941e-05	0.2136	
10837	381	3050	19.8681	24.5115	1817	18.9156	9	526	17	75	35	4	1.09106e+06	5.69184e-05	0.2525	
10751	368	3040	16.9416	23.7221	1856	18.6787	6	526	16	65	29	5	1.19266e+06	5.52273e-05	0.2157	
11272	321	3042	16.8296	20.6783	1772	14.8297	7	517	15	58	18	3	1.22098e+06	4.85531e-05	0.4286	
10535	400	3023	17.6796	23.5397	1740	15.9352	9	530	15	78	16	5	1.16289e+06	5.70939e-05	0.2093	
10111	311	3042	17.9084	27.8305	1757	18.4694	7	527	0	56	19	5	1.22047e+06	6.50449e-05	0.1192	
11198	355	2950	20.7829	22.809	1846	16.0814	8	524	20	85	42	4	1.07837e+06	5.43095e-05	0.3382	
10921	344	3002	15.2572	21.6771	1730	15.1824	7	530	9	71	20	4	1.28334e+06	5.16662e-05	0.2743	
11228	331	3015	17.772	21.3041	1782	16.1298	10	527	7	75	39	4	1.16827e+06	5.08285e-05	0.3758	
11488	316	3003	19.1213	26.7615	1830	16.7448	4	531	18	62	8	6	1.11338e+06	5.44929e-05	0.2897	
11001	335	2999	15.2572	21.6771	1730	14.9535	8	530	9	73	23	4	1.28335e+06	5.13242e-05	0.2831	
10334	300	3045	23.8066	27.1898	1790	14.9265	5	531	8	56	46	5	1.11503e+06	6.6778e-05	0.1407	
11466	346	3037	22.191	28.3225	1746	16.0872	4	517	19	59	33	6	1.04292e+06	5.8309e-05	0.3144	
10838	309	3005	16.4565	24.5252	1854	14.4928	6	522	17	56	8	3	1.23268e+06	5.42476e-05	0.2522	
10585	328	2968	23.5377	29.1217	1735	14.851	5	518	20	59	60	4	1.07415e+06	6.78702e-05	0.1594	
11229	381	2981	23.9534	29.7508	1759	16.165	6	524	8	58	11	6	1.00587e+06	6.23364e-05	0.278	
11476	344	3010	21.4359	23.3297	1783	18.1415	9	510	13	84	35	4	1.06594e+06	5.29045e-05	0.4495	
11131	347	3007	24.1066	23.2107	1861	14.2517	9	528	8	62	60	6	1.05175e+06	5.68699e-05	0.3106	
10837	381	3050	19.8681	22.4256	1817	17.9926	9	528	19	68	46	4	1.10224e+06	5.55185e-05	0.244	
11076	330	2950	15.1547	24.7757	1849	15.0387	6	533	4	71	34	4	1.27778e+06	5.42299e-05	0.2609	
11056	311	2953	16.7224	21.8671	1884	15.2081	7	520	15	63	13	5	1.23173e+06	5.11614e-05	0.3602	
11119	337	3048	22.7698	26.1768	1719	18.8029	8	529	14	58	47	5	1.05172e+06	5.88132e-05	0.2471	
11309	347	3027	18.8624	23.421	1827	18.1077	9	531	12	74	58	5	1.11589e+06	5.33163e-05	0.3087	
11400	397	3016	17.7034	23.7095	1845	16.6552	10	524	15	73	19	3	1.11207e+06	5.11954e-05	0.3731	
10824	339	2992	21.9866	24.9749	1823	17.851	6	525	7	58	72	4	1.08614e+06	6.07607e-05	0.2049	
10701	396	3019	20.2469	26.4302	1878	16.5325	9	528	0	62	49	4	1.08123e+06	6.06024e-05	0.2088	
11293	385	2973	22.6236	26.504	1866	14.3941	8	522	15	69	21	4	1.01544e+06	5.71396e-05	0.3249	
10723	394	3005	20.2061	24.7238	1798	18.4968	8	532	19	66	75	3	1.09754e+06	6.12182e-05	0.1869	
10841	387	3047	15.4484	22.7081	1817	18.9246	4	531	4	76	54	5	1.26851e+06	5.47256e-05	0.241	
10481	273	2962	21.7248	24.8923	1700	17.5453	8	524	13	58	57	3	1.14935e+06	6.35849e-05	0.1476	
10299	345	2974	20.3236	29.0942	1708	14.9713	6	514	17	61	34	4	1.11926e+06	6.72043e-05	0.1372	
10974	367	2991	20.1226	27.5985	1793	15.6892	7	518	13	59	3	4	1.07005e+06	5.86992e-05	0.2632	
10075	230	3026	18.3479	26.5175	1880	15.7387	10	518	4	57	32	4	1.21245e+06	6.29366e-05	0.1385	
10257	342	3004	17.5377	26.4916	1744	15.8222	5	525	12	59	31	5	1.21245e+06	6.29366e-05	0.1385	
11197	333	2982	15.7467	22.1995	1776	14.1876	9	523	19	60	62	6	1.25677e+06	5.23889e-05	0.2908	
11413	350	2956	24.7353	23.3763	1825	18.7159	6	527	17	71	64	4	1.03842e+06	5.62936e-05	0.3383	
10200	334	3020	24.7604	28.3603	1840	18.8779	6	511	18	59	57	4	1.09358e+06	7.13776e-05	0.1502	
11144	333	3030	16.6368	22.1176	1755	18.5826	7	531	15	76	23	4	1.20635e+06	5.12269e-05	0.3074	
11209	361	3005	22.449	29.1561	1763	16.3101	6	519	17	66	20	3	1.0258e+06	6.06722e-05	0.2729	
10285	385	2970	18.2684	22.6906	1824	17.9059	5	534	11	72	9	4	1.17907e+06	5.86992e-05	0.1874	
10723	394	3004	18.5815	21.6145	1829	18.7862	9	532	19	69	59	3	1.14097e+06	5.67022e-05	0.2145	
10275	219	3047	18.1233	22.9577	1759	17.0178	8	528	10	60	32	5	1.32963e+06	5.92593e-05	0.1421	
10029	337	2965	18.3585	21.506	1774	16.9552	6	530	4	60	21	3	1.21903e+06	6.14628e-05	0.1467	
11206	364	3027	21.9484	20.7547	1751	15.2035	9	531	5	70	62	4	1.07473e+06	5.32425e-05	0.3485	
11405	368	3011	20.8249	23.2961	1900	16.442	5	525	19	81	38	5	1.07104e+06	5.25403e-05	0.3628	
10923	369	2970	17.5789	27.3753	1886	16.6857	7	534	17	57	12	6	1.13794e+06	5.78838e-05	0.1974	
10831	309	3005	16.4565	24.5252	1840	14.1552	7	522	20	56	62	3	1.24397e+06	5.69217e-05	0.21	
10837	381	3050	19.8681	22.4256	1817	17.9926	9	528	19	65	40	4	1.10108e+06	5.51755e-05	0.2441	
11381	400	2956	16.7224	21.8671	1856	15.2081	9	520	18	64	13	5	1.16596e+06	4.94927e-05	0.4208	
10987	386	3007	22.1787	23.9666	1844	14.148	9	518	7	62	67	6	1.05483e+06	5.7867e-05	0.2968	
11475	347	3030	15.4966	25.4642	1797	16.5601	7	535	6	66	36	5	1.22918e+06	5.23177e-05	0.2932	
11295	373	3016	22.8145	26.3102	1845	16.6552	10	521	18	73	26	3	1.01562e+06	5.68408e-05	0.3243	
10192	335	2954	17.8926	28.012	1854	17.9571	4	529	14	59	7	4	1.1961e+06	6.45036e-05	0.1257	
11215	330	3050	15.1547	24.0231	1848	15.3168	6	534	8	71	34	4	1.27677e+06	5.17464e-05	0.2781	
11068	378	2950	22.7557	26.9638	1729	16.8661	10	527	3	81	67	4	1.02764e+06	6.14666e-05	0.2654	
10299	345	2987	17.7213	26.4644	1732	14.9713	6	514	17	57	34	4	1.19445e+06	6.27431e-05	0.1484	
10852	337	2992	15.3338	22.0299	1721	14.1876	9	523	19	58	62	6	1.30188e+06	5.46837e-05	0.2326	
10587	372	3039	19.4847	26.9211	1816	17.4636	8	535	4	64	9	5	1.1074e+06	5.99305e-05	0.1693	
11226	379	2975	22.2413	22.5588	1811	16.1079	6	513	13	71	51	5	1.06081e+06	5.4612e-05	0.3705	
11293	353	3021	19.507	22.5603	1714	14.5143	9	530	17	65	67	4	1.10327e+06	5.3376e-05	0.2977	
11306	355	3050	20.1885	22.809	1846	15.7677	8	524	19	57	41	4	1.08647e+06	5.21376e-05	0.3469	
11016	371	3044	21.4673	21.2168	1890	18.677	7	516	16	56	63	5	1.09544e+06	5.45256e-05	0.3214	
10246	370	2990	20.6813	24.4324	1796	14.0583	4	521	17	65	13	4	1.06109e+06	6.53083e-05	0.1961	
10719	356	3024	22.4059	29.5393	1709	14.0988	6	520	7	75	51	6	1.06109e+06	6.53083e-05	0.1961	
11255	378	2950	19.2347	26.9638	1739	15.7693	10	527	3	81	67	4	1.06938e+06	5.24329e-05	0.3839	
11381	369	2975	20.2434	23.4794	1817	16.3049	9	520	15	64	13	5	1.06938e+06	5.24329e-05	0.3839	
11285	245	3004	19.2247	20.7999	1899	18.832	5	534	16	55	14	4	1.24168e+06	4.97413e-05	0.348	
11016	400	3034	22.5617	22.9589	1795	15.7745	5	534	3	60	18	5	1.05202e+06	5.48727e-05	0.3077	
10662	345	2980	20.3236	29.0819	1708	14.9713	6	514	17	64	24	4	1.09247e+06	6.35122e-05	0.1871	
11229	381	2981	25	29.7508	1751	17.9572	6	527	8	64	11	6	999492	6.29683e-05	0.2698	
10950	369	2970	17.5789	27.3753	1886	16.7621	8	534	17	57	15	4	1.13174e+06	5.77567e-05	0.2	
11156	342	3001	20.6179	23.0574	1806	15.6074	5	526	18	64	55	4	1.09741e+06	5.46359e-05	0.2982	
10604	400	2975	20.0407	28.4784	1888	17.7842	7	533	11	66	40	4	1.08485e+06	6.37552e-05	0.1672	
11295	377	3027	22.8145	22.3856	1815	16.4874	9	518	15	73	42	3	1.04136e+06	5.35475e-05	0.3794	
10893	351	2989	24.5362	29.9322	1728	14.594	7	519	19	63	16	4	1.02727e+06	6.49942e-05	0.2308	
10723	394	3004	20.2061	23.2837	1806	18.7862	9	532	18	67	75	3	1.10169e+06	5.99628e-05	0.1947	
10193	274	3026	18.2947	22.1667	1715	15.8408	10	519	17	56	33	5	1.24979e+06	5.95877e-05	0.1487	
10801	348	3008	20.126	29.7508	1768	17.9572	6	524	8	59	23	6	1.08835e+06	6.29525e-05	0.1873	
11259	342	2978	20.2839	24.5252	1830	14.4928	5	522	17	55	15	3	1.08579e+06	5.39607e-05	0.3454	
11276	321	3042	15.954	20.6783	1776	15.008	7	517	15	57	34	3	1.26164e+06	4.87662e-05	0.428	
11201	290	2967	17.8119	22.4307	1704	14.6823	8	529	14	85	2	5	1.19567e+06	5.15437e-05	0.3407	
10921	330	3002	15.2572	20.6738	1750	15.1824	8	530	9	71	17	4	1.29808e+06	5.0674e-05	0.3132	
11112	377	3041	16.3829	20.5116	1708	14.6539	7	513	9	77	12	4	1.21617e+06	4.92708e-05	0.4208	
10997	397	3016	22.8145	22.7422	1845	16.6552	10	524	14	73	19	3	1.03915e+06	5.51207e-05	0.3587	
11413	375	2953	20.5915	23.3763	1843	18.7159	6	513	17	73	60	3	1.04293e+06	5.9641e-05	0.2201	
10950	369	2970	21.7228	27.3753	1886	16.7621	8	534	17	57	15	3	1.04293e+06	5.9641e-05	0.2201	
11428	321	3016	20.1986	25.7757	1797	14.7465	8	528	13	80	14	6	1.08869e+06	5.42123e-05	0.3437	
10905	400	3004	18.9729	24.7238	1806	18.7862	9	532	19	63	75	3	1.10781e+06	5.89414e-05	0.1923	
10643	373	2997	24.4782	24.9749	1802	17.851	8	523	9	58	72	4	1.05358e+06	6.41478e-05	0.1984	
11272	321	3042	15.954	20.6783	1772	15.008	7	517	15	57	20	3	1.26107e+06	4.83255e-05	0.4283	
11142	337	2992	22.3728	26.7265	1890	15.6664	8	527	6	68	32	5	1.05251e+06	5.81666e-05	0.2925	
11500	296	3044	20.8769	20.9176	1854	15.6315	8	497	18	81	54	4	1.14239e+06	5.04108e-05	0.5264	
11302	381	2953	21.4636	25.0163	1781	14.9267	7	522	6	60	10	5	1.04177e+06	5.51907e-05	0.3519	
10286	328	3041	17.9138	26.2942	1741	14.1349	8	520	15	63	23	4	1.19511e+06	6.16561e-05	0.1516	
11252	326	2954	17.736	23.069	1703	16.4986	8	525	14	73	27	3	1.15804e+06	5.25901e-05	0.3255	
10257	328	3005	23.3036	26.6602	1764	17.196	5	528	12	60	53	4	1.10853e+06	6.79117e-05	0.1333	
10989	337	3002	15	21.6771	1730	15.2472	9	530	10	71	27	4	1.29889e+06	5.15039e-05	0.2718	
10410	316	3006	17.4448	22.2095	1717	15.7674	6	518	14	64	26	6	1.23489e+06	5.70288e-05	0.2132	
11061	385	3034	21.4868	27.6366	1851	14.0729	10	532	19	70	42	4	1.03709e+06	5.93014e-05	0.2323	
10723	400	3004	20.2061	22.967	1806	18.7862	10	532	19	85	38	3	1.08907e+06	5.76502e-05	0.2519	
11199	320	3044	15.1547	20.3141	1827	17.3889	6	533	4	75	34	4	1.30952e+06	4.89333e-05	0.3634	
11285	254	3004	18.8673	20.775	1899	18.1747	6	534	16	55	3	4	1.23189e+06	4.92029e-05	0.355	
11131	344	3007	24.1066	23.3176	1844	14.6951	9	529	7	62	60	6	1.05274e+06	5.70223e-05	0.3032	
10285	400	2964	18.2684	22.6906	1824	17.9059	6	534	10	72	9	5	1.17401e+06	5.87855e-05	0.1894	
10797	287	2999	15.7875	21.7158	1855	14.7528	10	498	18	74	49	4	1.0381e+06	5.92698e-05	0.2461	
11042	385	3043	21.4868	27.6366	1851	14	10	527	19	69	41	4	1.0381e+06	5.92698e-05	0.2461	
11164	376	3043	21.9538	20.314	1873	17.5244	6	509	7	75	26	4	1.08897e+06	5.14589e-05	0.4587	
11384	394	3004	19.8598	24.7238	1900	18.8227	7	532	19	69	75	3	1.06422e+06	5.52364e-05	0.2741	
11201	364	3035	18.8972	23.0746	1701	15.2035	9	529	5	70	62	3	1.10966e+06	5.3888e-05	0.2947	
10751	345	2956	22.357	21.9681	1721	14.7366	6	525	13	56	70	3	1.09403e+06	5.92382e-05	0.2389	
10275	376	2975	22.26	27.3636	1853	18.3846	7	534	6	65	7	3	1.08481e+06	6.52656e-05	0.1734	
10408	367	2975	20.1226	28.5218	1849	16.0756	8	518	11	59	3	4	1.09991e+06	6.36456e-05	0.1791	
10962	384	2974	23.2891	21.443	1816	18.5774	7	531	3	58	72	4	1.06655e+06	5.75407e-05	0.2676	
11380	396	3016	22.8145	28.7556	1852	16.6552	10	524	15	73	19	3	995537	5.89588e-05	0.3135	
10219	374	2973	16.9094	24.1282	1872	15.3191	7	527	12	61	7	6	1.22266e+06	5.92839e-05	0.1574	
11251	320	3035	15.1547	20.1018	1827	17.3889	5	533	5	71	26	4	1.31224e+06	4.81394e-05	0.39	
10923	336	2970	17.5789	27.3753	1886	16.7621	7	534	18	57	15	3	1.15025e+06	5.79173e-05	0.1944	
10778	305	3035	21.4935	22.0493	1737	19	9	524	19	60	56	5	1.12694e+06	5.74416e-05	0.2345	
10643	339	2992	24.4782	24.7837	1807	17.6081	7	525	9	57	72	4	1.07041e+06	6.4e-05	0.1926	
11215	340	3035	15.1547	20.1018	1827	14.6778	5	533	4	71	34	4	1.30153e+06	4.85555e-05	0.3713	
10449	349	2987	15.7759	21.8139	1847	17.5188	8	532	9	77	24	3	1.27918e+06	5.61735e-05	0.215	
11206	400	3035	21.0557	20.7547	1701	15.2035	9	529	3	70	57	3	1.06662e+06	5.25624e-05	0.3755	
11019	341	3013	24.4227	26.6855	1807	16.6748	10	525	11	63	18	4	1.03202e+06	5.99736e-05	0.2709	
11295	364	3016	22.8145	22.4202	1845	16.6552	6	530	12	73	26	3	1.05012e+06	5.30757e-05	0.3823	
10325	345	2975	20.3236	29.5513	1767	16.2534	6	514	11	64	26	4	1.11471e+06	6.69031e-05	0.1535	
11061	368	3043	16.659	24.9432	1856	17.3953	7	520	16	69	31	4	1.17868e+06	5.40657e-05	0.276	
11416	377	3041	16.3829	20.6108	1708	14.6539	7	513	10	62	11	4	1.20826e+06	4.76804e-05	0.462	
10596	333	2992	19.3223	23.0212	1758	15.6764	7	528	17	60	62	6	1.15946e+06	5.93683e-05	0.1733	
11125	337	2970	17.5789	27.1396	1815	16.7621	7	534	17	57	13	3	1.14029e+06	5.65931e-05	0.2208	
10257	328	3031	23.3307	26.591	1764	17.196	5	524	17	60	51	4	1.1082e+06	6.74036e-05	0.1359	
10969	369	3047	17.3095	21.8513	1763	14.0628	9	515	12	62	14	4	1.17314e+06	5.13005e-05	0.3604	
11083	370	3005	22.1787	23.9666	1844	14.6951	9	529	7	62	67	6	1.05508e+06	5.7241e-05	0.2755	
10200	334	3020	25	29.2444	1840	19	6	519	12	59	43	4	1.08781e+06	7.16897e-05	0.1462	
11243	345	3015	17.772	23.117	1782	16.2325	7	514	12	79	34	4	1.10003e+06	5.79307e-05	0.2017	
10878	390	2966	19.8653	23.9647	1756	17.319	5	531	14	56	57	5	1.10003e+06	5.79307e-05	0.2017	
10610	379	3047	21.8456	29.0644	1811	16.1079	5	518	13	71	51	5	1.06865e+06	6.49773e-05	0.1886	
10834	363	3002	19.6615	23.2593	1740	18.5	4	529	2	65	56	3	1.1189e+06	5.71396e-05	0.2377	
10200	331	2967	25	29.2284	1840	19	6	514	12	59	43	4	1.08727e+06	7.22543e-05	0.1571	
10911	381	2988	16.2106	22.1192	1848	18.7864	9	520	16	60	39	4	1.21542e+06	5.32737e-05	0.2808	
11141	368	3037	17.3101	24.9432	1716	18.6787	6	520	16	57	31	5	1.15507e+06	5.44633e-05	0.2749	
11186	378	2950	22.7557	26.9638	1708	16.8661	10	526	7	81	67	4	1.02145e+06	6.06391e-05	0.2739	
10679	371	3013	24.4227	28.5784	1812	16.6748	6	534	8	65	18	4	1.03924e+06	6.44828e-05	0.201	
11065	368	3037	17.3101	24.9432	1856	18.6787	6	520	16	71	31	5	1.15531e+06	5.44336e-05	0.2767	
11102	372	3022	23.3112	22.2124	1790	16.8902	5	518	11	55	28	4	1.0585e+06	5.46568e-05	0.3685	
10246	400	3042	18.2384	27.5971	1803	14.0583	4	521	15	63	5	3	1.15872e+06	6.24454e-05	0.1523	
10285	385	2964	18.1113	22.6906	1824	17.9059	5	534	12	62	9	4	1.1792e+06	5.83669e-05	0.1579	
10285	400	2964	18.2684	22.6906	1824	17.9059	5	534	16	72	7	4	1.17414e+06	5.87234e-05	0.1829	
10410	316	2999	17.0819	22.2095	1709	16.1874	6	519	18	64	26	6	1.24764e+06	5.70613e-05	0.1922	
11413	350	2961	24.7353	23.3763	1843	18.9928	6	527	13	70	70	4	1.04071e+06	5.64462e-05	0.3372	
11128	340	3043	25	26.1768	1719	18.8029	7	527	17	58	47	5	1.03302e+06	6.01721e-05	0.2602	
11001	335	2994	15.2572	21.6771	1786	15.1824	8	530	9	71	37	4	1.28558e+06	5.18888e-05	0.2734	
10487	375	2966	19.8237	24.183	1783	16.102	4	531	19	76	57	5	1.28358e+06	5.13584e-05	0.2822	
11066	385	3029	21.4868	27.6366	1851	14.0729	10	527	18	70	36	4	1.28358e+06	5.13584e-05	0.2822	
11001	335	2994	15.2572	21.6771	1730	15.1824	8	530	9	71	23	4	1.28358e+06	5.13584e-05	0.2822	
11033	368	3037	17.3101	24.9432	1759	18.5119	6	528	17	65	31	4	1.15396e+06	5.49058e-05	0.2322	
11087	391	3029	21.4681	24.857	1861	14.9661	7	517	7	80	6	4	1.05034e+06	5.52486e-05	0.3468	
11246	373	3040	20.7253	28.7916	1854	15.5925	7	526	17	60	35	6	1.04521e+06	5.88478e-05	0.2493	
10877	381	3034	24.6372	30	1733	14.0759	5	522	5	67	10	3	1.01847e+06	6.44912e-05	0.2414	
10957	396	3019	22.0987	25.8067	1894	16.4989	9	510	5	60	49	4	1.0428e+06	5.87682e-05	0.308	
10893	354	2989	21.3129	29.9322	1728	15.3381	7	519	19	62	9	5	1.05592e+06	6.30001e-05	0.203	
11242	352	2989	18.908	21.7151	1781	16.2423	10	520	17	63	49	4	1.12304e+06	5.21132e-05	0.366	
10019	341	3042	17.9084	23.2998	1900	18.4694	7	527	3	56	19	5	1.22472e+06	6.17284e-05	0.1363	
11476	376	3021	15.1153	24.7588	1829	15.5947	7	535	12	62	70	4	1.24803e+06	5.27065e-05	0.2719	
11206	378	3035	21.0557	24.3505	1749	15.2035	9	529	5	66	56	3	1.05262e+06	5.54693e-05	0.3036	
10837	381	3050	20.1463	22.4256	1808	18.0569	9	531	19	69	33	4	1.09445e+06	5.50327e-05	0.2456	
10337	400	2987	22.26	26.1687	1888	18.8132	8	534	11	65	47	4	1.08236e+06	6.56383e-05	0.1581	
10284	311	3042	17.9084	22.7994	1837	18.4694	6	527	3	56	12	5	1.22338e+06	5.74317e-05	0.1778	
10617	269	3011	17.2388	25.9336	1747	15.693	6	529	17	68	8	4	1.24875e+06	5.80147e-05	0.1718	
10878	375	2966	19.8237	23.9647	1756	17.4216	5	531	19	77	57	5	1.10477e+06	5.8292e-05	0.2218	
11131	344	3007	24.1066	23.3176	1844	14.6951	9	529	7	62	60	6	1.05275e+06	5.70223e-05	0.3032	
11416	377	3041	16.3829	20.5116	1708	14.6539	7	513	10	77	11	4	1.20852e+06	4.77304e-05	0.4649	
10699	157	2970	22.6689	29.5569	1786	15.0798	6	531	1	70	65	3	1.18989e+06	5.26926e-05	0.3124	
11202	294	2952	17.736	22.6569	1703	16.4986	8	529	20	84	27	4	1.18989e+06	5.26926e-05	0.3124	
11309	347	3027	18.8624	23.2822	1870	17.6515	7	531	12	74	58	5	1.04227e+06	5.53833e-05	0.3524	
11302	394	2953	21.4636	25.0163	1720	14.9267	5	522	3	60	10	5	1.04227e+06	5.53833e-05	0.3524	
11413	311	2954	24.7353	23.3763	1843	18.7159	6	527	17	70	60	3	1.06258e+06	5.61136e-05	0.3419	
11390	366	2964	19.4839	22.7311	1873	16.3777	8	522	15	73	46	5	1.09533e+06	5.22439e-05	0.4004	
10481	364	3028	20.1805	29.6948	1809	14.0759	5	522	4	67	5	3	1.09896e+06	6.38896e-05	0.1825	
10341	392	2956	18.3004	29.6403	1873	16.4534	9	502	13	79	17	5	1.19901e+06	5.56762e-05	0.2363	
10930	261	3033	19.3605	23.1297	1734	18.7548	5	532	3	56	51	3	1.19901e+06	5.56762e-05	0.2363	
11381	369	2951	16.7224	21.8671	1856	15.2081	9	520	15	64	13	5	1.18001e+06	4.95319e-05	0.4256	
10281	400	2975	22.26	27.3636	1888	18.3846	8	534	11	65	45	4	1.08452e+06	6.75128e-05	0.1605	
10285	385	2964	18.2684	22.6906	1824	17.9059	5	534	12	72	9	4	1.17895e+06	5.87786e-05	0.1863	
11359	224	3043	15.7434	23.8992	1798	16.268	7	519	16	56	18	4	1.3731e+06	5.08647e-05	0.3512	
11212	296	2958	22.9095	29.4054	1835	18.5039	10	531	12	59	65	5	1.06184e+06	6.3012e-05	0.2133	
11215	320	3035	15.1547	20.1018	1827	15.0387	6	533	4	71	34	4	1.31292e+06	4.85791e-05	0.3723	
11061	385	3034	21.4868	25.4552	1851	14.0729	10	511	20	70	41	4	1.04628e+06	5.69249e-05	0.3255	
11359	224	3043	15.7434	23.8992	1798	17.423	7	519	16	56	21	4	1.37276e+06	5.10334e-05	0.3476	
11078	372	3022	23.3112	20.4435	1790	16.8902	5	518	11	55	28	4	1.07516e+06	5.33504e-05	0.388	
10862	313	3012	19.6066	26.7512	1894	14.8093	5	526	20	66	22	4	1.12585e+06	5.81937e-05	0.2256	
11198	355	2951	20.1885	22.809	1846	15.7677	8	524	19	85	42	4	1.08814e+06	5.40073e-05	0.3467	
11062	333	2992	15.7467	21.9364	1758	14.1876	9	523	16	58	62	6	1.26606e+06	5.29886e-05	0.2732	
11405	368	3011	15.3102	24.0677	1900	14.9531	5	531	18	81	46	5	1.2391e+06	5.15889e-05	0.3145	
11249	333	2992	15.7467	22.0299	1758	14.1876	9	523	13	58	62	6	1.25702e+06	5.17545e-05	0.3123	
11206	364	3035	21.0557	20.7547	1701	15.2035	9	529	5	70	62	3	1.08181e+06	5.28178e-05	0.3649	
11202	258	2952	17.736	23.8962	1703	16.4986	8	529	20	85	27	4	1.22383e+06	5.39025e-05	0.2842	
10124	349	2969	19.2294	25.3147	1790	18.133	4	529	16	69	53	3	1.22507e+06	5.49934e-05	0.2417	
10846	327	2965	16.9281	25.6576	1826	15.741	5	507	8	73	31	6	1.22507e+06	5.49934e-05	0.2417	
10739	320	3021	17.0274	22.8653	1883	18.8017	5	530	8	75	31	6	1.22507e+06	5.49934e-05	0.2417	
10921	344	3002	15	21.6771	1730	15.1824	8	527	9	72	25	4	1.30053e+06	5.18108e-05	0.2751	
11359	224	3043	15.7434	23.8992	1798	16.268	7	519	16	56	18	5	1.37461e+06	5.0888e-05	0.3509	
11167	296	2958	22.9095	29.4054	1820	18.5039	10	531	11	59	65	5	1.06409e+06	6.33914e-05	0.2065	
10974	358	2960	20.1226	28.923	1793	15.6892	7	518	10	59	3	4	1.06865e+06	6.06244e-05	0.2432	
11285	245	3004	23.2777	20.775	1899	18.8594	5	534	16	55	3	4	1.18447e+06	5.16209e-05	0.3723	
11030	356	3030	22.4059	29.8806	1716	14.0988	4	520	15	72	56	5	1.04517e+06	6.33232e-05	0.2177	
10739	320	3039	17.5131	23.8308	1883	18.9675	5	530	4	75	31	6	1.20224e+06	5.58067e-05	0.2346	
10281	400	2975	22.26	25.9942	1888	18.3846	8	534	11	65	42	4	1.08633e+06	6.58935e-05	0.1603	
10481	380	3028	20.1805	29.6948	1809	14.386	5	524	4	67	5	3	1.09346e+06	6.39141e-05	0.1779	
11400	297	3033	24.1966	26.3102	1845	16.1991	5	526	5	73	19	3	1.06043e+06	5.67247e-05	0.3375	
11352	379	3026	21.1884	22.9465	1764	16.4926	5	500	11	76	32	4	1.0703e+06	5.28625e-05	0.463	
10841	387	3047	15.4484	22.7081	1817	18.9246	9	523	4	76	54	5	1.26035e+06	5.46837e-05	0.2601	
11206	364	3035	20.5137	20.7547	1701	15.2035	8	529	5	70	56	3	1.09132e+06	5.2263e-05	0.3705	
11231	345	2970	20.6736	28.2183	1834	15.5443	6	527	11	67	56	4	1.06131e+06	5.95699e-05	0.2444	
11164	325	3043	23.067	20.314	1887	17.5244	10	509	7	76	26	4	1.09649e+06	5.21512e-05	0.4312	
11201	352	2989	19.4117	21.7151	1781	17.1301	10	520	17	59	49	4	1.11262e+06	5.2651e-05	0.3521	
11126	301	3035	21.4935	22.0493	1737	18.7733	8	524	19	60	61	5	1.119e+06	5.48847e-05	0.298	
10969	369	3047	17.3095	21.8513	1763	14.0628	9	509	12	62	14	4	1.17615e+06	5.13031e-05	0.3814	
10410	316	3006	17.4448	22.2095	1709	15.7674	6	518	11	64	28	6	1.23536e+06	5.71331e-05	0.2141	
10643	339	2992	24.4782	24.9749	1823	17.851	6	525	9	58	72	4	1.07143e+06	6.41231e-05	0.1934	
11436	307	3037	22.5429	26.2721	1825	14.9892	6	534	10	59	31	4	1.06335e+06	5.57196e-05	0.3192	
10837	381	3050	19.8681	22.4256	1817	17.9926	9	528	19	68	40	4	1.10101e+06	5.51937e-05	0.2481	
11048	343	2961	16.5415	21.2262	1882	15.2265	5	532	0	61	39	5	1.22801e+06	5.15358e-05	0.3244	
11131	344	3007	22.1787	23.9666	1844	14.6951	9	529	7	62	67	6	1.06636e+06	5.6802e-05	0.2848	
11381	311	2951	16.7224	21.8671	1884	15.2081	7	520	15	64	13	5	1.22311e+06	4.94486e-05	0.4288	
10285	385	2964	18.2684	22.6906	1824	17.9059	5	534	12	72	9	4	1.17895e+06	5.87786e-05	0.1863	
10325	345	2976	20.3236	29.5513	1718	16.2534	6	514	11	64	34	4	1.11705e+06	6.74627e-05	0.1482	
10481	400	3028	20.1805	27.0972	1809	14.0759	5	522	7	67	5	3	1.09442e+06	6.09496e-05	0.2146	
10281	400	2975	22.26	27.3636	1888	18.3846	8	534	11	66	45	3	1.08286e+06	6.749e-05	0.1641	
10269	349	3020	15.7759	23.0832	1760	15.0088	6	522	9	56	40	3	1.29793e+06	5.87855e-05	0.1667	
11293	353	3021	17.7932	22.5603	1714	14.9448	9	530	17	67	67	4	1.14822e+06	5.28095e-05	0.2883	
11131	344	3007	24.1066	23.3176	1861	14.6951	9	528	7	62	60	6	1.05271e+06	5.69801e-05	0.3085	
11206	374	3021	21.6602	20.7547	1709	15.2035	9	517	5	70	56	3	1.07273e+06	5.28709e-05	0.4052	
11242	327	2995	19.4117	20.6513	1781	17.1301	10	520	17	59	49	4	1.13549e+06	5.14483e-05	0.3827	
10985	387	3049	24.3612	29.9848	1708	18.2245	6	512	5	60	22	4	1.01394e+06	6.41643e-05	0.2731	
10200	334	3020	24.7604	29.2284	1840	18.8779	6	511	12	59	65	4	1.09437e+06	7.2812e-05	0.1418	
11360	301	2972	19.0202	21.7694	1810	14.8646	8	516	17	79	33	4	1.15566e+06	5.10152e-05	0.4313	
11200	277	3048	15.5316	23.8115	1739	17.0307	5	528	0	77	7	6	1.30855e+06	5.13584e-05	0.3196	
10193	274	3026	18.2947	22.1667	1715	15.8408	10	519	17	56	39	5	1.25193e+06	6.00096e-05	0.1416	
10496	318	3031	22.8115	26.723	1727	14.6907	9	520	11	62	66	6	1.10048e+06	6.5475e-05	0.1744	
10299	345	2976	20.3236	29.0942	1708	14.9713	6	514	17	64	34	4	1.12006e+06	6.72405e-05	0.1434	
10706	349	3001	24.1316	26.9893	1787	15.9799	9	532	6	64	9	5	1.04894e+06	6.22587e-05	0.2317	
10957	396	3019	22.0987	26.4302	1894	16.4989	9	528	1	62	49	4	1.03825e+06	5.94001e-05	0.2518	
11030	356	3025	22.4059	29.8806	1709	14.0988	5	520	15	78	56	6	1.04345e+06	6.34598e-05	0.2224	
10901	349	3025	22.6961	29.0719	1716	16.2347	7	525	8	56	5	5	1.046e+06	6.22743e-05	0.2312	
10286	328	3041	17.9138	26.2942	1713	14.1507	8	517	15	63	23	4	1.19498e+06	6.16675e-05	0.1531	
11465	161	2958	15.016	26.624	1891	17.2906	8	519	1	60	23	6	1.04345e+06	6.34598e-05	0.2224	
10706	349	3001	24.1316	26.6635	1787	15.9799	9	532	6	64	9	5	1.05028e+06	6.19195e-05	0.2378	
10475	399	2954	22.3114	22.0217	1720	15.6874	8	524	17	68	59	6	1.09178e+06	6.17742e-05	0.2179	
11447	307	3037	22.4584	25.8909	1889	14.7704	5	522	12	59	31	4	1.07233e+06	5.51268e-05	0.3613	
10286	363	3041	17.9138	24.8986	1713	14	8	517	15	63	23	4	1.18143e+06	6.02337e-05	0.1591	
11448	323	2963	16.1095	26.6484	1714	16.5525	6	529	20	74	8	4	1.20409e+06	5.42682e-05	0.2844	
10617	269	3011	16.6904	25.9336	1759	15.693	6	529	17	68	8	4	1.27092e+06	5.77601e-05	0.1765	
10606	228	3019	15.3223	24.6978	1870	17.5819	8	527	0	55	48	4	1.41583e+06	5.76602e-05	0.2079	
10200	321	3018	23.5449	29.2284	1840	18.8779	6	511	12	59	65	4	1.11013e+06	7.19011e-05	0.143	
11278	247	2981	16.2798	22.6253	1854	16.6769	5	527	20	64	37	5	1.31626e+06	5.12374e-05	0.3169	
11415	330	3016	18.5804	25.7757	1797	14.7465	7	524	0	80	18	5	1.11859e+06	5.36855e-05	0.3432	
10589	283	2961	22.8208	29.2594	1756	18.2008	7	527	9	57	13	3	1.10213e+06	6.56858e-05	0.1713	
11428	320	3016	18.5804	25.7757	1797	14.7465	8	528	14	80	18	6	1.12278e+06	5.36452e-05	0.3167	
11413	355	2953	24.7353	23.3763	1843	18.7159	6	513	17	70	60	3	1.03683e+06	5.61514e-05	0.3967	
10219	374	2973	16.9094	25.4291	1872	14.1908	7	527	12	61	7	6	1.21888e+06	6.05473e-05	0.1562	
10893	315	2952	19.4548	27.8079	1804	14.8461	6	528	19	73	24	4	1.1179e+06	6.0042e-05	0.2029	
11307	386	3031	18.9249	25.54	1859	18.5199	8	508	0	81	63	3	1.06584e+06	6.46245e-05	0.1986	
10719	356	3024	22.4059	28.8446	1709	14.0988	5	520	15	75	51	6	1.06584e+06	6.46245e-05	0.1986	
11359	224	3043	15.7434	23.8992	1798	18.5519	7	519	16	80	18	4	1.3715e+06	5.11091e-05	0.3575	
10032	355	3014	15.7298	20.3473	1861	16.0336	5	524	5	62	20	5	1.33495e+06	5.85274e-05	0.1702	
10833	360	2974	22.3991	21.443	1872	18.5774	7	532	3	58	72	4	1.09208e+06	5.80114e-05	0.2426	
10914	356	3036	21.4571	29.8806	1709	14.678	5	520	12	78	56	6	1.06265e+06	6.37836e-05	0.2088	
11465	247	2950	18.6143	22.4084	1857	15.3362	9	531	15	56	48	6	1.22553e+06	5.13875e-05	0.3708	
11202	294	3032	18.7573	22.6569	1703	15.7043	9	515	20	84	27	4	1.16513e+06	5.22766e-05	0.3665	
11178	361	3005	22.449	29.1181	1767	16.3101	6	522	3	66	67	3	1.03119e+06	6.20232e-05	0.2501	
10257	348	3003	20.4288	27.8061	1744	16.0623	5	525	12	55	53	4	1.13426e+06	6.71637e-05	0.1285	
11405	368	3011	19.3222	23.2961	1900	16.442	5	529	19	81	38	5	1.09815e+06	5.1913e-05	0.3836	
10200	334	3047	24.7604	29.2284	1880	18.8779	6	511	12	59	65	4	1.09496e+06	7.23798e-05	0.1472	
10496	316	3031	22.8115	26.0309	1727	14.6907	10	520	11	62	75	5	1.10412e+06	6.54622e-05	0.1716	
10836	365	2969	18.3519	25.3104	1762	17.1953	9	525	5	64	60	4	1.13279e+06	5.90249e-05	0.2093	
10219	345	2976	20.3236	29.0819	1708	14.9713	6	514	17	64	34	4	1.12724e+06	6.80596e-05	0.14	
11368	344	2956	24.1018	29.1522	1709	17.0115	8	522	11	72	39	5	1.014e+06	6.17436e-05	0.2912	
10603	392	3039	18.6164	26.9211	1879	18.5611	8	535	4	63	16	4	1.11854e+06	5.95912e-05	0.1669	
10542	292	3004	18.8097	21.3435	1785	14.1656	9	532	9	71	34	4	1.20249e+06	5.63666e-05	0.2316	
10126	276	2995	16.6886	24.5357	1837	14.3877	10	531	8	58	5	4	1.2949e+06	6.02119e-05	0.1365	
10685	373	2974	20.4737	24.9749	1811	17.851	8	523	9	58	72	4	1.10054e+06	6.15271e-05	0.1931	
10742	321	3006	19.0456	24.3585	1865	15.2872	9	530	18	72	36	5	1.14666e+06	5.74383e-05	0.2288	
11197	333	2992	15.9655	23.5815	1758	14.1876	9	523	16	58	62	6	1.2391e+06	5.36078e-05	0.2737	
11126	301	3019	21.4935	22.0493	1737	19	8	524	19	61	61	5	1.11848e+06	5.5057e-05	0.299	
11339	348	3029	21.8908	29.5837	1852	14.0464	9	515	2	67	12	6	1.03355e+06	5.96979e-05	0.3242	
10246	376	2987	18.2384	27.5971	1803	17.3571	4	521	17	65	22	3	1.167e+06	6.41643e-05	0.1503	
10019	311	3042	18.1198	22.7808	1757	15.1705	7	527	6	56	17	5	1.23844e+06	6.141e-05	0.125	
10950	351	2970	17.713	27.3753	1837	16.7621	8	534	17	61	15	3	1.13466e+06	5.79509e-05	0.1978	
10820	390	2989	20.1226	28.5218	1793	15.9743	8	518	10	61	3	4	1.06452e+06	6.07128e-05	0.229	
11062	333	2992	15.7467	20	1758	14.1876	8	523	16	58	62	6	1.28358e+06	5.14033e-05	0.3091	
10987	387	3018	15.4484	22.7081	1786	18.9246	9	523	4	59	54	5	1.25552e+06	5.36653e-05	0.2682	
11279	379	3047	22.2348	22.5588	1811	16.1079	6	513	13	71	51	5	1.05973e+06	5.35963e-05	0.3812	
11292	370	2966	23.9352	24.9162	1756	18.2452	6	529	4	81	52	5	1.02579e+06	5.76269e-05	0.3355	
10646	311	3039	17.9084	24.0205	1837	18.4694	6	521	3	55	21	5	1.19632e+06	5.6101e-05	0.2444	
10841	387	3029	15.4484	22.7081	1817	18.9246	9	523	4	78	54	5	1.25903e+06	5.48817e-05	0.263	
10925	291	2979	16.7328	21.3922	1798	15.4429	6	515	7	68	2	4	1.26269e+06	5.11247e-05	0.3664	
11405	368	3022	19.1631	23.3647	1889	15.1196	5	521	18	81	38	5	1.03392e+06	6.26881e-05	0.2392	
10893	351	2989	23.6957	28.4237	1728	16.7075	8	519	19	62	12	4	1.03392e+06	6.26881e-05	0.2392	
10019	311	3032	18.1198	23.2998	1757	18.4694	7	527	3	60	19	5	1.2373e+06	6.26684e-05	0.1269	
10831	334	3005	16.4565	24.5252	1870	14.0405	7	522	19	56	27	4	1.2176e+06	5.50025e-05	0.2354	
10606	318	3027	23.6311	28.1959	1727	14.6907	9	520	11	62	64	6	1.08035e+06	6.63086e-05	0.1815	
11002	327	2991	23.5162	23.5001	1759	18.9854	10	516	15	70	3	4	1.06187e+06	5.65259e-05	0.3502	
10912	353	3021	22.8115	26.723	1727	14.6907	9	520	11	62	66	6	1.05314e+06	6.16485e-05	0.2341	
11025	344	3017	24.1066	23.3176	1844	14.6951	9	529	7	62	60	6	1.05731e+06	5.77667e-05	0.2885	
11296	340	3017	19.5763	20.9939	1900	17.4677	5	499	15	74	45	5	1.14309e+06	5.09139e-05	0.4562	
11301	382	3003	19.1213	26.7615	1841	16.1349	9	531	18	75	8	6	1.06993e+06	5.5325e-05	0.2768	
10193	274	3026	18.2947	22.6736	1727	16.3291	10	517	17	56	39	5	1.24911e+06	6.04376e-05	0.1436	
11381	369	2951	16.7224	21.8671	1856	15.2081	9	520	15	64	13	5	1.18001e+06	4.95319e-05	0.4256	
10841	387	3018	16.9261	22.7081	1817	17.7817	9	520	4	58	54	5	1.18935e+06	5.50085e-05	0.2603	
10587	392	2998	18.6164	26.9211	1879	18.5611	8	535	4	64	14	4	1.1184e+06	6.00528e-05	0.1679	
11141	347	3037	17.3101	24.9432	1716	18.985	6	520	16	60	31	5	1.16512e+06	5.45019e-05	0.2752	
10643	367	2992	24.4782	24.9749	1802	17.851	8	523	9	66	72	4	1.05644e+06	6.42137e-05	0.2174	
10587	392	3039	18.6164	26.9211	1879	18.5611	9	535	4	64	14	4	1.11838e+06	5.96445e-05	0.1684	
10706	349	3001	24.1316	26.6635	1761	16.3356	8	532	6	64	9	5	1.05078e+06	6.2004e-05	0.23	
10857	348	2989	24.2765	29.9322	1728	16.7075	7	519	19	62	15	4	1.0319e+06	6.51678e-05	0.2242	
11215	320	3035	15.1547	20.1018	1827	15.0387	6	533	4	71	34	4	1.31283e+06	4.85791e-05	0.3724	
11389	277	3044	20.8769	20.9176	1854	16.12	7	497	16	81	31	4	1.16656e+06	5.0421e-05	0.5018	
11200	277	3048	18.9779	23.8115	1739	17.0307	5	528	0	62	7	6	1.18158e+06	5.25514e-05	0.3374	
10019	311	3042	23.2309	25.9005	1757	18.4081	7	527	3	56	19	5	1.13397e+06	6.80272e-05	0.1349	
11309	265	3014	21.8387	20.6126	1787	15.8881	8	521	14	76	5	5	1.16322e+06	5.0674e-05	0.4502	
11331	290	3005	15.3612	22.7386	1798	15.5567	7	528	14	73	61	6	1.30628e+06	5.17652e-05	0.3031	
11428	320	3016	18.5804	25.7757	1801	14.7465	9	528	14	76	25	6	1.12138e+06	5.37432e-05	0.3109	
11249	333	2992	15.7467	22.9423	1758	14.1876	9	523	13	58	62	5	1.2495e+06	5.25293e-05	0.299	
11330	361	2970	24.6911	29.9774	1721	15.8327	6	500	7	58	33	5	1.00994e+06	6.34639e-05	0.3581	
11048	343	2961	16.5415	21.1688	1882	15.2265	5	521	0	61	39	5	1.2332e+06	5.14086e-05	0.3689	
11009	237	2992	15.2139	28.2281	1825	16.3552	7	533	18	56	17	5	1.36394e+06	5.77134e-05	0.1956	
11300	352	2989	17.8489	21.7151	1781	15.1198	10	520	17	59	51	4	1.15256e+06	5.134e-05	0.3758	
10443	341	2952	15.7298	20.3473	1861	17.8032	5	527	5	70	20	5	1.30466e+06	5.46329e-05	0.2528	
11293	353	3013	17.7932	22.5603	1714	14.9448	9	530	19	67	67	4	1.14785e+06	5.28989e-05	0.2854	
11453	392	3001	21.7575	22.9322	1741	16.1982	5	517	18	79	54	6	1.05301e+06	5.33646e-05	0.4237	
10703	273	2956	17.736	23.8962	1703	16.4986	6	529	20	85	27	4	1.22996e+06	5.75076e-05	0.2104	
11395	343	2994	18.6158	23.9093	1878	17.0584	8	534	7	84	23	6	1.11717e+06	5.20698e-05	0.3733	
10719	394	3004	20.2061	25.8737	1806	18.7862	8	518	19	69	75	3	1.09056e+06	6.21659e-05	0.2024	
10587	395	3039	18.6164	26.9211	1843	18.5611	8	535	1	55	55	4	1.13241e+06	6.1885e-05	0.1543	
11076	233	2995	16.6886	24.5357	1821	14.3877	10	531	8	55	5	4	1.30459e+06	5.31011e-05	0.269	
10914	356	3036	22.6808	29.8806	1709	14.678	5	520	12	78	56	6	1.0469e+06	6.43832e-05	0.2102	
10019	305	3045	18.1198	23.2998	1734	18.4694	9	527	7	56	19	5	1.23806e+06	6.22975e-05	0.1085	
10126	338	3039	22.5319	28.3225	1802	16.7224	4	517	7	59	33	6	1.11798e+06	6.85307e-05	0.1449	
10383	195	2984	15.8095	24.6657	1818	15.2062	10	503	9	83	55	5	1.21103e+06	5.2304e-05	0.3599	
10734	381	3050	19.9003	22.6077	1817	17.9926	7	528	19	68	67	4	1.21103e+06	5.2304e-05	0.3599	
11416	232	2983	20.7592	22.4123	1827	16.7734	8	531	11	58	45	5	1.21103e+06	5.2304e-05	0.3599	
10809	377	2992	24.4781	24.9749	1783	18.027	8	519	5	57	65	4	1.04018e+06	6.22045e-05	0.244	
11309	347	2950	18.8624	23.2822	1870	18.1164	7	532	12	73	58	5	1.11905e+06	5.37837e-05	0.3093	
10589	283	3039	22.8208	29.2594	1756	17.7359	7	527	9	57	13	3	1.10477e+06	6.47543e-05	0.1726	
10213	316	3028	24.468	28.8463	1700	18.1687	9	509	5	62	67	3	1.10158e+06	7.22282e-05	0.1508	
10498	345	2976	20.3236	29.5513	1718	16.2534	6	514	11	64	34	4	1.10397e+06	6.58805e-05	0.1658	
11272	327	3042	15.954	20.6783	1772	15.8115	7	517	15	57	62	3	1.26165e+06	5.00475e-05	0.3731	
10213	316	3020	23.8524	28.8463	1707	18.1687	9	509	5	63	67	4	1.10809e+06	7.18752e-05	0.1559	
10893	315	2952	19.4548	27.8079	1804	14.8461	6	528	20	70	30	4	1.11835e+06	6.02773e-05	0.1954	
10881	357	2992	25	24.9749	1801	17.851	7	523	9	58	72	4	1.04367e+06	6.22432e-05	0.2378	
11395	343	2950	18.6981	22.9312	1878	16.7803	8	533	3	84	28	6	1.1218e+06	5.17063e-05	0.3926	
11030	356	3049	22.76	29.8806	1709	14.0988	5	520	15	78	56	6	1.04085e+06	6.33754e-05	0.2257	
11238	347	2989	24.2765	29.9322	1728	14.594	7	519	16	62	16	4	1.01459e+06	6.27077e-05	0.2786	
10930	261	3033	19.3605	23.1297	1734	18.332	5	532	3	56	51	3	1.19902e+06	5.56235e-05	0.2371	
10901	343	3025	22.6961	29.0719	1716	16.2347	8	525	8	56	5	5	1.04781e+06	6.22781e-05	0.2307	
10831	309	3019	15	24.5252	1849	14.1552	5	522	20	56	46	3	1.03663e+06	6.2818e-05	0.2288	
11030	356	3016	22.4059	29.8806	1716	14.0988	7	520	15	72	34	5	1.03663e+06	6.2818e-05	0.2288	
10708	345	2956	18.6216	23.5329	1721	14.7366	6	525	20	62	70	3	1.1574e+06	5.94106e-05	0.1971	
11036	307	2982	24.2365	24.3979	1768	18.2064	8	533	13	69	24	5	1.06971e+06	5.81362e-05	0.2839	
11447	307	3037	22.4584	27.4163	1889	14.9892	5	535	15	59	31	4	1.0628e+06	5.66829e-05	0.305	
10286	363	3041	17.9138	24.8986	1713	14.6762	8	517	15	63	15	4	1.18026e+06	5.9805e-05	0.1634	
11328	315	3036	20.7164	23.0178	1773	15.6997	4	517	5	65	2	5	1.11576e+06	5.18565e-05	0.4139	
11346	365	2986	23.3419	23.2531	1721	17.607	7	503	10	84	42	5	1.04625e+06	5.51937e-05	0.4362	
11500	330	3031	18.5804	26.4714	1797	14.7465	7	526	0	80	18	6	1.11338e+06	5.39403e-05	0.3421	
10019	291	3030	16.348	22.7255	1757	18.1141	7	527	3	56	19	5	1.32403e+06	6.0905e-05	0.1275	
10281	400	2975	22.26	25.9942	1888	18.3846	8	534	12	65	42	4	1.08639e+06	6.59109e-05	0.1595	
10193	274	3027	18.8626	22.1667	1715	15.8408	10	519	17	59	39	5	1.23574e+06	6.03573e-05	0.1539	
11048	340	3000	19.4021	24.6168	1720	15.2243	5	524	2	64	15	3	1.11211e+06	5.49269e-05	0.3154	
10508	388	3021	24.68	29.4611	1717	16.2473	6	511	16	68	6	4	1.04117e+06	6.69389e-05	0.2223	
10328	378	3001	18.3278	27.2581	1747	16.3116	4	516	10	56	44	5	1.16766e+06	6.40615e-05	0.1488	
10285	352	2964	18.2684	22.6906	1824	17.9059	5	535	11	72	3	4	1.19208e+06	5.84385e-05	0.1892	
10987	322	2951	15.1113	20.0064	1820	16.16	6	521	11	58	27	5	1.32865e+06	5.02008e-05	0.3672	
10698	320	3048	17.0722	23.8308	1883	18.9675	5	530	4	76	31	6	1.22094e+06	5.59347e-05	0.2275	
11246	352	2987	19.4117	22.5676	1781	15.1198	10	520	17	59	33	4	1.10343e+06	5.2367e-05	0.3601	
11323	391	3031	20.6574	24.521	1761	18.6133	10	511	1	63	62	4	1.05866e+06	5.52303e-05	0.3785	
10193	274	3026	18.2947	22.1667	1715	15.8408	10	519	15	56	39	5	1.25185e+06	5.99808e-05	0.1442	
10841	387	3019	15.4484	22.7081	1869	18.9023	9	521	4	59	54	5	1.2649e+06	5.45137e-05	0.2592	
11273	361	3018	23.4069	27.1107	1852	18.9366	8	518	12	64	16	5	1.02174e+06	5.81971e-05	0.3259	
11352	379	3026	21.1884	22.9465	1773	16.4926	5	500	15	76	32	4	1.0704e+06	5.28374e-05	0.4587	
11381	369	2975	16.7224	23.4794	1856	15.2081	9	520	13	64	13	5	1.1674e+06	5.08492e-05	0.388	
10957	396	3019	22.0987	26.4302	1891	16.4989	9	530	1	62	50	4	1.03825e+06	5.94636e-05	0.2447	
10706	344	2993	24.1316	26.9893	1716	16.3088	9	532	6	64	9	5	1.05046e+06	6.25861e-05	0.223	
11048	345	2988	17.2375	24.6168	1791	15.2243	7	526	2	61	15	3	1.16411e+06	5.39491e-05	0.2852	
10221	325	2967	19.9892	27.9643	1877	17.2329	6	525	2	59	12	3	1.13962e+06	6.50195e-05	0.1505	
10396	359	2977	24.6381	21.443	1896	18.5914	6	532	3	63	72	4	1.18762e+06	5.62715e-05	0.2328	
10535	312	3040	18.6951	23.1434	1746	15.9352	5	528	5	70	11	5	1.18762e+06	5.62715e-05	0.2328	
10739	283	3021	17.0274	22.8653	1883	19	5	526	8	75	31	6	1.25741e+06	5.49481e-05	0.2551	
10816	387	3047	15.4484	22.7081	1817	18.9246	9	523	4	76	54	5	1.26233e+06	5.49149e-05	0.2571	
10538	327	2964	18.3939	21.0214	1824	17.9059	5	534	12	72	7	4	1.19445e+06	5.4939e-05	0.2567	
10219	374	2973	16.9094	26.4863	1872	15.3191	7	527	12	61	4	6	1.21564e+06	6.15574e-05	0.1547	
10841	357	3041	15.4484	22.7081	1817	18.9246	9	523	4	76	43	5	1.26906e+06	5.40716e-05	0.2637	
10985	387	3049	24.3612	29.9848	1708	18.2245	6	512	5	60	22	4	1.01394e+06	6.41643e-05	0.2731	
11352	379	3026	21.873	22.9465	1764	16.4926	5	500	11	76	32	4	1.06035e+06	5.32198e-05	0.4555	
10923	317	2970	17.5789	27.3753	1886	16.7621	7	534	17	57	17	3	1.16307e+06	5.79845e-05	0.1951	
10668	292	3004	18.8097	21.3435	1785	14.1656	7	532	8	71	33	4	1.19931e+06	5.51602e-05	0.2521	
11164	325	3034	23.067	20.314	1887	17.5244	10	512	7	76	26	4	1.09574e+06	5.22166e-05	0.4265	
10246	370	3016	20.6813	27.5971	1796	14.0583	4	526	17	66	4	3	1.11606e+06	6.41396e-05	0.1688	
10246	370	2990	20.6813	27.5971	1796	14.0583	4	526	17	66	4	3	1.11521e+06	6.44288e-05	0.1688	
10299	334	2976	19.5734	29.0942	1708	14.9713	5	514	17	64	34	4	1.14427e+06	6.68449e-05	0.15	
10194	274	3026	18.2947	23.044	1715	15.8408	10	519	17	56	39	5	1.2476e+06	6.08125e-05	0.1376	
11227	320	2992	15	26.0892	1836	15.8289	9	531	18	73	29	6	1.28109e+06	5.43006e-05	0.2631	
11381	310	2975	16.7224	23.4794	1856	15.6727	9	520	15	64	13	4	1.20382e+06	5.08569e-05	0.3818	
11302	394	2953	21.4636	25.0163	1720	14.9267	5	522	3	65	10	5	1.04143e+06	5.53802e-05	0.3589	
10499	322	2976	23.1062	28.4233	1756	16.0505	4	524	14	65	18	6	1.09105e+06	6.55222e-05	0.1806	
10225	345	2966	20.3236	29.0819	1708	14.9713	5	514	17	64	34	4	1.12789e+06	6.81199e-05	0.1396	
10841	387	3047	18.0067	24.135	1817	18.9246	9	523	4	75	47	5	1.13779e+06	5.63253e-05	0.2467	
11453	392	3001	19.1992	22.9322	1718	16.1982	5	517	18	79	54	6	1.06196e+06	5.66733e-05	0.3357	
11390	297	3033	24.1966	26.3102	1876	16.1991	5	526	5	73	19	3	1.06196e+06	5.66733e-05	0.3357	
11416	232	2983	20.7914	22.5944	1844	16.4542	6	531	11	58	44	5	1.21333e+06	5.2356e-05	0.3552	
10988	342	3001	20.6179	20.9861	1806	15.4559	5	526	18	67	55	3	1.11849e+06	5.41888e-05	0.2997	
10969	369	3047	17.3095	21.8513	1763	14.3168	9	509	16	62	25	4	1.17641e+06	5.17143e-05	0.3744	
10019	291	3025	16.348	23.2998	1757	17.9959	7	527	16	56	19	5	1.32326e+06	6.17132e-05	0.1248	
10699	283	3046	16.403	21.0738	1724	18.1502	5	526	8	58	59	4	1.30392e+06	5.48817e-05	0.2245	
10019	308	3040	18.1198	23.2998	1757	18.3711	7	527	3	56	19	5	1.23831e+06	6.21581e-05	0.1085	
10383	195	2984	15.8095	26.5213	1818	15.6125	10	503	9	74	55	5	1.32403e+06	6.0905e-05	0.1275	
10505	352	3003	20.7028	26.5157	1721	16.4376	7	519	12	66	51	5	1.1072e+06	6.33914e-05	0.1769	
11345	383	3039	16.9573	23.414	1738	17.1641	7	518	6	71	69	4	1.16334e+06	5.28039e-05	0.3376	
11202	258	2952	17.736	23.8962	1700	17.9808	8	529	20	85	27	4	1.22407e+06	5.40161e-05	0.2836	
11198	355	2950	20.2277	22.809	1846	15.7677	8	524	19	85	42	4	1.08723e+06	5.40336e-05	0.3459	
10553	400	3023	22.3473	23.1434	1746	16.8388	9	530	15	78	20	4	1.07182e+06	5.91121e-05	0.2584	
10328	378	3007	18.3278	25.6329	1747	16.3116	4	516	10	56	42	5	1.17045e+06	6.20617e-05	0.1528	
10893	315	3042	20.0898	27.8079	1804	14.8461	10	528	19	73	26	4	1.10261e+06	5.94884e-05	0.206	
11106	333	2992	15.537	21.4037	1787	14.3542	9	523	16	58	62	6	1.27836e+06	5.2105e-05	0.2908	
10633	339	2992	24.4782	24.9749	1823	17.6092	6	525	9	58	72	4	1.07182e+06	6.42302e-05	0.1928	
11400	297	3033	20.212	26.3102	1804	15.8689	5	526	5	73	19	5	1.11249e+06	5.48095e-05	0.3448	
11453	392	2995	15.7059	23.9723	1718	16.1982	5	516	16	75	53	6	1.21576e+06	5.21621e-05	0.3556	
11128	302	3022	22.3162	25.0663	1719	18.8029	7	529	12	67	47	5	1.08757e+06	5.75109e-05	0.2728	
11406	307	3037	22.5429	25.6592	1825	14.9892	6	534	10	59	31	4	1.06615e+06	5.52425e-05	0.3166	
11331	290	2998	15.3612	22.7386	1798	14.0912	7	531	20	66	61	6	1.30655e+06	5.1725e-05	0.282	
11285	245	3004	23.2777	20.775	1899	18.5342	5	534	16	55	2	5	1.1881e+06	5.15916e-05	0.372	
11056	340	2972	23.921	23.4142	1806	14.712	9	533	11	69	24	5	1.0538e+06	5.66444e-05	0.3385	
10957	396	2999	22.0987	26.4302	1894	16.4989	9	528	4	65	49	4	1.03773e+06	5.96445e-05	0.2514	
10589	283	2961	22.8208	29.2594	1756	18.2008	9	527	9	57	13	3	1.09994e+06	6.57117e-05	0.173	
11400	397	3016	22.8145	26.3102	1845	16.6552	8	518	15	73	19	3	1.00561e+06	5.61956e-05	0.3616	
11352	379	3026	20.5751	22.9465	1764	16.4926	5	500	10	79	32	5	1.08416e+06	5.25928e-05	0.4748	
11083	272	2957	17.8119	21.873	1715	14.747	8	534	14	85	10	5	1.22388e+06	5.20373e-05	0.3231	
11111	305	3024	15.9057	22.5108	1882	14.4274	6	516	14	64	26	5	1.27435e+06	5.09372e-05	0.3645	
11410	311	3039	17.9084	23.2998	1765	18.4694	7	521	3	61	19	5	1.1716e+06	5.10178e-05	0.3876	
11048	343	2961	16.5415	21.2262	1882	15.2265	5	532	0	61	45	5	1.22832e+06	5.1835e-05	0.3156	
11222	336	2951	18.5498	20.2608	1716	14.3591	8	505	2	79	29	5	1.16281e+06	5.06201e-05	0.4962	
11306	355	2952	20.1885	22.809	1781	15.7677	8	526	19	85	30	4	1.0809e+06	5.30195e-05	0.368	
10435	316	3006	16.8044	22.2095	1709	15.9753	6	515	11	64	28	6	1.25755e+06	5.65867e-05	0.2192	
11453	392	3001	21.7575	22.9322	1718	16.1982	5	517	19	79	54	6	1.0532e+06	5.34359e-05	0.4227	
11242	327	2995	19.4117	20.6513	1781	16.6844	10	520	17	59	49	5	1.13818e+06	5.14271e-05	0.3825	
10481	342	3028	20.1805	29.6948	1809	14.386	5	524	4	66	5	3	1.10922e+06	6.39182e-05	0.176	
11293	304	3024	18.2969	22.7873	1714	15.8531	9	530	17	66	67	4	1.16587e+06	5.32085e-05	0.285	
10269	349	3020	15.7759	23.0832	1744	15.0088	7	519	9	56	40	3	1.29622e+06	5.87786e-05	0.1716	
10972	385	3024	21.4868	28.0697	1850	14.0729	10	527	9	70	41	4	1.04035e+06	6.03537e-05	0.2435	
11141	368	3037	17.9748	23.6349	1728	18.6787	6	520	14	65	31	5	1.14003e+06	5.33248e-05	0.3121	
10328	322	3007	22.6083	25.6329	1767	16.3116	9	519	9	56	43	5	1.10603e+06	6.46538e-05	0.1689	
11284	246	3028	17.6253	20.8344	1733	18.8014	9	519	6	72	39	4	1.2746e+06	5.02841e-05	0.4078	
10535	312	3040	18.6951	23.1434	1746	15.9352	5	528	5	78	20	5	1.18854e+06	5.69184e-05	0.2387	
11447	307	3037	22.4584	27.4163	1889	14.9892	5	534	12	59	31	4	1.06321e+06	5.66861e-05	0.3127	
11242	352	2989	19.4117	21.7151	1781	17.1301	10	520	17	59	49	4	1.11137e+06	5.23752e-05	0.3603	
10901	303	2994	15.1192	26.7448	1816	18.5325	7	533	0	70	18	4	1.3002e+06	5.66701e-05	0.2306	
11387	296	3043	22.5767	24.7871	1835	18.5039	10	531	12	59	65	5	1.0808e+06	5.58628e-05	0.2977	
11144	387	3018	19.1166	27.1054	1852	16.8126	8	516	12	77	16	5	1.07771e+06	5.66283e-05	0.3039	
10901	303	2982	15.1192	26.7448	1816	18.5325	7	533	2	70	18	4	1.29973e+06	5.6802e-05	0.2287	
11306	322	2952	20.1885	22.809	1846	15.4979	8	524	19	85	29	4	1.1044e+06	5.2815e-05	0.3681	
10655	248	3004	15.3678	21.8205	1814	16.8886	8	505	5	63	69	3	1.18341e+06	5.17679e-05	0.3752	
11285	245	3004	23.2777	20.775	1846	18.8594	5	534	16	55	3	4	1.18341e+06	5.17679e-05	0.3752	
11284	246	3018	17.6253	20.8344	1732	18.8014	9	519	6	72	39	4	1.27432e+06	5.03753e-05	0.4076	
10901	303	2967	15.1192	26.7448	1813	18.5325	7	533	0	70	18	4	1.29906e+06	5.69476e-05	0.2304	
10841	387	3047	16.6811	22.7081	1817	18.9246	9	523	4	76	54	5	1.19482e+06	5.50509e-05	0.2569	
11381	336	3004	23.8998	23.2568	1867	18.6772	7	517	0	63	57	6	1.06046e+06	5.51329e-05	0.3916	
10200	334	3020	25	29.2284	1840	19	6	513	12	59	43	4	1.08737e+06	7.15768e-05	0.1596	
10987	344	3007	24.1066	23.3176	1876	14.6951	9	528	7	62	60	6	1.05915e+06	5.81328e-05	0.2925	
11142	321	2992	22.3728	27.1556	1890	15.6664	8	527	6	68	32	5	1.06178e+06	5.86235e-05	0.2923	
11246	247	3021	19.6356	22.4084	1857	14.5418	9	517	15	56	52	6	1.13009e+06	5.49239e-05	0.2996	
11292	370	2966	17.6875	24.9162	1756	18.8267	7	526	4	81	52	5	1.13009e+06	5.49239e-05	0.2996	
11285	245	3004	23.2777	20.775	1899	18.8594	5	534	16	55	3	4	1.18469e+06	5.16209e-05	0.3723	
10841	387	3047	15.4484	22.7081	1817	18.9246	9	523	4	76	54	5	1.26039e+06	5.46837e-05	0.2601	
11315	331	3022	16.6515	21.9854	1767	18.7811	9	504	3	81	14	5	1.21448e+06	5.00927e-05	0.474	
10974	367	2991	20.1226	28.5218	1793	15.6892	7	518	10	59	3	4	1.06664e+06	5.9805e-05	0.2472	
11466	338	3039	22.6902	28.3225	1818	16.0872	4	517	19	59	32	6	1.04194e+06	5.82785e-05	0.336	
11352	379	3026	21.1884	22.9465	1766	16.4926	5	499	14	76	32	4	1.07162e+06	5.28681e-05	0.4645	
11408	367	2971	21.4985	25.462	1854	17.8853	7	515	9	72	40	4	1.04579e+06	5.54939e-05	0.3998	
10246	370	2990	18.5438	27.5971	1796	14.0583	4	521	17	66	4	3	1.15773e+06	6.31991e-05	0.1565	
11282	277	3044	20.8769	20.9176	1857	16.12	7	502	15	81	26	4	1.16721e+06	5.08053e-05	0.4718	
10587	392	3039	18.6164	26.9211	1879	18.5611	8	535	4	64	14	4	1.11965e+06	5.96267e-05	0.1679	
11281	228	2986	22.731	21.1977	1865	17.0569	5	532	19	57	55	5	1.21934e+06	5.34731e-05	0.3223	
11450	308	3013	18.4096	23.9975	1812	17.5134	5	517	1	72	22	4	1.15651e+06	5.17679e-05	0.4272	
11476	314	3010	21.4359	23.3297	1732	18.233	9	510	13	80	35	4	1.0865e+06	5.3042e-05	0.4454	
11494	257	2980	21.4848	20.7131	1883	16.1567	6	502	17	59	40	4	1.18925e+06	5.05408e-05	0.5099	
10987	322	2951	15.1113	20.0064	1820	16.16	6	521	11	58	21	5	1.32798e+06	4.99401e-05	0.3744	
11331	290	2998	15.3612	22.7386	1798	15.5567	7	531	14	73	61	6	1.30549e+06	5.18592e-05	0.2928	
10668	292	3004	18.8097	21.3435	1785	14.1656	8	532	8	71	34	4	1.19728e+06	5.52273e-05	0.2515	
11345	360	3039	19.1453	23.4673	1738	17.1641	7	518	8	71	40	4	1.10562e+06	5.24962e-05	0.379	
10996	344	3031	17.8899	21.6237	1774	14.8191	9	499	12	66	5	3	1.16928e+06	5.11143e-05	0.4274	
11453	392	3001	21.7575	22.9322	1718	16.1982	5	517	17	79	54	6	1.05337e+06	5.34274e-05	0.4257	
10917	400	2977	24.7497	23.2042	1754	17.6481	9	514	11	61	23	5	1.02965e+06	5.83397e-05	0.3417	
10739	320	3008	17.5141	22.8653	1883	18.8017	5	530	8	75	31	6	1.20824e+06	5.52883e-05	0.2499	
11146	333	3030	23.0495	22.1176	1742	18.5826	7	503	15	76	23	4	1.07859e+06	5.42446e-05	0.4222	
10988	342	3001	20.6179	23.0574	1806	15.6074	5	526	18	60	55	3	1.10166e+06	5.58191e-05	0.263	
11215	330	2950	15.1547	24.7201	1848	15.0387	6	533	4	71	34	4	1.27113e+06	5.33021e-05	0.2813	
10974	387	2992	24.9781	25.1109	1876	17.0552	9	506	9	60	6	4	1.01945e+06	5.90528e-05	0.3646	
10019	291	3025	16.348	23.2998	1757	17.9959	7	527	3	56	19	5	1.3217e+06	6.15044e-05	0.1278	
11197	333	2992	15.7467	22.0299	1868	14.3108	8	523	13	59	62	6	1.25968e+06	5.18511e-05	0.313	
11284	246	2969	17.6253	20.8344	1733	18.8014	9	519	6	72	39	4	1.27298e+06	5.08078e-05	0.4078	
10457	328	3036	20.9063	29.1824	1773	15.7219	4	527	5	74	4	5	1.11362e+06	6.40738e-05	0.1808	
10334	207	3044	23.8066	27.1898	1790	14.9265	5	531	8	56	46	5	1.23838e+06	6.68092e-05	0.1406	
10925	291	2979	19.5441	21.014	1798	15.4429	6	515	7	68	2	4	1.17958e+06	5.20671e-05	0.3798	
11448	323	3013	16.9472	26.6484	1714	16.2302	6	528	20	74	18	4	1.17018e+06	5.42182e-05	0.2901	
11227	316	2992	15	26.0892	1836	15.8289	9	531	18	73	29	6	1.28408e+06	5.43006e-05	0.2631	
10606	289	3026	22.768	25.5482	1870	17.5819	9	526	0	55	48	4	1.11077e+06	6.19042e-05	0.2018	
11053	374	3046	17.3101	25.7027	1716	18.6787	6	522	16	65	31	5	1.15206e+06	5.56452e-05	0.2483	
9979	149	3000	22.8354	24.0918	1865	18.76	4	499	8	59	65	4	1.08278e+06	5.72672e-05	0.2863	
10811	379	3011	21.8456	22.5588	1811	16.1079	6	521	14	71	51	5	1.08278e+06	5.72672e-05	0.2863	
10564	345	3004	22.9205	23.4674	1773	17.7266	4	527	20	75	42	5	1.09949e+06	6.09496e-05	0.2368	
11287	244	3019	15.4966	25.4642	1797	16.4585	7	534	4	66	33	5	1.34054e+06	5.33276e-05	0.2749	
10481	364	3006	20.1805	29.6948	1809	14.0759	5	519	4	69	5	3	1.09819e+06	6.4156e-05	0.1911	
11454	160	3009	18.1213	22.8483	1804	18.5076	5	524	5	82	59	3	1.10606e+06	5.84112e-05	0.2225	
10878	375	2966	19.8237	24.183	1783	17.4216	4	531	19	77	57	5	1.10606e+06	5.84112e-05	0.2225	
10831	309	3005	16.4565	24.5252	1854	14.4928	5	522	17	56	27	3	1.23708e+06	5.50176e-05	0.2365	
10866	360	3045	19.1453	23.4673	1714	17.205	7	518	3	71	40	4	1.12373e+06	5.55957e-05	0.3014	
10246	370	2990	20.6813	27.5971	1796	14.0583	4	521	17	66	4	3	1.1143e+06	6.43418e-05	0.1777	
10269	251	3044	21.1688	24.031	1773	18.9541	6	515	4	57	67	4	1.21016e+06	6.40985e-05	0.1515	
11292	370	2966	23.9352	24.9162	1756	18.2452	6	526	4	81	52	5	1.02659e+06	5.76336e-05	0.3424	
11296	345	3017	19.5763	21.6926	1900	17.6368	5	497	15	79	54	5	1.13726e+06	5.18968e-05	0.4668	
10974	367	2989	20.1226	28.5218	1793	15.8912	8	518	10	59	3	4	1.06506e+06	5.98444e-05	0.2465	
11466	338	3039	22.5319	28.3225	1802	16.0872	4	517	19	59	33	6	1.04375e+06	5.82751e-05	0.3296	
10019	311	3042	17.9084	23.2998	1765	18.4694	7	521	3	61	19	5	1.24331e+06	6.23791e-05	0.1391	
10396	360	2974	24.6381	21.443	1872	18.5774	6	532	3	55	72	4	1.10019e+06	6.4e-05	0.1993	
10716	321	3019	16.3365	26.4118	1778	15.1241	7	518	5	62	28	6	1.23711e+06	5.79341e-05	0.2255	
11453	392	3001	21.7575	22.9322	1718	16.1982	5	517	18	79	54	6	1.05324e+06	5.34302e-05	0.4242	
10535	312	3040	18.6951	23.8683	1746	15.9352	5	535	5	78	33	5	1.18653e+06	5.85549e-05	0.1972	
10039	200	2965	20.8851	28.5146	1789	17.5397	5	523	2	55	7	3	1.28902e+06	6.86483e-05	0.1124	
10514	333	2992	24.7771	23.0212	1758	14.1876	7	528	16	60	62	6	1.09278e+06	6.33995e-05	0.2122	
11136	298	2973	22.6236	26.504	1845	17.1846	8	523	15	70	22	4	1.07675e+06	5.82411e-05	0.2901	
11333	356	2987	18.9404	21.9117	1863	15.9746	7	500	12	57	49	5	1.13582e+06	5.14933e-05	0.4759	
10409	268	2991	19.9912	24.6189	1864	17.7183	8	495	4	73	19	6	1.09308e+06	5.41038e-05	0.3632	
11390	308	2966	21.1732	23.9966	1791	18.2826	6	525	7	55	33	3	1.09308e+06	5.41038e-05	0.3632	
10977	305	3005	18.9586	24.4127	1850	18.23	6	533	1	77	32	4	1.15163e+06	5.55001e-05	0.2755	
11014	340	2972	23.921	23.4142	1806	14.712	9	533	11	69	24	5	1.05628e+06	5.69541e-05	0.3347	
11146	333	3030	23.0495	22.1176	1742	18.5826	7	503	15	76	25	4	1.07893e+06	5.42947e-05	0.4205	
10965	332	3024	15	23.9936	1882	14.8472	6	516	14	70	12	5	1.3011e+06	5.24631e-05	0.3127	
11284	246	3028	17.6253	20.2254	1733	18.8014	9	516	6	69	44	4	1.2818e+06	4.99925e-05	0.4265	
11061	385	3027	21.422	25.4552	1851	14.0729	10	511	20	71	41	6	1.05021e+06	5.70125e-05	0.3294	
11323	392	3031	21.3026	24.521	1761	18.6133	10	511	1	63	62	4	1.04718e+06	5.55247e-05	0.3827	
10711	357	2973	20.1721	27.986	1825	17.2459	9	513	8	61	11	3	1.08235e+06	6.11471e-05	0.244	
11045	226	2986	19.1165	21.1408	1715	16.3206	9	524	9	57	9	4	1.27002e+06	5.1725e-05	0.3658	
10795	261	3033	22.0085	23.1297	1734	18.7548	5	529	3	56	51	3	1.15871e+06	5.80754e-05	0.2343	
11469	336	3003	18.4979	23.2593	1740	15.1683	10	520	0	65	56	3	1.12725e+06	5.20888e-05	0.3823	
11287	347	3030	15.4966	25.4642	1797	16.4585	7	529	3	66	33	5	1.23756e+06	5.31915e-05	0.2894	
11293	286	2950	21.768	24.8918	1845	16.8908	8	520	15	69	21	4	1.09948e+06	5.54017e-05	0.3424	
11227	316	3003	19.1213	26.7615	1830	16.7448	9	531	18	75	8	6	1.11064e+06	5.57787e-05	0.2642	
10470	364	3034	24.6372	29.6948	1733	14.0759	5	522	4	67	5	3	1.05495e+06	6.70736e-05	0.2149	
10987	322	2950	15.1113	20.0064	1820	16.16	6	521	11	58	18	5	1.32759e+06	4.98231e-05	0.3786	
10535	298	3040	18.6951	23.1434	1746	16.0657	5	528	5	78	20	5	1.19983e+06	5.69249e-05	0.2385	
10213	316	3020	24.468	28.8463	1748	18.1687	9	509	5	62	67	4	1.10294e+06	7.22335e-05	0.1552	
11126	390	3021	16.95	27.1595	1881	15.5947	6	535	16	55	73	4	1.1619e+06	5.80956e-05	0.2101	
11056	294	2952	17.736	22.6569	1706	16.4986	8	529	20	84	27	4	1.19453e+06	5.36711e-05	0.2917	
10318	373	3009	20.7253	28.7916	1854	15.5925	7	516	10	60	35	6	1.10313e+06	6.62252e-05	0.1612	
11496	271	3044	19.3183	22.3728	1890	16.8306	7	508	3	64	15	5	1.18945e+06	4.98355e-05	0.4824	
11022	382	2991	23.5162	23.2451	1763	18.9854	10	516	9	71	10	5	1.0366e+06	5.63126e-05	0.3626	
10200	293	2953	17.7675	23.4599	1747	15.2476	8	534	11	68	23	3	1.24058e+06	6.10911e-05	0.1588	
10324	321	3003	16.5666	27.5018	1712	14.5645	6	530	18	65	6	5	1.25043e+06	6.19617e-05	0.1574	
11448	323	2963	16.1095	26.6484	1714	16.5525	6	528	20	74	8	4	1.20439e+06	5.428e-05	0.2869	
11098	330	2954	19.8546	21.2563	1898	15.0736	10	527	14	81	74	4	1.12468e+06	5.49239e-05	0.3395	
10281	244	3006	19.0456	24.3585	1853	15.2872	9	528	14	82	36	5	1.01606e+06	6.25391e-05	0.3148	
10994	379	2967	24.6929	27.8259	1785	15.7251	7	507	7	76	36	4	1.01606e+06	6.25391e-05	0.3148	
10722	331	3008	24.5074	27.7352	1855	15.4384	7	531	7	68	37	5	1.059e+06	6.38529e-05	0.2327	
10229	274	3029	21.0271	29.941	1779	15.4452	6	518	2	63	26	4	1.1606e+06	6.7944e-05	0.1503	
10116	208	2977	23.1058	27.2841	1770	17.8176	5	513	2	56	55	4	1.24713e+06	7.02149e-05	0.1353	
10722	352	3008	24.5074	27.7352	1855	15.4384	7	531	7	68	37	5	1.04749e+06	6.38529e-05	0.2328	
10200	293	2953	17.7675	23.4599	1786	15.2476	8	534	11	68	23	3	1.2409e+06	6.10128e-05	0.1658	
11450	308	3013	18.4096	23.9975	1812	17.5134	4	517	1	72	22	4	1.15902e+06	5.17652e-05	0.4328	
10454	376	2991	23.75	26.6768	1863	15.8383	6	528	12	59	6	5	1.06286e+06	6.3589e-05	0.2272	
10050	303	2976	23.1062	28.4233	1720	16.0505	4	522	14	65	18	4	1.13862e+06	7.09673e-05	0.1569	
10957	396	3019	22.0987	26.4302	1894	16.4989	9	528	1	62	49	4	1.03829e+06	5.94001e-05	0.2518	
10786	346	3009	22.7251	29.3273	1857	18.112	8	520	1	70	26	5	1.05304e+06	6.35728e-05	0.2448	
10587	349	3012	22.6961	28.9729	1716	16.2347	7	519	7	69	4	4	1.06437e+06	6.43004e-05	0.2195	
11038	269	2988	24.6231	27.6554	1757	14.1439	6	535	0	67	64	6	1.09721e+06	6.27628e-05	0.2298	
11039	369	2996	23.3695	29.888	1710	16.7696	8	505	9	85	27	3	1.01848e+06	6.36335e-05	0.297	
11405	368	3022	19.1631	23.7429	1889	15.1196	5	521	18	81	38	5	1.10198e+06	5.21485e-05	0.4153	
10616	278	2983	15.0213	24.8806	1743	15.2891	9	529	19	55	48	4	1.36615e+06	5.83805e-05	0.1833	
11247	341	3048	18.9404	21.9117	1806	15.9746	7	500	14	55	57	6	1.14969e+06	5.19642e-05	0.444	
10460	191	2988	15.9119	22.8435	1727	17.1572	7	523	8	65	36	5	1.47663e+06	5.76834e-05	0.2152	
10493	343	3036	20.9063	24.1257	1806	15.5801	4	527	5	65	4	5	1.12284e+06	5.82208e-05	0.25	
10860	118	3029	23.6693	30	1813	15.021	5	503	16	77	53	6	1.32558e+06	5.16929e-05	0.3223	
11200	277	3001	15.2647	23.8115	1739	17.0307	4	528	0	77	7	6	1.32558e+06	5.16929e-05	0.3223	
10662	387	3001	21.6334	29.7278	1797	17.0487	4	503	1	67	72	5	1.06812e+06	6.66711e-05	0.2181	
11253	243	3028	17.756	23.274	1739	14.0795	10	515	15	71	25	6	1.2585e+06	5.19346e-05	0.3722	
10219	322	2973	18.3797	25.4291	1872	15.3191	7	527	12	61	7	6	1.19293e+06	6.12858e-05	0.1597	
10193	241	3026	18.2947	22.3122	1715	15.8408	10	519	9	56	40	5	1.29171e+06	6.01106e-05	0.1506	
10841	387	3010	16.6811	23.5334	1817	18.9246	9	523	4	76	66	5	1.1951e+06	5.69152e-05	0.2467	
10949	364	3047	15.4484	22.7081	1817	18.9246	9	523	4	76	54	5	1.26255e+06	5.38271e-05	0.2745	
11469	336	3003	18.4979	23.2593	1740	14.689	10	520	0	65	56	3	1.12722e+06	5.20589e-05	0.3836	
11048	340	2993	16.8009	28.1333	1720	15.2243	8	530	2	62	15	3	1.17212e+06	5.7924e-05	0.2342	
11345	360	3039	19.1453	23.4673	1738	17.1641	7	518	8	72	40	4	1.10542e+06	5.25238e-05	0.379	
11273	361	3004	19.6664	27.1054	1852	18.9366	8	519	12	74	16	5	1.07133e+06	5.63761e-05	0.3117	
11470	275	3007	19.2747	25.2776	1788	17.3962	7	534	4	58	5	5	1.15229e+06	5.30448e-05	0.3242	
11098	330	2954	19.8546	20.857	1900	15.0736	9	527	14	81	67	4	1.13014e+06	5.41536e-05	0.3373	
10841	387	3047	16.6811	22.7081	1817	17.7715	9	523	4	76	54	5	1.19447e+06	5.49602e-05	0.2592	
11476	390	3021	15.1153	27.1595	1877	15.5947	6	535	12	58	69	4	1.23386e+06	5.5063e-05	0.2439	
10925	291	2979	19.5441	21.014	1798	15.5974	6	515	7	64	2	4	1.17968e+06	5.20644e-05	0.3749	
10589	283	2975	25	29.2594	1756	18.2008	7	527	7	57	13	4	1.08884e+06	6.71501e-05	0.1805	
11273	361	3021	19.1166	28.614	1852	18.9366	7	519	12	74	19	5	1.08027e+06	5.77968e-05	0.292	
10727	387	2992	24.9781	25.1109	1890	17.0552	9	506	9	56	6	4	1.0331e+06	6.07533e-05	0.3407	
11359	224	3050	15.7434	23.8992	1798	16.4838	5	519	16	56	23	3	1.37425e+06	5.09139e-05	0.3521	
10668	292	3004	19.2066	21.3435	1785	14.1656	8	532	8	71	34	4	1.18711e+06	5.54047e-05	0.2526	
10351	390	2961	18.8128	23.2484	1805	17.3084	9	520	15	73	21	6	1.14952e+06	5.95344e-05	0.2199	
10739	227	3027	17.0274	22.8653	1883	18.8017	5	530	8	75	31	6	1.34011e+06	5.49722e-05	0.2429	
11246	274	3029	23.0718	26.6478	1753	15.5597	7	525	15	57	66	6	1.09958e+06	5.91646e-05	0.266	
11140	387	3006	24.9781	25.1109	1876	17.0552	9	506	9	60	5	4	1.01286e+06	5.78838e-05	0.3735	
11284	246	3028	17.6253	20.8344	1746	18.8014	9	519	6	72	39	4	1.27497e+06	5.02412e-05	0.411	
10019	291	3018	16.348	23.2998	1739	18.0873	7	527	3	56	19	5	1.32181e+06	6.16333e-05	0.1261	
10974	367	2989	20.1226	28.2911	1804	15.8912	8	518	9	59	11	4	1.06626e+06	5.96872e-05	0.2513	
11010	226	3000	19.1165	20.6265	1715	16.3206	9	524	8	57	2	4	1.27795e+06	5.11614e-05	0.3683	
11031	339	3031	17.8899	21.6237	1737	14.4557	9	499	11	66	5	3	1.16995e+06	5.10178e-05	0.4428	
10454	376	2983	23.75	26.6768	1829	15.8383	6	528	12	59	3	5	1.06207e+06	6.36578e-05	0.2214	
10039	200	2965	20.8851	27.4169	1823	17.5397	5	523	2	55	7	3	1.29443e+06	6.72766e-05	0.1263	
10050	303	2976	23.1062	29.4707	1720	16.0505	4	522	14	65	18	4	1.13634e+06	7.21761e-05	0.154	
11360	244	2972	19.0202	21.7694	1810	14.8646	8	524	17	78	33	5	1.22991e+06	5.10438e-05	0.4002	
10663	321	3016	23.5449	29.2284	1845	18.8779	6	511	12	59	65	4	1.07288e+06	6.68405e-05	0.1972	
10457	328	3036	20.9063	30	1773	15.7219	4	527	5	74	4	5	1.11178e+06	6.5028e-05	0.172	
11360	301	2972	19.0202	21.7694	1796	14.8646	8	515	17	79	33	4	1.1557e+06	5.10517e-05	0.4342	
11002	336	2991	23.5162	23.2451	1763	18.9854	10	516	15	70	2	5	1.06094e+06	5.62715e-05	0.361	
10767	376	2990	23.75	26.6768	1863	15.8383	6	528	13	59	6	5	1.04051e+06	6.10054e-05	0.2506	
10980	298	2974	22.2475	26.504	1845	16.8908	8	520	15	69	21	4	1.08779e+06	5.90179e-05	0.2752	
10647	183	3004	24.8814	23.5254	1851	18.732	5	512	13	57	20	6	1.07556e+06	5.73592e-05	0.2927	
11144	387	3004	19.1166	27.564	1828	16.8126	8	516	12	77	16	5	1.07556e+06	5.73592e-05	0.2927	
11227	316	2992	15	26.0892	1832	15.8289	9	531	19	74	22	6	1.28298e+06	5.40921e-05	0.2661	
11171	321	3000	15.8463	27.1556	1739	17.5576	7	533	8	70	6	6	1.23071e+06	5.56576e-05	0.2463	
11146	333	3030	23.0495	22.1176	1900	16.9867	8	503	15	76	23	4	1.07847e+06	5.37577e-05	0.4238	
10748	311	3042	17.9084	23.2998	1765	18.4694	7	521	3	61	19	5	1.1929e+06	5.47975e-05	0.2792	
11372	316	2992	15	26.0892	1836	15.8289	9	531	18	73	29	4	1.27479e+06	5.34274e-05	0.2802	
11141	368	3037	17.3101	24.9432	1721	18.6787	6	517	14	68	31	5	1.15401e+06	5.4407e-05	0.2908	
11059	356	2955	20.2543	23.8408	1810	15.0719	8	515	14	64	43	5	1.09041e+06	5.5701e-05	0.3293	
11447	307	2950	21.295	28.8013	1889	15.9332	5	528	13	59	38	4	1.06809e+06	5.88547e-05	0.2853	
10994	335	2967	24.6929	27.8259	1777	15.7251	7	523	1	62	19	4	1.03443e+06	6.21157e-05	0.2737	
11215	330	2950	16.3533	24.7201	1848	15.0387	6	529	4	71	34	4	1.20538e+06	5.36423e-05	0.2907	
10440	364	3004	20.1805	29.6948	1809	14	5	519	4	63	5	3	1.10038e+06	6.4487e-05	0.179	
11416	258	2983	21.1237	22.5944	1799	16.4542	6	531	12	58	72	5	1.16466e+06	5.37201e-05	0.3237	
10969	343	3047	17.3095	21.8513	1747	14.0628	9	509	11	66	14	4	1.1892e+06	5.13558e-05	0.3828	
11466	338	3039	22.6902	28.3225	1828	16.0872	4	517	19	59	32	4	1.03849e+06	5.81869e-05	0.3399	
11466	338	3039	22.6902	29.1906	1818	16.0872	4	516	11	56	32	6	1.03892e+06	5.93718e-05	0.3293	
10470	364	3034	24.8062	29.6948	1737	14	5	522	4	67	5	3	1.05429e+06	6.71998e-05	0.219	
11199	320	3035	22.0418	20.1018	1827	17.3889	6	505	4	71	45	4	1.12379e+06	5.18995e-05	0.4637	
10039	243	2965	20.8851	28.5146	1790	17.5397	5	529	2	64	7	3	1.21725e+06	6.94011e-05	0.1481	
10831	309	2991	16.4565	24.5252	1858	15.3467	5	522	17	56	27	3	1.2365e+06	5.51876e-05	0.2367	
10454	376	2991	23.75	26.6768	1863	14.9844	6	528	12	59	6	5	1.06303e+06	6.35405e-05	0.231	
10281	400	2975	22.26	27.9956	1888	16.1317	5	533	11	66	45	3	1.08592e+06	6.79763e-05	0.1694	
11181	378	3015	21.4723	21.2938	1857	18.407	4	510	15	77	43	4	1.0897e+06	5.28206e-05	0.4019	
10341	283	3020	21.37	28.8463	1748	18.1687	9	515	5	60	67	4	1.1491e+06	6.88468e-05	0.1575	
11061	385	3027	21.4983	25.4552	1863	16.8054	10	511	20	74	41	6	1.04927e+06	5.71788e-05	0.3289	
11352	379	3026	21.1884	23.5147	1766	16.4926	5	499	14	78	32	4	1.06741e+06	5.34102e-05	0.4624	
11284	246	2989	17.6253	20.8344	1733	18.8014	9	519	6	63	37	4	1.2735e+06	5.05485e-05	0.4057	
10496	316	3031	21.6837	26.0309	1727	14.6907	10	520	13	62	75	5	1.11854e+06	6.4855e-05	0.172	
11405	368	3022	19.1515	23.7429	1889	15.1196	5	521	18	81	38	5	1.10237e+06	5.21458e-05	0.4153	
10481	364	3006	20.1805	29.6948	1826	14.0759	4	519	4	69	5	3	1.10034e+06	6.41026e-05	0.1929	
11227	316	3003	19.1213	26.7615	1830	16.7448	9	531	18	75	11	6	1.11062e+06	5.58441e-05	0.2625	
10957	396	3019	22.0987	26.4302	1881	16.4989	9	528	1	63	49	4	1.0651e+06	5.60099e-05	0.3624	
11413	311	2954	24.7353	23.2527	1843	18.7159	6	522	17	70	60	3	1.0651e+06	5.60099e-05	0.3624	
10746	345	2951	18.6216	23.4408	1721	14.7366	6	527	13	56	62	3	1.15322e+06	5.82954e-05	0.1998	
11323	271	3037	19.7535	22.3728	1890	16.8306	7	508	3	64	15	5	1.18135e+06	5.08776e-05	0.4323	
11089	301	3031	18.0593	20.9022	1763	16.2143	5	503	15	65	16	5	1.21227e+06	5.04541e-05	0.4289	
11432	392	3031	21.3026	24.521	1776	19	10	511	1	75	2	4	1.09868e+06	7.00624e-05	0.1615	
10200	321	3018	24.0414	29.2284	1833	18.8779	6	511	12	59	31	4	1.09868e+06	7.00624e-05	0.1615	
10619	338	3006	23.0226	22.6744	1760	14	9	528	2	67	75	6	1.09778e+06	6.15309e-05	0.2394	
11056	294	2952	17.736	22.6569	1706	16.4986	7	531	20	84	27	4	1.19634e+06	5.36826e-05	0.288	
10987	322	2950	17.7136	22.6362	1820	16.16	6	521	11	58	18	5	1.18416e+06	5.30335e-05	0.3332	
10985	387	3049	24.3612	29.9848	1708	18.2245	6	512	2	60	22	4	1.01421e+06	6.41643e-05	0.2767	
10829	369	3004	16.377	21.8513	1763	15.6837	9	509	12	62	40	4	1.22266e+06	5.34359e-05	0.3197	
11227	316	2992	18.512	26.0892	1811	16.8346	9	531	18	73	29	6	1.12951e+06	5.5537e-05	0.2501	
10616	264	2983	15.1394	24.8806	1743	16.2902	8	529	15	55	48	5	1.37673e+06	5.84556e-05	0.1831	
11496	271	3044	19.3183	20	1890	16.8306	7	508	3	64	52	5	1.21405e+06	4.87401e-05	0.5014	
10683	250	3037	21.4935	23.2876	1722	18.5142	8	524	19	60	61	5	1.18461e+06	5.95806e-05	0.1905	
10987	344	3007	24.1066	23.3176	1876	14.6951	9	528	4	62	60	6	1.0592e+06	5.81091e-05	0.2973	
11227	316	3010	19.1213	26.7615	1830	16.7448	7	531	18	75	8	6	1.11369e+06	5.56948e-05	0.2667	
11468	309	3031	20.4165	22.2214	1774	17.0178	5	503	15	65	60	4	1.132e+06	5.18645e-05	0.4768	
11381	336	3012	23.8998	23.2568	1867	18.9454	7	517	0	63	60	6	1.06122e+06	5.51846e-05	0.3882	
11358	249	3028	18.3585	20	1746	17.9516	9	519	6	71	45	4	1.2548e+06	4.95368e-05	0.4456	
11227	316	3003	19.1213	26.7736	1830	16.7448	9	531	18	75	8	6	1.11043e+06	5.57911e-05	0.2639	
11144	387	3018	20.7327	27.0933	1852	16.8126	8	516	12	77	16	5	1.04866e+06	5.73296e-05	0.3335	
11281	247	2950	18.6143	22.4084	1857	15.3362	9	531	15	57	48	6	1.22827e+06	5.25017e-05	0.3266	
11461	392	2981	19.1563	22.9322	1700	16.1982	7	520	17	79	54	6	1.09185e+06	5.25431e-05	0.3742	
11201	352	2987	19.4117	21.7151	1781	17.1301	10	520	17	59	49	4	1.11267e+06	5.26704e-05	0.3521	
10328	378	3019	18.3278	25.7082	1747	16.3116	4	516	12	58	42	5	1.17072e+06	6.21118e-05	0.1533	
10555	333	2992	24.7771	24.7787	1758	14.1876	7	528	16	60	62	6	1.07998e+06	6.45703e-05	0.1951	
10979	379	3030	22.4567	21.9733	1742	18.2773	7	503	18	68	38	4	1.07098e+06	5.527e-05	0.3727	
11462	338	3039	22.6902	28.3225	1814	16.0872	4	517	19	59	16	6	1.0417e+06	5.80552e-05	0.338	
11284	246	3028	17.6253	20.8344	1746	18.8014	9	519	7	66	45	4	1.27433e+06	5.04465e-05	0.4053	
10049	303	2976	22.6327	29.3754	1756	16.0505	4	522	14	65	18	6	1.14391e+06	7.17257e-05	0.1549	
11197	327	2992	16.2202	22.0299	1868	14.3108	8	523	13	59	62	6	1.23975e+06	5.19967e-05	0.3146	
11020	312	3041	21.4463	21.8766	1847	17.8725	5	517	3	62	69	5	1.12728e+06	5.52578e-05	0.3267	
11436	314	3010	21.4359	23.3297	1732	18.233	9	510	13	80	35	4	1.08684e+06	5.32595e-05	0.4402	
11289	226	2969	19.1165	21.1408	1745	15.947	9	524	9	57	9	4	1.26645e+06	5.04388e-05	0.4117	
10404	368	3037	17.3101	24.9432	1856	18.6787	6	528	16	65	37	5	1.20208e+06	6.00601e-05	0.1673	
10974	367	2989	20.1226	28.5218	1732	15.3104	5	518	7	59	3	4	1.07125e+06	6.00168e-05	0.245	
10468	226	3017	17.7126	21.935	1779	19	7	530	14	69	47	4	1.32698e+06	5.81193e-05	0.1853	
11026	380	3010	21.2766	25.9232	1743	15.2504	6	515	17	57	23	5	1.05737e+06	5.75705e-05	0.3034	
10733	400	2953	22.8016	28.5478	1870	14.594	7	511	11	68	9	5	1.03616e+06	6.30915e-05	0.2699	
11154	343	2990	22.6341	20.6056	1741	14.6337	5	527	15	68	15	5	1.09446e+06	5.24549e-05	0.4023	
11253	243	3028	16.5753	23.274	1739	14.0795	10	515	15	68	25	6	1.30132e+06	5.14774e-05	0.3528	
11112	328	3047	22.9588	22.5588	1825	16.2251	10	508	13	72	51	5	1.07953e+06	5.51602e-05	0.3816	
11011	322	2951	15.1113	20.0064	1820	16.16	6	519	11	58	21	5	1.32804e+06	4.97636e-05	0.3897	
11284	240	3018	17.8307	20.8344	1732	18.8014	9	519	6	67	39	4	1.27785e+06	5.04617e-05	0.4052	
11284	246	2969	17.6253	20.8344	1733	18.8014	9	519	6	73	39	4	1.27294e+06	5.08053e-05	0.4087	
11408	367	2971	21.4985	25.7609	1854	18.526	6	515	9	72	40	4	1.04605e+06	5.58285e-05	0.3965	
11046	381	3010	21.2766	26.2889	1741	15.2504	7	511	16	57	22	5	1.05362e+06	5.78603e-05	0.315	
11291	228	2986	22.731	21.1977	1865	17.0569	5	532	19	57	60	5	1.21832e+06	5.36021e-05	0.321	
10330	286	2955	17.8119	21.873	1701	14.747	4	529	14	80	8	5	1.25903e+06	5.77834e-05	0.2206	
10267	191	3033	23.2749	28.3305	1763	16.8284	6	534	13	56	20	5	1.27959e+06	6.74218e-05	0.1152	
10564	330	3004	22.9205	23.4674	1773	17.7266	5	527	18	75	42	5	1.1049e+06	6.09385e-05	0.2388	
10354	239	2979	16.7978	22.0594	1767	17.2185	6	528	18	63	53	6	1.35429e+06	5.95309e-05	0.1728	
10994	374	3044	22.4166	20.7348	1888	18.677	6	516	12	56	52	5	1.09161e+06	5.42358e-05	0.3476	
10303	400	2975	21.3106	27.3636	1862	18.3846	8	534	11	65	56	4	1.09964e+06	6.76453e-05	0.1717	
11164	325	3043	23.067	20.314	1887	18.8078	9	509	7	72	26	5	1.09997e+06	5.2203e-05	0.4309	
11287	290	2998	15.3612	22.7386	1769	15.5567	7	531	16	73	61	6	1.30712e+06	5.21975e-05	0.2827	
11039	369	2996	23.3695	29.888	1710	16.7033	8	505	9	85	27	3	1.01839e+06	6.36294e-05	0.2971	
10402	400	3028	20.1805	27.0972	1809	14.5334	4	522	7	67	13	3	1.10294e+06	6.1954e-05	0.1979	
10795	261	3033	22.0085	23.1297	1740	18.2972	5	532	4	56	53	3	1.15884e+06	5.81395e-05	0.2219	
10996	344	3030	17.8899	21.6237	1800	16.3952	9	499	12	66	5	5	1.17453e+06	5.11718e-05	0.422	
11024	269	2988	24.6231	27.6357	1757	14.1439	6	535	0	67	53	6	1.09728e+06	6.23908e-05	0.2334	
10981	333	2998	21.7982	22.0299	1761	14.1876	10	519	13	58	52	6	1.09398e+06	5.55432e-05	0.312	
10411	225	3050	19.4017	28.9386	1759	14	7	530	6	57	25	6	1.25223e+06	6.41725e-05	0.1339	
11284	322	2952	20.1885	22.809	1823	15.4979	8	524	19	85	29	4	1.10459e+06	5.29914e-05	0.3671	
11166	387	3018	19.1166	27.1054	1852	16.8459	8	516	12	77	16	5	1.07669e+06	5.65004e-05	0.3071	
11231	345	2970	18.6762	26.5991	1834	15.5443	6	527	11	67	56	4	1.11044e+06	5.70353e-05	0.2549	
11251	294	3032	18.7573	22.6569	1770	15.7043	9	515	20	84	27	4	1.16451e+06	5.18108e-05	0.3923	
11146	333	3030	23.0495	22.3236	1742	18.5826	8	503	8	76	19	4	1.0749e+06	5.4339e-05	0.4214	
11278	196	3001	16.2798	22.6253	1854	16.9648	5	527	20	65	37	5	1.42597e+06	5.15677e-05	0.3468	
11405	368	3022	19.1631	23.7429	1889	15.2965	5	521	18	81	38	5	1.10183e+06	5.2154e-05	0.4151	
11048	340	2993	16.8009	27.9508	1700	15.2243	8	526	0	66	15	3	1.17333e+06	5.77834e-05	0.2458	
10701	222	3025	19.515	22.5839	1740	15.6236	9	525	17	64	50	4	1.26522e+06	5.70646e-05	0.2225	
10927	344	3031	17.8899	21.6237	1774	14.0035	7	495	16	68	14	3	1.17729e+06	5.17518e-05	0.4191	
10970	303	2994	15.1192	26.7448	1816	18.5325	9	533	0	67	12	4	1.29268e+06	5.60475e-05	0.2352	
11227	316	2996	15	26.0892	1836	15.8289	9	530	18	73	29	6	1.28441e+06	5.42594e-05	0.2658	
11436	307	2985	22.5429	26.2721	1825	14.4382	5	534	12	62	30	4	1.06441e+06	5.6164e-05	0.3204	
10262	189	3014	19.7175	28.8907	1774	17.1351	9	530	15	61	12	4	1.32887e+06	6.5703e-05	0.1227	
10606	289	3036	22.768	25.5482	1870	17.5819	6	522	0	55	47	4	1.11579e+06	6.16409e-05	0.2164	
10246	393	2990	18.2384	27.5971	1803	14.0583	4	515	17	63	7	3	1.15816e+06	6.30398e-05	0.16	
11205	355	2952	19.3694	25.6035	1846	15.7677	8	524	19	85	48	4	1.08623e+06	5.6494e-05	0.2929	
10213	255	3020	23.8259	28.8463	1731	18.1687	9	507	5	59	67	4	1.15797e+06	7.17978e-05	0.1492	
11167	296	2963	22.9095	28.7527	1802	18.5039	8	531	11	59	44	5	1.06665e+06	6.17932e-05	0.2351	
11003	278	2994	15.0213	24.8806	1743	18.6255	7	529	19	76	48	4	1.34018e+06	5.58067e-05	0.2343	
10587	349	3017	22.6961	28.9729	1716	16.2347	7	519	7	69	4	4	1.06445e+06	6.42426e-05	0.2195	
11048	340	2993	17.58	28.1333	1720	15.1845	7	526	1	62	15	3	1.14426e+06	5.81937e-05	0.2457	
11004	303	2982	15.1192	26.7448	1816	18.5325	7	533	2	65	18	5	1.29565e+06	5.61482e-05	0.2344	
10229	274	3029	21.0271	29.941	1779	15.4452	6	518	2	63	26	4	1.1606e+06	6.7944e-05	0.1503	
11469	336	3003	18.7179	23.2593	1740	15.6538	10	519	0	65	56	3	1.12169e+06	5.22002e-05	0.3881	
11242	352	2989	19.4117	21.7151	1781	17.1301	10	520	17	59	49	4	1.11137e+06	5.23752e-05	0.3603	
11126	273	3031	20.1203	21.6513	1722	17.7598	8	524	19	60	58	5	1.17109e+06	5.36999e-05	0.3026	
10294	284	3009	20.7253	28.2203	1825	16.0383	9	514	11	60	28	5	1.15339e+06	6.55437e-05	0.1666	
10619	363	3010	21.2766	28.482	1758	15.2504	7	511	17	57	18	5	1.07386e+06	6.30358e-05	0.2145	
10742	396	3036	17.2223	21.3186	1757	16.7946	10	509	8	64	61	5	1.19238e+06	5.50479e-05	0.2889	
11306	355	2982	20.1885	22.809	1772	15.7677	8	524	19	85	48	4	1.08367e+06	5.34045e-05	0.3661	
10694	306	2979	22.4495	26.0882	1721	17.8942	6	515	19	59	56	5	1.10088e+06	6.28536e-05	0.2009	
11413	304	2950	23.4066	23.3763	1843	16.6461	6	524	17	69	62	3	1.07629e+06	5.5325e-05	0.3466	
10486	346	2974	24.6381	21.443	1731	18.5774	7	526	5	58	72	4	1.09768e+06	6.33272e-05	0.2097	
10835	345	2960	17.6321	20.3989	1823	18.8719	9	518	7	60	33	4	1.19179e+06	5.28569e-05	0.3309	
10882	392	2977	24.7497	23.2042	1754	17.5546	9	514	11	61	23	5	1.03333e+06	5.85789e-05	0.3384	
11171	321	3000	15.8463	28.421	1858	15.9617	8	533	17	68	6	6	1.22272e+06	5.67215e-05	0.2373	
11059	311	2999	23.583	25.0118	1882	15.0172	9	531	15	73	47	6	1.07067e+06	5.83499e-05	0.2831	
11346	360	3042	19.1453	23.4673	1721	17.1641	7	518	9	71	40	4	1.10544e+06	5.2521e-05	0.3731	
10475	375	2954	19.3512	21.2125	1720	15.6874	8	524	17	68	55	6	1.15282e+06	5.91716e-05	0.2072	
10030	334	3020	25	29.2284	1840	19	6	513	10	59	24	4	1.10203e+06	7.30887e-05	0.1759	
11315	241	3022	16.6363	21.9854	1767	17.6174	9	506	3	81	14	5	1.31742e+06	5.00025e-05	0.4695	
11409	340	2957	24.6911	29.9774	1721	15.8327	6	500	7	58	33	5	1.01785e+06	6.31712e-05	0.3652	
11222	336	2951	18.9829	20.2588	1716	14.3591	9	499	2	80	55	5	1.1559e+06	5.17893e-05	0.5047	
10895	207	2987	15.4787	20.165	1811	16.2624	8	522	5	70	14	6	1.47316e+06	5.06945e-05	0.3937	
10267	154	3029	23.3794	28.3305	1763	16.8284	6	534	12	56	20	5	1.40319e+06	6.79948e-05	0.1201	
10262	177	3014	19.7175	28.8907	1774	17.1351	7	530	15	61	12	4	1.36786e+06	6.57376e-05	0.126	
11278	196	2981	16.2798	22.6253	1854	16.9648	5	527	20	64	37	5	1.42528e+06	5.17464e-05	0.3466	
10339	287	3036	19.0054	25.4009	1887	15.4882	6	528	18	76	55	5	1.47316e+06	5.06945e-05	0.3937	
10230	177	3014	19.7175	29.049	1774	17.4471	7	530	15	61	12	4	1.36876e+06	6.62471e-05	0.1242	
10655	248	3004	15.3678	21.8205	1814	16.8886	8	521	5	63	69	3	1.39547e+06	5.6392e-05	0.2398	
10406	246	2982	16.7978	20.8412	1750	17.1832	6	528	18	79	53	6	1.34707e+06	5.86923e-05	0.2067	
11284	235	3010	17.6253	20.8344	1732	18.8014	8	517	6	72	39	4	1.29718e+06	5.04388e-05	0.419	
10039	200	2965	20.8851	25.1416	1789	17.5102	5	523	2	55	7	3	1.30418e+06	6.48466e-05	0.1392	
10161	294	2983	21.9134	28.3616	1807	17.6424	4	511	15	66	42	4	1.14647e+06	6.90894e-05	0.1623	
10458	207	3040	23.8066	27.1898	1790	14.9265	5	531	7	56	46	5	1.23115e+06	6.55523e-05	0.153	
10019	311	3039	17.9084	23.2998	1778	18.4694	7	521	5	61	19	5	1.24343e+06	6.24142e-05	0.1401	
10051	203	3047	17.2405	22.9577	1759	17.0178	7	528	15	60	32	5	1.41222e+06	6.182e-05	0.1473	
10994	335	2967	24.6929	27.8259	1783	15.7251	7	507	1	76	19	4	1.0369e+06	6.22161e-05	0.3285	
10183	300	3031	19.8599	28.4438	1792	15.8603	5	504	9	56	61	5	1.17726e+06	6.8157e-05	0.1603	
11315	241	3022	16.6515	21.9854	1767	18.7811	9	504	3	81	14	5	1.31739e+06	5.01354e-05	0.4753	
10354	360	3050	21.9425	28.9218	1884	15.8832	7	532	16	81	26	4	1.09415e+06	6.6379e-05	0.2001	
11496	271	3044	19.3183	22.3728	1890	16.8306	7	508	3	64	52	5	1.18984e+06	5.07074e-05	0.4869	
11306	278	2980	21.4848	20.7131	1883	16.1567	6	502	17	59	40	4	1.16257e+06	5.15703e-05	0.4595	
11350	281	3039	18.0699	22.369	1830	15.6653	4	505	5	65	18	6	1.22301e+06	5.02008e-05	0.4858	
10213	316	3020	24.468	29.2533	1748	14.8607	9	509	5	62	67	4	1.10217e+06	7.24165e-05	0.1686	
11030	386	3031	22.4059	29.8806	1709	14.0988	6	520	20	78	56	6	1.15798e+06	5.10934e-05	0.5017	
10662	387	3019	22.8494	29.7278	1791	17.0487	4	500	1	67	72	5	1.05573e+06	6.71096e-05	0.237	
10049	303	2976	23.1062	28.4233	1756	16.0505	4	522	14	65	18	6	1.14234e+06	7.09622e-05	0.162	
10112	325	2969	21.6105	29.7472	1784	18.7407	7	501	19	68	24	5	1.12163e+06	7.03482e-05	0.1631	
11476	314	3010	21.4359	23.3297	1733	18.233	9	509	13	82	35	4	1.08682e+06	5.30532e-05	0.4494	
10440	195	2966	20.4417	20.2335	1794	17.0198	8	534	6	58	65	4	1.34161e+06	5.96054e-05	0.1968	
11143	392	3033	21.3026	24.521	1761	18.6133	10	506	1	63	62	4	1.05532e+06	5.66958e-05	0.3709	
10213	255	3020	23.074	28.8463	1731	18.1687	9	507	5	60	67	4	1.16439e+06	7.12403e-05	0.1538	
10746	222	3011	18.6155	22.6698	1708	14.7016	9	529	6	60	36	5	1.28559e+06	5.56143e-05	0.2421	
10535	400	3006	18.6951	28.8576	1746	15.9936	9	530	15	78	20	5	1.12013e+06	6.33513e-05	0.1832	
10328	378	2987	19.6481	25.6329	1767	16.3116	9	519	10	65	39	5	1.12912e+06	6.30438e-05	0.1719	
10694	299	2992	22.4495	26.0882	1721	15.8243	5	515	19	59	56	5	1.1091e+06	6.25195e-05	0.2075	
11096	277	3001	15.2647	23.8115	1739	17.0307	4	528	0	77	7	5	1.32746e+06	5.22193e-05	0.2992	
11271	380	3041	18.9249	25.54	1859	18.5199	8	508	0	81	71	3	1.42528e+06	5.17464e-05	0.3466	
10390	292	2990	16.1625	21.084	1847	14.68	8	532	13	85	28	5	1.31292e+06	5.68602e-05	0.2309	
10165	275	3038	23.8761	29.7819	1758	14.2296	9	523	12	62	53	3	1.14045e+06	7.22439e-05	0.1543	
10491	335	3041	15.2891	23.8196	1726	14.1657	7	511	16	81	32	5	1.31119e+06	5.72902e-05	0.2372	
10699	361	3017	23.7543	28.1821	1732	18.8537	8	510	9	84	51	4	1.04644e+06	6.49815e-05	0.2546	
10964	290	3026	20.5927	27.8261	1752	15.9282	10	527	9	65	6	4	1.10986e+06	5.90214e-05	0.233	
10213	255	3020	23.7908	28.8463	1731	18.1687	9	507	5	62	67	4	1.1592e+06	7.1736e-05	0.1585	
10161	294	2983	21.9134	29.4107	1847	17.6424	4	506	17	66	42	4	1.14157e+06	7.01016e-05	0.1645	
10996	344	3031	16.6711	21.6237	1774	17.7148	10	499	12	63	5	3	1.21618e+06	5.08233e-05	0.4318	
10205	346	3009	23.8802	29.3273	1890	17.8802	8	520	4	62	26	4	1.08623e+06	6.96621e-05	0.1787	
10122	248	2963	24.9895	21.4928	1732	15.4984	4	529	13	82	44	6	1.26697e+06	6.02482e-05	0.1904	
10205	324	3009	23.8802	28.4428	1700	18.112	8	520	1	70	31	4	1.10128e+06	6.94975e-05	0.1778	
11214	262	2966	17.3407	21.755	1823	18.8719	9	518	4	60	33	4	1.25468e+06	5.13663e-05	0.4011	
11142	304	2992	23.2372	27.1556	1796	17.1161	7	534	5	68	32	5	1.06479e+06	5.94354e-05	0.2649	
10867	340	2980	19.4628	24.6168	1720	15.2243	7	526	4	64	15	3	1.11378e+06	5.63031e-05	0.2759	
10396	360	2974	24.6381	21.443	1900	18.5774	7	526	3	58	72	4	1.10083e+06	6.39672e-05	0.2346	
10664	308	3009	18.004	20.6511	1890	18.2844	9	509	15	66	2	4	1.21255e+06	5.24384e-05	0.381	
11315	331	3022	17.1829	21.9854	1767	18.7811	9	503	5	81	37	5	1.19595e+06	5.08906e-05	0.4702	
11284	246	3028	17.6253	20.8344	1746	18.8014	9	519	6	72	45	4	1.27447e+06	5.04719e-05	0.4084	
10937	294	2965	16.8532	22.0976	1829	18.7066	7	517	7	73	28	3	1.24024e+06	5.30138e-05	0.3501	
11325	313	3015	24.4027	26.0336	1746	14.7885	9	512	17	84	15	5	1.0441e+06	5.76901e-05	0.3794	
10213	255	3020	23.7908	28.8804	1739	18.1687	9	507	5	62	67	4	1.15907e+06	7.17515e-05	0.1592	
10543	262	2969	25	29.4403	1720	17.5599	9	533	7	62	10	4	1.114e+06	6.77736e-05	0.1757	
11048	208	2961	16.5415	21.2262	1893	15.2265	5	532	0	61	39	5	1.4065e+06	5.17786e-05	0.346	
10996	344	3031	20.694	21.6237	1768	14.8191	9	499	12	66	2	3	1.10464e+06	5.24742e-05	0.414	
11097	222	3028	17.6253	20.2254	1733	18.8014	9	516	6	69	44	4	1.33087e+06	5.12085e-05	0.3997	
11048	208	2961	16.5415	21.2262	1865	15.2265	6	532	0	61	39	5	1.40207e+06	5.18376e-05	0.342	
11400	311	2954	24.7353	26.8929	1843	18.8735	7	527	17	68	70	4	1.03993e+06	5.99449e-05	0.2912	
11200	277	3001	15.2647	23.8115	1739	17.0307	4	512	0	77	7	6	1.33168e+06	5.17866e-05	0.3767	
10385	317	2974	23.3273	28.9461	1855	15.7237	7	508	16	57	30	5	1.0902e+06	6.749e-05	0.1936	
10327	319	3009	23.1539	25.1401	1783	15.2379	5	522	4	58	28	3	1.10793e+06	6.35203e-05	0.2133	
10250	244	3039	24.2952	29.4326	1783	14.6789	8	512	6	57	58	4	1.16364e+06	7.10833e-05	0.1561	
11315	331	3022	16.6515	21.9854	1767	18.7811	9	504	3	81	36	5	1.21598e+06	5.06765e-05	0.4633	
10578	319	2979	17.4354	22.9158	1707	15.5421	5	535	3	79	52	4	1.22097e+06	5.87648e-05	0.2008	
11469	336	2992	18.4979	23.2593	1740	15.1683	4	514	0	65	56	3	1.14365e+06	5.2154e-05	0.4263	
11285	278	2978	22.3647	21.2299	1776	15.7815	9	522	2	61	49	4	1.13156e+06	5.31067e-05	0.3921	
10862	313	3012	17.0558	25.2258	1894	14.5905	5	514	20	66	22	4	1.20667e+06	5.54754e-05	0.2679	
10257	342	3003	23.3307	22.2113	1744	16.1728	5	525	12	59	53	4	1.121e+06	6.36456e-05	0.1825	
11448	304	3013	16.9472	26.6484	1714	16.2302	6	528	17	74	18	4	1.18581e+06	5.42182e-05	0.2935	
10238	282	3034	15.6544	20.039	1782	14.79	7	505	12	60	21	4	1.36808e+06	5.48065e-05	0.2787	
11456	299	2992	20.9494	23.2593	1740	15.1683	4	527	0	65	56	3	1.11661e+06	5.31745e-05	0.3859	
11294	274	3032	17.3805	27.5084	1802	18.6171	8	530	6	83	3	4	1.19741e+06	5.54508e-05	0.287	
10667	281	3007	16.3365	26.4118	1778	14.5699	5	518	14	71	23	3	1.27042e+06	5.82208e-05	0.2197	
11014	307	2958	24.2365	27.0636	1777	18.0831	9	530	6	68	24	5	1.05678e+06	6.11247e-05	0.2578	
11211	254	2969	22.0403	20.8001	1794	16.266	8	532	4	56	30	3	1.16765e+06	5.24466e-05	0.3662	
10602	281	3019	16.3365	26.4118	1778	15.1241	5	518	5	62	23	6	1.28027e+06	5.85035e-05	0.2107	
11469	330	3016	18.5804	25.7757	1797	14.7465	7	524	0	80	18	6	1.11857e+06	5.34759e-05	0.3529	
11214	356	2966	16.4668	22.4346	1773	18.0814	7	511	1	69	31	5	1.20735e+06	5.16742e-05	0.4058	
11200	293	3046	15.5316	25.5126	1739	16.7441	5	530	0	76	12	6	1.28291e+06	5.32198e-05	0.2949	
11111	305	3024	15.9057	23.9936	1882	14.8472	6	516	14	70	12	5	1.2607e+06	5.19454e-05	0.3438	
10974	387	2992	19.5345	25.1109	1895	17.0552	5	506	9	60	6	4	1.09332e+06	5.54877e-05	0.3551	
11146	360	3021	23.0495	22.1176	1748	18.5826	7	496	15	76	23	4	1.06481e+06	5.43833e-05	0.4425	
11026	380	3010	21.2766	28.7342	1741	15.2504	7	511	17	57	23	5	1.04488e+06	6.08532e-05	0.2602	
11447	307	3037	21.318	25.8909	1885	14.7704	5	522	12	59	35	4	1.0884e+06	5.46448e-05	0.372	
11361	348	2950	19.4204	23.0021	1864	14.757	7	500	14	58	26	4	1.11371e+06	5.21594e-05	0.4686	
10269	274	3044	21.1688	23.7826	1773	18.9541	6	514	5	57	67	4	1.1859e+06	6.3861e-05	0.1544	
11223	337	3020	18.4979	23.2593	1743	15.1683	4	514	0	65	16	4	1.14933e+06	5.20644e-05	0.4085	
11215	330	2950	15.1547	24.7201	1848	15.0387	6	528	4	71	34	4	1.27222e+06	5.32822e-05	0.297	
11247	281	3039	18.0699	22.369	1830	16.0669	4	505	3	65	18	6	1.22506e+06	5.07202e-05	0.4628	
10722	371	3026	23.6701	25.9059	1855	15.1232	7	531	6	68	35	5	1.05138e+06	6.11359e-05	0.2535	
10996	312	3029	17.8899	21.6237	1774	14.8191	9	499	18	77	5	4	1.19271e+06	5.12926e-05	0.428	
10267	154	3029	23.3794	28.3305	1763	16.8284	6	534	10	56	20	5	1.40323e+06	6.79717e-05	0.1219	
11126	250	3039	21.4935	21.6513	1722	18.0543	8	524	19	60	61	5	1.18085e+06	5.44811e-05	0.3079	
11211	240	2969	22.0403	20.8001	1794	16.266	8	532	4	56	33	3	1.19161e+06	5.25597e-05	0.3625	
11381	336	3004	23.8998	23.3772	1867	18.6772	7	510	5	66	57	6	1.06085e+06	5.52425e-05	0.4144	
11058	240	2969	18.4858	21.1686	1794	16.266	7	532	4	56	33	3	1.25662e+06	5.20752e-05	0.3182	
10239	377	3021	23.9477	25.4556	1775	16.5607	9	522	17	60	4	4	1.07722e+06	6.44579e-05	0.2226	
11175	333	2990	25	23.0212	1758	14.1876	7	520	16	60	62	6	1.05973e+06	5.74779e-05	0.333	
10051	310	3011	17.1793	22.9577	1759	17.0178	7	534	15	60	32	5	1.2772e+06	6.23286e-05	0.1542	
10901	303	2968	15.1192	26.7448	1764	18.5325	7	533	0	70	26	4	1.30153e+06	5.74218e-05	0.2235	
10330	286	2957	17.8119	21.873	1701	14.747	4	529	14	85	8	5	1.25928e+06	5.79878e-05	0.2284	
11048	340	2993	16.8009	28.1333	1720	15.2243	7	526	2	62	15	3	1.17403e+06	5.79274e-05	0.2432	
11060	271	2958	21.2607	23.3577	1745	16.1267	9	525	8	73	20	4	1.13902e+06	5.51755e-05	0.3308	
10682	379	2975	23.75	26.1575	1863	15.8383	6	527	12	59	6	5	1.0468e+06	6.12895e-05	0.2565	
11476	390	3021	15.1153	27.1595	1877	15.5947	6	535	12	58	69	4	1.23388e+06	5.5063e-05	0.2439	
11447	307	3037	22.4584	27.4163	1869	15.3863	6	529	13	59	38	5	1.06386e+06	5.69833e-05	0.3229	
11469	336	2992	20.9494	23.2593	1740	15.1683	4	514	0	65	56	3	1.092e+06	5.31689e-05	0.4401	
11282	275	2950	15.1547	24.7201	1853	15.0387	5	535	4	70	37	4	1.32248e+06	5.30251e-05	0.283	
11247	341	3039	18.7204	21.9117	1806	16.3681	7	500	14	55	57	6	1.1557e+06	5.19859e-05	0.4457	
11126	250	3039	21.4935	22.0493	1722	18.0543	8	524	19	60	59	5	1.17704e+06	5.47166e-05	0.3029	
11214	356	2966	16.4668	23.3738	1775	18.0814	7	511	7	69	37	5	1.19988e+06	5.27621e-05	0.3618	
10029	384	2965	21.3102	23.5502	1716	18.2754	6	510	4	57	19	3	1.12417e+06	6.45286e-05	0.1799	
10586	248	3019	16.3365	26.4118	1778	15.1727	5	518	5	63	21	6	1.32138e+06	5.85857e-05	0.21	
10923	369	2970	17.5789	28.9444	1890	16.7621	7	534	4	57	25	4	1.13336e+06	6.00781e-05	0.2032	
10316	374	2973	16.9094	27.85	1879	14.812	7	527	12	61	7	6	1.20477e+06	6.23441e-05	0.1687	
11202	294	2952	21.0736	22.6569	1721	16.4986	8	527	20	84	27	4	1.11715e+06	5.40394e-05	0.3731	
10912	343	2981	18.7286	22.6859	1879	16.0914	5	515	2	58	30	5	1.1531e+06	5.39491e-05	0.3385	
10637	388	2973	20.1798	25.1109	1783	17.0552	5	506	8	60	6	4	1.09623e+06	5.84419e-05	0.2876	
10590	347	2981	20.3045	27.1646	1798	15.1324	7	519	4	75	8	5	1.10286e+06	6.10091e-05	0.2467	
11244	387	3050	15.4484	26.276	1818	18.9246	9	523	4	76	54	5	1.2218e+06	5.5057e-05	0.284	
10934	322	2972	15.3532	20.0064	1820	15.7537	6	521	13	67	58	5	1.31887e+06	5.22111e-05	0.3013	
11285	257	3004	23.3048	22.1338	1846	18.8594	5	534	16	55	3	4	1.14839e+06	5.29325e-05	0.3619	
10393	360	2974	24.6381	22.6081	1900	18.5774	7	526	3	58	72	4	1.09213e+06	6.49519e-05	0.2184	
11246	274	3025	23.8915	26.6478	1753	15.5597	7	527	15	57	64	6	1.09122e+06	5.95912e-05	0.2632	
11048	340	2993	22.0261	28.1333	1704	15.2243	7	526	2	62	15	3	1.05061e+06	6.027e-05	0.261	
10910	281	3010	21.1352	23.9053	1777	16.8503	8	507	20	76	11	4	1.13601e+06	5.58784e-05	0.3338	
10934	322	2951	15.1113	20.0064	1820	16.16	6	521	13	58	58	5	1.33543e+06	5.2173e-05	0.3044	
10714	385	3022	16.7383	21.8697	1852	18.8757	9	518	0	74	25	4	1.20083e+06	5.37115e-05	0.32	
11101	273	3011	20.8223	23.6965	1715	17.9845	7	519	10	55	36	5	1.14634e+06	5.52975e-05	0.3202	
10472	346	2955	19.6265	22.9338	1757	18.5564	10	535	10	67	61	6	1.15164e+06	6.15726e-05	0.1696	