11500	398	3010	25	21.7086	1700	15.235	9	533	13	73	3	3	1.00585e+06	5.26371e-05	0.4529	
10222	374	2985	19.8992	27.73	1775	18.7124	6	532	18	55	8	4	1.1228e+06	6.50491e-05	0.0848	
10336	400	3041	25	29.9645	1780	18.9265	8	533	20	55	50	4	1.05515e+06	7.16794e-05	0.0942	
11500	384	3049	15.2356	20	1872	15.122	6	535	4	57	2	3	1.25773e+06	4.55976e-05	0.4375	
10347	338	3038	15	20.6324	1767	17.0447	7	535	18	55	13	4	1.351e+06	5.41712e-05	0.1415	
11500	400	3014	25	29.9957	1772	15.1337	10	534	16	74	28	3	969852	6.12145e-05	0.2775	
11500	400	3050	22.1607	20	1816	15.7665	7	532	12	61	2	3	1.05311e+06	4.87163e-05	0.4438	
10368	400	3009	24.8938	29.6037	1780	18.4503	8	533	20	55	50	4	1.0517e+06	7.11592e-05	0.0969	
10368	400	3047	23.7956	30	1772	18.3183	8	533	17	55	43	4	1.05798e+06	6.9847e-05	0.096	
10448	400	3033	25	29.2773	1757	19	8	533	17	55	42	4	1.04311e+06	6.93866e-05	0.1037	
10547	331	3050	15	21.4597	1778	17.1185	5	534	20	55	11	4	1.33775e+06	5.30223e-05	0.1688	
11500	400	3050	16.281	20	1825	15.7665	7	529	12	61	2	3	1.19233e+06	4.61318e-05	0.4491	
10368	400	3009	23.7956	30	1742	18.3718	5	533	20	55	41	4	1.06074e+06	7.02691e-05	0.09	
10323	400	3043	24.4997	29.2773	1777	18.5601	8	533	17	55	42	4	1.05686e+06	7.00574e-05	0.0981	
11300	364	3041	15.6576	20.2548	1889	15.6939	7	535	13	56	2	4	1.34329e+06	5.50721e-05	0.1262	
10323	400	3043	25	29.2773	1750	19	8	533	17	55	42	4	1.05479e+06	7.06265e-05	0.0992	
10368	388	3009	24.8938	28.9823	1769	18.4503	8	535	20	55	50	4	1.05587e+06	7.05368e-05	0.0985	
10505	400	3045	25	30	1769	18.4503	8	534	19	55	36	4	1.03667e+06	6.90799e-05	0.1068	
10362	400	3043	24.8421	29.9826	1751	18.2953	7	535	13	55	44	4	1.0531e+06	7.08667e-05	0.0999	
10368	393	3047	23.7956	30	1772	18.3183	8	533	17	55	38	4	1.05851e+06	6.95652e-05	0.0967	
10319	363	3045	15.1604	21.0777	1717	16.0764	6	535	18	55	9	5	1.33023e+06	5.46179e-05	0.1304	
11500	395	3033	22.6354	20	1816	16.675	10	535	13	73	5	3	1.04121e+06	4.92611e-05	0.4312	
11500	400	3050	16.281	20	1825	15.2774	7	529	12	60	2	3	1.19249e+06	4.60787e-05	0.4495	
10433	398	3002	21.9505	29.9882	1739	18.7234	8	535	16	55	26	4	1.06494e+06	6.77966e-05	0.093	
10323	400	3043	24.4997	29.2773	1750	19	8	533	17	55	42	4	1.05753e+06	7.0205e-05	0.0959	
11394	400	3045	17.3355	20	1888	15.4944	9	534	19	55	2	3	1.1495e+06	4.68516e-05	0.3778	
10505	395	3045	25	30	1769	18.4503	8	534	19	55	34	4	1.03747e+06	6.89845e-05	0.1076	
11500	398	3010	25	21.7086	1729	15.235	9	533	14	73	3	3	1.00605e+06	5.25458e-05	0.4415	
11500	389	3029	15.2222	20.665	1719	14	7	535	19	55	5	3	1.24269e+06	4.67202e-05	0.3829	
10368	400	3009	24.8938	29.4813	1769	18.4503	8	533	20	55	50	4	1.0521e+06	7.10581e-05	0.0969	
10234	377	2986	21.058	29.6161	1766	18.0293	5	531	14	55	15	4	1.09954e+06	6.80457e-05	0.0881	
10299	376	3043	15	22.1454	1735	16.1917	5	535	17	55	2	5	1.33302e+06	5.52761e-05	0.1157	
11160	400	3050	15.8405	20.1018	1836	16.0861	5	535	19	64	5	4	1.23114e+06	4.78652e-05	0.3514	
10299	354	3045	15.1931	21.0777	1741	16.1917	6	534	18	55	15	5	1.33608e+06	5.51086e-05	0.1258	
11245	398	3046	15.7785	20.3121	1889	15.6939	7	535	15	58	2	4	1.22516e+06	4.73037e-05	0.3661	
10455	380	3050	15	21.2433	1778	18.5472	5	535	20	55	15	4	1.32296e+06	5.38996e-05	0.1478	
10571	398	3005	24.8769	28.0554	1742	17.6809	8	535	19	55	21	3	1.02941e+06	6.59544e-05	0.1398	
10547	370	3050	15	21.2922	1778	15.1301	5	535	18	55	15	4	1.3201e+06	5.29409e-05	0.1694	
10723	400	3021	25	29.8201	1709	18.5234	9	534	16	55	51	3	1.0195e+06	6.79671e-05	0.1284	
11500	400	3046	17.2459	20.0202	1872	15.354	8	535	8	58	2	3	1.15213e+06	4.63242e-05	0.4107	
11500	398	3010	25	21.7086	1729	15.235	9	533	14	73	11	3	1.0068e+06	5.26537e-05	0.4335	
10384	367	3032	15	20.549	1769	17.4925	8	535	18	55	15	4	1.33374e+06	5.40453e-05	0.1472	
11157	394	3038	15	21.4153	1793	15.7619	8	535	19	55	28	3	1.26315e+06	4.9645e-05	0.2883	
11500	400	3050	18.2372	20	1766	15.2761	8	535	14	56	2	3	1.11683e+06	4.69153e-05	0.4364	
11500	397	3048	15	21.3907	1780	14.0957	9	535	19	57	5	3	1.24399e+06	4.69947e-05	0.3691	
11500	399	3043	22.9012	29.5764	1717	17.0337	10	534	15	67	39	3	987339	5.98408e-05	0.2589	
11500	369	3032	16.2796	20	1899	15.7723	7	534	16	59	5	4	1.20905e+06	4.61404e-05	0.4108	
10420	398	3045	25	29.2773	1750	18.4503	6	535	19	55	29	3	1.04449e+06	6.88184e-05	0.1065	
11500	395	3033	22.6354	20	1798	16.675	10	535	13	74	5	3	1.04058e+06	4.93121e-05	0.435	
11500	337	3036	15.2222	20.4945	1768	14	7	535	19	55	5	3	1.275e+06	4.63973e-05	0.3952	
10565	400	3036	25	29.9645	1780	18.9265	8	534	20	55	55	4	1.03542e+06	6.95507e-05	0.1013	
11289	364	3050	18.5111	20	1823	16.1021	7	535	17	60	3	3	1.13624e+06	4.80215e-05	0.3599	
11470	400	3034	15.6986	21.279	1744	15.0021	9	535	16	57	16	4	1.20782e+06	4.78011e-05	0.3618	
10176	375	3050	17.2553	24.158	1769	16.7243	7	529	19	55	8	5	1.21308e+06	5.93895e-05	0.0982	
10299	376	3043	15.1931	22.4543	1735	16.1917	8	535	18	55	2	5	1.31195e+06	5.56886e-05	0.1152	
11500	400	3036	18.4359	20.0493	1900	17.1709	10	534	19	60	7	3	1.11234e+06	4.70854e-05	0.3879	
10774	400	3037	16.3865	21.6526	1746	18.3666	7	534	18	61	29	5	1.21211e+06	5.33504e-05	0.2027	
10680	377	3050	18.6936	23.3798	1816	18.4081	6	535	19	55	33	4	1.13821e+06	5.63349e-05	0.1665	
11500	400	3021	25	29.2606	1763	14.9701	10	534	20	74	22	3	971076	6.02156e-05	0.2793	
10891	394	3043	23.8148	27.3753	1846	16.7621	10	534	15	58	22	3	1.01605e+06	6.09125e-05	0.2067	
11500	400	3035	21.7762	20.4248	1854	16.8544	10	534	8	58	3	4	1.05034e+06	4.89644e-05	0.4283	
11500	400	3033	24.8076	20.1043	1779	17.3504	10	533	19	58	17	3	1.02092e+06	5.11274e-05	0.409	
10234	399	2986	21.3358	29.626	1765	17.8133	5	530	14	55	15	4	1.0897e+06	6.82035e-05	0.0895	
11500	370	3040	15.7306	20	1897	14.9714	4	535	16	63	2	3	1.24066e+06	4.58064e-05	0.4146	
10399	338	3038	15	20.6324	1767	17.0447	7	535	18	55	13	4	1.34674e+06	5.37663e-05	0.1512	
10408	359	3049	15.2669	21.5273	1773	16.018	5	535	19	55	13	4	1.31615e+06	5.43567e-05	0.1345	
10338	400	3045	24.8451	29.8203	1750	19	9	533	17	55	42	4	1.05302e+06	7.09522e-05	0.0968	
11500	400	3034	20.1957	20.1043	1889	18.526	8	533	20	56	2	3	1.07871e+06	4.79294e-05	0.4024	
11500	393	3008	24.8523	27.1289	1847	16.9713	8	535	18	56	22	3	981893	5.77968e-05	0.2968	
10430	373	3022	17.6234	22.026	1865	18.6571	8	535	18	55	25	4	1.18985e+06	5.64653e-05	0.1532	
10768	400	3029	22.0505	27.7125	1764	17.3094	10	534	15	55	48	4	1.0448e+06	6.27983e-05	0.149	
11500	400	3036	18.4359	20.2014	1900	17.1709	10	534	19	60	7	3	1.11067e+06	4.72054e-05	0.3856	
10338	377	3034	15.1789	21.827	1735	16.1917	5	535	18	55	10	4	1.31766e+06	5.52059e-05	0.1233	
11500	400	3040	20.5324	20.0779	1790	14.3513	10	535	13	60	8	3	1.06602e+06	4.81116e-05	0.3988	
10552	399	3002	21.8178	29.8201	1739	18.7927	8	535	16	55	26	4	1.05628e+06	6.64275e-05	0.1022	
10540	398	3031	24.3069	29.2773	1772	18.4503	6	535	18	55	29	3	1.03735e+06	6.71366e-05	0.1144	
11500	364	3036	15.2222	20.4945	1723	14	7	535	19	56	5	3	1.25668e+06	4.65116e-05	0.3876	
10430	398	3028	21.8178	30	1803	18.7927	8	534	18	55	22	4	1.06522e+06	6.70421e-05	0.0942	
10675	400	3034	18.4312	20.7358	1741	17.158	9	535	17	57	21	4	1.14184e+06	5.36222e-05	0.2257	
10587	400	3033	20.7333	25.0608	1755	18.932	9	531	20	55	28	4	1.08066e+06	5.99341e-05	0.152	
10625	400	3031	25	29.2773	1764	18.4503	8	535	18	55	29	3	1.02349e+06	6.69254e-05	0.1289	
11379	400	3044	17.6225	20	1855	15.9657	9	534	19	58	2	3	1.14044e+06	4.71565e-05	0.3772	
10739	391	3047	15	20.788	1765	15.7329	8	534	14	56	27	4	1.29605e+06	5.18403e-05	0.2164	
11500	381	3049	15.1967	20.1018	1820	14	8	535	18	57	2	3	1.25224e+06	4.57666e-05	0.4157	
10497	400	3045	25	29.2773	1764	18.5114	7	535	15	55	36	4	1.03877e+06	6.83387e-05	0.1123	
11500	400	3021	25	27.2934	1757	14.9701	10	534	12	76	16	3	976416	5.79744e-05	0.3446	
10636	400	3050	25	29.8201	1707	18.5234	10	533	17	55	51	3	1.02657e+06	6.85072e-05	0.1183	
11431	400	3043	16.9697	22.5152	1745	14.9894	10	535	20	55	8	5	1.14247e+06	4.92805e-05	0.3298	
11406	396	3041	16.1644	22.5152	1764	16.2033	9	535	20	55	18	4	1.17938e+06	4.94193e-05	0.3095	
11465	400	3031	25	29.9957	1777	16.2412	10	535	16	74	25	3	972099	6.11733e-05	0.2713	
11500	392	3045	15.2356	20	1872	14.7072	8	535	9	55	2	3	1.24843e+06	4.56225e-05	0.4294	
10723	398	3050	23.8581	29.8201	1726	17.6992	10	535	17	60	49	3	1.02785e+06	6.65513e-05	0.1373	
10438	400	3030	20.819	27.4217	1763	17.278	8	535	15	55	16	4	1.08284e+06	6.3004e-05	0.1142	
11391	397	3049	16.808	20.701	1764	15.3314	10	535	20	56	25	4	1.16382e+06	4.81904e-05	0.3578	
10894	391	3042	24.2752	30	1708	18.5181	10	533	19	55	35	4	1.01298e+06	6.53808e-05	0.1609	
10587	400	2995	22.5887	28.0756	1804	17.299	10	535	13	55	44	4	1.04901e+06	6.51678e-05	0.1259	
11443	400	3043	19.3526	20.1043	1879	17.8338	10	535	19	60	12	4	1.09347e+06	4.79869e-05	0.3712	
10610	396	3045	23.2558	30	1773	18.4503	8	533	19	55	34	4	1.04009e+06	6.67156e-05	0.1163	
11032	381	3050	15	21.2922	1780	15.128	5	535	20	56	27	4	1.28603e+06	5.01832e-05	0.2597	
10406	392	3050	17.4673	23.2184	1753	16.5362	6	533	16	57	4	4	1.18483e+06	5.6373e-05	0.1565	
10347	340	3038	15	20.6324	1767	17.0447	8	535	18	55	13	4	1.34867e+06	5.41947e-05	0.1415	
10098	381	3040	17.3786	24.4252	1741	16.6619	6	529	19	55	5	5	1.21419e+06	6.05767e-05	0.0914	
10222	400	2985	19.8992	28.1567	1769	18.7124	6	532	16	55	8	4	1.11433e+06	6.55351e-05	0.0862	
10566	396	3047	25	30	1774	18.4503	8	533	19	55	33	4	1.03128e+06	6.82827e-05	0.1178	
11205	377	3050	19.5305	27.089	1835	18.8522	9	535	16	59	36	4	1.06657e+06	5.68796e-05	0.2192	
11255	399	3038	22.9012	26.8182	1774	17.0337	7	532	15	62	35	4	1.01154e+06	5.79173e-05	0.2741	
11388	378	3050	17.347	20.6126	1899	16.6992	8	535	20	58	3	3	1.15707e+06	4.74181e-05	0.3644	
10533	400	3043	23.393	29.1543	1737	17.5428	8	535	13	55	45	4	1.04836e+06	6.70826e-05	0.1111	
10871	355	3042	18.4146	20.0078	1839	17.849	8	535	16	55	8	4	1.15882e+06	5.07743e-05	0.2867	
10208	400	3044	25	27.6912	1842	14.3233	8	535	13	73	19	3	1.12887e+06	6.43749e-05	0.0872	
11500	395	3033	21.7016	20.4615	1798	16.7933	10	535	13	74	5	3	1.04635e+06	4.91739e-05	0.4213	
11500	336	3050	15.1967	20	1859	15.428	7	535	18	55	3	3	1.28333e+06	4.56809e-05	0.4196	
11120	396	2996	21.7133	28.5021	1857	17.2741	10	533	20	56	12	3	1.01849e+06	5.97122e-05	0.2262	
10435	383	3028	21.0035	28.5985	1765	17.6648	5	534	20	55	9	4	1.08524e+06	6.42591e-05	0.0999	
10435	385	3032	24.6373	29.2773	1770	18.4503	8	535	18	55	29	3	1.04585e+06	6.84697e-05	0.1059	
10852	400	3043	25	30	1723	18.1872	8	533	20	55	42	4	1.01098e+06	6.63438e-05	0.1533	
10681	375	3044	15	20.7856	1779	16.5229	7	534	18	55	13	4	1.30488e+06	5.16316e-05	0.22	
11500	400	3040	24.4214	21.3191	1766	15.0431	9	534	8	57	2	3	1.01457e+06	5.1369e-05	0.4243	
11030	386	3050	16.095	22.2461	1773	15.7311	9	534	14	67	26	4	1.20471e+06	5.14642e-05	0.2635	
11293	400	3045	22.2195	28.3945	1858	16.6552	10	535	15	59	17	3	1.0046e+06	5.83363e-05	0.2598	
11402	361	3032	16.2796	20	1899	15.7723	7	535	16	59	5	4	1.21696e+06	4.662e-05	0.3892	
10871	355	3042	18.4146	20.0078	1839	17.849	8	535	16	55	20	4	1.16065e+06	5.12584e-05	0.2699	
10672	360	3044	15.0401	21.0946	1763	16.2076	5	535	18	55	13	4	1.31269e+06	5.19373e-05	0.2049	
10573	400	2995	24.5968	28.1193	1752	17.3481	10	535	18	55	29	4	1.03037e+06	6.62339e-05	0.1332	
11500	336	3050	15.1967	20	1859	15.428	7	535	18	57	3	3	1.28311e+06	4.5685e-05	0.419	
10252	399	3030	22.0958	29.4121	1767	18.7927	8	534	18	55	26	4	1.08131e+06	6.85918e-05	0.0893	
10590	400	3029	16.4038	22.6188	1790	18.6926	8	535	18	58	26	4	1.21464e+06	5.54293e-05	0.1569	
10652	391	3029	22.5742	27.2265	1779	16.5077	8	535	19	56	16	3	1.04437e+06	6.19348e-05	0.155	
10521	400	3042	20.0877	22.3743	1798	18.2026	10	532	16	58	16	5	1.10502e+06	5.67472e-05	0.184	
10182	318	3030	18.16	26.0579	1785	18.5958	6	533	14	55	2	5	1.20256e+06	6.17627e-05	0.0867	
10347	338	3038	15	20.6324	1767	16.7427	7	535	18	57	13	4	1.35095e+06	5.42535e-05	0.1399	
10347	338	3038	15	20.761	1773	17.0447	7	535	18	55	13	3	1.34759e+06	5.42446e-05	0.1403	
10488	400	3042	20.6975	22.0101	1757	18.4919	7	535	15	55	26	6	1.10662e+06	5.76336e-05	0.1561	
11164	377	3044	15	20.1018	1863	15.386	6	535	17	57	2	4	1.2879e+06	4.73732e-05	0.3598	
11330	400	3036	24.6139	27.6013	1731	14.959	10	535	16	62	36	3	985794	5.93683e-05	0.265	
10981	400	3017	24.8005	29.8201	1705	16.0996	10	534	20	58	40	3	999607	6.49308e-05	0.1809	
11220	396	3048	15.7046	21.2208	1700	14.9459	8	535	18	63	26	3	1.21722e+06	4.94193e-05	0.3027	
11412	397	3043	15	20.1018	1782	15.0354	9	534	19	55	5	3	1.25818e+06	4.64102e-05	0.3919	
10824	400	3050	16.6651	20.0026	1833	16.0861	10	535	19	62	7	4	1.19888e+06	5.02588e-05	0.2782	
10256	318	3030	18.8863	26.0579	1776	18.5958	8	535	14	55	3	5	1.17417e+06	6.15915e-05	0.0949	
11443	369	3032	16.2796	20	1899	15.7723	7	535	16	58	5	4	1.21045e+06	4.64102e-05	0.3968	
11500	397	3050	17.3086	20	1853	15.7921	9	535	15	62	4	3	1.14937e+06	4.64641e-05	0.4082	
11467	379	3032	23.6726	22.894	1794	14	9	535	18	59	19	4	1.01953e+06	5.27343e-05	0.3512	
11098	398	3049	15	20.1018	1757	16.0861	5	535	19	64	39	4	1.28544e+06	4.95663e-05	0.2863	
10399	379	3044	18.2673	26.0226	1753	18.4694	7	535	11	55	10	4	1.15137e+06	6.01757e-05	0.1056	
10950	400	3029	16.2214	21.6771	1763	17.351	7	535	18	56	28	4	1.20663e+06	5.1878e-05	0.2425	
10969	400	3027	15.7929	21.8651	1708	17.2634	5	535	16	57	21	4	1.22824e+06	5.16156e-05	0.2491	
11500	337	3036	15.2222	20.1018	1719	14	7	535	19	55	5	3	1.27748e+06	4.61915e-05	0.3957	
11061	396	3050	15.6791	20.1018	1863	14.9294	8	535	20	61	5	4	1.23749e+06	4.82439e-05	0.329	
11215	400	3050	16.0235	20	1887	17.6469	6	535	16	61	6	4	1.21797e+06	4.75217e-05	0.3606	
10691	400	3043	15.0225	21.5827	1775	18.6207	5	534	18	60	5	4	1.29009e+06	5.21431e-05	0.2079	
11300	399	3038	15.6576	20.0256	1889	15.6939	7	535	13	56	2	4	1.23215e+06	4.6799e-05	0.3824	
10749	398	3021	16.0889	21.1746	1708	16.6059	5	535	20	55	24	5	1.23558e+06	5.27593e-05	0.209	
11220	387	3048	15.7046	21.2208	1700	15.3414	8	535	18	63	26	3	1.22074e+06	4.94462e-05	0.3016	
10683	400	3050	17.1468	20	1726	17.2485	8	535	16	56	11	3	1.18741e+06	5.17866e-05	0.2561	
11500	399	3031	21.4259	20.4248	1854	17.5132	10	534	8	59	3	3	1.05147e+06	4.88448e-05	0.4208	
11500	400	3010	25	20.8833	1729	15.235	9	535	14	73	11	3	1.01194e+06	5.19588e-05	0.4403	
10937	380	3050	16.2583	23.984	1745	16.099	9	535	20	55	22	5	1.1977e+06	5.36653e-05	0.2006	
10723	400	3050	24.0733	29.2081	1713	17.6992	10	535	17	60	51	3	1.02712e+06	6.61376e-05	0.1396	
10399	338	3038	15	21.0472	1767	17.0447	7	535	18	55	13	4	1.34437e+06	5.41126e-05	0.142	
10953	400	3017	24.8005	29.8201	1725	17.293	10	534	18	56	40	3	1.00088e+06	6.52358e-05	0.1757	
10610	394	3026	20.8918	28.8119	1761	19	5	531	19	55	11	4	1.06968e+06	6.31991e-05	0.1244	
10761	400	3045	25	29.2773	1764	18.4503	8	535	14	55	34	4	1.01585e+06	6.57592e-05	0.1503	
10680	377	3050	18.6936	22.6251	1700	18.3022	6	535	19	55	33	4	1.14341e+06	5.5991e-05	0.1768	
10736	395	2992	20.0738	24.07	1856	15.4696	7	535	17	55	19	4	1.08703e+06	5.67795e-05	0.2012	
11500	398	3033	24.1987	20.6146	1798	16.675	10	533	13	71	5	3	1.02104e+06	5.07717e-05	0.4227	
11438	394	3038	19.474	20.733	1858	17.1334	9	535	15	56	14	4	1.08991e+06	4.865e-05	0.3666	
10381	394	3047	18.4363	22.4775	1744	17.7344	6	534	13	58	11	4	1.16009e+06	5.68537e-05	0.1618	
11500	364	3021	17.4697	20	1899	16.7814	8	535	20	58	3	3	1.1621e+06	4.6657e-05	0.3881	
11009	392	3022	22.8786	23.1922	1846	16.0496	8	535	19	61	18	3	1.03808e+06	5.53679e-05	0.2898	
11500	400	3040	24.4214	21.3191	1766	14.8225	9	534	7	58	2	3	1.01474e+06	5.13611e-05	0.4264	
10916	329	3050	15.0856	21.1813	1742	18.5149	9	535	20	59	14	4	1.30347e+06	5.08492e-05	0.2398	
10590	392	3024	16.2115	22.6188	1843	17.6416	8	535	18	55	22	4	1.2252e+06	5.48998e-05	0.1617	
11088	399	3042	23.2552	29.8201	1700	17.4485	8	535	20	60	29	3	1.00619e+06	6.27392e-05	0.188	
10352	322	3020	20.3361	28.3133	1765	18.7066	5	534	19	55	12	4	1.13003e+06	6.45703e-05	0.0856	
10634	388	2995	24.5968	28.0756	1752	17.2735	8	535	16	55	39	4	1.03223e+06	6.60153e-05	0.1384	
10540	398	3031	24.6373	29.2773	1772	18.4503	8	535	18	55	29	3	1.03326e+06	6.74263e-05	0.1159	
10659	370	3040	15.6192	22.1528	1797	16.414	6	535	17	56	8	5	1.26422e+06	5.29129e-05	0.1943	
11248	399	3028	24.6055	28.9114	1708	17.4396	10	535	16	60	37	3	987958	6.17246e-05	0.2283	
10954	346	3040	15.6502	20.2707	1845	14.9707	9	533	18	61	2	4	1.17175e+06	4.80054e-05	0.3499	
10587	399	3033	20.7333	25.0608	1800	18.5526	8	534	19	55	28	4	1.08209e+06	5.97407e-05	0.1459	
11500	400	3042	25	28.3086	1764	14.3233	10	534	13	74	19	3	973283	5.8872e-05	0.2994	
11500	398	2999	24.6374	25.4613	1729	15.235	9	533	15	66	14	3	986224	5.61073e-05	0.3476	
11169	395	3046	15	22.0733	1806	14.9346	8	535	17	63	24	5	1.26152e+06	4.99525e-05	0.2801	
11220	387	3048	15.2555	21.2208	1700	15.3414	8	535	20	63	26	3	1.24684e+06	4.93267e-05	0.2932	
11215	400	3050	16.0235	20	1890	17.6469	6	534	17	61	5	4	1.21857e+06	4.74856e-05	0.3625	
11220	387	3041	15.2555	21.2208	1700	15.3414	8	535	20	59	26	4	1.2498e+06	4.93852e-05	0.2912	
10547	385	3046	16.5725	21.2922	1778	16.5321	5	535	20	55	7	4	1.22457e+06	5.32595e-05	0.198	
11500	395	3050	21.2938	20.3568	1876	16.8955	6	534	20	55	5	3	1.06376e+06	4.84966e-05	0.412	
11387	400	3044	17.6225	20	1889	15.9657	9	534	19	55	2	3	1.14117e+06	4.7019e-05	0.3764	
10970	400	3050	15	21.0099	1753	18.1313	9	535	18	58	19	4	1.27309e+06	5.04108e-05	0.2564	
10675	400	3034	15.2813	21.279	1741	17.158	9	535	18	57	19	4	1.2726e+06	5.27704e-05	0.1905	
10946	396	3047	22.479	30	1774	18.4503	8	533	19	59	33	4	1.02341e+06	6.34236e-05	0.163	
10777	386	3050	16.0889	21.1746	1708	15.3528	7	535	20	56	21	5	1.23221e+06	5.20806e-05	0.2274	
10951	398	3005	23.239	28.0554	1742	17.6809	8	535	20	59	21	3	1.01577e+06	6.16143e-05	0.2	
11387	400	3044	17.6225	20	1889	15.9657	9	535	19	58	2	3	1.14074e+06	4.70433e-05	0.3744	
10782	387	3032	19.2917	20.7619	1802	16.5962	9	535	18	55	12	4	1.11812e+06	5.26787e-05	0.2457	
10608	400	3042	22.6098	29.66	1736	15.9596	9	535	20	55	29	3	1.04281e+06	6.56728e-05	0.1189	
11334	353	3050	15.1967	20.9414	1787	14	7	535	19	57	3	3	1.26666e+06	4.7353e-05	0.3629	
10404	377	3034	15.1789	21.827	1735	16.1917	5	535	18	55	10	3	1.30927e+06	5.46627e-05	0.1341	
10432	400	3017	20.6477	26.1978	1773	15.9238	7	535	20	59	22	4	1.09204e+06	6.19963e-05	0.1302	
11500	398	3005	25	24.1075	1747	15.2632	10	533	15	73	28	3	991083	5.51116e-05	0.3429	
11500	400	3019	19.3526	20.1043	1856	16.3061	10	535	20	59	2	3	1.08791e+06	4.75873e-05	0.3807	
11266	392	3050	18.4021	20.4921	1869	16.9497	8	535	17	65	14	5	1.12612e+06	4.88019e-05	0.3456	
11364	400	3026	22.0505	21.9417	1849	18.008	10	535	17	69	13	4	1.03565e+06	5.15145e-05	0.3537	
10615	394	3021	20.5941	29.3756	1750	19	5	532	16	55	11	4	1.07283e+06	6.37592e-05	0.1196	
10916	329	3050	15	20.4825	1766	17.9032	9	535	19	59	2	4	1.31417e+06	4.96179e-05	0.2854	
10682	398	3050	15.2805	20.698	1795	18.4944	6	535	20	56	15	4	1.28084e+06	5.18592e-05	0.2125	
11500	400	3014	25	27.7224	1749	15.5692	10	534	14	73	28	3	974757	5.87027e-05	0.308	
11088	399	3042	23.2552	30	1700	17.3455	8	535	20	59	29	3	1.00568e+06	6.29683e-05	0.1851	
11500	400	3050	18.2372	20.1325	1766	15.2761	8	535	14	56	2	3	1.11578e+06	4.70234e-05	0.4339	
11500	399	3026	25	27.0565	1829	14.9879	8	534	12	71	16	3	980398	5.74218e-05	0.3264	
10992	397	3040	17.6398	20.2847	1818	15.4509	8	534	17	60	4	3	1.1521e+06	4.96697e-05	0.3105	
11288	361	3047	15	21.3369	1770	16.0704	9	535	17	69	24	5	1.2745e+06	4.88759e-05	0.3113	
10551	400	3047	17.457	20.8191	1779	18.0073	8	535	17	56	16	4	1.18345e+06	5.37981e-05	0.2008	
11464	400	3030	23.5019	29.7773	1772	15.3045	10	535	14	74	28	3	981006	6.01685e-05	0.2604	
10452	394	3022	20.8918	29.4263	1761	19	5	535	16	55	11	4	1.07981e+06	6.52955e-05	0.0908	
11064	381	3048	16.7891	20	1854	15.0418	9	535	19	56	20	3	1.1879e+06	4.90412e-05	0.3175	
11399	400	3033	23.4456	30	1795	17.0654	10	535	13	74	29	3	983744	6.07017e-05	0.2506	
10587	400	2993	23.3032	28.0756	1752	17.2735	10	535	16	55	44	4	1.04244e+06	6.58415e-05	0.1218	
11290	393	3025	18.0444	20.0683	1900	17.9535	8	535	20	59	10	4	1.13858e+06	4.82579e-05	0.3527	
11500	393	3010	23.3055	29.9322	1731	17.6602	9	535	20	59	33	3	984674	6.07644e-05	0.2453	
10926	380	3050	16.2583	23.984	1745	16.099	9	535	20	55	22	5	1.19838e+06	5.37461e-05	0.1986	
10580	392	3037	18.7331	26.9432	1831	18.5611	7	535	17	55	15	5	1.11914e+06	6.00637e-05	0.1237	
11431	400	3043	16.2583	22.5152	1745	15.7531	10	535	20	55	21	5	1.17318e+06	4.94633e-05	0.3086	
10234	380	2986	21.3358	29.6149	1766	18.0293	5	530	15	55	15	4	1.09465e+06	6.82175e-05	0.0878	
11003	400	3031	15	21.6771	1795	15.7619	8	535	17	58	28	4	1.26972e+06	5.09372e-05	0.2502	
10246	369	3033	15.8244	21.2265	1744	17.7672	6	535	14	57	15	4	1.29186e+06	5.61482e-05	0.1181	
10765	382	3040	21.3038	30	1780	18.0904	7	535	19	57	20	4	1.05288e+06	6.37267e-05	0.1293	
10176	394	3050	18.0638	24.8805	1782	16.9715	7	529	19	55	8	5	1.17709e+06	6.04887e-05	0.0997	
10284	376	3043	15.1931	22.1454	1735	15.6287	6	535	18	55	2	5	1.31848e+06	5.54662e-05	0.113	
11500	400	3030	24.5772	20.1043	1889	17.81	10	534	19	58	17	3	1.02549e+06	5.07434e-05	0.3863	
10916	400	3041	19.743	20.6302	1802	15.4212	7	535	13	56	15	3	1.10116e+06	5.17384e-05	0.2875	
10765	377	3040	22.1458	30	1780	18.2394	7	535	19	59	18	4	1.04339e+06	6.40902e-05	0.1384	
10178	382	3040	17.3786	24.4252	1760	16.6619	7	534	18	55	6	4	1.20363e+06	5.97693e-05	0.0942	
10299	374	3043	15	21.015	1735	16.1917	6	535	20	55	2	5	1.33688e+06	5.43419e-05	0.1366	
10579	359	3039	18.6936	24.3755	1732	18.4081	6	535	19	56	24	4	1.1464e+06	5.80349e-05	0.1362	
10756	380	3043	18.4057	22.6991	1830	18.4081	6	535	18	55	39	4	1.14477e+06	5.53159e-05	0.1868	
10563	400	3050	17.3022	20	1730	16.2931	8	535	14	55	19	3	1.19051e+06	5.29998e-05	0.2183	
11500	389	3032	15.2222	20.4945	1719	14	7	535	19	55	5	3	1.24415e+06	4.65484e-05	0.387	
10299	372	3045	15.1931	21.0777	1735	16.1917	6	535	18	55	9	5	1.32611e+06	5.47975e-05	0.1266	
11500	362	3033	17.4585	20	1899	16.7104	7	534	19	59	5	4	1.16674e+06	4.66048e-05	0.3923	
11388	364	3020	18.3959	20.6126	1899	16.6992	8	535	20	58	9	3	1.1312e+06	4.82323e-05	0.3569	
10564	392	3043	18.9441	27.7493	1836	17.1308	8	535	16	55	8	4	1.10852e+06	6.06612e-05	0.1255	
11406	396	3041	16.1644	22.6447	1762	16.2033	9	535	20	55	18	4	1.17854e+06	4.95466e-05	0.3057	
11500	400	3026	25	29.7773	1772	15.1991	10	534	11	73	28	3	970861	6.08273e-05	0.2856	
11092	393	3025	18.2465	20.0683	1900	17.9607	9	535	20	55	14	4	1.13461e+06	4.96303e-05	0.3197	
10551	395	3045	19.3915	24.1272	1769	18.4503	6	534	19	55	30	4	1.12074e+06	5.84693e-05	0.1391	
10962	357	3050	15	21.4085	1769	15.8217	9	535	17	63	19	4	1.28919e+06	5.05561e-05	0.2556	
11500	400	3030	24.5772	20.1043	1853	17.5345	10	534	19	61	17	3	1.02487e+06	5.08104e-05	0.3929	
10430	398	3028	21.8178	29.9621	1739	18.7927	8	534	19	55	22	4	1.06643e+06	6.72314e-05	0.0906	
10449	376	3044	15.1243	22.8147	1735	16.4925	7	535	17	55	2	5	1.30406e+06	5.47675e-05	0.1354	
10299	371	3045	15.1604	21.0777	1739	16.0764	6	535	18	55	9	5	1.32867e+06	5.47675e-05	0.1267	
11500	376	3044	15.7016	20.0188	1848	14.9866	8	534	17	58	2	3	1.22714e+06	4.58779e-05	0.4195	
10515	396	3002	21.9505	29.8201	1744	18.7927	8	535	16	55	26	4	1.05838e+06	6.68449e-05	0.0991	
10566	397	3045	25	29.252	1774	18.5695	9	533	19	55	34	4	1.03075e+06	6.75356e-05	0.1221	
10723	400	3050	25	29.8581	1707	18.5234	10	534	16	55	47	3	1.01878e+06	6.75128e-05	0.1316	
10770	400	3014	22.1274	25.0514	1809	18.175	7	535	20	56	26	4	1.04904e+06	5.90842e-05	0.1791	
10412	348	3028	20.3361	28.5985	1765	17.6648	5	534	20	55	9	4	1.11032e+06	6.40533e-05	0.0923	
11084	379	3041	15	21.6771	1750	15.0037	6	535	15	62	21	5	1.27927e+06	5.01354e-05	0.2752	
10564	392	3045	19.8603	27.7493	1836	17.1308	7	535	16	55	5	4	1.08995e+06	6.09645e-05	0.1324	
10466	387	3025	21.9291	26.1059	1769	19	9	535	19	57	51	3	1.07785e+06	6.42178e-05	0.1097	
10234	380	2987	20.9186	22.9552	1727	18.5581	5	534	15	55	16	4	1.12032e+06	6.10128e-05	0.1156	
11500	399	3036	23.791	23.6748	1803	15.7887	7	535	15	64	30	3	1.00741e+06	5.35303e-05	0.3416	
10451	372	3039	17.6878	21.3182	1748	18.4494	8	535	19	56	22	4	1.19102e+06	5.57134e-05	0.1606	
10943	381	3046	16.7891	20	1854	15.1375	9	535	19	56	20	3	1.19511e+06	4.98455e-05	0.294	
11500	400	3027	24.4057	23.9335	1732	17.7857	9	535	16	71	11	3	995844	5.41947e-05	0.3366	
11500	399	3026	25	26.7494	1829	14.9879	8	534	12	71	22	3	981510	5.7169e-05	0.3223	
10399	338	3033	15	20.8723	1767	17.0447	7	535	18	55	13	4	1.34549e+06	5.40132e-05	0.1457	
10723	394	3050	24.8056	28.9168	1713	17.6992	10	535	17	60	32	3	1.01985e+06	6.54407e-05	0.1597	
11500	400	3036	18.4359	20.0493	1900	17.3696	10	535	19	60	12	3	1.11128e+06	4.72233e-05	0.3831	
11300	391	3050	15	21.5576	1770	15.1301	5	535	20	55	21	4	1.26632e+06	4.86334e-05	0.3204	
11500	400	3042	23.1046	26.9569	1778	14.8865	10	535	16	74	16	3	990021	5.62114e-05	0.3035	
11500	400	3040	24.3293	21.3191	1766	14.8225	9	534	8	58	3	3	1.01471e+06	5.1311e-05	0.4279	
10907	387	3037	19.2917	20.7619	1802	16.5962	7	535	18	55	12	4	1.11643e+06	5.17518e-05	0.2691	
11500	385	3019	24.8523	27.1289	1822	16.9713	8	535	18	56	22	3	985199	5.77601e-05	0.2986	
11003	400	3043	15	21.6771	1795	16.1023	9	535	15	59	28	4	1.26898e+06	5.08621e-05	0.2537	
11382	393	3026	19.8076	22.4013	1858	17.6816	8	535	18	55	10	3	1.06959e+06	5.05663e-05	0.3336	
10976	392	3006	17.6339	20	1808	17.4348	10	535	14	57	6	3	1.15344e+06	5.00576e-05	0.3052	
11500	387	3040	15.7306	20	1897	15.4861	4	535	17	63	2	3	1.23137e+06	4.58316e-05	0.4138	
10814	374	3050	15	21.2527	1778	16.4728	10	535	18	55	15	3	1.28728e+06	5.1164e-05	0.2331	
11500	399	2999	24.6374	23.0034	1800	14.8665	10	535	15	69	11	3	998126	5.34102e-05	0.3913	
11500	400	3045	23.0237	20	1869	15.3621	8	534	16	62	11	3	1.04206e+06	4.92902e-05	0.4039	
10213	399	2986	21.3358	29.626	1768	17.8133	5	530	14	55	15	4	1.09129e+06	6.83854e-05	0.0892	
10691	399	3043	15.0225	21.5827	1775	18.6207	4	534	17	60	5	4	1.29286e+06	5.21213e-05	0.2094	
11073	390	2999	17.6695	23.6371	1815	15.969	9	535	20	59	43	4	1.13276e+06	5.41331e-05	0.2266	
10932	386	3050	15	22.5873	1793	16.8643	8	535	16	66	16	4	1.27201e+06	5.16983e-05	0.2326	
11500	400	3040	23.1089	20.0779	1790	14.3513	10	535	13	60	8	3	1.03377e+06	4.95172e-05	0.4225	
10631	398	3045	24.7953	26.2067	1735	18.7437	7	535	20	56	16	4	1.03396e+06	6.28891e-05	0.1656	
11165	400	3050	22.0505	28.9935	1778	15.9334	10	535	15	58	23	4	1.01351e+06	6.00348e-05	0.2127	
10793	400	3042	21.9922	29.0999	1759	18.6148	5	534	20	55	38	3	1.04405e+06	6.3597e-05	0.1362	
11500	398	3010	25	22.0898	1735	15.235	9	533	14	73	11	3	1.00346e+06	5.29605e-05	0.4247	
11113	381	3046	16.7891	20	1854	15.1375	9	535	19	56	20	3	1.18585e+06	4.87734e-05	0.3272	
10547	331	3050	15	21.2922	1778	17.1185	5	535	20	56	3	4	1.33681e+06	5.25762e-05	0.1816	
10488	382	3050	15.2805	20.4417	1778	19	5	535	20	55	18	4	1.30637e+06	5.32992e-05	0.167	
10965	393	2990	22.57	24.4482	1740	18.8258	10	535	19	57	34	3	1.03177e+06	5.81869e-05	0.2248	
10561	369	3033	15.4714	22.2222	1744	17.3608	6	534	14	57	15	4	1.28058e+06	5.42358e-05	0.1634	
10547	395	3050	15	21.5576	1770	15.1301	5	535	20	55	21	4	1.31075e+06	5.35189e-05	0.1604	
11500	400	3031	19.926	20.0493	1900	17.1709	10	534	19	60	7	3	1.07876e+06	4.77692e-05	0.4019	
11000	381	3042	20.9771	22.1769	1826	16.2544	10	535	11	60	24	4	1.07072e+06	5.34845e-05	0.2807	
11030	400	3050	15.4052	22.2123	1776	16.0595	9	534	16	72	26	4	1.23633e+06	5.13426e-05	0.2535	
10347	347	3038	15	20.6324	1767	17.0328	8	535	18	55	13	4	1.34479e+06	5.41917e-05	0.1417	
11500	394	3010	23.4886	29.9322	1731	17.6602	9	535	20	59	33	3	983010	6.08532e-05	0.2463	
10288	376	3038	15.9593	21.8822	1748	16.8183	6	535	20	57	15	5	1.2771e+06	5.64016e-05	0.1126	
11150	387	3048	15.6728	21.2208	1700	15.3414	8	535	20	63	26	3	1.22556e+06	4.98803e-05	0.2851	
10469	370	3050	15	21.243	1781	15.1301	5	535	18	55	15	4	1.32694e+06	5.35447e-05	0.1523	
10681	338	3044	15	20.8962	1735	16.3619	7	535	19	55	13	4	1.32359e+06	5.18484e-05	0.2065	
10547	385	3046	16.5725	21.2922	1778	17.3856	5	535	20	55	9	4	1.22398e+06	5.34188e-05	0.1949	
11500	400	3043	21.8555	20	1809	15.7665	8	535	12	62	2	3	1.05417e+06	4.86074e-05	0.4396	
10286	366	3046	17.3241	20.4361	1760	15.5684	7	534	18	55	3	4	1.21979e+06	5.47405e-05	0.1677	
10862	357	3034	15	21.6582	1771	19	6	535	20	55	9	3	1.29504e+06	5.13611e-05	0.2317	
10384	380	3031	15	20.7784	1769	17.4925	8	535	17	55	13	4	1.32632e+06	5.41213e-05	0.1462	
10238	374	2985	19.8992	27.6604	1775	18.9919	6	532	17	55	8	4	1.1216e+06	6.48298e-05	0.085	
10796	400	3023	22.0505	23.2079	1761	15.9334	6	535	16	58	23	4	1.05923e+06	5.68085e-05	0.2231	
11500	368	3026	16.4155	20	1899	16.7104	7	534	20	59	5	4	1.20212e+06	4.63006e-05	0.404	
11500	397	3034	15	20.1018	1791	14	9	535	19	57	5	3	1.2541e+06	4.59834e-05	0.4054	
11083	397	3050	19.5305	20.775	1835	18.5804	9	535	16	59	22	4	1.09803e+06	5.11065e-05	0.2963	
11266	392	3050	18.4021	20.4129	1869	16.9497	8	535	17	65	14	5	1.12683e+06	4.87401e-05	0.3467	
11005	382	3050	15	20.403	1767	15.1301	4	534	20	56	31	4	1.29818e+06	4.97983e-05	0.2779	
10590	392	3024	17.5122	22.6188	1843	18.6926	8	535	18	55	26	4	1.17355e+06	5.5732e-05	0.1651	
11376	397	3022	23.5662	27.2114	1795	14	8	535	17	62	25	3	994454	5.76735e-05	0.284	
11331	399	3050	18.5111	20	1823	16.2339	7	535	16	60	6	3	1.12054e+06	4.79042e-05	0.3678	
10098	382	3040	17.3786	24.4252	1741	16.6619	5	529	19	55	5	5	1.21592e+06	6.05547e-05	0.0897	
11353	398	3050	23.8581	20.8544	1742	17.6992	10	535	17	60	21	3	1.02462e+06	5.19994e-05	0.3793	
11500	382	3038	15.8438	20	1883	15.3332	6	535	16	65	2	3	1.22263e+06	4.59179e-05	0.4164	
11060	376	3042	15.3068	20.1018	1863	15.0312	6	535	19	57	2	4	1.27365e+06	4.80492e-05	0.3347	
11391	400	3034	16.808	23.3369	1764	17.1165	10	535	20	57	18	4	1.14381e+06	5.06534e-05	0.2899	
10563	370	3050	15	20.4417	1778	19	5	535	20	55	15	4	1.32342e+06	5.24742e-05	0.1859	
11500	397	3010	22.6047	29.9236	1742	17.2901	7	535	20	59	22	3	991264	6.01214e-05	0.2443	
10614	400	3034	15.6986	21.279	1741	17.158	9	535	16	56	25	4	1.25456e+06	5.36509e-05	0.1772	
11387	400	3044	17.6225	20	1889	16.6026	10	534	19	58	9	3	1.13989e+06	4.72813e-05	0.3719	
10540	400	3045	25	29.2773	1772	18.4026	8	535	14	55	52	4	1.0377e+06	6.87002e-05	0.1098	
10997	399	3018	17.0437	20.5017	1820	15.7123	8	535	20	58	2	4	1.17233e+06	4.97141e-05	0.3011	
10723	400	3050	25	29.8581	1707	18.5234	10	535	16	55	51	3	1.01984e+06	6.7714e-05	0.1258	
11290	399	3050	18.5111	20	1823	16.2339	7	535	17	60	6	3	1.12118e+06	4.81047e-05	0.359	
10352	385	3048	20.3361	27.5491	1765	18.7066	8	534	19	55	12	4	1.10203e+06	6.34478e-05	0.0935	
10231	377	3050	18.6936	23.3798	1833	18.3873	7	535	19	55	33	3	1.1691e+06	6.03027e-05	0.1034	
10913	349	3037	15	20.403	1756	15.8786	6	535	20	56	27	3	1.30816e+06	5.04261e-05	0.255	
11500	400	3030	21.9775	20.1043	1853	17.5345	10	534	19	58	17	3	1.04746e+06	4.92223e-05	0.4056	
10579	364	3039	20.9845	24.3755	1732	18.4081	6	533	19	56	24	4	1.09569e+06	5.91786e-05	0.1568	
10430	392	3022	17.6234	22.6188	1865	18.6926	8	535	18	55	25	4	1.18078e+06	5.69963e-05	0.1403	
10780	399	3043	15.1531	21.1859	1775	15.5371	4	533	20	59	11	4	1.28391e+06	5.12269e-05	0.2405	
11248	400	3028	24.3534	25.9977	1708	17.2308	10	533	16	61	37	3	996312	5.83942e-05	0.2785	
11248	399	3031	25	28.6186	1731	17.2308	10	535	15	58	29	5	988577	6.14062e-05	0.2383	
10680	355	3050	21.3871	23.3798	1820	18.4081	6	535	18	56	29	4	1.09246e+06	5.75043e-05	0.18	
10957	389	3043	15	21.6353	1750	15.8182	6	535	17	62	21	5	1.28195e+06	5.09762e-05	0.2429	
10828	400	3012	16.8764	20	1812	17.4348	10	535	15	57	6	4	1.18808e+06	5.06637e-05	0.2796	
10399	336	3043	15	21.0472	1767	16.9619	7	535	18	55	12	4	1.3455e+06	5.40044e-05	0.1433	
11256	389	3050	17.7584	25.7889	1834	16.5209	10	535	20	56	31	3	1.10753e+06	5.41624e-05	0.2368	
11231	375	3050	17.6581	20	1839	16.8929	7	533	16	61	10	3	1.15961e+06	4.81951e-05	0.3552	
10912	399	3050	15.746	21.6574	1794	18.0533	10	535	16	55	21	5	1.22919e+06	5.15305e-05	0.2422	
11289	400	3044	18.9013	20	1810	15.8804	8	535	18	65	8	3	1.10768e+06	4.84402e-05	0.357	
10256	346	3005	18.7678	26.0579	1782	18.5958	8	535	18	55	3	5	1.16116e+06	6.18276e-05	0.0909	
10912	399	3045	15.746	21.6574	1732	17.886	10	535	16	55	23	5	1.22976e+06	5.18511e-05	0.2314	
11500	398	3033	24.0736	20.6146	1798	16.675	10	533	13	74	5	3	1.02166e+06	5.06919e-05	0.4253	
10785	400	3019	17.9216	22.0635	1792	17.7203	5	535	16	57	34	3	1.15101e+06	5.42859e-05	0.213	
10564	392	3043	18.9441	27.7493	1836	17.1308	7	535	16	55	4	4	1.10925e+06	6.04851e-05	0.1265	
10726	399	3033	20.7333	27.7893	1800	18.5526	8	534	19	59	28	4	1.06403e+06	6.15082e-05	0.1444	
10491	394	3047	17.7159	25.6304	1744	17.9319	6	533	17	55	12	4	1.16047e+06	5.87993e-05	0.1201	
10808	400	3018	20.7333	25.0608	1800	18.5526	8	535	19	57	28	3	1.06473e+06	5.81091e-05	0.1864	
11000	400	3042	18.5884	26.7036	1822	17.5272	7	535	19	58	30	4	1.09481e+06	5.71723e-05	0.1856	
10921	392	3027	15.4547	21.6771	1745	17.397	7	535	18	58	28	4	1.25093e+06	5.19076e-05	0.23	
10592	400	3034	15.6986	21.279	1741	17.158	9	535	15	57	16	4	1.25345e+06	5.33789e-05	0.1843	
10317	400	3033	17.0078	23.7767	1744	16.0689	7	535	14	55	15	5	1.20613e+06	5.82276e-05	0.1073	
10715	400	3029	16.2214	21.6771	1763	17.2494	9	535	18	56	28	4	1.21805e+06	5.36049e-05	0.1885	
10938	400	3039	16.5432	23.7767	1781	15.2703	7	535	17	56	11	3	1.17454e+06	5.29857e-05	0.2239	
10608	400	3040	21.3248	29.8346	1774	15.9596	5	535	20	55	29	3	1.06113e+06	6.50026e-05	0.1096	
10547	381	3050	15	21.2922	1778	15.1301	5	535	20	56	15	4	1.31584e+06	5.30307e-05	0.1645	
11500	393	3003	24.8523	27.1289	1848	17.0844	8	535	18	62	19	3	982573	5.77201e-05	0.2991	
10680	377	3050	18.6936	25.0476	1816	18.4419	6	535	19	55	33	4	1.13036e+06	5.79677e-05	0.1473	
10655	370	3049	15	21.1167	1805	16.4728	10	535	20	56	16	3	1.30112e+06	5.21648e-05	0.1966	
11169	395	3046	15	22.0854	1806	14.9346	8	535	17	62	24	5	1.26178e+06	4.99575e-05	0.2797	
11431	400	3041	16.1644	22.5152	1764	15.7531	9	535	20	55	18	4	1.17687e+06	4.92756e-05	0.3146	
10552	399	3002	21.8178	29.8201	1739	18.5041	5	535	16	55	26	4	1.06023e+06	6.63394e-05	0.1009	
10616	400	3020	21.2867	30	1755	15.3076	9	535	16	56	17	3	1.05302e+06	6.48046e-05	0.1218	
10826	380	3050	15	20.4997	1742	18.5662	8	535	17	62	19	4	1.29394e+06	5.10647e-05	0.2422	
10472	377	3050	19.6735	23.3798	1816	18.3093	6	535	20	55	33	4	1.12844e+06	5.8572e-05	0.1327	
11220	387	3050	15.7822	22.0555	1708	15.3414	8	535	20	63	25	3	1.2114e+06	5.01228e-05	0.2795	
11500	400	3034	22.1607	20	1843	15.7665	7	532	12	59	2	3	1.05328e+06	4.87686e-05	0.436	
11500	398	3000	23.9968	24.1075	1742	14.8665	10	534	15	73	17	3	994518	5.43272e-05	0.3459	
11500	400	3032	21.9775	20.1043	1853	17.5345	10	534	19	58	17	4	1.05182e+06	4.92199e-05	0.406	
10396	392	3037	17.3022	21.5086	1744	17.2485	8	535	18	59	24	4	1.2018e+06	5.62841e-05	0.1468	
11500	398	2999	24.7757	24.1075	1729	15.2632	10	534	15	73	27	3	992016	5.50509e-05	0.336	
10408	394	3047	17.8625	25.6304	1782	18.6225	6	533	17	56	14	4	1.16178e+06	5.95699e-05	0.1103	
10451	372	3039	17.6878	21.1427	1748	18.4494	8	535	19	56	22	4	1.1919e+06	5.55648e-05	0.1643	
11500	400	3035	20.9414	20.4248	1789	16.8544	10	534	8	60	3	3	1.05676e+06	4.8676e-05	0.4046	
11500	399	3042	22.1417	28.3086	1764	14.3233	10	534	13	74	27	3	997685	5.74614e-05	0.2818	
10587	399	3033	20.7333	25.0608	1782	18.5526	9	533	19	55	28	4	1.0808e+06	5.98122e-05	0.1484	
11073	390	2999	17.6695	23.6371	1815	15.969	9	535	20	59	46	4	1.13334e+06	5.4277e-05	0.2244	
10579	364	3039	20.9845	24.3755	1732	18.4081	7	533	19	56	12	4	1.09167e+06	5.86579e-05	0.1677	
11322	392	3026	19.2764	22.1413	1834	15.2292	9	535	18	55	10	3	1.08125e+06	5.03195e-05	0.3321	
10256	348	3014	17.9125	26.0579	1788	18.5958	6	534	18	55	4	5	1.187e+06	6.12632e-05	0.0888	
10522	399	3038	16.1941	21.434	1750	17.3351	7	534	18	61	29	5	1.24223e+06	5.50085e-05	0.1579	
11322	392	3026	19.2764	22.4013	1843	17.6816	8	535	18	55	10	4	1.0844e+06	5.07099e-05	0.3284	
11500	400	3042	25	29.7212	1776	17.9418	10	535	17	62	55	3	973803	6.13572e-05	0.2554	
11500	400	3044	25	27.149	1718	17.5523	10	533	13	69	15	3	977336	5.78135e-05	0.34	
11309	400	3050	18.5111	20	1840	15.6634	7	532	15	56	3	3	1.1211e+06	4.78263e-05	0.3725	
10941	399	3029	22.2189	22.833	1781	16.5077	8	535	18	56	16	3	1.04592e+06	5.51846e-05	0.2573	
11165	400	3050	22.0505	28.4155	1778	15.9334	10	535	15	58	18	4	1.0154e+06	5.92347e-05	0.2286	
11500	391	3015	17.1145	20	1899	15.8046	7	534	20	59	4	3	1.16119e+06	4.65333e-05	0.3944	
11113	400	3046	17.097	20	1850	15.1375	9	535	19	56	20	3	1.16597e+06	4.88926e-05	0.3235	
10219	400	3044	16.0286	21.8793	1770	17.6239	8	535	19	56	2	5	1.26504e+06	5.62398e-05	0.121	
10962	357	3050	15	21.0099	1743	18.0616	9	535	17	58	19	4	1.29271e+06	5.04999e-05	0.2544	
11329	400	3050	25	26.1143	1835	18.5804	7	532	16	55	12	4	995249	5.74218e-05	0.2916	
11168	400	3005	22.5436	29.782	1769	15.5573	10	533	17	55	14	3	1.00331e+06	6.15574e-05	0.2114	
11030	386	3050	15	22.321	1773	16.0595	9	535	19	69	23	5	1.26836e+06	5.12216e-05	0.2449	
11500	394	3038	19.474	20.733	1858	17.1334	9	535	16	56	14	3	1.08534e+06	4.83209e-05	0.3756	
11500	368	3026	16.4155	20	1899	15.4927	7	534	18	59	7	4	1.20353e+06	4.62706e-05	0.4068	
11500	398	3021	25	26.7494	1813	14.0543	10	529	17	65	16	3	980069	5.72541e-05	0.3313	
10613	394	3029	20.8918	28.8119	1764	19	5	532	19	57	11	4	1.06984e+06	6.31074e-05	0.1249	
11174	370	3042	17.3589	20.5283	1839	14.8001	7	535	20	64	4	5	1.17208e+06	4.86547e-05	0.3353	
11500	397	3048	15.6762	20.0811	1861	15.7994	8	535	19	61	5	3	1.21951e+06	4.6013e-05	0.4122	
11210	398	3040	22.2922	28.3758	1777	18.0304	7	535	15	55	19	3	1.01261e+06	5.93366e-05	0.2339	
10590	392	3024	16.2115	22.2716	1843	17.9033	8	533	18	55	22	4	1.22646e+06	5.45881e-05	0.1738	
10176	395	3050	17.2553	24.4252	1769	16.9715	7	529	19	55	8	5	1.2057e+06	5.96766e-05	0.0963	
10803	387	3029	15.6402	21.6771	1833	17.2624	7	535	18	57	28	4	1.24953e+06	5.25348e-05	0.2107	
11047	400	3040	19.4751	26.6522	1775	16.0488	8	534	20	57	22	6	1.07209e+06	5.70321e-05	0.2019	
10759	376	3047	15.1931	22.1454	1735	16.1917	6	535	18	55	8	5	1.28188e+06	5.21866e-05	0.2034	
11500	395	3033	22.6354	20	1776	16.675	10	535	14	74	5	3	1.03977e+06	4.9373e-05	0.4376	
11087	400	3050	15.4052	22.2123	1713	16.0595	9	534	16	72	26	4	1.23294e+06	5.11247e-05	0.2622	
10166	355	3050	18.8321	24.5417	1731	17.9826	7	535	15	55	17	5	1.17524e+06	6.14666e-05	0.0942	
11136	394	3025	23.0218	29.5584	1708	16.0036	10	533	17	59	37	3	1.00589e+06	6.22626e-05	0.2033	
11465	400	3019	24.7352	26.2687	1867	16.5313	8	535	20	62	19	3	985678	5.66861e-05	0.2975	
11263	400	3027	23.2022	25.4964	1807	18.3329	8	532	17	55	22	4	1.00922e+06	5.65451e-05	0.2828	
10840	400	3023	22.5907	26.5179	1721	18.0611	10	534	17	59	40	4	1.03418e+06	6.1065e-05	0.1833	
10452	394	3014	20.8918	29.9413	1761	19	7	535	16	55	11	4	1.07604e+06	6.60415e-05	0.0915	
11500	398	3014	23.9759	21.3547	1790	15.5578	9	535	15	73	2	3	1.01738e+06	5.13084e-05	0.4212	
10763	400	3040	21.9524	29.0392	1731	17.9317	10	535	16	57	31	3	1.039e+06	6.35324e-05	0.1428	
11500	400	3027	23.791	29.3778	1802	14.1119	9	535	16	61	23	3	979574	5.95309e-05	0.2761	
11263	381	3020	23.4489	25.4964	1825	18.1853	8	534	17	55	22	4	1.01429e+06	5.66861e-05	0.2753	
11500	327	3032	16.2796	20	1899	15.8824	7	535	16	59	5	4	1.23601e+06	4.61467e-05	0.4075	
10452	394	3022	20.6705	29.0497	1761	19	5	535	15	55	11	4	1.08409e+06	6.47124e-05	0.093	
10391	400	3034	20.1157	27.0183	1811	17.1673	10	534	16	55	17	4	1.09737e+06	6.24649e-05	0.1135	
10427	376	3044	15.1782	22.8147	1739	15.9992	7	535	18	57	2	5	1.30208e+06	5.49753e-05	0.1314	
10681	338	3044	15	20.6324	1763	16.5229	7	534	17	55	13	4	1.32505e+06	5.15437e-05	0.2247	
10219	400	3044	16.0286	21.8242	1770	17.6239	8	535	19	56	2	5	1.26535e+06	5.61924e-05	0.1227	
11500	400	3046	16.7891	20	1824	15.2761	8	535	8	57	2	3	1.16758e+06	4.62513e-05	0.4295	
10869	400	3042	16.3332	22.4053	1701	17.8244	8	535	15	60	2	4	1.19567e+06	5.2222e-05	0.2388	
10412	400	3043	24.1187	29.2773	1737	18.4957	8	533	14	55	45	4	1.05281e+06	6.90465e-05	0.1029	
11430	393	3025	18.6429	20.0683	1865	17.1636	9	533	19	55	14	4	1.11501e+06	4.79019e-05	0.3754	
10693	400	3049	24.6342	29.8201	1724	17.8062	8	535	16	56	35	3	1.02213e+06	6.67379e-05	0.1389	
11290	394	3050	18.9387	20	1823	16.2339	7	535	17	60	6	3	1.11298e+06	4.82882e-05	0.3575	
10564	399	3042	15.0225	21.5827	1764	18.6207	4	534	17	60	5	4	1.30268e+06	5.3056e-05	0.178	
10823	375	3042	15.9394	21.5396	1795	16.7712	10	535	18	65	35	4	1.23439e+06	5.28989e-05	0.2122	
10659	370	3041	15.7216	21.901	1797	16.2293	6	535	17	57	8	5	1.2603e+06	5.27148e-05	0.2041	
11462	400	3050	19.8497	20.6907	1843	18.1512	8	535	16	67	6	3	1.07778e+06	4.84778e-05	0.3708	
11430	382	3025	18.2465	20.0683	1899	17.3814	9	535	20	55	14	4	1.13034e+06	4.7669e-05	0.3685	
10683	400	3047	17.2905	20.8191	1779	16.67	8	534	17	56	15	4	1.18011e+06	5.25735e-05	0.234	
10380	359	3049	15.2669	21.5273	1772	15.8748	5	535	19	55	13	4	1.31824e+06	5.45345e-05	0.1305	
10430	392	3022	17.8273	21.6548	1865	18.6926	9	535	18	55	25	4	1.17628e+06	5.62588e-05	0.164	
11456	400	3034	19.7162	20.1043	1889	18.526	10	535	20	59	2	4	1.08392e+06	4.79524e-05	0.3846	
11500	400	3014	25	29.9957	1759	15.8694	10	535	14	74	28	3	969955	6.1267e-05	0.273	
10547	370	3050	15.2805	20.4417	1778	19	5	535	20	55	15	4	1.30555e+06	5.26843e-05	0.1869	
10871	321	3049	18.4146	20.6657	1843	17.849	8	534	16	56	20	4	1.17593e+06	5.17036e-05	0.2643	
10547	381	3050	15.3128	21.2922	1778	15.0663	4	535	16	60	15	4	1.29746e+06	5.31604e-05	0.1779	
10962	357	3050	15	21.1206	1742	18.0616	9	535	17	63	19	4	1.29109e+06	5.06124e-05	0.2516	
10566	397	3045	25	30	1774	18.4503	9	533	19	55	34	4	1.03024e+06	6.83714e-05	0.1173	
10406	400	3050	17.0156	23.2184	1753	15.9083	6	533	16	56	14	4	1.20081e+06	5.66219e-05	0.1327	
10539	396	3027	21.1567	20.6721	1735	17.7672	8	535	17	55	17	3	1.09756e+06	5.60255e-05	0.1999	
10513	400	3041	23.393	29.2773	1798	18.4957	8	535	15	55	45	4	1.04947e+06	6.73991e-05	0.1059	
11241	400	3040	25	29.2773	1762	18.4957	9	533	14	55	32	4	986852	6.22239e-05	0.2375	
11430	382	3025	18.2465	20.0683	1899	17.9607	9	535	20	55	14	4	1.12911e+06	4.77213e-05	0.3679	
11003	400	3038	15	20.1098	1795	15.7629	8	535	17	59	31	4	1.28059e+06	4.97611e-05	0.2848	
10540	398	3034	21.9834	28.1929	1780	18.4503	8	535	19	55	32	4	1.06131e+06	6.4512e-05	0.109	
10677	399	3029	20.7062	29.057	1720	16.9879	5	535	15	56	25	3	1.06723e+06	6.33072e-05	0.1265	
10549	393	3006	16.1907	21.1746	1783	15.3597	9	535	20	56	24	3	1.23182e+06	5.42182e-05	0.1729	
10488	400	3042	20.6975	22.0101	1759	18.4694	10	535	13	55	26	6	1.09985e+06	5.76868e-05	0.1586	
10432	400	3018	21.7476	26.1978	1778	18.6293	7	535	20	59	22	4	1.0755e+06	6.28378e-05	0.124	
11434	395	3038	23.4951	23.5705	1884	15.8565	10	533	13	67	25	4	1.01146e+06	5.3322e-05	0.3558	
10325	394	3047	18.4363	26.0175	1744	17.7344	6	534	12	56	11	4	1.15022e+06	6.08458e-05	0.1011	
11500	400	3041	20.9414	20.1567	1789	16.9772	10	534	12	60	3	4	1.06182e+06	4.84402e-05	0.413	
10723	400	3050	24.8056	29.8201	1720	17.6992	10	535	17	60	51	3	1.02112e+06	6.72902e-05	0.1392	
11500	387	3040	15.8019	20.1311	1897	15.4861	4	535	17	63	2	3	1.22605e+06	4.5958e-05	0.4127	
10798	399	3029	22.5742	23.7064	1781	15.5106	8	535	14	56	16	3	1.04386e+06	5.71461e-05	0.2342	
11500	345	3050	15.1967	20.1018	1769	14	7	535	14	57	5	3	1.27564e+06	4.59453e-05	0.4137	
11324	392	3050	18.4021	20.4129	1832	16.7686	8	535	16	57	15	5	1.12472e+06	4.85272e-05	0.3563	
11500	400	3038	22.0571	20	1816	15.7665	7	535	12	61	2	3	1.05379e+06	4.87377e-05	0.4386	
10750	400	3042	15.1678	22.4053	1700	17.8244	8	535	15	60	2	4	1.26699e+06	5.25928e-05	0.1992	
11500	398	3033	22.2912	21.5158	1798	16.0344	10	532	14	74	5	3	1.02981e+06	5.03677e-05	0.3965	
10731	393	3024	16.0889	21.1746	1708	16.6059	5	535	20	55	24	5	1.23841e+06	5.28541e-05	0.2052	
11434	395	3038	23.4951	25.3413	1884	15.8565	8	534	13	68	24	4	1.00389e+06	5.49692e-05	0.3173	
10398	400	3003	16.0889	21.2369	1773	15.3528	5	535	20	56	24	5	1.26035e+06	5.55463e-05	0.1337	
10659	370	3047	15.6192	22.1528	1797	16.414	9	535	16	55	6	5	1.25835e+06	5.27872e-05	0.2023	
11500	400	3036	23.791	30	1803	15.7887	9	535	15	72	30	3	977689	6.02555e-05	0.2661	
11400	393	3025	18.6429	20.0683	1865	17.1636	9	533	19	55	14	4	1.11585e+06	4.80561e-05	0.3702	
10965	393	2990	22.729	24.9634	1740	18.8258	10	535	19	59	34	3	1.02845e+06	5.87441e-05	0.2215	
10780	399	3043	15.1531	21.1859	1766	15.5371	10	533	20	59	13	4	1.27107e+06	5.14007e-05	0.2381	
10871	374	3048	18.4146	20.5984	1776	15.0871	8	535	16	56	20	4	1.14363e+06	5.16129e-05	0.2655	
11063	400	3030	24.4424	28.9114	1708	17.175	8	535	16	62	16	3	999276	6.22278e-05	0.2173	
10225	393	3023	18.3106	25.3145	1775	17.4217	5	531	17	55	5	4	1.16479e+06	6.07275e-05	0.0985	
10647	400	3032	17.6297	22.6305	1708	17.3655	7	535	15	55	21	4	1.16325e+06	5.51968e-05	0.1842	
10378	366	3038	17.5968	23.7785	1763	16.6159	8	532	16	55	17	5	1.18906e+06	5.79912e-05	0.1229	
11493	400	3014	25	26.7494	1763	14.7939	10	535	20	65	23	3	978110	5.75506e-05	0.3192	
10823	375	3050	15.9394	21.5396	1795	16.7712	10	535	17	65	35	4	1.23465e+06	5.2815e-05	0.2136	
10256	348	3014	18.496	26.0579	1776	18.5958	9	534	18	55	4	5	1.16635e+06	6.16713e-05	0.0899	
10871	355	3042	18.4146	20.0078	1839	15.7495	8	535	16	55	20	4	1.15934e+06	5.1096e-05	0.2772	
11263	400	3024	22.0505	28.8647	1842	15.3719	10	535	15	55	19	3	1.00529e+06	5.92663e-05	0.2395	
10921	389	3029	15.8029	21.6771	1746	16.9373	9	535	11	60	21	4	1.22735e+06	5.16769e-05	0.2508	
10608	400	3042	21.3248	29.8346	1736	15.9596	5	535	20	55	29	3	1.06181e+06	6.50999e-05	0.1086	
10647	400	3047	18.0448	23.3641	1708	17.0258	7	535	16	57	26	4	1.14772e+06	5.61388e-05	0.166	
10659	370	3047	15.7216	20.8793	1797	16.414	6	535	17	56	8	5	1.26758e+06	5.17947e-05	0.2313	
11138	377	3034	19.0649	20.5647	1799	14.8239	9	535	16	58	7	3	1.11204e+06	4.98008e-05	0.3258	
11245	397	3044	22.3941	21.3907	1769	14	9	534	20	59	27	3	1.03939e+06	5.21186e-05	0.3327	
11000	400	3043	19.2904	26.7036	1822	15.8877	7	535	18	58	30	4	1.07725e+06	5.73296e-05	0.1925	
11470	400	3034	15.6986	21.279	1751	15.0021	9	535	16	58	16	4	1.20788e+06	4.77852e-05	0.3636	
10244	377	3050	18.6936	23.3798	1816	18.4081	7	535	19	55	33	3	1.16864e+06	6.02736e-05	0.1041	
10652	399	3029	22.5742	27.2265	1781	16.5077	8	535	17	56	16	3	1.04203e+06	6.19118e-05	0.1578	
10491	394	3042	20.6975	22.2848	1816	18.4694	7	535	18	55	10	6	1.10456e+06	5.69379e-05	0.1794	
10683	400	3050	17.3022	20	1759	16.2331	8	535	16	56	19	3	1.18283e+06	5.20373e-05	0.2408	
10931	399	3050	20.2785	20.775	1747	17.2322	9	531	18	61	16	3	1.08632e+06	5.23341e-05	0.2922	
11500	400	3044	19.3755	20	1889	16.2066	10	534	19	56	7	3	1.09094e+06	4.73395e-05	0.3901	
10805	400	3039	18.0372	24.3801	1745	18.4081	6	534	19	55	24	4	1.13402e+06	5.59754e-05	0.1781	
10398	400	3035	16.0889	21.3752	1773	15.3528	5	535	20	55	24	5	1.26058e+06	5.53312e-05	0.1303	
10425	381	3050	15.3128	21.2922	1778	15.3228	4	532	17	59	15	4	1.30677e+06	5.4095e-05	0.1598	
11220	387	3050	15.8082	21.2208	1700	15.3414	8	535	20	63	26	3	1.21516e+06	4.94731e-05	0.2999	
11500	400	3040	19.3526	20.1043	1879	18.042	10	535	18	60	4	4	1.09102e+06	4.75421e-05	0.3835	
11211	397	2972	22.4605	29.2544	1725	17.6472	9	535	20	64	26	3	1.0053e+06	6.13798e-05	0.2099	
10525	396	3047	17.0156	23.2184	1767	15.592	6	533	16	55	19	4	1.19357e+06	5.58503e-05	0.1514	
10406	358	3038	17.8729	20.1105	1775	17.0447	9	535	18	55	13	4	1.19576e+06	5.44811e-05	0.1783	
11500	389	3045	20.8249	20	1833	15.0235	9	535	6	59	2	4	1.07379e+06	4.7957e-05	0.4384	
11500	400	3021	25	28.3441	1756	14.9701	10	534	16	72	16	3	972679	5.91331e-05	0.2935	
10647	400	3033	18.0448	21.8651	1753	16.9567	8	534	16	58	41	3	1.15524e+06	5.56112e-05	0.1806	
10590	400	3029	16.4038	22.6188	1799	18.6926	10	535	18	58	27	4	1.21176e+06	5.55124e-05	0.1592	
10451	372	3039	17.6878	22.6682	1748	18.4494	8	535	19	56	22	4	1.18435e+06	5.69022e-05	0.1331	
10368	400	3009	24.8938	29.6037	1780	18.4503	8	533	20	55	50	4	1.0517e+06	7.11592e-05	0.0969	
10686	377	3050	19.1634	23.3798	1816	18.4081	6	535	19	55	33	4	1.12541e+06	5.65195e-05	0.1709	
10299	372	3045	15.1931	21.0777	1735	16.1917	6	535	17	55	9	5	1.32597e+06	5.47855e-05	0.1277	
11500	400	3030	24.5772	20.1637	1842	17.5345	10	534	20	55	17	3	1.02292e+06	5.09139e-05	0.3937	
10246	364	3035	16.0101	20.5479	1744	17.3641	6	535	14	56	21	4	1.29073e+06	5.59284e-05	0.1286	
11206	400	3050	15.3512	20	1866	15.7736	10	534	18	57	2	3	1.24564e+06	4.71587e-05	0.3642	
10916	329	3050	15	20.4825	1749	17.9032	9	535	17	59	12	4	1.31446e+06	5.00425e-05	0.2734	
10399	379	3047	18.0542	25.7693	1753	15.2413	7	534	11	55	10	4	1.15824e+06	5.94778e-05	0.1159	
10640	365	3026	20.3361	28.4008	1729	18.7066	6	534	20	55	6	3	1.08421e+06	6.21079e-05	0.1272	
10762	372	2992	20.0738	24.07	1842	15.4696	7	535	17	55	19	4	1.09413e+06	5.66476e-05	0.2036	
10418	371	3030	18.6021	21.001	1717	18.1973	7	535	18	55	13	4	1.16569e+06	5.57693e-05	0.1686	
11350	385	3005	19.1773	27.3753	1872	16.7621	7	535	20	55	17	4	1.06334e+06	5.5894e-05	0.2473	
10555	400	3037	18.0448	21.8651	1753	16.9567	8	534	16	56	20	4	1.1579e+06	5.51633e-05	0.1873	
11169	395	3046	15	21.9059	1800	14.9346	8	535	17	63	24	5	1.26254e+06	4.98231e-05	0.2834	
10723	400	3050	25	29.8201	1707	18.5234	10	535	16	55	51	3	1.01981e+06	6.76682e-05	0.126	
11500	400	3021	25	27.8586	1757	14.9701	10	534	12	73	18	3	974491	5.86132e-05	0.3128	
11500	395	3001	21.0584	21.8255	1798	15.7593	9	535	20	61	10	4	1.04793e+06	5.03145e-05	0.3643	
10628	400	3042	21.3248	29.8346	1736	15.6747	5	535	20	56	28	3	1.05993e+06	6.48172e-05	0.1136	
10675	400	3036	15.6986	21.279	1741	16.953	9	535	18	58	20	4	1.24794e+06	5.29325e-05	0.1938	
10862	400	3045	16.7906	23.573	1703	16.3235	10	532	20	57	18	4	1.17023e+06	5.3952e-05	0.2038	
10908	391	3031	24.8005	24.2252	1705	17.293	10	535	16	58	40	3	1.02079e+06	5.9641e-05	0.2275	
10597	380	3050	15	21.2433	1778	18.5472	5	535	20	55	15	4	1.31149e+06	5.28318e-05	0.1743	
11431	400	3043	15.7918	22.5152	1745	16.3937	8	535	20	61	12	5	1.1972e+06	4.90846e-05	0.3117	
10967	394	3043	23.8148	27.0203	1846	16.7621	10	531	18	58	42	3	1.0138e+06	6.07017e-05	0.2118	
10984	400	3050	16.557	20	1809	16.0605	10	535	20	62	9	4	1.19429e+06	4.93291e-05	0.3097	
10473	395	3042	15.4481	22.5054	1770	15.8257	9	535	18	56	4	5	1.27209e+06	5.44662e-05	0.1441	
10944	381	3048	16.7891	20	1785	15.1375	9	535	19	56	14	3	1.19272e+06	4.9729e-05	0.301	
10894	385	3042	24.3453	24.107	1808	18.5275	10	533	20	55	35	4	1.02843e+06	5.88755e-05	0.221	
11129	400	3040	19.4847	25.9171	1775	16.0488	8	534	20	56	22	6	1.07113e+06	5.57289e-05	0.2291	
11186	375	3050	19.5305	20.775	1835	18.5804	9	535	15	60	22	4	1.10379e+06	5.04515e-05	0.3186	
11061	396	3050	15.6791	20.1018	1863	14.9294	8	535	20	61	2	4	1.23768e+06	4.81394e-05	0.3291	
10392	400	3043	18.9441	27.0859	1847	18.3984	7	535	16	55	2	4	1.12215e+06	6.10986e-05	0.1081	
11500	394	3045	21.2938	20.3568	1876	16.8955	8	534	20	55	5	3	1.06249e+06	4.85484e-05	0.4052	
11215	391	3044	17.2474	20	1897	17.6469	6	533	17	61	5	4	1.17084e+06	4.79432e-05	0.3625	
11278	384	3050	19.24	20.4129	1852	17.3844	8	535	17	65	8	5	1.11002e+06	4.89524e-05	0.35	
10838	360	3044	15	21.0946	1763	16.2076	7	535	18	55	13	4	1.29943e+06	5.0813e-05	0.2474	
11500	336	3050	15.1967	20	1859	15.428	8	535	18	57	3	4	1.28365e+06	4.57059e-05	0.4169	
11500	398	3005	25	24.1075	1732	15.2632	10	533	15	73	28	3	991208	5.51572e-05	0.3408	
10579	372	3050	18.6936	24.3755	1765	18.4081	7	535	18	56	33	4	1.14182e+06	5.82988e-05	0.1358	
11256	389	3050	17.7584	25.7889	1716	16.5209	10	535	20	55	31	3	1.11007e+06	5.45554e-05	0.2364	
10852	400	3043	25	30	1723	18.1872	8	533	20	55	50	4	1.01267e+06	6.668e-05	0.145	
11220	400	3003	20.8078	23.1922	1823	17.8212	10	533	16	63	18	3	1.04661e+06	5.32113e-05	0.3046	
11443	400	3042	19.3526	20.1043	1879	18.6514	10	535	19	60	12	4	1.0929e+06	4.80769e-05	0.3694	
11301	400	3022	22.4957	29.7911	1787	15.5932	10	535	17	55	15	3	997024	6.0529e-05	0.2232	
11279	355	3048	17.9555	20.5283	1839	15.0285	5	534	20	61	8	5	1.16439e+06	4.83629e-05	0.3493	
11500	393	3050	21.8555	20	1816	15.7665	7	535	12	58	2	3	1.05833e+06	4.85107e-05	0.4372	
10234	400	3019	20.9968	25.9112	1794	18.42	8	534	20	55	11	5	1.10068e+06	6.33673e-05	0.1048	
10969	349	3037	15.4312	20.6274	1756	15.1675	6	535	20	56	27	3	1.27582e+06	5.03398e-05	0.2693	
11155	400	3050	16.6651	20.0026	1833	16.0861	10	535	19	64	5	4	1.18318e+06	4.81672e-05	0.3426	
11500	400	3034	19.3526	20.1043	1856	18.526	10	535	20	59	2	3	1.08852e+06	4.76485e-05	0.3775	
10884	400	3042	15	21.6771	1795	15.7619	8	535	17	58	23	4	1.27619e+06	5.14165e-05	0.2281	
10525	396	3047	17.0156	23.2184	1801	15.592	6	533	15	55	19	4	1.19321e+06	5.57569e-05	0.1574	
10934	394	3048	16.5054	23.6201	1856	15.9678	8	533	17	55	8	3	1.17766e+06	5.24879e-05	0.25	
11500	369	3032	17.55	20	1899	15.7723	7	534	16	59	5	4	1.1599e+06	4.65853e-05	0.3977	
11107	400	3040	19.4847	26.9667	1792	16.0238	8	534	15	59	12	3	1.06168e+06	5.65547e-05	0.2227	
10540	394	3042	20.6975	21.9517	1816	18.4694	7	535	18	55	10	5	1.10269e+06	5.62272e-05	0.1932	
10210	389	2985	19.3536	26.8084	1745	18.7663	6	532	16	55	9	3	1.13185e+06	6.38733e-05	0.0883	
11500	397	3050	17.8187	20	1843	15.254	8	535	13	62	4	3	1.1325e+06	4.66353e-05	0.4082	
10504	392	3043	19.5803	26.9022	1836	17.1308	7	535	17	55	5	4	1.10322e+06	6.03682e-05	0.1311	
10871	355	3030	18.4146	20.0078	1839	17.849	8	535	16	55	20	3	1.15778e+06	5.13479e-05	0.2708	
11030	360	3050	15.4052	22.2123	1871	16.0595	9	534	19	67	26	3	1.25214e+06	5.10386e-05	0.2627	
10524	400	3009	23.7956	30	1780	18.4503	5	533	20	55	50	4	1.04853e+06	6.90512e-05	0.1002	
10546	400	3047	23.654	24.8946	1767	17.2735	10	535	19	55	44	4	1.04984e+06	6.25743e-05	0.1381	
11500	396	3015	24.4855	27.2934	1757	19	10	534	12	76	16	3	979907	5.7857e-05	0.3148	
11496	400	3034	22.8145	28.7924	1733	15.612	10	534	13	63	25	4	991794	5.86338e-05	0.2722	
11500	400	3035	25	24.6861	1748	14.3233	9	533	12	74	44	3	989315	5.56576e-05	0.3387	
10985	400	3021	22.7567	24.8495	1787	17.6469	10	535	15	56	14	3	1.02411e+06	5.72115e-05	0.2393	
10826	380	3050	15.5676	20.8982	1744	18.5662	7	535	17	64	19	5	1.25933e+06	5.15597e-05	0.2417	
11317	347	3050	15.1967	20.9414	1787	14	7	535	19	57	3	3	1.27085e+06	4.74338e-05	0.3603	
10549	382	3006	16.2106	21.1746	1708	15.3528	7	535	20	56	24	4	1.24207e+06	5.43951e-05	0.1669	
11500	400	3046	16.7891	20	1824	15.2761	7	535	8	58	2	3	1.16972e+06	4.62449e-05	0.4294	
11500	398	3040	17.3678	20	1877	17.3203	6	535	13	61	7	3	1.15257e+06	4.66505e-05	0.4011	
10765	382	3040	21.3038	30	1780	18.0904	7	535	19	60	20	4	1.05303e+06	6.36618e-05	0.1343	
11134	393	3038	23.4886	29.9322	1731	17.6602	9	535	16	59	30	3	1.00228e+06	6.26959e-05	0.1985	
10710	400	3041	15	21.7856	1816	16.1435	6	535	15	57	21	5	1.29348e+06	5.25707e-05	0.1965	
11255	399	3038	22.9012	26.8182	1774	17.0337	9	532	15	62	16	4	1.00824e+06	5.74878e-05	0.2769	
10771	386	3032	16.1941	21.6526	1782	16.4054	9	535	18	55	27	5	1.22211e+06	5.29437e-05	0.2045	
10682	377	3050	15.2805	20	1795	18.5996	6	535	20	56	21	4	1.29532e+06	5.16156e-05	0.2225	
10805	400	3035	23.9626	25.2142	1749	18.4081	6	534	17	55	24	4	1.03153e+06	6.00925e-05	0.1977	
11500	400	3042	25	28.5048	1776	17.9418	10	535	17	62	55	3	975642	5.99844e-05	0.2686	
10842	387	3029	17.8102	21.1769	1807	17.3315	7	535	18	56	14	4	1.1559e+06	5.20373e-05	0.2551	
10938	400	3039	16.5432	24.554	1781	15.2703	7	535	17	56	11	3	1.17084e+06	5.37577e-05	0.2088	
11500	382	3036	18.2365	20	1864	15.1835	9	535	9	65	2	3	1.12558e+06	4.68209e-05	0.4008	
11391	400	3034	16.9875	23.3369	1764	17.1165	9	535	16	58	16	4	1.1387e+06	5.06355e-05	0.3006	
11151	400	3034	22.8145	25.1946	1865	15.7307	7	534	20	63	23	4	1.02249e+06	5.62145e-05	0.2678	
11388	364	3020	18.3959	20.6126	1899	16.6992	8	535	20	58	3	3	1.13035e+06	4.80792e-05	0.3612	
10608	336	3032	18.2187	20.9952	1742	17.7726	5	535	17	55	4	3	1.18123e+06	5.34359e-05	0.214	
11220	400	3003	20.8078	23.1922	1823	17.1644	10	533	16	63	18	3	1.0469e+06	5.31576e-05	0.3054	
11255	396	3038	22.9012	27.726	1774	17.8007	7	535	15	61	35	4	1.01014e+06	5.89727e-05	0.252	
10970	400	3021	20.5111	20.5647	1702	14.8239	10	535	16	58	15	3	1.07839e+06	5.21839e-05	0.2977	
10448	400	3031	25	29.2773	1757	19	8	535	17	55	29	4	1.04089e+06	6.87758e-05	0.1084	
11044	400	3043	19.5735	20	1889	16.6886	10	534	19	57	14	3	1.10091e+06	5.02185e-05	0.3442	
10547	370	3050	15	21.2922	1778	15.1301	5	535	18	55	12	4	1.31931e+06	5.27899e-05	0.1746	
10818	379	3050	15	20.5565	1779	16.4769	5	535	20	59	15	4	1.30033e+06	5.05842e-05	0.2494	
10837	399	3050	15.9394	21.6865	1794	15.5277	10	535	16	55	25	5	1.2234e+06	5.2021e-05	0.2277	
10552	396	3002	21.9505	29.8201	1739	18.7927	8	535	16	55	26	4	1.05527e+06	6.65026e-05	0.1027	
11171	385	3005	19.1773	27.3753	1872	16.7621	7	535	20	55	17	4	1.07037e+06	5.68343e-05	0.222	
10854	391	3029	15.4547	21.5931	1763	16.8427	7	535	18	56	28	4	1.25602e+06	5.21404e-05	0.2181	
11098	398	3049	15	20.3492	1749	15.9765	7	535	18	59	34	4	1.27849e+06	4.95025e-05	0.2895	
11290	393	3025	18.0444	20.0683	1900	17.9607	9	535	20	58	14	4	1.13613e+06	4.83957e-05	0.3471	
10970	385	3050	20.5111	20.5647	1702	15.216	10	535	15	58	7	3	1.08473e+06	5.16769e-05	0.3018	
11430	382	3025	18.2465	20	1899	18.1747	9	534	20	58	14	4	1.13022e+06	4.77054e-05	0.3721	
11500	398	3010	25	22.0777	1735	15.235	9	533	14	73	11	3	1.00433e+06	5.29493e-05	0.4254	
11500	400	3028	20.642	20.4248	1854	17.518	10	534	8	57	7	3	1.06316e+06	4.85673e-05	0.3998	
10677	400	3035	20.7062	28.6038	1708	17.0359	6	535	15	56	21	3	1.06554e+06	6.25978e-05	0.1323	
11152	399	2992	20.0134	22.094	1833	15.363	9	534	20	62	11	4	1.07326e+06	5.19508e-05	0.3039	
10976	394	3028	21.6006	30	1775	15.8917	5	535	17	55	23	5	1.03648e+06	6.25e-05	0.1671	
11044	400	3043	19.5735	20	1889	17.1709	10	534	19	57	14	3	1.10042e+06	5.02538e-05	0.3421	
10808	396	3018	20.8652	25.0608	1800	18.5526	8	534	19	58	28	3	1.06368e+06	5.81598e-05	0.1909	
10299	376	3043	15.1931	22.1454	1735	16.1917	5	535	18	55	2	5	1.31937e+06	5.53587e-05	0.1138	
10965	393	3009	22.729	24.9634	1740	18.8258	10	535	19	59	34	3	1.02893e+06	5.8548e-05	0.2214	
10406	400	3050	17.0156	23.2184	1753	15.9083	6	533	16	56	18	4	1.20175e+06	5.68376e-05	0.1279	
10225	393	3022	18.3106	25.3145	1775	18.1609	5	531	17	55	5	4	1.1649e+06	6.08014e-05	0.0956	
10610	396	3050	23.2	30	1773	18.4503	8	533	19	56	34	4	1.0409e+06	6.664e-05	0.1177	
11330	395	3036	24.6139	27.6013	1731	14.959	10	535	16	58	36	4	988558	5.94283e-05	0.261	
11313	393	3026	19.8076	22.4013	1843	17.6816	8	535	18	55	10	4	1.07441e+06	5.0984e-05	0.322	
10625	400	3031	25	29.4986	1756	18.4503	8	535	18	55	29	3	1.02337e+06	6.72043e-05	0.1266	
11500	372	3048	15.892	20	1779	15.0312	9	535	16	61	2	4	1.21892e+06	4.61106e-05	0.4148	
11030	391	3045	25	27.7129	1725	18.4503	8	535	14	55	52	4	1.00717e+06	6.27077e-05	0.1923	
10587	398	2981	24.0062	28.169	1751	18.2006	10	535	15	55	46	3	1.03508e+06	6.67512e-05	0.1187	
10631	398	3029	24.7953	26.2067	1735	18.7437	7	535	20	56	16	4	1.03357e+06	6.30636e-05	0.1656	
10897	400	3029	20.7062	26.1913	1720	17.0359	6	535	15	56	25	3	1.05904e+06	5.84283e-05	0.2036	
11152	399	2992	20.0134	21.665	1846	16.2088	9	534	20	55	11	4	1.07681e+06	5.1581e-05	0.3037	
10614	400	3034	15.6986	21.279	1741	17.158	9	535	16	57	16	4	1.25164e+06	5.31943e-05	0.1897	
10222	400	2995	19.8992	28.1567	1769	18.7492	6	534	19	55	8	4	1.11542e+06	6.55008e-05	0.0849	
11313	393	3026	19.8076	22.4013	1815	17.5354	8	535	18	58	10	4	1.07427e+06	5.10569e-05	0.3275	
11106	400	3050	15.8884	20.1018	1851	16.0861	9	535	19	59	9	4	1.22244e+06	4.82742e-05	0.3372	
11431	400	3033	23.4456	30	1765	17.0654	10	535	13	74	28	3	982486	6.06244e-05	0.2511	
11500	400	3039	19.3526	20	1845	18.526	10	535	20	59	5	3	1.08914e+06	4.76259e-05	0.3794	
10391	400	3034	20.1741	27.0183	1811	17.1673	10	534	16	55	20	4	1.09713e+06	6.26488e-05	0.112	
10396	400	3025	18.3106	25.3145	1763	18.1609	7	531	16	55	10	4	1.14574e+06	5.95912e-05	0.1171	
11500	364	3021	18.3959	20	1899	16.6992	8	535	20	58	3	3	1.13505e+06	4.70102e-05	0.385	
10985	400	3021	22.7567	29.8946	1788	17.4494	10	535	15	56	18	3	1.01184e+06	6.29208e-05	0.1831	
10573	400	3050	23.654	28.5918	1767	17.2735	10	535	16	55	44	4	1.041e+06	6.60895e-05	0.119	
10547	370	3050	15	20.4417	1778	18.233	5	535	20	55	15	4	1.32441e+06	5.2499e-05	0.1834	
10985	399	3044	22.7567	29.8946	1788	17.169	10	535	15	56	17	3	1.01266e+06	6.26213e-05	0.1845	
11423	398	3042	23.8265	30	1742	17.2328	7	535	20	60	13	6	988862	6.0794e-05	0.2412	
11330	395	3045	24.4658	27.6013	1731	14.8541	10	535	16	56	36	4	989973	5.92768e-05	0.2583	
10803	396	3027	20.7713	24.5174	1724	15.7739	8	535	17	59	17	3	1.06566e+06	5.70744e-05	0.2168	
10405	400	3050	17.5343	22.985	1733	16.9922	8	535	15	58	22	4	1.18238e+06	5.72935e-05	0.1297	
10805	400	3039	18.4788	24.3801	1744	18.3473	6	534	19	55	24	4	1.12132e+06	5.61545e-05	0.1821	
10736	400	3016	22.4957	29.7946	1787	17.8633	9	535	17	55	7	3	1.03029e+06	6.41725e-05	0.153	
11500	400	3042	23.8284	20	1832	15.354	8	535	8	56	2	4	1.03791e+06	4.97438e-05	0.4172	
10680	359	3050	21.8931	23.3798	1816	18.4081	6	535	18	55	29	4	1.08323e+06	5.78336e-05	0.1804	
11500	344	3048	15.1967	20	1839	15.428	7	535	20	55	3	3	1.27659e+06	4.57477e-05	0.4164	
11500	398	3012	25	26.7494	1813	14.0543	10	529	17	65	16	3	979697	5.73427e-05	0.3314	
11155	400	3050	16.6651	20.0026	1800	16.0861	10	535	19	64	5	4	1.18162e+06	4.82532e-05	0.3468	
11500	400	3044	17.8757	20	1889	15.4602	10	534	19	56	7	3	1.12763e+06	4.66788e-05	0.3905	
11030	378	3047	15.4058	22.0043	1773	15.8543	9	534	19	67	26	3	1.24436e+06	5.10986e-05	0.2528	
10348	398	3034	20.406	26.3664	1739	16.89	7	535	20	56	12	5	1.1034e+06	6.22898e-05	0.1119	
11174	400	3050	18.6688	20.1018	1836	16.0861	8	535	19	64	5	4	1.11965e+06	4.88711e-05	0.3398	
10887	349	3037	15	20.403	1756	15.1675	7	535	20	56	27	4	1.30978e+06	5.05945e-05	0.2474	
11065	398	3050	20.2785	20.7125	1749	17.2322	9	531	18	60	16	3	1.08193e+06	5.1398e-05	0.3167	
11500	400	3036	18.2372	25.595	1766	15.2761	8	534	17	56	2	3	1.08013e+06	5.24356e-05	0.2947	
10225	395	3040	19.3662	23.7767	1779	16.2842	7	533	17	55	2	5	1.13962e+06	5.93824e-05	0.1281	
10680	359	3050	18.6936	23.3798	1816	18.4081	6	535	18	55	33	4	1.14586e+06	5.63253e-05	0.1682	
11298	400	3040	25	29.2773	1762	18.4957	9	533	17	55	32	4	983971	6.18544e-05	0.2419	
10941	398	3035	22.0938	30	1880	16.7349	8	535	18	58	22	4	1.02462e+06	6.25352e-05	0.1761	
10709	385	3042	16.1295	21.2922	1797	17.3856	5	535	20	57	30	3	1.23587e+06	5.3118e-05	0.192	
11133	392	3023	17.4607	20	1808	17.4348	10	535	17	57	6	3	1.15291e+06	4.8938e-05	0.3344	
10835	385	3025	22.0417	25.4438	1835	16.7968	8	534	17	57	17	3	1.04624e+06	5.82343e-05	0.2082	
11500	400	3021	25	28.3441	1756	14.5527	10	534	20	74	7	4	974670	5.90458e-05	0.2942	
11086	400	3036	22.458	29.8587	1731	16.2205	7	535	20	61	22	4	1.01485e+06	6.20386e-05	0.1863	
10846	400	3046	16.4442	21.4715	1769	16.6681	10	534	18	61	34	4	1.20032e+06	5.27009e-05	0.2222	
11411	400	3044	15.6192	22.1528	1765	18.3649	9	535	15	59	4	3	1.20332e+06	4.8676e-05	0.3294	
10325	400	3035	17.5603	25.9112	1794	18.3434	8	535	17	55	9	5	1.17481e+06	6.03828e-05	0.1005	
10504	363	3034	19.8353	27.0183	1781	17.3815	10	535	19	56	20	4	1.10669e+06	6.16637e-05	0.1131	
10547	347	3050	15.8539	21.2922	1778	16.6179	5	535	20	55	19	4	1.27892e+06	5.35561e-05	0.1678	
10647	400	3047	18.0448	23.3641	1708	17.3655	7	535	16	57	26	4	1.1481e+06	5.61735e-05	0.165	
10488	400	3042	20.6975	22.0101	1757	16.9183	7	535	13	55	19	6	1.10466e+06	5.71102e-05	0.1737	
10894	385	3042	24.3453	30	1818	18.5275	10	533	20	55	35	4	1.01275e+06	6.50364e-05	0.1674	
10960	394	3035	22.0938	30	1880	16.615	8	534	17	58	23	3	1.02333e+06	6.24025e-05	0.1836	
11500	400	3043	24.5772	21.0622	1853	17.5345	10	534	19	58	17	3	1.01504e+06	5.1435e-05	0.3818	
10970	385	3050	20.5111	20.5647	1702	14.8239	10	535	15	58	7	3	1.08494e+06	5.16502e-05	0.3031	
11132	391	3025	18.0444	20.0683	1883	15.7408	9	535	16	55	14	4	1.14046e+06	4.91449e-05	0.3325	
11088	400	3042	24.212	29.8201	1700	17.4485	8	535	20	60	29	3	998948	6.32711e-05	0.1969	
11500	400	3034	20.1957	20.1043	1787	18.526	9	533	20	56	2	3	1.07378e+06	4.82207e-05	0.3888	
10385	392	3043	19.3341	26.9432	1850	18.6338	7	535	16	55	4	4	1.11736e+06	6.13196e-05	0.11	
11500	391	3045	20.8249	22.0897	1833	15.0235	9	535	20	61	2	4	1.05258e+06	4.97587e-05	0.356	
11030	367	3050	15.3762	21.7429	1773	16.0934	9	534	19	63	26	4	1.25521e+06	5.0844e-05	0.2556	
10681	382	3044	15	20.7856	1791	17.0586	7	534	18	57	13	4	1.30217e+06	5.16716e-05	0.2203	
10659	370	3050	15.6192	21.6245	1797	16.414	6	535	16	57	8	5	1.26785e+06	5.23615e-05	0.2117	
10659	370	3044	15.6192	22.1528	1797	16.414	6	535	16	55	8	5	1.2646e+06	5.28597e-05	0.1959	
10287	348	3042	20.3361	27.6953	1765	18.0896	5	534	20	55	9	4	1.12399e+06	6.40082e-05	0.0873	
10850	398	3045	23.8581	29.8201	1720	17.6992	10	535	17	56	49	4	1.01912e+06	6.56168e-05	0.1448	
11500	400	3021	24.6512	28.3441	1753	14.3912	10	534	16	72	16	3	974777	5.8924e-05	0.2889	
10921	391	3029	15.8029	21.6771	1746	17.074	10	535	11	60	21	4	1.22539e+06	5.17063e-05	0.2481	
10647	400	3033	18.0448	20.5553	1742	16.9567	8	535	16	58	9	3	1.15476e+06	5.29101e-05	0.2307	
10256	400	3014	18.7678	26.1485	1769	18.3474	8	535	17	58	3	4	1.14135e+06	6.18697e-05	0.1021	
10500	382	3025	22.4494	26.1059	1769	19	9	535	18	57	51	3	1.06981e+06	6.41396e-05	0.1105	
11493	397	3001	25	23.1922	1828	15.4207	8	533	19	61	15	3	1.00062e+06	5.38706e-05	0.3733	
10723	400	3050	24.8056	28.9168	1713	17.6992	10	535	17	60	51	3	1.02146e+06	6.6313e-05	0.1429	
11500	400	3021	24.7352	25.8513	1881	16.5313	8	534	20	68	9	3	986628	5.5816e-05	0.319	
10399	379	3050	18.0542	25.7693	1753	15.2413	7	534	11	55	4	4	1.15754e+06	5.91681e-05	0.12	
10465	395	3030	21.4721	27.6227	1764	17.278	8	535	15	55	16	4	1.0724e+06	6.34035e-05	0.1211	
10622	399	3029	22.5742	27.2265	1781	16.5077	8	535	17	56	16	4	1.04571e+06	6.21852e-05	0.1538	
11493	400	3031	21.6268	29.7946	1842	15.6965	10	535	15	73	19	3	997994	5.87855e-05	0.2594	
10398	400	3003	16.0889	21.3752	1773	15.3528	5	535	19	55	24	5	1.25967e+06	5.56266e-05	0.1317	
11500	398	3021	25	27.5485	1757	14.9701	10	534	12	69	16	3	976401	5.82581e-05	0.3248	
11384	397	3000	22.6047	22.0508	1777	14	7	535	20	59	33	3	1.03262e+06	5.2499e-05	0.3392	
10806	400	3025	23.9626	25.2142	1763	18.4081	6	534	17	55	11	4	1.03066e+06	5.96908e-05	0.2147	
10960	397	3036	22.0938	30	1880	16.615	7	535	20	60	22	4	1.02526e+06	6.23558e-05	0.1776	
11430	382	3025	18.0086	20.0683	1899	17.9607	9	535	20	55	14	4	1.13585e+06	4.76281e-05	0.3689	
10525	393	3047	17.0156	23.2184	1767	15.592	6	533	16	55	14	4	1.19336e+06	5.56019e-05	0.1589	
10854	391	3027	15.4547	21.7825	1763	16.9371	7	535	18	60	28	4	1.25491e+06	5.24136e-05	0.2134	
10723	400	3027	24.1152	29.2081	1713	17.6992	10	535	17	60	51	5	1.02885e+06	6.64982e-05	0.1377	
11387	400	3044	18.0164	20.0658	1889	15.9657	9	534	19	58	2	3	1.1283e+06	4.72523e-05	0.3752	
10590	392	3024	19.0308	22.6188	1843	18.6926	8	534	18	55	26	4	1.12798e+06	5.63952e-05	0.1786	
10581	400	2995	24.5968	28.0756	1752	17.2735	8	535	16	55	39	4	1.0329e+06	6.64938e-05	0.1324	
10771	386	3032	16.1941	21.6526	1783	16.4054	7	535	18	55	29	5	1.22594e+06	5.30082e-05	0.2016	
11500	399	3026	25	26.7494	1829	14.9879	8	534	12	71	16	3	981285	5.70939e-05	0.3251	
10450	398	3048	20.3361	28.5985	1727	18.7066	7	534	20	55	12	4	1.0896e+06	6.39264e-05	0.0946	
10547	395	3050	15	21.5576	1770	15.1301	7	535	20	56	25	4	1.30726e+06	5.38445e-05	0.165	
11355	400	3016	22.0505	28.8647	1842	15.3719	10	535	15	61	19	3	1.00112e+06	5.87648e-05	0.2522	
11396	400	3022	23.3678	25.5487	1787	15.5932	10	535	17	55	15	3	997079	5.5639e-05	0.3073	
11005	349	3050	15	20.403	1767	15.1301	4	534	20	56	27	4	1.31341e+06	4.96204e-05	0.286	
10686	377	3050	16.4742	21.9546	1816	14.6486	6	535	19	55	31	4	1.22178e+06	5.37086e-05	0.1841	
10840	400	3023	22.6144	26.1906	1788	19	9	534	15	59	41	4	1.036e+06	6.06502e-05	0.1818	
10540	398	3045	25	29.2773	1772	18.4503	8	535	18	55	29	3	1.03157e+06	6.75676e-05	0.1192	
11500	400	3030	24.5772	20.1043	1752	17.5345	10	534	19	58	17	3	1.02221e+06	5.10647e-05	0.4183	
11330	400	3036	24.3733	26.4692	1731	14.959	10	535	16	62	36	4	992358	5.80316e-05	0.286	
10675	400	3033	22.6022	25.8115	1738	16.023	10	533	19	55	22	3	1.04075e+06	6.06134e-05	0.1722	
11391	400	3034	16.808	22.7668	1758	16.1251	10	535	20	57	16	4	1.14697e+06	4.998e-05	0.3078	
11057	400	3043	24.619	29.2773	1737	18.88	8	533	15	55	48	3	1.0004e+06	6.38081e-05	0.1944	
10608	400	3045	21.3248	29.8346	1736	15.9596	5	535	20	55	29	3	1.06189e+06	6.5066e-05	0.1086	
10663	338	3046	15.4029	22.6599	1763	15.7356	7	535	18	58	13	4	1.28843e+06	5.35103e-05	0.1727	
10625	400	3031	25	24.8374	1753	18.4503	8	535	18	55	29	3	1.03468e+06	6.2348e-05	0.1762	
11290	356	3025	18.0444	20.0683	1900	16.3119	9	535	20	58	23	4	1.15422e+06	4.85649e-05	0.3433	
10680	377	3050	19.6735	23.3798	1816	18.3093	6	535	20	55	33	4	1.11366e+06	5.67859e-05	0.1712	
10533	400	3043	23.2583	29.2773	1737	18.4957	8	535	14	55	45	4	1.04962e+06	6.7254e-05	0.1066	
11431	400	3043	15.3417	22.5152	1768	15.4891	10	535	20	55	21	4	1.21829e+06	4.90629e-05	0.3107	
10460	374	3043	15.2805	21.0027	1778	19	8	535	20	55	5	4	1.29886e+06	5.34616e-05	0.1685	
10399	391	3042	18.2673	26.0226	1753	18.4694	7	534	7	55	10	4	1.1471e+06	6.01431e-05	0.1118	
10943	392	2997	17.6339	20	1808	17.4348	10	535	17	57	6	3	1.15396e+06	5.0388e-05	0.2928	
10662	398	3003	16.6867	22.2101	1702	14.3392	8	535	19	56	24	5	1.20001e+06	5.4603e-05	0.1765	
10942	400	3041	15	21.7856	1816	16.1435	6	535	15	60	21	5	1.2778e+06	5.10022e-05	0.2455	
10961	400	3035	23.9626	24.5414	1769	18.4081	6	534	16	55	27	4	1.02684e+06	5.8292e-05	0.2346	
10846	387	3030	15.4547	21.6771	1745	17.4655	7	535	18	57	24	4	1.25703e+06	5.22111e-05	0.2171	
10495	400	3034	15.6986	21.279	1741	17.158	8	535	16	57	14	4	1.26252e+06	5.40015e-05	0.1636	
10871	355	3048	18.4146	20	1843	17.9347	8	535	16	56	20	4	1.16127e+06	5.12007e-05	0.2717	
10385	392	3043	19.3341	27.6412	1850	18.6338	7	535	16	55	10	4	1.11557e+06	6.23714e-05	0.1017	
10921	398	3041	15.0599	21.638	1816	16.0986	7	534	18	62	18	5	1.2735e+06	5.0971e-05	0.2496	
10547	381	3050	15.2805	20.4417	1759	19	7	535	20	55	15	4	1.29846e+06	5.27955e-05	0.1827	
11500	399	3027	23.957	23.9388	1869	15.9541	10	532	20	60	34	4	1.00174e+06	5.39724e-05	0.3384	
10862	400	3045	16.8303	23.702	1703	16.4317	10	533	20	57	18	4	1.16792e+06	5.41184e-05	0.1989	
10405	400	3050	17.5343	22.985	1733	16.9922	8	535	15	56	22	5	1.18404e+06	5.72869e-05	0.1249	
10452	400	3020	20.8918	28.8119	1759	18.8735	5	531	17	55	9	4	1.0793e+06	6.44662e-05	0.1045	
10573	400	2995	24.5968	28.1193	1752	17.3481	10	535	16	55	43	4	1.0328e+06	6.68941e-05	0.1269	
10234	400	3028	19.3849	25.9112	1798	18.42	5	534	20	55	8	5	1.13565e+06	6.20848e-05	0.0915	
11500	400	3046	16.8288	20	1824	15.354	8	535	8	58	2	3	1.16582e+06	4.62706e-05	0.43	
10652	399	3045	21.3628	27.2265	1781	16.5077	8	535	17	56	19	3	1.05867e+06	6.11322e-05	0.1542	
11044	400	3043	19.5735	20	1786	17.1709	10	534	19	57	14	3	1.09878e+06	5.05229e-05	0.3062	
10423	387	3019	22.6017	26.267	1749	18.5394	9	535	19	56	51	3	1.07249e+06	6.52869e-05	0.1017	
11500	399	3043	22.2919	29.5764	1717	17.0337	10	534	15	71	39	3	992984	5.95096e-05	0.2553	
10615	394	3021	20.8918	29.4263	1770	19	5	535	16	55	11	4	1.06781e+06	6.39304e-05	0.1121	
11500	399	3026	25	27.0565	1833	14.9879	8	534	12	72	16	3	979694	5.74053e-05	0.3271	
10473	317	3038	15.4481	22.5054	1770	17.3482	9	535	18	56	4	5	1.31097e+06	5.46359e-05	0.1405	
10455	379	3050	15	20.5565	1778	16.1887	5	535	20	57	15	4	1.32768e+06	5.32255e-05	0.1593	
11500	395	3044	16.257	20	1854	15.254	7	535	13	61	2	3	1.19427e+06	4.6049e-05	0.4191	
10845	400	3029	22.6017	25.7814	1749	19	9	532	20	56	33	4	1.03541e+06	5.99916e-05	0.1893	
10992	397	3047	17.6398	20.1975	1818	14.3936	8	535	15	60	16	3	1.1542e+06	4.99127e-05	0.3029	
11382	393	3026	19.3159	22.4013	1858	17.6388	8	535	20	55	10	3	1.07906e+06	5.03474e-05	0.3358	
10420	400	3050	17.0156	23.2184	1753	15.9083	6	533	16	56	14	4	1.19961e+06	5.65004e-05	0.1355	
11467	400	3032	23.6726	27.2114	1771	14	9	535	18	62	19	4	989173	5.71363e-05	0.2919	
10680	377	3050	19.6735	23.3798	1816	18.3093	6	535	20	55	33	4	1.11365e+06	5.67859e-05	0.1713	
10890	355	3049	18.4146	20.0078	1843	17.849	8	535	16	56	20	4	1.16071e+06	5.10699e-05	0.2748	
11170	357	3050	15	21.853	1749	18.0616	9	535	17	58	19	4	1.27729e+06	4.99351e-05	0.2767	
11220	387	3048	15.326	21.061	1707	15.3414	8	533	20	55	27	3	1.24548e+06	4.9157e-05	0.3061	
11500	400	3043	21.8555	20	1816	15.7665	7	535	12	61	2	3	1.05594e+06	4.85861e-05	0.4393	
10835	385	3000	22.0417	25.4438	1835	17.1253	8	535	18	57	17	3	1.04556e+06	5.8524e-05	0.202	
11290	393	3025	18.0444	20.0683	1900	17.9607	9	535	16	55	14	4	1.13541e+06	4.83887e-05	0.3529	
11500	397	3048	15.6762	20.0811	1860	15.254	8	535	17	62	4	3	1.21848e+06	4.59559e-05	0.4153	
11151	400	3042	24.212	29.8201	1700	17.4485	8	535	20	55	29	3	996043	6.29604e-05	0.2007	
10522	394	3022	20.8918	29.4263	1761	19	5	535	16	55	11	4	1.0744e+06	6.46872e-05	0.0988	
11030	386	3050	15.4052	22.2123	1773	16.0595	9	534	19	67	26	4	1.24192e+06	5.12821e-05	0.2478	
10741	400	3022	22.4957	30	1787	15.9713	10	535	17	55	23	3	1.0297e+06	6.47082e-05	0.1424	
10564	392	3043	18.9441	28.1598	1836	17.1308	8	535	16	55	12	4	1.10883e+06	6.1297e-05	0.1232	
10970	400	3050	15	21.0099	1759	18.1313	9	535	18	58	19	4	1.27301e+06	5.03905e-05	0.2577	
11025	393	2992	20.0918	21.2186	1832	16.0785	9	535	20	59	43	4	1.08886e+06	5.3376e-05	0.2639	
11431	400	3043	16.2583	22.2763	1745	16.3937	10	535	18	55	21	5	1.17494e+06	4.92951e-05	0.3163	
11407	400	3023	23.6726	27.2114	1771	14	9	534	18	62	19	4	991636	5.75606e-05	0.2878	
11263	400	3011	23.2022	25.4964	1807	18.3329	8	534	17	55	22	4	1.00966e+06	5.66926e-05	0.2765	
10408	394	3047	17.7159	25.6304	1744	18.6225	6	533	17	56	12	4	1.16702e+06	5.95274e-05	0.1099	
11443	400	3036	19.3526	26.4226	1869	17.8338	10	535	19	60	12	4	1.05068e+06	5.40599e-05	0.2746	
11080	400	3043	17.8802	20.6682	1852	14.9083	8	535	16	55	5	4	1.13921e+06	4.9412e-05	0.3173	
10540	397	3034	21.9834	28.1929	1764	18.4503	8	535	19	55	29	5	1.0627e+06	6.44496e-05	0.1087	
11330	400	3036	24.6139	27.6107	1722	14.9698	10	535	16	58	36	3	984914	5.9453e-05	0.2614	
10677	400	3029	20.7062	29.057	1724	16.5974	6	535	15	56	25	3	1.06502e+06	6.32671e-05	0.1276	
11500	400	3046	16.7891	20	1824	16.2783	8	535	9	58	2	3	1.16858e+06	4.63156e-05	0.4282	
11030	399	3050	16.3162	22.2461	1773	15.7311	9	534	15	67	26	4	1.18916e+06	5.15437e-05	0.2665	
10814	399	3016	17.0437	20.1186	1815	15.7552	8	535	20	58	6	4	1.18452e+06	5.07563e-05	0.2672	
11500	400	3047	22.9483	20	1861	15.3621	8	534	16	61	11	3	1.04233e+06	4.9249e-05	0.4064	
10723	400	3050	24.8056	28.9168	1724	17.7599	10	534	17	60	20	3	1.01729e+06	6.49562e-05	0.1696	
10256	400	3014	18.7678	26.358	1769	18.3761	8	535	17	55	3	4	1.13993e+06	6.20309e-05	0.0909	
11500	399	2999	24.6374	23.0034	1800	14.8665	10	535	15	74	17	3	998545	5.35275e-05	0.3885	
11500	391	3003	24.8523	26.7551	1739	18.6171	10	533	20	57	43	3	983005	5.84146e-05	0.2902	
10840	400	3024	22.2219	26.1906	1774	19	9	534	15	59	40	4	1.04091e+06	6.0412e-05	0.1836	
10352	385	3020	20.3361	28.3133	1765	18.7066	8	534	19	55	12	4	1.09853e+06	6.46329e-05	0.0895	
11357	400	3040	21.4473	24.7304	1856	16.6552	7	533	12	73	24	3	1.03057e+06	5.37721e-05	0.3211	
10679	399	3025	20.7333	25.0608	1782	18.5526	9	533	19	61	28	4	1.07504e+06	5.91401e-05	0.1757	
10677	399	3029	20.7062	25.8712	1713	17.0359	7	535	15	56	36	3	1.07537e+06	6.03136e-05	0.1507	
11500	384	3046	16.7891	20	1824	15.2761	8	535	16	57	2	3	1.17254e+06	4.62642e-05	0.4179	
10550	365	3020	20.4213	28.7249	1811	18.8735	5	534	17	55	9	4	1.09043e+06	6.31233e-05	0.1127	
11220	387	3048	15.2555	21.2208	1707	15.3414	8	535	20	55	26	3	1.24767e+06	4.92417e-05	0.2947	
10178	382	3040	17.3786	24.4252	1761	17.1579	6	529	18	55	4	5	1.20589e+06	5.9609e-05	0.0975	
11391	400	3034	16.9875	23.3369	1746	17.0808	9	535	17	58	21	4	1.13912e+06	5.08337e-05	0.2944	
11500	400	3035	25	21.906	1804	14.3233	10	535	12	74	44	3	1.00587e+06	5.30532e-05	0.3983	
11383	380	3044	18.5111	20	1840	15.8074	7	532	17	56	3	3	1.12685e+06	4.75353e-05	0.3802	
10488	400	3042	20.6975	22.0101	1757	18.4694	7	535	13	55	26	6	1.10676e+06	5.76136e-05	0.1593	
11007	400	3029	15.4547	21.6771	1763	17.351	9	534	17	60	28	4	1.23943e+06	5.13189e-05	0.2524	
10640	365	3048	20.3361	28.5985	1729	18.7066	5	534	20	55	12	4	1.08855e+06	6.23286e-05	0.1185	
10992	388	3047	18.4469	20	1818	14.3936	8	535	15	60	16	3	1.13507e+06	5.00977e-05	0.3103	
11500	400	3032	20.3118	20.8574	1839	18.2669	8	535	17	57	11	4	1.07166e+06	4.89309e-05	0.3739	
10657	400	3050	17.205	23.8575	1833	16.6552	10	535	20	57	10	4	1.16411e+06	5.51542e-05	0.1733	
10602	400	3028	15.1959	20.6897	1751	16.2731	8	535	17	57	14	4	1.28701e+06	5.24769e-05	0.1996	
10511	378	3042	20.6975	22.2848	1816	18.1491	7	535	18	55	10	6	1.10828e+06	5.67569e-05	0.1839	
10883	400	3046	15	21.2159	1812	18.0616	6	535	17	63	23	5	1.28475e+06	5.11849e-05	0.236	
11500	400	3010	25	21.7086	1821	15.235	9	533	14	68	11	3	1.00801e+06	5.23917e-05	0.3962	
11073	390	2999	20.4836	23.6371	1832	15.969	9	535	20	59	43	4	1.06504e+06	5.52395e-05	0.2439	
11457	400	3026	22.0505	29.7946	1842	15.7369	10	535	15	73	19	3	993717	5.91961e-05	0.255	
10952	399	3050	20.2785	20.7125	1749	18.2236	9	531	19	60	17	3	1.08622e+06	5.22657e-05	0.2929	
10525	396	3047	20.6596	23.2184	1767	15.592	6	533	16	55	19	4	1.09662e+06	5.76402e-05	0.1719	
10655	370	3049	15	21.1167	1778	16.4728	10	535	18	55	15	3	1.30108e+06	5.21485e-05	0.1993	
11230	396	3038	22.8145	25.3413	1852	16.6552	9	535	13	68	27	4	1.01694e+06	5.59879e-05	0.2811	
11088	400	3041	24.212	29.8201	1730	17.4485	8	535	20	60	29	3	998490	6.31712e-05	0.1997	
11500	400	3040	20.3924	20.0779	1769	15.6126	8	535	13	60	8	3	1.07193e+06	4.81487e-05	0.3979	
10756	400	3050	24.8056	28.9168	1740	17.6992	8	535	17	60	20	3	1.01638e+06	6.45745e-05	0.1706	
11500	399	2999	24.3651	23.0034	1778	14.8665	10	533	15	74	7	3	1.00019e+06	5.32822e-05	0.3897	
11465	400	3019	25	26.2687	1867	16.5313	8	535	20	63	12	3	984320	5.67344e-05	0.3005	
10590	395	3022	16.5755	22.9796	1865	18.6926	8	535	17	55	23	4	1.20472e+06	5.54754e-05	0.1617	
11210	400	3040	22.2922	28.3471	1777	18.0304	7	535	14	55	19	3	1.01208e+06	5.93014e-05	0.236	
10995	367	3042	15.1678	22.4053	1701	16.8115	8	533	15	60	2	4	1.26592e+06	5.09528e-05	0.2525	
11500	400	3044	24.8677	29.3809	1757	17.6572	10	534	12	72	16	3	972805	6.00781e-05	0.2842	
10932	386	3050	15	21.6771	1806	16.8643	8	535	17	65	16	4	1.27674e+06	5.08802e-05	0.2502	
10735	355	3045	18.4146	23.4753	1839	17.1562	10	535	19	55	20	4	1.14127e+06	5.51755e-05	0.1971	
11497	398	3048	15	22.0262	1780	14.0957	9	535	20	57	5	3	1.23854e+06	4.75986e-05	0.3441	
10590	392	3024	16.2115	22.8198	1843	17.9033	8	535	18	55	18	4	1.2226e+06	5.49028e-05	0.1604	
11391	400	3034	16.9875	23.3369	1739	16.9846	9	535	16	58	16	4	1.13864e+06	5.06997e-05	0.2979	
11054	400	3047	19.2917	20	1796	14.5028	7	535	13	56	6	3	1.10942e+06	4.97438e-05	0.3349	
10921	391	3027	15.4547	21.6771	1777	17.397	7	535	18	59	28	4	1.25107e+06	5.18215e-05	0.2294	
11467	379	3032	21.6321	22.894	1793	14	9	535	20	60	11	3	1.03672e+06	5.1398e-05	0.3479	
10850	398	3042	23.576	29.8201	1720	18.6521	10	535	17	56	50	4	1.02229e+06	6.56513e-05	0.1415	
11500	400	3040	24.0709	30	1798	16.8208	10	534	13	74	29	3	975573	6.0412e-05	0.2725	
11458	400	3045	16.752	20	1888	15.4944	6	533	16	55	2	3	1.17816e+06	4.63092e-05	0.4003	
10631	394	3026	20.8918	28.8119	1761	19	5	531	19	55	11	4	1.06833e+06	6.30517e-05	0.1274	
10683	400	3027	17.8358	20.8119	1773	16.67	8	534	18	56	29	4	1.16332e+06	5.36913e-05	0.2159	
10850	398	3041	23.8581	29.8201	1720	17.4197	10	535	17	59	49	4	1.0192e+06	6.55437e-05	0.1496	
11012	400	3027	15.4547	21.7825	1763	16.9371	7	535	18	59	28	3	1.2396e+06	5.13268e-05	0.2486	
10803	387	3029	15.6402	21.6771	1833	17.2624	7	534	19	57	26	4	1.24915e+06	5.24301e-05	0.2153	
11431	400	3043	15.7918	22.5152	1745	16.3937	9	535	20	57	21	5	1.19674e+06	4.9351e-05	0.3071	
11283	384	3036	19.24	20.4129	1852	17.3844	8	535	17	65	11	5	1.10979e+06	4.91087e-05	0.349	
10637	387	3030	15.4547	21.6771	1750	17.4655	7	535	18	57	18	4	1.27015e+06	5.34245e-05	0.1751	
11500	336	3050	15.2812	20.1018	1781	14	10	535	20	57	8	5	1.27545e+06	4.60851e-05	0.3974	
11500	398	3027	23.957	23.9388	1869	15.6634	10	532	19	60	34	4	1.00231e+06	5.39549e-05	0.3403	
10541	394	3022	20.8918	26.8288	1761	19	5	535	15	55	11	4	1.08081e+06	6.15347e-05	0.135	
10435	386	3028	21.0035	28.5985	1765	17.6648	5	535	20	55	12	4	1.08481e+06	6.43998e-05	0.0954	
10894	397	3035	24.6342	28.7305	1708	16.6324	10	534	19	56	37	3	1.00803e+06	6.40328e-05	0.1756	
10761	400	3045	25	29.2773	1764	18.4503	8	535	14	55	29	4	1.01522e+06	6.55695e-05	0.1544	
11129	400	3040	19.4847	26.3731	1775	15.7168	8	534	20	57	18	6	1.06853e+06	5.60727e-05	0.2226	
11500	400	3034	24.0709	30	1779	18.478	10	535	15	74	29	3	975464	6.05987e-05	0.2616	
10934	394	3039	16.1169	23.6201	1856	16.0706	8	535	17	55	10	3	1.19504e+06	5.25127e-05	0.2333	
11296	355	3037	18.4758	20.5283	1839	15.0285	5	535	20	58	8	5	1.1488e+06	4.85767e-05	0.347	
11073	392	2992	20.3737	23.8819	1832	15.969	9	535	20	59	43	4	1.06468e+06	5.54816e-05	0.2427	
10587	400	2980	24.0062	28.169	1751	18.2006	10	535	15	55	46	4	1.03613e+06	6.67913e-05	0.1186	
11500	400	3030	24.5772	20.1043	1853	17.5345	10	534	19	58	17	3	1.02384e+06	5.0813e-05	0.3939	
11318	366	2997	20.5775	22.6141	1840	16.5089	7	535	17	55	18	4	1.07173e+06	5.19049e-05	0.3176	
11152	399	2992	20.0134	22.094	1845	15.363	8	534	20	62	11	4	1.07454e+06	5.19076e-05	0.3049	
10862	387	3030	19.5167	21.6771	1745	17.4655	7	535	18	57	20	4	1.10718e+06	5.35418e-05	0.2489	
11431	400	3041	15.7641	22.5152	1764	15.7531	9	535	20	55	18	4	1.19603e+06	4.91473e-05	0.311	
10723	400	3050	25	29.7578	1707	18.5234	10	535	16	55	51	3	1.01994e+06	6.75995e-05	0.1262	
10317	381	3026	16.3723	23.4617	1763	16.0689	7	531	17	55	17	5	1.24116e+06	5.77601e-05	0.1205	
10723	400	3050	24.9655	29.7578	1707	18.5234	10	535	16	56	60	3	1.02284e+06	6.80087e-05	0.1234	
11003	400	3043	19.1491	21.6771	1795	16.1023	9	535	15	59	28	4	1.10185e+06	5.23725e-05	0.2787	
10455	379	3050	15	20.5565	1754	18.4862	5	535	20	56	15	4	1.32776e+06	5.34131e-05	0.1555	
10396	332	3042	15	21.5827	1788	15.5371	4	535	16	58	11	3	1.34858e+06	5.43213e-05	0.1395	
11431	400	3043	16.2583	22.5152	1745	16.3937	10	535	20	55	21	5	1.17298e+06	4.95197e-05	0.3072	
10801	399	3022	22.4957	29.7911	1787	15.7326	10	535	17	55	23	3	1.02622e+06	6.39713e-05	0.1558	
10631	390	3048	15.6576	20.2548	1852	15.6939	7	535	13	57	2	4	1.2657e+06	5.09944e-05	0.2548	
10731	393	3047	16.0889	21.1746	1708	16.6059	5	535	20	56	24	5	1.23871e+06	5.26537e-05	0.205	
11500	400	3040	20.3924	20.0779	1793	14.7968	9	535	19	60	18	3	1.07138e+06	4.82998e-05	0.3841	
11114	397	3034	15	20.1018	1700	15.0069	9	535	19	63	5	3	1.26767e+06	4.82952e-05	0.3244	
11263	400	3011	23.2022	25.4964	1807	18.3329	8	532	17	55	22	4	1.00894e+06	5.67054e-05	0.2828	
10338	377	3039	15.1789	21.827	1735	15.6381	5	534	17	55	11	3	1.3151e+06	5.51298e-05	0.1278	
10702	385	3021	16.3865	22.6188	1809	18.152	8	535	17	55	22	3	1.20867e+06	5.4227e-05	0.1826	
10225	395	3040	17.0156	23.2184	1841	15.1218	7	535	16	55	8	5	1.21568e+06	5.78168e-05	0.1219	
11167	387	3028	15.2524	21.2208	1700	15.3414	8	535	20	63	26	3	1.24899e+06	4.98306e-05	0.2834	
11500	400	3034	24.5841	28.3086	1701	15.301	8	534	14	62	19	3	978890	5.89657e-05	0.2806	
11500	361	3026	22.18	25.1399	1749	16.6552	10	535	12	57	16	3	1.02433e+06	5.41389e-05	0.3255	
11230	399	3046	22.8145	25.3413	1884	15.8565	10	534	13	69	25	4	1.01516e+06	5.5732e-05	0.2903	
11152	399	2992	20.2567	22.094	1821	15.363	9	534	20	62	11	4	1.06892e+06	5.21023e-05	0.3042	
11240	399	3026	19.8076	22.1266	1799	17.6816	8	535	13	55	26	3	1.07395e+06	5.17224e-05	0.3209	
11500	400	3044	25	28.3086	1748	14.3233	10	534	13	74	19	3	973364	5.89102e-05	0.2958	
11419	400	3042	19.466	20.9049	1851	18.2814	8	535	17	55	9	4	1.0887e+06	4.88377e-05	0.3593	
10406	400	3050	17.0156	23.2184	1744	15.8629	6	533	16	56	22	4	1.2029e+06	5.70809e-05	0.1269	
10952	399	3050	20.2785	20.7125	1749	17.2322	9	531	18	60	17	3	1.08669e+06	5.21512e-05	0.2956	
10230	376	3030	15	20.549	1767	14.7972	7	535	18	55	13	4	1.34329e+06	5.50721e-05	0.1262	
11073	388	3050	18.4021	20.775	1818	18.7687	8	534	16	62	2	5	1.13173e+06	5.00751e-05	0.3158	
11088	399	3047	23.6613	30	1700	17.7794	8	535	20	60	29	3	1.00311e+06	6.31512e-05	0.1881	
10608	396	3028	15	20.49	1780	18.8904	6	535	20	57	19	4	1.3084e+06	5.26593e-05	0.1855	
10567	400	3034	15.9062	21.279	1741	17.158	9	535	18	59	20	4	1.24511e+06	5.39374e-05	0.1688	
11411	400	3044	15.6039	22.1528	1765	18.3649	9	535	15	59	4	3	1.20438e+06	4.86713e-05	0.3292	
11500	400	3033	21.4259	20.7185	1854	17.4613	9	535	15	58	3	5	1.05563e+06	4.90918e-05	0.4014	
11500	400	3044	25	27.149	1757	17.5523	10	535	13	69	16	3	977573	5.76635e-05	0.3309	
11025	393	2992	20.0918	22.6941	1832	16.0785	9	535	20	59	35	4	1.07762e+06	5.42594e-05	0.2533	
10287	348	3042	20.3361	27.1917	1765	17.6648	5	534	20	55	9	4	1.12604e+06	6.34035e-05	0.0934	
10547	391	3048	15.9352	21.7854	1778	15.2869	5	533	20	56	15	4	1.25187e+06	5.3775e-05	0.1739	
10497	400	3045	25	29.2287	1764	18.4503	8	534	15	55	43	4	1.0395e+06	6.86389e-05	0.1108	
11036	400	3043	24.619	29.2871	1737	18.8552	8	533	17	55	45	4	1.00246e+06	6.38855e-05	0.1913	
11382	399	3023	21.661	29.7946	1842	15.5935	10	532	17	55	19	3	1.00286e+06	5.96161e-05	0.2436	
11500	400	3023	25	21.7086	1818	15.1763	8	535	14	68	11	3	1.01059e+06	5.22548e-05	0.3903	
10693	400	3049	24.6342	29.8201	1724	17.8062	9	535	16	56	33	3	1.02091e+06	6.66711e-05	0.1412	
10234	400	3025	20.9968	25.9112	1794	18.42	8	534	20	55	8	5	1.10014e+06	6.31473e-05	0.1059	
10677	399	3033	20.7062	22.1887	1709	17.0359	7	535	15	56	36	3	1.0887e+06	5.67344e-05	0.1958	
11500	397	3045	17.2677	20	1800	15.5153	8	535	13	58	4	3	1.14902e+06	4.65614e-05	0.426	
10352	322	3020	20.3361	28.3133	1765	18.7066	6	534	19	55	12	4	1.12829e+06	6.4587e-05	0.0872	
11393	376	3050	19.1706	21.3286	1849	18.5804	7	535	15	61	5	4	1.10436e+06	4.90533e-05	0.3566	
11309	380	3050	18.5111	20	1840	15.6634	7	532	17	56	3	3	1.12757e+06	4.78309e-05	0.3696	
11364	398	3032	20.8359	20.998	1854	18.008	10	535	17	56	13	4	1.06094e+06	5.00425e-05	0.3486	
11053	400	3011	23.2022	25.4964	1807	14.8991	8	534	19	55	25	4	1.01906e+06	5.78905e-05	0.2397	
10723	400	3050	25	29.7578	1707	15.5881	10	535	16	55	52	3	1.01876e+06	6.73174e-05	0.1357	
11500	399	2992	19.9902	27.5987	1832	16.2092	9	534	20	61	13	4	1.03194e+06	5.58628e-05	0.2683	
10403	381	3050	15.3128	21.2922	1778	15.3228	4	532	17	59	15	4	1.30853e+06	5.42535e-05	0.1558	
10457	381	2992	16.0889	21.1746	1708	15.7387	7	535	20	56	24	5	1.25772e+06	5.52975e-05	0.1437	
10871	378	3049	18.4146	20.0078	1843	17.849	8	535	16	56	20	4	1.15069e+06	5.11902e-05	0.2719	
10585	376	3035	19.2764	21.1145	1820	14.7906	9	535	19	55	18	3	1.1294e+06	5.45227e-05	0.2055	
11500	400	3036	23.3409	30	1825	15.7887	9	535	15	72	30	3	980719	5.99664e-05	0.2625	
11431	400	3043	18.5017	22.5152	1729	18.9591	10	535	20	55	27	5	1.09608e+06	5.08492e-05	0.3135	
11263	400	3011	23.2022	25.4964	1807	18.0427	8	534	17	55	22	4	1.00948e+06	5.66669e-05	0.2769	
10581	400	2986	24.5968	28.0756	1752	17.2735	8	535	16	55	39	4	1.03268e+06	6.66001e-05	0.1324	
10985	385	3042	24.3453	30	1769	18.5275	10	533	20	55	36	4	1.0077e+06	6.45453e-05	0.1789	
11500	400	3042	25	29.0242	1776	17.9418	10	535	17	61	55	3	974981	6.05877e-05	0.262	
10384	367	3025	15	20.549	1771	17.4925	8	535	18	55	15	4	1.33355e+06	5.41067e-05	0.1474	
10210	400	3008	19.3536	27.1049	1745	18.7663	6	528	16	55	9	3	1.12803e+06	6.38855e-05	0.0917	
10587	400	2993	23.3032	28.0756	1752	16.7156	10	535	16	55	44	4	1.0422e+06	6.57851e-05	0.1241	
11348	400	3030	24.5772	20.1043	1772	17.81	10	534	20	58	17	3	1.02557e+06	5.19669e-05	0.3801	
11500	400	3034	24.0709	30	1779	16.8208	10	534	15	74	29	3	975487	6.05437e-05	0.2667	
11500	375	3028	17.55	20	1899	15.7723	7	534	14	59	5	4	1.15731e+06	4.66135e-05	0.4007	
10510	370	3050	16.3046	21.5724	1778	16.4728	10	535	20	56	15	3	1.23408e+06	5.41477e-05	0.1683	
11364	400	3028	22.0505	21.8368	1806	18.008	10	535	17	69	13	4	1.03558e+06	5.15331e-05	0.3436	
10950	385	3000	21.5876	25.4438	1886	16.4217	8	534	19	57	8	3	1.04515e+06	5.69736e-05	0.235	
10862	339	3034	15	21.6582	1770	18.7476	6	535	20	55	9	3	1.30502e+06	5.13294e-05	0.2325	
11435	393	3025	22.6047	29.9322	1753	15.5111	6	535	20	57	4	5	999924	5.99484e-05	0.2391	
11434	400	3034	22.8145	25.3413	1868	15.612	7	534	13	63	25	4	1.01018e+06	5.46896e-05	0.3152	
11267	387	3028	15.4249	21.3568	1700	15.3414	8	535	20	64	26	3	1.2332e+06	4.93998e-05	0.2999	
10862	387	3030	15.4547	21.6771	1745	17.4655	7	535	18	57	24	4	1.25582e+06	5.2105e-05	0.2205	
10585	376	3035	19.2764	21.1145	1820	14.7906	9	535	19	55	18	3	1.1294e+06	5.45227e-05	0.2055	
11290	369	3025	18.0444	20.0683	1895	17.9607	9	535	20	58	22	4	1.14556e+06	4.86713e-05	0.3425	
10840	379	3050	15.9394	21.3593	1794	17.6656	8	535	18	65	32	4	1.23593e+06	5.24301e-05	0.2178	
10551	395	3045	19.3915	24.1272	1769	17.4589	6	534	18	55	30	4	1.12013e+06	5.83635e-05	0.1436	
11080	400	3042	17.8802	20.6682	1851	14.9083	8	535	16	55	4	4	1.13917e+06	4.93925e-05	0.3182	
10934	394	3039	16.1169	23.6201	1856	16.0706	8	535	17	55	10	4	1.19709e+06	5.2532e-05	0.2322	
11030	400	3050	15.4052	22.248	1776	16.0595	9	534	16	72	26	4	1.23615e+06	5.13743e-05	0.253	
10268	383	3028	21.0035	28.5985	1781	17.6648	5	534	20	55	15	4	1.0999e+06	6.60284e-05	0.0865	
11449	400	3036	23.2714	23.408	1833	15.9786	10	524	11	71	19	3	1.01077e+06	5.30729e-05	0.3806	
11054	400	3042	19.2917	20	1802	15.4957	8	535	13	56	11	4	1.10994e+06	5.0015e-05	0.324	
11220	387	3048	15.2555	21.2208	1739	15.3414	8	535	20	63	26	3	1.24628e+06	4.92199e-05	0.2997	
11493	397	3001	25	23.1922	1726	15.286	8	533	19	66	15	3	1.0001e+06	5.41506e-05	0.3811	
10203	400	3044	16.0286	22.1216	1770	17.6239	5	535	19	56	2	5	1.27033e+06	5.65323e-05	0.1109	
10934	394	3036	16.1169	23.6201	1856	16.0706	8	535	18	55	10	3	1.19486e+06	5.25458e-05	0.2315	
11500	397	3050	17.2677	20	1800	15.5153	8	535	13	58	4	3	1.14919e+06	4.65224e-05	0.426	
11500	364	3036	15.2222	21.4587	1723	14.8604	7	535	19	56	5	3	1.24837e+06	4.74001e-05	0.3604	
11500	382	3038	15.8438	20	1899	15.3332	6	535	16	65	2	3	1.22347e+06	4.588e-05	0.4141	
10883	400	3046	15	21.2159	1812	18.0616	6	535	17	63	23	5	1.28483e+06	5.11849e-05	0.2359	
11431	400	3041	16.1644	22.5152	1764	15.2791	9	535	20	55	18	4	1.17649e+06	4.92393e-05	0.3157	
11211	397	2985	23.0294	29.7508	1725	17.6469	8	535	19	62	26	3	1.0002e+06	6.21659e-05	0.2079	
11500	336	3050	15.2812	20.1018	1781	14.047	10	535	20	57	8	3	1.27087e+06	4.60511e-05	0.4	
10430	392	3022	17.6234	22.6116	1863	18.6926	8	535	18	55	16	4	1.17778e+06	5.64908e-05	0.1547	
10556	359	3043	16.4876	22.1665	1774	17.5453	5	535	16	55	13	4	1.23366e+06	5.43183e-05	0.1718	
11086	400	3036	22.458	29.2008	1731	16.2205	7	535	20	60	17	4	1.01671e+06	6.11434e-05	0.1989	
11500	400	3028	21.4259	20.4248	1854	17.518	10	534	8	57	3	3	1.05084e+06	4.88782e-05	0.4178	
11500	399	3021	24.7352	25.8513	1878	16.4886	8	534	20	68	14	3	986947	5.58909e-05	0.3154	
11500	400	3024	24.8831	26.7494	1751	14.9398	10	529	15	65	15	3	979402	5.73625e-05	0.3531	
11500	400	3038	20.3118	20.8574	1839	18.2669	8	535	17	57	8	4	1.07179e+06	4.88091e-05	0.3735	
11229	356	3040	18.2465	20.0683	1899	17.9607	9	535	20	56	14	4	1.14778e+06	4.86997e-05	0.3386	
10937	383	3026	21.0309	23.984	1745	16.099	9	535	19	55	22	5	1.063e+06	5.59534e-05	0.2355	
10540	398	3018	24.6373	29.2773	1772	18.4503	9	535	18	55	29	3	1.03195e+06	6.7595e-05	0.1161