10029	384	2965	21.3102	23.5502	1716	18.2754	6	530	4	57	19	3	1.12608e+06	6.49519e-05	0.1248	
10897	345	2970	20.6736	28.2183	1834	15.5443	6	533	11	67	50	3	1.07564e+06	6.17932e-05	0.1888	
10643	373	2992	24.4782	24.9749	1802	17.851	8	523	9	58	72	4	1.05336e+06	6.42013e-05	0.1984	
10950	369	2970	17.5789	27.3753	1886	16.7621	8	534	17	57	15	3	1.1299e+06	5.77334e-05	0.2003	
11395	343	3049	18.6981	22.6332	1878	17.0584	8	534	7	84	24	6	1.12532e+06	5.04643e-05	0.3875	
11076	276	2995	16.6886	24.5357	1822	14.3877	10	531	8	58	5	4	1.23939e+06	5.30842e-05	0.2677	
10699	283	3046	16.403	21.0738	1855	17.7051	5	528	20	58	59	4	1.30165e+06	5.46866e-05	0.2241	
10837	381	3050	19.8681	24.5115	1817	17.7625	9	528	19	75	40	4	1.09161e+06	5.71331e-05	0.2405	
11272	321	3042	15.954	20.6783	1772	15.008	7	517	15	57	18	3	1.26113e+06	4.82672e-05	0.4286	
11068	378	2950	22.7557	26.9638	1719	16.8661	10	527	3	81	67	4	1.02763e+06	6.14931e-05	0.2631	
10655	269	3015	16.9773	25.9336	1759	15.693	5	534	17	68	8	4	1.25984e+06	5.76236e-05	0.1674	
11128	340	3048	24.701	26.1768	1719	18.8029	7	529	17	58	47	5	1.03482e+06	5.99161e-05	0.2537	
11016	390	3034	18.5088	22.9838	1795	15.7745	5	534	3	57	29	5	1.1249e+06	5.31576e-05	0.2849	
11400	397	3016	22.8145	26.3102	1845	16.6552	10	524	15	73	19	3	1.00135e+06	5.6123e-05	0.3397	
10921	344	3002	15.2572	21.6771	1730	15.1824	8	530	9	71	25	4	1.28291e+06	5.19049e-05	0.2658	
10257	342	3003	23.3307	28.3758	1744	16.1307	5	525	12	59	53	4	1.09765e+06	6.96767e-05	0.1282	
10613	387	3049	23.2711	30	1720	17.8887	6	516	9	60	22	4	1.0438e+06	6.60197e-05	0.1992	
10194	393	2995	24.0491	23.4735	1816	14.7427	8	505	6	61	37	5	1.13273e+06	6.47962e-05	0.1267	
10029	362	2965	21.3102	23.5502	1774	18.2754	6	530	4	57	19	3	1.13273e+06	6.47962e-05	0.1267	
11395	343	3049	18.6981	22.9312	1878	17.0584	8	534	7	84	23	6	1.12327e+06	5.06997e-05	0.3848	
10587	373	3039	19.4847	26.9211	1816	18.5611	8	535	4	64	14	4	1.10621e+06	6.02047e-05	0.1613	
10837	382	3050	19.8681	24.5115	1817	17.6418	9	528	19	75	40	4	1.0912e+06	5.71233e-05	0.2408	
10921	344	3002	15.2572	20.6738	1750	15.1824	8	530	9	71	25	4	1.28906e+06	5.1036e-05	0.3021	
11209	361	3009	22.449	29.1561	1763	15.6644	6	528	17	66	67	3	1.02885e+06	6.18735e-05	0.219	
11128	321	3048	22.3162	25.0663	1719	18.8029	7	529	17	67	47	5	1.07313e+06	5.72803e-05	0.2661	
11076	276	2995	16.6886	25.1345	1858	14.3877	10	531	8	58	11	4	1.23632e+06	5.37692e-05	0.2613	
10587	392	3039	18.6164	26.9211	1843	18.5611	8	535	4	59	8	4	1.11793e+06	5.94495e-05	0.1529	
10257	328	3005	23.3307	26.591	1764	17.196	5	525	12	60	53	4	1.10792e+06	6.7792e-05	0.1385	
10281	400	2975	22.26	27.3636	1853	18.3846	7	534	6	65	11	4	1.07995e+06	6.54407e-05	0.1679	
11413	350	2954	24.7353	23.3763	1843	18.7159	6	527	17	70	63	4	1.039e+06	5.62398e-05	0.3387	
10141	311	3042	17.9084	23.2998	1778	18.4694	6	530	5	56	19	5	1.2342e+06	5.9891e-05	0.1128	
10923	369	2970	17.5789	27.3753	1886	16.7621	7	534	17	57	15	3	1.13295e+06	5.79072e-05	0.196	
11068	378	2950	22.7557	26.9638	1719	16.8661	10	526	7	81	67	4	1.02778e+06	6.15233e-05	0.2616	
11229	381	2992	23.9534	29.0129	1731	15.2159	6	524	8	58	9	6	1.00847e+06	6.13384e-05	0.2843	
11287	347	3030	15.4966	25.4642	1797	16.5601	7	535	6	66	36	5	1.23675e+06	5.33163e-05	0.2684	
10019	311	3042	18.1198	23.2998	1757	18.4694	7	527	3	56	19	5	1.23645e+06	6.21427e-05	0.1081	
11001	335	2994	15.2572	21.6771	1730	15.1824	8	530	9	71	23	4	1.2836e+06	5.13584e-05	0.2822	
11287	347	3030	15.4966	25.4642	1804	16.4585	7	533	5	66	17	5	1.23409e+06	5.27009e-05	0.2812	
11295	377	3016	22.8145	26.3102	1845	16.6552	10	521	15	73	26	3	1.01412e+06	5.68343e-05	0.3282	
11201	290	2957	17.8119	21.873	1704	14.747	8	529	14	85	8	5	1.19971e+06	5.12899e-05	0.3486	
11061	385	3034	21.4868	27.6366	1851	14.0729	10	527	19	70	41	4	1.03672e+06	5.92382e-05	0.2501	
11199	320	3035	15.1547	20.1018	1827	17.3889	6	533	4	71	34	4	1.31244e+06	4.88114e-05	0.3651	
11112	379	3047	21.8456	22.5588	1811	16.1079	6	513	13	71	51	5	1.07133e+06	5.45256e-05	0.3494	
10921	337	3002	15	21.6771	1730	16.1463	8	530	10	71	27	4	1.05295e+06	6.43832e-05	0.1989	
10643	373	2974	24.4782	24.9749	1811	17.851	8	523	9	58	72	4	1.05295e+06	6.43832e-05	0.1989	
11068	400	2951	22.7557	28.3385	1761	16.8661	10	527	3	81	67	4	1.01577e+06	6.28417e-05	0.2474	
10706	349	3001	23.2329	26.9893	1787	15.9799	9	532	6	61	9	5	1.0541e+06	6.16409e-05	0.2147	
11169	374	2973	16.9094	25.4291	1872	15.3191	6	529	12	61	7	6	1.15765e+06	5.3775e-05	0.2798	
10200	391	2998	23.5449	29.4328	1840	18.5077	6	511	12	59	65	4	1.08319e+06	7.23484e-05	0.1449	
11178	361	3044	22.449	29.2297	1767	16.3101	6	522	3	66	55	3	1.03054e+06	6.12895e-05	0.2573	
10194	393	2995	24.0491	23.4735	1816	15.3562	8	505	6	62	39	5	1.28291e+06	5.19049e-05	0.2658	
10921	344	3002	15.2572	21.6771	1730	15.1824	8	530	9	71	25	4	1.28291e+06	5.19049e-05	0.2658	
11293	371	3021	17.6591	22.5603	1763	14.9448	9	530	17	63	67	4	1.14399e+06	5.26316e-05	0.2838	
10019	311	3042	18.1198	23.2998	1759	18.4694	7	527	3	56	19	3	1.23248e+06	6.20887e-05	0.1116	
11209	361	3009	21.9459	29.1561	1759	15.6644	6	528	17	66	67	5	1.0376e+06	6.16941e-05	0.2136	
10837	381	3050	19.8681	24.5115	1817	18.9156	9	526	17	75	35	4	1.09106e+06	5.69184e-05	0.2525	
10751	368	3040	16.9416	23.7221	1856	18.6787	6	526	16	65	29	5	1.19268e+06	5.52273e-05	0.2157	
11272	321	3042	16.8296	20.6783	1772	14.8297	7	517	15	58	18	3	1.22099e+06	4.85531e-05	0.4286	
11198	355	2950	20.7829	22.809	1846	16.0814	8	524	20	85	42	4	1.07837e+06	5.43095e-05	0.3382	
10921	344	3002	15.2572	21.6771	1730	15.1824	7	530	9	71	20	4	1.28334e+06	5.16662e-05	0.2743	
11228	331	3015	17.772	21.3041	1782	16.1298	10	527	7	75	39	4	1.16827e+06	5.08285e-05	0.3758	
11001	335	2999	15.2572	21.6771	1730	14.9535	8	530	9	73	23	4	1.28329e+06	5.13242e-05	0.283	
10334	300	3045	23.8066	27.1898	1790	14.9265	5	531	8	56	46	5	1.11532e+06	6.67824e-05	0.1407	
10838	309	3005	16.4565	24.5252	1854	14.4928	6	522	17	56	8	3	1.23268e+06	5.42476e-05	0.2522	
10585	328	2968	23.5377	29.1217	1735	14.851	5	518	20	59	60	4	1.07416e+06	6.78702e-05	0.1594	
10837	381	3050	19.8681	22.4256	1817	17.9926	9	528	19	68	46	4	1.10224e+06	5.55185e-05	0.244	
11400	397	3016	17.7034	23.7095	1845	16.6552	10	524	15	73	19	3	1.11203e+06	5.11954e-05	0.3731	
10701	396	3019	20.2469	26.4302	1878	16.5325	9	528	0	62	49	4	1.08114e+06	6.06024e-05	0.2088	
11293	385	2973	22.6236	26.504	1866	14.3941	8	522	15	69	21	4	1.01548e+06	5.71396e-05	0.3249	
10841	387	3047	15.4484	22.7081	1817	18.9246	4	531	4	76	54	5	1.26852e+06	5.47256e-05	0.241	
10481	273	2962	21.7248	24.8923	1700	17.5453	8	524	13	58	57	3	1.14935e+06	6.35849e-05	0.1476	
11413	350	2956	24.7353	23.3763	1825	18.7159	6	527	17	71	64	4	1.03842e+06	5.62936e-05	0.3383	
11144	333	3030	16.6368	22.1176	1755	18.5826	7	531	15	76	23	4	1.20647e+06	5.12269e-05	0.3074	
10723	394	3004	18.5815	21.6145	1829	18.7862	9	532	19	69	59	3	1.14097e+06	5.67022e-05	0.2145	
11206	364	3027	21.9484	20.7547	1751	15.2035	9	531	5	70	62	4	1.07473e+06	5.32425e-05	0.3485	
10923	369	2970	17.5789	27.3753	1886	16.6857	7	534	17	57	12	6	1.13795e+06	5.78838e-05	0.1974	
10837	381	3050	19.8681	22.4256	1817	17.9926	9	528	19	65	40	4	1.10117e+06	5.51755e-05	0.2441	
11381	400	2956	16.7224	21.8671	1856	15.2081	9	520	18	64	13	5	1.1659e+06	4.94927e-05	0.4208	
11475	347	3030	15.4966	25.4642	1797	16.5601	7	535	6	66	36	5	1.22915e+06	5.23177e-05	0.2932	
11295	373	3016	22.8145	26.3102	1845	16.6552	10	521	18	73	26	3	1.01562e+06	5.68408e-05	0.3243	
11068	378	2950	22.7557	26.9638	1729	16.8661	10	527	3	81	67	4	1.02764e+06	6.14666e-05	0.2654	
10852	337	2992	15.3338	22.0299	1721	14.1876	9	523	19	58	62	6	1.30189e+06	5.46837e-05	0.2326	
10587	372	3039	19.4847	26.9211	1816	17.4636	8	535	4	64	9	5	1.1074e+06	5.99305e-05	0.1693	
11306	355	3050	20.1885	22.809	1846	15.7677	8	524	19	57	41	4	1.08653e+06	5.21376e-05	0.3469	
11255	378	2950	19.2347	26.9638	1739	15.7693	10	527	3	81	67	4	1.06938e+06	5.24329e-05	0.3839	
11381	369	2975	20.2434	23.4794	1817	16.3049	9	520	15	64	13	5	1.06938e+06	5.24329e-05	0.3839	
11285	245	3004	19.2247	20.7999	1899	18.832	5	534	16	55	14	4	1.24168e+06	4.97413e-05	0.348	
11016	400	3034	22.5617	22.9589	1795	15.7745	5	534	3	60	18	5	1.05204e+06	5.48727e-05	0.3077	
11229	381	2981	25	29.7508	1751	17.9572	6	527	8	64	11	6	999498	6.29683e-05	0.2699	
10950	369	2970	17.5789	27.3753	1886	16.7621	8	534	17	57	15	4	1.13175e+06	5.77567e-05	0.2	
10604	400	2975	20.0407	28.4784	1888	17.7842	7	533	11	66	40	4	1.08485e+06	6.37552e-05	0.1672	
11295	377	3027	22.8145	22.3856	1815	16.4874	9	518	15	73	42	3	1.04136e+06	5.35475e-05	0.3794	
11413	375	2953	20.5915	23.3763	1843	18.7159	6	513	17	73	60	3	1.04293e+06	5.9641e-05	0.2201	
10950	369	2970	21.7228	27.3753	1886	16.7621	8	534	17	57	15	3	1.04293e+06	5.9641e-05	0.2201	
10643	373	2997	24.4782	24.9749	1802	17.851	8	523	9	58	72	4	1.0536e+06	6.41478e-05	0.1984	
11302	381	2953	21.4636	25.0163	1781	14.9267	7	522	6	60	10	5	1.04168e+06	5.51907e-05	0.3519	
10257	328	3005	23.3036	26.6602	1764	17.196	5	528	12	60	53	4	1.10853e+06	6.79117e-05	0.1333	
10989	337	3002	15	21.6771	1730	15.2472	9	530	10	71	27	4	1.29898e+06	5.15039e-05	0.2718	
11061	385	3034	21.4868	27.6366	1851	14.0729	10	532	19	70	42	4	1.03709e+06	5.93014e-05	0.2323	
11199	320	3044	15.1547	20.3141	1827	17.3889	6	533	4	75	34	4	1.30951e+06	4.89333e-05	0.3634	
11285	254	3004	18.8673	20.775	1899	18.1747	6	534	16	55	3	4	1.23198e+06	4.92029e-05	0.355	
10797	287	2999	15.7875	21.7158	1855	14.7528	10	498	18	74	49	4	1.0381e+06	5.92698e-05	0.2461	
11042	385	3043	21.4868	27.6366	1851	14	10	527	19	69	41	4	1.0381e+06	5.92698e-05	0.2461	
11164	376	3043	21.9538	20.314	1873	17.5244	6	509	7	75	26	4	1.08885e+06	5.14589e-05	0.4581	
11384	394	3004	19.8598	24.7238	1900	18.8227	7	532	19	69	75	3	1.06427e+06	5.52364e-05	0.2741	
11201	364	3035	18.8972	23.0746	1701	15.2035	9	529	5	70	62	3	1.10966e+06	5.3888e-05	0.2947	
10408	367	2975	20.1226	28.5218	1849	16.0756	8	518	11	59	3	4	1.09991e+06	6.36456e-05	0.1791	
10962	384	2974	23.2891	21.443	1816	18.5774	7	531	3	58	72	4	1.06655e+06	5.75407e-05	0.2676	
11380	396	3016	22.8145	28.7556	1852	16.6552	10	524	15	73	19	3	995538	5.89588e-05	0.3135	
10219	374	2973	16.9094	24.1282	1872	15.3191	7	527	12	61	7	6	1.22266e+06	5.92839e-05	0.1574	
11251	320	3035	15.1547	20.1018	1827	17.3889	5	533	5	71	26	4	1.31226e+06	4.81394e-05	0.3901	
10923	336	2970	17.5789	27.3753	1886	16.7621	7	534	18	57	15	3	1.15025e+06	5.79173e-05	0.1944	
10643	339	2992	24.4782	24.7837	1807	17.6081	7	525	9	57	72	4	1.07025e+06	6.4e-05	0.1927	
11215	340	3035	15.1547	20.1018	1827	14.6778	5	533	4	71	34	4	1.30153e+06	4.85555e-05	0.3713	
11206	400	3035	21.0557	20.7547	1701	15.2035	9	529	3	70	57	3	1.06668e+06	5.25624e-05	0.3755	
11295	364	3016	22.8145	22.4202	1845	16.6552	6	530	12	73	26	3	1.05009e+06	5.30757e-05	0.3823	
11416	377	3041	16.3829	20.6108	1708	14.6539	7	513	10	62	11	4	1.20823e+06	4.76804e-05	0.462	
10257	328	3031	23.3307	26.591	1764	17.196	5	524	17	60	51	4	1.1082e+06	6.74036e-05	0.1359	
11083	370	3005	22.1787	23.9666	1844	14.6951	9	529	7	62	67	6	1.05508e+06	5.7241e-05	0.2755	
10200	334	3020	25	29.2444	1840	19	6	519	12	59	43	4	1.08781e+06	7.16897e-05	0.1462	
11243	345	3015	17.772	23.117	1782	16.2325	7	514	12	79	34	4	1.10003e+06	5.79307e-05	0.2017	
10878	390	2966	19.8653	23.9647	1756	17.319	5	531	14	56	57	5	1.10003e+06	5.79307e-05	0.2017	
10610	379	3047	21.8456	29.0644	1811	16.1079	5	518	13	71	51	5	1.06865e+06	6.49773e-05	0.1886	
10200	331	2967	25	29.2284	1840	19	6	514	12	59	43	4	1.08726e+06	7.22543e-05	0.1571	
10285	385	2964	18.1113	22.6906	1824	17.9059	5	534	12	62	9	4	1.1792e+06	5.83669e-05	0.1579	
10410	316	2999	17.0819	22.2095	1709	16.1874	6	519	18	64	26	6	1.24764e+06	5.70613e-05	0.1922	
10487	375	2966	19.8237	24.183	1783	16.102	4	531	19	76	57	5	1.2836e+06	5.13584e-05	0.2822	
11066	385	3029	21.4868	27.6366	1851	14.0729	10	527	18	70	36	4	1.2836e+06	5.13584e-05	0.2822	
11001	335	2994	15.2572	21.6771	1730	15.1824	8	530	9	71	23	4	1.2836e+06	5.13584e-05	0.2822	
11033	368	3037	17.3101	24.9432	1759	18.5119	6	528	17	65	31	4	1.15396e+06	5.49058e-05	0.2322	
11246	373	3040	20.7253	28.7916	1854	15.5925	7	526	17	60	35	6	1.04522e+06	5.88478e-05	0.2493	
11476	376	3021	15.1153	24.7588	1829	15.5947	7	535	12	62	70	4	1.24805e+06	5.27065e-05	0.2719	
10837	381	3050	20.1463	22.4256	1808	18.0569	9	531	19	69	33	4	1.09445e+06	5.50327e-05	0.2456	
10337	400	2987	22.26	26.1687	1888	18.8132	8	534	11	65	47	4	1.08236e+06	6.56383e-05	0.1581	
10284	311	3042	17.9084	22.7994	1837	18.4694	6	527	3	56	12	5	1.22353e+06	5.74317e-05	0.1778	
11039	369	2996	23.1149	29.888	1710	16.5488	9	534	9	85	27	3	1.01814e+06	6.31991e-05	0.2174	
10257	342	3003	20.9186	28.3758	1716	16.1307	6	525	11	55	40	4	1.11997e+06	6.73083e-05	0.1129	
10921	383	3002	15.2572	21.6771	1730	15.1824	6	530	7	71	25	4	1.26822e+06	5.18672e-05	0.2709	
10587	374	3016	19.4847	26.9211	1775	18.5611	8	535	5	61	14	4	1.10446e+06	6.0551e-05	0.148	
11169	373	2996	16.9094	25.4291	1872	15.3191	6	529	12	64	7	6	1.15855e+06	5.35533e-05	0.2806	
11010	369	2955	17.5789	27.3753	1886	16.6857	7	534	17	57	12	6	1.13213e+06	5.74812e-05	0.2121	
10410	316	2999	17.0819	22.2095	1714	16.4727	6	520	18	64	26	6	1.24738e+06	5.70874e-05	0.1877	
10328	378	3001	18.3278	27.2581	1747	16.3116	4	516	13	56	44	5	1.16791e+06	6.40985e-05	0.1457	
11293	304	3024	18.2969	21.5408	1720	15.8531	9	530	17	65	70	4	1.17539e+06	5.22985e-05	0.3005	
11016	388	3044	21.4673	21.2168	1890	18.677	8	516	16	56	63	5	1.08597e+06	5.45494e-05	0.3204	
10325	396	2973	20.3236	29.5513	1767	16.2534	7	514	11	64	26	4	1.09596e+06	6.69389e-05	0.1539	
11141	368	3040	16.9416	23.7221	1856	18.6787	6	526	16	65	38	5	1.17325e+06	5.29045e-05	0.2776	
10893	354	2989	21.3129	29.9322	1752	16.6822	7	521	19	62	9	5	1.05533e+06	6.29683e-05	0.198	
10836	394	3004	18.5815	21.6145	1754	18.7862	9	532	19	69	59	3	1.13259e+06	5.58347e-05	0.2195	
11299	398	3001	20.6179	20.9861	1900	15.2204	5	526	18	67	55	3	1.08273e+06	5.17197e-05	0.3551	
11121	347	3030	15.4966	25.4642	1817	16.4585	5	533	12	66	17	5	1.24495e+06	5.35705e-05	0.2513	
11276	321	3042	21.2428	20.6783	1776	15.008	7	517	15	57	34	3	1.11246e+06	5.09788e-05	0.4076	
10993	344	3002	15.2572	21.6771	1729	15.1824	7	530	9	71	20	4	1.28006e+06	5.11823e-05	0.2875	
10141	311	3042	17.6843	23.2998	1745	18.4694	6	530	5	56	19	5	1.24179e+06	5.98838e-05	0.1058	
11416	377	3041	16.3829	21.8356	1708	14.6539	7	513	7	59	11	4	1.1976e+06	4.8771e-05	0.4424	
11285	245	3004	19.2247	20.7999	1899	18.4335	5	534	16	55	14	4	1.24175e+06	4.97043e-05	0.3488	
11295	351	3016	21.7732	22.4202	1845	17.0537	5	530	12	73	26	3	1.07051e+06	5.25072e-05	0.3525	
10921	344	3002	15.2572	22.3271	1727	15.1824	7	530	9	72	20	4	1.28013e+06	5.22439e-05	0.2573	
11033	400	3037	17.3101	24.9432	1759	18.5119	6	528	17	65	29	4	1.14127e+06	5.48276e-05	0.2333	
11068	366	3031	21.4935	22.0493	1737	19	9	524	18	60	56	5	1.07618e+06	5.51633e-05	0.2962	
10921	337	3002	15	22.5099	1730	16.1463	8	530	10	71	27	3	1.29642e+06	5.26898e-05	0.252	
11016	390	3034	18.5088	20.8806	1792	15.7745	6	534	3	57	29	5	1.13624e+06	5.13479e-05	0.3097	
10596	356	2992	19.3223	21.9184	1758	16.2732	6	528	17	55	62	6	1.15637e+06	5.82615e-05	0.1674	
11293	369	3021	19.507	22.5603	1714	14.5609	9	530	17	64	67	4	1.09534e+06	5.3376e-05	0.2958	
10200	391	2995	23.5449	29.4328	1840	18.5077	6	511	12	59	65	4	1.08307e+06	7.23851e-05	0.1449	
11400	397	3016	22.8145	25.8624	1845	16.6552	10	524	15	73	19	3	1.00313e+06	5.56359e-05	0.3437	
10141	311	3042	17.9084	23.1061	1778	18.4694	6	530	5	56	19	5	1.23509e+06	5.97086e-05	0.116	
10923	369	2974	17.5789	26.5498	1886	16.6857	8	534	17	55	12	6	1.13792e+06	5.6899e-05	0.2005	
11293	324	3013	18.0095	22.5603	1714	14.9448	8	530	19	67	54	4	1.15878e+06	5.23286e-05	0.2999	
10722	396	3026	23.6701	27.7352	1855	16.8633	7	535	7	68	37	6	1.03856e+06	6.32271e-05	0.1993	
10246	393	2991	21.5577	27.5971	1803	14.0583	5	532	17	63	4	3	1.09443e+06	6.50195e-05	0.1593	
11401	378	2987	22.26	26.1687	1888	18.8132	8	534	11	65	47	4	1.02133e+06	5.65771e-05	0.3039	
11016	400	3034	22.5617	23.3578	1795	15.7745	5	534	7	60	18	5	1.04844e+06	5.52486e-05	0.2906	
11428	321	3010	20.1986	25.7757	1700	14.6232	8	529	13	80	14	6	1.08784e+06	5.45822e-05	0.3149	
10192	335	3050	17.8926	28.2766	1854	17.9571	4	529	14	59	7	4	1.199e+06	6.3743e-05	0.1275	
11272	321	3042	16.8296	20.6783	1741	14.8297	7	515	15	58	18	4	1.22527e+06	4.86571e-05	0.4276	
10193	328	3026	18.8626	22.1667	1715	15.8408	10	529	17	59	39	5	1.19688e+06	6.06024e-05	0.1317	
10383	195	3001	15.8095	24.6657	1786	15.2062	10	503	9	85	54	5	1.23649e+06	5.35275e-05	0.266	
11287	347	3020	15.4966	25.4642	1797	18.0741	7	535	6	66	36	5	1.23649e+06	5.35275e-05	0.266	
10837	381	3050	19.1485	24.5115	1817	18.9156	9	526	17	63	35	4	1.10626e+06	5.65611e-05	0.2262	
10780	400	3023	18.6951	22.6224	1746	15.9352	8	530	15	76	20	5	1.1236e+06	5.47405e-05	0.2716	
10643	341	2992	24.2105	24.9749	1823	17.851	6	529	9	58	72	4	1.07246e+06	6.39836e-05	0.1828	
10257	340	3003	24.1798	28.3758	1744	16.1307	5	522	12	59	53	4	1.09076e+06	7.02593e-05	0.1349	
11180	400	2984	20.6179	23.0574	1806	15.6074	5	526	18	64	55	4	1.06979e+06	5.4606e-05	0.3033	
11381	400	2973	15.3428	21.8671	1856	15.2081	9	520	18	64	13	5	1.23401e+06	4.88998e-05	0.4142	
10905	400	3004	18.9729	24.7238	1806	17.3903	9	532	19	63	75	3	1.1066e+06	5.88166e-05	0.1953	
10280	399	2987	22.26	26.1687	1888	18.8132	8	534	11	64	47	4	1.08742e+06	6.63042e-05	0.1541	
10901	392	3025	22.6961	28.6802	1716	16.2347	8	525	15	56	19	5	1.0283e+06	6.21659e-05	0.218	
10587	397	3039	18.6164	26.8408	1864	18.5611	9	535	4	64	14	4	1.11708e+06	5.96019e-05	0.1659	
11066	385	3029	20.8743	27.6366	1851	14.7881	10	527	18	70	36	5	1.04524e+06	5.88097e-05	0.2451	
11022	381	2981	23.9534	29.7508	1759	16.165	6	524	8	60	33	6	1.01619e+06	6.40205e-05	0.2458	
11306	355	2952	20.1885	20.8705	1781	15.7677	8	518	17	85	30	4	1.10023e+06	5.13637e-05	0.4158	
10957	396	3019	22.0987	24.7645	1891	17.152	9	525	4	64	50	5	1.04616e+06	5.78804e-05	0.272	
10923	369	2963	21.8105	25.993	1886	16.6857	7	534	17	58	12	6	1.05406e+06	5.84215e-05	0.2257	
10860	107	3042	23.6693	26.4179	1813	15.021	5	503	18	77	62	6	1.07783e+06	6.07977e-05	0.1917	
10837	381	3050	19.8681	28.0936	1817	17.7625	9	528	17	75	41	4	1.07783e+06	6.07977e-05	0.1917	
10989	351	2992	17.713	27.5987	1837	16.609	8	534	17	61	14	3	1.13261e+06	5.76834e-05	0.2038	
11292	384	2966	25	24.9162	1756	18.2452	6	531	4	81	52	5	1.01243e+06	5.82852e-05	0.3196	
10962	384	2995	23.2891	22.1401	1791	18.4911	7	535	3	58	70	4	1.05865e+06	5.78871e-05	0.2482	
11201	352	2989	19.4117	22.0178	1805	17.1301	10	520	18	59	49	4	1.111e+06	5.28513e-05	0.3456	
10299	345	2987	20.3236	29.0942	1708	14.9713	6	514	17	59	24	4	1.11757e+06	6.65292e-05	0.133	
10950	369	2970	21.7228	27.3753	1886	16.7621	8	534	13	57	15	3	1.04298e+06	5.96196e-05	0.2265	
10587	392	3039	18.6164	26.6445	1843	18.5611	8	535	8	59	13	4	1.11944e+06	5.93965e-05	0.1479	
11295	364	3016	22.8145	22.4202	1845	17.7919	6	530	12	73	26	4	1.05307e+06	5.31463e-05	0.3771	
11042	385	3043	22.199	27.6366	1861	14	10	527	19	69	41	4	1.03071e+06	5.95912e-05	0.2541	
10921	344	3002	15.2572	21.6771	1730	17.7146	8	530	9	71	25	4	1.05329e+06	6.51254e-05	0.1694	
10827	361	3009	22.4217	29.1561	1723	15.6644	6	528	17	66	67	4	1.05329e+06	6.51254e-05	0.1694	
11025	373	2997	24.4782	24.9749	1802	17.851	8	523	9	58	72	3	1.02828e+06	6.0584e-05	0.2609	
11285	288	3004	18.7833	20.8793	1887	18.1747	6	534	16	60	3	4	1.18689e+06	4.92708e-05	0.3514	
11352	354	3026	20.5751	22.9465	1764	16.4926	7	531	10	79	32	5	1.07844e+06	5.24027e-05	0.3675	
10284	311	3042	17.9084	22.7994	1837	18.4694	6	528	3	56	12	5	1.22328e+06	5.74449e-05	0.1741	
11285	235	3004	18.8673	20.775	1899	18.8312	6	534	12	69	29	4	1.26966e+06	5.01102e-05	0.3479	
10877	320	3035	15.1547	20.1018	1827	18.0973	6	532	8	57	8	4	1.3237e+06	4.96179e-05	0.3238	
10332	311	3042	17.9084	22.7994	1837	18.2989	6	527	3	55	19	5	1.22052e+06	5.73723e-05	0.1796	
11400	395	3016	22.8145	22.4269	1845	16.2518	10	524	15	73	19	3	1.0255e+06	5.23478e-05	0.3973	
10655	307	3015	16.9773	25.9336	1759	15.693	5	534	16	68	10	4	1.22275e+06	5.76934e-05	0.1684	
11174	306	3043	23.12	23.5927	1838	18.5039	10	531	12	55	65	5	1.08023e+06	5.66572e-05	0.2711	
11076	276	2995	16.717	25.1345	1834	14.0329	10	531	7	58	18	4	1.23422e+06	5.40424e-05	0.2561	
10921	344	3002	15.2572	20.598	1730	15.1824	8	530	9	71	34	4	1.29117e+06	5.14668e-05	0.2818	
11312	378	2950	22.7557	26.9638	1719	17.4596	10	526	9	81	67	4	1.01502e+06	5.97015e-05	0.289	
11236	339	3043	22.3162	25.0663	1748	18.8029	7	529	17	68	47	5	1.05643e+06	5.6478e-05	0.2892	
10841	387	3047	15.4484	22.7182	1817	18.9246	4	531	4	76	54	5	1.26851e+06	5.47345e-05	0.2409	
11216	355	2950	20.0576	22.7989	1846	16.0814	10	531	20	85	42	4	1.08542e+06	5.39229e-05	0.3326	
10838	333	3005	16.4565	24.5252	1879	14.4928	6	523	17	56	20	3	1.21686e+06	5.46448e-05	0.2414	
10986	369	3047	18.9297	21.8513	1775	14.0628	9	515	12	62	14	4	1.12525e+06	5.18699e-05	0.3529	
10643	366	2974	24.4782	24.9749	1811	17.851	8	527	2	58	72	4	1.05539e+06	6.43625e-05	0.1969	
10837	381	3048	19.8681	22.4256	1817	17.9926	9	528	19	65	40	4	1.1011e+06	5.51937e-05	0.2441	
10194	393	2995	24.0491	23.4735	1816	15.8689	7	505	6	62	39	5	1.16596e+06	5.09606e-05	0.3782	
11243	345	3015	17.772	23.117	1782	15.7198	7	514	12	79	34	4	1.16596e+06	5.09606e-05	0.3782	
11381	369	2970	16.7224	23.4794	1836	15.2081	9	520	17	66	13	5	1.16596e+06	5.09606e-05	0.3782	
11209	350	3009	24.182	29.1561	1798	15.1169	6	528	15	66	67	5	1.02318e+06	6.26606e-05	0.2419	
11313	331	3015	17.772	22.1134	1782	16.0266	10	527	18	75	39	4	1.15892e+06	5.10595e-05	0.3556	
11293	324	3013	16.7715	22.5603	1718	14.9448	9	530	16	67	67	4	1.20192e+06	5.25514e-05	0.2879	
11293	365	3017	19.1595	24.1398	1714	14.5609	9	535	17	67	67	4	1.09464e+06	5.47555e-05	0.2581	
11302	381	2953	21.4636	25.0163	1781	14.9267	7	522	6	57	10	5	1.04157e+06	5.5212e-05	0.3513	
11380	396	3016	22.946	21.5731	1852	16.6552	10	524	20	78	19	3	1.03005e+06	5.1835e-05	0.4239	
11247	245	3004	16.224	20.7999	1899	18.832	5	534	16	55	22	4	1.3378e+06	4.90509e-05	0.3616	
11475	347	3030	15.4966	25.4642	1797	16.3119	7	535	6	66	30	5	1.22834e+06	5.21322e-05	0.2958	
10587	372	3039	19.4847	26.7859	1816	17.8996	8	535	4	64	9	5	1.10793e+06	5.98193e-05	0.17	
11206	253	2960	21.1741	20.7547	1700	15.2035	9	517	5	72	70	3	1.11281e+06	5.34188e-05	0.2919	
11202	379	3013	18.2221	23.8962	1708	16.4986	8	528	20	83	27	4	1.11281e+06	5.34188e-05	0.2919	
10252	391	3013	22.5577	29.4328	1840	18.5077	6	511	16	59	65	4	1.09695e+06	5.46508e-05	0.2923	
11156	342	3001	20.6179	23.0574	1806	15.6074	5	528	18	65	55	4	1.09695e+06	5.46508e-05	0.2923	
11293	353	3040	19.507	22.5603	1714	14.5143	9	528	17	63	67	4	1.10452e+06	5.3183e-05	0.3021	
10699	392	3046	15.9382	21.0738	1724	18.1502	5	523	8	61	59	5	1.26384e+06	5.47375e-05	0.2314	
11272	353	3042	15.954	20.6783	1761	15.3477	7	517	15	57	18	3	1.23919e+06	4.83162e-05	0.4263	
10804	335	3008	15.2572	21.6771	1730	15.1824	8	530	9	71	25	4	1.29526e+06	5.27037e-05	0.2426	
10325	350	2963	20.3236	29.5513	1767	16.2534	6	530	12	64	26	5	1.11736e+06	6.73537e-05	0.1364	
11215	336	3035	15.1547	20.1018	1836	15.0387	6	533	7	71	13	4	1.29976e+06	4.77487e-05	0.3913	
11164	351	3043	23.067	20.314	1887	17.5244	10	529	6	76	14	4	1.0765e+06	5.17357e-05	0.3861	
10734	381	3036	19.9003	22.6077	1822	17.9926	7	528	19	68	67	4	1.04548e+06	6.30636e-05	0.2047	
10722	371	3040	23.6701	27.7352	1831	16.8633	7	531	7	68	37	5	1.04548e+06	6.30636e-05	0.2047	
10617	269	3011	16.6904	24.7869	1759	15.5853	6	529	17	68	10	4	1.27556e+06	5.66604e-05	0.1777	
10193	274	3025	17.4721	22.1667	1715	15.8408	10	519	9	56	33	5	1.27689e+06	5.91017e-05	0.152	
10771	368	3028	22.6961	29.0719	1716	16.2347	7	524	16	56	6	5	1.04512e+06	6.31632e-05	0.2059	
10039	270	2986	20.8851	29.0589	1789	17.5397	5	523	2	55	7	3	1.17848e+06	6.90274e-05	0.1084	
10751	302	2995	17.1549	25.0663	1835	14.7522	7	529	12	67	47	5	1.11325e+06	5.96161e-05	0.1722	
10632	400	3038	18.6611	27.5971	1803	14.0583	5	529	14	63	5	3	1.11325e+06	5.96161e-05	0.1722	
11016	390	3034	18.9648	22.9838	1795	15.7745	5	534	4	57	29	5	1.11322e+06	5.33589e-05	0.283	
11068	400	2951	22.9312	28.3385	1761	17.1805	10	527	3	81	67	4	1.00778e+06	6.21929e-05	0.2731	
11229	381	2983	23.7779	29.7132	1730	15.2159	6	524	8	58	9	6	1.00778e+06	6.21929e-05	0.2731	
10699	283	3046	15	21.0738	1749	17.7051	5	528	20	60	59	4	1.38788e+06	5.45227e-05	0.2106	
11380	396	3016	22.0841	28.7556	1852	16.6552	10	524	15	80	19	3	1.00307e+06	5.86063e-05	0.3029	
10587	392	2987	18.6164	25.6279	1879	18.5611	8	535	4	64	14	4	1.12294e+06	5.88097e-05	0.1826	
11199	320	3023	15.1547	20.1018	1827	16.1147	7	533	4	71	34	4	1.31126e+06	4.884e-05	0.3681	
11086	396	3016	22.0505	28.7556	1852	16.6552	10	524	15	73	19	3	1.01784e+06	6.01721e-05	0.2671	
11440	399	3026	21.8175	22.0217	1720	15.6874	7	524	17	69	36	6	1.04927e+06	5.19049e-05	0.4037	
11448	343	3049	18.6981	22.9312	1878	17.0584	8	534	7	84	23	6	1.12242e+06	5.04007e-05	0.394	
10748	311	3042	17.9084	23.2998	1765	18.4694	7	535	3	61	19	5	1.19125e+06	5.49058e-05	0.2221	
10337	400	2987	22.26	26.1687	1888	18.8132	8	520	11	65	52	4	1.05295e+06	6.71953e-05	0.194	
10511	396	3019	22.0987	26.4302	1894	16.4989	8	528	1	59	53	4	1.05295e+06	6.71953e-05	0.194	
10646	334	3020	25	29.2444	1874	19	7	519	12	63	51	4	1.05295e+06	6.71953e-05	0.194	
11106	380	3027	22.8353	22.3856	1790	16.7701	10	518	15	73	42	3	1.04419e+06	5.49058e-05	0.3468	
11272	321	3041	19.1637	20.6783	1772	15.008	7	517	12	57	20	3	1.14909e+06	4.95786e-05	0.4166	
10921	344	3002	15.2572	21.6771	1730	15.1824	8	530	8	71	18	4	1.28131e+06	5.1581e-05	0.2761	
10587	392	3039	18.6164	26.9211	1843	18.5611	8	535	5	59	8	4	1.11789e+06	5.94566e-05	0.1517	
10303	400	2971	21.3106	27.3636	1862	18.3846	8	534	11	59	56	4	1.09852e+06	6.74855e-05	0.1472	
10646	339	2992	22.8084	24.9749	1819	17.8843	6	525	9	59	72	4	1.08547e+06	6.29802e-05	0.1835	
10921	344	3002	15.3252	21.6771	1730	15.1824	8	530	9	71	25	4	1.27843e+06	5.19265e-05	0.2667	
11416	400	3041	16.3829	20.6108	1708	16.0091	6	513	10	62	11	4	1.20071e+06	4.77601e-05	0.4657	
10837	382	3014	19.8681	24.5115	1817	17.5584	9	528	19	75	45	4	1.09092e+06	5.77467e-05	0.236	
11395	325	3050	18.6981	22.9312	1846	17.4539	8	534	7	84	23	6	1.13589e+06	5.07949e-05	0.3802	
10950	369	2966	21.7228	27.3753	1886	16.7621	8	534	17	57	15	3	1.04283e+06	5.96837e-05	0.2201	
10837	376	3033	18.9492	24.5115	1817	17.7625	8	528	19	75	40	6	1.11644e+06	5.69671e-05	0.226	
11048	338	2980	16.8009	24.6168	1720	15.2243	7	528	2	64	15	3	1.18396e+06	5.40716e-05	0.2651	
10837	381	3039	20.1463	22.4256	1808	18.0569	9	530	19	68	33	4	1.09437e+06	5.51207e-05	0.2473	
11388	347	3007	24.1066	23.2107	1861	14.2517	9	527	8	64	60	6	1.04259e+06	5.50237e-05	0.354	
10721	349	3001	23.2329	26.9893	1789	15.9799	9	532	6	61	9	5	1.05307e+06	6.15157e-05	0.2166	
10910	291	2979	16.7328	21.3922	1796	15.4429	6	515	6	68	2	4	1.08256e+06	5.75573e-05	0.2384	
10837	382	3027	20.2894	24.5115	1817	17.6418	9	530	19	75	40	4	1.08256e+06	5.75573e-05	0.2384	
10587	392	3039	18.6164	26.9211	1843	18.5611	8	535	4	57	8	4	1.1175e+06	5.94636e-05	0.1497	
10587	380	3039	19.4847	26.9211	1816	15.2953	8	534	4	64	14	4	1.10358e+06	5.99664e-05	0.1762	
11131	400	2977	24.0528	27.6703	1754	17.6481	9	514	11	61	6	4	1.00099e+06	6.06061e-05	0.3091	
10125	311	3042	18.1198	23.2998	1757	18.0511	7	527	3	56	19	5	1.22633e+06	6.01359e-05	0.124	
11211	368	3011	19.8914	23.2961	1899	16.442	5	525	19	81	41	5	1.09489e+06	5.34817e-05	0.3393	
11285	295	3004	21.7217	20.775	1899	18.5804	6	534	16	55	10	4	1.1291e+06	5.08104e-05	0.3836	
10019	387	3042	18.1198	22.7808	1757	15.1705	7	527	6	56	17	5	1.2043e+06	6.14062e-05	0.125	
10923	305	2970	15.6797	26.0356	1886	16.7621	7	534	17	57	17	3	1.2614e+06	5.58254e-05	0.2074	
10838	309	3005	16.4565	24.5252	1854	14.7816	6	522	17	56	8	3	1.2326e+06	5.42623e-05	0.2518	
10767	376	2990	23.75	28.1691	1832	15.8383	6	528	13	57	6	5	1.03496e+06	6.27628e-05	0.2154	
10722	371	3026	21.8389	27.7352	1855	16.9489	7	532	7	66	37	5	1.06346e+06	6.20964e-05	0.1978	
10225	307	3025	16.348	23.2998	1748	17.9959	7	527	16	56	14	5	1.28806e+06	5.84112e-05	0.1178	
11300	352	2989	17.8489	21.7151	1811	15.1198	9	522	19	59	51	3	1.15054e+06	5.1261e-05	0.3655	
10723	394	3004	20.2061	22.967	1806	18.7862	9	532	16	69	56	3	1.09534e+06	5.8326e-05	0.205	
10192	335	2954	17.8926	29.2573	1854	18.9604	5	532	14	56	7	4	1.1915e+06	6.61463e-05	0.1143	
11380	396	3016	22.8145	28.8745	1849	16.6552	10	524	15	73	19	3	995200	5.91121e-05	0.3097	
10837	381	3050	19.8681	22.1556	1817	17.9926	9	528	19	68	61	4	1.10736e+06	5.61892e-05	0.2341	
10289	362	3005	23.3307	24.4215	1764	17.5617	5	525	12	60	53	4	1.09696e+06	6.52742e-05	0.1556	
11381	400	2956	17.7827	21.8671	1856	15.2081	9	520	19	64	13	5	1.12722e+06	4.98778e-05	0.412	
10837	381	3050	17.6968	24.5115	1817	17.7625	9	528	18	75	40	4	1.14486e+06	5.6262e-05	0.2148	
11028	374	2973	16.9094	25.4291	1872	15.3191	6	530	12	68	12	6	1.16397e+06	5.47285e-05	0.2549	
10941	400	3023	17.6796	23.5397	1740	16.4347	9	529	15	74	16	5	1.13557e+06	5.38561e-05	0.2659	
11086	320	3035	15.1547	20.1018	1832	16.8955	6	533	4	71	34	4	1.31751e+06	4.94731e-05	0.338	
10699	283	3046	16.403	21.0738	1724	18.1502	5	528	8	58	61	4	1.30516e+06	5.50479e-05	0.2195	
11016	400	3034	22.5617	23.3164	1795	15.7745	9	534	3	60	18	5	1.03904e+06	5.52273e-05	0.2948	
10019	305	3045	19.6725	22.9423	1734	18.4694	5	527	7	56	19	5	1.20419e+06	6.26135e-05	0.12	
10643	373	2974	24.4782	25.845	1811	18.1933	8	523	9	59	62	4	1.0468e+06	6.46078e-05	0.1986	
11001	335	2981	15.2572	21.6771	1730	16.2271	8	530	7	71	23	4	1.28323e+06	5.15305e-05	0.2826	
11229	381	2981	23.9534	29.7508	1759	15.1203	6	528	8	58	11	6	1.00559e+06	6.22394e-05	0.2683	
11229	381	2981	25	29.7508	1751	17.9572	6	527	5	64	20	6	999019	6.31233e-05	0.2725	
10782	369	2970	17.5789	27.3753	1886	16.7621	7	534	17	57	15	3	1.14201e+06	5.88547e-05	0.1749	
10341	345	2975	21.5171	29.5513	1709	16.6532	6	514	11	62	26	4	1.09587e+06	6.76727e-05	0.1486	
10269	349	3010	17.8804	23.0832	1749	15.0088	6	522	15	56	40	3	1.20263e+06	5.98659e-05	0.1474	
10723	394	3004	20.2061	22.5876	1806	18.7862	9	532	18	66	75	3	1.10394e+06	5.92628e-05	0.1934	
11066	385	3036	21.4868	25.6133	1874	14	10	527	18	70	36	4	1.04355e+06	5.68085e-05	0.2772	
11405	371	3011	19.3222	25.2519	1900	14.9531	5	531	18	81	38	5	1.08294e+06	5.37201e-05	0.3354	
9984	311	3042	19.1183	22.4402	1757	18.4694	7	527	14	56	19	5	1.2178e+06	6.34035e-05	0.1089	
10325	400	2975	22.26	27.3636	1853	18.3846	7	534	6	65	11	4	1.07587e+06	6.49899e-05	0.1696	
11473	321	3042	15.954	20.6783	1772	15.008	7	517	15	57	20	3	1.25621e+06	4.73462e-05	0.4628	
10019	365	3042	18.1198	22.7808	1757	15.1705	7	527	6	56	24	5	1.21323e+06	6.18047e-05	0.1218	
10837	381	3050	19.8681	22.4256	1817	17.8864	9	528	19	65	40	4	1.10101e+06	5.51663e-05	0.2443	
10723	394	3005	20.2061	24.7238	1798	18.4968	9	532	19	66	49	3	1.08613e+06	5.94566e-05	0.1816	
11395	352	3049	17.5646	22.6332	1878	17.0584	8	534	7	84	24	6	1.15231e+06	5.00676e-05	0.3941	
10213	373	3028	24.468	28.8463	1710	18.4296	9	509	2	62	69	3	1.07853e+06	7.23327e-05	0.1531	
10923	328	2970	19.3558	27.3753	1794	16.7621	7	534	19	62	15	3	1.10564e+06	5.89032e-05	0.1845	
10722	371	3026	23.5162	28.0561	1855	16.6932	7	531	12	68	24	5	1.0447e+06	6.29287e-05	0.2079	
11359	357	3047	15.7434	23.8992	1798	14	7	519	16	56	21	4	1.22246e+06	5.06765e-05	0.3467	
10923	369	2967	17.5789	27.3753	1823	16.7621	9	531	17	57	15	3	1.13105e+06	5.81429e-05	0.1976	
11331	323	3030	15.4966	23.2696	1804	16.4585	7	533	5	66	17	4	1.25691e+06	5.02386e-05	0.3129	
11163	377	3041	16.3829	20.5116	1708	14.6539	7	515	11	74	12	4	1.21328e+06	4.89548e-05	0.4196	
11001	335	2994	16.1335	21.6771	1730	15.6399	8	535	9	61	23	4	1.23481e+06	5.15437e-05	0.2779	
11189	387	3049	23.2711	30	1720	17.5514	6	516	9	62	22	4	1.01105e+06	6.2135e-05	0.2728	
10062	308	3040	18.1198	24.9582	1757	18.3711	7	527	3	56	19	5	1.22667e+06	6.27786e-05	0.108	
11197	333	2992	15.7467	21.8798	1758	15.3596	9	523	12	71	60	6	1.0333e+06	6.03318e-05	0.2394	
11209	361	3005	21.83	29.1561	1763	16.3101	6	526	17	62	20	4	1.0333e+06	6.03318e-05	0.2394	
11131	344	3001	22.1787	24.5349	1844	14.6951	9	529	7	62	67	6	1.06321e+06	5.73822e-05	0.2754	
10496	321	3031	22.8115	26.0309	1727	14.6907	10	520	11	56	75	5	1.1004e+06	6.5445e-05	0.1527	
11044	343	3024	15.9057	22.5108	1882	14.4167	5	526	14	64	26	5	1.2471e+06	5.13637e-05	0.3062	
11301	397	3016	22.8144	23.4508	1845	16.6552	10	524	15	73	19	3	1.02064e+06	5.38474e-05	0.3582	
11499	397	3016	17.7034	25.9485	1845	16.6552	10	524	15	73	19	3	1.09578e+06	5.30279e-05	0.3269	
10923	336	2970	17.5789	27.3753	1886	16.4972	7	534	18	57	5	3	1.14919e+06	5.75672e-05	0.2001	
10587	372	3039	19.4847	26.9211	1816	17.0924	8	532	4	64	9	5	1.10741e+06	5.98767e-05	0.1797	
10797	287	3030	15.7875	21.7158	1820	16.1587	10	498	18	56	49	4	1.14201e+06	5.88547e-05	0.1749	
10481	273	3006	21.7248	24.8923	1700	17.5453	8	524	13	58	57	3	1.15091e+06	6.30994e-05	0.1476	
11272	321	3042	15.954	20.6783	1755	15.008	8	517	16	57	20	4	1.26088e+06	4.8398e-05	0.418	
10857	348	2989	24.5195	29.9322	1784	16.7075	6	526	19	62	8	3	1.03021e+06	6.49013e-05	0.2091	
11295	373	3020	22.8145	26.0443	1845	16.6552	10	520	18	73	26	3	1.01705e+06	5.65355e-05	0.329	
10535	354	2970	18.6951	23.1434	1746	15.9352	7	530	12	60	20	5	1.15419e+06	5.73658e-05	0.1971	
10192	335	2954	17.8926	28.012	1854	17.9571	4	529	14	59	2	4	1.19537e+06	6.42467e-05	0.1242	
10930	261	3036	19.3605	21.8073	1734	18.3288	5	532	3	55	49	3	1.207e+06	5.42888e-05	0.2606	
11475	347	3030	15.4966	25.4642	1797	16.5601	6	535	6	66	36	5	1.23119e+06	5.23095e-05	0.2941	
11413	375	2953	20.5915	23.3763	1843	18.7159	5	513	17	73	60	3	1.12766e+06	5.89275e-05	0.1815	
10720	349	3001	18.5554	26.9893	1800	15.9799	9	532	6	61	9	5	1.12766e+06	5.89275e-05	0.1815	
10969	369	3047	22.1898	21.8513	1743	14.0628	9	515	13	62	14	4	1.06808e+06	5.38416e-05	0.3658	
10257	328	3031	23.3307	26.591	1801	17.196	5	524	17	60	51	4	1.10792e+06	6.73083e-05	0.1398	
11251	320	3035	18.7562	20.1018	1827	17.3889	5	533	5	75	26	4	1.16924e+06	4.93925e-05	0.3721	
11222	395	2994	19.8585	20.2608	1716	18.9833	8	509	2	79	29	5	1.10436e+06	5.11169e-05	0.4679	
10655	333	3015	16.9773	25.9366	1759	16.789	6	534	17	68	15	4	1.20331e+06	5.79979e-05	0.1661	
11229	381	2981	23.9534	29.7508	1759	15.2159	6	524	8	58	11	6	1.00598e+06	6.22975e-05	0.2797	
11141	368	3037	17.3101	24.9432	1716	18.6787	6	520	16	65	31	5	1.15357e+06	5.44188e-05	0.2775	
11209	361	3005	22.449	29.1561	1763	16.3101	6	522	17	66	67	3	1.0289e+06	6.19425e-05	0.2352	
11287	347	3030	15.4966	25.4642	1797	16.4585	7	533	3	66	33	5	1.23673e+06	5.31915e-05	0.278	
11440	399	2954	22.3114	22.0217	1720	15.6874	8	524	17	71	48	6	1.04015e+06	5.31858e-05	0.3978	
10723	394	3004	20.2061	24.7238	1806	18.7862	9	532	19	69	75	3	1.09554e+06	6.13121e-05	0.1936	
10831	309	3005	16.4565	24.5252	1854	14.4928	5	522	17	56	24	3	1.23689e+06	5.48878e-05	0.238	
11016	371	3044	21.4673	21.2168	1890	18.677	6	516	12	56	63	5	1.09677e+06	5.44781e-05	0.3288	
11197	333	2992	15.7467	22.0299	1758	14.1876	9	523	16	58	62	6	1.25892e+06	5.2105e-05	0.2976	
10039	231	2965	20.8851	28.5146	1789	17.5397	5	523	2	55	7	3	1.22885e+06	6.86342e-05	0.1123	
10116	376	2977	24.1351	27.7075	1770	17.8176	5	513	5	56	60	4	1.09162e+06	7.18959e-05	0.1371	
11405	368	3011	19.3222	23.2961	1900	14.9531	5	531	18	81	38	5	1.09732e+06	5.18618e-05	0.3788	
10585	328	2968	23.5377	29.1217	1725	16.3822	5	515	19	59	38	4	1.07046e+06	6.68628e-05	0.1816	
10383	195	2984	15.8095	24.6657	1818	15.2062	10	503	9	83	55	5	1.02877e+06	6.49477e-05	0.2284	
10893	351	2989	24.2765	29.9322	1728	16.7075	7	519	19	62	16	4	1.02877e+06	6.49477e-05	0.2284	
9979	114	3000	22.8354	24.0918	1865	18.76	4	499	8	59	65	4	1.10288e+06	5.33846e-05	0.3012	
11293	353	3021	19.507	22.5603	1714	14.5609	9	530	17	67	67	4	1.10288e+06	5.33846e-05	0.3012	
11300	352	2989	19.4117	21.7151	1781	15.1198	10	520	17	59	51	4	1.11034e+06	5.19508e-05	0.3732	
11141	368	3037	17.3101	24.9432	1716	18.6787	6	520	14	65	31	5	1.15373e+06	5.44099e-05	0.2802	
10019	311	3042	17.9084	22.4402	1757	18.4694	7	527	3	56	19	5	1.24832e+06	6.12182e-05	0.1121	
10722	371	3026	23.6701	27.7352	1855	16.8633	7	531	7	68	37	5	1.04525e+06	6.31552e-05	0.2088	
10332	311	3042	17.9084	22.7994	1837	18.4694	6	527	3	56	19	5	1.221e+06	5.73987e-05	0.1799	
10723	394	3004	20.2061	22.967	1806	18.7862	9	532	19	69	75	3	1.10259e+06	5.97407e-05	0.1988	
11229	381	2981	23.9534	29.7508	1751	17.9572	6	524	8	59	11	6	1.00595e+06	6.24376e-05	0.2739	
10535	400	3023	18.6951	23.1434	1746	15.9352	9	530	15	78	20	5	1.13645e+06	5.73099e-05	0.2293	
11065	368	3037	17.3101	24.9432	1856	18.6787	6	520	16	65	31	5	1.15617e+06	5.44099e-05	0.2748	
10917	400	2977	24.0528	27.6703	1754	17.6481	9	514	11	65	23	4	1.01366e+06	6.22394e-05	0.2716	
11246	336	3015	17.772	23.117	1782	16.1298	5	527	7	62	39	4	1.1633e+06	5.21839e-05	0.3337	
10841	387	3018	15.4484	22.7081	1817	18.9246	9	523	4	59	54	5	1.26564e+06	5.46837e-05	0.2453	
11412	265	3014	21.8387	20.6126	1787	15.4866	8	521	14	76	5	5	1.16176e+06	5.01203e-05	0.4499	
10957	396	3019	22.0987	25.8067	1894	16.4989	9	510	5	62	49	4	1.04259e+06	5.87441e-05	0.3088	
11048	340	2980	16.8009	24.6168	1720	15.2243	7	526	2	64	15	3	1.18332e+06	5.40716e-05	0.2714	
10299	345	2981	20.3236	29.0942	1708	14.9713	6	514	17	61	34	4	1.11956e+06	6.71231e-05	0.1372	
11381	369	2975	16.7224	23.4794	1856	15.2081	9	520	15	64	13	5	1.16703e+06	5.08518e-05	0.3845	
10481	273	2962	21.7248	24.8923	1706	17.5453	8	524	13	58	56	3	1.14907e+06	6.35001e-05	0.1487	
10723	394	3004	20.2061	24.7238	1806	18.7862	8	532	19	69	75	3	1.09683e+06	6.12858e-05	0.1928	
10893	351	2989	24.2765	29.9322	1728	14.594	7	519	19	62	16	4	1.02876e+06	6.4834e-05	0.2314	
10535	400	3023	17.6796	23.5397	1740	15.9352	9	530	15	78	16	5	1.16289e+06	5.70939e-05	0.2093	
11488	316	3003	19.1213	26.7615	1830	16.7448	4	531	18	62	8	6	1.11334e+06	5.44929e-05	0.2897	
11229	381	2981	23.9534	29.7508	1759	16.165	6	524	8	58	11	6	1.00587e+06	6.23364e-05	0.278	
11131	347	3007	24.1066	23.2107	1861	14.2517	9	528	8	62	60	6	1.05174e+06	5.68699e-05	0.3105	
11076	330	2950	15.1547	24.7757	1849	15.0387	6	533	4	71	34	4	1.27776e+06	5.42299e-05	0.2609	
11119	337	3048	22.7698	26.1768	1719	18.8029	8	529	14	58	47	5	1.05169e+06	5.88132e-05	0.2472	
11309	347	3027	18.8624	23.421	1827	18.1077	9	531	12	74	58	5	1.11587e+06	5.33163e-05	0.3088	
10824	339	2992	21.9866	24.9749	1823	17.851	6	525	7	58	72	4	1.08643e+06	6.07607e-05	0.2049	
10723	394	3005	20.2061	24.7238	1798	18.4968	8	532	19	66	75	3	1.09754e+06	6.12182e-05	0.1869	
10299	345	2974	20.3236	29.0942	1708	14.9713	6	514	17	61	34	4	1.11928e+06	6.72043e-05	0.1372	
10974	367	2991	20.1226	27.5985	1793	15.6892	7	518	13	59	3	4	1.07005e+06	5.86992e-05	0.2631	
11197	333	2982	15.7467	22.1995	1776	14.1876	9	523	19	60	62	6	1.25693e+06	5.23889e-05	0.2908	
10200	334	3020	24.7604	28.3603	1840	18.8779	6	511	18	59	57	4	1.09358e+06	7.13776e-05	0.1502	
11209	361	3005	22.449	29.1561	1763	16.3101	6	519	17	66	20	3	1.02577e+06	6.06722e-05	0.2728	
10275	219	3047	18.1233	22.9577	1759	17.0178	8	528	10	60	32	5	1.32966e+06	5.92593e-05	0.1421	
11405	368	3011	20.8249	23.2961	1900	16.442	5	525	19	81	38	5	1.07104e+06	5.25403e-05	0.3628	
10831	309	3005	16.4565	24.5252	1840	14.1552	7	522	20	56	62	3	1.24388e+06	5.69217e-05	0.21	
10192	335	2954	17.8926	28.012	1854	17.9571	4	529	14	59	7	4	1.19616e+06	6.45036e-05	0.1257	
11215	330	3050	15.1547	24.0231	1848	15.3168	6	534	8	71	34	4	1.27677e+06	5.17464e-05	0.2781	
10299	345	2987	17.7213	26.4644	1732	14.9713	6	514	17	57	34	4	1.19445e+06	6.27431e-05	0.1484	
11293	353	3021	19.507	22.5603	1714	14.5143	9	530	17	65	67	4	1.10332e+06	5.3376e-05	0.2977	
11016	371	3044	21.4673	21.2168	1890	18.677	7	516	16	56	63	5	1.09544e+06	5.45256e-05	0.3214	
10246	370	2990	20.6813	24.4324	1796	14.0583	4	521	17	65	13	4	1.06109e+06	6.53083e-05	0.1961	
10719	356	3024	22.4059	29.5393	1709	14.0988	6	520	7	75	51	6	1.06109e+06	6.53083e-05	0.1961	
10662	345	2980	20.3236	29.0819	1708	14.9713	6	514	17	64	24	4	1.09254e+06	6.35122e-05	0.1871	
11156	342	3001	20.6179	23.0574	1806	15.6074	5	526	18	64	55	4	1.09741e+06	5.46359e-05	0.2982	
10723	394	3004	20.2061	23.2837	1806	18.7862	9	532	18	67	75	3	1.10167e+06	5.99628e-05	0.1947	
10193	274	3026	18.2947	22.1667	1715	15.8408	10	519	17	56	33	5	1.24979e+06	5.95877e-05	0.1487	
10801	348	3008	20.126	29.7508	1768	17.9572	6	524	8	59	23	6	1.08838e+06	6.29525e-05	0.1873	
11259	342	2978	20.2839	24.5252	1830	14.4928	5	522	17	55	15	3	1.08591e+06	5.39607e-05	0.3454	
11276	321	3042	15.954	20.6783	1776	15.008	7	517	15	57	34	3	1.26164e+06	4.87662e-05	0.428	
11201	290	2967	17.8119	22.4307	1704	14.6823	8	529	14	85	2	5	1.19556e+06	5.15437e-05	0.3407	
10921	330	3002	15.2572	20.6738	1750	15.1824	8	530	9	71	17	4	1.29807e+06	5.0674e-05	0.3132	
11112	377	3041	16.3829	20.5116	1708	14.6539	7	513	9	77	12	4	1.21599e+06	4.92708e-05	0.4208	
10997	397	3016	22.8145	22.7422	1845	16.6552	10	524	14	73	19	3	1.03915e+06	5.51207e-05	0.3587	
11428	321	3016	20.1986	25.7757	1797	14.7465	8	528	13	80	14	6	1.0887e+06	5.42123e-05	0.3436	
10905	400	3004	18.9729	24.7238	1806	18.7862	9	532	19	63	75	3	1.10781e+06	5.89414e-05	0.1923	
11272	321	3042	15.954	20.6783	1772	15.008	7	517	15	57	20	3	1.26107e+06	4.83255e-05	0.4283	
10410	316	3006	17.4448	22.2095	1717	15.7674	6	518	14	64	26	6	1.23489e+06	5.70288e-05	0.2132	
10723	400	3004	20.2061	22.967	1806	18.7862	10	532	19	85	38	3	1.08907e+06	5.76502e-05	0.2519	
10285	400	2964	18.2684	22.6906	1824	17.9059	6	534	10	72	9	5	1.17408e+06	5.87855e-05	0.1894	
10751	345	2956	22.357	21.9681	1721	14.7366	6	525	13	56	70	3	1.0942e+06	5.92382e-05	0.2389	
10275	376	2975	22.26	27.3636	1853	18.3846	7	534	6	65	7	3	1.0848e+06	6.52656e-05	0.1735	
10449	349	2987	15.7759	21.8139	1847	17.5188	8	532	9	77	24	3	1.27914e+06	5.61735e-05	0.215	
11019	341	3013	24.4227	26.6855	1807	16.6748	10	525	11	63	18	4	1.03201e+06	5.99736e-05	0.2709	
10325	345	2975	20.3236	29.5513	1767	16.2534	6	514	11	64	26	4	1.11471e+06	6.69031e-05	0.1535	
11061	368	3043	16.659	24.9432	1856	17.3953	7	520	16	69	31	4	1.17868e+06	5.40657e-05	0.276	
10596	333	2992	19.3223	23.0212	1758	15.6764	7	528	17	60	62	6	1.15946e+06	5.93683e-05	0.1733	
11125	337	2970	17.5789	27.1396	1815	16.7621	7	534	17	57	13	3	1.14029e+06	5.65931e-05	0.2208	
10969	369	3047	17.3095	21.8513	1763	14.0628	9	515	12	62	14	4	1.17314e+06	5.13005e-05	0.3604	
10834	363	3002	19.6615	23.2593	1740	18.5	4	529	2	65	56	3	1.11891e+06	5.71396e-05	0.2377	
10911	381	2988	16.2106	22.1192	1848	18.7864	9	520	16	60	39	4	1.21534e+06	5.32737e-05	0.2808	
11141	368	3037	17.3101	24.9432	1716	18.6787	6	520	16	57	31	5	1.15508e+06	5.44633e-05	0.275	
11186	378	2950	22.7557	26.9638	1708	16.8661	10	526	7	81	67	4	1.02145e+06	6.06391e-05	0.2739	
10679	371	3013	24.4227	28.5784	1812	16.6748	6	534	8	65	18	4	1.03917e+06	6.44828e-05	0.201	
11065	368	3037	17.3101	24.9432	1856	18.6787	6	520	16	71	31	5	1.15531e+06	5.44336e-05	0.2767	
10285	400	2964	18.2684	22.6906	1824	17.9059	5	534	16	72	7	4	1.17414e+06	5.87234e-05	0.1829	
11413	350	2961	24.7353	23.3763	1843	18.9928	6	527	13	70	70	4	1.04071e+06	5.64462e-05	0.3372	
11128	340	3043	25	26.1768	1719	18.8029	7	527	17	58	47	5	1.0331e+06	6.01721e-05	0.2601	
11001	335	2994	15.2572	21.6771	1786	15.1824	8	530	9	71	37	4	1.28566e+06	5.18888e-05	0.2734	
11087	391	3029	21.4681	24.857	1861	14.9661	7	517	7	80	6	4	1.05041e+06	5.52486e-05	0.3468	
10877	381	3034	24.6372	30	1733	14.0759	5	522	5	67	10	3	1.01854e+06	6.44912e-05	0.2414	
10957	396	3019	22.0987	25.8067	1894	16.4989	9	510	5	60	49	4	1.0428e+06	5.87682e-05	0.308	
10893	354	2989	21.3129	29.9322	1728	15.3381	7	519	19	62	9	5	1.0558e+06	6.30001e-05	0.203	
11206	378	3035	21.0557	24.3505	1749	15.2035	9	529	5	66	56	3	1.0526e+06	5.54693e-05	0.3036	
10617	269	3011	17.2388	25.9336	1747	15.693	6	529	17	68	8	4	1.2487e+06	5.80147e-05	0.1718	
10878	375	2966	19.8237	23.9647	1756	17.4216	5	531	19	77	57	5	1.10475e+06	5.8292e-05	0.2218	
11416	377	3041	16.3829	20.5116	1708	14.6539	7	513	10	77	11	4	1.20857e+06	4.77304e-05	0.4649	
10699	157	2970	22.6689	29.5569	1786	15.0798	6	531	1	70	65	3	1.18989e+06	5.26926e-05	0.3124	
11202	294	2952	17.736	22.6569	1703	16.4986	8	529	20	84	27	4	1.18989e+06	5.26926e-05	0.3124	
11309	347	3027	18.8624	23.2822	1870	17.6515	7	531	12	74	58	5	1.04232e+06	5.53833e-05	0.3524	
11302	394	2953	21.4636	25.0163	1720	14.9267	5	522	3	60	10	5	1.04232e+06	5.53833e-05	0.3524	
11390	366	2964	19.4839	22.7311	1873	16.3777	8	522	15	73	46	5	1.09533e+06	5.22439e-05	0.4004	
10481	364	3028	20.1805	29.6948	1809	14.0759	5	522	4	67	5	3	1.09896e+06	6.38896e-05	0.1825	
10862	313	3012	19.6066	26.7512	1894	14.8093	5	526	20	66	22	4	1.12585e+06	5.81937e-05	0.2256	
11062	333	2992	15.7467	21.9364	1758	14.1876	9	523	16	58	62	6	1.26606e+06	5.29886e-05	0.2731	
11249	333	2992	15.7467	22.0299	1758	14.1876	9	523	13	58	62	6	1.25703e+06	5.17545e-05	0.3123	
10921	344	3002	15	21.6771	1730	15.1824	8	527	9	72	25	4	1.30059e+06	5.18108e-05	0.2751	
11030	356	3030	22.4059	29.8806	1716	14.0988	4	520	15	72	56	5	1.04523e+06	6.33232e-05	0.2178	
10739	320	3039	17.5131	23.8308	1883	18.9675	5	530	4	75	31	6	1.20231e+06	5.58067e-05	0.2346	
10481	380	3028	20.1805	29.6948	1809	14.386	5	524	4	67	5	3	1.09346e+06	6.39141e-05	0.1779	
10841	387	3047	15.4484	22.7081	1817	18.9246	9	523	4	76	54	5	1.26035e+06	5.46837e-05	0.2601	
11206	364	3035	20.5137	20.7547	1701	15.2035	8	529	5	70	56	3	1.09131e+06	5.2263e-05	0.3705	
11231	345	2970	20.6736	28.2183	1834	15.5443	6	527	11	67	56	4	1.06132e+06	5.95699e-05	0.2444	
11164	325	3043	23.067	20.314	1887	17.5244	10	509	7	76	26	4	1.09632e+06	5.21512e-05	0.4311	
11201	352	2989	19.4117	21.7151	1781	17.1301	10	520	17	59	49	4	1.11266e+06	5.2651e-05	0.3521	
10643	339	2992	24.4782	24.9749	1823	17.851	6	525	9	58	72	4	1.07143e+06	6.41231e-05	0.1934	
10325	345	2976	20.3236	29.5513	1718	16.2534	6	514	11	64	34	4	1.11705e+06	6.74627e-05	0.1482	
10269	349	3020	15.7759	23.0832	1760	15.0088	6	522	9	56	40	3	1.29793e+06	5.87855e-05	0.1667	
11293	353	3021	17.7932	22.5603	1714	14.9448	9	530	17	67	67	4	1.14822e+06	5.28095e-05	0.2883	
10193	274	3026	18.2947	22.1667	1715	15.8408	10	519	17	56	39	5	1.25193e+06	6.00096e-05	0.1416	
10901	349	3025	22.6961	29.0719	1716	16.2347	7	525	8	56	5	5	1.04601e+06	6.22743e-05	0.2312	
10617	269	3011	16.6904	25.9336	1759	15.693	6	529	17	68	8	4	1.27083e+06	5.77601e-05	0.1765	
11307	386	3031	18.9249	25.54	1859	18.5199	8	508	0	81	63	3	1.06584e+06	6.46245e-05	0.1986	
10719	356	3024	22.4059	28.8446	1709	14.0988	5	520	15	75	51	6	1.06584e+06	6.46245e-05	0.1986	
10032	355	3014	15.7298	20.3473	1861	16.0336	5	524	5	62	20	5	1.33497e+06	5.85274e-05	0.1702	
10833	360	2974	22.3991	21.443	1872	18.5774	7	532	3	58	72	4	1.09208e+06	5.80114e-05	0.2426	
10257	348	3003	20.4288	27.8061	1744	16.0623	5	525	12	55	53	4	1.13431e+06	6.71637e-05	0.1285	
10496	316	3031	22.8115	26.0309	1727	14.6907	10	520	11	62	75	5	1.10421e+06	6.54622e-05	0.1716	
11368	344	2956	24.1018	29.1522	1709	17.0115	8	522	11	72	39	5	1.01401e+06	6.17436e-05	0.2912	
10603	392	3039	18.6164	26.9211	1879	18.5611	8	535	4	63	16	4	1.11854e+06	5.95912e-05	0.1669	
10126	276	2995	16.6886	24.5357	1837	14.3877	10	531	8	58	5	4	1.29469e+06	6.02119e-05	0.1365	
10950	351	2970	17.713	27.3753	1837	16.7621	8	534	17	61	15	3	1.13466e+06	5.79509e-05	0.1978	
10820	390	2989	20.1226	28.5218	1793	15.9743	8	518	10	61	3	4	1.06452e+06	6.07128e-05	0.229	
11062	333	2992	15.7467	20	1758	14.1876	8	523	16	58	62	6	1.28347e+06	5.14033e-05	0.3091	
11279	379	3047	22.2348	22.5588	1811	16.1079	6	513	13	71	51	5	1.05979e+06	5.35963e-05	0.3812	
10019	311	3032	18.1198	23.2998	1757	18.4694	7	527	3	60	19	5	1.2373e+06	6.26684e-05	0.1269	
10831	334	3005	16.4565	24.5252	1870	14.0405	7	522	19	56	27	4	1.21758e+06	5.50025e-05	0.2354	
11301	382	3003	19.1213	26.7615	1841	16.1349	9	531	18	75	8	6	1.06994e+06	5.5325e-05	0.2768	
10193	274	3026	18.2947	22.6736	1727	16.3291	10	517	17	56	39	5	1.24911e+06	6.04376e-05	0.1436	
10841	387	3018	16.9261	22.7081	1817	17.7817	9	520	4	58	54	5	1.18936e+06	5.50085e-05	0.2603	
10587	392	3039	18.6164	26.9211	1879	18.5611	9	535	4	64	14	4	1.11838e+06	5.96445e-05	0.1684	
10706	349	3001	24.1316	26.6635	1761	16.3356	8	532	6	64	9	5	1.05075e+06	6.2004e-05	0.23	
10857	348	2989	24.2765	29.9322	1728	16.7075	7	519	19	62	15	4	1.03193e+06	6.51678e-05	0.2242	
11215	320	3035	15.1547	20.1018	1827	15.0387	6	533	4	71	34	4	1.3128e+06	4.85791e-05	0.3723	
10019	311	3042	23.2309	25.9005	1757	18.4081	7	527	3	56	19	5	1.13396e+06	6.80272e-05	0.1349	
11300	352	2989	17.8489	21.7151	1781	15.1198	10	520	17	59	51	4	1.15255e+06	5.134e-05	0.3758	
11293	353	3013	17.7932	22.5603	1714	14.9448	9	530	19	67	67	4	1.14793e+06	5.29017e-05	0.2854	
10719	394	3004	20.2061	25.8737	1806	18.7862	8	518	19	69	75	3	1.09046e+06	6.21659e-05	0.2024	
10587	395	3039	18.6164	26.9211	1843	18.5611	8	535	1	55	55	4	1.13241e+06	6.1885e-05	0.1543	
10126	338	3039	22.5319	28.3225	1802	16.7224	4	517	7	59	33	6	1.11798e+06	6.85307e-05	0.1449	
10589	283	3039	22.8208	29.2594	1756	17.7359	7	527	9	57	13	3	1.10477e+06	6.47543e-05	0.1726	
10901	343	3025	22.6961	29.0719	1716	16.2347	8	525	8	56	5	5	1.04778e+06	6.22781e-05	0.2307	
10831	309	3019	15	24.5252	1849	14.1552	5	522	20	56	46	3	1.03663e+06	6.2818e-05	0.2288	
11030	356	3016	22.4059	29.8806	1716	14.0988	7	520	15	72	34	5	1.03663e+06	6.2818e-05	0.2288	
10286	363	3041	17.9138	24.8986	1713	14.6762	8	517	15	63	15	4	1.18026e+06	5.9805e-05	0.1634	
10285	352	2964	18.2684	22.6906	1824	17.9059	5	535	11	72	3	4	1.19208e+06	5.84385e-05	0.1892	
11246	352	2987	19.4117	22.5676	1781	15.1198	10	520	17	59	33	4	1.10343e+06	5.2367e-05	0.3601	
10193	274	3026	18.2947	22.1667	1715	15.8408	10	519	15	56	39	5	1.25185e+06	5.99808e-05	0.1442	
10841	387	3019	15.4484	22.7081	1869	18.9023	9	521	4	59	54	5	1.2649e+06	5.45137e-05	0.2592	
11273	361	3018	23.4069	27.1107	1852	18.9366	8	518	12	64	16	5	1.02171e+06	5.81971e-05	0.3259	
10957	396	3019	22.0987	26.4302	1891	16.4989	9	530	1	62	50	4	1.03827e+06	5.94636e-05	0.2448	
10706	344	2993	24.1316	26.9893	1716	16.3088	9	532	6	64	9	5	1.05046e+06	6.25861e-05	0.223	
11048	345	2988	17.2375	24.6168	1791	15.2243	7	526	2	61	15	3	1.16428e+06	5.39491e-05	0.2852	
10538	327	2964	18.3939	21.0214	1824	17.9059	5	534	12	72	7	4	1.19445e+06	5.4939e-05	0.2567	
10923	317	2970	17.5789	27.3753	1886	16.7621	7	534	17	57	17	3	1.16307e+06	5.79845e-05	0.1951	
11164	325	3034	23.067	20.314	1887	17.5244	10	512	7	76	26	4	1.09574e+06	5.22166e-05	0.4265	
10246	370	3016	20.6813	27.5971	1796	14.0583	4	526	17	66	4	3	1.11621e+06	6.41396e-05	0.1688	
10246	370	2990	20.6813	27.5971	1796	14.0583	4	526	17	66	4	3	1.11531e+06	6.44288e-05	0.1688	
11381	310	2975	16.7224	23.4794	1856	15.6727	9	520	15	64	13	4	1.20383e+06	5.08569e-05	0.3818	
10699	283	3046	16.403	21.0738	1724	18.1502	5	526	8	58	59	4	1.30381e+06	5.48817e-05	0.2245	
10019	308	3040	18.1198	23.2998	1757	18.3711	7	527	3	56	19	5	1.23818e+06	6.21581e-05	0.1085	
10383	195	2984	15.8095	26.5213	1818	15.6125	10	503	9	74	55	5	1.1072e+06	6.33914e-05	0.1769	
10505	352	3003	20.7028	26.5157	1721	16.4376	7	519	12	66	51	5	1.1072e+06	6.33914e-05	0.1769	
10893	315	3042	20.0898	27.8079	1804	14.8461	10	528	19	73	26	4	1.10253e+06	5.94884e-05	0.206	
10633	339	2992	24.4782	24.9749	1823	17.6092	6	525	9	58	72	4	1.07182e+06	6.42302e-05	0.1928	
11128	302	3022	22.3162	25.0663	1719	18.8029	7	529	12	67	47	5	1.0876e+06	5.75109e-05	0.273	
11406	307	3037	22.5429	25.6592	1825	14.9892	6	534	10	59	31	4	1.06615e+06	5.52425e-05	0.3166	
11331	290	2998	15.3612	22.7386	1798	14.0912	7	531	20	66	61	6	1.30655e+06	5.1725e-05	0.282	
10957	396	2999	22.0987	26.4302	1894	16.4989	9	528	4	65	49	4	1.03773e+06	5.96445e-05	0.2514	
11400	397	3016	22.8145	26.3102	1845	16.6552	8	518	15	73	19	3	1.00561e+06	5.61956e-05	0.3616	
11083	272	2957	17.8119	21.873	1715	14.747	8	534	14	85	10	5	1.22403e+06	5.20373e-05	0.323	
11048	343	2961	16.5415	21.2262	1882	15.2265	5	532	0	61	45	5	1.22832e+06	5.1835e-05	0.3156	
10481	342	3028	20.1805	29.6948	1809	14.386	5	524	4	66	5	3	1.10916e+06	6.39182e-05	0.176	
11293	304	3024	18.2969	22.7873	1714	15.8531	9	530	17	66	67	4	1.16586e+06	5.32085e-05	0.285	
10269	349	3020	15.7759	23.0832	1744	15.0088	7	519	9	56	40	3	1.29622e+06	5.87786e-05	0.1716	
10972	385	3024	21.4868	28.0697	1850	14.0729	10	527	9	70	41	4	1.04038e+06	6.03537e-05	0.2435	
10328	322	3007	22.6083	25.6329	1767	16.3116	9	519	9	56	43	5	1.10667e+06	6.46538e-05	0.1689	
10841	387	3047	15.4484	22.7081	1817	18.9246	9	523	4	76	54	5	1.26035e+06	5.46837e-05	0.2601	
10957	396	3019	22.0987	26.4302	1894	16.4989	9	528	1	62	49	4	1.03825e+06	5.94001e-05	0.2518	
11452	374	2962	16.9094	25.4291	1871	15.3191	6	529	12	61	7	6	1.14687e+06	5.25045e-05	0.3205	
11215	336	3050	15.1547	24.0231	1848	15.3168	6	534	8	73	34	4	1.27227e+06	5.17598e-05	0.28	
11405	393	3022	19.1631	25.655	1889	15.1196	5	528	18	81	6	5	1.0748e+06	5.32708e-05	0.3552	
11016	361	3034	24.97	22.9589	1795	16.2989	7	534	5	60	18	5	1.04511e+06	5.65835e-05	0.3242	
11164	325	3043	23.067	20.314	1887	17.5244	10	509	7	76	26	4	1.09632e+06	5.21512e-05	0.4311	
10893	351	2989	23.2779	29.9322	1728	16.7075	7	519	19	62	16	4	1.03567e+06	6.4317e-05	0.2225	
11226	379	2975	21.2985	22.5588	1775	16.1079	6	513	13	70	51	5	1.07075e+06	5.42064e-05	0.379	
10585	328	2968	23.5377	29.1217	1771	14.851	5	515	20	59	60	4	1.07365e+06	6.77277e-05	0.1713	
11217	282	3048	15.5316	23.0388	1739	17.0307	5	531	0	73	7	6	1.30666e+06	5.0477e-05	0.3202	
11198	339	3035	15.1547	20.8745	1827	14.6778	5	530	4	75	34	4	1.29492e+06	4.92732e-05	0.3657	
10914	343	2994	15.1149	21.6771	1786	15.1824	8	530	9	71	43	4	1.29563e+06	5.28262e-05	0.2553	
10701	396	3022	20.2469	26.4302	1878	16.5325	9	528	0	67	49	4	1.08149e+06	6.06281e-05	0.2159	
10481	380	3028	20.1805	29.6948	1809	14.386	5	524	4	67	5	3	1.09346e+06	6.39141e-05	0.1779	
11400	349	2958	16.7224	21.8671	1856	15.2081	8	520	18	64	13	5	1.19229e+06	4.93827e-05	0.4253	
11112	379	3047	21.8456	22.5588	1811	16.1079	6	513	13	71	45	5	1.0707e+06	5.42829e-05	0.3531	
11087	372	3029	21.4681	24.857	1869	15.0322	7	520	7	80	6	4	1.05759e+06	5.52029e-05	0.3403	
10275	230	3047	18.1233	22.9577	1753	15.6737	8	528	8	60	32	5	1.30943e+06	5.91541e-05	0.1484	
11352	379	3026	21.1884	22.9465	1841	15.369	5	499	14	76	24	4	1.07089e+06	5.24742e-05	0.4517	
10610	379	3049	21.0241	30	1805	16.1079	7	518	6	71	51	5	1.07516e+06	6.55867e-05	0.1883	
11229	306	2952	17.736	21.2283	1703	15.8907	8	529	19	84	18	4	1.18764e+06	5.09424e-05	0.3543	
10969	369	3047	17.5336	21.8513	1763	14.0628	9	511	12	62	12	4	1.16637e+06	5.13268e-05	0.3729	
11272	327	3042	15.954	20.6783	1772	15.8115	6	517	15	57	43	3	1.26048e+06	4.91787e-05	0.4152	
11393	385	3034	21.4868	27.6366	1851	14.0729	10	521	19	70	41	4	1.02214e+06	5.71559e-05	0.3174	
11191	343	2994	18.6158	25.1381	1878	17.0584	8	534	7	63	23	6	1.11701e+06	5.4336e-05	0.285	
10836	365	2980	18.3519	25.3104	1762	17.1953	9	525	5	64	60	3	1.13119e+06	5.88824e-05	0.2104	
11373	278	2987	15.3612	22.7386	1798	14.0912	7	531	20	66	61	6	1.31758e+06	5.15358e-05	0.2898	
10706	349	3015	24.1316	26.6635	1787	15.9799	9	535	6	64	9	5	1.05086e+06	6.1778e-05	0.2302	
11142	358	2994	22.3728	25.5017	1890	15.6664	7	527	9	74	32	5	1.04765e+06	5.6899e-05	0.3017	
11201	290	2967	18.0583	22.4307	1704	14.6823	8	529	14	85	2	4	1.18619e+06	5.16209e-05	0.339	
11406	368	3011	15.3102	24.0677	1900	14.9531	5	531	18	81	46	5	1.23905e+06	5.15863e-05	0.3145	
11372	383	2981	15	26.0892	1836	15.8289	9	531	18	73	29	4	1.23456e+06	5.35246e-05	0.2802	
11243	345	3028	17.772	21.7582	1789	16.2325	7	514	12	79	34	4	1.06169e+06	5.27315e-05	0.4366	
11453	392	3001	21.7575	21.9977	1718	16.1982	5	517	19	79	57	6	1.06169e+06	5.27315e-05	0.4366	
11279	379	3047	22.2348	22.5588	1811	16.1079	6	513	15	71	43	5	1.05977e+06	5.33333e-05	0.3867	
10286	328	3041	17.9138	26.2942	1740	14.1349	8	520	15	63	18	4	1.19389e+06	6.13685e-05	0.1501	
10193	274	3026	18.2947	21.9467	1715	15.8408	10	519	15	56	39	5	1.25294e+06	5.97836e-05	0.1464	
11053	374	3046	17.3101	25.7027	1741	18.6787	6	522	19	58	31	3	1.14878e+06	5.55525e-05	0.2434	
11259	342	2978	22.167	24.5252	1837	14.4928	5	522	17	55	19	3	1.05766e+06	5.50418e-05	0.3272	
11206	382	3035	19.9321	20.7547	1725	15.2035	9	520	5	67	53	4	1.0976e+06	5.17759e-05	0.3978	
10719	356	3024	21.0305	30	1709	14.0988	6	529	7	75	54	5	1.08004e+06	6.53808e-05	0.1803	
11395	343	3050	18.6981	24.5246	1878	17.4013	8	534	8	84	23	6	1.11283e+06	5.22057e-05	0.3528	
11048	355	2980	16.8009	24.6168	1720	15.2243	8	526	2	64	15	3	1.17321e+06	5.40804e-05	0.2709	
11408	375	2978	21.4985	25.7609	1854	18.526	6	527	7	72	40	4	1.03919e+06	5.56731e-05	0.3535	
10318	373	2952	20.7253	30	1854	15.5925	5	516	10	59	35	5	1.1004e+06	6.82314e-05	0.1524	
10751	369	3040	16.2967	23.7221	1874	18.6787	6	523	16	65	29	5	1.22049e+06	5.49089e-05	0.2287	
11083	273	3034	17.8119	21.873	1715	14.747	8	534	14	82	10	5	1.22468e+06	5.13031e-05	0.3218	
10824	339	2992	21.9866	25.2653	1823	18.2082	5	525	3	58	65	4	1.08506e+06	6.06024e-05	0.2159	
10328	378	3007	18.443	25.6329	1767	16.3116	9	519	10	56	39	5	1.15734e+06	6.20309e-05	0.1498	
11030	356	3016	22.4059	29.8806	1808	14.0988	7	524	16	72	34	5	1.03615e+06	6.24844e-05	0.2304	
11483	321	3014	20.8072	26.0267	1797	14.9741	8	528	13	80	14	6	1.07571e+06	5.45078e-05	0.3508	
11019	341	3013	24.4227	26.6855	1807	16.6748	10	525	11	66	18	4	1.03199e+06	5.99556e-05	0.273	
10410	311	2999	17.3388	22.2095	1735	16.1874	6	519	18	64	26	6	1.2416e+06	5.71037e-05	0.2012	
11147	373	3041	20.7253	29.8478	1854	15.5925	7	526	17	60	28	6	1.04721e+06	6.0518e-05	0.2309	
10519	372	3039	17.4666	26.9211	1813	17.4636	8	535	12	64	16	6	1.17258e+06	6.00096e-05	0.1515	
11128	302	3022	22.3162	25.0663	1719	17.2889	7	529	12	67	47	5	1.08726e+06	5.73723e-05	0.2758	
10694	328	3016	23.5449	29.2284	1845	19	6	514	12	59	65	4	1.06661e+06	6.65912e-05	0.192	
10019	342	3042	17.9084	23.2998	1767	18.4694	7	533	3	59	19	5	1.22869e+06	6.25117e-05	0.127	
10842	363	3002	19.6615	23.4253	1740	18.5	4	529	2	65	56	3	1.11759e+06	5.72541e-05	0.2353	
11142	333	2992	15.9655	22.4525	1758	14.7631	9	523	16	58	69	6	1.25039e+06	5.33675e-05	0.2734	
11030	356	3016	22.4059	29.8806	1716	14.0988	7	520	16	73	52	5	1.03819e+06	6.33513e-05	0.2206	
10193	274	3026	18.2947	22.1667	1715	17.8092	10	519	17	56	39	5	1.25255e+06	6.01902e-05	0.1392	
10911	382	2988	16.2106	22.1192	1848	18.1801	9	520	16	55	39	4	1.21613e+06	5.32028e-05	0.2842	
11413	375	2953	20.5915	23.3763	1843	18.7159	6	516	13	73	23	3	1.06317e+06	5.28067e-05	0.4101	
10706	363	3001	24.1316	27.3953	1802	15.9799	9	532	6	64	9	5	1.04109e+06	6.2637e-05	0.2293	
11242	352	3000	16.9369	21.7151	1781	16.2423	10	520	17	65	48	4	1.18476e+06	5.12558e-05	0.3571	
10193	274	3026	18.2947	22.1667	1715	15.8408	10	527	20	58	45	5	1.25629e+06	6.07607e-05	0.138	
11111	333	2982	15.7467	22.1995	1776	14.1876	9	523	19	60	74	5	1.26375e+06	5.36509e-05	0.2633	
10538	394	3004	20.2061	24.7238	1806	18.7862	8	532	15	66	70	4	1.11305e+06	6.27353e-05	0.1804	
11062	333	2997	15.7467	20	1744	14.1876	8	523	16	56	62	6	1.28373e+06	5.13663e-05	0.309	
11197	329	2982	16.1219	22.0299	1758	17.037	9	523	16	60	52	6	1.23827e+06	5.20833e-05	0.3059	
10284	311	3034	17.9084	26.4308	1837	18.4694	6	526	3	58	12	5	1.20614e+06	6.1207e-05	0.1376	
11229	351	2994	23.9534	29.7508	1759	15.2159	6	524	8	58	9	6	1.01964e+06	6.21234e-05	0.2799	
11065	368	3037	17.31	21.7169	1856	18.5512	5	520	16	71	31	5	1.18021e+06	5.14801e-05	0.3504	
10706	346	2980	16.8009	26.1558	1720	15.2308	7	526	11	64	15	3	1.19327e+06	5.79509e-05	0.1972	
10957	373	3019	20.8284	26.4302	1881	16.4989	9	530	2	62	50	4	1.06367e+06	5.88616e-05	0.2407	
10029	337	2965	18.4425	21.506	1774	16.9552	6	532	4	56	21	3	1.21479e+06	6.1207e-05	0.1345	
11164	325	3034	23.067	20.314	1887	17.6379	10	512	7	76	26	4	1.09556e+06	5.2222e-05	0.4264	
11076	330	2950	15.1547	24.7757	1849	15.0387	6	533	11	71	34	4	1.27756e+06	5.42829e-05	0.2528	
11209	361	3005	22.449	29.1561	1763	16.3101	6	519	17	66	20	4	1.02806e+06	6.0698e-05	0.2722	
10988	342	2999	20.6179	22.2213	1806	15.4559	5	526	18	70	49	3	1.10629e+06	5.49571e-05	0.2896	
11295	379	3027	22.8145	26.2689	1815	16.652	9	518	16	73	48	3	1.01703e+06	5.73394e-05	0.3367	
10886	327	2965	16.1815	25.6576	1826	15.741	5	507	8	73	31	6	1.29793e+06	5.87855e-05	0.1667	
10269	349	3020	15.7759	23.0832	1760	15.0088	6	522	9	56	40	3	1.29793e+06	5.87855e-05	0.1667	
11295	377	3027	22.8145	25.7516	1815	16.4874	9	518	13	75	42	3	1.0188e+06	5.66572e-05	0.3443	
11083	324	2957	17.8119	21.873	1715	14.747	8	534	14	85	10	5	1.17255e+06	5.20264e-05	0.3231	
10739	227	3027	15.2761	22.8653	1883	18.8017	5	530	7	75	31	4	1.42317e+06	5.43419e-05	0.245	
10221	340	3041	17.9138	24.8986	1700	14.6762	8	517	15	62	15	4	1.19644e+06	6.04266e-05	0.1506	
10194	393	2995	24.0491	23.4735	1816	15.1713	8	505	8	62	39	5	1.02723e+06	6.49351e-05	0.23	
10893	351	2989	24.5362	29.9322	1728	14.594	7	519	20	63	13	4	1.02723e+06	6.49351e-05	0.23	
10019	317	3044	17.9084	22.4402	1757	18.8934	8	531	3	56	17	5	1.24322e+06	6.1252e-05	0.1074	
11156	342	3008	20.6179	23.0574	1806	15.6074	4	526	18	64	55	4	1.10159e+06	5.45613e-05	0.3006	
11209	291	3009	21.9459	29.1561	1784	15.6644	6	528	17	66	67	5	1.08421e+06	6.16219e-05	0.2148	
10616	364	2999	20.1805	29.6948	1809	14	5	521	4	62	5	3	1.08755e+06	6.32271e-05	0.1941	
11202	364	3035	16.5576	23.0746	1701	15.2035	9	529	5	70	48	3	1.18506e+06	5.62841e-05	0.2235	
10714	309	3007	17.8577	24.5252	1857	14.1552	7	522	20	56	24	3	1.18506e+06	5.62841e-05	0.2235	
10269	349	3020	15.7759	23.0832	1760	15.0088	5	522	7	56	37	3	1.29833e+06	5.85309e-05	0.1668	
11296	330	3008	17.1829	23.4794	1856	15.6727	9	520	15	64	13	4	1.17538e+06	5.11509e-05	0.3747	
10299	345	2979	20.3048	29.0942	1758	14.9713	6	514	17	61	34	4	1.11954e+06	6.69882e-05	0.1428	
10111	311	3042	17.9084	27.8305	1757	18.487	7	527	0	56	19	5	1.22041e+06	6.50449e-05	0.1191	
10200	336	3020	24.7604	29.2284	1789	18.8779	6	508	12	59	48	4	1.08875e+06	7.17206e-05	0.1562	
11395	341	3049	18.6981	22.6332	1878	17.0584	8	534	7	84	27	6	1.1265e+06	5.05536e-05	0.3877	
10748	341	3042	15	23.2998	1765	17.8899	7	521	3	61	19	5	1.30963e+06	5.36653e-05	0.2521	
10771	379	3038	24.758	29.9848	1708	18.2245	6	520	5	62	22	4	1.02455e+06	6.5937e-05	0.2201	
11335	345	3016	18.7958	25.6097	1845	16.6552	10	524	15	73	22	3	1.09744e+06	5.39433e-05	0.3176	
10296	385	2964	18.2684	22.6906	1824	17.9059	5	534	12	72	9	4	1.17794e+06	5.8651e-05	0.1874	
10662	387	3001	21.6334	29.7278	1797	17.0487	4	523	1	67	72	5	1.0696e+06	6.69299e-05	0.1775	
11285	254	3004	18.8673	20.775	1899	18.6997	6	534	3	55	3	6	1.23797e+06	4.92635e-05	0.3718	
11339	348	3029	21.152	29.5837	1852	14.0464	9	515	15	68	12	4	1.03969e+06	5.92557e-05	0.3025	
11294	361	3004	19.6664	27.1054	1852	18.9366	8	530	12	74	16	6	1.06942e+06	5.62114e-05	0.2782	
10111	340	3042	17.8079	27.8305	1753	18.4694	7	527	0	56	19	5	1.20746e+06	6.50111e-05	0.1203	
10997	397	3016	22.8145	21.9018	1845	16.6552	10	524	14	73	19	3	1.04499e+06	5.4404e-05	0.3641	
10109	325	2967	19.9892	27.9643	1877	17.2329	6	525	2	59	12	3	1.15003e+06	6.62998e-05	0.1423	
10141	311	3042	17.9084	23.2998	1778	18.4694	6	530	5	56	33	5	1.23806e+06	6.08162e-05	0.1185	
11119	337	3048	22.7698	26.2997	1719	18.8029	8	529	14	58	47	5	1.05131e+06	5.89414e-05	0.2458	
10481	273	2962	21.7248	24.8923	1706	17.5453	8	524	13	58	56	3	1.14907e+06	6.35001e-05	0.1487	
11201	290	2975	17.8119	22.4307	1704	16.1636	7	529	14	85	2	5	1.19793e+06	5.15305e-05	0.3417	
11431	379	3026	21.1884	22.9465	1780	16.4926	5	500	13	76	24	4	1.06943e+06	5.22575e-05	0.4755	
11001	335	2994	17.6117	21.6771	1730	15.1824	8	530	9	71	23	4	1.17752e+06	5.21512e-05	0.319	
11143	335	2994	15.2572	21.5407	1730	15.2676	8	522	9	71	20	5	1.28353e+06	5.02084e-05	0.3527	
11128	302	3022	22.3162	25.0663	1719	17.3586	7	529	12	66	47	5	1.08717e+06	5.73855e-05	0.2745	
10834	378	3002	20.3513	23.1541	1740	18.5	4	529	2	68	50	3	1.09831e+06	5.70874e-05	0.254	
11234	361	2998	24.049	24.4158	1809	15.8801	8	523	9	66	72	4	1.03224e+06	5.78771e-05	0.3119	
10193	274	3026	16.9628	22.1667	1726	15.5011	10	519	17	56	36	5	1.29788e+06	5.91471e-05	0.1485	
11381	310	2975	16.7224	23.4794	1856	15.6697	9	520	18	64	13	4	1.20344e+06	5.08621e-05	0.3766	
10523	269	2992	15	25.9336	1759	15.4457	8	534	17	68	2	4	1.20447e+06	5.15092e-05	0.3491	
11201	290	2990	17.8119	22.4307	1704	14.6823	5	529	14	85	9	5	1.20447e+06	5.15092e-05	0.3491	
10604	400	2975	20.0407	28.4784	1888	18.1969	7	533	11	68	46	4	1.087e+06	6.41355e-05	0.1728	
11215	388	3035	15.1547	24.1024	1827	14.6778	8	533	4	84	34	3	1.23788e+06	5.21567e-05	0.2941	
10126	276	2999	16.6886	24.5357	1837	14.3877	10	528	8	58	5	4	1.2945e+06	6.01034e-05	0.1398	
10751	381	3040	16.9416	23.7221	1869	18.6787	6	522	14	65	29	5	1.18829e+06	5.51329e-05	0.2354	
11116	327	2995	19.4117	20.6513	1781	17.1301	10	520	17	59	49	4	1.13929e+06	5.23177e-05	0.351	
10803	339	2992	24.4782	24.9749	1823	17.6092	5	525	9	58	72	4	1.06415e+06	6.25352e-05	0.2179	
11381	369	2997	16.7224	23.0738	1843	15.2081	9	520	15	64	13	5	1.17105e+06	5.02993e-05	0.3946	
11272	321	3042	16.8296	21.7687	1772	14.8297	6	517	15	58	18	3	1.2146e+06	4.94951e-05	0.4101	
11242	352	2989	19.0085	22.6064	1781	17.1301	10	519	17	59	11	4	1.1108e+06	5.17759e-05	0.3688	
10893	351	2989	24.5362	29.9322	1728	14.594	7	519	19	63	55	4	1.03028e+06	6.61507e-05	0.2107	
11164	376	3043	19.3705	20.314	1873	17.5244	6	509	6	75	26	4	1.12871e+06	5.01379e-05	0.4346	
10299	345	2976	19.8568	29.0942	1708	15.2275	6	514	17	64	29	4	1.12812e+06	6.67334e-05	0.1447	
10834	363	3002	19.6615	23.2593	1740	18.5	9	527	6	65	56	3	1.10928e+06	5.72639e-05	0.2344	
11197	333	2982	15.7467	22.1995	1776	14.4007	9	523	19	60	62	6	1.25634e+06	5.23999e-05	0.2903	
10719	356	3024	22.4059	28.8446	1709	14.0988	5	520	15	76	51	6	1.06581e+06	6.46287e-05	0.1997	
11428	320	3039	19.4993	25.7757	1785	14.7465	8	533	14	80	18	4	1.09778e+06	5.3723e-05	0.3061	
10596	335	2992	19.3223	23.0212	1770	15.6764	7	526	17	60	62	6	1.15816e+06	5.93049e-05	0.1795	
11381	382	2956	16.7224	21.8671	1856	15.2081	9	520	18	62	13	5	1.17366e+06	4.94903e-05	0.4186	
10337	400	2987	22.26	26.1687	1888	18.8132	8	534	11	65	47	4	1.08242e+06	6.56383e-05	0.1581	
10194	274	3026	18.2947	23.044	1715	15.8408	10	519	17	56	39	5	1.2476e+06	6.08125e-05	0.1376	
11197	333	2982	15.8419	22.1995	1776	14.1876	9	523	19	60	62	6	1.25129e+06	5.24164e-05	0.2907	
11197	327	2992	16.2202	22.0299	1858	14.3108	8	523	13	59	62	6	1.23955e+06	5.20156e-05	0.3133	
10655	269	2995	16.9773	25.9336	1759	18.126	6	534	17	68	28	4	1.25976e+06	5.89449e-05	0.167	
10957	396	3004	22.0987	26.4302	1891	16.4989	9	530	1	62	50	4	1.03788e+06	5.96196e-05	0.2448	
10706	349	3016	23.6682	26.6635	1761	16.0871	7	532	6	64	9	5	1.05604e+06	6.14817e-05	0.2262	
10957	384	3019	22.0987	25.0163	1894	16.4989	9	528	1	62	32	4	1.04621e+06	5.73066e-05	0.2801	
11131	344	3007	22.1787	23.9666	1844	14.6951	9	529	14	62	58	6	1.06469e+06	5.64239e-05	0.2813	
11076	233	2995	15.853	24.5357	1821	14.3877	10	531	12	55	5	4	1.3436e+06	5.2815e-05	0.2609	
10966	362	3037	17.3101	23.9681	1833	18.6787	6	520	16	71	31	5	1.16821e+06	5.41947e-05	0.2749	
11209	379	2995	22.2348	22.5588	1811	16.1079	6	514	13	71	52	5	1.06136e+06	5.45673e-05	0.3631	
10837	381	3050	19.8681	22.4256	1817	17.3426	9	531	15	68	40	4	1.10094e+06	5.5142e-05	0.2456	
10039	311	3042	17.9084	23.2998	1757	18.4694	7	529	3	57	21	5	1.24284e+06	6.17055e-05	0.1117	
10831	309	3005	16.4565	25.3546	1803	14.1552	8	522	20	56	22	4	1.22902e+06	5.58285e-05	0.2191	
10194	274	3026	18.2947	23.044	1715	15.8408	10	517	13	56	37	5	1.24643e+06	6.05694e-05	0.1462	
11406	307	3037	22.5429	25.6592	1825	14.9892	6	534	11	59	33	4	1.06619e+06	5.52914e-05	0.3156	
11061	385	3034	21.4868	27.6366	1851	14.0729	10	510	19	70	42	4	1.00495e+06	6.29921e-05	0.2933	
11330	361	2970	24.6911	29.9774	1752	15.8327	6	522	7	58	33	5	1.00495e+06	6.29921e-05	0.2933	
10699	283	3046	16.1878	21.0738	1724	18.001	4	526	8	59	59	4	1.31679e+06	5.47825e-05	0.2259	
11395	332	2950	18.6981	22.9312	1878	16.1383	8	533	3	66	33	6	1.13096e+06	5.16662e-05	0.3744	
11300	352	2989	19.2235	21.7151	1731	15.1198	10	520	17	59	51	4	1.11406e+06	5.20102e-05	0.3651	
10842	387	3018	15.9631	22.7081	1817	18.7765	9	525	4	59	54	5	1.23459e+06	5.48426e-05	0.2395	
10610	379	3050	21.8456	29.0644	1811	16.1079	4	518	13	73	51	5	1.0708e+06	6.49815e-05	0.19	
10831	334	3002	16.4565	24.5252	1870	14.0405	7	522	20	56	31	4	1.21802e+06	5.52181e-05	0.2318	
11141	354	3005	22.449	29.1561	1762	16.3445	6	519	17	66	20	3	1.03212e+06	6.10501e-05	0.266	
11197	333	2982	15.7467	21.575	1785	14.1876	9	523	10	63	35	4	1.25255e+06	5.04719e-05	0.3574	
11242	379	3010	18.8192	21.2334	1784	16.2423	10	520	17	63	46	4	1.11594e+06	5.13505e-05	0.3763	
11287	343	3009	15.4966	25.4642	1794	16.5601	7	535	6	66	37	5	1.2389e+06	5.35561e-05	0.2678	
11300	366	2989	17.8489	21.7151	1781	15.1198	10	520	17	59	42	4	1.14372e+06	5.09762e-05	0.3843	
10219	374	2973	16.9094	24.1282	1872	14.5396	7	527	11	61	7	6	1.22305e+06	5.92452e-05	0.1622	
11201	352	2989	19.4117	22.0289	1733	17.1301	7	520	17	59	25	4	1.11261e+06	5.21349e-05	0.3657	
11331	322	2998	15	22.7386	1798	14.0912	7	531	20	67	61	6	1.30237e+06	5.16369e-05	0.283	
10997	397	3016	22.8145	22.7422	1845	16.6552	10	524	14	73	11	3	1.03971e+06	5.48817e-05	0.3603	
10481	342	3028	20.1805	29.6948	1809	14.386	5	524	4	65	13	3	1.10967e+06	6.42178e-05	0.1717	
10921	344	3002	15.2572	20.6738	1750	18.7338	8	528	9	75	25	4	1.28865e+06	5.13584e-05	0.3003	
11475	347	3030	15.4966	25.4642	1823	16.5601	7	535	6	68	36	5	1.22862e+06	5.22302e-05	0.2966	
11148	335	3001	20.6179	23.0574	1806	16.4217	5	526	17	64	55	4	1.1019e+06	5.47106e-05	0.2976	
11141	368	3037	17.3891	24.9432	1716	18.6787	6	520	15	65	31	5	1.15099e+06	5.44425e-05	0.2789	
11231	345	2970	20.5946	28.0433	1834	15.5443	6	527	11	67	56	4	1.063e+06	5.93437e-05	0.2455	
11082	379	3036	24.02	29.8806	1709	14.678	5	520	12	78	36	6	1.01659e+06	6.32471e-05	0.2644	
10246	370	2990	20.6813	27.5971	1796	14.0583	5	526	17	66	4	3	1.11314e+06	6.44371e-05	0.1699	
11252	326	2954	18.572	23.069	1703	16.4986	8	525	14	73	35	3	1.13532e+06	5.31689e-05	0.3291	
10443	341	2952	15.7298	22.3706	1871	17.8032	5	527	5	70	25	5	1.29092e+06	5.66219e-05	0.2094	
11440	399	2952	22.3114	22.8437	1720	15.6874	8	524	17	71	48	6	1.03232e+06	5.39258e-05	0.3844	
11039	352	3024	19.4804	25.6847	1829	15.8289	9	531	19	74	22	6	1.09624e+06	5.6035e-05	0.2607	
11337	369	2951	16.7224	21.8671	1856	15.2081	9	520	15	61	16	5	1.18188e+06	4.98306e-05	0.4133	
11083	313	3005	22.1787	23.9666	1844	14.7123	9	529	7	62	67	6	1.08832e+06	5.72475e-05	0.2754	
10778	346	3042	19.0176	22.0493	1829	19	9	524	17	60	56	5	1.14915e+06	5.58971e-05	0.2268	
11302	394	3030	23.4583	25.5716	1830	17.4933	5	522	3	60	10	5	1.01923e+06	5.61577e-05	0.3408	
11061	368	3050	16.659	20	1856	17.3953	7	523	16	69	31	4	1.21357e+06	4.9682e-05	0.3644	
11062	333	2992	15.7467	20	1758	14	8	523	16	60	62	6	1.28214e+06	5.14139e-05	0.3086	
11311	364	3027	21.9484	20.8045	1751	15.2035	9	531	5	70	62	4	1.07126e+06	5.251e-05	0.3722	
11229	362	3037	17.9748	23.7662	1728	18.6787	6	520	14	65	31	5	1.13956e+06	5.29297e-05	0.3221	
10328	400	3007	19.6481	25.6329	1767	16.3116	9	519	10	56	39	5	1.12251e+06	6.26056e-05	0.1505	
10542	292	3004	18.8097	21.3435	1785	17.4318	9	532	9	68	32	4	1.20072e+06	5.6281e-05	0.2186	
11331	290	2994	19.709	22.8202	1798	14.0912	6	531	20	66	19	6	1.14979e+06	5.1725e-05	0.3421	
10587	392	2998	18.6164	26.9211	1879	18.5611	8	535	4	64	14	4	1.1184e+06	6.00528e-05	0.1679	
10487	228	3019	15.3223	20.6776	1870	17.5819	8	535	0	55	48	4	1.44376e+06	5.51785e-05	0.2144	
10717	353	3030	17.7932	22.5603	1714	14.9448	9	532	19	67	67	4	1.18167e+06	5.75407e-05	0.2009	
10831	334	3005	16.4565	24.5252	1788	14.0405	8	522	19	56	36	4	1.2179e+06	5.56266e-05	0.2192	
10957	396	3019	22.0987	26.4302	1888	16.3565	9	528	1	64	49	4	1.03837e+06	5.93859e-05	0.2543	
10957	396	2999	22.0987	26.4302	1887	15.8842	9	528	4	64	49	4	1.03752e+06	5.95877e-05	0.2516	
11128	321	3048	22.3162	26.6485	1721	18.8029	7	529	14	72	47	5	1.06753e+06	5.88097e-05	0.2569	
10349	341	2952	15.7298	20.3473	1861	16.6312	5	527	3	57	22	5	1.31094e+06	5.50995e-05	0.2231	
11066	385	3029	22.1058	27.6366	1851	14.0729	10	527	18	69	36	3	1.09953e+06	5.70581e-05	0.26	
10833	360	2975	22.3991	20.2804	1802	16.1398	7	532	3	58	72	4	1.09953e+06	5.70581e-05	0.26	
11381	369	2974	20.2434	23.4794	1877	18.7425	9	516	15	62	13	5	1.07232e+06	5.24742e-05	0.392	
10723	394	3018	20.2061	23.2837	1806	18.7862	9	530	18	67	75	4	1.10413e+06	5.98015e-05	0.195	
10753	309	3015	16.4565	24.5279	1726	14.1552	7	519	20	56	24	3	1.23708e+06	5.56576e-05	0.2168	
11440	399	2954	22.3114	22.6558	1720	19	8	524	16	71	48	6	1.03419e+06	5.40015e-05	0.3832	
11435	347	3030	15.4966	25.4642	1739	15.9482	7	533	3	66	33	5	1.23203e+06	5.25624e-05	0.2929	
10719	394	3004	20.2061	25.8737	1806	18.7862	8	528	19	69	75	3	1.09207e+06	6.23752e-05	0.1884	
11381	361	3002	22.449	29.1561	1739	15.6644	6	518	18	66	67	3	1.02098e+06	6.08384e-05	0.2778	
10893	356	2989	24.5362	29.9322	1747	15.8417	7	519	19	63	16	4	1.02461e+06	6.49857e-05	0.2304	
11125	337	2970	17.5789	27.1396	1815	16.7621	5	534	18	57	13	3	1.1441e+06	5.65835e-05	0.2213	
10012	376	2977	24.1351	27.7075	1770	17.8176	7	513	5	56	60	4	1.10064e+06	7.37409e-05	0.1307	
11198	355	2951	20.7829	22.809	1846	16.0814	8	523	16	85	13	3	1.07537e+06	5.32879e-05	0.3536	
10923	342	3023	17.5789	27.3753	1886	16.7621	9	534	17	75	18	3	1.14803e+06	5.7554e-05	0.2193	
10893	351	2989	24.2765	29.382	1728	16.7075	6	519	19	62	16	4	1.03094e+06	6.42797e-05	0.2317	
11001	335	2994	18.1883	21.2754	1786	15.7781	8	530	9	71	65	4	1.03232e+06	5.39258e-05	0.3844	
10912	346	3021	20.0845	27.0523	1727	14.6907	9	520	11	62	38	6	1.08996e+06	5.93472e-05	0.2307	
10739	372	3037	17.5131	23.3435	1883	18.9675	5	530	4	75	31	5	1.17489e+06	5.53679e-05	0.245	
10957	396	3019	22.4365	25.8067	1894	16.4989	9	510	5	60	45	4	1.03841e+06	5.87993e-05	0.31	
10969	369	3033	17.7508	25.2564	1763	14.6427	10	515	18	62	14	4	1.13515e+06	5.49874e-05	0.2736	
11128	321	3048	22.3162	21.6612	1719	18.223	7	529	11	67	47	5	1.09715e+06	5.41653e-05	0.3316	
11343	381	2981	21.1579	29.7508	1759	15.2159	6	525	3	58	11	6	1.02939e+06	6.02228e-05	0.2743	
10893	351	2989	20.675	29.9322	1728	15.0567	7	519	19	62	16	4	1.06613e+06	6.27865e-05	0.2025	
11500	296	3044	20.8769	20.9176	1854	16.344	8	497	18	80	54	4	1.14229e+06	5.04337e-05	0.5271	
11272	321	3042	15.954	20.6783	1772	15.008	7	517	13	67	20	4	1.26364e+06	4.83933e-05	0.4307	
10200	334	2950	24.7604	28.9638	1880	18.8779	6	511	12	59	65	4	1.09226e+06	7.33192e-05	0.1497	
11229	381	2981	24.1217	29.7508	1751	17.9572	6	517	7	61	11	6	1.0062e+06	6.26213e-05	0.2979	
11476	390	3021	15.1153	27.1595	1877	15.5947	6	535	12	58	69	4	1.37683e+06	5.84556e-05	0.1831	
10019	305	3045	18.1198	23.2998	1734	18.4694	9	527	7	56	19	5	1.23839e+06	6.22975e-05	0.1085	
10200	321	3018	22.7326	29.2284	1833	18.4722	6	511	12	59	31	4	1.10848e+06	6.90179e-05	0.1549	
10616	278	2983	15.0213	24.8806	1743	15.2891	9	529	19	55	48	4	1.36615e+06	5.83805e-05	0.1833	
10213	316	3020	24.468	28.8463	1751	18.1687	9	509	5	62	61	4	1.10098e+06	7.17772e-05	0.1589	
10987	322	2951	15.1113	20.0064	1820	16.16	6	521	11	58	27	5	1.32865e+06	5.02008e-05	0.3672	
11222	359	2951	18.5498	20.2608	1716	14.3591	8	505	2	79	29	5	1.14937e+06	5.06175e-05	0.4961	
11352	379	3026	21.1884	22.9465	1764	16.4926	5	500	11	76	32	4	1.0703e+06	5.28625e-05	0.463	
11496	271	3044	19.3183	20	1890	16.8306	7	508	3	64	52	5	1.21392e+06	4.87401e-05	0.5014	
11500	296	3044	20.8769	20.9176	1854	18.8973	8	497	18	81	54	4	1.1434e+06	5.05868e-05	0.5232	
10200	334	3020	24.7604	29.2284	1840	18.8779	6	511	12	59	65	4	1.09437e+06	7.2812e-05	0.1418	
10225	356	2966	20.3236	29.0819	1708	14.9713	5	514	18	64	34	4	1.1236e+06	6.81385e-05	0.1388	
11381	311	2951	16.7224	21.8671	1884	15.2081	7	520	15	64	13	5	1.22311e+06	4.94486e-05	0.4288	
11395	368	3049	18.6981	22.9312	1852	17.0584	6	495	7	85	23	6	1.13204e+06	5.11274e-05	0.5082	
10606	318	3027	23.6311	28.1959	1727	14.6907	9	520	11	62	64	6	1.08035e+06	6.63086e-05	0.1815	
10184	255	3020	23.8259	28.8463	1731	18.1687	7	515	5	59	67	4	1.16317e+06	7.22596e-05	0.1339	
10019	291	3030	16.348	22.7255	1757	18.1141	7	527	3	56	19	5	1.32403e+06	6.0905e-05	0.1275	
11276	321	3042	15	20.6783	1776	14.808	7	517	8	57	34	3	1.31967e+06	4.84449e-05	0.4299	
11421	344	3012	21.4359	23.3297	1783	18.1415	9	510	13	84	35	4	1.06655e+06	5.31604e-05	0.4402	
10481	364	3028	20.1805	29.6948	1809	14.0759	5	522	4	67	5	3	1.09909e+06	6.38937e-05	0.1825	
10299	334	2976	19.5734	29.0942	1708	14.9713	5	514	17	64	34	4	1.14429e+06	6.68449e-05	0.15	
10193	241	3026	18.2947	22.3122	1715	15.8408	10	519	9	56	40	5	1.29171e+06	6.01106e-05	0.1506	
10481	342	3028	20.1805	29.6948	1809	14.386	5	524	8	66	34	4	1.11444e+06	6.52273e-05	0.1699	
10616	264	2983	15.1394	24.8806	1743	16.2902	8	529	15	55	48	5	1.37683e+06	5.84556e-05	0.1831	
11309	265	3014	21.8387	20.6126	1777	15.8881	8	521	14	76	5	5	1.16263e+06	5.06997e-05	0.4472	
11201	352	2987	19.4117	21.7151	1781	17.1301	10	520	17	59	49	4	1.11266e+06	5.26704e-05	0.3521	
10841	357	3041	15.4484	22.7081	1817	18.9246	9	523	4	76	43	5	1.26906e+06	5.40716e-05	0.2637	
11381	319	2951	16.7224	21.8671	1884	18.4766	7	520	15	62	13	5	1.21675e+06	4.96648e-05	0.4245	
10890	387	3049	24.3612	29.9848	1708	18.2245	6	512	2	60	23	4	1.01882e+06	6.48088e-05	0.2625	
10257	342	3004	17.5377	26.4916	1744	15.8429	5	525	12	59	31	5	1.2124e+06	6.29366e-05	0.1384	
11009	271	2986	15.2139	28.7371	1825	16.3552	7	533	18	56	17	5	1.31414e+06	5.83976e-05	0.1881	
10281	400	2975	22.26	27.3636	1888	18.3846	8	534	11	66	45	3	1.08285e+06	6.749e-05	0.1641	
11381	381	2950	16.7224	21.8671	1856	15.2081	9	520	15	64	30	5	1.17489e+06	5.00225e-05	0.4191	
11020	356	3036	21.4571	30	1709	14.678	5	525	12	78	56	6	1.05639e+06	6.31273e-05	0.2108	
11030	356	3049	22.76	29.8806	1709	14.0988	5	520	15	78	56	6	1.04078e+06	6.33754e-05	0.2257	
10468	251	3017	17.7126	23.6049	1779	19	7	530	14	69	47	4	1.27763e+06	5.95841e-05	0.1758	
10281	400	2997	22.26	24.9768	1900	18.387	8	534	12	65	35	4	1.0884e+06	6.41684e-05	0.1729	
11381	369	2951	16.7224	21.8671	1856	15.2081	9	520	15	64	13	5	1.17979e+06	4.95319e-05	0.4256	
10111	311	3034	17.9084	27.8305	1757	18.0484	7	527	0	56	19	5	1.22009e+06	6.50915e-05	0.1208	
11154	343	2990	22.6341	20.6056	1741	14.6337	5	527	15	68	15	5	1.09446e+06	5.24549e-05	0.4023	
11328	315	3036	20.7164	23.0178	1773	15.6997	4	517	5	65	2	5	1.11573e+06	5.18565e-05	0.4138	
10585	276	2968	23.5377	29.1217	1735	14.851	5	518	20	59	60	4	1.11306e+06	6.78748e-05	0.1593	
10299	345	2976	20.3236	29.0942	1708	14.9713	6	514	17	64	34	4	1.12006e+06	6.72405e-05	0.1434	
10269	349	3004	15.7759	23.0832	1725	15.0088	7	519	9	55	40	3	1.29604e+06	5.89588e-05	0.1689	
10797	287	2999	15.7875	21.7158	1855	14.4103	10	498	18	74	49	4	1.28721e+06	6.12895e-05	0.1337	
10468	226	3017	17.7126	21.935	1779	19	7	530	14	69	45	4	1.32663e+06	5.79744e-05	0.184	
10526	342	2996	17.5377	26.4916	1744	15.8222	5	525	12	59	31	5	1.18954e+06	6.05327e-05	0.1576	
11360	297	2966	16.3635	21.7694	1835	14.8646	8	529	19	79	33	4	1.24189e+06	5.00977e-05	0.3774	
11030	356	3025	22.4059	29.8806	1709	14.0988	5	520	15	78	56	6	1.04342e+06	6.34598e-05	0.2224	
10742	321	3006	19.0456	24.3585	1865	15.2872	9	530	18	72	36	5	1.14666e+06	5.74383e-05	0.2288	
10019	311	3042	18.1198	22.7808	1757	15.1705	7	527	6	56	17	5	1.23855e+06	6.141e-05	0.125	
11238	347	2989	24.8486	29.9322	1728	14.594	7	519	16	62	16	4	1.01054e+06	6.30477e-05	0.2821	
11177	311	2953	16.7224	21.8671	1884	15.2081	7	520	15	63	13	5	1.22787e+06	5.04745e-05	0.3851	
10893	351	2989	24.5362	29.9322	1728	14.594	7	519	19	63	16	4	1.02727e+06	6.49942e-05	0.2307	
10719	356	3024	22.4059	29.5393	1759	14.0988	6	520	7	75	60	6	1.06184e+06	6.56383e-05	0.1965	
11398	279	2998	15.3612	23.886	1798	15.1935	7	531	20	62	61	6	1.31098e+06	5.23478e-05	0.2757	
11381	387	2975	16.7224	21.5762	1856	17.7682	9	517	15	64	38	5	1.17793e+06	5e-05	0.4296	
11167	378	2950	22.7557	26.9638	1719	16.8661	10	527	3	81	67	4	1.02245e+06	6.07275e-05	0.2751	
10328	378	3001	18.3278	27.2581	1747	16.3116	4	516	10	56	44	5	1.16766e+06	6.40615e-05	0.1488	
11228	331	3015	18.2581	21.3041	1782	16.1298	10	530	7	75	55	4	1.15435e+06	5.17598e-05	0.357	
10019	311	3032	18.1198	23.2998	1757	18.4694	7	527	5	56	25	5	1.23834e+06	6.26135e-05	0.114	
10200	324	3004	25	29.2444	1840	18.9497	6	519	14	59	43	4	1.09248e+06	7.19166e-05	0.1441	
10914	356	3036	22.6808	29.8806	1709	14.678	5	520	12	78	56	6	1.04696e+06	6.43832e-05	0.2102	
11476	370	3010	21.2889	26.0009	1783	18.1415	9	510	15	84	32	4	1.03972e+06	5.54262e-05	0.4002	
10019	311	3032	18.1198	23.2998	1757	18.4694	7	527	3	60	22	4	1.23659e+06	6.28101e-05	0.1314	
10987	387	3018	15.4484	22.7081	1786	18.9246	9	523	4	59	54	5	1.25552e+06	5.36653e-05	0.2682	
10019	341	3042	17.9084	23.2998	1900	18.4694	7	527	3	56	19	5	1.2247e+06	6.17284e-05	0.1363	
11456	296	3042	20.8769	21.3148	1854	15.6315	8	497	18	85	56	4	1.13716e+06	5.11274e-05	0.506	
11352	379	3026	21.873	22.9465	1764	16.4926	5	500	11	76	32	4	1.0603e+06	5.32198e-05	0.4555	
11215	320	3035	15.1547	20.1018	1827	15.0387	6	533	4	71	34	4	1.31292e+06	4.85791e-05	0.3723	
10517	226	3040	18.4571	21.935	1779	19	7	530	14	69	45	4	1.30241e+06	5.75175e-05	0.1912	
11446	349	3020	24.468	23.6443	1748	17.1896	9	513	5	60	67	4	1.03472e+06	5.58534e-05	0.4107	
11346	365	2986	23.3419	23.2531	1721	17.607	7	503	10	84	42	5	1.04625e+06	5.51937e-05	0.4362	
11141	368	3037	19.6879	23.6349	1728	18.6454	6	520	14	64	31	5	1.09747e+06	5.40044e-05	0.3321	
10841	387	3047	16.6811	22.7081	1817	17.7715	9	523	4	76	54	5	1.19451e+06	5.49602e-05	0.2592	
11202	279	2952	17.736	22.6569	1703	16.4986	8	529	20	84	27	4	1.20605e+06	5.26954e-05	0.3124	
10555	333	2992	24.7771	24.7787	1758	14.1876	7	528	16	60	62	6	1.07998e+06	6.45703e-05	0.1951	
11453	392	3050	21.7575	24.048	1735	16.1982	5	512	19	79	53	6	1.04835e+06	5.39636e-05	0.4081	
10974	358	2960	20.1226	28.923	1793	15.6892	7	518	10	59	3	4	1.06869e+06	6.06244e-05	0.2432	
10122	306	3007	22.6083	26.138	1767	16.3116	9	519	9	56	43	5	1.13224e+06	6.75174e-05	0.1374	
11249	356	3020	15	22.9423	1758	14.1876	9	525	13	59	62	5	1.28382e+06	5.20752e-05	0.2912	
11436	307	3037	22.5429	26.2721	1825	14.9892	6	534	10	59	31	4	1.06335e+06	5.57196e-05	0.3192	
10281	400	2975	22.26	25.9942	1888	18.3846	8	534	12	65	42	4	1.08639e+06	6.59109e-05	0.1595	
10646	311	3039	17.9084	24.0205	1837	18.4694	6	521	3	55	21	5	1.1964e+06	5.6101e-05	0.2444	
11048	343	2951	16.5415	21.2262	1882	14.6435	5	532	0	73	39	5	1.2253e+06	5.1835e-05	0.3338	
11413	304	2950	23.4066	23.3763	1843	16.6461	6	524	17	69	62	3	1.07629e+06	5.5325e-05	0.3466	
10457	328	3036	20.9063	29.1824	1773	15.7219	4	527	5	74	4	5	1.11359e+06	6.40738e-05	0.1808	
10508	388	3021	24.68	29.4611	1717	16.2473	6	511	16	68	6	4	1.04125e+06	6.69389e-05	0.2223	
10969	369	3047	17.3095	21.8513	1763	14.0628	9	509	12	62	14	4	1.17611e+06	5.13031e-05	0.3814	
10019	311	3020	17.9084	22.5459	1757	18.467	7	527	3	56	19	5	1.24698e+06	6.15498e-05	0.1111	
11098	330	2954	19.8546	20.857	1900	15.0736	9	527	14	84	54	4	1.12968e+06	5.34359e-05	0.3444	
11292	370	2966	23.9352	24.9162	1756	18.2452	6	529	4	81	52	5	1.02579e+06	5.76269e-05	0.3355	
11413	355	2953	24.7353	23.3763	1843	18.7159	6	513	17	70	60	3	1.03686e+06	5.61514e-05	0.3967	
10987	392	3018	15.4484	22.7081	1786	18.9246	9	523	-0	59	54	5	1.25391e+06	5.36394e-05	0.2732	
10029	337	2965	18.3585	21.506	1774	16.9552	6	530	4	60	21	3	1.21906e+06	6.14628e-05	0.1467	
10987	371	3018	15.4484	22.7081	1786	19	9	523	4	59	73	5	1.2732e+06	5.48125e-05	0.2515	
11206	374	3021	21.6602	20.7547	1709	15.2035	9	517	5	70	56	3	1.07273e+06	5.28709e-05	0.4052	
11309	265	3014	21.8387	20.6126	1787	15.8881	8	521	14	76	5	5	1.16322e+06	5.0674e-05	0.4502	
10219	345	2976	20.3236	29.0819	1708	14.9713	6	514	17	64	34	4	1.12729e+06	6.80596e-05	0.14	
11242	327	2995	19.4117	20.6513	1781	17.1301	10	520	17	59	49	4	1.13553e+06	5.14483e-05	0.3826	
11238	347	2989	24.2765	29.9322	1728	14.594	7	519	16	62	16	4	1.01459e+06	6.27077e-05	0.2786	
10802	363	3041	20.7338	24.8986	1713	14.6762	8	517	13	68	19	4	1.0831e+06	5.72639e-05	0.2773	
10694	317	2979	22.4495	26.1991	1721	17.2075	6	515	16	59	56	5	1.09315e+06	6.28733e-05	0.2068	
10698	320	3048	17.0722	23.8308	1883	18.9675	5	530	4	76	31	6	1.22094e+06	5.59347e-05	0.2275	
10684	372	3037	24.4094	29.2288	1737	14	5	520	4	67	5	3	1.03641e+06	6.46162e-05	0.2352	
11309	265	3038	21.8387	20.6126	1832	15.3113	8	521	14	76	5	5	1.16729e+06	5.03271e-05	0.4597	
10841	351	3018	16.2074	22.7081	1760	18.9246	9	527	4	59	66	5	1.24502e+06	5.5894e-05	0.2211	
11197	333	2992	15	23.5815	1758	14.1876	9	523	16	58	61	6	1.29863e+06	5.32793e-05	0.2744	
10481	400	3028	20.1805	27.0972	1809	14	7	525	8	67	5	3	1.09108e+06	6.09905e-05	0.207	
10019	311	3042	17.9084	23.2998	1757	18.4694	7	527	3	56	19	5	1.2436e+06	6.20463e-05	0.1096	
10498	345	2976	20.3236	29.5513	1718	16.2534	6	514	11	64	34	4	1.10398e+06	6.58805e-05	0.1658	
11111	305	3024	15.9057	22.5108	1882	14.4274	6	516	14	64	26	5	1.27435e+06	5.09372e-05	0.3645	
11226	379	2975	22.2413	22.5588	1811	16.1079	6	513	13	71	51	5	1.06081e+06	5.4612e-05	0.3705	
11405	368	3011	19.3222	23.2961	1900	16.442	5	529	19	81	38	5	1.09813e+06	5.1913e-05	0.3836	
11302	394	2953	21.4636	25.0163	1720	14.9267	5	522	3	65	10	5	1.04143e+06	5.53802e-05	0.3589	
11410	311	3039	17.9084	23.2998	1765	18.4694	7	521	3	61	19	5	1.1716e+06	5.10178e-05	0.3876	
11291	343	2961	16.5415	21.2262	1882	15.4808	6	522	0	61	45	5	1.2217e+06	5.02109e-05	0.4102	
10778	305	3035	21.4935	22.0493	1737	19	9	524	19	60	56	5	1.12694e+06	5.74416e-05	0.2345	
11025	260	2971	17.9069	22.4307	1716	14.6823	8	529	14	84	2	4	1.23466e+06	5.24934e-05	0.321	
11200	277	3048	18.9779	23.8115	1739	17.0307	5	528	0	62	7	6	1.18158e+06	5.25514e-05	0.3374	
11453	392	3001	21.7575	22.9322	1726	16.1982	7	517	18	79	54	6	1.04647e+06	5.34274e-05	0.4207	
10281	400	2975	22.26	27.3636	1888	18.3846	8	534	11	65	45	4	1.0846e+06	6.75128e-05	0.1605	
10837	381	3050	19.8681	22.4256	1817	17.9926	9	528	19	68	40	4	1.10101e+06	5.51937e-05	0.2481	
11076	233	2995	16.6886	24.5357	1821	14.3877	10	531	8	55	5	4	1.30463e+06	5.31011e-05	0.269	
11500	296	3044	20.8769	20.9176	1854	15.6315	8	497	18	81	54	4	1.14258e+06	5.04108e-05	0.5263	
11242	327	2995	19.4117	20.6513	1781	16.6844	10	520	17	59	49	5	1.13823e+06	5.14271e-05	0.3824	
11389	277	3044	20.8769	20.9176	1854	16.12	7	497	16	81	31	4	1.16656e+06	5.0421e-05	0.5018	
11065	368	3040	18.0465	24.9432	1856	18.6787	6	516	16	69	31	5	1.13335e+06	5.46807e-05	0.2984	
11056	357	2972	23.921	23.3883	1806	16.0494	9	533	11	70	18	5	1.04454e+06	5.65004e-05	0.3393	
10481	400	3028	20.1805	27.0972	1809	14.0759	5	522	7	67	5	3	1.09442e+06	6.09496e-05	0.2146	
11205	355	2952	19.3694	25.6035	1861	15.6623	8	524	19	85	48	4	1.0865e+06	5.64557e-05	0.2961	
10893	315	2952	19.4548	27.8079	1804	14.8461	6	528	19	73	24	4	1.11792e+06	6.0042e-05	0.2029	
11198	355	2951	20.1885	22.809	1846	15.7677	8	524	19	85	42	4	1.0881e+06	5.40073e-05	0.3467	
10833	374	3044	22.4166	26.4662	1888	18.677	6	516	12	56	59	5	1.05721e+06	6.10277e-05	0.2355	
11360	301	2972	19.0202	21.7694	1782	14.8646	8	515	17	79	33	3	1.1528e+06	5.10725e-05	0.4329	
11056	311	2953	16.7224	21.8671	1884	15.2081	7	520	15	63	13	5	1.23173e+06	5.11614e-05	0.3602	
10328	370	3007	18.3278	25.6329	1747	16.3116	4	516	10	56	42	5	1.17308e+06	6.20617e-05	0.1527	
11102	372	3022	23.3112	22.2124	1790	16.8902	5	518	11	55	28	4	1.05842e+06	5.46568e-05	0.3689	
10994	379	2967	24.6929	27.8259	1785	15.7251	7	507	7	76	36	4	1.01606e+06	6.25391e-05	0.3148	
10988	342	3001	20.6179	20.9861	1806	15.4559	5	526	18	67	55	3	1.11849e+06	5.41888e-05	0.2997	
10987	386	3007	22.1787	23.9666	1844	14.148	9	518	7	62	67	6	1.05484e+06	5.7867e-05	0.2968	
11249	333	2992	15.7467	22.9423	1758	14.1876	9	523	13	58	62	5	1.2495e+06	5.25293e-05	0.299	
10213	316	3020	23.8524	28.8463	1707	18.1687	9	509	5	63	67	4	1.10806e+06	7.18752e-05	0.1559	
10410	316	3006	17.4448	22.2095	1709	15.7674	6	518	11	64	28	6	1.23537e+06	5.71331e-05	0.2141	
11428	320	3016	18.5804	25.7757	1797	14.7465	8	528	14	80	18	6	1.12279e+06	5.36452e-05	0.3167	
11331	290	3005	15.3612	22.7386	1798	15.5567	7	528	14	73	61	6	1.30628e+06	5.17652e-05	0.3031	
10913	387	3050	24.3612	29.9848	1709	17.9815	5	512	5	60	22	4	1.01918e+06	6.45828e-05	0.2645	
10969	343	3050	17.3095	21.8513	1747	14.0628	9	510	11	66	14	4	1.18858e+06	5.13294e-05	0.3791	
10589	283	2961	22.8208	29.2594	1756	18.2008	7	527	9	57	13	3	1.10213e+06	6.56858e-05	0.1713	
11466	338	3039	22.5319	28.3225	1802	16.0872	4	517	19	59	33	6	1.04375e+06	5.82751e-05	0.3296	
10111	311	3042	17.9084	27.8305	1757	18.4694	7	527	0	56	19	5	1.22047e+06	6.50449e-05	0.1192	
11287	290	2998	15.3612	22.7386	1769	15.5567	7	531	16	73	61	6	1.30712e+06	5.21975e-05	0.2827	
11453	392	3001	21.7575	22.9322	1741	16.1982	5	517	18	79	54	6	1.053e+06	5.33646e-05	0.4237	
10219	374	2973	16.9094	26.4863	1872	15.3191	7	527	12	61	4	6	1.21564e+06	6.15574e-05	0.1547	
10746	345	2951	18.6216	23.4408	1721	14.7366	6	527	13	56	62	3	1.15322e+06	5.82954e-05	0.1998	
10535	312	3040	18.6951	23.8683	1746	15.9352	5	535	5	78	33	5	1.18652e+06	5.85549e-05	0.1972	
11227	320	2992	15	26.0892	1836	15.8289	9	531	18	73	29	6	1.28109e+06	5.43006e-05	0.2631	
10346	274	3026	18.2947	22.1667	1797	15.8408	9	519	15	56	30	5	1.23991e+06	5.76602e-05	0.1954	
10706	298	2998	24.1316	26.9893	1716	16.3088	9	532	6	64	9	5	1.08171e+06	6.25352e-05	0.223	
11368	375	2966	19.8237	23.7479	1783	16.102	4	531	19	76	57	5	1.20599e+06	5.68117e-05	0.2188	
10481	364	3006	20.1805	29.6948	1809	14.0759	5	519	4	69	5	3	1.09822e+06	6.4156e-05	0.1911	
11215	330	2950	15.1547	24.7201	1848	15.0387	6	533	4	71	34	4	1.27112e+06	5.33021e-05	0.2813	
11140	387	3006	24.9781	25.1109	1876	17.0552	9	506	9	60	5	4	1.01286e+06	5.78838e-05	0.3735	
11276	369	2975	20.2434	23.4296	1817	16.1792	9	520	15	66	7	5	1.07317e+06	5.27844e-05	0.3679	
10404	368	3037	17.3101	24.9432	1856	18.6787	6	528	16	65	37	5	1.20206e+06	6.00601e-05	0.1673	
11141	368	3037	17.9748	23.6349	1728	18.6787	6	520	14	65	31	5	1.14002e+06	5.33248e-05	0.3123	
11296	340	3017	19.5763	20.9939	1900	17.4677	5	499	15	74	45	5	1.14309e+06	5.09139e-05	0.4562	
11215	330	2950	15	24.7201	1848	15.0387	6	533	4	69	34	4	1.28165e+06	5.32481e-05	0.2801	
10200	321	3018	23.5449	29.2284	1840	18.8779	6	511	12	59	65	4	1.11013e+06	7.19011e-05	0.143	
10974	387	2992	24.9781	25.1109	1876	17.0552	9	506	9	60	6	4	1.01945e+06	5.90528e-05	0.3646	
11197	333	2992	15.9655	23.5815	1758	14.1876	9	523	16	58	62	6	1.2391e+06	5.36078e-05	0.2737	
10708	345	2956	18.6216	23.5329	1721	14.7366	6	525	20	62	70	3	1.15738e+06	5.94106e-05	0.1971	
10739	283	3021	17.0274	22.8653	1883	19	5	526	8	75	31	6	1.25741e+06	5.49481e-05	0.2551	
11142	337	2992	22.3728	26.7265	1890	15.6664	8	527	6	68	32	5	1.05251e+06	5.81666e-05	0.2925	
10893	354	2989	21.3129	29.9322	1728	15.3381	7	519	19	62	9	6	1.05701e+06	6.30279e-05	0.2036	
11360	301	2972	19.0202	21.7694	1810	14.8646	8	516	17	79	33	4	1.15581e+06	5.10152e-05	0.4313	
10019	361	3030	16.348	22.7255	1757	18.6548	7	527	3	56	25	5	1.28721e+06	6.12895e-05	0.1337	
10285	400	2964	18.6666	22.6906	1851	17.9059	6	534	10	72	9	5	1.16401e+06	5.89171e-05	0.1976	
10194	274	3026	18.2947	23.044	1715	15.8408	10	519	17	56	39	5	1.2476e+06	6.08125e-05	0.1376	
11106	333	2992	15.537	21.4037	1787	14.3542	9	523	16	58	62	6	1.27836e+06	5.2105e-05	0.2908	
11178	361	3005	22.449	29.1181	1767	16.3101	6	522	3	66	67	3	1.03109e+06	6.20232e-05	0.2501	
11388	372	3027	19.8781	25.4552	1863	18.1062	10	511	18	74	41	6	1.07049e+06	5.44929e-05	0.3906	
10553	348	3025	22.3473	23.6307	1746	16.8388	9	530	15	78	20	5	1.09141e+06	5.9538e-05	0.2458	
11128	302	3022	22.3162	25.0663	1719	17.7818	7	529	9	65	47	4	1.08599e+06	5.73921e-05	0.2771	
10286	363	3041	17.9138	24.8986	1713	14	8	517	15	63	23	4	1.18137e+06	6.02337e-05	0.1591	
10746	345	2951	18.9128	23.7333	1721	14.7366	6	527	11	59	62	3	1.14405e+06	5.86958e-05	0.202	
11094	345	2992	18.6006	28.2183	1830	15.5443	6	533	8	67	50	4	1.11389e+06	5.92522e-05	0.2217	
11395	343	2994	18.6158	23.9093	1878	17.0584	8	534	7	84	23	6	1.11717e+06	5.20698e-05	0.3732	
10930	261	3033	19.3605	23.1297	1734	18.332	5	532	3	56	51	3	1.199e+06	5.56235e-05	0.2371	
11229	294	2952	17.736	22.6639	1703	15.9501	8	529	19	84	18	4	1.18925e+06	5.22193e-05	0.3229	
10704	387	2989	20.1226	26.5378	1793	15.9743	8	518	10	61	3	4	1.08084e+06	5.91681e-05	0.2538	
11181	400	3015	21.4723	21.2938	1871	18.407	4	514	15	77	39	4	1.07797e+06	5.26399e-05	0.3956	
10193	274	3027	18.8626	22.1667	1715	15.8408	10	519	17	59	39	5	1.23574e+06	6.03573e-05	0.1539	
10989	342	2967	24.6929	27.8259	1777	15.7251	7	521	7	59	19	4	1.03019e+06	6.222e-05	0.2689	
10328	378	3007	18.3278	25.6329	1747	16.3116	4	516	10	56	42	5	1.17038e+06	6.20617e-05	0.1528	
10957	396	3019	21.6017	25.8067	1830	16.4989	9	510	5	62	49	4	1.04933e+06	5.86338e-05	0.3098	
11476	344	3010	21.4359	23.3297	1783	18.1415	9	510	13	84	35	4	1.06565e+06	5.29045e-05	0.4495	
11272	327	3042	15.954	20.6783	1772	15.8115	7	517	15	57	62	3	1.26167e+06	5.00475e-05	0.3731	
11428	320	3016	18.5804	25.7757	1801	14.7465	9	528	14	76	25	6	1.12141e+06	5.37432e-05	0.311