10029	384	2965	21.3102	23.5502	1716	18.2754	6	530	4	57	19	3	1.12608e+06	6.49519e-05	0.1248	
10897	345	2970	20.6736	28.2183	1834	15.5443	6	533	11	67	50	3	1.07564e+06	6.17932e-05	0.1888	
10699	283	3046	16.403	21.0738	1855	17.7051	5	528	20	58	59	4	1.30165e+06	5.46866e-05	0.2241	
10655	269	3015	16.9773	25.9336	1759	15.693	5	534	17	68	8	4	1.25984e+06	5.76236e-05	0.1674	
11128	340	3048	24.701	26.1768	1719	18.8029	7	529	17	58	47	5	1.03482e+06	5.99161e-05	0.2537	
11400	397	3016	22.8145	26.3102	1845	16.6552	10	524	15	73	19	3	1.00135e+06	5.6123e-05	0.3397	
10257	342	3003	23.3307	28.3758	1744	16.1307	5	525	12	59	53	4	1.09765e+06	6.96767e-05	0.1282	
10194	393	2995	24.0491	23.4735	1816	14.7427	8	505	6	61	37	5	1.13273e+06	6.47962e-05	0.1267	
10029	362	2965	21.3102	23.5502	1774	18.2754	6	530	4	57	19	3	1.13273e+06	6.47962e-05	0.1267	
10587	373	3039	19.4847	26.9211	1816	18.5611	8	535	4	64	14	4	1.10621e+06	6.02047e-05	0.1613	
10921	344	3002	15.2572	20.6738	1750	15.1824	8	530	9	71	25	4	1.28906e+06	5.1036e-05	0.3021	
11209	361	3009	22.449	29.1561	1763	15.6644	6	528	17	66	67	3	1.02885e+06	6.18735e-05	0.219	
10587	392	3039	18.6164	26.9211	1843	18.5611	8	535	4	59	8	4	1.11793e+06	5.94495e-05	0.1529	
10257	328	3005	23.3307	26.591	1764	17.196	5	525	12	60	53	4	1.10792e+06	6.7792e-05	0.1385	
11413	350	2954	24.7353	23.3763	1843	18.7159	6	527	17	70	63	4	1.039e+06	5.62398e-05	0.3387	
11229	381	2992	23.9534	29.0129	1731	15.2159	6	524	8	58	9	6	1.00847e+06	6.13384e-05	0.2843	
10019	311	3042	18.1198	23.2998	1757	18.4694	7	527	3	56	19	5	1.23645e+06	6.21427e-05	0.1081	
11001	335	2994	15.2572	21.6771	1730	15.1824	8	530	9	71	23	4	1.2836e+06	5.13584e-05	0.2822	
11061	385	3034	21.4868	27.6366	1851	14.0729	10	527	19	70	41	4	1.03672e+06	5.92382e-05	0.2501	
11199	320	3035	15.1547	20.1018	1827	17.3889	6	533	4	71	34	4	1.31244e+06	4.88114e-05	0.3651	
11068	400	2951	22.7557	28.3385	1761	16.8661	10	527	3	81	67	4	1.01577e+06	6.28417e-05	0.2474	
10200	391	2998	23.5449	29.4328	1840	18.5077	6	511	12	59	65	4	1.08319e+06	7.23484e-05	0.1449	
11293	371	3021	17.6591	22.5603	1763	14.9448	9	530	17	63	67	4	1.14399e+06	5.26316e-05	0.2838	
10019	311	3042	18.1198	23.2998	1759	18.4694	7	527	3	56	19	3	1.23248e+06	6.20887e-05	0.1116	
11209	361	3009	21.9459	29.1561	1759	15.6644	6	528	17	66	67	5	1.0376e+06	6.16941e-05	0.2136	
10751	368	3040	16.9416	23.7221	1856	18.6787	6	526	16	65	29	5	1.19268e+06	5.52273e-05	0.2157	
11001	335	2999	15.2572	21.6771	1730	14.9535	8	530	9	73	23	4	1.28329e+06	5.13242e-05	0.283	
10585	328	2968	23.5377	29.1217	1735	14.851	5	518	20	59	60	4	1.07416e+06	6.78702e-05	0.1594	
10837	381	3050	19.8681	22.4256	1817	17.9926	9	528	19	68	46	4	1.10224e+06	5.55185e-05	0.244	
11400	397	3016	17.7034	23.7095	1845	16.6552	10	524	15	73	19	3	1.11203e+06	5.11954e-05	0.3731	
11413	350	2956	24.7353	23.3763	1825	18.7159	6	527	17	71	64	4	1.03842e+06	5.62936e-05	0.3383	
11144	333	3030	16.6368	22.1176	1755	18.5826	7	531	15	76	23	4	1.20647e+06	5.12269e-05	0.3074	
10723	394	3004	18.5815	21.6145	1829	18.7862	9	532	19	69	59	3	1.14097e+06	5.67022e-05	0.2145	
11206	364	3027	21.9484	20.7547	1751	15.2035	9	531	5	70	62	4	1.07473e+06	5.32425e-05	0.3485	
10837	381	3050	19.8681	22.4256	1817	17.9926	9	528	19	65	40	4	1.10117e+06	5.51755e-05	0.2441	
10587	372	3039	19.4847	26.9211	1816	17.4636	8	535	4	64	9	5	1.1074e+06	5.99305e-05	0.1693	
11306	355	3050	20.1885	22.809	1846	15.7677	8	524	19	57	41	4	1.08653e+06	5.21376e-05	0.3469	
11255	378	2950	19.2347	26.9638	1739	15.7693	10	527	3	81	67	4	1.06938e+06	5.24329e-05	0.3839	
11381	369	2975	20.2434	23.4794	1817	16.3049	9	520	15	64	13	5	1.06938e+06	5.24329e-05	0.3839	
11285	245	3004	19.2247	20.7999	1899	18.832	5	534	16	55	14	4	1.24168e+06	4.97413e-05	0.348	
11016	400	3034	22.5617	22.9589	1795	15.7745	5	534	3	60	18	5	1.05204e+06	5.48727e-05	0.3077	
11229	381	2981	25	29.7508	1751	17.9572	6	527	8	64	11	6	999498	6.29683e-05	0.2699	
10604	400	2975	20.0407	28.4784	1888	17.7842	7	533	11	66	40	4	1.08485e+06	6.37552e-05	0.1672	
11413	375	2953	20.5915	23.3763	1843	18.7159	6	513	17	73	60	3	1.04293e+06	5.9641e-05	0.2201	
10950	369	2970	21.7228	27.3753	1886	16.7621	8	534	17	57	15	3	1.04293e+06	5.9641e-05	0.2201	
11302	381	2953	21.4636	25.0163	1781	14.9267	7	522	6	60	10	5	1.04168e+06	5.51907e-05	0.3519	
10257	328	3005	23.3036	26.6602	1764	17.196	5	528	12	60	53	4	1.10853e+06	6.79117e-05	0.1333	
11061	385	3034	21.4868	27.6366	1851	14.0729	10	532	19	70	42	4	1.03709e+06	5.93014e-05	0.2323	
11199	320	3044	15.1547	20.3141	1827	17.3889	6	533	4	75	34	4	1.30951e+06	4.89333e-05	0.3634	
11285	254	3004	18.8673	20.775	1899	18.1747	6	534	16	55	3	4	1.23198e+06	4.92029e-05	0.355	
10797	287	2999	15.7875	21.7158	1855	14.7528	10	498	18	74	49	4	1.0381e+06	5.92698e-05	0.2461	
11042	385	3043	21.4868	27.6366	1851	14	10	527	19	69	41	4	1.0381e+06	5.92698e-05	0.2461	
11164	376	3043	21.9538	20.314	1873	17.5244	6	509	7	75	26	4	1.08885e+06	5.14589e-05	0.4581	
11201	364	3035	18.8972	23.0746	1701	15.2035	9	529	5	70	62	3	1.10966e+06	5.3888e-05	0.2947	
10962	384	2974	23.2891	21.443	1816	18.5774	7	531	3	58	72	4	1.06655e+06	5.75407e-05	0.2676	
11380	396	3016	22.8145	28.7556	1852	16.6552	10	524	15	73	19	3	995538	5.89588e-05	0.3135	
10219	374	2973	16.9094	24.1282	1872	15.3191	7	527	12	61	7	6	1.22266e+06	5.92839e-05	0.1574	
11215	340	3035	15.1547	20.1018	1827	14.6778	5	533	4	71	34	4	1.30153e+06	4.85555e-05	0.3713	
11295	364	3016	22.8145	22.4202	1845	16.6552	6	530	12	73	26	3	1.05009e+06	5.30757e-05	0.3823	
10257	328	3031	23.3307	26.591	1764	17.196	5	524	17	60	51	4	1.1082e+06	6.74036e-05	0.1359	
11243	345	3015	17.772	23.117	1782	16.2325	7	514	12	79	34	4	1.10003e+06	5.79307e-05	0.2017	
10878	390	2966	19.8653	23.9647	1756	17.319	5	531	14	56	57	5	1.10003e+06	5.79307e-05	0.2017	
10285	385	2964	18.1113	22.6906	1824	17.9059	5	534	12	62	9	4	1.1792e+06	5.83669e-05	0.1579	
10487	375	2966	19.8237	24.183	1783	16.102	4	531	19	76	57	5	1.2836e+06	5.13584e-05	0.2822	
11066	385	3029	21.4868	27.6366	1851	14.0729	10	527	18	70	36	4	1.2836e+06	5.13584e-05	0.2822	
11001	335	2994	15.2572	21.6771	1730	15.1824	8	530	9	71	23	4	1.2836e+06	5.13584e-05	0.2822	
11246	373	3040	20.7253	28.7916	1854	15.5925	7	526	17	60	35	6	1.04522e+06	5.88478e-05	0.2493	
11476	376	3021	15.1153	24.7588	1829	15.5947	7	535	12	62	70	4	1.24805e+06	5.27065e-05	0.2719	
10837	381	3050	20.1463	22.4256	1808	18.0569	9	531	19	69	33	4	1.09445e+06	5.50327e-05	0.2456	
10337	400	2987	22.26	26.1687	1888	18.8132	8	534	11	65	47	4	1.08236e+06	6.56383e-05	0.1581	
10284	311	3042	17.9084	22.7994	1837	18.4694	6	527	3	56	12	5	1.22353e+06	5.74317e-05	0.1778	
11039	369	2996	23.1149	29.888	1710	16.5488	9	534	9	85	27	3	1.01814e+06	6.31991e-05	0.2174	
10257	342	3003	20.9186	28.3758	1716	16.1307	6	525	11	55	40	4	1.11997e+06	6.73083e-05	0.1129	
10921	383	3002	15.2572	21.6771	1730	15.1824	6	530	7	71	25	4	1.26822e+06	5.18672e-05	0.2709	
10587	374	3016	19.4847	26.9211	1775	18.5611	8	535	5	61	14	4	1.10446e+06	6.0551e-05	0.148	
11141	368	3040	16.9416	23.7221	1856	18.6787	6	526	16	65	38	5	1.17325e+06	5.29045e-05	0.2776	
10893	354	2989	21.3129	29.9322	1752	16.6822	7	521	19	62	9	5	1.05533e+06	6.29683e-05	0.198	
10836	394	3004	18.5815	21.6145	1754	18.7862	9	532	19	69	59	3	1.13259e+06	5.58347e-05	0.2195	
11299	398	3001	20.6179	20.9861	1900	15.2204	5	526	18	67	55	3	1.08273e+06	5.17197e-05	0.3551	
10993	344	3002	15.2572	21.6771	1729	15.1824	7	530	9	71	20	4	1.28006e+06	5.11823e-05	0.2875	
10141	311	3042	17.6843	23.2998	1745	18.4694	6	530	5	56	19	5	1.24179e+06	5.98838e-05	0.1058	
11285	245	3004	19.2247	20.7999	1899	18.4335	5	534	16	55	14	4	1.24175e+06	4.97043e-05	0.3488	
10921	344	3002	15.2572	22.3271	1727	15.1824	7	530	9	72	20	4	1.28013e+06	5.22439e-05	0.2573	
10921	337	3002	15	22.5099	1730	16.1463	8	530	10	71	27	3	1.29642e+06	5.26898e-05	0.252	
11016	390	3034	18.5088	20.8806	1792	15.7745	6	534	3	57	29	5	1.13624e+06	5.13479e-05	0.3097	
11293	369	3021	19.507	22.5603	1714	14.5609	9	530	17	64	67	4	1.09534e+06	5.3376e-05	0.2958	
10200	391	2995	23.5449	29.4328	1840	18.5077	6	511	12	59	65	4	1.08307e+06	7.23851e-05	0.1449	
11400	397	3016	22.8145	25.8624	1845	16.6552	10	524	15	73	19	3	1.00313e+06	5.56359e-05	0.3437	
10141	311	3042	17.9084	23.1061	1778	18.4694	6	530	5	56	19	5	1.23509e+06	5.97086e-05	0.116	
10923	369	2974	17.5789	26.5498	1886	16.6857	8	534	17	55	12	6	1.13792e+06	5.6899e-05	0.2005	
11293	324	3013	18.0095	22.5603	1714	14.9448	8	530	19	67	54	4	1.15878e+06	5.23286e-05	0.2999	
10722	396	3026	23.6701	27.7352	1855	16.8633	7	535	7	68	37	6	1.03856e+06	6.32271e-05	0.1993	
10246	393	2991	21.5577	27.5971	1803	14.0583	5	532	17	63	4	3	1.09443e+06	6.50195e-05	0.1593	
11401	378	2987	22.26	26.1687	1888	18.8132	8	534	11	65	47	4	1.02133e+06	5.65771e-05	0.3039	
11016	400	3034	22.5617	23.3578	1795	15.7745	5	534	7	60	18	5	1.04844e+06	5.52486e-05	0.2906	
10193	328	3026	18.8626	22.1667	1715	15.8408	10	529	17	59	39	5	1.19688e+06	6.06024e-05	0.1317	
10837	381	3050	19.1485	24.5115	1817	18.9156	9	526	17	63	35	4	1.10626e+06	5.65611e-05	0.2262	
10643	341	2992	24.2105	24.9749	1823	17.851	6	529	9	58	72	4	1.07246e+06	6.39836e-05	0.1828	
10257	340	3003	24.1798	28.3758	1744	16.1307	5	522	12	59	53	4	1.09076e+06	7.02593e-05	0.1349	
10905	400	3004	18.9729	24.7238	1806	17.3903	9	532	19	63	75	3	1.1066e+06	5.88166e-05	0.1953	
10901	392	3025	22.6961	28.6802	1716	16.2347	8	525	15	56	19	5	1.0283e+06	6.21659e-05	0.218	
10587	397	3039	18.6164	26.8408	1864	18.5611	9	535	4	64	14	4	1.11708e+06	5.96019e-05	0.1659	
11066	385	3029	20.8743	27.6366	1851	14.7881	10	527	18	70	36	5	1.04524e+06	5.88097e-05	0.2451	
10923	369	2963	21.8105	25.993	1886	16.6857	7	534	17	58	12	6	1.05406e+06	5.84215e-05	0.2257	
10860	107	3042	23.6693	26.4179	1813	15.021	5	503	18	77	62	6	1.07783e+06	6.07977e-05	0.1917	
10837	381	3050	19.8681	28.0936	1817	17.7625	9	528	17	75	41	4	1.07783e+06	6.07977e-05	0.1917	
10962	384	2995	23.2891	22.1401	1791	18.4911	7	535	3	58	70	4	1.05865e+06	5.78871e-05	0.2482	
11201	352	2989	19.4117	22.0178	1805	17.1301	10	520	18	59	49	4	1.111e+06	5.28513e-05	0.3456	
10299	345	2987	20.3236	29.0942	1708	14.9713	6	514	17	59	24	4	1.11757e+06	6.65292e-05	0.133	
10587	392	3039	18.6164	26.6445	1843	18.5611	8	535	8	59	13	4	1.11944e+06	5.93965e-05	0.1479	
11042	385	3043	22.199	27.6366	1861	14	10	527	19	69	41	4	1.03071e+06	5.95912e-05	0.2541	
10921	344	3002	15.2572	21.6771	1730	17.7146	8	530	9	71	25	4	1.05329e+06	6.51254e-05	0.1694	
10827	361	3009	22.4217	29.1561	1723	15.6644	6	528	17	66	67	4	1.05329e+06	6.51254e-05	0.1694	
11285	288	3004	18.7833	20.8793	1887	18.1747	6	534	16	60	3	4	1.18689e+06	4.92708e-05	0.3514	
10284	311	3042	17.9084	22.7994	1837	18.4694	6	528	3	56	12	5	1.22328e+06	5.74449e-05	0.1741	
10877	320	3035	15.1547	20.1018	1827	18.0973	6	532	8	57	8	4	1.3237e+06	4.96179e-05	0.3238	
10332	311	3042	17.9084	22.7994	1837	18.2989	6	527	3	55	19	5	1.22052e+06	5.73723e-05	0.1796	
11400	395	3016	22.8145	22.4269	1845	16.2518	10	524	15	73	19	3	1.0255e+06	5.23478e-05	0.3973	
10655	307	3015	16.9773	25.9336	1759	15.693	5	534	16	68	10	4	1.22275e+06	5.76934e-05	0.1684	
11312	378	2950	22.7557	26.9638	1719	17.4596	10	526	9	81	67	4	1.01502e+06	5.97015e-05	0.289	
11216	355	2950	20.0576	22.7989	1846	16.0814	10	531	20	85	42	4	1.08542e+06	5.39229e-05	0.3326	
10837	381	3048	19.8681	22.4256	1817	17.9926	9	528	19	65	40	4	1.1011e+06	5.51937e-05	0.2441	
11293	324	3013	16.7715	22.5603	1718	14.9448	9	530	16	67	67	4	1.20192e+06	5.25514e-05	0.2879	
11293	365	3017	19.1595	24.1398	1714	14.5609	9	535	17	67	67	4	1.09464e+06	5.47555e-05	0.2581	
11302	381	2953	21.4636	25.0163	1781	14.9267	7	522	6	57	10	5	1.04157e+06	5.5212e-05	0.3513	
11380	396	3016	22.946	21.5731	1852	16.6552	10	524	20	78	19	3	1.03005e+06	5.1835e-05	0.4239	
10587	372	3039	19.4847	26.7859	1816	17.8996	8	535	4	64	9	5	1.10793e+06	5.98193e-05	0.17	
11206	253	2960	21.1741	20.7547	1700	15.2035	9	517	5	72	70	3	1.11281e+06	5.34188e-05	0.2919	
11202	379	3013	18.2221	23.8962	1708	16.4986	8	528	20	83	27	4	1.11281e+06	5.34188e-05	0.2919	
10252	391	3013	22.5577	29.4328	1840	18.5077	6	511	16	59	65	4	1.09695e+06	5.46508e-05	0.2923	
11156	342	3001	20.6179	23.0574	1806	15.6074	5	528	18	65	55	4	1.09695e+06	5.46508e-05	0.2923	
11293	353	3040	19.507	22.5603	1714	14.5143	9	528	17	63	67	4	1.10452e+06	5.3183e-05	0.3021	
10699	392	3046	15.9382	21.0738	1724	18.1502	5	523	8	61	59	5	1.26384e+06	5.47375e-05	0.2314	
10804	335	3008	15.2572	21.6771	1730	15.1824	8	530	9	71	25	4	1.29526e+06	5.27037e-05	0.2426	
11215	336	3035	15.1547	20.1018	1836	15.0387	6	533	7	71	13	4	1.29976e+06	4.77487e-05	0.3913	
10734	381	3036	19.9003	22.6077	1822	17.9926	7	528	19	68	67	4	1.04548e+06	6.30636e-05	0.2047	
10722	371	3040	23.6701	27.7352	1831	16.8633	7	531	7	68	37	5	1.04548e+06	6.30636e-05	0.2047	
10617	269	3011	16.6904	24.7869	1759	15.5853	6	529	17	68	10	4	1.27556e+06	5.66604e-05	0.1777	
10771	368	3028	22.6961	29.0719	1716	16.2347	7	524	16	56	6	5	1.04512e+06	6.31632e-05	0.2059	
10039	270	2986	20.8851	29.0589	1789	17.5397	5	523	2	55	7	3	1.17848e+06	6.90274e-05	0.1084	
10751	302	2995	17.1549	25.0663	1835	14.7522	7	529	12	67	47	5	1.11325e+06	5.96161e-05	0.1722	
10632	400	3038	18.6611	27.5971	1803	14.0583	5	529	14	63	5	3	1.11325e+06	5.96161e-05	0.1722	
11016	390	3034	18.9648	22.9838	1795	15.7745	5	534	4	57	29	5	1.11322e+06	5.33589e-05	0.283	
10699	283	3046	15	21.0738	1749	17.7051	5	528	20	60	59	4	1.38788e+06	5.45227e-05	0.2106	
11380	396	3016	22.0841	28.7556	1852	16.6552	10	524	15	80	19	3	1.00307e+06	5.86063e-05	0.3029	
10587	392	2987	18.6164	25.6279	1879	18.5611	8	535	4	64	14	4	1.12294e+06	5.88097e-05	0.1826	
11199	320	3023	15.1547	20.1018	1827	16.1147	7	533	4	71	34	4	1.31126e+06	4.884e-05	0.3681	
11440	399	3026	21.8175	22.0217	1720	15.6874	7	524	17	69	36	6	1.04927e+06	5.19049e-05	0.4037	
11448	343	3049	18.6981	22.9312	1878	17.0584	8	534	7	84	23	6	1.12242e+06	5.04007e-05	0.394	
10748	311	3042	17.9084	23.2998	1765	18.4694	7	535	3	61	19	5	1.19125e+06	5.49058e-05	0.2221	
11106	380	3027	22.8353	22.3856	1790	16.7701	10	518	15	73	42	3	1.04419e+06	5.49058e-05	0.3468	
11272	321	3041	19.1637	20.6783	1772	15.008	7	517	12	57	20	3	1.14909e+06	4.95786e-05	0.4166	
10587	392	3039	18.6164	26.9211	1843	18.5611	8	535	5	59	8	4	1.11789e+06	5.94566e-05	0.1517	
10837	376	3033	18.9492	24.5115	1817	17.7625	8	528	19	75	40	6	1.11644e+06	5.69671e-05	0.226	
10837	381	3039	20.1463	22.4256	1808	18.0569	9	530	19	68	33	4	1.09437e+06	5.51207e-05	0.2473	
11388	347	3007	24.1066	23.2107	1861	14.2517	9	527	8	64	60	6	1.04259e+06	5.50237e-05	0.354	
10910	291	2979	16.7328	21.3922	1796	15.4429	6	515	6	68	2	4	1.08256e+06	5.75573e-05	0.2384	
10837	382	3027	20.2894	24.5115	1817	17.6418	9	530	19	75	40	4	1.08256e+06	5.75573e-05	0.2384	
10587	392	3039	18.6164	26.9211	1843	18.5611	8	535	4	57	8	4	1.1175e+06	5.94636e-05	0.1497	
10587	380	3039	19.4847	26.9211	1816	15.2953	8	534	4	64	14	4	1.10358e+06	5.99664e-05	0.1762	
11211	368	3011	19.8914	23.2961	1899	16.442	5	525	19	81	41	5	1.09489e+06	5.34817e-05	0.3393	
10019	387	3042	18.1198	22.7808	1757	15.1705	7	527	6	56	17	5	1.2043e+06	6.14062e-05	0.125	
10767	376	2990	23.75	28.1691	1832	15.8383	6	528	13	57	6	5	1.03496e+06	6.27628e-05	0.2154	
10225	307	3025	16.348	23.2998	1748	17.9959	7	527	16	56	14	5	1.28806e+06	5.84112e-05	0.1178	
10723	394	3004	20.2061	22.967	1806	18.7862	9	532	16	69	56	3	1.09534e+06	5.8326e-05	0.205	
11380	396	3016	22.8145	28.8745	1849	16.6552	10	524	15	73	19	3	995200	5.91121e-05	0.3097	
11381	400	2956	17.7827	21.8671	1856	15.2081	9	520	19	64	13	5	1.12722e+06	4.98778e-05	0.412	
10837	381	3050	17.6968	24.5115	1817	17.7625	9	528	18	75	40	4	1.14486e+06	5.6262e-05	0.2148	
10941	400	3023	17.6796	23.5397	1740	16.4347	9	529	15	74	16	5	1.13557e+06	5.38561e-05	0.2659	
11086	320	3035	15.1547	20.1018	1832	16.8955	6	533	4	71	34	4	1.31751e+06	4.94731e-05	0.338	
11016	400	3034	22.5617	23.3164	1795	15.7745	9	534	3	60	18	5	1.03904e+06	5.52273e-05	0.2948	
10019	305	3045	19.6725	22.9423	1734	18.4694	5	527	7	56	19	5	1.20419e+06	6.26135e-05	0.12	
11229	381	2981	23.9534	29.7508	1759	15.1203	6	528	8	58	11	6	1.00559e+06	6.22394e-05	0.2683	
10782	369	2970	17.5789	27.3753	1886	16.7621	7	534	17	57	15	3	1.14201e+06	5.88547e-05	0.1749	
11066	385	3036	21.4868	25.6133	1874	14	10	527	18	70	36	4	1.04355e+06	5.68085e-05	0.2772	
11405	371	3011	19.3222	25.2519	1900	14.9531	5	531	18	81	38	5	1.08294e+06	5.37201e-05	0.3354	
9984	311	3042	19.1183	22.4402	1757	18.4694	7	527	14	56	19	5	1.2178e+06	6.34035e-05	0.1089	
10325	400	2975	22.26	27.3636	1853	18.3846	7	534	6	65	11	4	1.07587e+06	6.49899e-05	0.1696	
10723	394	3005	20.2061	24.7238	1798	18.4968	9	532	19	66	49	3	1.08613e+06	5.94566e-05	0.1816	
11395	352	3049	17.5646	22.6332	1878	17.0584	8	534	7	84	24	6	1.15231e+06	5.00676e-05	0.3941	
10923	328	2970	19.3558	27.3753	1794	16.7621	7	534	19	62	15	3	1.10564e+06	5.89032e-05	0.1845	
10722	371	3026	23.5162	28.0561	1855	16.6932	7	531	12	68	24	5	1.0447e+06	6.29287e-05	0.2079	
11331	323	3030	15.4966	23.2696	1804	16.4585	7	533	5	66	17	4	1.25691e+06	5.02386e-05	0.3129	
11499	397	3016	17.7034	25.9485	1845	16.6552	10	524	15	73	19	3	1.09578e+06	5.30279e-05	0.3269	
10587	372	3039	19.4847	26.9211	1816	17.0924	8	532	4	64	9	5	1.10741e+06	5.98767e-05	0.1797	
10797	287	3030	15.7875	21.7158	1820	16.1587	10	498	18	56	49	4	1.14201e+06	5.88547e-05	0.1749	
10857	348	2989	24.5195	29.9322	1784	16.7075	6	526	19	62	8	3	1.03021e+06	6.49013e-05	0.2091	
11295	373	3020	22.8145	26.0443	1845	16.6552	10	520	18	73	26	3	1.01705e+06	5.65355e-05	0.329	
11413	375	2953	20.5915	23.3763	1843	18.7159	5	513	17	73	60	3	1.12766e+06	5.89275e-05	0.1815	
10720	349	3001	18.5554	26.9893	1800	15.9799	9	532	6	61	9	5	1.12766e+06	5.89275e-05	0.1815	
10257	328	3031	23.3307	26.591	1801	17.196	5	524	17	60	51	4	1.10792e+06	6.73083e-05	0.1398	
11251	320	3035	18.7562	20.1018	1827	17.3889	5	533	5	75	26	4	1.16924e+06	4.93925e-05	0.3721	
10655	333	3015	16.9773	25.9366	1759	16.789	6	534	17	68	15	4	1.20331e+06	5.79979e-05	0.1661	
11373	321	3041	19.1637	20.6783	1772	15.008	7	515	5	70	20	3	1.14885e+06	4.91039e-05	0.4605	
11066	385	3036	21.4868	25.6133	1895	14	10	527	18	61	36	4	1.04394e+06	5.67472e-05	0.2683	
11500	377	3016	23.2756	22.4269	1845	16.2518	10	524	15	73	19	3	1.02607e+06	5.20725e-05	0.4143	
10587	392	3039	18.6164	26.9211	1843	18.5611	8	535	7	59	8	4	1.11793e+06	5.94742e-05	0.1492	
10923	328	2970	19.3558	22.8395	1866	16.7621	7	534	19	62	15	3	1.1283e+06	5.40716e-05	0.2527	
10179	340	3003	24.1798	28.3758	1744	16.1307	5	522	12	56	53	4	1.09698e+06	7.12251e-05	0.1208	
10877	308	3035	15.1547	20.1018	1827	18.0973	6	532	8	57	12	4	1.33385e+06	4.9781e-05	0.318	
10722	371	3040	23.6701	27.7352	1831	16.7286	7	531	7	68	37	5	1.04548e+06	6.30557e-05	0.2052	
10923	305	3028	15.6797	25.6061	1886	16.7621	7	533	19	57	17	3	1.26461e+06	5.48095e-05	0.2106	
10942	394	3004	20.2061	22.967	1809	17.5617	9	532	18	69	56	3	1.08065e+06	5.63317e-05	0.2391	
10717	383	3002	15.2572	21.6771	1730	16.6491	6	530	7	72	25	4	1.28078e+06	5.34931e-05	0.2254	
11476	400	3005	15.1153	24.081	1829	15.5947	7	535	14	62	75	4	1.24295e+06	5.24631e-05	0.2724	
11073	351	2992	17.4897	27.5987	1837	16.609	8	535	17	61	14	3	1.13616e+06	5.71037e-05	0.2134	
10577	356	3005	19.3223	21.9184	1758	16.2732	6	528	17	55	62	6	1.1586e+06	5.83635e-05	0.1648	
10163	384	2974	21.3102	23.5502	1716	18.2754	6	530	4	57	19	3	1.11243e+06	6.27195e-05	0.1344	
11449	395	3016	22.8145	23.5751	1845	16.2518	10	524	12	73	19	3	1.01732e+06	5.31237e-05	0.3714	
10941	400	3006	17.6796	23.5397	1740	16.4347	9	529	16	74	16	5	1.1349e+06	5.40219e-05	0.2644	
11415	245	3021	19.2247	20.7999	1899	18.4335	4	534	15	55	19	4	1.24241e+06	4.89788e-05	0.3692	
11169	361	3004	19.6664	27.1054	1852	18.8358	8	530	12	70	24	6	1.0753e+06	5.71004e-05	0.2511	
10174	283	3040	18.1198	23.2998	1757	18.3711	7	527	3	56	19	5	1.24416e+06	5.96766e-05	0.1304	
11086	400	3016	22.0505	28.7556	1852	16.6552	10	535	15	73	19	3	1.01642e+06	6.01178e-05	0.2349	
11331	323	3034	15.4966	23.2696	1804	16.4585	7	533	5	66	10	4	1.25686e+06	5.00175e-05	0.3158	
11022	381	2981	23.9534	29.7508	1759	16.7942	7	524	15	60	40	6	1.0147e+06	6.42921e-05	0.2287	
11106	380	3008	22.7831	22.3856	1790	16.4307	10	518	15	73	42	3	1.04417e+06	5.50388e-05	0.347	
11285	327	3023	21.3206	20.775	1899	18.5804	6	534	16	55	10	4	1.10619e+06	5.04236e-05	0.3792	
11229	381	2981	25	29.7508	1754	16.5553	6	527	8	64	11	6	999639	6.2901e-05	0.2716	
10792	400	3033	17.3101	24.3696	1759	17.611	6	528	17	65	29	4	1.1584e+06	5.5894e-05	0.1981	
11001	335	2994	16.1335	21.6771	1730	15.6399	8	535	9	61	23	4	1.23479e+06	5.15437e-05	0.2779	
11380	396	3016	22.8689	21.5731	1852	16.6552	10	525	17	83	19	3	1.03272e+06	5.18242e-05	0.4287	
10596	356	2992	19.3223	21.9184	1758	16.2732	6	528	17	55	62	6	1.15637e+06	5.82615e-05	0.1674	
11475	347	3030	15.4966	25.0569	1804	16.3119	7	535	6	66	30	5	1.22953e+06	5.16823e-05	0.3018	
11141	368	3037	16.9497	20.371	1716	18.6787	6	532	15	68	31	5	1.19352e+06	5.02235e-05	0.3422	
11229	380	2981	23.2601	29.7508	1749	17.9572	6	527	5	64	29	6	1.01155e+06	6.23053e-05	0.2542	
11001	338	2999	15.2572	21.6771	1744	14.9535	8	530	9	73	23	4	1.28138e+06	5.12899e-05	0.2861	
10722	396	3026	23.6701	27.7352	1827	16.8633	7	535	7	68	37	6	1.03814e+06	6.32992e-05	0.195	
11247	381	3004	20.1169	25.138	1899	18.832	5	534	16	55	22	4	1.06666e+06	5.45554e-05	0.2937	
10941	400	3004	17.6796	23.5397	1740	16.4347	9	535	15	74	32	5	1.13551e+06	5.47735e-05	0.2265	
10288	385	3034	22.1649	22.9589	1795	15.7745	5	534	3	67	42	5	1.04567e+06	5.48005e-05	0.3413	
11302	389	2953	20.9375	25.0163	1781	14.9267	7	524	10	57	4	5	1.04567e+06	5.48005e-05	0.3413	
10257	342	3003	23.3307	28.3758	1744	16.7243	5	525	12	59	19	4	1.09049e+06	6.77369e-05	0.1397	
11295	351	3016	21.6862	22.54	1845	17.0537	5	530	11	73	13	3	1.06973e+06	5.22275e-05	0.3606	
11400	391	3016	23.1419	26.0248	1804	16.6552	10	525	15	73	32	3	1.0016e+06	5.63444e-05	0.3362	
10116	376	2983	23.1338	27.7075	1770	19	5	514	5	56	60	4	1.1018e+06	7.11491e-05	0.1191	
11204	387	2974	25	29.7508	1751	17.9572	6	527	9	64	2	6	998005	6.30597e-05	0.267	
11021	335	2994	15	21.6771	1786	15.1824	8	523	9	71	50	4	1.12275e+06	6.26606e-05	0.137	
10328	400	3007	19.6481	25.6329	1784	16.3116	9	525	10	56	39	5	1.12275e+06	6.26606e-05	0.137	
10857	348	2989	24.5195	29.9322	1784	16.7075	6	526	15	60	2	3	1.03008e+06	6.48004e-05	0.2142	
11122	366	3039	15.6999	23.8308	1882	18.9675	5	530	4	68	22	6	1.23323e+06	5.20454e-05	0.288	
10771	379	3042	24.758	29.9848	1708	18.2245	6	527	5	62	22	4	1.02463e+06	6.58718e-05	0.2023	
10751	368	3040	16.9416	22.3039	1856	18.6787	6	526	16	65	29	5	1.20119e+06	5.39142e-05	0.2472	
11213	344	3027	15.2572	22.5754	1751	15.1824	8	530	8	71	18	4	1.26414e+06	5.03246e-05	0.3076	
11500	378	2953	20.5915	23.3763	1843	18.7159	5	534	17	73	60	3	1.06051e+06	5.34302e-05	0.3423	
11076	327	2995	15.853	24.5357	1821	14.3877	7	531	12	55	5	4	1.23579e+06	5.27454e-05	0.2604	
10062	308	3040	18.1198	24.9582	1757	18.3711	7	527	3	55	19	5	1.22652e+06	6.27392e-05	0.1044	
10923	350	2967	17.5789	27.3753	1823	16.7621	9	535	17	57	15	3	1.14013e+06	5.81564e-05	0.1861	
10646	380	3028	25	29.2444	1819	19	7	519	12	63	51	4	1.03383e+06	6.72631e-05	0.1874	
10337	400	2994	22.26	24.6347	1862	18.8132	5	520	11	65	52	4	1.32394e+06	4.96623e-05	0.321	
10877	320	3035	15.1547	20.123	1842	17.5367	6	532	8	57	11	4	1.32394e+06	4.96623e-05	0.321	
11164	351	3043	23.067	20.2928	1882	18.6118	10	529	6	76	11	4	1.07641e+06	5.17117e-05	0.3851	
11381	400	2956	17.7827	21.8671	1856	15.0995	7	520	19	64	13	5	1.13121e+06	4.98554e-05	0.4123	
10723	400	3004	20.2061	22.967	1806	18.7862	10	532	17	76	38	3	1.08819e+06	5.74086e-05	0.2292	
11201	364	3029	20.7376	23.0746	1701	15.2035	9	529	6	70	62	3	1.06298e+06	6.18276e-05	0.1956	
10722	371	3026	21.6758	28.0561	1855	16.6932	7	531	12	64	24	5	1.06298e+06	6.18276e-05	0.1956	
11068	400	2951	22.9312	28.3385	1761	17.1805	10	528	7	73	67	4	1.01547e+06	6.29802e-05	0.2298	
10596	356	2992	19.3558	21.9244	1758	17.5241	6	528	17	61	62	6	1.15601e+06	5.85274e-05	0.1769	
10734	381	3036	19.9003	22.6017	1856	16.7418	7	528	19	62	67	4	1.11581e+06	5.77167e-05	0.2013	
10448	400	2971	21.3106	27.3636	1812	18.3846	8	529	11	58	56	4	1.08437e+06	6.58848e-05	0.1411	
11061	364	3027	21.9484	20.7547	1801	14.9878	9	531	4	70	62	4	1.08207e+06	5.4277e-05	0.3209	
11209	361	3009	21.9459	29.1561	1759	15.6644	6	528	17	66	67	5	1.0376e+06	6.16941e-05	0.2136	
11066	385	3029	21.4868	27.6366	1851	14.0729	10	522	18	70	36	4	1.03631e+06	5.90388e-05	0.275	
11285	245	3004	19.1659	20.7999	1899	18.4335	5	534	16	55	14	4	1.24285e+06	4.96771e-05	0.3483	
10729	381	3050	20.1463	22.4532	1805	18.0569	9	531	19	69	33	4	1.10097e+06	5.59378e-05	0.2288	
11447	376	3043	20.2496	20.314	1878	18.0337	6	509	7	75	26	4	1.10508e+06	4.90557e-05	0.49	
10957	396	3019	22.0987	26.9353	1894	16.6736	9	528	1	55	49	4	1.0363e+06	6.00024e-05	0.242	
10604	400	2975	19.055	28.4784	1772	18.43	7	533	11	63	28	4	1.10566e+06	6.30915e-05	0.1465	
11312	400	2950	22.7557	26.9638	1719	17.4596	9	524	9	81	67	4	1.10797e+06	5.96588e-05	0.1707	
10587	400	3039	19.0343	26.9211	1816	16.8758	8	533	4	64	9	5	1.10797e+06	5.96588e-05	0.1707	
11215	337	3043	15.1547	20.1018	1836	15.0025	6	533	7	71	5	4	1.30087e+06	4.74136e-05	0.3918	
10921	383	3004	15.2572	21.6771	1730	15.1824	6	530	7	68	40	4	1.27145e+06	5.25597e-05	0.2558	
11287	347	3030	15.4966	25.4642	1797	16.5601	7	535	6	66	20	5	1.23407e+06	5.2815e-05	0.2731	
10257	340	3005	24.1798	28.3758	1720	16.1307	5	522	12	57	53	4	1.09026e+06	7.03185e-05	0.1266	
11400	397	3016	22.8145	22.6406	1755	16.6552	8	518	15	73	19	3	1.02902e+06	5.28513e-05	0.3945	
10587	373	3039	19.4847	26.9211	1816	17.7434	8	535	4	64	14	4	1.10633e+06	6.01359e-05	0.1644	
11201	364	3035	19.8631	23.0746	1701	15.2035	9	529	20	73	55	3	1.08538e+06	5.40541e-05	0.2977	
11016	390	3049	18.5088	22.9838	1795	15.7745	5	535	3	57	29	4	1.12268e+06	5.30054e-05	0.2812	
11206	378	3030	19.9011	25.1073	1749	15.2035	9	534	5	66	56	3	1.06882e+06	5.57724e-05	0.2612	
10596	356	2999	19.3223	21.9184	1758	16.2732	6	528	17	55	50	4	1.14699e+06	5.73362e-05	0.1829	
10837	381	3050	19.8681	22.4256	1817	17.3426	9	531	16	68	40	4	1.10088e+06	5.51542e-05	0.2442	
11229	381	2992	23.9276	29.0129	1731	15.4696	5	524	12	58	9	6	1.01062e+06	6.13309e-05	0.2798	
10837	385	3050	19.8681	22.4256	1817	17.8864	9	529	19	64	29	4	1.09736e+06	5.46388e-05	0.248	
10113	311	3042	17.9084	22.7994	1837	18.4694	6	527	3	56	12	5	1.23609e+06	5.90912e-05	0.1464	
10546	369	2974	17.5789	27.3753	1886	16.7621	7	535	17	57	15	3	1.15922e+06	6.06318e-05	0.1421	
11293	377	3021	17.6591	22.5603	1763	14.9448	10	526	17	63	72	4	1.14235e+06	5.28737e-05	0.2925	
10722	396	3026	23.6701	27.7352	1855	16.8633	8	535	7	68	37	6	1.03694e+06	6.32391e-05	0.1993	
10942	400	3050	21.6003	23.3164	1808	18.1949	9	534	3	60	18	5	1.05391e+06	5.51207e-05	0.2693	
10911	381	3050	20.4027	22.4256	1791	15.5722	9	528	20	68	46	4	1.08739e+06	5.5063e-05	0.2622	
10073	311	3042	19.6733	23.2998	1739	19	8	527	3	56	19	3	1.18411e+06	6.18047e-05	0.1242	
10604	400	2975	20.0407	28.4784	1812	17.7842	8	533	11	71	40	4	1.08512e+06	6.40451e-05	0.167	
10410	316	3031	16.8569	22.2095	1709	17.1111	6	519	18	64	25	5	1.2552e+06	5.66348e-05	0.1867	
11061	385	3034	21.4868	27.6366	1851	14.0729	8	527	19	71	41	4	1.03901e+06	5.92207e-05	0.2494	
10604	400	2975	20.0407	28.4784	1888	17.7842	6	533	11	66	40	4	1.08628e+06	6.37349e-05	0.1666	
10337	375	2987	22.26	26.1687	1900	18.8132	8	534	11	65	47	4	1.0893e+06	6.56168e-05	0.1601	
11222	400	2994	19.8585	20.2608	1716	18.9833	8	509	2	79	23	5	1.10041e+06	5.09424e-05	0.4643	
11380	396	2984	22.8145	28.8745	1849	16.6552	10	524	15	62	19	3	994995	5.95096e-05	0.3012	
11400	397	3016	17.7034	23.7095	1845	16.6552	10	524	15	73	19	3	1.11203e+06	5.11954e-05	0.3731	
10878	390	2963	19.8653	23.9647	1756	17.319	7	531	17	56	19	5	1.08648e+06	5.62525e-05	0.2438	
10019	365	3042	18.1198	22.7808	1757	17.0202	10	521	6	55	24	5	1.20794e+06	6.1717e-05	0.1249	
10834	363	3002	20.5546	23.2593	1879	16.8876	9	527	6	65	64	3	995414	5.88547e-05	0.3191	
11380	396	3028	22.8145	28.8745	1886	16.2094	10	524	15	73	19	3	995414	5.88547e-05	0.3191	
10587	400	3030	19.7523	26.9211	1843	18.5611	8	535	5	59	6	4	1.09017e+06	6.00096e-05	0.1667	
11206	378	3035	21.0557	23.6837	1749	15.8656	9	530	5	63	56	3	1.05595e+06	5.49209e-05	0.2997	
10825	390	3034	19.4812	20.8806	1804	16.7717	6	534	3	58	29	5	1.12268e+06	5.31858e-05	0.2675	
10712	369	2978	20.8381	25.993	1886	16.5442	7	534	17	57	12	6	1.08039e+06	5.92242e-05	0.1924	
11435	344	3013	15.2572	20.6738	1750	18.7338	8	528	9	75	25	4	1.26971e+06	4.81997e-05	0.3992	
10587	372	3039	19.4847	26.9517	1816	17.0924	8	532	4	64	9	5	1.10718e+06	5.99089e-05	0.1792	
10722	371	3026	21.8389	28.5299	1855	16.9489	7	532	7	66	37	5	1.06066e+06	6.29683e-05	0.1887	
10426	392	3039	18.6164	26.9211	1843	18.5611	8	535	4	57	8	4	1.12952e+06	6.07165e-05	0.1277	
10587	392	3039	18.6164	26.6445	1831	18.5611	8	535	8	59	13	4	1.1195e+06	5.94318e-05	0.1457	
11295	373	3016	21.7732	22.4399	1845	17.0537	4	530	12	66	26	3	1.06282e+06	5.25045e-05	0.3486	
10739	382	3004	20.4803	27.8508	1817	17.5584	9	528	19	75	45	4	1.07318e+06	6.23208e-05	0.1826	
10782	369	2970	17.5789	24.036	1886	16.7621	7	535	17	57	21	3	1.15464e+06	5.5605e-05	0.1998	
10585	328	2968	25	29.1217	1771	14.7423	4	526	15	59	60	4	1.06652e+06	6.88137e-05	0.1553	
11137	361	3034	23.3259	22.9589	1817	16.2989	7	526	5	60	21	5	1.05205e+06	5.46508e-05	0.3561	
11251	320	3035	18.7562	20.1018	1849	17.3889	5	533	5	77	26	3	1.16533e+06	4.93437e-05	0.3735	
11209	361	3009	22.449	29.1561	1763	15.6644	6	528	17	66	54	3	1.02699e+06	6.13761e-05	0.2269	
10923	336	2970	18.8708	27.3753	1886	16.4972	7	534	18	56	2	3	1.1105e+06	5.80383e-05	0.2008	
11312	378	2952	22.7557	26.9638	1709	17.4596	8	526	9	76	67	4	1.01825e+06	5.97051e-05	0.2853	
11144	333	3030	16.6368	22.4123	1755	17.9766	7	531	16	76	19	4	1.20432e+06	5.12873e-05	0.3032	
11454	397	3037	22.8145	25.8624	1845	16.6552	10	524	15	73	25	4	1.00377e+06	5.52853e-05	0.3531	
11042	385	3043	22.199	27.6366	1854	14	10	527	18	69	41	4	1.03067e+06	5.96019e-05	0.2556	
10620	397	3021	18.6164	22.7386	1864	18.5611	9	535	4	64	17	4	1.13264e+06	5.55864e-05	0.2196	
11171	398	3001	21.528	20.9861	1889	15.2204	5	526	18	67	55	3	1.07595e+06	5.30617e-05	0.341	
10234	342	3003	20.9186	28.3758	1716	16.1307	6	525	11	55	36	4	1.12099e+06	6.73355e-05	0.1098	
11233	337	3002	15	21.6771	1738	15.2472	9	532	8	71	27	4	1.2882e+06	4.99476e-05	0.3122	
11000	336	3035	15	20.1018	1846	15.0387	6	531	9	71	13	4	1.31953e+06	4.89644e-05	0.3522	
10837	381	3039	21.1825	22.4256	1808	18.0569	9	530	16	69	33	4	1.07738e+06	5.56297e-05	0.2614	
11285	254	3004	18.8673	20.775	1899	18.1747	6	534	16	58	3	4	1.23235e+06	4.91908e-05	0.3573	
11115	369	2970	17.7727	27.3753	1886	16.7621	8	535	17	80	18	4	1.13631e+06	5.10699e-05	0.3372	
11230	343	3049	18.5043	22.6332	1878	17.0584	8	534	7	61	21	6	1.13631e+06	5.10699e-05	0.3372	
11046	386	3014	19.8681	24.5115	1817	17.5584	9	528	19	64	44	4	1.07684e+06	5.59754e-05	0.2557	
11066	385	3029	21.4868	27.6366	1851	16.1033	10	527	18	70	36	4	1.03609e+06	5.91331e-05	0.2539	
11395	352	3050	17.5646	22.6332	1878	14.6676	8	534	7	85	24	6	1.1534e+06	4.99825e-05	0.3987	
11199	329	3020	15.1547	20.6068	1807	16.1147	7	533	4	72	34	4	1.29738e+06	4.93048e-05	0.3497	
11016	390	3034	17.8799	20.8806	1792	15.7745	6	534	3	57	21	5	1.15332e+06	5.07692e-05	0.3198	
11086	396	3010	22.0505	28.7556	1852	16.6552	10	524	15	73	13	3	1.01762e+06	6.01142e-05	0.2709	
10873	369	2970	21.7228	27.3753	1886	16.7621	8	534	17	56	16	5	1.05062e+06	6.02773e-05	0.2056	
11293	369	3021	19.507	24.0538	1714	14.5609	9	530	17	67	67	4	1.08658e+06	5.47166e-05	0.2756	
11331	323	3001	15.4966	22.6177	1804	16.4585	7	533	5	66	8	4	1.2595e+06	4.96401e-05	0.3363	
11293	353	3020	19.507	21.2524	1700	14.5143	9	531	18	65	42	4	1.10647e+06	5.12374e-05	0.3484	
11241	342	3023	17.5789	27.3753	1886	15.8544	9	534	6	75	18	3	1.09961e+06	5.6224e-05	0.242	
10837	381	3050	19.5489	24.0151	1817	18.9156	9	526	14	63	35	4	1.09961e+06	5.6224e-05	0.242	
10837	381	3050	19.8681	28.0936	1817	17.7625	8	528	16	75	41	4	1.07898e+06	6.07681e-05	0.1926	
11372	330	3035	17.1114	20.1018	1827	15.0387	6	533	11	71	34	4	1.20487e+06	4.82183e-05	0.4024	
11164	375	3043	19.3705	20.314	1873	16.8378	6	509	6	75	17	4	1.12991e+06	4.98331e-05	0.4486	
10141	311	3042	17.9084	23.0616	1884	16.5798	6	530	5	56	19	5	1.23438e+06	5.93014e-05	0.145	
11001	300	2979	15.2572	21.0375	1730	16.2271	8	530	7	62	23	4	1.31634e+06	5.09035e-05	0.3037	
10857	348	2989	21.9927	29.9322	1784	16.736	6	526	20	59	8	3	1.04931e+06	6.33995e-05	0.1875	
10836	394	3004	18.5815	21.6145	1754	18.7203	9	532	19	69	51	4	1.13214e+06	5.53465e-05	0.2293	
10587	373	3039	19.4847	26.9211	1816	18.627	8	535	4	64	14	4	1.10612e+06	6.02083e-05	0.161	
11400	395	3016	22.8145	22.4269	1845	17.0302	10	524	15	73	19	3	1.02536e+06	5.23807e-05	0.3956	
11066	385	3029	22.1475	27.6366	1851	14.0729	10	527	18	70	27	4	1.02775e+06	5.90842e-05	0.2686	
10613	387	3049	22.6104	30	1720	17.8887	6	516	6	60	31	4	1.04921e+06	6.59109e-05	0.1854	
11224	362	3020	22.0601	22.2497	1845	16.6552	9	520	16	73	26	3	1.05848e+06	5.29689e-05	0.379	
10923	328	2972	19.3558	26.7498	1794	16.7621	7	534	19	65	15	3	1.10836e+06	5.82106e-05	0.1972	
11137	306	3035	18.7562	20.1018	1827	17.3889	5	533	11	74	28	4	1.18456e+06	5.02058e-05	0.3434	
10285	385	2969	18.1113	22.6906	1824	17.9059	5	534	12	62	9	4	1.17936e+06	5.83158e-05	0.1579	
10998	352	2994	16.7735	23.1423	1730	15.6399	5	535	9	61	23	4	1.19429e+06	5.31124e-05	0.2483	
11330	361	2970	22.8964	29.9774	1752	15.8327	6	522	7	61	33	5	1.01634e+06	6.1931e-05	0.2738	
11066	385	3029	23.3107	27.6366	1851	14.7881	10	527	18	70	36	5	1.01824e+06	6.00492e-05	0.2583	
10836	394	3004	18.5815	20	1763	18.2284	9	532	19	69	44	3	1.13814e+06	5.35561e-05	0.2643	
10200	391	2995	23.5449	29.4328	1840	18.5077	6	512	12	59	65	4	1.08307e+06	7.24061e-05	0.1436	
10396	400	3026	20.3236	29.0942	1708	14.9713	5	514	15	61	24	4	1.09454e+06	6.51636e-05	0.1486	
10722	371	3017	21.8389	25.4011	1777	16.9489	8	535	7	65	37	5	1.06787e+06	6.00528e-05	0.1963	
9904	391	2995	23.5449	29.4328	1840	18.5077	6	511	10	60	75	4	1.01101e+06	6.21002e-05	0.2709	
11189	387	3049	23.2711	30	1720	17.5514	6	516	11	62	20	4	1.01101e+06	6.21002e-05	0.2709	
11206	400	3015	21.0557	21.2228	1701	15.2035	9	522	4	70	57	3	1.26102e+06	5.24797e-05	0.2581	
11062	345	3012	15.7467	21.4683	1758	14.1876	9	530	15	58	62	6	1.26102e+06	5.24797e-05	0.2581	
10643	348	2992	24.2105	24.9749	1806	17.851	6	531	9	58	71	4	1.06871e+06	6.39918e-05	0.1769	
11128	400	3043	22.3162	21.5834	1719	18.223	7	529	11	67	47	5	1.05747e+06	5.41448e-05	0.3326	
11201	385	3029	20.8743	27.6366	1839	17.1705	10	527	18	63	36	5	1.03884e+06	5.81125e-05	0.2511	
11452	374	2962	16.9094	20	1871	15.3191	6	529	12	61	7	3	1.18327e+06	4.72567e-05	0.4185	
11301	397	3016	22.8144	23.4508	1845	16.6552	10	524	15	70	17	3	1.02035e+06	5.37837e-05	0.3572	
11215	336	3035	15.1547	20.1018	1795	17.4385	6	533	7	71	13	4	1.29693e+06	4.79939e-05	0.3835	
10393	316	2999	17.0819	22.2095	1714	16.4727	6	520	17	64	26	6	1.24884e+06	5.72213e-05	0.1861	
11076	354	2995	18.0149	25.1345	1858	14.3877	10	535	9	58	2	4	1.12462e+06	5.40394e-05	0.2664	
10337	400	3008	22.26	26.1687	1888	18.8132	8	534	12	65	28	3	1.07677e+06	6.41519e-05	0.1646	
11307	386	3031	18.9249	25.54	1859	18.885	9	508	0	81	63	3	1.09469e+06	5.50176e-05	0.2473	
10837	381	3050	20.1463	22.4256	1808	18.0569	9	530	19	68	33	4	1.09469e+06	5.50176e-05	0.2473	
11128	349	3050	24.701	25.9061	1719	18.8029	8	529	17	58	47	5	1.02924e+06	5.96445e-05	0.2561	
11381	400	2956	16.7224	21.8671	1883	15.2081	9	526	18	64	13	4	1.16126e+06	4.93778e-05	0.3981	
10349	342	2950	15.7298	20.3473	1861	16.6312	5	527	17	57	22	5	1.30944e+06	5.52669e-05	0.1997	
10893	390	2989	24.5362	29.9322	1728	14.594	7	519	19	67	16	4	1.01232e+06	6.49393e-05	0.2328	
10837	376	3050	19.8681	25.2986	1817	17.9926	7	528	19	77	40	4	1.04628e+06	5.52242e-05	0.2955	
11016	400	3034	22.5617	23.3578	1795	15.7745	5	533	6	60	18	4	1.04628e+06	5.52242e-05	0.2955	
10837	381	3050	19.8681	24.5115	1733	17.7625	9	528	19	75	40	4	1.07462e+06	5.43213e-05	0.2998	
11068	366	3031	21.4935	22.0493	1818	19	9	524	18	57	42	5	1.07462e+06	5.43213e-05	0.2998	
11500	350	2956	24.7353	23.3763	1825	17.9664	6	532	17	71	64	4	1.03468e+06	5.56328e-05	0.34	
11395	352	3049	17.5646	22.6332	1887	16.6607	8	534	7	85	24	6	1.15282e+06	5.00375e-05	0.3974	
10921	344	3002	15.2572	21.6771	1730	15.1824	7	534	9	71	20	4	1.28291e+06	5.17117e-05	0.2582	
10837	382	3014	20.4419	24.5115	1817	17.5584	9	528	19	75	48	4	1.08124e+06	5.81564e-05	0.2381	
10837	382	3050	19.8681	24.5115	1764	16.3822	9	528	19	75	31	4	1.04504e+06	6.00745e-05	0.2173	
11319	363	2950	19.2347	26.9638	1786	17.0289	10	527	3	81	67	4	1.04504e+06	6.00745e-05	0.2173	
10908	382	3014	19.8681	24.5115	1817	17.5584	9	531	19	75	45	4	1.04504e+06	6.00745e-05	0.2173	
10775	400	2975	22.26	26.0586	1853	18.3846	7	534	6	65	21	4	1.04504e+06	6.00745e-05	0.2173	
10873	344	3002	15.2572	21.6771	1734	17.722	8	530	7	71	25	4	1.28524e+06	5.23972e-05	0.2548	
10914	326	2994	15.1149	21.6771	1786	15.1824	8	530	9	71	42	4	1.20661e+06	6.32591e-05	0.1112	
9984	328	3042	19.1183	22.4402	1757	18.4694	7	527	14	56	16	5	1.20661e+06	6.32591e-05	0.1112	
11100	287	3030	17.214	23.3265	1820	14.8747	10	533	18	56	49	4	1.21543e+06	5.33703e-05	0.2413	
10881	320	3028	15.1547	20.782	1845	18.0973	6	531	8	57	26	4	1.32015e+06	5.09321e-05	0.2841	
10917	337	3009	15	21.917	1730	16.1463	6	531	10	71	9	3	1.30165e+06	5.13426e-05	0.2723	
10837	381	3050	19.8681	24.6295	1817	17.7625	9	528	17	66	41	4	1.09048e+06	5.71755e-05	0.2246	
10471	347	3042	17.9084	23.2998	1778	14.4877	6	530	5	56	19	5	1.18809e+06	5.66187e-05	0.1873	
11264	385	3034	22.1665	27.6366	1851	14.0729	10	521	19	70	41	4	1.01867e+06	5.82004e-05	0.312	
11381	382	3023	16.7224	21.8671	1856	15.2081	9	529	18	62	6	5	1.17053e+06	4.87045e-05	0.3848	
10751	384	2973	16.8803	24.8054	1856	18.6787	6	530	16	65	29	5	1.18169e+06	5.69379e-05	0.1938	
11048	344	3002	15.2572	20.6738	1750	18.7338	8	527	9	75	25	4	1.11676e+06	6.73038e-05	0.1237	
10325	350	2972	20.3236	29.5513	1767	16.2534	6	530	12	60	27	5	1.11676e+06	6.73038e-05	0.1237	
11500	394	2980	17.8489	21.7151	1795	15.1198	10	520	15	63	41	4	1.12551e+06	4.98629e-05	0.4269	
10193	325	3025	17.4721	22.1667	1715	15.8408	10	525	7	55	33	5	1.23799e+06	5.91681e-05	0.1368	
11229	381	3018	23.9534	29.7508	1759	17.4602	6	524	8	57	5	6	1.00671e+06	6.1908e-05	0.2771	
11308	397	3039	18.6164	26.8408	1817	18.5611	9	533	3	67	19	3	1.07403e+06	5.51724e-05	0.2664	
11144	366	3041	19.1637	20.6783	1772	15.008	7	518	12	57	20	3	1.12438e+06	5.02689e-05	0.383	
10929	383	3002	15.2572	21.6771	1730	15.1824	6	530	7	71	25	4	1.26775e+06	5.1835e-05	0.2718	
11030	381	3050	15	21.6865	1817	17.3426	9	531	16	68	40	4	1.2773e+06	5.13848e-05	0.2638	
10921	337	3002	20.1901	22.4162	1730	16.1463	8	530	10	66	27	4	1.11078e+06	5.45375e-05	0.2877	
10141	311	3021	17.6843	22.6942	1745	18.4694	6	530	11	57	19	5	1.24494e+06	5.96374e-05	0.1109	
11158	320	3035	15	20.1018	1819	17.3889	6	533	5	71	26	4	1.32277e+06	4.8676e-05	0.3666	
11238	377	3027	22.8145	25.7516	1815	16.4874	9	533	13	73	44	3	1.02109e+06	5.70353e-05	0.2843	
11400	397	3016	22.5682	26.5311	1734	16.6552	10	525	15	73	19	3	1.00399e+06	5.65899e-05	0.3163	
11276	381	2981	23.9534	29.7508	1759	15.1203	7	528	8	58	19	6	1.00225e+06	6.21157e-05	0.2697	
10723	394	2994	20.2061	22.967	1806	18.7862	9	532	16	69	56	3	1.09508e+06	5.84283e-05	0.205	
11285	380	3004	19.2551	20.775	1899	18.1747	6	532	16	55	52	4	1.11555e+06	5.10386e-05	0.3398	
11016	388	3044	21.4673	24.2163	1890	18.677	8	516	16	56	63	5	1.21112e+06	5.22548e-05	0.277	
11450	390	3021	15.729	24.16	1877	15.5947	6	535	12	57	69	4	1.21112e+06	5.22548e-05	0.277	
10655	333	3015	17.4032	25.9366	1728	16.789	5	533	17	68	14	4	1.18826e+06	5.81801e-05	0.163	
11500	245	3004	19.2247	20.7999	1900	18.832	6	534	16	55	15	4	1.23494e+06	4.86571e-05	0.3801	
11325	362	3029	22.488	26.2097	1851	14.0729	10	527	18	70	36	4	1.02576e+06	5.63666e-05	0.3141	
11216	378	2950	20.0576	22.7989	1846	15.4405	9	531	20	85	42	4	1.0754e+06	5.38909e-05	0.3339	
11400	395	2983	22.7568	22.4269	1845	16.2518	10	524	15	81	48	4	1.01122e+06	5.84454e-05	0.2973	
11312	378	2983	22.8134	26.9638	1719	17.4596	10	526	9	73	38	3	1.01122e+06	5.84454e-05	0.2973	
10950	385	2966	21.7228	27.3753	1886	16.7621	8	534	17	57	15	3	1.0366e+06	5.96837e-05	0.2201	
10962	384	2995	19.782	22.1401	1791	14.9263	7	535	3	58	70	3	1.10247e+06	5.57693e-05	0.2318	
10938	400	3034	21.1563	23.3164	1795	15.1195	9	534	3	60	18	5	1.06025e+06	5.48817e-05	0.2756	
11214	361	3009	22.4217	29.1561	1723	15.6644	6	528	17	66	67	4	1.03049e+06	6.19464e-05	0.2183	
10785	381	2981	25	29.7508	1751	17.9572	6	530	8	64	11	6	1.02324e+06	6.59152e-05	0.2015	
10285	366	3003	23.3307	28.3758	1744	16.226	5	525	15	63	56	3	1.08571e+06	6.96573e-05	0.141	
10923	369	2982	17.5789	22.6762	1886	16.3533	7	534	18	59	15	3	1.15507e+06	5.29157e-05	0.2624	
10817	382	3014	19.8681	28.5649	1786	17.5584	9	528	19	75	45	4	1.07862e+06	6.2135e-05	0.1857	
10141	376	3042	17.6843	23.2998	1812	18.4694	6	531	5	56	19	5	1.20922e+06	5.97122e-05	0.1127	
10962	384	2995	23.2891	22.1401	1791	18.4911	7	535	1	58	70	4	1.05876e+06	5.78737e-05	0.2505	
11285	298	3004	19.3687	20.7999	1899	18.4335	5	532	20	55	14	4	1.16563e+06	4.97438e-05	0.3484	
10937	337	3014	17.5789	26.9744	1815	16.7621	7	534	17	57	13	3	1.15153e+06	5.70711e-05	0.1926	
10725	369	3021	19.507	22.5603	1714	14.5609	9	530	17	61	61	4	1.12354e+06	5.75606e-05	0.194	
11287	347	3030	17.1639	23.5842	1797	16.5601	7	535	6	66	36	5	1.16662e+06	5.19859e-05	0.2896	
10200	391	2979	23.5449	29.1684	1840	18.5077	6	511	12	59	51	4	1.07778e+06	7.12555e-05	0.1466	
10793	339	3046	15	21.0738	1749	17.7051	5	528	20	60	59	4	1.33794e+06	5.3749e-05	0.2236	
11125	337	2970	17.5789	25.5136	1815	15.637	7	535	17	57	4	3	1.14476e+06	5.44395e-05	0.2351	
11293	353	3040	19.507	22.5603	1714	14.5143	9	528	18	63	15	4	1.09659e+06	5.12952e-05	0.3501	
11102	390	3037	18.5088	22.9838	1795	16.1377	6	534	3	57	29	5	1.1186e+06	5.26399e-05	0.3047	
10837	381	3050	19.1411	22.4256	1781	17.8864	9	529	19	65	40	4	1.11661e+06	5.49451e-05	0.2406	
11228	331	3015	22.2303	22.3213	1782	16.1298	10	527	14	75	39	4	1.07235e+06	5.37259e-05	0.3367	
11331	319	3034	15.4966	21.2482	1804	16.4585	7	533	5	67	17	4	1.2757e+06	4.84051e-05	0.3744	
11416	377	2992	21.9472	20.9027	1736	15.9462	7	513	10	77	6	4	1.06577e+06	5.0844e-05	0.4649	
10898	335	2979	15.2572	22.3988	1734	15.3176	8	530	9	71	27	4	1.1669e+06	5.38677e-05	0.2487	
11028	374	2988	16.9094	24.7074	1869	15.1839	6	535	12	68	12	6	1.1669e+06	5.38677e-05	0.2487	
10091	311	3042	18.9674	25.9005	1724	18.4081	8	532	0	56	19	5	1.19402e+06	6.38937e-05	0.1032	
11209	361	3009	22.449	28.817	1763	15.6644	6	530	17	66	62	3	1.02889e+06	6.12557e-05	0.2213	
11473	321	3042	16.056	20	1772	15.008	7	517	6	57	20	3	1.26103e+06	4.68011e-05	0.4905	
11475	347	3030	15.4966	25.4642	1788	16.3119	7	535	6	62	20	5	1.2273e+06	5.18995e-05	0.2982	
11475	381	3019	15.4966	24.7845	1797	16.3119	7	535	6	66	30	5	1.14289e+06	6.53339e-05	0.1174	
10957	362	3025	22.0987	26.2146	1878	16.8337	9	525	4	64	50	5	1.14289e+06	6.53339e-05	0.1174	
10192	335	2954	19.8993	28.012	1854	17.9571	4	529	17	59	2	4	1.14289e+06	6.53339e-05	0.1174	
10587	397	3039	18.6164	26.8408	1851	17.3593	9	535	4	63	3	4	1.11595e+06	5.90842e-05	0.1706	
10111	362	2965	20.8001	25.9589	1774	18.2754	6	534	4	57	19	3	1.12611e+06	6.54365e-05	0.1129	
10837	383	3046	19.8681	24.9822	1817	18.9156	9	526	17	75	35	4	990689	5.99808e-05	0.2916	
11380	400	3027	22.8145	29.7597	1871	16.6552	10	524	15	74	19	3	990689	5.99808e-05	0.2916	
11293	365	3017	19.1595	27.9542	1714	14.5715	9	535	17	67	67	4	1.08167e+06	5.86613e-05	0.2205	
11395	339	3050	18.6981	22.9312	1846	17.4539	8	535	18	84	23	5	1.12278e+06	5.08156e-05	0.3651	
10587	392	3039	18.6164	26.9211	1843	18.5611	8	535	4	57	14	4	1.11847e+06	5.97193e-05	0.1475	
10950	369	2970	21.7228	27.3753	1886	16.7621	8	534	17	57	9	3	1.04276e+06	5.94636e-05	0.2249	
11279	390	3016	17.7034	25.9485	1845	16.6552	10	524	15	73	19	3	1.10634e+06	5.40891e-05	0.2937	
10200	400	2995	23.5449	29.4328	1833	18.5077	6	511	12	59	65	4	1.08084e+06	7.24008e-05	0.144	
11285	245	3004	19.2247	20.7999	1890	18.832	5	534	16	56	14	4	1.24142e+06	4.97611e-05	0.3461	
10192	339	2954	17.8926	29.2573	1855	18.9604	5	532	14	55	7	4	1.18894e+06	6.61376e-05	0.1095	
11010	369	2955	17.5789	27.3753	1886	16.6857	7	534	17	57	12	4	1.12896e+06	5.74185e-05	0.2117	
11496	310	3044	19.3183	20	1890	16.8306	7	502	5	64	52	5	1.17612e+06	4.87686e-05	0.527	
11380	396	3016	22.8145	28.7556	1852	16.6552	10	524	15	73	19	4	997131	5.89866e-05	0.3141	
10012	376	2977	24.1351	27.7075	1770	17.8176	7	513	5	56	60	4	1.10064e+06	7.37409e-05	0.1307	
10487	228	3019	15.3223	20.6776	1870	17.5819	8	535	0	55	48	4	1.44376e+06	5.51785e-05	0.2144	
10019	317	3044	17.9084	22.4402	1757	18.8934	8	531	3	56	17	5	1.24322e+06	6.1252e-05	0.1074	
11473	321	3042	15.954	20.6783	1772	15.008	7	517	15	57	20	3	1.25621e+06	4.73462e-05	0.4628	
11222	395	2994	19.8585	20.2608	1716	18.9833	8	509	2	79	29	5	1.10436e+06	5.11169e-05	0.4679	
10739	227	3027	15.2761	22.8653	1883	18.8017	5	530	7	75	31	4	1.42317e+06	5.43419e-05	0.245	
11270	241	2994	15.2572	21.6771	1786	15.1824	10	530	9	71	37	4	1.37918e+06	5.0163e-05	0.3263	
10213	373	3028	24.468	28.8463	1710	18.4296	9	509	2	62	69	3	1.07853e+06	7.23327e-05	0.1531	
10039	300	2977	20.8851	29.2237	1789	17.5397	6	523	1	55	7	3	1.15117e+06	6.93337e-05	0.1099	
10200	391	2996	23.5449	28.3525	1827	18.5077	6	511	12	59	65	4	1.0852e+06	7.12048e-05	0.1426	
11416	377	3041	16.3829	21.8356	1708	14.6539	7	513	7	59	11	4	1.1976e+06	4.8771e-05	0.4424	
10325	351	2961	22.16	29.2338	1767	16.2534	8	530	11	64	26	5	1.08892e+06	6.81013e-05	0.1452	
11222	386	2994	19.8585	20.2608	1730	18.9833	8	509	2	77	29	5	1.1086e+06	5.10647e-05	0.4612	
11076	233	2996	15.853	24.3167	1821	14.3877	10	531	12	55	6	4	1.34506e+06	5.26094e-05	0.2631	
10277	320	3044	15.1547	20.1018	1834	16.7058	8	533	1	71	26	4	1.36422e+06	5.54017e-05	0.2046	
10206	373	2952	21.5607	30	1854	16.1041	5	516	10	59	35	5	1.09748e+06	6.99203e-05	0.143	
10225	237	3025	16.348	23.2998	1748	17.9959	7	527	16	56	14	5	1.36514e+06	5.84249e-05	0.1185	
10257	340	2986	24.1798	28.3758	1743	16.1307	5	522	15	59	53	4	1.09031e+06	7.05169e-05	0.1317	
11247	245	3004	16.224	20.7999	1899	18.832	5	534	16	55	22	4	1.3378e+06	4.90509e-05	0.3616	
11416	250	3041	16.3829	20.6108	1708	14.6539	7	526	10	62	11	4	1.32062e+06	4.76485e-05	0.4144	
11251	320	3035	15.1547	20.1018	1827	17.3889	5	533	5	71	26	4	1.31226e+06	4.81394e-05	0.3901	
10019	311	3042	23.2309	25.9005	1747	18.5415	5	527	3	56	57	5	1.14739e+06	7.03433e-05	0.118	
11381	382	2956	16.7224	22.4098	1869	15.2081	8	520	18	62	13	3	1.16548e+06	4.99102e-05	0.4114	
10617	269	3011	17.2388	25.9336	1747	15.693	6	529	17	68	8	4	1.2487e+06	5.80147e-05	0.1718	
10617	269	2991	15.6525	25.3175	1758	14.9312	6	529	17	67	10	4	1.32528e+06	5.69833e-05	0.1842	
10604	264	2975	16.1478	20.9323	1888	18.1969	7	535	11	65	46	4	1.33247e+06	5.53495e-05	0.2164	
11272	321	3036	15.954	20.0308	1732	14.3149	7	520	15	56	20	3	1.2647e+06	4.7895e-05	0.4242	
11272	381	3042	15.954	20.6783	1772	15.3908	7	515	15	57	20	3	1.22726e+06	4.83512e-05	0.4361	
10585	358	2985	23.5377	29.1217	1725	16.3822	5	515	20	59	38	4	1.05629e+06	6.66711e-05	0.1802	
10454	381	2981	23.5312	28.8559	1759	15.2159	6	525	7	58	11	6	1.05686e+06	6.6335e-05	0.174	
11381	369	3038	18.5823	23.0738	1843	15.2073	9	522	15	65	13	5	1.11154e+06	5.06124e-05	0.3941	
11442	365	2981	23.9534	29.7508	1759	15.2159	6	524	8	62	11	6	1.00351e+06	6.1121e-05	0.3053	
11259	342	2995	22.167	24.5252	1809	14.4928	5	526	17	55	19	3	1.0576e+06	5.4936e-05	0.3162	
10325	350	2963	20.3236	29.5513	1767	16.2534	6	530	12	64	26	5	1.11736e+06	6.73537e-05	0.1364	
11460	350	3009	24.182	29.1561	1784	15.1169	6	524	15	63	65	5	1.01293e+06	6.09645e-05	0.2946	
10699	283	3046	16.1878	21.0738	1724	18.001	4	526	8	59	59	4	1.31679e+06	5.47825e-05	0.2259	
11209	350	3009	24.182	29.1561	1798	15.1169	6	528	15	66	67	5	1.02318e+06	6.26606e-05	0.2419	
11276	321	2992	21.2428	20.6783	1776	15.008	9	517	15	57	34	3	1.10745e+06	5.1443e-05	0.3998	
11416	369	3041	15.985	20.6108	1709	14.6539	7	513	10	62	11	4	1.23016e+06	4.75443e-05	0.4628	
10218	311	3050	18.7404	23.1061	1771	18.4694	6	524	5	57	20	3	1.19883e+06	5.91926e-05	0.1591	
10782	380	2994	15.2572	21.6771	1739	15.1824	8	522	12	63	19	4	1.2736e+06	5.24356e-05	0.2772	
10325	396	2973	20.3236	29.5513	1767	16.2534	7	514	11	64	26	4	1.09596e+06	6.69389e-05	0.1539	
11076	233	2995	15.853	24.5357	1821	14.3877	10	531	12	55	5	4	1.3436e+06	5.2815e-05	0.2609	
11215	320	3035	15.1547	20.1018	1827	15.0387	6	533	4	71	34	4	1.3128e+06	4.85791e-05	0.3723	
10193	274	3025	17.4721	22.1667	1715	15.8408	10	519	9	56	33	5	1.27689e+06	5.91017e-05	0.152	
11413	375	2953	21.5928	21.9637	1843	17.6974	5	513	17	73	60	3	1.06613e+06	5.30955e-05	0.4081	
10065	340	3042	17.8079	27.8305	1753	17.9685	7	527	0	55	19	5	1.21199e+06	6.55996e-05	0.1202	
10062	308	2967	18.1198	24.9582	1757	18.3711	7	527	3	58	19	5	1.22463e+06	6.36699e-05	0.1159	
11416	377	3041	16.3829	20.6108	1708	14.6539	7	513	10	62	11	4	1.20823e+06	4.76804e-05	0.462	
11001	335	2994	15.2572	20.5067	1730	15.1824	8	530	9	71	23	4	1.29236e+06	5.04007e-05	0.3204	
11272	321	3042	15.954	20.6783	1755	15.008	8	517	16	57	20	4	1.26088e+06	4.8398e-05	0.418	
10192	335	2954	17.8926	28.012	1854	17.9571	4	529	14	59	2	4	1.19537e+06	6.42467e-05	0.1242	
10643	373	2974	24.4782	25.845	1811	18.1933	8	523	9	59	62	4	1.0468e+06	6.46078e-05	0.1986	
10921	344	3002	15.3252	21.6771	1730	15.1824	8	530	9	71	25	4	1.27843e+06	5.19265e-05	0.2667	
10852	337	2992	17.6397	22.1079	1721	14.1876	9	523	19	58	62	6	1.19061e+06	5.55216e-05	0.2311	
11061	368	3050	16.659	20	1856	17.3953	7	523	16	69	31	4	1.21357e+06	4.9682e-05	0.3644	
11416	385	3041	16.5366	20.6108	1708	16.0091	6	513	11	62	11	4	1.19977e+06	4.78126e-05	0.4647	
10844	394	3004	18.5815	21.6145	1797	18.7862	8	532	19	69	64	3	1.13553e+06	5.59942e-05	0.2221	
10337	400	2987	22.26	26.1687	1888	18.8132	8	534	11	65	47	4	1.08242e+06	6.56383e-05	0.1581	
11395	343	3049	18.6981	22.6332	1878	17.0584	8	534	7	84	24	6	1.12532e+06	5.04643e-05	0.3875	
11211	383	3002	15	22.3838	1730	15.1824	6	525	6	71	25	4	1.26862e+06	5.05536e-05	0.3281	
10706	349	3001	23.2329	26.9893	1787	15.9799	9	532	6	61	9	5	1.0541e+06	6.16409e-05	0.2147	
10341	345	2963	21.5171	29.5513	1709	16.7878	6	514	11	62	26	4	1.09545e+06	6.78242e-05	0.1481	
10192	335	2954	17.8926	29.2573	1854	18.9604	5	532	14	56	7	4	1.1915e+06	6.61463e-05	0.1143	
11215	320	3033	15.1547	20.1018	1827	14.8165	7	533	4	71	34	4	1.31041e+06	4.85932e-05	0.3742	
11387	400	2956	16.7224	21.2029	1856	15.2081	9	520	18	64	13	5	1.17105e+06	4.8883e-05	0.4309	
10257	348	3003	20.4288	27.8061	1744	16.0623	5	525	12	55	53	4	1.13431e+06	6.71637e-05	0.1285	
10282	311	3034	17.9084	27.8305	1757	18.0484	7	530	0	56	19	5	1.20576e+06	6.34115e-05	0.1218	
11209	361	3005	22.449	29.1561	1763	16.3101	6	522	17	66	67	3	1.0289e+06	6.19425e-05	0.2352	
11381	369	2974	20.2434	23.4794	1877	18.7425	9	516	15	62	13	5	1.07232e+06	5.24742e-05	0.392	
11381	400	2975	16.7224	22.7352	1856	15.2081	9	520	18	64	13	5	1.15934e+06	5.01354e-05	0.4037	
11076	276	2995	16.6886	24.5357	1822	14.3877	10	531	8	58	5	4	1.23939e+06	5.30842e-05	0.2677	
10192	335	3050	17.8926	28.2766	1854	17.9571	4	529	14	59	7	4	1.199e+06	6.3743e-05	0.1275	
11128	340	3043	25	26.1768	1719	18.8029	7	527	17	58	47	5	1.0331e+06	6.01721e-05	0.2601	
10921	344	3002	15.2572	21.6771	1730	15.1824	8	530	8	71	18	4	1.28131e+06	5.1581e-05	0.2761	
11217	282	3048	15.5316	23.0388	1739	17.0307	5	531	0	73	7	6	1.30666e+06	5.0477e-05	0.3202	
11416	400	3041	16.3829	20.6108	1708	16.0091	6	513	10	62	11	4	1.20071e+06	4.77601e-05	0.4657	
10585	328	2968	23.5377	29.1217	1771	14.851	5	515	20	59	60	4	1.07365e+06	6.77277e-05	0.1713	
11272	321	3042	16.8296	20.6783	1756	15.0519	6	517	15	58	9	3	1.2225e+06	4.83559e-05	0.4316	
11448	343	3050	17.1269	22.1399	1854	15.9461	8	534	7	84	23	6	1.17536e+06	4.91642e-05	0.4061	
10039	311	3042	17.9084	23.2998	1757	18.4694	7	529	3	57	21	5	1.24284e+06	6.17055e-05	0.1117	
10481	342	3028	20.1805	29.6948	1809	14.386	5	524	4	66	5	3	1.10916e+06	6.39182e-05	0.176	
10334	300	3045	23.8066	27.1898	1790	14.9265	5	531	8	56	46	5	1.11532e+06	6.67824e-05	0.1407	
10198	349	2973	19.9829	29.5513	1767	15.8706	7	516	11	57	26	4	1.1285e+06	6.80411e-05	0.1279	
10668	381	3039	20.1463	22.4256	1808	18.0569	9	524	19	67	33	4	1.10473e+06	5.64079e-05	0.2381	
11125	337	2970	17.5789	27.1396	1815	16.7621	5	534	18	57	13	3	1.1441e+06	5.65835e-05	0.2213	
10921	344	3031	15.2572	20	1750	15.1824	8	530	9	69	25	4	1.29666e+06	5.02235e-05	0.3214	
11001	335	2994	15.2572	21.6771	1786	15.1824	8	530	9	71	37	4	1.28566e+06	5.18888e-05	0.2734	
10125	311	3042	18.1198	23.2998	1757	18.0511	7	527	3	56	13	5	1.22493e+06	5.97764e-05	0.1325	
10219	329	2973	16.9094	24.1282	1872	15.3191	7	526	12	61	2	6	1.24306e+06	5.89866e-05	0.1645	
11381	400	2956	16.7224	21.8671	1856	15.2081	9	520	18	64	13	5	1.1659e+06	4.94927e-05	0.4208	
11229	381	2981	23.9534	29.7508	1751	17.9572	6	524	8	59	11	6	1.00595e+06	6.24376e-05	0.2739	
11062	333	2992	15.7467	21.9364	1758	14.1876	9	523	16	58	62	6	1.26606e+06	5.29886e-05	0.2731	
11463	343	3017	16.5415	21.2262	1882	15.2265	5	534	0	61	45	5	1.21635e+06	4.87472e-05	0.3974	
10303	400	2971	21.3106	27.3636	1862	18.3846	8	534	11	59	56	4	1.09852e+06	6.74855e-05	0.1472	
11413	375	2953	20.5915	23.3763	1843	18.7159	6	516	13	73	23	3	1.06317e+06	5.28067e-05	0.4101	
10221	340	3041	17.9138	24.8986	1700	14.6762	8	517	15	62	15	4	1.19644e+06	6.04266e-05	0.1506	
11228	331	3015	17.772	21.3041	1782	16.1298	10	527	7	75	39	4	1.16827e+06	5.08285e-05	0.3758	
11300	352	2989	19.2235	21.7151	1731	15.1198	10	520	17	59	51	4	1.11406e+06	5.20102e-05	0.3651	
10617	269	3011	16.6904	25.9336	1759	14.7596	6	529	17	68	8	4	1.27122e+06	5.77167e-05	0.1784	
10921	344	3002	15.2572	20.6738	1791	15.725	8	528	8	75	25	4	1.29025e+06	5.10022e-05	0.3231	
11164	376	3043	19.3705	20.314	1873	17.5244	6	509	6	75	26	4	1.12871e+06	5.01379e-05	0.4346	
10125	311	3042	18.1198	23.2998	1757	18.0511	7	527	3	56	19	5	1.22633e+06	6.01359e-05	0.124	
10679	371	3013	24.4227	28.5784	1812	16.6748	6	534	8	65	18	4	1.03917e+06	6.44828e-05	0.201	
10893	351	2989	24.2765	29.9322	1728	14.594	7	519	19	62	16	4	1.02876e+06	6.4834e-05	0.2314	
10284	311	3034	17.9084	26.4308	1837	18.4694	6	526	3	58	12	5	1.20614e+06	6.1207e-05	0.1376	
11131	400	2977	24.0528	28.8919	1754	18.4658	9	514	11	61	6	4	998829	6.20694e-05	0.2964	
10771	379	3038	24.758	29.9848	1708	18.2245	6	520	5	62	22	4	1.02455e+06	6.5937e-05	0.2201	
10275	219	3047	18.1233	22.9577	1768	17.0178	8	528	20	60	32	5	1.32961e+06	5.93824e-05	0.1317	
11306	355	2952	20.1885	20.8705	1781	15.7677	8	518	17	85	30	4	1.10023e+06	5.13637e-05	0.4158	
10699	283	3046	16.403	21.0738	1724	18.1502	5	528	8	58	61	4	1.30516e+06	5.50479e-05	0.2195	
11209	361	3005	22.344	29.3894	1798	16.3101	6	526	17	62	20	4	1.02681e+06	6.0757e-05	0.2474	
10823	374	2987	16.9094	24.1282	1872	14.5396	7	527	14	61	7	6	1.18033e+06	5.43095e-05	0.2548	
10299	345	2981	20.3236	29.0942	1708	14.9713	6	514	17	61	34	4	1.11956e+06	6.71231e-05	0.1372	
10062	308	3040	18.1198	24.9582	1757	18.3711	7	527	3	56	19	5	1.22667e+06	6.27786e-05	0.108	
10923	305	2970	15.6797	26.0356	1886	16.7621	7	534	17	57	17	3	1.2614e+06	5.58254e-05	0.2074	
11272	353	3042	15.954	20.6783	1761	15.3477	7	517	15	57	18	3	1.23919e+06	4.83162e-05	0.4263	
11089	343	3049	18.2807	22.6332	1878	17.0584	8	534	7	84	24	6	1.14767e+06	5.21785e-05	0.3343	
11229	381	2984	23.3796	29.7508	1751	17.9572	6	520	8	59	11	6	1.01063e+06	6.21388e-05	0.2781	
10289	362	3005	23.3307	24.4215	1764	17.5617	5	525	12	60	53	4	1.09696e+06	6.52742e-05	0.1556	
11395	343	3049	18.6981	23.3579	1871	17.0584	8	534	7	84	24	6	1.12046e+06	5.11352e-05	0.3813	
10542	292	3004	18.8097	21.3435	1785	17.4318	9	532	9	68	32	4	1.20072e+06	5.6281e-05	0.2186	
11229	306	2952	17.736	21.2283	1703	15.8907	8	529	19	84	18	4	1.18764e+06	5.09424e-05	0.3543	
10613	387	3049	23.2711	30	1720	17.8887	6	516	9	60	22	4	1.0438e+06	6.60197e-05	0.1992	
10410	311	2999	16.7576	22.2095	1735	16.1874	6	519	16	66	26	6	1.2637e+06	5.68861e-05	0.1958	
11302	394	3030	23.4583	25.5716	1830	17.4933	5	522	3	60	10	5	1.01923e+06	5.61577e-05	0.3408	
10655	269	2995	16.9773	25.9336	1759	18.126	6	534	17	68	28	4	1.25976e+06	5.89449e-05	0.167	
10722	371	3026	23.6701	27.7352	1855	16.8633	7	531	7	68	37	5	1.04525e+06	6.31552e-05	0.2088	
11293	353	3013	17.7932	22.5603	1714	14.9448	9	530	19	67	67	4	1.14793e+06	5.29017e-05	0.2854	
11395	268	3049	19.1782	22.9312	1878	17.0584	8	534	7	62	23	6	1.1828e+06	5.07666e-05	0.3595	
11164	351	3043	23.067	20.314	1887	17.5244	10	529	6	76	14	4	1.0765e+06	5.17357e-05	0.3861	
11131	347	3001	22.1787	24.5349	1844	14.6951	9	529	7	62	67	6	1.06153e+06	5.73822e-05	0.2754	
11128	321	3048	21.1506	26.6485	1721	18.7778	7	529	14	72	47	5	1.08216e+06	5.82547e-05	0.2439	
10019	365	3042	18.1198	22.7808	1757	15.1705	7	527	6	56	24	5	1.21323e+06	6.18047e-05	0.1218	
11251	320	3035	18.7562	20.1018	1827	17.3889	5	530	5	75	26	4	1.17025e+06	4.93827e-05	0.3805	
11183	339	3030	15.4966	25.4642	1727	16.3119	7	535	9	65	30	5	1.24684e+06	5.39374e-05	0.2482	
10722	371	3026	19.9445	27.7352	1804	16.7469	7	531	7	68	37	5	1.09092e+06	6.12708e-05	0.1772	
10921	344	3002	15.2572	20.6738	1750	18.7338	8	528	9	75	25	4	1.28865e+06	5.13584e-05	0.3003	
10706	381	3016	23.6682	26.6635	1761	16.0871	7	532	6	64	9	5	1.04246e+06	6.14817e-05	0.2262	
11368	344	2956	24.1018	29.1522	1709	17.0115	8	522	11	72	39	5	1.01401e+06	6.17436e-05	0.2912	
10481	273	2960	21.7248	24.8923	1706	17.5453	10	524	13	58	56	3	1.14671e+06	6.35768e-05	0.1478	
11119	337	3046	22.7698	26.2997	1719	18.5894	8	529	14	61	31	5	1.04958e+06	5.83294e-05	0.2569	
10699	283	2985	16.403	21.0738	1855	17.7051	5	528	20	58	59	4	1.29982e+06	5.527e-05	0.2241	
11424	349	2966	16.7224	21.8671	1856	15.2081	8	520	18	64	13	3	1.18676e+06	4.91473e-05	0.4298	
11300	352	2998	17.8489	23.8018	1859	15.1198	10	520	17	60	51	4	1.13843e+06	5.29605e-05	0.3303	
11178	361	3044	23.3184	29.2297	1767	16.3101	6	528	3	66	54	3	1.02189e+06	6.16941e-05	0.2503	
11395	343	3049	17.0773	22.9312	1878	17.0584	8	534	7	75	23	6	1.17235e+06	5.00551e-05	0.367	
11131	400	2977	24.0528	27.6703	1754	17.6481	9	514	11	61	6	4	1.00099e+06	6.06061e-05	0.3091	
10587	392	3039	18.6164	26.9211	1879	18.5611	9	535	4	64	14	4	1.11838e+06	5.96445e-05	0.1684	
11201	290	2967	18.0583	22.4307	1704	14.6823	8	529	14	85	2	4	1.18619e+06	5.16209e-05	0.339	
11295	377	3016	22.8145	26.3102	1845	16.6552	10	521	15	73	26	3	1.01412e+06	5.68343e-05	0.3282	
10857	352	2989	16.8027	21.7151	1811	15.1198	9	522	19	56	43	3	1.20479e+06	5.34674e-05	0.2671	
11300	322	2989	18.6671	21.7151	1811	15.1198	9	522	17	59	44	3	1.14501e+06	5.12768e-05	0.3749	
10269	349	3020	15.7759	23.0832	1760	15.0088	5	522	16	56	37	3	1.299e+06	5.86476e-05	0.1582	
11285	254	2993	18.8673	20.9318	1899	18	6	534	16	63	3	4	1.23195e+06	4.94169e-05	0.3573	
11043	352	2961	16.5415	21.6715	1876	15.2265	5	532	0	61	45	5	1.21943e+06	5.22821e-05	0.3001	
11259	342	2978	20.2839	24.5252	1830	14.4928	5	522	17	55	15	3	1.08591e+06	5.39607e-05	0.3454	
10585	328	2968	23.5377	29.1217	1775	14.851	5	515	20	59	58	4	1.07339e+06	6.76041e-05	0.1731	
11142	358	2994	22.3728	25.5017	1890	15.6664	7	527	9	74	32	5	1.04765e+06	5.6899e-05	0.3017	
11206	364	3035	20.5137	20.7547	1701	15.2035	8	529	5	70	56	3	1.09131e+06	5.2263e-05	0.3705	
10111	311	3042	17.9084	27.8305	1757	18.487	7	527	0	56	19	5	1.22041e+06	6.50449e-05	0.1191	
10604	400	2975	20.0407	28.4784	1888	18.1969	7	533	11	68	46	4	1.087e+06	6.41355e-05	0.1728	
11285	254	3004	18.8673	20.775	1899	18.6997	6	534	3	55	3	6	1.23797e+06	4.92635e-05	0.3718	
11121	347	3030	15.4966	25.4642	1817	16.4585	5	533	12	66	17	5	1.24495e+06	5.35705e-05	0.2513	
10257	328	3005	22.4342	26.6602	1764	17.196	4	522	12	60	54	4	1.11847e+06	6.72179e-05	0.1341	
10235	274	3026	16.7717	22.2655	1715	15.8408	10	519	15	58	39	5	1.3038e+06	5.89971e-05	0.1574	
11206	364	3035	20.4413	20.7547	1701	15.2035	8	526	5	71	56	3	1.09344e+06	5.22166e-05	0.3827	
11498	294	2952	17.736	22.6569	1714	16.4986	9	529	19	84	27	4	1.18072e+06	5.09892e-05	0.3559	
10610	379	3017	21.7103	29.0644	1788	16.1079	5	518	13	71	51	5	1.06958e+06	6.5304e-05	0.1837	
10281	400	2975	22.26	27.3636	1815	18.3846	7	531	6	65	11	4	1.07904e+06	6.54965e-05	0.1647	
10280	399	2987	22.26	26.1687	1888	18.8132	8	534	11	64	47	4	1.08742e+06	6.63042e-05	0.1541	
10893	354	2989	21.3129	29.9322	1728	15.3381	7	519	19	62	9	5	1.0558e+06	6.30001e-05	0.203	
10957	396	3019	22.0987	25.8067	1894	16.4989	9	510	5	60	49	4	1.0428e+06	5.87682e-05	0.308	
11285	235	3004	18.8673	20.775	1899	18.8312	6	534	12	69	29	4	1.26966e+06	5.01102e-05	0.3479	
10596	356	2992	19.3223	21.9184	1758	16.2732	6	528	17	55	62	6	1.15637e+06	5.82615e-05	0.1674	
10269	349	3010	17.8804	23.0832	1749	15.0088	6	522	15	56	40	3	1.20263e+06	5.98659e-05	0.1474	
11272	353	3042	15.954	20.6783	1770	15.3477	7	517	18	57	18	3	1.23919e+06	4.82998e-05	0.4237	
11295	377	3016	22.8145	26.3102	1845	16.9291	10	524	15	73	20	3	1.01451e+06	5.6699e-05	0.3188	
11395	325	3050	18.6981	23.7348	1846	18.5803	8	534	9	84	23	6	1.13023e+06	5.16049e-05	0.3643	
11229	381	2981	23.9534	29.7508	1759	15.2159	6	524	8	58	11	6	1.00598e+06	6.22975e-05	0.2797	
10912	359	3021	20.0845	27.0275	1727	14.6907	9	520	13	62	38	6	1.08345e+06	5.93331e-05	0.2282	
11272	321	3042	16.8196	20.6783	1772	15.008	7	524	12	67	20	4	1.22077e+06	4.86713e-05	0.4043	
10275	230	3047	18.1233	22.9577	1753	15.6737	8	528	8	60	32	5	1.30943e+06	5.91541e-05	0.1484	
10923	369	2967	17.5789	27.3753	1823	16.7621	9	531	17	57	15	3	1.13105e+06	5.81429e-05	0.1976	
11033	398	3043	17.3101	26.0375	1759	18.5119	6	528	17	65	29	4	1.13912e+06	5.5894e-05	0.2258	
9999	372	2987	21.3102	23.5502	1747	18.4256	6	530	19	57	19	3	1.13619e+06	6.59761e-05	0.1212	
10643	373	2974	24.4782	24.9749	1825	17.851	8	523	9	57	71	4	1.05267e+06	6.42963e-05	0.1982	
10275	219	3047	18.1233	22.9577	1759	17.0178	8	528	10	60	32	5	1.32966e+06	5.92593e-05	0.1421	
11242	370	2989	19.0085	22.6064	1781	17.1301	10	519	17	57	11	4	1.10177e+06	5.17598e-05	0.3686	
10285	385	2964	18.1113	23.2478	1850	17.9059	8	534	12	63	19	4	1.17416e+06	5.95096e-05	0.1547	
11405	368	3011	19.3222	23.2961	1900	14.9531	5	531	18	81	38	5	1.09732e+06	5.18618e-05	0.3788	
10535	354	2970	18.6951	23.1434	1746	15.9352	7	530	12	60	20	5	1.15419e+06	5.73658e-05	0.1971	
10857	348	2989	24.2765	29.8686	1728	16.9261	8	519	19	62	31	4	1.03163e+06	6.55265e-05	0.2181	
10923	369	2963	15	25.993	1829	16.6769	7	534	17	58	12	6	1.26868e+06	5.56824e-05	0.2067	
11076	276	2995	16.6886	25.1345	1858	14.3877	10	531	8	58	11	4	1.23632e+06	5.37692e-05	0.2613	
11255	378	2950	19.2347	26.9638	1739	15.7693	10	527	3	61	67	4	1.07636e+06	5.84795e-05	0.2506	
10341	345	2975	21.5171	29.5513	1709	16.6532	6	514	11	62	26	4	1.09587e+06	6.76727e-05	0.1486	
10838	309	3005	16.4565	24.5252	1854	14.4928	6	522	17	56	8	3	1.23268e+06	5.42476e-05	0.2522	
11048	343	2952	16.5415	20	1882	15.2265	8	532	0	61	45	5	1.22995e+06	5.09736e-05	0.3428	
11428	320	3039	19.4993	25.7757	1785	14.7465	8	533	14	80	18	4	1.09778e+06	5.3723e-05	0.3061	
11488	316	3003	19.1213	26.7615	1830	16.7448	4	531	18	62	8	6	1.11334e+06	5.44929e-05	0.2897	
10801	348	3008	20.126	29.7508	1768	17.9572	6	524	8	59	23	6	1.08838e+06	6.29525e-05	0.1873	
11293	353	3021	17.7932	22.5603	1714	14.9448	9	530	17	67	67	4	1.14822e+06	5.28095e-05	0.2883	
11272	321	3042	15.954	20.6783	1772	15.008	7	517	15	57	18	3	1.26113e+06	4.82672e-05	0.4286	
10643	373	2974	23.6494	25.845	1804	18.1933	8	523	9	59	62	4	1.05329e+06	6.40328e-05	0.1944	
11083	273	3034	17.8119	21.873	1715	14.747	8	530	14	82	6	5	1.22541e+06	5.11535e-05	0.336	
11010	369	2955	17.5789	27.3753	1886	16.6857	7	534	17	57	12	6	1.13213e+06	5.74812e-05	0.2121	
10720	349	2988	18.5554	26.9893	1800	16.5096	9	532	6	61	13	5	1.1276e+06	5.92452e-05	0.1776	
11272	321	3042	16.8296	20.6783	1741	14.8297	7	515	15	58	18	4	1.22527e+06	4.86571e-05	0.4276	
10535	400	3023	17.6796	23.5397	1740	15.9352	9	530	15	78	16	5	1.16289e+06	5.70939e-05	0.2093	
11197	334	3002	16.4565	20.5904	1870	14	7	522	20	56	31	4	1.23312e+06	4.93048e-05	0.3844	
11198	355	2950	20.7829	22.809	1846	16.0814	8	524	20	85	42	4	1.07837e+06	5.43095e-05	0.3382	
10610	379	3047	21.8456	29.0644	1811	16.1079	5	518	13	71	51	5	1.06865e+06	6.49773e-05	0.1886	
11110	330	3045	23.2444	20.775	1899	18.5804	7	534	16	67	10	4	1.09182e+06	5.24219e-05	0.3508	
10334	300	3045	23.8066	27.1898	1790	14.9265	5	531	8	56	46	5	1.11532e+06	6.67824e-05	0.1407	
11400	397	3016	22.8145	26.3102	1845	16.6552	8	518	15	73	19	3	1.00561e+06	5.61956e-05	0.3616	
10019	308	3040	18.1198	23.2998	1757	18.3711	7	527	3	56	19	5	1.23818e+06	6.21581e-05	0.1085	
10739	333	3039	17.5131	24.6224	1858	18.9675	5	530	4	75	16	6	1.1881e+06	5.58628e-05	0.2301	
10893	351	2985	24.5362	29.9322	1728	14.594	7	519	19	63	54	4	1.03008e+06	6.61551e-05	0.2114	
11428	331	3016	20.1986	25.7757	1797	14.7465	7	529	13	80	14	6	1.083e+06	5.41917e-05	0.3426	
11163	377	3041	16.3829	20.5116	1708	14.6539	7	515	11	74	12	4	1.21328e+06	4.89548e-05	0.4196	
11030	356	3016	22.4059	29.8806	1808	14.0988	7	526	16	72	27	5	1.03593e+06	6.22975e-05	0.229	
10852	337	2992	15.3338	22.0299	1721	14.1876	9	523	19	58	62	6	1.30189e+06	5.46837e-05	0.2326	
10831	367	3002	20.8818	24.5252	1842	14.0405	9	519	20	56	31	4	1.07584e+06	5.72475e-05	0.257	
10821	368	3037	17.31	21.7169	1798	18.5512	5	520	16	71	20	5	1.08473e+06	6.33152e-05	0.1905	
11272	321	3020	19.1637	20.6783	1760	15.008	7	517	11	57	13	4	1.15149e+06	4.96179e-05	0.4191	
11206	378	3035	21.0557	24.3505	1749	15.2035	9	529	5	66	56	3	1.0526e+06	5.54693e-05	0.3036	
10141	311	3042	17.9084	23.2998	1778	18.4694	6	530	5	56	19	5	1.2342e+06	5.9891e-05	0.1128	
11395	343	3049	18.6981	22.9312	1878	17.0584	8	534	7	84	23	6	1.12327e+06	5.06997e-05	0.3848	
10718	315	3039	19.4847	26.9211	1747	15.2953	7	534	4	64	14	4	1.13007e+06	5.91401e-05	0.1846	
10824	339	2999	21.9866	24.9749	1823	17.851	6	525	7	55	72	4	1.0868e+06	6.07275e-05	0.1997	
10957	396	3019	22.0987	26.4302	1888	16.3565	9	528	1	64	49	4	1.03837e+06	5.93859e-05	0.2543	
11301	397	3016	22.8144	23.4508	1845	16.6552	10	524	15	73	19	3	1.02064e+06	5.38474e-05	0.3582	
11295	351	3016	21.7732	22.4202	1845	17.0537	5	530	12	73	26	3	1.07051e+06	5.25072e-05	0.3525	
11440	399	2954	22.3114	22.0217	1720	15.6874	8	524	17	71	48	6	1.04015e+06	5.31858e-05	0.3978	
10857	348	2989	24.2765	29.9322	1728	16.7075	7	519	19	62	15	4	1.03193e+06	6.51678e-05	0.2242	
11272	321	3042	16.8296	20.6783	1772	14.8297	7	517	15	58	18	3	1.22099e+06	4.85531e-05	0.4286	
10722	371	3040	23.6701	27.7352	1846	16.8633	7	531	5	68	53	5	1.04708e+06	6.37796e-05	0.2	
11022	381	2981	23.9534	29.7508	1759	16.165	6	524	8	60	33	6	1.01619e+06	6.40205e-05	0.2458	
11044	343	3024	15.9057	22.5108	1882	14.4167	5	526	14	64	26	5	1.2471e+06	5.13637e-05	0.3062	
11325	370	3009	22.1787	23.9666	1844	14.6951	9	531	7	62	67	5	1.04289e+06	5.53679e-05	0.3117	
10921	344	3002	15.2572	21.6771	1730	15.1824	7	530	9	71	20	4	1.28334e+06	5.16662e-05	0.2743	
10332	311	3042	17.9084	22.7994	1837	18.4694	6	527	3	56	19	5	1.221e+06	5.73987e-05	0.1799	
10689	392	3005	20.2061	24.7238	1798	18.4968	9	527	19	66	49	3	1.08911e+06	5.96694e-05	0.1913	
11236	305	3043	22.975	25.0663	1748	18.8029	7	534	16	68	52	5	1.07423e+06	5.70223e-05	0.2735	
11165	356	3049	18.7726	22.9312	1873	17.4895	8	534	7	84	22	6	1.12268e+06	5.20806e-05	0.3399	
11169	374	2973	16.9094	25.4291	1872	15.3191	6	529	12	61	7	6	1.15765e+06	5.3775e-05	0.2798	
11125	320	3035	18.7562	20.1018	1827	15.9222	5	533	5	80	26	4	1.17491e+06	5.01983e-05	0.3604	
11358	355	3040	16.9416	23.7469	1866	19	6	526	14	64	38	5	1.17206e+06	5.16316e-05	0.3246	
10603	392	3039	18.6164	26.9211	1879	18.5611	8	535	4	63	16	4	1.11854e+06	5.95912e-05	0.1669	
11082	379	3036	24.02	29.8806	1709	14.678	5	520	12	78	36	6	1.01659e+06	6.32471e-05	0.2644	
10893	315	3042	20.0898	27.8079	1804	14.8461	10	528	19	73	26	4	1.10253e+06	5.94884e-05	0.206	
11119	337	3048	22.7698	26.1768	1719	18.8029	8	529	14	58	47	5	1.05169e+06	5.88132e-05	0.2472	
11169	373	2996	16.9094	25.4291	1872	15.3191	6	529	12	64	7	6	1.15855e+06	5.35533e-05	0.2806	
11033	400	3037	17.3101	24.9432	1759	18.5119	6	526	14	65	29	4	1.14162e+06	5.47975e-05	0.2442	
11191	395	2994	19.8585	20.2608	1716	18.9833	8	509	2	79	29	5	1.1061e+06	5.12952e-05	0.4623	
10481	374	3036	20.1805	29.6948	1795	14.386	5	526	5	65	13	4	1.09861e+06	6.42137e-05	0.1646	
11229	381	2983	23.7779	29.7132	1730	15.2159	6	524	8	58	9	6	1.00778e+06	6.21929e-05	0.2731	
11119	337	3048	22.7698	26.2997	1719	18.8029	8	529	14	58	47	5	1.05131e+06	5.89414e-05	0.2458	
10837	381	3048	20.1463	22.4256	1808	18.0569	9	531	19	69	33	4	1.09449e+06	5.5054e-05	0.2456	
11028	374	2973	16.9094	25.4291	1872	15.3191	6	530	12	68	12	6	1.16397e+06	5.47285e-05	0.2549	
11112	379	3047	21.8456	22.5588	1811	16.1079	6	513	13	71	51	5	1.07133e+06	5.45256e-05	0.3494	
11287	347	3030	15.4966	25.4642	1797	16.5601	7	535	6	66	36	5	1.23675e+06	5.33163e-05	0.2684	
10866	380	3027	23.0254	22.3856	1781	16.1675	10	518	15	71	42	3	999678	6.32711e-05	0.2708	
11302	381	2953	18.9049	24.5095	1774	14.9267	7	525	6	60	10	5	1.09312e+06	5.34302e-05	0.347	
10199	323	3042	18.1198	22.7808	1855	15.1705	7	522	6	55	17	5	1.21324e+06	5.82547e-05	0.1816	
10767	376	2992	23.75	28.1691	1832	15.8383	7	527	13	57	6	5	1.03307e+06	6.27471e-05	0.2184	
10699	283	3046	16.403	21.0738	1724	18.1502	5	526	8	58	59	4	1.30381e+06	5.48817e-05	0.2245	
11033	368	3037	17.3101	24.9432	1759	18.5119	6	528	17	65	31	4	1.15396e+06	5.49058e-05	0.2322	
11048	338	2980	16.8009	24.6168	1720	15.2243	7	528	2	64	15	3	1.18396e+06	5.40716e-05	0.2651	
10923	336	2970	17.5789	27.3753	1886	16.4972	7	534	18	57	5	3	1.14919e+06	5.75672e-05	0.2001	
10914	343	2994	15.1149	21.6771	1786	15.1824	8	530	9	71	43	4	1.29563e+06	5.28262e-05	0.2553	
10831	334	3005	16.4565	24.5252	1788	14.0405	8	522	19	56	36	4	1.2179e+06	5.56266e-05	0.2192	
11033	400	3037	17.3101	24.9432	1759	18.5119	6	528	17	65	29	4	1.14127e+06	5.48276e-05	0.2333	
10299	356	2987	17.7213	26.4644	1732	14.9713	6	528	17	62	34	4	1.19296e+06	6.31074e-05	0.1474	
11475	347	3030	15.4966	25.4642	1797	16.3119	7	535	6	66	30	5	1.22834e+06	5.21322e-05	0.2958	
10901	343	3025	22.6961	23.2571	1709	16.2347	10	525	17	56	2	3	1.0625e+06	5.59785e-05	0.2852	
11302	381	2953	21.4636	25.0163	1781	16.8864	7	522	6	57	10	5	1.0419e+06	5.53159e-05	0.3495	
10646	339	2992	22.8084	24.9749	1819	17.8843	6	525	9	59	72	4	1.08547e+06	6.29802e-05	0.1835	
11292	384	2966	25	24.9162	1756	18.2452	6	531	4	81	52	5	1.01243e+06	5.82852e-05	0.3196	
11293	304	3024	18.2969	22.9568	1720	15.8531	9	530	17	65	28	4	1.16056e+06	5.17491e-05	0.3173	
10939	374	2972	19.4847	25.2996	1775	18.5611	8	535	5	66	14	4	1.08845e+06	5.67344e-05	0.2453	
10194	393	2995	24.0491	24.2619	1816	15.8689	7	505	6	62	39	5	1.17587e+06	5.44425e-05	0.247	
11381	361	3002	22.449	27.5675	1739	15.6644	7	518	18	68	67	3	1.0266e+06	5.90423e-05	0.3031	
10950	369	2970	21.7228	27.3753	1886	16.7621	8	534	13	57	15	3	1.04298e+06	5.96196e-05	0.2265	
10993	313	3002	15.2572	21.6771	1729	16.3315	7	527	9	71	20	4	1.30262e+06	5.12321e-05	0.2964	
10753	309	3015	16.4565	24.5279	1726	14.1552	7	519	20	56	24	3	1.23708e+06	5.56576e-05	0.2168	
10893	351	3021	25	29.9322	1728	15.3862	7	519	19	73	16	4	1.02597e+06	6.49013e-05	0.2352	
11433	368	3037	17.3891	24.9432	1786	18.8242	6	520	15	66	31	5	1.13949e+06	5.26233e-05	0.3323	
10865	292	3004	18.8097	21.3435	1785	17.1998	9	532	9	68	32	4	1.18392e+06	5.36049e-05	0.276	
11359	357	3047	15.7434	23.8992	1798	14	7	519	16	56	21	4	1.22246e+06	5.06765e-05	0.3467	
10877	381	3034	24.6372	30	1733	14.0759	5	522	5	67	10	3	1.01854e+06	6.44912e-05	0.2414	
10921	330	3002	15.2572	20.6738	1750	15.1824	8	530	9	71	17	4	1.29807e+06	5.0674e-05	0.3132	
10481	253	2962	21.7248	24.8923	1700	17.9693	8	524	13	58	57	3	1.17218e+06	6.36335e-05	0.146	
10587	380	3039	19.4847	25.0954	1816	15.2887	8	534	4	64	13	4	1.1107e+06	5.79777e-05	0.2038	
10723	394	3005	20.2061	24.7238	1798	18.4968	8	532	19	66	75	3	1.09754e+06	6.12182e-05	0.1869	
11131	400	2977	21.973	27.6703	1754	17.6481	9	514	11	62	6	4	1.02256e+06	5.93507e-05	0.3098	
11106	347	3024	15.4966	25.4642	1797	18.0741	7	535	6	66	36	5	1.24632e+06	5.45911e-05	0.2404	
10969	369	3047	22.1898	21.8513	1743	14.0628	9	515	13	62	14	4	1.06808e+06	5.38416e-05	0.3658	
11156	342	3001	20.6179	23.0574	1806	15.6074	5	526	18	64	55	4	1.09741e+06	5.46359e-05	0.2982	
11125	337	2971	17.5789	27.1396	1809	16.7621	5	533	17	57	38	3	1.14941e+06	5.74119e-05	0.2134	
10721	349	3001	23.2329	26.9893	1789	15.9799	9	532	6	61	9	5	1.05307e+06	6.15157e-05	0.2166	
10194	393	2994	24.0491	26.9375	1816	15.1713	8	505	8	71	37	5	1.20207e+06	5.57849e-05	0.2294	
10496	321	3031	22.8115	26.0309	1727	14.6907	10	520	11	56	75	5	1.1004e+06	6.5445e-05	0.1527	
10998	378	3035	21.0557	26.0943	1749	15.2035	9	529	5	66	56	3	1.05637e+06	5.86923e-05	0.2392	
11293	324	3013	18.0095	22.5603	1714	14.9448	8	530	4	67	61	4	1.16113e+06	5.25486e-05	0.3133	
10999	369	2970	21.7228	27.3753	1886	16.7621	8	534	13	57	15	3	1.04096e+06	5.93014e-05	0.2359	
10911	382	2988	16.2106	22.1192	1848	18.1801	9	520	16	55	39	4	1.21613e+06	5.32028e-05	0.2842	
10923	369	2970	17.5789	27.3753	1886	16.6857	7	534	17	57	12	6	1.13795e+06	5.78838e-05	0.1974	
11287	347	3021	15.4966	25.4642	1804	15.6766	7	533	5	66	17	4	1.23222e+06	5.27148e-05	0.2819	
11384	394	3004	19.8598	24.7238	1900	18.8227	7	532	19	69	75	3	1.06427e+06	5.52364e-05	0.2741	
10337	375	2986	20.3033	26.1687	1888	18.8132	8	520	4	65	49	4	1.29475e+06	5.07898e-05	0.3084	
11025	373	2997	24.4782	24.9749	1802	17.851	8	525	6	56	72	3	1.0283e+06	6.06244e-05	0.2568	
11435	347	3030	15.4966	25.4642	1739	15.9482	7	533	3	66	33	5	1.23203e+06	5.25624e-05	0.2929	
11413	350	2961	24.7353	23.3763	1843	18.9928	6	527	13	70	70	4	1.04071e+06	5.64462e-05	0.3372	
11229	362	3037	17.9748	23.7662	1728	18.6787	6	520	14	65	31	5	1.13956e+06	5.29297e-05	0.3221	
11001	335	2994	16.1335	21.6771	1730	15.6399	8	535	9	61	23	4	1.23481e+06	5.15437e-05	0.2779	
10617	269	3011	16.6904	25.9336	1759	15.693	6	529	17	68	8	4	1.27083e+06	5.77601e-05	0.1765	
11234	361	2998	24.049	25.1944	1809	15.8801	8	523	9	67	2	4	1.02364e+06	5.66508e-05	0.3363	
10410	316	2999	17.0819	22.2095	1709	16.1874	6	519	18	64	26	6	1.24764e+06	5.70613e-05	0.1922	
11001	335	2981	15.2572	21.6771	1730	16.2271	8	530	7	71	23	4	1.28323e+06	5.15305e-05	0.2826	
11164	351	3043	23.067	20.314	1700	15.1936	10	529	6	76	14	4	1.06866e+06	5.20969e-05	0.42	
11381	369	2970	16.7224	23.4794	1836	15.2081	9	520	17	66	13	5	1.16596e+06	5.09606e-05	0.3782	
11201	290	2975	17.8119	22.4307	1704	16.1636	7	529	14	85	2	5	1.19793e+06	5.15305e-05	0.3417	
11063	341	3013	24.4227	26.6855	1807	16.6748	10	527	11	66	14	4	1.02989e+06	5.95593e-05	0.2745	
10893	356	2989	24.5362	29.9322	1747	15.8417	7	519	19	63	16	4	1.02461e+06	6.49857e-05	0.2304	
11189	387	3049	23.2711	30	1720	17.5514	6	516	9	62	22	4	1.01105e+06	6.2135e-05	0.2728	
11285	295	3004	21.7217	20.775	1899	18.5804	6	534	16	55	10	4	1.1291e+06	5.08104e-05	0.3836	
11131	347	3007	24.1066	23.2107	1861	14.2517	9	528	8	62	60	6	1.05174e+06	5.68699e-05	0.3105	
11001	335	2999	15.2572	20.1508	1730	14.9535	8	530	9	73	23	4	1.2952e+06	5.00902e-05	0.3321	
11076	276	2995	16.717	25.1345	1834	14	10	531	7	62	20	4	1.23465e+06	5.40979e-05	0.2559	
10019	311	3030	19.7371	22.4402	1757	18.4409	7	527	3	56	18	5	1.19647e+06	6.22239e-05	0.131	
11284	324	2957	18.2666	21.873	1715	14.8386	8	534	14	85	14	5	1.15191e+06	5.11247e-05	0.3475	
11206	400	3035	21.0557	20.7547	1701	15.2035	9	529	3	70	57	3	1.06668e+06	5.25624e-05	0.3755	
10878	375	2966	19.8237	23.9647	1756	17.4216	5	531	19	77	57	5	1.10475e+06	5.8292e-05	0.2218	
11197	333	2992	15.7467	21.8798	1758	15.3596	9	523	12	71	60	6	1.0333e+06	6.03318e-05	0.2394	
11198	339	3010	15.1547	20.8745	1827	18.0881	5	532	4	75	30	4	1.29128e+06	4.95197e-05	0.3554	
10930	261	3036	19.3605	21.8073	1734	18.3288	5	532	3	55	49	3	1.207e+06	5.42888e-05	0.2606	
10519	372	3039	17.4666	26.9211	1813	17.4636	8	535	12	64	16	6	1.17258e+06	6.00096e-05	0.1515	
10923	400	2970	17.5789	27.3753	1895	16.6135	7	534	6	57	15	4	1.12382e+06	5.78302e-05	0.2128	
10723	394	3004	20.2061	22.5876	1806	18.7862	9	532	18	66	75	3	1.10394e+06	5.92628e-05	0.1934	
10029	337	2965	18.4425	21.506	1774	16.9552	6	532	4	56	21	3	1.21479e+06	6.1207e-05	0.1345	
10837	381	3050	19.8681	22.1556	1817	17.9926	9	528	19	68	61	4	1.10736e+06	5.61892e-05	0.2341	
11148	335	3001	20.6179	23.0574	1806	16.4217	5	526	17	64	55	4	1.1019e+06	5.47106e-05	0.2976	
10991	351	2998	24.5362	29.9322	1728	14.594	8	519	17	63	55	4	1.02324e+06	6.52316e-05	0.2299	
10481	304	2978	21.7248	25.275	1706	18.4411	7	524	13	58	59	3	1.12422e+06	6.39632e-05	0.1421	
11181	305	3024	17.0559	22.3338	1720	15.8531	8	530	17	65	70	4	1.21592e+06	5.3339e-05	0.2636	
11068	366	3031	21.4935	22.0493	1737	19	9	524	18	60	56	5	1.07618e+06	5.51633e-05	0.2962	
10643	339	2992	24.4782	24.7837	1807	17.6081	7	525	9	57	72	4	1.07025e+06	6.4e-05	0.1927	
11408	371	3024	19.3222	26.6145	1900	14.9531	5	531	11	72	34	5	1.07574e+06	5.47765e-05	0.3007	
10481	273	3006	21.7248	24.8923	1700	17.5453	8	524	13	58	57	3	1.15091e+06	6.30994e-05	0.1476	
11483	321	3014	19.907	26.0267	1797	14.9741	5	533	14	80	14	6	1.09581e+06	5.40657e-05	0.331	
11229	381	2981	23.9534	29.7508	1759	16.165	6	524	8	58	11	6	1.00587e+06	6.23364e-05	0.278	
10921	344	3002	15.2572	21.6771	1730	15.1824	8	530	10	71	25	4	1.28281e+06	5.1913e-05	0.2644	
10923	369	2970	17.5789	27.3753	1886	16.7621	7	534	17	57	15	3	1.13295e+06	5.79072e-05	0.196	
10019	311	3042	17.9084	22.4402	1757	18.4694	7	527	3	56	19	5	1.24832e+06	6.12182e-05	0.1121	
11302	400	3030	23.4583	25.5716	1830	17.6729	7	522	3	60	12	5	1.01275e+06	5.62114e-05	0.3405	
11272	321	3042	21.1238	20.6783	1792	14.8297	7	515	15	58	18	4	1.11642e+06	5.04541e-05	0.4187	
10831	334	3002	16.4565	24.5252	1870	14.0405	7	522	20	56	31	4	1.21802e+06	5.52181e-05	0.2318	
10706	349	2994	16.8009	26.1558	1735	15.8127	7	526	11	64	15	3	1.19202e+06	5.78001e-05	0.1965	
11395	325	3050	18.6981	22.9312	1846	17.4539	8	534	7	84	23	6	1.13589e+06	5.07949e-05	0.3802	
11058	358	2992	22.1787	23.9666	1844	14.6951	9	529	5	62	67	6	1.06179e+06	5.75242e-05	0.275	
10834	363	3002	19.6615	23.2593	1740	18.5	4	530	2	63	56	4	1.12217e+06	5.71657e-05	0.2292	
10837	382	3014	19.8681	24.5115	1817	17.5584	9	528	19	75	45	4	1.09092e+06	5.77467e-05	0.236	
10923	336	2970	17.5789	27.3753	1886	16.7621	7	534	18	57	15	3	1.15025e+06	5.79173e-05	0.1944	
10837	382	3027	20.2894	24.5115	1817	17.2992	9	531	19	75	26	4	1.08077e+06	5.68731e-05	0.2444	
10957	384	3019	22.0987	25.0163	1894	16.4989	9	528	1	62	32	4	1.04621e+06	5.73066e-05	0.2801	
11229	400	3036	24.1217	24.3084	1816	17.7353	7	517	18	61	11	6	1.01955e+06	5.58316e-05	0.3504	
10881	360	2988	20.2061	24.6684	1806	17.8904	9	532	18	67	72	3	1.0946e+06	5.9577e-05	0.2019	
11279	396	3016	22.946	21.5731	1852	16.6552	10	524	17	78	19	3	1.03426e+06	5.24027e-05	0.419	
10771	368	3028	22.6961	29.0719	1716	16.2347	7	524	16	56	12	5	1.04494e+06	6.33192e-05	0.2022	
10587	392	3039	18.6164	21.2501	1844	18.3357	8	535	4	69	8	4	1.14724e+06	5.40862e-05	0.2625	
10838	333	3005	16.4565	24.5252	1879	14.4928	6	523	17	56	20	3	1.21686e+06	5.46448e-05	0.2414	
11287	347	3030	15.4966	25.4642	1804	16.4585	7	533	5	66	17	5	1.23409e+06	5.27009e-05	0.2812	
10989	351	2992	17.713	27.5987	1837	16.609	8	534	17	61	14	3	1.13261e+06	5.76834e-05	0.2038	
11016	400	3034	22.5617	22.9589	1795	15.7745	5	529	3	60	18	5	1.05326e+06	5.48727e-05	0.3242	
11201	352	2989	19.4117	22.0178	1805	16.9115	9	520	18	58	33	4	1.10992e+06	5.21948e-05	0.359	
10141	328	3050	17.9084	24.5607	1778	18.2986	6	530	5	60	8	5	1.21672e+06	6.0529e-05	0.1196	
10957	396	3019	22.0987	24.7645	1891	17.152	9	525	4	64	50	5	1.04616e+06	5.78804e-05	0.272	
11242	352	2989	18.8548	22.6064	1781	17.1301	10	519	17	57	11	4	1.11536e+06	5.16929e-05	0.3684	
11500	400	2973	15.3428	21.8671	1856	15.2081	9	522	20	69	13	5	1.22766e+06	4.83746e-05	0.4292	
10921	344	3002	15.2572	20.598	1730	15.1824	8	530	9	71	34	4	1.29117e+06	5.14668e-05	0.2818	
11083	370	3005	22.1787	23.9666	1844	14.6951	9	529	7	62	67	6	1.05508e+06	5.7241e-05	0.2755	
10587	392	2998	18.6164	26.9211	1879	18.5611	8	535	4	64	14	4	1.1184e+06	6.00528e-05	0.1679	
11295	364	3016	22.8145	22.4202	1845	17.7919	6	530	12	73	26	4	1.05307e+06	5.31463e-05	0.3771	
10917	400	2977	24.0528	27.6703	1754	17.6481	9	514	11	65	23	4	1.01366e+06	6.22394e-05	0.2716	
11242	379	3010	18.8192	21.2334	1784	16.2423	10	520	17	63	46	4	1.11594e+06	5.13505e-05	0.3763	
10701	396	3012	20.2469	26.4302	1805	15.9589	9	528	0	62	40	4	1.07946e+06	6.03391e-05	0.2048	
11428	321	3010	20.1986	25.7757	1700	14.6232	8	529	13	80	14	6	1.08784e+06	5.45822e-05	0.3149	
11331	290	2994	19.709	22.8202	1798	14.0912	6	531	20	66	19	6	1.14979e+06	5.1725e-05	0.3421	
11229	381	2981	25	29.7508	1751	17.9572	6	527	5	64	20	6	999019	6.31233e-05	0.2725	
11087	391	3029	21.4681	24.857	1861	14.9661	7	517	7	80	6	4	1.05041e+06	5.52486e-05	0.3468	
10738	359	2989	24.2765	29.9322	1727	14.594	7	519	19	62	16	4	1.03423e+06	6.5937e-05	0.2103	
11236	339	3043	22.3162	25.0663	1748	18.8029	7	529	17	68	47	5	1.05643e+06	5.6478e-05	0.2892	
10957	396	2999	22.0987	26.4302	1887	15.8842	9	528	4	64	49	4	1.03752e+06	5.95877e-05	0.2516	
11246	352	2987	19.4117	22.5676	1781	15.1198	10	520	17	59	33	4	1.10343e+06	5.2367e-05	0.3601	
11086	396	3016	22.0505	28.7556	1852	16.6552	10	524	15	73	19	3	1.01784e+06	6.01721e-05	0.2671	
10950	369	2970	17.5789	27.3753	1886	16.7621	8	534	17	57	15	3	1.1299e+06	5.77334e-05	0.2003	
11408	375	2978	21.4985	25.7609	1854	18.526	6	527	7	72	40	4	1.03919e+06	5.56731e-05	0.3535	
10269	342	3020	15.7759	23.0832	1725	15.0088	7	519	9	55	31	3	1.29562e+06	5.81801e-05	0.1646	
11293	324	3013	17.1899	22.5603	1718	14.7943	9	530	16	62	67	4	1.18793e+06	5.26482e-05	0.2845	
11032	345	2970	20.6736	28.2183	1870	15.2906	6	533	8	67	50	3	1.06792e+06	6.06024e-05	0.213	
11068	400	2951	22.9312	28.3385	1761	17.1805	10	527	3	81	67	4	1.00778e+06	6.21929e-05	0.2731	
11128	321	3048	22.3162	25.0663	1719	18.8029	7	529	17	67	47	5	1.07313e+06	5.72803e-05	0.2661	
10885	385	3037	21.4868	28.0697	1752	14.0729	10	527	9	71	41	4	1.04659e+06	6.11396e-05	0.2192	
11141	368	3037	17.3101	24.9432	1774	18.6787	6	520	16	65	20	5	1.15182e+06	5.38619e-05	0.2848	
11156	351	2989	24.5362	29.9322	1731	15.0541	7	519	20	63	17	4	1.01443e+06	6.33513e-05	0.2655	
11295	377	3027	22.8145	22.3856	1839	16.0804	9	521	15	73	42	3	1.04032e+06	5.34645e-05	0.3776	
11393	381	3034	21.4868	27.6366	1826	14.5769	10	521	19	67	40	4	1.02409e+06	5.72213e-05	0.3086	
10722	371	3026	21.8389	27.7352	1855	16.9489	7	532	7	66	37	5	1.06346e+06	6.20964e-05	0.1978	
10325	400	2975	22.0672	27.3636	1853	18.3846	7	534	6	65	11	5	1.07975e+06	6.48929e-05	0.167	
10111	340	3042	17.8079	27.8305	1753	18.4694	7	527	0	56	19	5	1.20746e+06	6.50111e-05	0.1203	
10856	349	3034	20.8743	27.6366	1851	18.6483	10	527	18	70	36	5	1.07374e+06	6.05437e-05	0.2048	
10410	316	2999	17.0819	22.2095	1714	16.4727	6	520	18	64	26	6	1.24738e+06	5.70874e-05	0.1877	
10893	351	2989	24.2765	29.382	1728	16.7075	6	519	19	62	16	4	1.03094e+06	6.42797e-05	0.2317	
11313	344	3015	17.772	22.9084	1860	16.0266	9	528	16	70	31	4	1.14698e+06	5.1198e-05	0.3588	
11083	370	3011	22.1787	23.9666	1844	14.6951	8	529	7	62	67	6	1.05701e+06	5.7169e-05	0.2758	
11019	341	3013	24.4227	26.6855	1807	16.6748	10	525	11	63	18	4	1.03201e+06	5.99736e-05	0.2709	
10957	396	3017	22.0987	26.4302	1888	16.3565	9	528	1	61	49	4	1.03818e+06	5.94389e-05	0.2506	
11201	340	3044	22.1285	21.8295	1701	14.5076	9	529	5	66	60	3	1.07282e+06	5.39957e-05	0.3475	
11229	381	2981	24.8099	30	1751	17.9572	6	527	5	66	20	6	999678	6.32711e-05	0.2708	
11156	342	3001	20.6179	23.0574	1803	17.0093	5	528	16	65	59	4	1.09825e+06	5.49149e-05	0.289	
11313	331	3015	17.772	22.1134	1782	16.0266	10	527	18	75	39	4	1.15892e+06	5.10595e-05	0.3556	
10911	381	2988	16.2106	22.1192	1848	18.4112	9	520	16	60	39	4	1.21489e+06	5.32311e-05	0.2812	
10325	357	2960	20.3236	29.5513	1830	16.881	6	530	12	64	26	5	1.13615e+06	5.76602e-05	0.2041	
11125	337	2970	17.5789	27.1396	1815	16.7621	7	534	17	57	13	3	1.14029e+06	5.65931e-05	0.2208	
10720	356	2998	18.5554	27.2466	1800	15.9799	9	532	6	59	9	5	1.12295e+06	5.92242e-05	0.1777	
11174	306	3043	21.4527	25.4727	1838	18.5039	10	531	12	55	65	5	1.0903e+06	5.75308e-05	0.2404	
10837	382	3050	19.8681	24.5115	1817	17.6418	9	528	19	75	40	4	1.0912e+06	5.71233e-05	0.2408	
11016	388	3050	21.4673	21.2168	1900	18.677	8	516	16	56	63	5	1.08699e+06	5.44692e-05	0.3211	
10950	369	2966	21.7228	27.3753	1886	16.7621	8	534	17	57	15	3	1.04283e+06	5.96837e-05	0.2201	
11106	380	3030	22.8353	24.3886	1790	16.7701	9	518	15	73	42	3	1.03357e+06	5.66669e-05	0.3151	
11025	373	2997	24.4782	24.9749	1802	17.851	8	523	9	58	72	3	1.02828e+06	6.0584e-05	0.2609	
11165	368	2952	17.736	21.2283	1703	15.8907	8	529	19	84	18	4	1.14828e+06	5.13189e-05	0.3469	
10193	274	3024	16.9628	22.1667	1726	15.5011	10	519	17	56	36	5	1.29783e+06	5.91681e-05	0.1486	
10448	311	3042	17.9084	22.7994	1837	18.2989	6	527	3	55	25	5	1.2146e+06	5.66893e-05	0.196	
11180	400	2984	20.6179	23.0574	1806	15.6074	5	526	18	64	55	4	1.06979e+06	5.4606e-05	0.3033	
11335	345	3016	18.7958	25.6097	1845	16.6552	10	524	15	73	22	3	1.09744e+06	5.39433e-05	0.3176	
11131	347	3007	24.1066	23.2107	1861	14.2517	9	528	8	59	60	6	1.05204e+06	5.68958e-05	0.3054	
11016	390	3034	18.5088	22.9838	1795	15.7745	5	534	3	57	29	5	1.1249e+06	5.31576e-05	0.2849	
11100	365	2992	19.7964	27.5985	1793	14	7	520	13	57	2	4	1.07148e+06	5.77534e-05	0.2683	
10125	311	3040	18.1198	23.2998	1757	18.0511	7	527	3	56	24	5	1.22785e+06	6.04705e-05	0.1181	
10383	195	2984	15.8095	26.5213	1818	15.6125	10	503	9	74	55	5	1.1072e+06	6.33914e-05	0.1769	
10841	384	2995	23.2891	22.1401	1791	18.4911	7	535	3	58	65	4	1.06376e+06	5.86648e-05	0.2289	
10825	353	3030	17.7932	22.5327	1714	14.0752	9	532	19	67	67	4	1.17326e+06	5.64748e-05	0.211	
11339	348	3029	21.152	29.5837	1852	14.0464	9	515	15	68	12	4	1.03969e+06	5.92557e-05	0.3025	
10911	381	2988	16.2106	22.1192	1848	18.7864	9	520	16	60	39	4	1.21534e+06	5.32737e-05	0.2808	
11206	378	3035	21.0557	24.3505	1749	15.2035	7	529	5	66	56	3	1.05646e+06	5.54477e-05	0.3016	
11174	306	3043	23.12	23.5927	1838	18.5039	10	531	12	55	65	5	1.08023e+06	5.66572e-05	0.2711	
11191	343	2994	18.6158	25.1381	1878	17.0584	8	534	7	63	23	6	1.11701e+06	5.4336e-05	0.285	
11019	341	3013	24.4227	26.6855	1807	16.6748	10	525	11	66	18	4	1.03199e+06	5.99556e-05	0.273	
11076	276	2995	16.717	25.1345	1834	14.0329	10	531	7	58	18	4	1.23422e+06	5.40424e-05	0.2561	
10723	400	3004	20.2061	28.7818	1806	19	8	532	10	85	45	5	1.07603e+06	6.3597e-05	0.1939	
11198	339	3035	15.1547	20.8745	1827	14.6778	5	530	4	75	34	4	1.29492e+06	4.92732e-05	0.3657	
10299	345	2974	20.3236	29.0942	1708	14.9713	6	514	17	61	34	4	1.11928e+06	6.72043e-05	0.1372	
10771	379	3038	24.758	30	1708	18.2245	6	520	5	62	22	4	1.02433e+06	6.59544e-05	0.22	
10893	351	2989	24.5362	29.9322	1728	14.594	7	519	19	63	55	4	1.03028e+06	6.61507e-05	0.2107	
11048	340	2980	16.8009	24.6168	1720	15.2243	7	526	2	64	15	3	1.18332e+06	5.40716e-05	0.2714	
11061	385	3034	21.4868	27.6366	1851	14.0729	10	510	19	70	42	4	1.00495e+06	6.29921e-05	0.2933	
10905	400	3004	18.9729	24.7238	1806	18.7862	9	532	19	63	75	3	1.10781e+06	5.89414e-05	0.1923	
11475	347	3030	15.4966	25.4642	1797	16.5601	7	535	6	66	36	5	1.22915e+06	5.23177e-05	0.2932	
10269	349	3020	19.283	23.0832	1760	18.5736	5	522	9	56	40	4	1.29128e+06	4.95197e-05	0.3554	
11394	304	3024	18.2969	22.7873	1714	15.8531	9	530	20	66	64	4	1.16192e+06	5.24356e-05	0.3025	
10978	389	3047	18.9297	21.8513	1775	14.0628	9	515	12	59	14	4	1.11636e+06	5.18995e-05	0.3501	
10753	326	3009	17.3098	25.4642	1795	16.5601	7	535	6	73	34	5	1.19235e+06	5.77467e-05	0.1967	
11246	352	2987	19.4117	22.5676	1781	15.1198	10	520	18	59	33	4	1.10327e+06	5.23697e-05	0.3585	
11293	304	3007	18.2969	23.3622	1713	16.8689	9	530	17	66	67	4	1.16195e+06	5.39636e-05	0.278	
10986	369	3047	18.9297	21.8513	1775	14.0628	9	515	12	62	14	4	1.12525e+06	5.18699e-05	0.3529	
11201	290	2967	17.8119	22.4307	1704	14.6823	8	529	14	85	2	5	1.19556e+06	5.15437e-05	0.3407	
11237	341	3012	18.2903	24.1398	1714	14.5609	6	535	17	59	67	4	1.14048e+06	5.48246e-05	0.2405	
11293	353	3021	19.507	22.5603	1714	14.5609	9	530	17	67	67	4	1.10288e+06	5.33846e-05	0.3012	
11293	353	3021	19.507	22.5603	1714	14.5143	9	530	17	65	67	4	1.10332e+06	5.3376e-05	0.2977	
11452	374	2962	16.9094	25.4291	1871	15.3191	6	529	12	61	7	6	1.14687e+06	5.25045e-05	0.3205	
11475	347	3030	15.4966	25.4642	1797	16.5601	6	535	6	65	36	5	1.23131e+06	5.22848e-05	0.2942	
10831	309	3005	16.4565	25.3546	1803	14.1552	8	522	20	56	22	4	1.22902e+06	5.58285e-05	0.2191	
11475	347	3030	15.4966	25.4642	1797	16.5601	6	535	6	66	36	5	1.23119e+06	5.23095e-05	0.2941	
11393	385	3034	21.4868	27.6366	1851	14.0729	10	521	19	70	41	4	1.02214e+06	5.71559e-05	0.3174	
11330	361	2970	24.6911	29.9774	1752	15.8327	6	522	7	58	33	5	1.00495e+06	6.29921e-05	0.2933	
11215	352	3035	15.1547	26.6389	1827	17.2209	5	533	5	71	34	4	1.1004e+06	6.5445e-05	0.1527	
11395	343	3050	18.6981	24.5246	1878	17.4013	8	534	8	84	23	6	1.11283e+06	5.22057e-05	0.3528	
11156	342	3008	20.6179	23.0574	1806	15.6074	4	526	18	64	55	4	1.10159e+06	5.45613e-05	0.3006	
10734	381	3034	18.3786	22.6077	1822	17.9926	7	528	19	71	52	4	1.14794e+06	5.64685e-05	0.2205	
11380	346	3016	22.8145	28.7556	1852	16.6552	10	524	15	73	20	3	1.01846e+06	5.89762e-05	0.3132	
10950	369	2970	17.5789	27.3753	1886	16.7621	8	534	17	57	15	4	1.13175e+06	5.77567e-05	0.2	
10989	337	3002	15	21.6771	1730	15.2472	9	530	10	71	27	4	1.29898e+06	5.15039e-05	0.2718	
10921	344	3002	15.2572	21.6771	1730	17.7146	9	530	9	71	25	4	1.30082e+06	5.14907e-05	0.274	
10837	349	3048	19.8681	22.4256	1817	17.9926	9	528	19	65	40	4	1.11575e+06	5.51937e-05	0.2441	
10950	369	2970	21.7228	27.7599	1886	16.7621	8	533	12	57	15	3	1.04235e+06	6.00528e-05	0.2291	
10269	349	2996	17.8804	23.0832	1751	15.0088	6	522	15	56	40	3	1.20228e+06	6.00096e-05	0.1475	
11381	362	2978	20.2434	23.4794	1817	16.3049	9	520	15	64	13	5	1.07296e+06	5.24054e-05	0.3839	
11001	335	2994	18.1883	21.2754	1786	15.7781	8	530	9	69	65	4	1.16887e+06	5.40424e-05	0.276	
11209	361	3005	21.83	29.1561	1763	16.3101	6	526	17	62	20	4	1.0333e+06	6.03318e-05	0.2394	
10824	339	2992	21.9866	24.8761	1823	17.851	6	526	7	58	71	4	1.08611e+06	6.06171e-05	0.2039	
11475	347	3030	15.756	25.4642	1780	16.5601	6	535	5	66	36	5	1.21666e+06	5.24329e-05	0.294	
11083	273	3034	17.8119	21.873	1715	14.747	8	534	14	82	10	5	1.22468e+06	5.13031e-05	0.3218	
11016	371	3034	25	22.9589	1795	16.2989	6	534	5	60	18	5	1.0428e+06	5.65995e-05	0.3245	
10837	381	3050	19.8681	22.4256	1817	17.8864	9	528	19	65	40	4	1.10101e+06	5.51663e-05	0.2443	
10739	320	3039	17.5131	23.8308	1883	18.9675	5	532	4	75	30	6	1.20207e+06	5.57849e-05	0.2294	
10957	396	3019	22.0987	26.4302	1894	16.4989	9	528	1	62	49	4	1.03825e+06	5.94001e-05	0.2518	
10989	337	3002	15	21.6771	1730	15.3802	8	530	9	71	27	4	1.30082e+06	5.14907e-05	0.274	
10837	398	2995	19.1485	30	1746	18.9156	9	526	6	63	35	4	1.08473e+06	6.33152e-05	0.1905	
10910	291	2979	16.7328	21.3922	1792	15.4429	7	515	6	68	2	4	1.16887e+06	5.40424e-05	0.276	
10837	381	3050	19.8681	24.5115	1817	17.7625	9	528	19	75	40	4	1.09161e+06	5.71331e-05	0.2405	
10957	396	3019	22.0987	26.4302	1891	16.4989	9	530	1	62	50	4	1.03827e+06	5.94636e-05	0.2448	
10893	351	2989	24.5362	29.9322	1728	14.594	7	519	20	63	13	4	1.02723e+06	6.49351e-05	0.23	
10950	351	2970	18.602	27.3753	1837	16.7621	7	534	14	61	15	3	1.10929e+06	5.82751e-05	0.1976	
10838	309	3005	16.4565	24.5252	1854	14.7816	6	522	17	56	8	3	1.2326e+06	5.42623e-05	0.2518	
10780	400	3023	18.6951	22.6224	1746	15.9352	8	530	15	76	20	5	1.1236e+06	5.47405e-05	0.2716	
10911	381	2988	16.2106	22.1192	1848	18.7864	9	520	16	61	39	4	1.21507e+06	5.32765e-05	0.2808	
11144	333	2998	16.8618	22.1176	1755	17.6589	7	531	15	77	23	5	1.19885e+06	5.15305e-05	0.3154	
10408	367	2975	21.1761	28.5218	1847	16.0756	8	521	11	55	3	4	1.0826e+06	6.4288e-05	0.1768	
10019	305	3045	19.6725	22.9423	1730	18.462	5	527	9	59	19	5	1.2061e+06	6.29604e-05	0.1279	
11352	354	3026	20.5751	22.9465	1764	16.4926	7	531	10	79	32	5	1.07844e+06	5.24027e-05	0.3675	
11236	339	3047	22.3162	25.0663	1748	18.8029	7	529	17	68	47	5	1.05659e+06	5.64366e-05	0.2892	
11287	347	3030	15.4966	25.4642	1797	16.5601	7	535	3	66	36	5	1.2369e+06	5.33021e-05	0.2716	
11293	304	3024	18.2969	21.5408	1720	15.8531	9	530	17	65	70	4	1.17539e+06	5.22985e-05	0.3005	
10505	324	2993	16.7715	22.5603	1765	14.9448	9	532	16	67	63	4	1.11231e+06	6.05547e-05	0.148	
11313	331	3015	17.772	22.1134	1820	16.0266	10	527	18	75	39	4	1.15908e+06	5.09684e-05	0.3674	
11091	351	2989	24.5362	30	1728	14.594	7	519	20	68	9	4	1.01726e+06	6.36537e-05	0.261	
11201	352	2989	19.4117	22.0289	1733	17.1301	7	520	17	59	25	4	1.11261e+06	5.21349e-05	0.3657