10029	384	2965	21.3102	23.5502	1716	18.2754	6	530	4	57	19	3	1.12608e+06	6.49519e-05	0.1248	
10655	269	3015	16.9773	25.9336	1759	15.693	5	534	17	68	8	4	1.25993e+06	5.76236e-05	0.1674	
11400	397	3016	22.8145	26.3102	1845	16.6552	10	524	15	73	19	3	1.00135e+06	5.6123e-05	0.3397	
10587	373	3039	19.4847	26.9211	1816	18.5611	8	535	4	64	14	4	1.10621e+06	6.02047e-05	0.1613	
11209	361	3009	22.449	29.1561	1763	15.6644	6	528	17	66	67	3	1.02882e+06	6.18735e-05	0.219	
10587	392	3039	18.6164	26.9211	1843	18.5611	8	535	4	59	8	4	1.11792e+06	5.94495e-05	0.153	
10019	311	3042	18.1198	23.2998	1757	18.4694	7	527	3	56	19	5	1.23644e+06	6.21427e-05	0.1081	
11001	335	2994	15.2572	21.6771	1730	15.1824	8	530	9	71	23	4	1.28358e+06	5.13584e-05	0.2822	
11061	385	3034	21.4868	27.6366	1851	14.0729	10	527	19	70	41	4	1.03672e+06	5.92382e-05	0.2501	
11293	371	3021	17.6591	22.5603	1763	14.9448	9	530	17	63	67	4	1.14399e+06	5.26316e-05	0.2838	
10019	311	3042	18.1198	23.2998	1759	18.4694	7	527	3	56	19	3	1.23247e+06	6.20887e-05	0.1116	
10751	368	3040	16.9416	23.7221	1856	18.6787	6	526	16	65	29	5	1.19268e+06	5.52273e-05	0.2157	
11001	335	2999	15.2572	21.6771	1730	14.9535	8	530	9	73	23	4	1.2833e+06	5.13242e-05	0.283	
10585	328	2968	23.5377	29.1217	1735	14.851	5	518	20	59	60	4	1.07415e+06	6.78702e-05	0.1594	
11144	333	3030	16.6368	22.1176	1755	18.5826	7	531	15	76	23	4	1.20647e+06	5.12269e-05	0.3074	
10837	381	3050	19.8681	22.4256	1817	17.9926	9	528	19	65	40	4	1.10108e+06	5.51755e-05	0.2441	
10587	372	3039	19.4847	26.9211	1816	17.4636	8	535	4	64	9	5	1.1074e+06	5.99305e-05	0.1693	
11306	355	3050	20.1885	22.809	1846	15.7677	8	524	19	57	41	4	1.08652e+06	5.21376e-05	0.3469	
11016	400	3034	22.5617	22.9589	1795	15.7745	5	534	3	60	18	5	1.05204e+06	5.48727e-05	0.3077	
11229	381	2981	25	29.7508	1751	17.9572	6	527	8	64	11	6	999498	6.29683e-05	0.2699	
10604	400	2975	20.0407	28.4784	1888	17.7842	7	533	11	66	40	4	1.08486e+06	6.37552e-05	0.1672	
11061	385	3034	21.4868	27.6366	1851	14.0729	10	532	19	70	42	4	1.03709e+06	5.93014e-05	0.2323	
11285	254	3004	18.8673	20.775	1899	18.1747	6	534	16	55	3	4	1.23193e+06	4.92029e-05	0.355	
11201	364	3035	18.8972	23.0746	1701	15.2035	9	529	5	70	62	3	1.10966e+06	5.3888e-05	0.2947	
11215	340	3035	15.1547	20.1018	1827	14.6778	5	533	4	71	34	4	1.30153e+06	4.85555e-05	0.3713	
11243	345	3015	17.772	23.117	1782	16.2325	7	514	12	79	34	4	1.10003e+06	5.79307e-05	0.2017	
10878	390	2966	19.8653	23.9647	1756	17.319	5	531	14	56	57	5	1.10003e+06	5.79307e-05	0.2017	
10285	385	2964	18.1113	22.6906	1824	17.9059	5	534	12	62	9	4	1.1792e+06	5.83669e-05	0.1579	
11246	373	3040	20.7253	28.7916	1854	15.5925	7	526	17	60	35	6	1.04511e+06	5.88478e-05	0.2493	
10837	381	3050	20.1463	22.4256	1808	18.0569	9	531	19	69	33	4	1.09445e+06	5.50327e-05	0.2456	
10337	400	2987	22.26	26.1687	1888	18.8132	8	534	11	65	47	4	1.0824e+06	6.56383e-05	0.1581	
10284	311	3042	17.9084	22.7994	1837	18.4694	6	527	3	56	12	5	1.22338e+06	5.74317e-05	0.1778	
11039	369	2996	23.1149	29.888	1710	16.5488	9	534	9	85	27	3	1.01814e+06	6.31991e-05	0.2174	
10257	342	3003	20.9186	28.3758	1716	16.1307	6	525	11	55	40	4	1.11994e+06	6.73083e-05	0.1129	
10587	374	3016	19.4847	26.9211	1775	18.5611	8	535	5	61	14	4	1.10446e+06	6.0551e-05	0.148	
11141	368	3040	16.9416	23.7221	1856	18.6787	6	526	16	65	38	5	1.17325e+06	5.29045e-05	0.2776	
11299	398	3001	20.6179	20.9861	1900	15.2204	5	526	18	67	55	3	1.08279e+06	5.17197e-05	0.3551	
10993	344	3002	15.2572	21.6771	1729	15.1824	7	530	9	71	20	4	1.28006e+06	5.11823e-05	0.2875	
10141	311	3042	17.6843	23.2998	1745	18.4694	6	530	5	56	19	5	1.24184e+06	5.98838e-05	0.1058	
11016	390	3034	18.5088	20.8806	1792	15.7745	6	534	3	57	29	5	1.13624e+06	5.13479e-05	0.3097	
11293	369	3021	19.507	22.5603	1714	14.5609	9	530	17	64	67	4	1.09543e+06	5.3376e-05	0.2958	
11400	397	3016	22.8145	25.8624	1845	16.6552	10	524	15	73	19	3	1.00313e+06	5.56359e-05	0.3437	
10141	311	3042	17.9084	23.1061	1778	18.4694	6	530	5	56	19	5	1.23509e+06	5.97086e-05	0.116	
10246	393	2991	21.5577	27.5971	1803	14.0583	5	532	17	63	4	3	1.09442e+06	6.50195e-05	0.1593	
11401	378	2987	22.26	26.1687	1888	18.8132	8	534	11	65	47	4	1.02134e+06	5.65771e-05	0.3039	
11016	400	3034	22.5617	23.3578	1795	15.7745	5	534	7	60	18	5	1.04844e+06	5.52486e-05	0.2906	
10193	328	3026	18.8626	22.1667	1715	15.8408	10	529	17	59	39	5	1.19688e+06	6.06024e-05	0.1317	
10257	340	3003	24.1798	28.3758	1744	16.1307	5	522	12	59	53	4	1.09076e+06	7.02593e-05	0.1349	
10905	400	3004	18.9729	24.7238	1806	17.3903	9	532	19	63	75	3	1.10661e+06	5.88166e-05	0.1954	
10901	392	3025	22.6961	28.6802	1716	16.2347	8	525	15	56	19	5	1.02827e+06	6.21659e-05	0.218	
10587	397	3039	18.6164	26.8408	1864	18.5611	9	535	4	64	14	4	1.11707e+06	5.96019e-05	0.1659	
11066	385	3029	20.8743	27.6366	1851	14.7881	10	527	18	70	36	5	1.04523e+06	5.88097e-05	0.2451	
10860	107	3042	23.6693	26.4179	1813	15.021	5	503	18	77	62	6	1.07787e+06	6.07977e-05	0.1917	
10837	381	3050	19.8681	28.0936	1817	17.7625	9	528	17	75	41	4	1.07787e+06	6.07977e-05	0.1917	
10587	392	3039	18.6164	26.6445	1843	18.5611	8	535	8	59	13	4	1.11944e+06	5.93965e-05	0.1479	
11042	385	3043	22.199	27.6366	1861	14	10	527	19	69	41	4	1.03069e+06	5.95912e-05	0.254	
10921	344	3002	15.2572	21.6771	1730	17.7146	8	530	9	71	25	4	1.05337e+06	6.51254e-05	0.1694	
10827	361	3009	22.4217	29.1561	1723	15.6644	6	528	17	66	67	4	1.05337e+06	6.51254e-05	0.1694	
11285	288	3004	18.7833	20.8793	1887	18.1747	6	534	16	60	3	4	1.18675e+06	4.92708e-05	0.3514	
10284	311	3042	17.9084	22.7994	1837	18.4694	6	528	3	56	12	5	1.22328e+06	5.74449e-05	0.1741	
10877	320	3035	15.1547	20.1018	1827	18.0973	6	532	8	57	8	4	1.32353e+06	4.96179e-05	0.3238	
10332	311	3042	17.9084	22.7994	1837	18.2989	6	527	3	55	19	5	1.22052e+06	5.73723e-05	0.1796	
11400	395	3016	22.8145	22.4269	1845	16.2518	10	524	15	73	19	3	1.0255e+06	5.23478e-05	0.3973	
10655	307	3015	16.9773	25.9336	1759	15.693	5	534	16	68	10	4	1.22275e+06	5.76934e-05	0.1684	
10837	381	3048	19.8681	22.4256	1817	17.9926	9	528	19	65	40	4	1.10102e+06	5.51937e-05	0.2441	
11380	396	3016	22.946	21.5731	1852	16.6552	10	524	20	78	19	3	1.03004e+06	5.1835e-05	0.4235	
10587	372	3039	19.4847	26.7859	1816	17.8996	8	535	4	64	9	5	1.10801e+06	5.98193e-05	0.17	
11206	253	2960	21.1741	20.7547	1700	15.2035	9	517	5	72	70	3	1.11265e+06	5.34188e-05	0.2919	
11202	379	3013	18.2221	23.8962	1708	16.4986	8	528	20	83	27	4	1.11265e+06	5.34188e-05	0.2919	
11293	353	3040	19.507	22.5603	1714	14.5143	9	528	17	63	67	4	1.10449e+06	5.3183e-05	0.3021	
10804	335	3008	15.2572	21.6771	1730	15.1824	8	530	9	71	25	4	1.29526e+06	5.27037e-05	0.2426	
11215	336	3035	15.1547	20.1018	1836	15.0387	6	533	7	71	13	4	1.29965e+06	4.77487e-05	0.3913	
10751	302	2995	17.1549	25.0663	1835	14.7522	7	529	12	67	47	5	1.11325e+06	5.96161e-05	0.1722	
10632	400	3038	18.6611	27.5971	1803	14.0583	5	529	14	63	5	3	1.11325e+06	5.96161e-05	0.1722	
11016	390	3034	18.9648	22.9838	1795	15.7745	5	534	4	57	29	5	1.1132e+06	5.33589e-05	0.283	
11380	396	3016	22.0841	28.7556	1852	16.6552	10	524	15	80	19	3	1.00307e+06	5.86063e-05	0.3029	
10587	392	2987	18.6164	25.6279	1879	18.5611	8	535	4	64	14	4	1.12294e+06	5.88097e-05	0.1826	
11440	399	3026	21.8175	22.0217	1720	15.6874	7	524	17	69	36	6	1.04927e+06	5.19049e-05	0.4037	
10587	392	3039	18.6164	26.9211	1843	18.5611	8	535	5	59	8	4	1.11789e+06	5.94566e-05	0.1517	
10837	381	3039	20.1463	22.4256	1808	18.0569	9	530	19	68	33	4	1.09431e+06	5.51207e-05	0.2473	
10587	392	3039	18.6164	26.9211	1843	18.5611	8	535	4	57	8	4	1.11748e+06	5.94636e-05	0.1497	
10587	380	3039	19.4847	26.9211	1816	15.2953	8	534	4	64	14	4	1.10358e+06	5.99664e-05	0.1762	
10019	387	3042	18.1198	22.7808	1757	15.1705	7	527	6	56	17	5	1.20432e+06	6.14062e-05	0.125	
10225	307	3025	16.348	23.2998	1748	17.9959	7	527	16	56	14	5	1.28801e+06	5.84112e-05	0.1178	
10723	394	3004	20.2061	22.967	1806	18.7862	9	532	16	69	56	3	1.09534e+06	5.8326e-05	0.205	
11380	396	3016	22.8145	28.8745	1849	16.6552	10	524	15	73	19	3	995270	5.91121e-05	0.3097	
11381	400	2956	17.7827	21.8671	1856	15.2081	9	520	19	64	13	5	1.12722e+06	4.98778e-05	0.412	
11086	320	3035	15.1547	20.1018	1832	16.8955	6	533	4	71	34	4	1.31751e+06	4.94731e-05	0.338	
11016	400	3034	22.5617	23.3164	1795	15.7745	9	534	3	60	18	5	1.03894e+06	5.52273e-05	0.2948	
10782	369	2970	17.5789	27.3753	1886	16.7621	7	534	17	57	15	3	1.14201e+06	5.88547e-05	0.1749	
10723	394	3005	20.2061	24.7238	1798	18.4968	9	532	19	66	49	3	1.0863e+06	5.94601e-05	0.1816	
11499	397	3016	17.7034	25.9485	1845	16.6552	10	524	15	73	19	3	1.09578e+06	5.30279e-05	0.3269	
10587	372	3039	19.4847	26.9211	1816	17.0924	8	532	4	64	9	5	1.10742e+06	5.98767e-05	0.1797	
10797	287	3030	15.7875	21.7158	1820	16.1587	10	498	18	56	49	4	1.03021e+06	6.49013e-05	0.2091	
10857	348	2989	24.5195	29.9322	1784	16.7075	6	526	19	62	8	3	1.03021e+06	6.49013e-05	0.2091	
11295	373	3020	22.8145	26.0443	1845	16.6552	10	520	18	73	26	3	1.01705e+06	5.65355e-05	0.329	
11251	320	3035	18.7562	20.1018	1827	17.3889	5	533	5	75	26	4	1.16924e+06	4.93925e-05	0.3721	
10655	333	3015	16.9773	25.9366	1759	16.789	6	534	17	68	15	4	1.20331e+06	5.79979e-05	0.1661	
11066	385	3036	21.4868	25.6133	1895	14	10	527	18	61	36	4	1.04397e+06	5.67472e-05	0.2682	
11500	377	3016	23.2756	22.4269	1845	16.2518	10	524	15	73	19	3	1.0261e+06	5.20725e-05	0.4143	
10587	392	3039	18.6164	26.9211	1843	18.5611	8	535	7	59	8	4	1.11793e+06	5.94742e-05	0.1492	
10923	328	2970	19.3558	22.8395	1866	16.7621	7	534	19	62	15	3	1.1283e+06	5.40716e-05	0.2527	
10179	340	3003	24.1798	28.3758	1744	16.1307	5	522	12	56	53	4	1.09698e+06	7.12251e-05	0.1208	
10877	308	3035	15.1547	20.1018	1827	18.0973	6	532	8	57	12	4	1.33385e+06	4.9781e-05	0.318	
10942	394	3004	20.2061	22.967	1809	17.5617	9	532	18	69	56	3	1.0807e+06	5.63317e-05	0.2393	
10717	383	3002	15.2572	21.6771	1730	16.6491	6	530	7	72	25	4	1.28077e+06	5.34931e-05	0.2254	
10577	356	3005	19.3223	21.9184	1758	16.2732	6	528	17	55	62	6	1.1586e+06	5.83635e-05	0.1648	
10163	384	2974	21.3102	23.5502	1716	18.2754	6	530	4	57	19	3	1.11243e+06	6.27195e-05	0.1344	
11449	395	3016	22.8145	23.5751	1845	16.2518	10	524	12	73	19	3	1.01732e+06	5.31237e-05	0.3714	
10174	283	3040	18.1198	23.2998	1757	18.3711	7	527	3	56	19	5	1.24421e+06	5.96766e-05	0.1304	
11086	400	3016	22.0505	28.7556	1852	16.6552	10	535	15	73	19	3	1.01634e+06	6.01178e-05	0.235	
11331	323	3034	15.4966	23.2696	1804	16.4585	7	533	5	66	10	4	1.25686e+06	5.00175e-05	0.3158	
11285	327	3023	21.3206	20.775	1899	18.5804	6	534	16	55	10	4	1.10617e+06	5.04236e-05	0.3792	
11229	381	2981	25	29.7508	1754	16.5553	6	527	8	64	11	6	999639	6.2901e-05	0.2716	
10792	400	3033	17.3101	24.3696	1759	17.611	6	528	17	65	29	4	1.1584e+06	5.5894e-05	0.1981	
11001	335	2994	16.1335	21.6771	1730	15.6399	8	535	9	61	23	4	1.23478e+06	5.15437e-05	0.2779	
11380	396	3016	22.8689	21.5731	1852	16.6552	10	525	17	83	19	3	1.03272e+06	5.18242e-05	0.4287	
10596	356	2992	19.3223	21.9184	1758	16.2732	6	528	17	55	62	6	1.15637e+06	5.82615e-05	0.1674	
11229	380	2981	23.2601	29.7508	1749	17.9572	6	527	5	64	29	6	1.01154e+06	6.23053e-05	0.2542	
11001	338	2999	15.2572	21.6771	1744	14.9535	8	530	9	73	23	4	1.28138e+06	5.12899e-05	0.2861	
10722	396	3026	23.6701	27.7352	1827	16.8633	7	535	7	68	37	6	1.03814e+06	6.32992e-05	0.195	
10941	400	3004	17.6796	23.5397	1740	16.4347	9	535	15	74	32	5	1.13559e+06	5.47735e-05	0.2265	
10257	342	3003	23.3307	28.3758	1744	16.7243	5	525	12	59	19	4	1.09049e+06	6.77369e-05	0.1397	
11295	351	3016	21.6862	22.54	1845	17.0537	5	530	11	73	13	3	1.06986e+06	5.22275e-05	0.3606	
11400	391	3016	23.1419	26.0248	1804	16.6552	10	525	15	73	32	3	1.0016e+06	5.63444e-05	0.3362	
10116	376	2983	23.1338	27.7075	1770	19	5	514	5	56	60	4	1.1018e+06	7.11491e-05	0.1191	
11204	387	2974	25	29.7508	1751	17.9572	6	527	9	64	2	6	998009	6.30597e-05	0.267	
11021	335	2994	15	21.6771	1786	15.1824	8	523	9	71	50	4	1.12275e+06	6.26606e-05	0.137	
10328	400	3007	19.6481	25.6329	1784	16.3116	9	525	10	56	39	5	1.12275e+06	6.26606e-05	0.137	
10857	348	2989	24.5195	29.9322	1784	16.7075	6	526	15	60	2	3	1.03e+06	6.48004e-05	0.2143	
11122	366	3039	15.6999	23.8308	1882	18.9675	5	530	4	68	22	6	1.23326e+06	5.20454e-05	0.288	
11500	378	2953	20.5915	23.3763	1843	18.7159	5	534	17	73	60	3	1.06051e+06	5.34302e-05	0.3423	
11076	327	2995	15.853	24.5357	1821	14.3877	7	531	12	55	5	4	1.23568e+06	5.27454e-05	0.2604	
10923	350	2967	17.5789	27.3753	1823	16.7621	9	535	17	57	15	3	1.14013e+06	5.81564e-05	0.1861	
11164	351	3043	23.067	20.2928	1882	18.6118	10	529	6	76	11	4	1.0763e+06	5.17117e-05	0.3852	
11381	400	2956	17.7827	21.8671	1856	15.0995	7	520	19	64	13	5	1.13121e+06	4.98554e-05	0.4123	
10596	356	2992	19.3558	21.9244	1758	17.5241	6	528	17	61	62	6	1.15601e+06	5.85274e-05	0.1769	
10734	381	3036	19.9003	22.6017	1856	16.7418	7	528	19	62	67	4	1.11584e+06	5.77167e-05	0.2012	
10448	400	2971	21.3106	27.3636	1812	18.3846	8	529	11	58	56	4	1.08437e+06	6.58848e-05	0.1411	
11209	361	3009	21.9459	29.1561	1759	15.6644	6	528	17	66	67	5	1.03758e+06	6.16941e-05	0.2136	
10729	381	3050	20.1463	22.4532	1805	18.0569	9	531	19	69	33	4	1.10097e+06	5.59378e-05	0.2288	
11447	376	3043	20.2496	20.314	1878	18.0337	6	509	7	75	26	4	1.10515e+06	4.90557e-05	0.49	
10604	400	2975	19.055	28.4784	1772	18.43	7	533	11	63	28	4	1.10568e+06	6.30915e-05	0.1465	
11312	400	2950	22.7557	26.9638	1719	17.4596	9	524	9	81	67	4	1.108e+06	5.96588e-05	0.1707	
10587	400	3039	19.0343	26.9211	1816	16.8758	8	533	4	64	9	5	1.108e+06	5.96588e-05	0.1707	
11215	337	3043	15.1547	20.1018	1836	15.0025	6	533	7	71	5	4	1.30086e+06	4.74136e-05	0.3918	
10921	383	3004	15.2572	21.6771	1730	15.1824	6	530	7	68	40	4	1.27133e+06	5.25597e-05	0.2558	
10257	340	3005	24.1798	28.3758	1720	16.1307	5	522	12	57	53	4	1.09029e+06	7.03185e-05	0.1265	
10587	373	3039	19.4847	26.9211	1816	17.7434	8	535	4	64	14	4	1.10633e+06	6.01359e-05	0.1644	
11201	364	3035	19.8631	23.0746	1701	15.2035	9	529	20	73	55	3	1.08527e+06	5.40541e-05	0.2977	
11016	390	3049	18.5088	22.9838	1795	15.7745	5	535	3	57	29	4	1.12268e+06	5.30054e-05	0.2812	
10596	356	2999	19.3223	21.9184	1758	16.2732	6	528	17	55	50	4	1.147e+06	5.73362e-05	0.1829	
10837	381	3050	19.8681	22.4256	1817	17.3426	9	531	16	68	40	4	1.10095e+06	5.51542e-05	0.2442	
10837	385	3050	19.8681	22.4256	1817	17.8864	9	529	19	64	29	4	1.09723e+06	5.46388e-05	0.248	
11293	377	3021	17.6591	22.5603	1763	14.9448	10	526	17	63	72	4	1.14235e+06	5.28737e-05	0.2925	
10942	400	3050	21.6003	23.3164	1808	18.1949	9	534	3	60	18	5	1.05392e+06	5.51207e-05	0.2693	
10911	381	3050	20.4027	22.4256	1791	15.5722	9	528	20	68	46	4	1.08739e+06	5.5063e-05	0.2622	
10073	311	3042	19.6733	23.2998	1739	19	8	527	3	56	19	3	1.18411e+06	6.18047e-05	0.1241	
10604	400	2975	20.0407	28.4784	1812	17.7842	8	533	11	71	40	4	1.0851e+06	6.40451e-05	0.167	
10410	316	3031	16.8569	22.2095	1709	17.1111	6	519	18	64	25	5	1.25522e+06	5.66348e-05	0.1867	
10604	400	2975	20.0407	28.4784	1888	17.7842	6	533	11	66	40	4	1.08616e+06	6.37349e-05	0.1666	
10337	375	2987	22.26	26.1687	1900	18.8132	8	534	11	65	47	4	1.0893e+06	6.56168e-05	0.1601	
11380	396	2984	22.8145	28.8745	1849	16.6552	10	524	15	62	19	3	994913	5.95096e-05	0.3012	
10878	390	2963	19.8653	23.9647	1756	17.319	7	531	17	56	19	5	1.08648e+06	5.62525e-05	0.2438	
10587	400	3030	19.7523	26.9211	1843	18.5611	8	535	5	59	6	4	1.09021e+06	6.00096e-05	0.1667	
11206	378	3035	21.0557	23.6837	1749	15.8656	9	530	5	63	56	3	1.05598e+06	5.49209e-05	0.2997	
10825	390	3034	19.4812	20.8806	1804	16.7717	6	534	3	58	29	5	1.1225e+06	5.31858e-05	0.2675	
10712	369	2978	20.8381	25.993	1886	16.5442	7	534	17	57	12	6	1.0804e+06	5.92242e-05	0.1924	
10587	372	3039	19.4847	26.9517	1816	17.0924	8	532	4	64	9	5	1.10724e+06	5.99089e-05	0.1792	
10426	392	3039	18.6164	26.9211	1843	18.5611	8	535	4	57	8	4	1.12954e+06	6.07165e-05	0.1277	
10587	392	3039	18.6164	26.6445	1831	18.5611	8	535	8	59	13	4	1.1195e+06	5.94318e-05	0.1457	
11295	373	3016	21.7732	22.4399	1845	17.0537	4	530	12	66	26	3	1.06284e+06	5.25045e-05	0.3486	
10782	369	2970	17.5789	24.036	1886	16.7621	7	535	17	57	21	3	1.15463e+06	5.5605e-05	0.1998	
10585	328	2968	25	29.1217	1771	14.7423	4	526	15	59	60	4	1.06642e+06	6.88137e-05	0.1553	
11251	320	3035	18.7562	20.1018	1849	17.3889	5	533	5	77	26	3	1.16533e+06	4.93437e-05	0.3735	
11209	361	3009	22.449	29.1561	1763	15.6644	6	528	17	66	54	3	1.02702e+06	6.13761e-05	0.2268	
10923	336	2970	18.8708	27.3753	1886	16.4972	7	534	18	56	2	3	1.11035e+06	5.80383e-05	0.2008	
11144	333	3030	16.6368	22.4123	1755	17.9766	7	531	16	76	19	4	1.20432e+06	5.12873e-05	0.3032	
11454	397	3037	22.8145	25.8624	1845	16.6552	10	524	15	73	25	4	1.00377e+06	5.52853e-05	0.3531	
11042	385	3043	22.199	27.6366	1854	14	10	527	18	69	41	4	1.03067e+06	5.96019e-05	0.2556	
10620	397	3021	18.6164	22.7386	1864	18.5611	9	535	4	64	17	4	1.13257e+06	5.55864e-05	0.2196	
10234	342	3003	20.9186	28.3758	1716	16.1307	6	525	11	55	36	4	1.1209e+06	6.73355e-05	0.1098	
11233	337	3002	15	21.6771	1738	15.2472	9	532	8	71	27	4	1.2882e+06	4.99476e-05	0.3122	
11000	336	3035	15	20.1018	1846	15.0387	6	531	9	71	13	4	1.31953e+06	4.89644e-05	0.3522	
11285	254	3004	18.8673	20.775	1899	18.1747	6	534	16	58	3	4	1.23235e+06	4.91908e-05	0.3573	
11046	386	3014	19.8681	24.5115	1817	17.5584	9	528	19	64	44	4	1.0769e+06	5.59754e-05	0.2557	
11066	385	3029	21.4868	27.6366	1851	16.1033	10	527	18	70	36	4	1.03606e+06	5.91331e-05	0.2539	
11199	329	3020	15.1547	20.6068	1807	16.1147	7	533	4	72	34	4	1.29735e+06	4.93048e-05	0.3497	
11016	390	3034	17.8799	20.8806	1792	15.7745	6	534	3	57	21	5	1.15342e+06	5.07692e-05	0.3198	
11086	396	3010	22.0505	28.7556	1852	16.6552	10	524	15	73	13	3	1.01762e+06	6.01142e-05	0.2709	
10873	369	2970	21.7228	27.3753	1886	16.7621	8	534	17	56	16	5	1.05066e+06	6.02773e-05	0.2056	
11331	323	3001	15.4966	22.6177	1804	16.4585	7	533	5	66	8	4	1.2595e+06	4.96401e-05	0.3363	
11293	353	3020	19.507	21.2524	1700	14.5143	9	531	18	65	42	4	1.10647e+06	5.12374e-05	0.3484	
11241	342	3023	17.5789	27.3753	1886	15.8544	9	534	6	75	18	3	1.09961e+06	5.6224e-05	0.242	
10837	381	3050	19.5489	24.0151	1817	18.9156	9	526	14	63	35	4	1.09961e+06	5.6224e-05	0.242	
10837	381	3050	19.8681	28.0936	1817	17.7625	8	528	16	75	41	4	1.07898e+06	6.07681e-05	0.1926	
10857	348	2989	21.9927	29.9322	1784	16.736	6	526	20	59	8	3	1.04942e+06	6.33995e-05	0.1876	
10836	394	3004	18.5815	21.6145	1754	18.7203	9	532	19	69	51	4	1.13219e+06	5.53465e-05	0.2293	
10587	373	3039	19.4847	26.9211	1816	18.627	8	535	4	64	14	4	1.10612e+06	6.02083e-05	0.161	
11400	395	3016	22.8145	22.4269	1845	17.0302	10	524	15	73	19	3	1.02539e+06	5.23807e-05	0.3956	
11066	385	3029	22.1475	27.6366	1851	14.0729	10	527	18	70	27	4	1.02775e+06	5.90842e-05	0.2685	
10923	328	2972	19.3558	26.7498	1794	16.7621	7	534	19	65	15	3	1.10856e+06	5.82106e-05	0.1972	
10285	385	2969	18.1113	22.6906	1824	17.9059	5	534	12	62	9	4	1.17936e+06	5.83158e-05	0.1579	
10998	352	2994	16.7735	23.1423	1730	15.6399	5	535	9	61	23	4	1.19426e+06	5.31124e-05	0.2483	
11066	385	3029	23.3107	27.6366	1851	14.7881	10	527	18	70	36	5	1.01824e+06	6.00492e-05	0.2583	
10836	394	3004	18.5815	20	1763	18.2284	9	532	19	69	44	3	1.13814e+06	5.35561e-05	0.2643	
10396	400	3026	20.3236	29.0942	1708	14.9713	5	514	15	61	24	4	1.09454e+06	6.51636e-05	0.1486	
10722	371	3017	21.8389	25.4011	1777	16.9489	8	535	7	65	37	5	1.06787e+06	6.00528e-05	0.1963	
11206	400	3015	21.0557	21.2228	1701	15.2035	9	522	4	70	57	3	1.26102e+06	5.24797e-05	0.2581	
11062	345	3012	15.7467	21.4683	1758	14.1876	9	530	15	58	62	6	1.26102e+06	5.24797e-05	0.2581	
11128	400	3043	22.3162	21.5834	1719	18.223	7	529	11	67	47	5	1.05748e+06	5.41448e-05	0.3326	
11201	385	3029	20.8743	27.6366	1839	17.1705	10	527	18	63	36	5	1.03876e+06	5.81125e-05	0.2511	
11452	374	2962	16.9094	20	1871	15.3191	6	529	12	61	7	3	1.18319e+06	4.72567e-05	0.4185	
11301	397	3016	22.8144	23.4508	1845	16.6552	10	524	15	70	17	3	1.0204e+06	5.37837e-05	0.3572	
11215	336	3035	15.1547	20.1018	1795	17.4385	6	533	7	71	13	4	1.29692e+06	4.79939e-05	0.3834	
11076	354	2995	18.0149	25.1345	1858	14.3877	10	535	9	58	2	4	1.12463e+06	5.40394e-05	0.2664	
10337	400	3008	22.26	26.1687	1888	18.8132	8	534	12	65	28	3	1.07677e+06	6.41519e-05	0.1646	
11307	386	3031	18.9249	25.54	1859	18.885	9	508	0	81	63	3	1.09462e+06	5.50176e-05	0.2473	
10837	381	3050	20.1463	22.4256	1808	18.0569	9	530	19	68	33	4	1.09462e+06	5.50176e-05	0.2473	
11128	349	3050	24.701	25.9061	1719	18.8029	8	529	17	58	47	5	1.02932e+06	5.96445e-05	0.2562	
10837	376	3050	19.8681	25.2986	1817	17.9926	7	528	19	77	40	4	1.04636e+06	5.52242e-05	0.2955	
11016	400	3034	22.5617	23.3578	1795	15.7745	5	533	6	60	18	4	1.04636e+06	5.52242e-05	0.2955	
10921	344	3002	15.2572	21.6771	1730	15.1824	7	534	9	71	20	4	1.28291e+06	5.17117e-05	0.2582	
10837	382	3050	19.8681	24.5115	1764	16.3822	9	528	19	75	31	4	1.04502e+06	6.00745e-05	0.2173	
11319	363	2950	19.2347	26.9638	1786	17.0289	10	527	3	81	67	4	1.04502e+06	6.00745e-05	0.2173	
10908	382	3014	19.8681	24.5115	1817	17.5584	9	531	19	75	45	4	1.04502e+06	6.00745e-05	0.2173	
10775	400	2975	22.26	26.0586	1853	18.3846	7	534	6	65	21	4	1.04502e+06	6.00745e-05	0.2173	
11100	287	3030	17.214	23.3265	1820	14.8747	10	533	18	56	49	4	1.21543e+06	5.33703e-05	0.2413	
10881	320	3028	15.1547	20.782	1845	18.0973	6	531	8	57	26	4	1.32029e+06	5.09321e-05	0.2841	
10917	337	3009	15	21.917	1730	16.1463	6	531	10	71	9	3	1.30166e+06	5.13426e-05	0.2723	
10837	381	3050	19.8681	24.6295	1817	17.7625	9	528	17	66	41	4	1.09048e+06	5.71755e-05	0.2246	
10471	347	3042	17.9084	23.2998	1778	14.4877	6	530	5	56	19	5	1.18808e+06	5.66187e-05	0.1873	
10751	384	2973	16.8803	24.8054	1856	18.6787	6	530	16	65	29	5	1.18168e+06	5.69379e-05	0.1938	
10193	325	3025	17.4721	22.1667	1715	15.8408	10	525	7	55	33	5	1.238e+06	5.91681e-05	0.1368	
11030	381	3050	15	21.6865	1817	17.3426	9	531	16	68	40	4	1.2773e+06	5.13848e-05	0.2638	
10141	311	3021	17.6843	22.6942	1745	18.4694	6	530	11	57	19	5	1.24494e+06	5.96374e-05	0.1109	
11238	377	3027	22.8145	25.7516	1815	16.4874	9	533	13	73	44	3	1.02109e+06	5.70353e-05	0.2843	
11400	397	3016	22.5682	26.5311	1734	16.6552	10	525	15	73	19	3	1.00411e+06	5.65931e-05	0.3162	
10723	394	2994	20.2061	22.967	1806	18.7862	9	532	16	69	56	3	1.09508e+06	5.84283e-05	0.205	
10655	333	3015	17.4032	25.9366	1728	16.789	5	533	17	68	14	4	1.18826e+06	5.81801e-05	0.163	
11325	362	3029	22.488	26.2097	1851	14.0729	10	527	18	70	36	4	1.02589e+06	5.63666e-05	0.3141	
11400	395	2983	22.7568	22.4269	1845	16.2518	10	524	15	81	48	4	1.01116e+06	5.84454e-05	0.2973	
11312	378	2983	22.8134	26.9638	1719	17.4596	10	526	9	73	38	3	1.01116e+06	5.84454e-05	0.2973	
10950	385	2966	21.7228	27.3753	1886	16.7621	8	534	17	57	15	3	1.0366e+06	5.96837e-05	0.2201	
10962	384	2995	19.782	22.1401	1791	14.9263	7	535	3	58	70	3	1.10244e+06	5.57693e-05	0.2318	
10938	400	3034	21.1563	23.3164	1795	15.1195	9	534	3	60	18	5	1.06025e+06	5.48817e-05	0.2756	
11214	361	3009	22.4217	29.1561	1723	15.6644	6	528	17	66	67	4	1.03047e+06	6.19464e-05	0.2183	
10285	366	3003	23.3307	28.3758	1744	16.226	5	525	15	63	56	3	1.08571e+06	6.96573e-05	0.141	
10923	369	2982	17.5789	22.6762	1886	16.3533	7	534	18	59	15	3	1.15511e+06	5.29157e-05	0.2624	
10141	376	3042	17.6843	23.2998	1812	18.4694	6	531	5	56	19	5	1.20923e+06	5.97122e-05	0.1127	
11285	298	3004	19.3687	20.7999	1899	18.4335	5	532	20	55	14	4	1.16561e+06	4.97438e-05	0.3485	
10937	337	3014	17.5789	26.9744	1815	16.7621	7	534	17	57	13	3	1.15161e+06	5.70711e-05	0.1926	
10725	369	3021	19.507	22.5603	1714	14.5609	9	530	17	61	61	4	1.12354e+06	5.75606e-05	0.194	
11287	347	3030	17.1639	23.5842	1797	16.5601	7	535	6	66	36	5	1.16641e+06	5.19859e-05	0.2897	
10200	391	2979	23.5449	29.1684	1840	18.5077	6	511	12	59	51	4	1.07763e+06	7.12504e-05	0.1466	
10793	339	3046	15	21.0738	1749	17.7051	5	528	20	60	59	4	1.33794e+06	5.3749e-05	0.2236	
11125	337	2970	17.5789	25.5136	1815	15.637	7	535	17	57	4	3	1.14476e+06	5.44395e-05	0.2351	
11293	353	3040	19.507	22.5603	1714	14.5143	9	528	18	63	15	4	1.0967e+06	5.12952e-05	0.3501	
11102	390	3037	18.5088	22.9838	1795	16.1377	6	534	3	57	29	5	1.11861e+06	5.26399e-05	0.3046	
10837	381	3050	19.1411	22.4256	1781	17.8864	9	529	19	65	40	4	1.11661e+06	5.49451e-05	0.2406	
11331	319	3034	15.4966	21.2482	1804	16.4585	7	533	5	67	17	4	1.2757e+06	4.84051e-05	0.3744	
10898	335	2979	15.2572	22.3988	1734	15.3176	8	530	9	71	27	4	1.16687e+06	5.38677e-05	0.2487	
11028	374	2988	16.9094	24.7074	1869	15.1839	6	535	12	68	12	6	1.16687e+06	5.38677e-05	0.2487	
10091	311	3042	18.9674	25.9005	1724	18.4081	8	532	0	56	19	5	1.19402e+06	6.38937e-05	0.1032	
11209	361	3009	22.449	28.817	1763	15.6644	6	530	17	66	62	3	1.02892e+06	6.12557e-05	0.2213	
11473	321	3042	16.056	20	1772	15.008	7	517	6	57	20	3	1.26103e+06	4.68011e-05	0.4905	
11475	381	3019	15.4966	24.7845	1797	16.3119	7	535	6	66	30	5	1.14289e+06	6.53339e-05	0.1174	
10957	362	3025	22.0987	26.2146	1878	16.8337	9	525	4	64	50	5	1.14289e+06	6.53339e-05	0.1174	
10192	335	2954	19.8993	28.012	1854	17.9571	4	529	17	59	2	4	1.14289e+06	6.53339e-05	0.1174	
10587	397	3039	18.6164	26.8408	1851	17.3593	9	535	4	63	3	4	1.11598e+06	5.90842e-05	0.1705	
10111	362	2965	20.8001	25.9589	1774	18.2754	6	534	4	57	19	3	1.12608e+06	6.54365e-05	0.1129	
10837	383	3046	19.8681	24.9822	1817	18.9156	9	526	17	75	35	4	990676	5.99808e-05	0.2916	
11380	400	3027	22.8145	29.7597	1871	16.6552	10	524	15	74	19	3	990676	5.99808e-05	0.2916	
10587	392	3039	18.6164	26.9211	1843	18.5611	8	535	4	57	14	4	1.11839e+06	5.97193e-05	0.1475	
10200	400	2995	23.5449	29.4328	1833	18.5077	6	511	12	59	65	4	1.08088e+06	7.24008e-05	0.144	
11164	351	3043	23.067	20.314	1887	17.5244	10	529	6	76	14	4	1.07625e+06	5.17357e-05	0.386	
11197	333	2992	15.7467	21.8798	1758	15.3596	9	523	12	71	60	6	1.29965e+06	4.77487e-05	0.3913	
11400	397	3016	22.5682	26.5311	1734	16.6552	10	525	15	78	52	3	1.00689e+06	5.73066e-05	0.3132	
10587	372	3039	23.5492	26.9211	1788	17.4636	9	535	3	59	2	5	1.05027e+06	6.21929e-05	0.2016	
11480	396	3016	18.8815	21.5731	1852	16.6552	9	524	17	78	19	3	1.09215e+06	4.92927e-05	0.4264	
11209	361	3009	22.449	29.1561	1763	15.6644	6	528	17	66	54	3	1.02702e+06	6.13761e-05	0.2268	
10304	366	2987	23.3307	28.3757	1744	16.226	6	528	14	63	56	3	1.08227e+06	6.96427e-05	0.1413	
10655	307	3015	16.9773	25.9336	1794	15.693	5	531	18	68	10	4	1.22196e+06	5.75805e-05	0.1758	
11490	328	3001	15.4966	23.1258	1804	16.4585	7	534	5	66	8	4	1.24689e+06	4.9351e-05	0.3454	
11213	344	3024	15.2572	21.344	1780	15.1824	8	531	5	71	17	4	1.27259e+06	4.91521e-05	0.3533	
10857	348	2992	21.9927	29.9322	1755	16.736	6	526	20	59	9	3	1.0498e+06	6.35001e-05	0.1824	
10587	392	3039	18.6164	26.9211	1848	18.8464	8	535	7	59	8	4	1.11786e+06	5.94849e-05	0.1492	
11347	377	3040	17.8276	22.5603	1763	14.8189	10	526	17	64	72	4	1.13477e+06	5.23478e-05	0.3057	
11293	365	3014	19.1595	26.9368	1747	14.603	9	535	17	67	60	4	1.08069e+06	5.71919e-05	0.2286	
11247	391	3007	20.1169	25.138	1899	18.832	6	534	16	55	22	4	1.06058e+06	5.45375e-05	0.2948	
11070	384	2995	23.2891	22.1401	1791	18.4911	7	535	3	58	75	4	1.05404e+06	5.72672e-05	0.2661	
11016	390	3034	18.5088	20.8806	1792	15.7745	6	534	3	57	23	4	1.13306e+06	5.10908e-05	0.3117	
10448	398	2971	21.3106	27.3636	1820	18.4507	8	528	11	58	56	4	1.08476e+06	6.58545e-05	0.1435	
10722	371	3026	23.5162	28.0561	1878	18.1879	7	533	12	68	24	5	1.04478e+06	6.29723e-05	0.2015	
10587	400	2987	18.6164	25.6279	1874	17.0664	8	535	2	64	14	4	1.12053e+06	5.86958e-05	0.1897	
11493	396	3016	22.0841	28.7556	1742	16.6552	10	524	15	80	19	3	998886	5.84693e-05	0.303	
10776	283	2985	16.403	21.0738	1745	17.7051	5	528	20	58	55	4	1.29579e+06	5.46179e-05	0.2182	
10975	368	3040	16.9416	23.7221	1797	18.6787	6	526	15	65	38	5	1.18055e+06	5.41682e-05	0.2422	
11499	397	3016	18.6511	25.9485	1845	16.6552	10	524	15	73	19	3	1.06864e+06	5.33732e-05	0.3297	
11487	254	3004	17.9196	20.775	1899	18.1747	6	534	16	55	3	4	1.25473e+06	4.78126e-05	0.3844	
10200	391	2993	24.7075	28.3525	1827	18.2049	6	513	12	59	65	4	1.07656e+06	7.21761e-05	0.1482	
11107	344	3002	15.2572	21.6771	1734	17.7146	8	530	9	71	25	4	1.27364e+06	5.08776e-05	0.2949	
11066	385	3029	22.5901	27.6366	1851	14.0729	10	523	18	70	25	4	1.02306e+06	5.92768e-05	0.2775	
11293	353	3040	19.507	22.5603	1714	14.5143	7	528	18	63	13	4	1.10103e+06	5.12321e-05	0.3541	
11380	396	2984	22.8145	27.1836	1834	19	10	523	15	74	19	3	1.00003e+06	5.76502e-05	0.331	
11306	394	3005	20.2061	25.333	1798	18.0033	8	533	19	66	75	3	1.0571e+06	5.67279e-05	0.2419	
10917	400	3034	21.1563	22.6687	1795	15.1195	9	534	3	72	18	5	1.06628e+06	5.45167e-05	0.2935	
10337	400	2995	22.26	26.1687	1888	18.8132	8	534	12	65	28	3	1.07633e+06	6.42963e-05	0.1646	
10836	394	2982	18.5815	21.6145	1754	18.7203	9	535	19	69	51	4	1.13146e+06	5.56081e-05	0.2181	
10163	384	2974	22.3599	23.5502	1713	18.2754	6	530	4	57	19	3	1.10059e+06	6.35042e-05	0.1504	
11066	400	3038	21.4868	25.0762	1895	14	9	527	18	67	36	4	1.04227e+06	5.61735e-05	0.2759	
11229	380	2981	23.2601	29.7508	1749	17.757	6	527	5	64	29	6	1.01149e+06	6.22937e-05	0.2545	
10722	383	3026	22.6288	27.7352	1827	17.0635	6	535	7	68	37	6	1.05314e+06	6.26566e-05	0.1931	
11295	373	3016	21.7732	22.4399	1845	17.0537	4	530	12	66	37	3	1.063e+06	5.2843e-05	0.3387	
11216	378	2950	20.304	22.7989	1846	15.4405	9	531	20	85	42	4	1.07062e+06	5.39957e-05	0.328	
10734	386	3036	19.9003	22.6017	1856	16.7418	7	528	19	62	65	4	1.11327e+06	5.75772e-05	0.2026	
11381	396	2984	22.8145	28.8745	1849	16.6552	10	524	15	62	19	3	995049	5.95061e-05	0.3016	
11400	397	3016	17.7034	24.9421	1842	16.6552	10	524	15	73	19	3	1.10418e+06	5.24329e-05	0.3292	
10231	387	3020	20.8851	29.2237	1789	17.5397	6	524	1	55	12	3	1.09601e+06	6.65868e-05	0.1216	
10091	311	3050	18.9674	24.5417	1731	18.4081	8	532	0	56	19	5	1.1996e+06	6.23675e-05	0.1034	
10961	335	2994	15.7732	21.6771	1730	15.6399	8	535	9	61	23	4	1.25511e+06	5.16983e-05	0.263	
10257	340	3000	24.1798	28.3758	1744	16.1307	5	522	12	59	53	4	1.09061e+06	7.02938e-05	0.1349	
10923	328	2970	19.3558	22.8395	1865	16.7621	7	534	19	62	10	3	1.12862e+06	5.3888e-05	0.2564	
10837	399	3050	18.7445	22.4256	1841	17.9926	9	528	19	65	42	4	1.12156e+06	5.47375e-05	0.2459	
11301	400	3016	22.8144	23.4508	1845	16.3283	10	524	16	73	19	3	1.0194e+06	5.38387e-05	0.3574	
10587	392	3040	18.6164	26.9211	1843	18.5611	8	535	4	57	14	4	1.11841e+06	5.97086e-05	0.1475	
10837	381	3034	19.1485	24.1549	1810	18.9156	9	529	17	63	35	3	1.1052e+06	5.63984e-05	0.2206	
10748	311	3046	17.9084	20.7006	1765	18.4694	7	535	3	59	19	5	1.20865e+06	5.26011e-05	0.2618	
10804	385	3008	15.2572	21.6771	1730	15.1824	9	530	9	71	25	4	1.26816e+06	5.27148e-05	0.2423	
9984	353	3042	19.1183	22.4402	1757	18.4694	7	535	14	56	16	4	1.19562e+06	6.34639e-05	0.114	
11030	381	3050	15	21.6865	1774	17.3426	9	531	16	68	40	5	1.27958e+06	5.15092e-05	0.2604	
10179	340	3003	23.4771	28.3758	1738	15.9387	5	522	12	56	56	4	1.10496e+06	7.08968e-05	0.1169	
11293	369	3021	19.3544	23.4142	1714	14.5609	9	530	17	67	64	4	1.09283e+06	5.39287e-05	0.2867	
10723	394	3005	20.2061	25.0606	1798	18.854	5	532	7	66	42	3	1.08952e+06	5.91961e-05	0.1971	
10019	305	3045	19.6725	23.2948	1734	18.4694	8	527	19	56	19	5	1.19817e+06	6.32431e-05	0.1109	
11206	400	3009	21.0557	21.2228	1753	15.0802	9	523	4	70	57	3	1.25664e+06	4.69726e-05	0.4554	
11473	321	3042	16.056	20	1700	15.008	7	521	7	57	20	3	1.25664e+06	4.69726e-05	0.4554	
11500	355	2969	20.0576	22.7989	1846	16.0814	10	531	20	85	42	4	1.07507e+06	5.18914e-05	0.3806	
10893	390	2989	24.5362	29.9322	1728	14.594	7	519	19	67	16	4	1.0123e+06	6.49393e-05	0.2328	
10837	381	3050	19.5489	24.0151	1849	18.6029	9	526	14	63	35	4	1.09974e+06	5.6101e-05	0.245	
11190	364	3028	21.9484	21.8109	1801	14.9878	9	531	4	70	55	4	1.06528e+06	5.37172e-05	0.3312	
11164	371	3007	17.6591	22.5603	1763	14.9448	9	530	17	63	67	4	1.1492e+06	5.36625e-05	0.2609	
11395	383	3049	18.6981	22.9312	1846	17.4539	8	534	18	84	23	5	1.09954e+06	5.08233e-05	0.3685	
10734	383	2973	16.8803	24.8054	1856	18.6787	6	532	16	65	29	5	1.18331e+06	5.70907e-05	0.1862	
10723	394	2994	20.2061	22.967	1774	18.7862	9	532	16	69	56	3	1.09498e+06	5.85103e-05	0.2019	
11320	374	2988	16.8152	24.7074	1869	15.7455	6	535	12	68	12	6	1.15736e+06	5.22193e-05	0.2908	
11473	321	3042	16.056	20	1772	15.008	7	517	7	62	26	3	1.26129e+06	4.69704e-05	0.4881	
11042	390	3043	21.3631	27.6366	1854	14	10	531	18	69	41	4	1.03811e+06	5.92171e-05	0.2325	
10587	387	3039	20.0336	26.9211	1843	18.5611	8	532	4	57	14	4	1.08981e+06	6.03646e-05	0.1719	
10587	392	3028	17.2368	26.9211	1843	18.5611	8	535	5	59	8	4	1.16296e+06	5.89727e-05	0.156	
11293	353	3020	19.507	21.2524	1700	16.4354	9	531	18	65	42	4	1.10642e+06	5.13743e-05	0.3409	
11251	320	3035	18.7562	20.1018	1827	16.0403	5	533	5	75	26	4	1.17054e+06	4.93218e-05	0.3738	
10751	370	3040	16.9416	22.3039	1856	18.0724	6	526	16	60	29	5	1.20069e+06	5.38155e-05	0.2437	
10530	398	3039	19.0343	26.9211	1816	16.8758	8	533	4	63	9	5	1.1127e+06	6.00781e-05	0.1624	
10942	400	3050	21.6003	23.3164	1808	18.1949	9	535	0	60	33	5	1.05532e+06	5.56731e-05	0.2567	
10722	396	3026	23.6701	28.8326	1831	16.7059	7	535	7	68	22	6	1.03505e+06	6.38855e-05	0.1969	
10091	360	3042	18.9674	25.5088	1724	18.4081	8	532	18	56	33	5	1.17864e+06	6.4658e-05	0.1201	
10836	390	3004	18.5815	22.2884	1764	18.7203	9	532	19	69	51	4	1.1299e+06	5.58847e-05	0.2166	
11030	400	3050	15	21.6641	1807	17.3426	9	531	16	68	40	4	1.27013e+06	5.13901e-05	0.2632	
11068	400	2951	22.3187	28.3385	1761	16.1219	10	528	7	73	67	5	1.02247e+06	6.26449e-05	0.2244	
10729	381	3035	16.7677	22.4532	1805	18.0569	9	531	19	71	33	4	1.1953e+06	5.48005e-05	0.2071	
11380	396	3016	22.8145	28.7556	1852	16.6552	10	534	13	75	25	4	995657	5.89345e-05	0.2849	
10805	371	3014	16.9571	25.4011	1777	16.9489	8	535	7	65	37	5	1.17836e+06	5.7205e-05	0.1894	
10949	400	3004	20.2061	27.5103	1751	19	8	532	10	81	45	5	1.06165e+06	6.03792e-05	0.2035	
11216	378	2987	22.26	26.1687	1888	18.8132	8	534	7	62	23	4	1.02742e+06	5.70223e-05	0.2828	
11199	320	3035	15.1547	20.4781	1827	17.3889	6	533	11	71	35	4	1.30735e+06	4.91908e-05	0.3387	
11285	380	3027	19.2551	20.2062	1899	18.1747	6	532	13	55	52	4	1.12164e+06	5.03753e-05	0.3507	
11325	362	2986	22.488	25.0225	1851	14	10	527	18	70	36	4	1.03111e+06	5.56019e-05	0.3189	
10960	344	3029	15.2572	22.8643	1730	15.0293	7	534	9	71	19	4	1.27491e+06	5.22111e-05	0.245	
11076	354	3000	18.0149	24.9827	1833	15.499	10	535	9	58	2	4	1.12533e+06	5.39636e-05	0.263	
10792	381	3040	20.1463	21.9571	1808	18.0569	9	530	19	65	38	4	1.10056e+06	5.53159e-05	0.2401	
10592	308	3035	15.1547	20.1018	1827	18.2716	6	533	8	57	12	4	1.34869e+06	5.17706e-05	0.2514	
10923	336	2970	18.8708	27.678	1900	16.4972	8	534	19	56	2	3	1.1083e+06	5.83533e-05	0.1987	
11440	399	3026	21.8175	21.7451	1720	15.6874	7	524	14	69	41	6	1.0526e+06	5.18001e-05	0.4089	
10029	332	2978	21.3102	23.5502	1716	18.2754	6	530	4	57	17	3	1.14617e+06	6.4704e-05	0.1244	
10722	396	3026	23.6701	27.7352	1827	16.6154	7	535	7	68	37	4	1.03543e+06	6.32271e-05	0.1956	
11144	333	3030	16.6368	22.1176	1755	18.1296	7	531	15	76	23	4	1.20658e+06	5.11823e-05	0.309	
10777	333	3015	16.9773	25.9366	1759	16.789	6	534	17	68	15	3	1.19286e+06	5.70613e-05	0.1818	
11199	320	3023	15.5402	20.1018	1827	16.1147	7	535	4	64	34	4	1.28679e+06	4.88568e-05	0.3613	
11229	394	2992	23.9276	29.0129	1731	15.4696	7	530	12	58	9	6	1.0017e+06	6.1252e-05	0.2617	
10725	369	3021	19.507	22.5603	1714	14.5609	9	530	16	61	61	4	1.12349e+06	5.75473e-05	0.1953	
11215	337	3043	15.1547	20.1018	1836	15.0025	6	531	7	71	5	4	1.30152e+06	4.74091e-05	0.3988	
10599	344	3002	15.2572	22.3271	1727	15.8908	7	529	11	63	15	3	1.29763e+06	5.41917e-05	0.1961	
10837	381	3050	19.8681	28.0936	1817	17.7625	9	528	17	75	41	5	1.07929e+06	6.08273e-05	0.1914	
11498	400	2956	17.7827	21.8671	1856	15.2081	9	520	19	64	13	4	1.12189e+06	4.92854e-05	0.4376	
10804	341	3008	15.2572	27.3037	1730	18.085	8	530	9	70	25	4	1.00177e+06	5.82954e-05	0.3081	
11420	396	3028	22.0679	28.8745	1886	16.2094	10	524	15	73	19	3	1.00177e+06	5.82954e-05	0.3081	
10751	377	3040	16.9416	23.7221	1856	18.6787	7	526	15	65	31	5	1.18745e+06	5.53403e-05	0.2164	
10127	312	2954	19.8993	28.012	1830	17.9571	4	529	17	58	2	4	1.16221e+06	6.6107e-05	0.107	
10901	392	3025	22.6961	28.6802	1716	16.0498	8	525	17	56	19	5	1.02832e+06	6.2162e-05	0.2156	
10998	352	2994	16.7735	23.1423	1730	15.6399	5	535	10	61	8	4	1.1926e+06	5.25818e-05	0.2679	
11449	395	3016	22.8145	23.5751	1845	15.9093	10	524	12	73	19	3	1.01516e+06	5.31124e-05	0.372	
10506	374	3031	20.1805	29.6948	1795	14.386	5	528	5	64	13	4	1.09666e+06	6.40738e-05	0.1612	
10922	369	2998	24.5161	29.888	1853	16.5488	9	534	9	85	27	3	1.20108e+06	5.46299e-05	0.2195	
10751	368	3040	16.97	22.3039	1713	18.3239	6	526	15	65	36	5	1.20108e+06	5.46299e-05	0.2195	
10587	397	3039	18.6164	25.7617	1864	18.5611	8	535	4	64	23	4	1.1235e+06	5.88859e-05	0.1718	
10923	369	2972	17.0926	26.5498	1848	16.6857	8	534	17	55	12	6	1.15615e+06	5.68473e-05	0.1973	
10141	311	3042	17.6548	23.2998	1769	18.4694	6	530	5	56	19	5	1.24216e+06	5.97979e-05	0.1079	
10921	344	3001	15.6251	21.6771	1730	15.9836	8	530	9	71	25	4	1.11956e+06	5.93155e-05	0.1505	
10587	392	3039	18.6164	26.6445	1843	17.6418	8	535	8	59	13	4	1.11956e+06	5.93155e-05	0.1505	
10900	400	3050	21.054	23.3164	1808	18.1949	9	534	3	60	18	5	1.06432e+06	5.51025e-05	0.2596	
10878	400	2966	20.4025	24.872	1756	17.319	5	530	14	61	57	5	1.08212e+06	5.90667e-05	0.2001	
11208	400	3032	21.4868	27.6366	1880	14	10	527	19	68	41	4	1.02333e+06	5.81666e-05	0.2748	
10141	311	3042	17.4086	23.1061	1778	18.4694	6	528	5	56	19	5	1.2512e+06	5.94354e-05	0.1146	
11400	400	3016	22.8145	22.4269	1870	16.2518	10	525	15	73	31	3	1.024e+06	5.25597e-05	0.3938	
11264	391	3016	23.6373	26.0248	1816	16.6552	10	525	15	73	32	3	1.00466e+06	5.74086e-05	0.3121	
10200	393	2995	23.5449	29.4328	1840	18.5077	6	515	14	59	65	4	1.08358e+06	7.25058e-05	0.1394	
11068	366	3031	20.7547	22.0493	1818	19	9	524	17	58	42	3	1.08103e+06	5.38706e-05	0.3009	
10587	382	3039	22.2796	26.6445	1831	18.5611	8	535	8	59	13	4	1.05902e+06	6.13798e-05	0.1688	
11295	373	3020	22.8145	25.2039	1845	16.6552	10	520	18	73	26	3	1.0226e+06	5.56917e-05	0.3353	
11338	362	3022	22.488	26.2097	1851	14.0729	6	535	20	69	36	4	1.03191e+06	5.63126e-05	0.2893	
11380	396	3016	22.946	21.696	1852	16.6552	10	524	20	78	19	3	1.02934e+06	5.194e-05	0.419	
11215	336	3035	18.963	20.1018	1778	15.0387	5	515	6	71	13	4	1.1586e+06	4.9249e-05	0.4244	
10941	400	3023	17.6796	23.5397	1740	16.4347	9	529	15	71	16	5	1.13547e+06	5.38387e-05	0.2639	
11251	320	3035	20.0918	20.6746	1849	17.3889	5	533	5	77	26	3	1.13385e+06	5.03423e-05	0.3701	
11285	327	3023	19.985	20.2022	1899	18.5804	6	534	20	60	10	4	1.1349e+06	4.92951e-05	0.38	
10861	369	2970	17.5789	24.036	1900	16.7621	7	535	18	57	18	3	1.1496e+06	5.48516e-05	0.2204	
10978	400	3034	20.0129	23.3164	1795	15.7745	9	534	3	60	26	5	1.0777e+06	5.43242e-05	0.2759	
10917	337	3009	15	21.917	1730	16.1463	6	531	10	71	22	4	1.30643e+06	5.19022e-05	0.2565	
10917	337	3009	15	21.917	1730	16.1463	6	531	12	67	18	3	1.30349e+06	5.16823e-05	0.2578	
10837	381	3039	20.1463	22.4256	1808	17.8087	9	530	19	68	24	4	1.09326e+06	5.46866e-05	0.2523	
10836	394	3004	18.5815	22.2266	1754	17.986	9	532	19	69	56	4	1.13042e+06	5.60978e-05	0.213	
11199	367	3040	15.522	20.6068	1753	16.1147	7	533	4	70	48	4	1.25545e+06	4.99875e-05	0.3189	
11272	349	3042	16.8296	20.6783	1756	14.3266	6	531	15	58	9	3	1.1966e+06	4.82812e-05	0.3826	
11028	343	2987	16.9094	23.996	1869	15.1839	6	535	12	69	23	6	1.18752e+06	5.35963e-05	0.2505	
10837	381	3050	19.8681	25.4453	1817	18.1252	9	527	17	75	41	4	1.08719e+06	5.81125e-05	0.2278	
11405	371	3011	19.3222	25.2519	1900	14.9531	5	529	17	82	38	5	1.2891e+06	5.82479e-05	0.1134	
10225	307	3044	16.348	23.2998	1748	17.9959	7	529	17	55	14	5	1.2891e+06	5.82479e-05	0.1134	
10422	377	2999	16.1503	21.118	1737	16.3132	6	530	7	71	25	4	1.25861e+06	5.57631e-05	0.1944	
10722	371	3026	20.3439	28.0561	1836	16.7637	7	531	12	64	27	5	1.08157e+06	6.13234e-05	0.1735	
10893	354	3021	25	29.9322	1728	15.3862	7	532	17	73	16	4	1.02573e+06	6.48088e-05	0.2102	
10408	344	2969	19.1768	23.1434	1764	15.9352	7	530	12	60	24	5	1.1561e+06	5.88755e-05	0.1732	
11158	330	3035	15	20.1018	1801	17.3889	6	533	8	71	22	4	1.31393e+06	4.85743e-05	0.3655	
11209	387	3009	22.449	29.1561	1763	15.6644	6	535	16	66	19	3	1.01345e+06	6.04339e-05	0.2285	
11285	298	3010	19.3687	20.7999	1883	18.4335	7	532	20	55	14	4	1.16171e+06	4.97636e-05	0.3427	
11268	397	3027	20.1967	26.5311	1734	16.4079	8	525	15	73	8	4	1.04692e+06	5.58129e-05	0.2933	
11447	376	3043	20.1635	20.314	1878	18.0337	6	509	7	76	26	4	1.10628e+06	4.90196e-05	0.489	
11168	382	3016	22.8145	23.015	1845	17.1613	8	524	15	62	19	3	1.03851e+06	5.42564e-05	0.3445	
10349	342	3042	16.2756	20.3473	1756	15.142	5	527	17	57	22	5	1.28478e+06	5.47256e-05	0.1932	
10814	380	3024	25	29.2444	1819	19	7	532	10	63	51	4	1.02259e+06	6.58501e-05	0.177	
11400	397	3016	22.5084	25.8624	1845	16.9696	10	524	15	73	19	3	1.00632e+06	5.54785e-05	0.3445	
11153	400	3044	23.3184	27.615	1767	15.5546	6	528	3	66	54	4	1.11706e+06	5.00726e-05	0.3775	
11285	327	3023	20.5902	20.775	1899	18.5804	7	534	16	62	11	4	1.11706e+06	5.00726e-05	0.3775	
10887	390	3034	17.8799	20.8806	1792	15.7745	6	534	3	57	21	5	1.15913e+06	5.15889e-05	0.291	
10871	400	3008	22.26	26.1687	1888	18.8132	8	534	12	65	28	3	1.03733e+06	5.93577e-05	0.2177	
11090	387	2974	25	29.7508	1785	17.9572	6	527	9	58	10	6	1.00281e+06	6.38407e-05	0.25	
11295	373	3016	21.7732	22.4399	1845	17.0537	4	530	12	66	67	3	1.06547e+06	5.40394e-05	0.3269	
10873	369	2970	18.7776	27.3753	1886	16.7621	8	534	16	56	16	5	1.10194e+06	5.88339e-05	0.1839	
11381	400	3038	21.5275	23.0738	1843	15.2073	9	522	15	65	13	5	1.04211e+06	5.19832e-05	0.3681	
10587	397	3039	18.6164	26.8408	1864	18.5611	9	535	4	64	7	4	1.11646e+06	5.93014e-05	0.1687	
11206	378	3035	22.4707	26.8841	1749	15.2035	7	531	5	66	56	4	1.02893e+06	5.86613e-05	0.2688	
10914	326	2994	15.1149	21.6771	1786	15.2876	8	530	8	71	42	4	1.1619e+06	6.43211e-05	0.1264	
11045	385	3043	21.108	27.6366	1850	14.1591	8	527	18	68	41	4	1.1619e+06	6.43211e-05	0.1264	
10192	335	3050	19.027	28.2766	1854	17.798	6	529	14	60	7	4	1.1619e+06	6.43211e-05	0.1264	
11115	369	2970	17.7727	27.3753	1886	16.56	6	528	11	80	18	4	1.0116e+06	6.19502e-05	0.2443	
11330	361	2962	22.8964	29.9774	1752	15.8327	8	529	13	61	33	5	1.0116e+06	6.19502e-05	0.2443	
11308	400	2998	19.3912	26.8408	1817	18.5611	9	533	3	67	19	3	1.05376e+06	5.5869e-05	0.2684	
10837	381	3040	20.1463	22.4256	1808	18.0569	9	531	19	69	33	4	1.09429e+06	5.51298e-05	0.2456	
11102	390	3037	18.5088	22.9838	1795	16.1377	7	532	7	57	29	5	1.11601e+06	5.26621e-05	0.3078	
10617	269	3011	16.6904	24.7869	1759	15.606	6	529	17	68	10	4	1.27552e+06	5.66604e-05	0.1776	
11125	338	2970	17.5789	25.5136	1829	15.7607	7	535	17	57	4	3	1.14387e+06	5.4401e-05	0.2374	
10604	382	2976	20.0407	28.4784	1874	18.1797	7	533	11	66	40	4	1.09022e+06	6.38081e-05	0.1639	
11302	370	2953	20.9375	25.0163	1793	14.9267	7	531	10	57	4	5	1.05283e+06	5.46956e-05	0.3211	
10945	400	3034	22.5617	23.3578	1788	15.7745	5	534	7	60	18	5	1.05236e+06	5.57351e-05	0.2802	
10055	328	3042	19.1183	22.4402	1764	18.4694	7	527	13	56	13	5	1.19619e+06	6.07054e-05	0.128	
10950	385	2992	22.0318	27.3753	1886	16.7621	8	532	19	57	15	3	1.03329e+06	5.95912e-05	0.2228	
11500	339	3050	19.1834	22.6588	1846	17.9321	8	535	18	85	23	5	1.11016e+06	5.02134e-05	0.3819	
10587	400	3039	19.0343	26.9211	1816	16.8758	8	533	4	64	9	5	1.108e+06	5.96588e-05	0.1707	
10923	369	2970	17.5789	27.3753	1859	16.6857	7	534	17	57	12	6	1.13785e+06	5.79643e-05	0.1938	
10837	396	3023	23.6701	27.2184	1855	16.8633	8	535	7	68	43	6	1.03033e+06	6.20309e-05	0.2105	
11201	385	3029	20.8743	27.6366	1839	17.1705	10	527	18	63	35	5	1.03871e+06	5.80821e-05	0.2518	
10577	356	3002	19.3223	21.9184	1758	16.2732	6	528	17	55	62	6	1.15854e+06	5.83942e-05	0.1648	
10363	342	3003	20.9186	28.3758	1716	15.7124	6	525	11	55	40	4	1.11077e+06	6.61989e-05	0.1211	
11381	382	3023	15.4121	21.8671	1841	15.2081	9	529	18	62	6	5	1.23338e+06	4.83232e-05	0.3747	
11073	392	2992	20.2087	27.5987	1837	15.3967	8	535	17	61	21	3	1.04922e+06	5.83431e-05	0.2151	
11033	385	3043	17.3101	24.6236	1759	18.5119	7	528	17	65	22	4	1.14519e+06	5.42152e-05	0.2396	
10742	379	2973	17.6345	24.8054	1856	18.6787	6	530	16	65	28	5	1.15522e+06	5.72115e-05	0.1924	
10596	382	3039	19.4847	26.9211	1816	17.7434	8	535	4	64	14	4	1.10231e+06	6.00456e-05	0.1658	
11233	337	3002	15	21.6771	1738	15.2472	9	532	9	71	18	4	1.28636e+06	4.96303e-05	0.3187	
11400	395	3016	22.8145	22.4269	1845	16.5406	10	524	15	73	19	3	1.02541e+06	5.2356e-05	0.3973	
11215	336	3035	16.1336	22.9769	1795	18.0797	6	533	6	71	13	4	1.22034e+06	5.07769e-05	0.3078	
10332	311	3042	17.9084	24.2917	1806	18.4694	6	527	3	55	19	5	1.21307e+06	5.89032e-05	0.1456	
11100	287	3030	16.773	23.2764	1820	14.8831	10	533	18	56	49	4	1.23308e+06	5.31773e-05	0.24	
11171	398	3001	21.528	20.9861	1889	16.1777	5	529	17	67	55	3	1.07319e+06	5.3118e-05	0.3319	
11216	378	2950	20.0576	22.7989	1767	15.4405	9	533	20	85	42	3	1.07164e+06	5.40716e-05	0.3231	
11228	331	3015	22.2303	22.3213	1782	16.1298	10	531	14	75	39	4	1.07125e+06	5.37346e-05	0.3256	
10655	333	3015	17.4032	25.9366	1759	16.789	5	529	17	68	14	4	1.18749e+06	5.80417e-05	0.1728	
11331	400	3034	15.4966	21.2482	1804	16.2891	7	533	5	62	22	4	1.22998e+06	4.8499e-05	0.3721	
11110	330	3045	19.8653	20.775	1837	18.5804	7	534	16	67	10	4	1.1293e+06	5.07074e-05	0.3285	
10587	392	3039	18.6164	26.6445	1843	17.3436	8	535	8	59	13	4	1.11961e+06	5.92909e-05	0.1513	
11209	361	3009	22.449	28.817	1780	15.6644	6	530	17	66	62	3	1.02888e+06	6.12033e-05	0.2224	
11247	381	3004	20.1169	25.138	1882	18.832	5	535	16	55	22	4	1.06624e+06	5.4609e-05	0.2901	
11300	398	3001	21.1326	20.9861	1900	15.2177	5	528	18	67	55	3	1.07574e+06	5.19642e-05	0.3507	
11285	327	3023	21.3206	20.8939	1896	18.5804	6	534	16	55	10	4	1.10495e+06	5.05306e-05	0.3749	
11412	400	3016	22.8145	26.5861	1852	17.0209	10	524	15	73	19	3	999100	5.63444e-05	0.34	
10519	345	2987	20.3236	29.0942	1708	15.4708	6	530	17	59	24	4	1.10322e+06	6.4792e-05	0.1249	
11093	383	3023	15.2572	21.0263	1730	15.1824	6	530	11	68	40	4	1.26739e+06	5.06483e-05	0.2964	
10808	344	3002	15.2572	22.3271	1732	14.689	7	530	9	72	20	4	1.2869e+06	5.30279e-05	0.2383	
11102	385	3037	18.5088	22.9838	1795	16.1377	6	530	3	57	29	5	1.12197e+06	5.26288e-05	0.3205	
11195	348	3043	25	29.9566	1719	18.4936	7	527	17	55	47	5	1.01486e+06	6.39059e-05	0.2264	
11285	298	3004	17.9631	20.7999	1899	18.4335	5	534	20	55	27	4	1.19898e+06	4.9581e-05	0.3456	
10881	320	3028	16.5603	20	1845	18.0973	6	535	9	57	13	4	1.25057e+06	5.02311e-05	0.3023	
10837	381	3047	19.8681	24.6295	1817	17.7625	7	528	18	66	45	4	1.09443e+06	5.73822e-05	0.2184	
11325	362	3029	22.488	24.8077	1851	14.3779	10	527	18	70	26	4	1.03247e+06	5.47375e-05	0.3236	
10596	356	2979	19.3558	21.9244	1758	18.2158	6	528	15	61	62	6	1.1557e+06	5.86889e-05	0.1782	
11285	380	3004	19.2551	20.775	1899	17.483	6	535	16	55	52	4	1.11441e+06	5.09944e-05	0.3292	
10896	383	3034	18.9648	22.9838	1796	15.8089	5	534	7	57	29	5	1.12186e+06	5.42005e-05	0.2536	
10729	400	3029	20.0575	21.9715	1790	18.0569	9	531	19	69	42	4	1.09997e+06	5.62303e-05	0.2279	
11216	392	2950	20.0576	22.7989	1846	15.4405	9	531	20	85	36	4	1.06929e+06	5.36337e-05	0.3295	
11229	378	2981	25	29.7508	1754	15.7758	6	527	7	64	11	6	1.00082e+06	6.28733e-05	0.2741	
11263	381	3004	24.4272	25.138	1807	19	5	534	16	55	22	4	1.01582e+06	5.72082e-05	0.2856	
10923	336	2970	18.8708	25.1109	1709	16.4972	6	534	18	56	8	3	1.1238e+06	5.6262e-05	0.2198	
10643	400	2974	22.9358	25.845	1811	18.1933	8	523	9	57	62	4	1.0515e+06	6.35647e-05	0.182	
11016	390	3034	17.8799	20.1845	1792	15.7745	6	534	3	59	21	5	1.15912e+06	5.02134e-05	0.3243	
10837	381	3050	19.8681	24.6295	1817	17.7625	9	528	17	65	32	4	1.08929e+06	5.67505e-05	0.2317	
10771	369	3042	24.758	29.9848	1708	17.4472	6	528	5	69	22	4	1.02998e+06	6.56944e-05	0.207	
11251	320	3035	18.8012	20	1849	17.3889	5	533	5	77	26	3	1.1655e+06	4.92854e-05	0.3746	
10524	392	2982	18.9181	22.6762	1886	16.3533	7	534	18	59	9	3	1.13071e+06	5.62398e-05	0.1976	
11293	365	3017	19.1595	24.1398	1725	14.5609	9	532	17	67	55	4	1.09308e+06	5.41536e-05	0.276	
11400	395	2983	22.7568	24.0678	1768	16.2518	10	524	15	81	53	4	1.01514e+06	5.5273e-05	0.3723	
10587	373	3037	19.4847	23.8853	1816	18.5611	8	535	4	64	14	4	1.11804e+06	5.70972e-05	0.2001	
11264	400	3018	17.3589	20	1868	15.3191	6	529	12	61	7	3	1.16215e+06	4.7895e-05	0.3842	
10332	293	2986	16.9511	22.7994	1837	18.2989	6	527	3	55	19	5	1.26755e+06	5.75142e-05	0.1677	
11188	340	3035	15.1547	20.1018	1827	14.6778	5	533	5	71	34	4	1.30268e+06	4.86997e-05	0.3642	
10573	369	2974	17.5789	27.3753	1886	16.7621	7	535	16	55	18	3	1.15722e+06	6.05364e-05	0.1408	
10797	287	3030	15.7875	21.7158	1820	16.1587	10	498	18	56	49	4	1.14483e+06	4.84943e-05	0.4891	
11500	321	3041	19.1637	20.6783	1772	15.008	7	515	5	70	20	3	1.14483e+06	4.84943e-05	0.4891	
11395	400	3049	17.5646	22.6332	1887	16.6607	8	532	7	85	31	6	1.0906e+06	7.03482e-05	0.1243	
10257	340	3005	24.1798	28.3758	1720	16.0245	5	524	12	57	53	4	1.0906e+06	7.03482e-05	0.1243	
10938	400	3034	21.1563	23.3164	1795	15.1195	10	534	3	60	26	5	1.05982e+06	5.51815e-05	0.2687	
10921	362	3002	20.084	20.6738	1750	15.1824	8	530	9	71	25	4	1.11169e+06	5.29073e-05	0.3142	
10878	394	2966	21.2287	23.9647	1815	17.319	5	531	16	61	57	5	1.07395e+06	5.84898e-05	0.2131	
11380	392	3023	20.8065	21.5731	1793	16.6552	10	525	15	83	19	3	1.05953e+06	5.08259e-05	0.3912	
11206	378	2965	21.8958	25.6626	1751	16.9386	9	534	5	66	56	3	1.0322e+06	5.79576e-05	0.2689	
10941	400	3020	17.6796	25.1368	1740	16.4347	9	535	15	74	32	5	1.12933e+06	5.61798e-05	0.2064	
10837	381	3050	19.6223	24.6295	1817	17.7625	9	528	16	66	39	4	1.0954e+06	5.69541e-05	0.2267	
10813	361	3009	22.449	26.8657	1763	15.6644	6	529	17	59	54	3	1.05508e+06	6.19233e-05	0.1842	
10587	392	3039	18.6164	26.6445	1843	18.5611	8	535	8	58	13	4	1.11926e+06	5.94001e-05	0.1461	
11295	341	3016	21.7732	22.4399	1832	17.1214	4	533	14	66	26	3	1.07775e+06	5.25486e-05	0.3366	
10410	365	3035	16.8569	22.2095	1709	17.0434	6	519	18	64	25	5	1.22872e+06	5.65867e-05	0.187	
10141	351	3042	17.9084	21.9928	1778	18.4694	5	530	5	56	19	5	1.21985e+06	5.86579e-05	0.1396	
10878	390	2963	19.8653	23.9647	1700	17.319	7	528	14	56	57	5	1.09598e+06	5.81429e-05	0.2093	
11293	377	3031	17.6591	22.5603	1763	15.4834	10	526	17	63	72	4	1.1429e+06	5.28178e-05	0.2915	
10341	363	2975	21.5171	29.5513	1709	16.6532	6	517	14	61	26	4	1.08885e+06	6.77507e-05	0.1359	
10549	320	3035	15.1547	20.269	1832	16.7698	5	533	4	73	28	4	1.34702e+06	5.33817e-05	0.2328	
11102	390	3037	18.5088	22.6107	1826	15.3792	6	534	3	60	35	5	1.1221e+06	5.23999e-05	0.3041	
10396	400	3023	21.9445	29.1758	1708	14.9713	4	514	15	61	45	4	1.07759e+06	6.72857e-05	0.1513	
10837	379	3039	21.1825	23.4515	1826	18.0569	8	530	16	69	33	5	1.07679e+06	5.65227e-05	0.2438	
10426	392	3039	18.6164	26.9211	1843	18.5611	8	535	4	57	8	5	1.13127e+06	6.07497e-05	0.1268	
10908	348	2989	24.5195	29.9322	1784	16.7075	6	528	15	62	8	3	1.02748e+06	6.45286e-05	0.2165	
11341	380	3004	19.2551	21.1353	1899	18.1747	6	532	16	55	40	4	1.10744e+06	5.04796e-05	0.3503	
10903	328	2972	19.3558	20	1794	16.7621	7	535	19	65	15	3	1.14991e+06	5.19967e-05	0.2935	
10921	383	3002	16.1335	21.6771	1730	15.6399	6	535	7	70	25	4	1.21833e+06	5.22111e-05	0.266	
11289	378	3000	22.8134	26.9638	1719	17.4596	10	528	9	69	38	3	1.01229e+06	5.84215e-05	0.2864	
11272	385	3042	17.9208	20.6783	1756	15.37	6	517	15	58	9	3	1.14483e+06	4.87924e-05	0.4293	
11272	377	3042	20.8787	20.2933	1756	14.909	6	517	15	58	9	3	1.08987e+06	4.98455e-05	0.4285	
11061	368	3050	16.659	20	1782	16.7806	7	525	16	63	4	4	1.21118e+06	4.87543e-05	0.3661	
10825	390	3034	19.4812	22.4628	1806	16.7717	6	534	-0	63	29	5	1.11178e+06	5.44959e-05	0.2574	
11306	395	2983	22.7568	22.4269	1845	16.9706	10	524	13	55	47	4	1.03271e+06	5.40921e-05	0.3525	
11016	390	3034	21.5163	22.9838	1795	15.7745	5	535	4	55	29	4	1.06484e+06	5.46388e-05	0.2749	
11062	345	3037	15.7467	20.3057	1829	17.0922	9	530	15	58	62	6	1.2705e+06	5.13743e-05	0.2804	
11500	377	3016	23.2756	22.4269	1845	16.9643	10	524	15	72	19	3	1.02544e+06	5.20996e-05	0.4124	
11325	396	3023	22.488	26.7187	1851	14.0729	10	527	18	70	36	4	1.00905e+06	5.69541e-05	0.3131	
10587	373	3039	19.4847	27.2027	1816	14.9843	8	535	12	64	14	4	1.10562e+06	6.03464e-05	0.1606	
10565	362	2965	21.3102	23.5502	1736	17.7651	6	530	4	57	19	3	1.09055e+06	5.89831e-05	0.2049	
11214	361	3009	22.4217	29.1561	1723	15.6644	6	534	17	66	67	4	1.03057e+06	6.19732e-05	0.202	
10591	379	3042	24.758	29.8201	1708	17.3055	6	527	5	62	34	4	1.03927e+06	6.75356e-05	0.1697	
11001	335	2994	16.1335	21.6771	1730	16.5199	8	535	9	61	7	4	1.23406e+06	5.10152e-05	0.2935	
10019	387	3042	18.1198	22.7808	1757	15.3258	7	530	6	56	17	5	1.20496e+06	6.14931e-05	0.12	
10950	385	2966	21.7228	27.3753	1871	16.7621	10	534	17	57	15	3	1.03427e+06	5.97479e-05	0.2209	
11000	350	3035	15	20.1018	1846	18.8232	6	531	9	69	13	4	1.30695e+06	4.9157e-05	0.3505	
10257	342	3003	23.3307	28.3758	1744	16.7243	7	525	13	59	19	4	1.08738e+06	6.77782e-05	0.1398	
11449	395	3012	22.8145	23.5751	1827	16.0146	10	524	12	75	19	3	1.01663e+06	5.32056e-05	0.3712	
10817	382	3021	19.8681	27.9457	1802	16.6675	9	528	19	73	45	4	1.07924e+06	6.12895e-05	0.1856	
10910	292	2979	16.7328	21.3922	1796	15.4429	6	515	6	68	2	4	1.1774e+06	5.20752e-05	0.2743	
11028	374	3048	16.9094	23.385	1869	15.1807	6	535	11	61	15	6	1.1774e+06	5.20752e-05	0.2743	
10125	311	3042	18.7199	23.2998	1757	18.0511	7	527	3	56	19	5	1.20892e+06	6.04339e-05	0.1329	
10751	400	2973	16.8068	24.8054	1856	18.6787	6	530	16	65	29	5	1.17938e+06	5.6912e-05	0.1942	
11171	398	3001	19.6634	20.5844	1889	15.8161	5	526	18	67	7	3	1.10285e+06	5.00501e-05	0.399	
11016	400	3034	20.612	23.3578	1795	15.7745	5	533	6	60	17	4	1.07175e+06	5.40716e-05	0.2821	
11381	400	2956	17.7827	21.8671	1856	15.2081	8	520	19	64	13	5	1.12929e+06	4.98679e-05	0.4122	
11400	391	3016	22.6639	26.0248	1784	16.6552	10	525	16	73	32	3	1.00664e+06	5.61514e-05	0.332	
10234	380	3000	20.9186	28.4485	1716	16.1307	6	525	11	55	36	4	1.10715e+06	6.74536e-05	0.1098	
10893	390	2989	25	29.9322	1728	14.594	7	519	19	67	16	4	1.00978e+06	6.52699e-05	0.2317	
10337	400	2987	22.26	26.1687	1888	18.8392	8	534	11	65	47	4	1.08245e+06	6.56426e-05	0.158	
11400	391	3002	23.5832	27.7319	1804	16.3304	10	525	20	73	32	3	992524	5.85652e-05	0.3129	
10873	369	2960	21.7228	27.3753	1886	18.8657	8	535	17	60	16	5	1.05103e+06	6.0529e-05	0.2016	
10192	330	3050	17.8926	26.9376	1857	17.9571	4	529	18	59	7	4	1.20402e+06	6.22665e-05	0.1177	
10751	394	3040	16.9416	23.6958	1856	17.7452	7	526	16	65	27	5	1.18053e+06	5.50479e-05	0.2201	
11494	366	3041	19.1637	20.9483	1752	15.008	7	518	12	57	20	3	1.11164e+06	4.87353e-05	0.4601	
11500	396	3016	22.8145	28.7556	1834	16.6552	10	524	15	73	36	4	993785	5.86992e-05	0.3149	
11435	243	3025	16.348	20	1748	18.2197	7	528	16	56	8	5	1.34068e+06	4.73328e-05	0.4203	
11447	376	3043	20.1847	20.314	1878	17.8754	7	505	7	75	26	4	1.10603e+06	4.90653e-05	0.4991	
10200	391	2995	23.5449	29.4328	1840	18.5077	6	512	12	59	65	4	1.08307e+06	7.24061e-05	0.1436	
10062	308	3040	18.1198	24.9582	1757	18.3711	7	527	3	55	19	5	1.22667e+06	6.27392e-05	0.1044	
10699	283	3046	15	21.0738	1749	17.7051	5	528	20	60	59	4	1.38788e+06	5.45227e-05	0.2106	
10200	391	2996	23.5449	28.3525	1827	18.5077	6	511	12	59	65	4	1.08508e+06	7.12048e-05	0.1426	
10225	243	3025	16.348	23.2998	1748	17.0386	7	527	17	56	18	5	1.35686e+06	5.85892e-05	0.122	
11416	400	3041	16.3829	20.6108	1708	16.0091	6	513	10	62	11	4	1.20077e+06	4.77601e-05	0.4656	
11241	342	3003	19.5321	27.3753	1886	15.8544	9	535	6	75	18	3	1.11894e+06	5.04363e-05	0.4846	
10213	373	3028	24.468	28.8463	1710	18.4296	9	509	2	62	69	3	1.07853e+06	7.23327e-05	0.1531	
10225	237	3025	16.348	23.2998	1748	17.9959	7	527	16	56	14	5	1.36493e+06	5.84249e-05	0.1185	
10202	336	3035	15	20.1018	1836	15.0387	6	533	7	71	18	4	1.37444e+06	5.56576e-05	0.1961	
10877	320	3035	15.1547	20.123	1842	17.5367	6	532	8	57	11	4	1.32396e+06	4.96623e-05	0.321	
11240	395	3014	19.0711	20.2608	1716	18.9833	8	509	2	79	27	5	1.11894e+06	5.04363e-05	0.4846	
10699	283	3046	15	21.0738	1749	18.0526	8	528	20	60	59	4	1.38255e+06	5.46359e-05	0.2093	
10325	351	2961	22.16	29.2338	1767	16.2534	8	530	11	64	26	5	1.08897e+06	6.81013e-05	0.1452	
10257	339	3021	24.1798	28.3758	1743	16.1307	7	522	15	62	54	4	1.09051e+06	7.02001e-05	0.1434	
10989	337	3002	15	22.3465	1741	15.3802	8	530	8	71	27	4	1.08666e+06	6.89988e-05	0.1459	
11416	369	3041	16.0792	21.0845	1709	14.3126	7	513	10	62	11	4	1.22163e+06	4.79731e-05	0.4553	
10257	342	3003	23.3307	28.3758	1744	16.1307	5	525	12	59	53	4	1.09765e+06	6.96767e-05	0.1282	
10252	391	3039	22.5577	29.4328	1840	18.5077	6	511	16	57	65	4	1.08809e+06	7.05667e-05	0.144	
11164	375	3043	19.3705	20.314	1873	16.8378	6	509	6	75	17	4	1.12994e+06	4.98331e-05	0.4486	
11272	321	3042	15.954	20.6783	1858	15.008	7	517	15	57	18	3	1.2628e+06	4.80469e-05	0.4358	
10257	328	3031	23.3307	26.591	1764	17.196	5	524	17	60	44	4	1.10629e+06	6.69254e-05	0.142	
11473	321	3042	15.954	20.6783	1772	15.008	7	517	15	57	20	3	1.25621e+06	4.73462e-05	0.4628	
10039	300	2977	20.8851	29.2237	1789	17.5397	6	523	1	55	7	3	1.15117e+06	6.93337e-05	0.1099	
11251	320	3035	16.3806	20.1018	1827	17.3889	5	533	5	69	26	4	1.24925e+06	4.84731e-05	0.3925	
11164	376	3042	20.4654	20.314	1873	17.5244	7	520	7	75	26	4	1.10289e+06	5.06483e-05	0.4398	
11287	347	3012	17.1639	23.5842	1797	16.2339	8	535	6	66	25	5	1.16245e+06	5.17625e-05	0.2981	
11452	399	2962	16.9094	22.8474	1871	15.3191	8	529	12	76	7	3	1.14221e+06	4.98927e-05	0.4056	
11331	322	3036	15.4966	21.2482	1804	16.4585	7	530	13	67	17	4	1.27335e+06	4.84144e-05	0.3757	
11272	321	3042	16.328	20.6783	1756	15.0519	6	517	15	56	9	3	1.24526e+06	4.81765e-05	0.431	
11373	321	3041	19.1637	20.6783	1772	15.008	7	515	5	70	20	3	1.14889e+06	4.91039e-05	0.4606	
11272	321	3036	15.954	20.0308	1732	14.3149	7	520	15	56	20	3	1.26468e+06	4.7895e-05	0.4239	
11500	394	2980	17.8489	21.7151	1795	15.1198	10	520	15	63	41	4	1.12551e+06	4.98629e-05	0.4269	
10289	362	3005	23.3307	24.4215	1764	17.5617	5	525	12	60	53	4	1.09714e+06	6.52742e-05	0.1556	
11500	377	3016	23.2756	22.4269	1845	17.3044	10	524	15	73	19	3	1.02544e+06	5.21159e-05	0.4124	
10587	373	3046	18.9908	26.9211	1816	18.5611	7	535	4	64	4	4	1.11749e+06	5.94707e-05	0.1625	
11061	368	3050	17.938	20	1856	17.3953	7	523	17	66	31	4	1.16902e+06	5.01278e-05	0.3462	
11372	330	3035	17.1114	20.1018	1827	15.0387	6	533	11	71	34	4	1.20488e+06	4.82183e-05	0.4024	
10285	366	3003	22.4951	28.3758	1744	16.226	5	525	19	63	56	3	1.09406e+06	6.91898e-05	0.1397	
11215	320	3035	15.1547	20.1018	1827	15.0387	6	533	4	71	34	4	1.31293e+06	4.85791e-05	0.3723	
11164	375	3043	19.6135	20.314	1857	16.8378	5	516	6	75	10	3	1.12047e+06	4.97364e-05	0.4496	
10019	305	3045	19.6725	22.9423	1734	18.4694	5	527	7	56	19	5	1.20419e+06	6.26135e-05	0.12	
10585	369	2985	23.5377	29.1217	1725	16.3822	5	515	20	59	38	4	1.05209e+06	6.66711e-05	0.1796	
10192	335	2995	17.8926	28.012	1797	18.4891	4	529	14	59	2	4	1.19708e+06	6.4e-05	0.1138	
10646	380	3028	25	29.2444	1819	19	7	519	12	63	51	4	1.03384e+06	6.72631e-05	0.1874	
11416	369	3041	15.985	20.6108	1709	14.6539	7	513	10	62	11	4	1.23016e+06	4.75443e-05	0.4628	
10192	394	2964	19.2013	29.2573	1854	16.7108	5	535	14	56	7	4	1.13372e+06	6.65513e-05	0.1133	
10257	328	3031	23.3307	26.591	1764	17.196	5	524	17	60	51	4	1.1082e+06	6.74036e-05	0.1359	
10218	311	3050	18.7404	23.1061	1771	18.4694	6	524	5	57	20	3	1.19874e+06	5.91926e-05	0.159	
11416	377	3041	16.3829	20.6108	1708	14.6539	7	513	10	62	11	4	1.20826e+06	4.76804e-05	0.462	
11224	362	3020	22.0601	21.9367	1845	16.5475	9	520	16	73	28	3	1.0607e+06	5.27259e-05	0.3876	
11500	307	3012	22.8689	21.5731	1852	16.6552	10	525	17	83	19	3	1.08503e+06	5.12033e-05	0.431	
10019	387	3042	18.1198	22.1687	1757	15.6065	7	527	6	56	17	5	1.2065e+06	6.08384e-05	0.1317	
11380	370	3016	22.946	21.5994	1852	17.4552	10	524	20	78	21	3	1.04161e+06	5.19427e-05	0.4205	
10192	358	2954	17.8926	29.2573	1854	18.9604	8	532	14	56	7	4	1.17766e+06	6.62208e-05	0.1187	
10341	345	2975	21.5171	29.5513	1709	16.6532	6	514	11	62	26	4	1.09592e+06	6.76727e-05	0.1486	
10257	340	2986	24.1798	28.3758	1743	16.1307	5	522	15	59	53	4	1.09037e+06	7.05169e-05	0.1317	
10325	400	2975	22.26	27.3636	1853	18.3846	7	534	6	65	11	4	1.07586e+06	6.49899e-05	0.1696	
11001	300	3011	15.2572	21.0375	1730	16.1437	8	530	7	62	28	4	1.31794e+06	5.08259e-05	0.2966	
11137	306	3035	18.7562	20.1018	1827	17.3889	5	533	11	74	28	4	1.18461e+06	5.02058e-05	0.3434	
11215	336	3035	15.5957	20.1018	1836	15.0303	6	532	7	69	13	4	1.27532e+06	4.78149e-05	0.3901	
11209	377	3009	23.7172	29.1561	1798	15.1169	6	525	15	72	67	5	1.01432e+06	6.23286e-05	0.2536	
10257	328	3005	23.3036	26.6602	1764	17.196	5	528	12	60	53	4	1.10853e+06	6.79117e-05	0.1333	
10193	328	3026	19.6744	22.1667	1715	16.3035	10	529	17	59	39	5	1.17532e+06	6.10501e-05	0.134	
10901	343	3025	22.6961	23.2571	1709	16.2347	10	525	17	56	2	3	1.06245e+06	5.59785e-05	0.2853	
10646	339	2992	23.0996	25.2674	1819	17.8843	6	525	13	59	72	4	1.08123e+06	6.3484e-05	0.1773	
10865	292	3004	18.8097	21.3435	1785	17.1998	9	532	9	68	32	4	1.18394e+06	5.36049e-05	0.276	
10823	374	2987	16.9094	24.1282	1872	14.5396	7	527	14	61	7	6	1.18033e+06	5.43095e-05	0.2548	
10192	339	2954	17.8926	29.2573	1855	18.9604	5	532	14	55	7	4	1.18895e+06	6.61376e-05	0.1095	
10269	342	3020	15.7759	22.6732	1785	15.0088	7	521	7	55	31	4	1.29827e+06	5.77034e-05	0.1705	
11293	324	3013	16.7715	22.5603	1718	14.9448	9	530	16	67	67	4	1.20192e+06	5.25514e-05	0.2879	
11373	321	3041	19.1637	20.6783	1827	15.008	8	515	6	70	20	4	1.15091e+06	4.8986e-05	0.4397	
10125	311	3040	18.1198	23.2998	1757	18.0511	7	527	3	56	24	5	1.22793e+06	6.04705e-05	0.118	
10921	357	3002	15.2572	23.2079	1791	15.725	8	528	8	75	25	4	1.26719e+06	5.31858e-05	0.2584	
10246	393	2991	21.6121	26.974	1803	14.0583	5	532	17	63	4	3	1.09495e+06	6.43708e-05	0.1648	
10585	328	2968	23.5377	29.1217	1775	14.851	5	515	20	59	58	4	1.07339e+06	6.76041e-05	0.1731	
10600	274	3026	16.2305	22.2655	1715	15.8408	10	519	19	58	19	5	1.30028e+06	5.44218e-05	0.2284	
10921	344	2995	15.2572	22.3271	1727	14.877	8	530	9	72	20	4	1.27811e+06	5.2304e-05	0.2563	
10699	283	3046	16.403	21.0738	1855	17.7051	5	528	20	58	59	4	1.30165e+06	5.46866e-05	0.2241	
10337	400	2987	22.26	26.1687	1888	18.8132	8	534	11	65	47	4	1.08243e+06	6.56383e-05	0.1581	
11229	381	2981	24.8099	30	1751	17.9572	6	527	5	66	20	6	999748	6.32711e-05	0.2709	
11416	250	3041	16.3829	20.6108	1708	14.6539	7	526	10	62	11	4	1.32063e+06	4.76485e-05	0.4144	
11229	362	3037	17.9748	23.7662	1728	18.6787	6	520	14	65	31	5	1.13951e+06	5.29297e-05	0.3221	
10194	393	2994	24.0491	26.9375	1816	15.1713	8	505	8	71	37	5	1.10048e+06	6.5445e-05	0.1528	
10535	354	2970	18.6951	23.1434	1746	15.9352	7	530	12	60	20	5	1.15419e+06	5.73658e-05	0.1971	
10771	379	3038	24.758	30	1733	18.2245	7	520	4	62	22	4	1.02307e+06	6.58675e-05	0.2214	
10332	311	3042	17.9084	22.7994	1837	18.4694	6	527	3	56	19	5	1.22115e+06	5.7402e-05	0.1799	
10163	384	2974	21.3102	23.5502	1716	18.2754	6	530	4	57	19	3	1.11251e+06	6.27195e-05	0.1345	
10454	381	2981	23.5312	28.8559	1759	15.2159	6	525	7	58	11	6	1.05687e+06	6.6335e-05	0.174	
11457	254	2997	18.8673	20.775	1875	18.1747	6	528	17	55	3	4	1.23088e+06	4.84966e-05	0.3906	
11086	320	3010	15.1547	20.1018	1751	14	6	529	4	69	34	4	1.3187e+06	4.9645e-05	0.3531	
10019	365	3042	18.1198	22.7808	1757	17.0202	10	521	6	55	24	5	1.20794e+06	6.1717e-05	0.1249	
10257	328	3005	23.3307	26.591	1764	17.196	5	525	12	60	53	4	1.10792e+06	6.7792e-05	0.1385	
11259	342	2995	22.167	24.5252	1809	14.4928	5	526	17	55	19	3	1.05741e+06	5.4936e-05	0.3162	
10257	340	3000	23.3036	26.6602	1723	17.196	5	528	13	58	53	4	1.10234e+06	6.80828e-05	0.1232	
11285	254	2993	18.8673	20.9318	1899	18	6	534	16	63	3	4	1.23205e+06	4.94169e-05	0.3573	
11204	387	3039	25	28.2046	1749	16.2221	6	527	9	64	2	6	1.00329e+06	6.04997e-05	0.2957	
10235	274	3026	16.7717	22.2655	1715	15.8408	10	519	15	58	39	5	1.3038e+06	5.89971e-05	0.1574	
11215	320	3033	15.1547	20.1018	1827	14.8165	7	533	4	71	34	4	1.31051e+06	4.85932e-05	0.3742	
11306	355	2952	20.1885	20.8705	1781	15.7677	8	518	17	85	30	4	1.10036e+06	5.13637e-05	0.4158	
11199	320	3023	15.1547	20.1018	1827	16.1147	7	533	4	71	34	4	1.31128e+06	4.884e-05	0.3681	
10831	334	3005	16.4565	24.5252	1788	14.0405	8	522	19	56	36	4	1.21801e+06	5.56266e-05	0.2193	
10857	375	2989	23.1787	30	1728	16.7075	6	519	19	60	15	4	1.02917e+06	6.45828e-05	0.2161	
11295	351	3016	21.6862	22.54	1882	17.0537	5	530	11	73	13	3	1.07113e+06	5.21295e-05	0.3737	
10956	381	2981	23.9534	29.7508	1751	17.9572	6	529	8	59	11	6	1.01923e+06	6.40738e-05	0.2262	
11448	343	3049	18.6981	22.9312	1878	17.0584	8	534	7	84	23	6	1.12231e+06	5.03981e-05	0.394	
10898	306	2979	15.2572	22.3988	1734	15.3176	8	532	8	71	27	4	1.30574e+06	5.30307e-05	0.2438	
11272	321	3042	21.1238	20.6783	1792	14.8297	7	515	15	58	18	4	1.11632e+06	5.04515e-05	0.4187	
10125	311	3042	18.1198	23.2998	1757	18.0511	7	527	3	56	13	5	1.22493e+06	5.97764e-05	0.1325	
11199	320	3035	15.1547	20.1018	1827	17.3889	6	533	4	71	34	4	1.31233e+06	4.88114e-05	0.3651	
10617	269	3011	16.6904	25.9336	1759	14.7596	6	529	17	68	8	4	1.27122e+06	5.77167e-05	0.1784	
11381	369	2974	20.2434	22.2329	1813	18.7425	9	516	15	61	16	5	1.08013e+06	5.15969e-05	0.4052	
10877	320	3035	15.7961	20	1823	18.0973	6	532	8	57	8	4	1.28783e+06	4.97512e-05	0.3212	
10617	269	3011	16.6904	25.9336	1759	15.693	6	529	17	68	8	4	1.27092e+06	5.77601e-05	0.1765	
11258	300	2979	15.2572	21.0375	1730	16.2271	8	529	7	61	23	4	1.3083e+06	4.93803e-05	0.3556	
10837	381	3050	17.0519	24.5115	1771	17.7625	9	527	18	75	40	4	1.16912e+06	5.61419e-05	0.2131	
11128	340	3043	25	26.1768	1719	18.8029	7	527	17	58	47	5	1.03301e+06	6.01721e-05	0.2601	
10604	362	2978	20.0407	28.4057	1888	17.7842	6	533	11	66	40	4	1.09889e+06	6.36213e-05	0.1667	
10039	270	2986	20.8851	29.0589	1789	17.5397	5	523	2	55	7	3	1.17848e+06	6.90274e-05	0.1084	
11330	382	2970	24.6911	29.9774	1748	15.8327	6	522	7	58	33	5	996273	6.3004e-05	0.2925	
11251	320	3035	18.7562	20.1018	1827	17.3889	5	530	5	75	26	4	1.17025e+06	4.93827e-05	0.3805	
11285	380	3004	19.2551	20.775	1899	18.1747	6	532	16	57	52	4	1.11482e+06	5.10308e-05	0.3397	
11141	368	3037	16.9497	20.371	1716	18.6787	6	532	15	68	31	5	1.19352e+06	5.02235e-05	0.3422	
10303	400	2971	21.3106	27.3636	1862	18.3846	8	534	11	59	56	4	1.09842e+06	6.74855e-05	0.1472	
11197	334	3002	16.4565	20.5904	1870	14	7	522	20	56	31	4	1.23321e+06	4.93048e-05	0.3844	
11169	373	2996	16.9094	25.4291	1872	15.3191	6	529	12	64	7	6	1.1586e+06	5.35533e-05	0.2806	
11295	377	3016	22.8145	26.3102	1845	16.6552	10	521	15	73	26	3	1.01408e+06	5.68343e-05	0.3282	
11272	321	3041	19.1637	20.6783	1772	15.008	7	517	12	57	20	3	1.14909e+06	4.95786e-05	0.4166	
11204	377	2983	25	29.7508	1751	17.9069	6	527	11	64	2	6	1.00194e+06	6.29604e-05	0.2646	
11201	352	2989	19.4117	22.0178	1805	17.1301	10	520	18	59	49	4	1.11094e+06	5.28513e-05	0.3456	
11102	390	3037	18.5088	22.9838	1795	16.1377	10	526	3	58	29	5	1.11345e+06	5.26648e-05	0.3317	
11285	245	3004	19.2247	20.7999	1890	18.832	5	534	16	56	14	4	1.2411e+06	4.97587e-05	0.3461	
11247	381	3004	19.2481	25.138	1899	18.6051	5	534	16	55	22	4	1.084e+06	5.41741e-05	0.289	
11000	331	3034	15	20.1018	1846	15.0387	6	531	9	71	13	4	1.32308e+06	4.8974e-05	0.3522	
10397	378	3035	20.3379	26.0943	1749	15.2035	9	529	5	59	56	3	1.11159e+06	6.36618e-05	0.1568	
11213	344	3027	15.2572	22.5754	1751	15.1824	8	530	8	71	18	4	1.2641e+06	5.03246e-05	0.3076	
11068	400	2951	22.7557	28.3385	1761	16.8661	10	527	3	81	67	4	1.01577e+06	6.28417e-05	0.2474	
11381	400	2954	17.7827	21.8671	1856	15.2081	9	520	18	64	16	5	1.12783e+06	4.99675e-05	0.4132	
10771	368	3028	22.6961	27.2382	1716	17.0362	7	524	16	56	6	5	1.04815e+06	6.10762e-05	0.2184	
10741	342	3002	20.0255	28.3758	1716	14.9999	6	525	11	55	36	4	1.09906e+06	6.22432e-05	0.1685	
11483	329	3021	19.907	26.0267	1797	14.9741	5	534	12	80	14	6	1.08998e+06	5.39869e-05	0.3303	
10643	341	2992	24.2105	24.9749	1823	17.851	6	529	9	58	72	4	1.07247e+06	6.39836e-05	0.1828	
11229	381	2992	23.9276	28.7266	1731	15.4696	5	524	12	74	12	5	1.00878e+06	6.09385e-05	0.2911	
10893	390	2989	24.5362	29.9322	1728	14.594	7	519	19	67	16	4	1.01242e+06	6.49393e-05	0.2328	
11199	320	3035	16.3659	20.1018	1827	17.3889	6	533	10	71	34	4	1.24659e+06	4.91957e-05	0.3686	
11246	352	2987	19.4117	22.5676	1781	15.1198	10	520	17	59	33	4	1.10347e+06	5.2367e-05	0.3601	
10284	311	3034	17.9598	26.6132	1815	18.4667	6	526	3	58	12	5	1.22462e+06	6.4317e-05	0.1073	
10448	311	3042	17.9084	22.7994	1837	18.2989	6	527	3	55	25	5	1.21477e+06	5.66893e-05	0.196	
10921	344	3002	15.2572	20.6738	1750	15.1824	8	530	9	71	25	4	1.28906e+06	5.1036e-05	0.3021	
11122	381	3039	16.3897	24.5422	1882	18.9675	5	530	4	71	11	6	1.18625e+06	5.25928e-05	0.2905	
10200	400	3019	23.5449	29.9771	1840	18.5077	6	511	12	59	65	4	1.1732e+06	5.64748e-05	0.211	
10748	311	3042	17.9084	23.2998	1765	18.4694	7	535	3	61	19	5	1.19131e+06	5.49058e-05	0.2221	
10921	337	3002	15	22.5099	1730	16.1463	8	530	10	71	27	3	1.29643e+06	5.26898e-05	0.252	
11435	344	3013	15.2572	20.6738	1750	18.7338	8	528	9	75	25	4	1.26955e+06	4.81997e-05	0.3992	
11201	385	3029	20.8743	26.1296	1839	17.1705	10	527	18	63	36	5	1.04565e+06	5.64876e-05	0.2856	
11397	364	3011	19.3222	25.2519	1900	15.7674	5	531	17	81	38	5	1.08678e+06	5.37981e-05	0.333	
11416	377	2992	21.9472	20.9027	1736	15.9462	7	513	10	77	6	4	1.06577e+06	5.0844e-05	0.4649	
10624	283	3040	17.7115	23.358	1756	17.7519	7	527	4	55	19	5	1.22833e+06	5.56917e-05	0.2175	
11381	400	2956	16.7224	21.8671	1883	15.9666	9	526	18	62	11	4	1.16143e+06	4.93632e-05	0.3962	
11119	355	3043	25	26.6819	1719	18.8029	7	527	17	58	47	4	1.02125e+06	6.07349e-05	0.2538	
11110	330	3045	23.2444	20.775	1899	18.5804	7	534	16	67	10	4	1.09173e+06	5.24219e-05	0.3508	
11137	361	3034	23.3259	22.9589	1817	16.2989	7	526	5	60	21	5	1.05204e+06	5.46508e-05	0.356	
10194	393	2995	24.0491	23.4735	1816	14.7427	8	505	6	61	37	5	1.13273e+06	6.47962e-05	0.1267	
11405	371	3011	19.3222	25.2519	1900	14.9531	5	531	18	81	38	5	1.08298e+06	5.37201e-05	0.3354	
11295	377	3027	22.8145	22.3856	1839	16.0804	9	521	15	73	42	3	1.04037e+06	5.34645e-05	0.3776	
10492	274	3015	17.7907	24.5279	1768	14.1552	7	519	20	56	24	3	1.232e+06	5.81193e-05	0.178	
11381	382	3023	16.7224	21.8671	1856	15.2081	9	529	18	62	6	5	1.17072e+06	4.87068e-05	0.3848	
11295	364	3016	22.8145	22.4202	1845	16.6552	6	530	12	73	26	3	1.05012e+06	5.30757e-05	0.3823	
10586	374	2975	22.2808	27.3636	1823	18.6673	8	534	6	65	11	4	1.06028e+06	6.2751e-05	0.1831	
11285	254	3004	18.8673	20.775	1899	18.6997	6	534	3	55	3	6	1.23799e+06	4.92635e-05	0.3718	
11141	368	3037	16.9497	20.371	1716	18.6787	6	535	15	68	36	5	1.19331e+06	5.04617e-05	0.3261	
11164	379	3043	19.3705	21.1997	1873	16.8378	6	521	6	73	17	4	1.11568e+06	5.04847e-05	0.3852	
11388	347	3007	24.1066	23.2107	1861	14.2517	9	527	8	64	60	6	1.04258e+06	5.50237e-05	0.354	
10617	269	3011	17.2388	25.9336	1747	15.693	6	529	17	68	8	4	1.24863e+06	5.80147e-05	0.1718	
11076	276	3002	16.6886	24.5357	1822	14.6931	10	531	8	58	5	4	1.23934e+06	5.30335e-05	0.2671	
10410	316	2999	17.0819	22.2095	1709	16.1874	6	519	18	64	26	6	1.24763e+06	5.70613e-05	0.1922	
11053	382	2981	23.9534	29.7508	1759	16.2929	6	527	8	60	33	6	1.01412e+06	6.38081e-05	0.2404	
10141	328	3050	17.9084	24.5607	1778	18.2986	6	530	5	60	8	5	1.21671e+06	6.0529e-05	0.1196	
11293	324	3013	17.1899	22.5603	1718	14.7943	9	530	16	62	67	4	1.18793e+06	5.26482e-05	0.2845	
10923	269	2970	18.8708	21.5543	1886	15.67	7	535	18	56	2	3	1.20521e+06	5.20996e-05	0.2947	
11141	368	3037	16.9497	21.0699	1716	18.6787	6	528	15	69	31	5	1.1894e+06	5.07588e-05	0.3391	
11189	387	3049	23.2711	30	1720	17.5514	6	516	15	62	26	4	1.01096e+06	6.22123e-05	0.2638	
10921	344	3002	15.2572	20.598	1730	15.1824	8	530	9	71	34	4	1.29115e+06	5.14668e-05	0.2818	
10897	364	2982	20.6736	27.8309	1834	19	6	533	3	67	50	3	1.06846e+06	6.14024e-05	0.1946	
11199	320	3044	15.1547	20.3141	1827	17.3889	6	533	4	75	34	4	1.30951e+06	4.89333e-05	0.3634	
11500	245	3004	19.2247	20.7999	1900	18.832	6	534	16	55	15	4	1.23494e+06	4.86571e-05	0.3801	
11293	377	3021	17.6591	22.0113	1763	14.9448	9	526	17	63	62	4	1.14524e+06	5.18726e-05	0.3154	
11164	351	3043	23.067	20.6641	1805	17.5244	10	529	6	76	14	4	1.06874e+06	5.22111e-05	0.3958	
10804	335	2950	15.2572	21.6771	1730	15.1824	8	530	9	71	25	4	1.29317e+06	5.32425e-05	0.2426	
10923	328	2970	19.3558	27.3753	1794	16.7621	7	534	19	62	15	3	1.10566e+06	5.89067e-05	0.1845	
10935	387	3006	23.4948	28.7556	1852	16.6552	10	530	15	75	13	3	1.01668e+06	6.19042e-05	0.2388	
10898	400	3004	18.5815	21.6145	1864	18.4848	9	532	19	69	51	4	1.12728e+06	5.45435e-05	0.255	
10836	394	3004	18.5815	21.6145	1754	18.7862	9	532	19	69	59	3	1.13259e+06	5.58347e-05	0.2195	
10706	349	3001	23.2329	26.9893	1787	15.9799	9	532	6	61	9	5	1.0541e+06	6.16409e-05	0.2147	
10596	356	2992	19.3223	21.9184	1758	16.2732	6	528	17	55	62	6	1.15637e+06	5.82615e-05	0.1674	
11380	389	3016	22.8145	28.8745	1849	16.6552	10	524	15	73	19	3	997679	5.91121e-05	0.3097	
11141	368	3037	18.053	20.371	1716	18.6787	5	529	15	68	31	5	1.15931e+06	5.05689e-05	0.3613	
11198	339	3035	15.1547	20.8745	1827	14.6778	5	530	4	75	34	4	1.29515e+06	4.92732e-05	0.3657	
11206	364	3035	20.5137	20.7547	1701	15.2035	8	529	5	70	56	3	1.09131e+06	5.2263e-05	0.3705	
10019	317	3044	17.9084	22.4402	1757	18.8934	8	531	3	56	17	5	1.24322e+06	6.1252e-05	0.1074	
11025	373	2997	24.4782	24.9749	1802	17.851	8	523	9	58	72	3	1.02828e+06	6.0584e-05	0.2609	
10941	400	3023	17.6796	23.5397	1740	16.4347	9	529	15	74	16	5	1.13557e+06	5.38561e-05	0.2659	
10964	352	2994	16.7735	23.1423	1730	15.6399	5	535	2	61	23	4	1.19622e+06	5.32765e-05	0.2523	
10793	378	3046	15	21.0738	1759	17.9896	5	528	17	56	61	4	1.32158e+06	5.37259e-05	0.2279	
10655	269	2995	16.9773	25.9336	1759	18.126	6	534	17	68	28	4	1.25986e+06	5.89449e-05	0.167	
9999	372	2987	21.3102	23.5502	1747	18.4256	6	530	19	57	19	3	1.13619e+06	6.59761e-05	0.1212	
10921	344	3000	15.2572	20.598	1747	15.1824	8	530	9	67	34	4	1.29179e+06	5.134e-05	0.283	
11475	347	3030	15.4966	25.0569	1804	16.3119	7	535	6	66	30	5	1.22955e+06	5.16823e-05	0.3018	
11106	347	3024	15.4966	25.4642	1797	18.0741	7	535	6	66	36	5	1.24632e+06	5.45911e-05	0.2404	
10998	400	3035	21.0557	26.0943	1749	16.421	9	529	5	65	56	3	1.04956e+06	5.8782e-05	0.2347	
11158	320	3035	15	20.1018	1819	17.3889	6	533	5	71	26	4	1.32277e+06	4.8676e-05	0.3666	
11061	368	3050	16.659	20	1856	17.3953	7	523	16	69	31	4	1.21348e+06	4.9682e-05	0.3644	
11024	311	3042	17.9084	21.6628	1884	16.5798	6	530	6	62	19	5	1.19503e+06	5.11012e-05	0.3199	
11215	337	3020	15.1547	20.6706	1836	15.0025	6	532	7	68	5	4	1.29399e+06	4.80054e-05	0.3849	
11381	375	3023	18.7911	22.1964	1856	15.2081	9	529	18	62	54	5	1.10986e+06	5.1311e-05	0.3505	
10192	335	3050	17.8926	28.2766	1854	17.9571	4	529	14	59	7	4	1.19895e+06	6.3743e-05	0.1275	
10959	385	3034	22.3156	27.6366	1846	14.0729	10	531	11	70	39	4	1.0337e+06	6.02664e-05	0.243	
10535	337	3015	17.8134	23.0334	1730	16.1463	8	530	12	71	27	3	1.18654e+06	5.71265e-05	0.1961	
10617	269	3011	16.6904	24.7869	1759	15.5853	6	529	17	68	10	4	1.27557e+06	5.66604e-05	0.1777	
11229	381	2993	23.9534	28.4611	1780	15.2159	6	525	8	58	8	6	1.00893e+06	6.04814e-05	0.2932	
11144	313	3030	16.6368	22.1176	1755	18.5826	6	531	13	76	23	4	1.22378e+06	5.12007e-05	0.3138	
11201	349	3035	19.8631	23.0746	1701	15.2035	9	529	20	73	55	3	1.09305e+06	5.40541e-05	0.2977	
11063	341	3013	24.4227	26.6855	1807	16.6748	10	527	11	66	14	4	1.02989e+06	5.95593e-05	0.2745	
11016	388	3044	21.4673	24.2163	1890	18.677	8	516	16	56	63	5	1.21124e+06	5.22548e-05	0.277	
11413	375	2961	24.7353	25.0462	1843	18.9928	6	527	13	70	70	4	1.0137e+06	5.79374e-05	0.3179	
11276	381	2981	23.9534	29.7508	1759	15.1203	7	528	8	58	19	6	1.00225e+06	6.21157e-05	0.2697	
10836	394	3005	18.9917	20	1788	18.2284	9	532	19	69	44	3	1.12884e+06	5.36567e-05	0.2693	
10141	341	3042	15.647	23.2998	1778	17.8899	6	530	5	56	19	5	1.31858e+06	5.88512e-05	0.1277	
11380	396	3016	22.8145	28.7556	1852	16.6552	10	524	15	73	19	3	995537	5.89588e-05	0.3135	
10837	381	3050	17.6968	24.5115	1817	17.7625	9	528	18	75	40	4	1.14492e+06	5.6262e-05	0.2148	
11206	364	3035	20.2501	20.7547	1701	14.2211	8	526	6	71	56	3	1.0964e+06	5.20833e-05	0.383	
10893	348	3050	24.5362	29.9322	1728	14.594	7	519	20	66	54	4	1.03389e+06	6.5368e-05	0.2138	
11306	371	3001	16.5599	23.1525	1822	16.1087	8	524	19	60	41	4	1.17878e+06	5.16209e-05	0.3199	
10410	311	2995	16.7576	22.2095	1786	16.1874	6	519	16	57	21	6	1.26234e+06	5.62905e-05	0.2033	
10723	394	3004	20.2061	22.5876	1806	18.7862	9	532	18	66	75	3	1.10394e+06	5.92628e-05	0.1934	
11206	378	3035	21.0557	24.3505	1749	15.2035	9	529	5	66	56	3	1.0526e+06	5.54693e-05	0.3036	
10280	399	2987	22.26	26.1687	1888	18.8132	8	534	11	64	47	4	1.08742e+06	6.63042e-05	0.1541	
10219	374	2973	16.9094	24.1282	1872	15.3191	7	527	12	61	7	6	1.22266e+06	5.92839e-05	0.1574	
11016	400	3034	22.5617	22.9589	1795	15.7745	5	529	3	60	18	5	1.05328e+06	5.48727e-05	0.3242	
10585	328	2968	23.5377	29.1217	1771	14.851	5	515	20	59	60	4	1.07363e+06	6.77277e-05	0.1713	
10616	371	3036	23.5162	28.0588	1811	16.6932	7	528	12	68	24	4	1.05054e+06	6.37633e-05	0.1991	
10269	349	3020	15.7759	23.0832	1760	15.0088	5	522	16	56	37	3	1.299e+06	5.86476e-05	0.1582	
10587	392	3039	18.6164	26.6445	1843	18.1924	9	535	8	59	22	4	1.12003e+06	5.97943e-05	0.1479	
10587	383	3039	19.4847	26.9211	1880	18.627	8	535	4	64	14	4	1.10272e+06	6.0024e-05	0.1741	
11213	346	3027	15	22.5754	1751	15.1824	8	530	10	69	26	4	1.28022e+06	5.05178e-05	0.3025	
10125	311	3042	18.1198	23.2998	1757	18.0511	7	527	3	56	19	5	1.22642e+06	6.01359e-05	0.1239	
11395	352	3050	17.5646	22.6332	1878	17.0584	8	532	7	84	24	4	1.14951e+06	5.00125e-05	0.4002	
10689	392	3005	20.2061	24.7238	1798	18.4968	9	527	19	66	49	3	1.0891e+06	5.96694e-05	0.1913	
10722	371	3026	23.5162	28.0561	1855	16.6932	7	531	12	68	24	5	1.04472e+06	6.29287e-05	0.2079	
10613	387	3049	23.2711	30	1720	17.8887	6	516	9	60	22	4	1.0438e+06	6.60197e-05	0.1992	
10257	335	3005	23.3036	26.6602	1764	16.1434	5	527	12	60	53	4	1.10496e+06	6.78242e-05	0.1393	
11214	361	3009	22.4217	29.1561	1723	15.6644	6	528	14	66	67	4	1.03074e+06	6.19272e-05	0.2222	
10923	369	2974	17.5789	26.5498	1886	16.6857	8	534	17	55	12	6	1.13793e+06	5.6899e-05	0.2005	
10873	344	3002	15.2572	21.6771	1734	17.722	8	530	7	71	25	4	1.28524e+06	5.23972e-05	0.2548	
11384	394	3004	19.8598	24.7238	1900	18.8227	7	532	19	69	75	3	1.06422e+06	5.52364e-05	0.2741	
11400	397	3024	22.8145	26.3102	1754	16.6552	8	518	15	71	19	3	1.00627e+06	5.64111e-05	0.349	
10993	313	3018	15.2572	21.6771	1729	16.3315	6	527	11	71	20	4	1.30527e+06	5.10934e-05	0.297	
11400	397	3016	22.8145	26.3102	1845	16.6552	8	518	15	73	19	3	1.00556e+06	5.61956e-05	0.3616	
11229	381	2992	23.6672	29.7508	1751	17.9572	6	520	13	59	6	5	1.00723e+06	6.20848e-05	0.2767	
11358	355	3040	16.9416	23.7469	1866	19	6	526	14	64	37	5	1.1716e+06	5.15969e-05	0.3258	
11325	370	3009	22.1787	23.9666	1844	14.6951	9	531	7	62	67	5	1.04289e+06	5.53679e-05	0.3117	
10546	382	2967	17.5789	27.3753	1886	16.7621	6	535	17	57	22	3	1.1576e+06	6.10352e-05	0.1425	
10643	373	2974	24.4782	25.845	1811	18.1933	8	523	9	59	62	4	1.04683e+06	6.46078e-05	0.1986	
11287	383	3026	15.1491	25.8627	1797	16.5601	7	535	6	66	20	5	1.23573e+06	5.3183e-05	0.2691	
11199	331	3044	15.1547	20.3141	1827	17.3889	6	533	4	75	34	4	1.3011e+06	4.89333e-05	0.3635	
10192	335	2954	17.8926	28.012	1854	17.9571	4	529	14	59	2	4	1.19537e+06	6.42467e-05	0.1242	
11475	381	3019	15.4966	24.7845	1797	16.3686	7	535	6	61	24	5	1.21251e+06	5.13505e-05	0.3057	
11198	339	3010	15.1547	20.8745	1827	18.0881	5	532	4	75	30	4	1.2915e+06	4.95197e-05	0.3554	
10393	316	2999	17.0819	22.2095	1714	16.4727	6	520	20	65	26	6	1.24889e+06	5.72803e-05	0.1823	
11229	381	2992	23.9276	29.0129	1731	15.4696	5	524	12	58	9	6	1.01062e+06	6.13309e-05	0.2798	
10901	343	3025	22.6961	23.2571	1783	16.0923	10	523	17	62	29	3	1.06359e+06	5.65739e-05	0.2843	
11293	353	3021	19.507	22.5603	1714	14.5609	9	530	17	67	67	4	1.10288e+06	5.33846e-05	0.3012	
10019	311	3026	19.7371	22.4402	1757	18.4409	7	527	3	55	18	5	1.19618e+06	6.21929e-05	0.1287	
11293	324	3013	16.7715	22.5603	1729	14.9448	9	530	16	60	67	4	1.20395e+06	5.24411e-05	0.2825	
11061	385	3034	19.0946	27.6366	1765	14.0729	10	527	19	72	41	4	1.07949e+06	5.84351e-05	0.2218	
10643	373	2974	23.6494	25.845	1804	18.1933	8	523	9	59	62	4	1.05329e+06	6.40328e-05	0.1944	
11024	366	3021	19.507	27.024	1714	15.2643	8	527	17	61	60	4	1.08848e+06	5.93401e-05	0.2012	
10962	384	2974	23.2891	21.443	1816	18.5774	7	531	3	56	72	4	1.06685e+06	5.75043e-05	0.2675	
10757	339	3046	19.8818	21.0738	1749	17.7051	5	528	20	60	59	4	1.14719e+06	5.58223e-05	0.2284	
11229	361	3009	22.449	29.1561	1763	15.6644	6	529	17	64	40	3	1.02409e+06	6.08273e-05	0.2368	
10281	400	2975	22.26	27.3636	1833	18.3846	9	531	6	65	13	4	1.07695e+06	6.55867e-05	0.1675	
11293	304	3024	18.2969	22.9568	1720	15.8531	9	530	17	65	28	4	1.16052e+06	5.17491e-05	0.3173	
10699	392	3046	15.9382	21.0738	1724	18.1502	5	523	8	61	59	5	1.26384e+06	5.47375e-05	0.2314	
11358	355	3040	16.9416	23.7469	1866	19	6	526	14	64	38	5	1.17206e+06	5.16316e-05	0.3246	
10125	311	3042	18.1198	23.2998	1758	18.0511	6	527	3	56	19	5	1.22784e+06	6.01034e-05	0.1236	
10886	269	3003	16.6904	24.7869	1759	15.5853	6	529	17	68	10	4	1.26111e+06	5.48336e-05	0.2207	
11000	371	3040	23.9287	27.649	1831	16.8633	7	532	7	68	37	5	1.02628e+06	6.0905e-05	0.2355	
10923	400	2970	17.5789	27.3753	1895	16.6135	7	534	6	57	15	4	1.12382e+06	5.78302e-05	0.2127	
11066	385	3029	21.4868	27.6366	1851	14.0729	10	522	18	70	36	4	1.03623e+06	5.90354e-05	0.275	
10546	333	3005	23.3307	26.591	1764	17.196	5	525	12	60	53	4	1.08222e+06	6.46705e-05	0.1668	
11301	397	3016	22.8144	23.4508	1845	16.6552	10	524	15	73	19	3	1.02064e+06	5.38474e-05	0.3582	
11209	361	3005	22.449	29.1561	1763	16.3101	6	522	17	66	67	3	1.02871e+06	6.19387e-05	0.2352	
10837	376	3033	18.9492	24.5115	1817	17.7625	8	528	19	75	40	6	1.11644e+06	5.69671e-05	0.226	
10587	372	3039	19.5039	26.8301	1816	17.8996	8	531	4	64	9	5	1.10715e+06	5.98372e-05	0.1817	
10923	305	3028	15.6797	25.6061	1886	16.7621	7	533	19	57	17	3	1.26469e+06	5.48095e-05	0.2107	
11395	352	3049	17.5646	22.6332	1887	16.6607	8	534	7	85	24	6	1.15275e+06	5.00375e-05	0.3974	
11429	400	3022	19.3222	25.2519	1900	14.9531	5	531	18	81	38	5	1.07016e+06	5.3496e-05	0.3391	
11293	324	3013	18.0095	22.5603	1714	14.9448	8	530	19	67	54	4	1.15878e+06	5.23286e-05	0.2999	
10697	330	3039	19.4847	26.9211	1747	15.2953	7	534	4	64	14	4	1.12133e+06	5.93155e-05	0.1809	
11229	381	2981	23.9534	29.7508	1743	15.1203	6	528	8	61	6	6	1.00549e+06	6.22007e-05	0.2672	
10604	400	2977	20.0407	28.8862	1888	18.1271	7	533	12	66	40	4	1.08448e+06	6.4222e-05	0.1656	
10751	368	3040	16.9416	22.3039	1856	18.6787	6	526	16	65	29	5	1.20134e+06	5.39142e-05	0.2472	
10767	376	2990	23.75	28.1691	1832	15.8383	6	528	13	57	6	5	1.03497e+06	6.27628e-05	0.2154	
10957	396	3019	22.0987	26.4302	1891	16.4989	9	530	1	62	50	4	1.03827e+06	5.94636e-05	0.2448	
10481	374	3036	20.1805	29.6948	1795	14.386	5	526	5	65	13	4	1.09861e+06	6.42137e-05	0.1646	
11206	378	3030	19.9011	25.1073	1749	15.2035	9	534	5	66	56	3	1.06895e+06	5.57724e-05	0.2612	
11209	361	3005	22.344	29.3894	1798	16.3101	6	526	17	62	20	4	1.02679e+06	6.0757e-05	0.2474	
10325	400	2975	22.0672	27.3636	1853	18.3846	7	534	6	65	11	5	1.07966e+06	6.48929e-05	0.167	
10923	336	2970	17.5789	27.3753	1886	16.4972	7	534	18	57	5	3	1.1492e+06	5.75672e-05	0.2001	
11293	353	3021	17.7932	22.5603	1714	14.9448	9	530	17	67	67	4	1.14822e+06	5.28095e-05	0.2883	
10782	369	2970	17.5789	27.3753	1886	16.7621	7	534	14	57	21	3	1.14303e+06	5.90737e-05	0.1773	
11229	381	2981	25	29.7508	1751	17.9572	6	527	5	64	20	6	999019	6.31233e-05	0.2725	
10878	375	2966	19.8045	23.9647	1756	17.2671	6	535	19	77	57	5	1.10322e+06	5.83703e-05	0.2101	
11331	262	3030	15.4966	23.2696	1763	16.4585	7	533	5	66	9	4	1.32106e+06	5.01681e-05	0.3124	
11360	374	3050	18.6286	22.7576	1730	15.1824	7	525	6	71	25	4	1.11202e+06	5.08984e-05	0.3763	
10837	381	3050	19.8681	24.6295	1835	17.7625	9	528	17	66	24	4	1.08826e+06	5.63507e-05	0.2413	
11415	245	3021	19.2247	20.7999	1899	18.4335	4	534	15	55	19	4	1.2424e+06	4.89788e-05	0.3692	
11131	400	2977	24.0528	28.8919	1754	18.4658	9	514	11	61	6	4	998829	6.20694e-05	0.2964	
10410	316	2999	17.0819	22.2095	1714	16.4727	6	520	18	64	26	6	1.24738e+06	5.70874e-05	0.1877	
10613	387	3049	22.6104	30	1720	17.8887	6	516	6	60	31	4	1.04921e+06	6.59109e-05	0.1854	
11216	378	2950	20.0576	22.7989	1846	15.4405	9	531	20	85	42	4	1.07537e+06	5.38909e-05	0.3339	
11331	323	3030	17.3797	23.2696	1783	16.4585	7	533	5	66	21	4	1.17309e+06	5.10386e-05	0.3313	
10546	369	2974	17.5789	27.3753	1886	16.7621	7	535	17	57	15	3	1.15922e+06	6.06318e-05	0.1421	
11237	341	3012	18.2903	24.1398	1714	14.5609	6	535	17	59	67	4	1.14048e+06	5.48246e-05	0.2405	
10897	345	2970	20.6286	28.2183	1834	15.5443	6	533	10	67	50	3	1.0767e+06	6.17627e-05	0.1898	
11234	361	2998	24.049	25.1944	1809	15.8801	8	523	9	67	2	4	1.02364e+06	5.66508e-05	0.3363	
11384	394	2999	20.3501	24.8756	1900	17.7114	7	526	19	69	75	3	1.05535e+06	5.54816e-05	0.2993	
11293	333	3040	20.8481	22.5603	1714	14.5143	9	528	1	63	15	4	1.08842e+06	5.19103e-05	0.3918	
10141	311	3042	17.9084	23.2998	1778	18.4694	6	530	5	56	19	5	1.2342e+06	5.9891e-05	0.1128	
10897	345	2970	20.6736	28.2183	1834	15.5443	6	533	11	67	50	3	1.07548e+06	6.17932e-05	0.1888	
10039	311	3042	17.9084	23.2998	1757	18.4694	7	529	3	57	21	5	1.24286e+06	6.17055e-05	0.1117	
10957	396	2999	22.0987	26.4302	1887	15.8842	9	528	4	64	49	4	1.03748e+06	5.95877e-05	0.2516	
11234	352	2998	24.049	25.1944	1809	16.1965	8	525	9	67	2	3	1.02584e+06	5.66155e-05	0.3294	
10941	400	3006	20.2157	23.5397	1734	16.2072	9	529	16	74	16	5	1.07428e+06	5.51055e-05	0.2816	
10962	384	2995	23.2891	22.1401	1791	18.4911	7	535	1	58	70	4	1.05877e+06	5.78737e-05	0.2505	
10837	349	3033	18.9492	24.5115	1817	17.7625	8	528	20	69	40	6	1.12953e+06	5.69314e-05	0.2151	
10587	380	3039	19.4847	25.0954	1816	15.2887	8	534	4	64	13	4	1.11072e+06	5.79777e-05	0.2038	
10019	308	3040	18.1198	23.2998	1757	18.3711	7	527	3	56	19	5	1.23818e+06	6.21581e-05	0.1085	
11413	350	2956	24.7353	23.3763	1825	18.7159	6	527	17	71	64	4	1.03842e+06	5.62936e-05	0.3383	
11224	362	3020	22.0601	22.2497	1845	16.6552	9	520	16	73	26	3	1.05849e+06	5.29689e-05	0.379	
11380	396	3019	22.8145	28.7556	1833	16.9031	10	524	15	77	19	6	999799	5.90912e-05	0.3122	
11405	371	3018	19.3222	25.2519	1900	14.9531	4	531	18	81	38	5	1.08585e+06	5.36481e-05	0.3339	
11331	323	3030	15.4966	23.2696	1804	16.4585	7	533	5	66	17	4	1.25681e+06	5.02386e-05	0.3129	
11066	392	3033	21.4868	27.6366	1851	14	10	522	16	70	36	4	1.03405e+06	5.89831e-05	0.2785	
11106	380	3027	22.8353	22.3856	1790	16.7701	10	518	15	73	42	3	1.04412e+06	5.49058e-05	0.3468	
10929	383	3002	15.2572	21.6771	1730	15.1824	6	530	7	71	25	4	1.26781e+06	5.1835e-05	0.2718	
10771	379	3042	24.758	29.9848	1708	18.2245	6	527	5	62	22	4	1.02453e+06	6.58718e-05	0.2023	
11209	361	3012	22.449	28.4022	1763	15.6329	6	528	17	66	67	3	1.0319e+06	6.09645e-05	0.2296	
11352	354	3026	20.5751	22.9465	1764	16.4926	7	531	10	79	32	5	1.07844e+06	5.24027e-05	0.3675	
10281	400	2975	22.26	27.3636	1815	18.3846	7	531	6	65	11	4	1.07904e+06	6.54965e-05	0.1647	
10848	381	3039	21.1825	22.4256	1808	18.0569	9	530	16	69	33	4	1.07667e+06	5.55803e-05	0.2622	
11209	361	3005	21.83	29.1561	1763	16.3101	6	526	17	62	20	4	1.03351e+06	6.03318e-05	0.2394	
11018	366	3039	15.6999	23.9968	1882	18.9675	5	530	4	68	22	6	1.23732e+06	5.2843e-05	0.2677	
10739	382	3004	20.4803	27.8508	1817	17.5584	9	528	19	75	45	4	1.07318e+06	6.23208e-05	0.1826	
11206	378	3035	21.0557	24.3505	1749	15.2035	7	529	5	66	56	3	1.05644e+06	5.54477e-05	0.3015	
10721	349	3001	23.2329	26.9893	1789	15.9799	9	532	6	61	9	5	1.05307e+06	6.15157e-05	0.2166	
10477	379	3014	19.8681	28.8512	1792	17.5584	9	534	19	58	45	5	1.10896e+06	6.55523e-05	0.1285	
10219	329	2973	16.9094	24.1282	1872	15.3191	7	526	12	61	2	6	1.24308e+06	5.89866e-05	0.1645	
10921	350	3002	15.2572	20.6738	1750	15.1824	8	530	9	71	28	4	1.28593e+06	5.11823e-05	0.2959	
11393	381	3034	21.4868	27.6366	1826	14.5769	10	521	19	67	40	4	1.02409e+06	5.72213e-05	0.3086	
10923	369	2963	21.8105	25.993	1886	16.6857	7	534	17	58	12	6	1.05406e+06	5.84215e-05	0.2257	
11025	373	2997	24.4782	27.3025	1802	17.851	8	525	6	56	39	3	1.01455e+06	6.1546e-05	0.2544	
10912	361	3009	22.4217	26.9899	1723	15.5612	6	528	18	66	67	4	1.05572e+06	6.20309e-05	0.196	
10923	369	2967	17.5789	27.3753	1823	16.7621	9	531	17	57	15	3	1.13105e+06	5.81429e-05	0.1976	
10837	381	3050	19.8681	22.4256	1817	17.8864	9	528	19	65	40	4	1.10109e+06	5.51663e-05	0.2444	
11061	385	3034	21.4868	27.6366	1851	14.0729	8	527	19	71	41	4	1.03901e+06	5.92207e-05	0.2494	
10029	362	2965	21.3102	23.5502	1774	18.2754	6	530	4	57	19	3	1.13273e+06	6.47962e-05	0.1267	
10899	400	3034	22.5617	22.2597	1795	15.745	5	533	6	60	25	4	1.06088e+06	5.52822e-05	0.2969	
11216	355	2950	20.0576	22.7989	1846	16.0814	10	531	20	85	42	4	1.08547e+06	5.39229e-05	0.3326	
10753	309	3015	16.4565	24.5279	1726	14.1552	7	519	20	56	24	3	1.23702e+06	5.56576e-05	0.2167	
10873	344	3002	15.2572	22.6222	1734	17.722	8	530	7	70	17	4	1.27888e+06	5.28402e-05	0.2448	
11312	378	2950	22.7557	26.9638	1709	15.8047	8	526	9	76	67	4	1.01763e+06	5.96303e-05	0.2885	
11449	395	2999	22.8145	23.5751	1845	16.2518	10	521	12	73	19	3	1.01792e+06	5.33163e-05	0.3831	
10999	369	2970	21.7228	27.3753	1886	16.7621	8	534	13	57	15	3	1.04096e+06	5.93014e-05	0.2359	
11302	400	3030	23.4583	25.5716	1830	17.6729	7	522	3	60	12	5	1.01284e+06	5.62114e-05	0.3405	
11246	352	2987	19.4117	22.5676	1781	15.1198	10	520	18	59	33	4	1.10327e+06	5.23697e-05	0.3585	
10923	305	2970	15.6797	26.0356	1886	16.7621	7	534	17	57	17	3	1.26141e+06	5.58254e-05	0.2074	
10857	348	3000	24.5195	29.9322	1784	16.7075	5	526	15	62	2	3	1.03262e+06	6.46454e-05	0.216	
10962	397	2995	23.2891	22.1401	1804	18.4911	7	531	1	58	70	4	1.05554e+06	5.78001e-05	0.2627	
11068	400	2951	22.9312	28.3385	1761	17.1805	10	528	7	73	67	4	1.01547e+06	6.29802e-05	0.2298	
10837	381	3048	20.1463	22.4256	1808	18.0569	9	531	19	69	33	4	1.09449e+06	5.5054e-05	0.2456	
10596	336	2970	18.8708	27.3753	1886	16.4972	7	534	18	58	22	3	1.13212e+06	6.11135e-05	0.1454	
10921	344	3002	15.2572	21.6771	1730	15.1824	8	530	10	71	25	4	1.28283e+06	5.1913e-05	0.2643	
11285	245	3004	19.2247	20.7999	1899	18.832	5	534	16	55	14	4	1.24168e+06	4.97413e-05	0.348	
11395	343	3049	18.6981	22.9312	1878	17.0584	8	534	7	84	23	6	1.12312e+06	5.06997e-05	0.3848	
11500	371	3026	21.8389	28.5299	1855	16.9489	7	532	7	66	37	5	1.01994e+06	5.77667e-05	0.29	
11395	343	3049	17.0773	22.9312	1878	17.0584	8	534	7	75	23	6	1.17235e+06	5.00551e-05	0.367	
10325	400	2975	23.2473	27.9624	1853	17.5831	7	534	4	63	11	5	1.06602e+06	6.63042e-05	0.1823	
11293	353	3013	17.7932	22.5603	1714	14.9448	9	530	19	67	67	4	1.14782e+06	5.28989e-05	0.2854	
11276	321	2992	21.2428	20.6783	1776	15.008	9	517	15	57	34	3	1.10753e+06	5.1443e-05	0.3999	
11287	347	3030	17.806	21.4745	1797	16.5601	7	535	6	66	36	5	1.16051e+06	5.02866e-05	0.3577	
10613	387	3049	22.6104	30	1720	17.8887	6	516	2	60	31	4	1.04933e+06	6.58892e-05	0.1906	
11033	400	3037	17.3101	24.9432	1759	18.5119	6	528	17	65	29	4	1.1412e+06	5.48276e-05	0.2333	
11325	366	3003	21.8284	23.9666	1849	14.6951	9	529	15	62	67	5	1.0499e+06	5.52792e-05	0.3047	
11428	320	3039	19.4993	25.7757	1785	14.7465	8	533	14	80	18	4	1.09778e+06	5.3723e-05	0.3061	
11201	352	2989	19.4117	22.3629	1805	17.1301	9	520	18	59	49	4	1.11037e+06	5.3135e-05	0.3408	
11032	345	2970	20.6736	28.2183	1870	15.2906	6	533	8	67	50	3	1.06783e+06	6.06024e-05	0.213	
11416	385	3041	16.5366	20.6108	1708	16.0091	6	513	11	62	11	4	1.19982e+06	4.78126e-05	0.4646	
11229	395	2952	17.736	21.2283	1703	15.6394	8	529	19	84	18	4	1.13406e+06	5.09243e-05	0.3548	
10393	316	2999	17.0819	22.2095	1714	16.4727	6	520	17	64	26	6	1.24859e+06	5.72213e-05	0.1862	
10837	382	3027	20.2894	24.5115	1817	17.2992	9	531	19	75	26	4	1.08078e+06	5.68731e-05	0.2444	
11279	390	3016	17.7034	25.9485	1845	16.6552	10	524	18	73	19	3	1.10612e+06	5.40979e-05	0.2898	
11066	389	3027	22.3174	27.6366	1851	14.0729	9	527	10	70	27	4	1.02601e+06	5.91506e-05	0.278	
10989	337	3002	15	21.6771	1730	15.3802	8	530	9	71	27	4	1.30092e+06	5.14907e-05	0.274	
11325	362	3029	22.488	27.2912	1851	14.0729	10	527	18	70	36	4	1.02236e+06	5.75076e-05	0.3107	
11381	369	3038	18.5823	23.0738	1843	15.2073	9	522	15	65	13	5	1.11154e+06	5.06124e-05	0.3941	
11144	366	3041	19.1637	20.6783	1772	15.008	7	518	12	57	20	3	1.12438e+06	5.02689e-05	0.383