10029	384	2965	21.3102	23.5502	1716	18.2754	6	530	4	57	19	3	1.12608e+06	6.49519e-05	0.1248	
11400	397	3016	22.8145	26.3102	1845	16.6552	10	524	15	73	19	3	1.00135e+06	5.6123e-05	0.3397	
10587	373	3039	19.4847	26.9211	1816	18.5611	8	535	4	64	14	4	1.10621e+06	6.02047e-05	0.1613	
11209	361	3009	22.449	29.1561	1763	15.6644	6	528	17	66	67	3	1.02882e+06	6.18735e-05	0.219	
10587	392	3039	18.6164	26.9211	1843	18.5611	8	535	4	59	8	4	1.11792e+06	5.94495e-05	0.153	
10019	311	3042	18.1198	23.2998	1757	18.4694	7	527	3	56	19	5	1.23644e+06	6.21427e-05	0.1081	
11293	371	3021	17.6591	22.5603	1763	14.9448	9	530	17	63	67	4	1.14399e+06	5.26316e-05	0.2838	
10019	311	3042	18.1198	23.2998	1759	18.4694	7	527	3	56	19	3	1.23247e+06	6.20887e-05	0.1116	
11306	355	3050	20.1885	22.809	1846	15.7677	8	524	19	57	41	4	1.08652e+06	5.21376e-05	0.3469	
11016	400	3034	22.5617	22.9589	1795	15.7745	5	534	3	60	18	5	1.05204e+06	5.48727e-05	0.3077	
11285	254	3004	18.8673	20.775	1899	18.1747	6	534	16	55	3	4	1.23193e+06	4.92029e-05	0.355	
11215	340	3035	15.1547	20.1018	1827	14.6778	5	533	4	71	34	4	1.30153e+06	4.85555e-05	0.3713	
11243	345	3015	17.772	23.117	1782	16.2325	7	514	12	79	34	4	1.10003e+06	5.79307e-05	0.2017	
10878	390	2966	19.8653	23.9647	1756	17.319	5	531	14	56	57	5	1.10003e+06	5.79307e-05	0.2017	
10285	385	2964	18.1113	22.6906	1824	17.9059	5	534	12	62	9	4	1.1792e+06	5.83669e-05	0.1579	
10837	381	3050	20.1463	22.4256	1808	18.0569	9	531	19	69	33	4	1.09445e+06	5.50327e-05	0.2456	
10337	400	2987	22.26	26.1687	1888	18.8132	8	534	11	65	47	4	1.0824e+06	6.56383e-05	0.1581	
10284	311	3042	17.9084	22.7994	1837	18.4694	6	527	3	56	12	5	1.22338e+06	5.74317e-05	0.1778	
11039	369	2996	23.1149	29.888	1710	16.5488	9	534	9	85	27	3	1.01814e+06	6.31991e-05	0.2174	
10587	374	3016	19.4847	26.9211	1775	18.5611	8	535	5	61	14	4	1.10446e+06	6.0551e-05	0.148	
11299	398	3001	20.6179	20.9861	1900	15.2204	5	526	18	67	55	3	1.08279e+06	5.17197e-05	0.3551	
10141	311	3042	17.6843	23.2998	1745	18.4694	6	530	5	56	19	5	1.24184e+06	5.98838e-05	0.1058	
11016	390	3034	18.5088	20.8806	1792	15.7745	6	534	3	57	29	5	1.13624e+06	5.13479e-05	0.3097	
11293	369	3021	19.507	22.5603	1714	14.5609	9	530	17	64	67	4	1.09543e+06	5.3376e-05	0.2958	
11400	397	3016	22.8145	25.8624	1845	16.6552	10	524	15	73	19	3	1.00313e+06	5.56359e-05	0.3437	
10141	311	3042	17.9084	23.1061	1778	18.4694	6	530	5	56	19	5	1.23509e+06	5.97086e-05	0.116	
11016	400	3034	22.5617	23.3578	1795	15.7745	5	534	7	60	18	5	1.04844e+06	5.52486e-05	0.2906	
10901	392	3025	22.6961	28.6802	1716	16.2347	8	525	15	56	19	5	1.02827e+06	6.21659e-05	0.218	
10587	397	3039	18.6164	26.8408	1864	18.5611	9	535	4	64	14	4	1.11707e+06	5.96019e-05	0.1659	
11066	385	3029	20.8743	27.6366	1851	14.7881	10	527	18	70	36	5	1.04523e+06	5.88097e-05	0.2451	
10587	392	3039	18.6164	26.6445	1843	18.5611	8	535	8	59	13	4	1.11944e+06	5.93965e-05	0.1479	
10921	344	3002	15.2572	21.6771	1730	17.7146	8	530	9	71	25	4	1.05337e+06	6.51254e-05	0.1694	
10827	361	3009	22.4217	29.1561	1723	15.6644	6	528	17	66	67	4	1.05337e+06	6.51254e-05	0.1694	
11285	288	3004	18.7833	20.8793	1887	18.1747	6	534	16	60	3	4	1.18675e+06	4.92708e-05	0.3514	
10284	311	3042	17.9084	22.7994	1837	18.4694	6	528	3	56	12	5	1.22328e+06	5.74449e-05	0.1741	
10877	320	3035	15.1547	20.1018	1827	18.0973	6	532	8	57	8	4	1.32353e+06	4.96179e-05	0.3238	
11400	395	3016	22.8145	22.4269	1845	16.2518	10	524	15	73	19	3	1.0255e+06	5.23478e-05	0.3973	
11380	396	3016	22.946	21.5731	1852	16.6552	10	524	20	78	19	3	1.03004e+06	5.1835e-05	0.4235	
11206	253	2960	21.1741	20.7547	1700	15.2035	9	517	5	72	70	3	1.11265e+06	5.34188e-05	0.2919	
11202	379	3013	18.2221	23.8962	1708	16.4986	8	528	20	83	27	4	1.11265e+06	5.34188e-05	0.2919	
11293	353	3040	19.507	22.5603	1714	14.5143	9	528	17	63	67	4	1.10449e+06	5.3183e-05	0.3021	
10804	335	3008	15.2572	21.6771	1730	15.1824	8	530	9	71	25	4	1.29526e+06	5.27037e-05	0.2426	
11016	390	3034	18.9648	22.9838	1795	15.7745	5	534	4	57	29	5	1.1132e+06	5.33589e-05	0.283	
10587	392	3039	18.6164	26.9211	1843	18.5611	8	535	5	59	8	4	1.11789e+06	5.94566e-05	0.1517	
10837	381	3039	20.1463	22.4256	1808	18.0569	9	530	19	68	33	4	1.09431e+06	5.51207e-05	0.2473	
10587	392	3039	18.6164	26.9211	1843	18.5611	8	535	4	57	8	4	1.11748e+06	5.94636e-05	0.1497	
10019	387	3042	18.1198	22.7808	1757	15.1705	7	527	6	56	17	5	1.20432e+06	6.14062e-05	0.125	
10225	307	3025	16.348	23.2998	1748	17.9959	7	527	16	56	14	5	1.28801e+06	5.84112e-05	0.1178	
10723	394	3004	20.2061	22.967	1806	18.7862	9	532	16	69	56	3	1.09534e+06	5.8326e-05	0.205	
11016	400	3034	22.5617	23.3164	1795	15.7745	9	534	3	60	18	5	1.03894e+06	5.52273e-05	0.2948	
11066	385	3036	21.4868	25.6133	1895	14	10	527	18	61	36	4	1.04397e+06	5.67472e-05	0.2682	
11500	377	3016	23.2756	22.4269	1845	16.2518	10	524	15	73	19	3	1.0261e+06	5.20725e-05	0.4143	
10587	392	3039	18.6164	26.9211	1843	18.5611	8	535	7	59	8	4	1.11793e+06	5.94742e-05	0.1492	
10923	328	2970	19.3558	22.8395	1866	16.7621	7	534	19	62	15	3	1.1283e+06	5.40716e-05	0.2527	
10179	340	3003	24.1798	28.3758	1744	16.1307	5	522	12	56	53	4	1.09698e+06	7.12251e-05	0.1208	
10877	308	3035	15.1547	20.1018	1827	18.0973	6	532	8	57	12	4	1.33385e+06	4.9781e-05	0.318	
10942	394	3004	20.2061	22.967	1809	17.5617	9	532	18	69	56	3	1.0807e+06	5.63317e-05	0.2393	
10577	356	3005	19.3223	21.9184	1758	16.2732	6	528	17	55	62	6	1.1586e+06	5.83635e-05	0.1648	
10163	384	2974	21.3102	23.5502	1716	18.2754	6	530	4	57	19	3	1.11243e+06	6.27195e-05	0.1344	
11449	395	3016	22.8145	23.5751	1845	16.2518	10	524	12	73	19	3	1.01732e+06	5.31237e-05	0.3714	
10174	283	3040	18.1198	23.2998	1757	18.3711	7	527	3	56	19	5	1.24421e+06	5.96766e-05	0.1304	
11086	400	3016	22.0505	28.7556	1852	16.6552	10	535	15	73	19	3	1.01634e+06	6.01178e-05	0.235	
11331	323	3034	15.4966	23.2696	1804	16.4585	7	533	5	66	10	4	1.25686e+06	5.00175e-05	0.3158	
10792	400	3033	17.3101	24.3696	1759	17.611	6	528	17	65	29	4	1.1584e+06	5.5894e-05	0.1981	
11380	396	3016	22.8689	21.5731	1852	16.6552	10	525	17	83	19	3	1.03272e+06	5.18242e-05	0.4287	
10596	356	2992	19.3223	21.9184	1758	16.2732	6	528	17	55	62	6	1.15637e+06	5.82615e-05	0.1674	
10722	396	3026	23.6701	27.7352	1827	16.8633	7	535	7	68	37	6	1.03814e+06	6.32992e-05	0.195	
10941	400	3004	17.6796	23.5397	1740	16.4347	9	535	15	74	32	5	1.13559e+06	5.47735e-05	0.2265	
11295	351	3016	21.6862	22.54	1845	17.0537	5	530	11	73	13	3	1.06986e+06	5.22275e-05	0.3606	
11400	391	3016	23.1419	26.0248	1804	16.6552	10	525	15	73	32	3	1.0016e+06	5.63444e-05	0.3362	
10116	376	2983	23.1338	27.7075	1770	19	5	514	5	56	60	4	1.1018e+06	7.11491e-05	0.1191	
11204	387	2974	25	29.7508	1751	17.9572	6	527	9	64	2	6	998009	6.30597e-05	0.267	
11164	351	3043	23.067	20.2928	1882	18.6118	10	529	6	76	11	4	1.0763e+06	5.17117e-05	0.3852	
11209	361	3009	21.9459	29.1561	1759	15.6644	6	528	17	66	67	5	1.03758e+06	6.16941e-05	0.2136	
10587	373	3039	19.4847	26.9211	1816	17.7434	8	535	4	64	14	4	1.10633e+06	6.01359e-05	0.1644	
11201	364	3035	19.8631	23.0746	1701	15.2035	9	529	20	73	55	3	1.08527e+06	5.40541e-05	0.2977	
11016	390	3049	18.5088	22.9838	1795	15.7745	5	535	3	57	29	4	1.12268e+06	5.30054e-05	0.2812	
10837	385	3050	19.8681	22.4256	1817	17.8864	9	529	19	64	29	4	1.09723e+06	5.46388e-05	0.248	
11293	377	3021	17.6591	22.5603	1763	14.9448	10	526	17	63	72	4	1.14235e+06	5.28737e-05	0.2925	
10942	400	3050	21.6003	23.3164	1808	18.1949	9	534	3	60	18	5	1.05392e+06	5.51207e-05	0.2693	
10911	381	3050	20.4027	22.4256	1791	15.5722	9	528	20	68	46	4	1.08739e+06	5.5063e-05	0.2622	
10073	311	3042	19.6733	23.2998	1739	19	8	527	3	56	19	3	1.18411e+06	6.18047e-05	0.1241	
11206	378	3035	21.0557	23.6837	1749	15.8656	9	530	5	63	56	3	1.05598e+06	5.49209e-05	0.2997	
10825	390	3034	19.4812	20.8806	1804	16.7717	6	534	3	58	29	5	1.1225e+06	5.31858e-05	0.2675	
10712	369	2978	20.8381	25.993	1886	16.5442	7	534	17	57	12	6	1.0804e+06	5.92242e-05	0.1924	
10426	392	3039	18.6164	26.9211	1843	18.5611	8	535	4	57	8	4	1.12954e+06	6.07165e-05	0.1277	
10587	392	3039	18.6164	26.6445	1831	18.5611	8	535	8	59	13	4	1.1195e+06	5.94318e-05	0.1457	
11295	373	3016	21.7732	22.4399	1845	17.0537	4	530	12	66	26	3	1.06284e+06	5.25045e-05	0.3486	
10782	369	2970	17.5789	24.036	1886	16.7621	7	535	17	57	21	3	1.15463e+06	5.5605e-05	0.1998	
11209	361	3009	22.449	29.1561	1763	15.6644	6	528	17	66	54	3	1.02702e+06	6.13761e-05	0.2268	
10923	336	2970	18.8708	27.3753	1886	16.4972	7	534	18	56	2	3	1.11035e+06	5.80383e-05	0.2008	
11144	333	3030	16.6368	22.4123	1755	17.9766	7	531	16	76	19	4	1.20432e+06	5.12873e-05	0.3032	
11454	397	3037	22.8145	25.8624	1845	16.6552	10	524	15	73	25	4	1.00377e+06	5.52853e-05	0.3531	
10620	397	3021	18.6164	22.7386	1864	18.5611	9	535	4	64	17	4	1.13257e+06	5.55864e-05	0.2196	
10234	342	3003	20.9186	28.3758	1716	16.1307	6	525	11	55	36	4	1.1209e+06	6.73355e-05	0.1098	
11233	337	3002	15	21.6771	1738	15.2472	9	532	8	71	27	4	1.2882e+06	4.99476e-05	0.3122	
11285	254	3004	18.8673	20.775	1899	18.1747	6	534	16	58	3	4	1.23235e+06	4.91908e-05	0.3573	
11199	329	3020	15.1547	20.6068	1807	16.1147	7	533	4	72	34	4	1.29735e+06	4.93048e-05	0.3497	
11016	390	3034	17.8799	20.8806	1792	15.7745	6	534	3	57	21	5	1.15342e+06	5.07692e-05	0.3198	
11086	396	3010	22.0505	28.7556	1852	16.6552	10	524	15	73	13	3	1.01762e+06	6.01142e-05	0.2709	
10873	369	2970	21.7228	27.3753	1886	16.7621	8	534	17	56	16	5	1.05066e+06	6.02773e-05	0.2056	
11293	353	3020	19.507	21.2524	1700	14.5143	9	531	18	65	42	4	1.10647e+06	5.12374e-05	0.3484	
10857	348	2989	21.9927	29.9322	1784	16.736	6	526	20	59	8	3	1.04942e+06	6.33995e-05	0.1876	
10836	394	3004	18.5815	21.6145	1754	18.7203	9	532	19	69	51	4	1.13219e+06	5.53465e-05	0.2293	
10587	373	3039	19.4847	26.9211	1816	18.627	8	535	4	64	14	4	1.10612e+06	6.02083e-05	0.161	
11400	395	3016	22.8145	22.4269	1845	17.0302	10	524	15	73	19	3	1.02539e+06	5.23807e-05	0.3956	
10285	385	2969	18.1113	22.6906	1824	17.9059	5	534	12	62	9	4	1.17936e+06	5.83158e-05	0.1579	
11066	385	3029	23.3107	27.6366	1851	14.7881	10	527	18	70	36	5	1.01824e+06	6.00492e-05	0.2583	
10836	394	3004	18.5815	20	1763	18.2284	9	532	19	69	44	3	1.13814e+06	5.35561e-05	0.2643	
11452	374	2962	16.9094	20	1871	15.3191	6	529	12	61	7	3	1.18319e+06	4.72567e-05	0.4185	
10337	400	3008	22.26	26.1687	1888	18.8132	8	534	12	65	28	3	1.07677e+06	6.41519e-05	0.1646	
11307	386	3031	18.9249	25.54	1859	18.885	9	508	0	81	63	3	1.09462e+06	5.50176e-05	0.2473	
10837	381	3050	20.1463	22.4256	1808	18.0569	9	530	19	68	33	4	1.09462e+06	5.50176e-05	0.2473	
10837	376	3050	19.8681	25.2986	1817	17.9926	7	528	19	77	40	4	1.04636e+06	5.52242e-05	0.2955	
11016	400	3034	22.5617	23.3578	1795	15.7745	5	533	6	60	18	4	1.04636e+06	5.52242e-05	0.2955	
10921	344	3002	15.2572	21.6771	1730	15.1824	7	534	9	71	20	4	1.28291e+06	5.17117e-05	0.2582	
11100	287	3030	17.214	23.3265	1820	14.8747	10	533	18	56	49	4	1.21543e+06	5.33703e-05	0.2413	
10917	337	3009	15	21.917	1730	16.1463	6	531	10	71	9	3	1.30166e+06	5.13426e-05	0.2723	
10837	381	3050	19.8681	24.6295	1817	17.7625	9	528	17	66	41	4	1.09048e+06	5.71755e-05	0.2246	
10471	347	3042	17.9084	23.2998	1778	14.4877	6	530	5	56	19	5	1.18808e+06	5.66187e-05	0.1873	
11030	381	3050	15	21.6865	1817	17.3426	9	531	16	68	40	4	1.2773e+06	5.13848e-05	0.2638	
10141	311	3021	17.6843	22.6942	1745	18.4694	6	530	11	57	19	5	1.24494e+06	5.96374e-05	0.1109	
11238	377	3027	22.8145	25.7516	1815	16.4874	9	533	13	73	44	3	1.02109e+06	5.70353e-05	0.2843	
10723	394	2994	20.2061	22.967	1806	18.7862	9	532	16	69	56	3	1.09508e+06	5.84283e-05	0.205	
10655	333	3015	17.4032	25.9366	1728	16.789	5	533	17	68	14	4	1.18826e+06	5.81801e-05	0.163	
10962	384	2995	19.782	22.1401	1791	14.9263	7	535	3	58	70	3	1.10244e+06	5.57693e-05	0.2318	
11214	361	3009	22.4217	29.1561	1723	15.6644	6	528	17	66	67	4	1.03047e+06	6.19464e-05	0.2183	
10923	369	2982	17.5789	22.6762	1886	16.3533	7	534	18	59	15	3	1.15511e+06	5.29157e-05	0.2624	
10141	376	3042	17.6843	23.2998	1812	18.4694	6	531	5	56	19	5	1.20923e+06	5.97122e-05	0.1127	
11285	298	3004	19.3687	20.7999	1899	18.4335	5	532	20	55	14	4	1.16561e+06	4.97438e-05	0.3485	
11125	337	2970	17.5789	25.5136	1815	15.637	7	535	17	57	4	3	1.14476e+06	5.44395e-05	0.2351	
11293	353	3040	19.507	22.5603	1714	14.5143	9	528	18	63	15	4	1.0967e+06	5.12952e-05	0.3501	
11102	390	3037	18.5088	22.9838	1795	16.1377	6	534	3	57	29	5	1.11861e+06	5.26399e-05	0.3046	
10837	381	3050	19.1411	22.4256	1781	17.8864	9	529	19	65	40	4	1.11661e+06	5.49451e-05	0.2406	
11331	319	3034	15.4966	21.2482	1804	16.4585	7	533	5	67	17	4	1.2757e+06	4.84051e-05	0.3744	
10898	335	2979	15.2572	22.3988	1734	15.3176	8	530	9	71	27	4	1.16687e+06	5.38677e-05	0.2487	
11028	374	2988	16.9094	24.7074	1869	15.1839	6	535	12	68	12	6	1.16687e+06	5.38677e-05	0.2487	
10091	311	3042	18.9674	25.9005	1724	18.4081	8	532	0	56	19	5	1.19402e+06	6.38937e-05	0.1032	
11209	361	3009	22.449	28.817	1763	15.6644	6	530	17	66	62	3	1.02892e+06	6.12557e-05	0.2213	
11475	381	3019	15.4966	24.7845	1797	16.3119	7	535	6	66	30	5	1.14289e+06	6.53339e-05	0.1174	
10957	362	3025	22.0987	26.2146	1878	16.8337	9	525	4	64	50	5	1.14289e+06	6.53339e-05	0.1174	
10192	335	2954	19.8993	28.012	1854	17.9571	4	529	17	59	2	4	1.14289e+06	6.53339e-05	0.1174	
10111	362	2965	20.8001	25.9589	1774	18.2754	6	534	4	57	19	3	1.12608e+06	6.54365e-05	0.1129	
10837	383	3046	19.8681	24.9822	1817	18.9156	9	526	17	75	35	4	990676	5.99808e-05	0.2916	
11380	400	3027	22.8145	29.7597	1871	16.6552	10	524	15	74	19	3	990676	5.99808e-05	0.2916	
10587	392	3039	18.6164	26.9211	1843	18.5611	8	535	4	57	14	4	1.11839e+06	5.97193e-05	0.1475	
11400	397	3016	22.5682	26.5311	1734	16.6552	10	525	15	78	52	3	1.00689e+06	5.73066e-05	0.3132	
11480	396	3016	18.8815	21.5731	1852	16.6552	9	524	17	78	19	3	1.09215e+06	4.92927e-05	0.4264	
11209	361	3009	22.449	29.1561	1763	15.6644	6	528	17	66	54	3	1.02702e+06	6.13761e-05	0.2268	
11490	328	3001	15.4966	23.1258	1804	16.4585	7	534	5	66	8	4	1.24689e+06	4.9351e-05	0.3454	
10857	348	2992	21.9927	29.9322	1755	16.736	6	526	20	59	9	3	1.0498e+06	6.35001e-05	0.1824	
10587	392	3039	18.6164	26.9211	1848	18.8464	8	535	7	59	8	4	1.11786e+06	5.94849e-05	0.1492	
11347	377	3040	17.8276	22.5603	1763	14.8189	10	526	17	64	72	4	1.13477e+06	5.23478e-05	0.3057	
11293	365	3014	19.1595	26.9368	1747	14.603	9	535	17	67	60	4	1.08069e+06	5.71919e-05	0.2286	
11247	391	3007	20.1169	25.138	1899	18.832	6	534	16	55	22	4	1.06058e+06	5.45375e-05	0.2948	
11016	390	3034	18.5088	20.8806	1792	15.7745	6	534	3	57	23	4	1.13306e+06	5.10908e-05	0.3117	
11499	397	3016	18.6511	25.9485	1845	16.6552	10	524	15	73	19	3	1.06864e+06	5.33732e-05	0.3297	
11487	254	3004	17.9196	20.775	1899	18.1747	6	534	16	55	3	4	1.25473e+06	4.78126e-05	0.3844	
10200	391	2993	24.7075	28.3525	1827	18.2049	6	513	12	59	65	4	1.07656e+06	7.21761e-05	0.1482	
11107	344	3002	15.2572	21.6771	1734	17.7146	8	530	9	71	25	4	1.27364e+06	5.08776e-05	0.2949	
11306	394	3005	20.2061	25.333	1798	18.0033	8	533	19	66	75	3	1.0571e+06	5.67279e-05	0.2419	
10917	400	3034	21.1563	22.6687	1795	15.1195	9	534	3	72	18	5	1.06628e+06	5.45167e-05	0.2935	
10836	394	2982	18.5815	21.6145	1754	18.7203	9	535	19	69	51	4	1.13146e+06	5.56081e-05	0.2181	
11066	400	3038	21.4868	25.0762	1895	14	9	527	18	67	36	4	1.04227e+06	5.61735e-05	0.2759	
11295	373	3016	21.7732	22.4399	1845	17.0537	4	530	12	66	37	3	1.063e+06	5.2843e-05	0.3387	
10734	386	3036	19.9003	22.6017	1856	16.7418	7	528	19	62	65	4	1.11327e+06	5.75772e-05	0.2026	
11400	397	3016	17.7034	24.9421	1842	16.6552	10	524	15	73	19	3	1.10418e+06	5.24329e-05	0.3292	
10231	387	3020	20.8851	29.2237	1789	17.5397	6	524	1	55	12	3	1.09601e+06	6.65868e-05	0.1216	
10091	311	3050	18.9674	24.5417	1731	18.4081	8	532	0	56	19	5	1.1996e+06	6.23675e-05	0.1034	
10961	335	2994	15.7732	21.6771	1730	15.6399	8	535	9	61	23	4	1.25511e+06	5.16983e-05	0.263	
10923	328	2970	19.3558	22.8395	1865	16.7621	7	534	19	62	10	3	1.12862e+06	5.3888e-05	0.2564	
11301	400	3016	22.8144	23.4508	1845	16.3283	10	524	16	73	19	3	1.0194e+06	5.38387e-05	0.3574	
10587	392	3040	18.6164	26.9211	1843	18.5611	8	535	4	57	14	4	1.11841e+06	5.97086e-05	0.1475	
10837	381	3034	19.1485	24.1549	1810	18.9156	9	529	17	63	35	3	1.1052e+06	5.63984e-05	0.2206	
10804	385	3008	15.2572	21.6771	1730	15.1824	9	530	9	71	25	4	1.26816e+06	5.27148e-05	0.2423	
9984	353	3042	19.1183	22.4402	1757	18.4694	7	535	14	56	16	4	1.19562e+06	6.34639e-05	0.114	
11030	381	3050	15	21.6865	1774	17.3426	9	531	16	68	40	5	1.27958e+06	5.15092e-05	0.2604	
10179	340	3003	23.4771	28.3758	1738	15.9387	5	522	12	56	56	4	1.10496e+06	7.08968e-05	0.1169	
11293	369	3021	19.3544	23.4142	1714	14.5609	9	530	17	67	64	4	1.09283e+06	5.39287e-05	0.2867	
10019	305	3045	19.6725	23.2948	1734	18.4694	8	527	19	56	19	5	1.19817e+06	6.32431e-05	0.1109	
10723	394	2994	20.2061	22.967	1774	18.7862	9	532	16	69	56	3	1.09498e+06	5.85103e-05	0.2019	
11320	374	2988	16.8152	24.7074	1869	15.7455	6	535	12	68	12	6	1.15736e+06	5.22193e-05	0.2908	
11042	390	3043	21.3631	27.6366	1854	14	10	531	18	69	41	4	1.03811e+06	5.92171e-05	0.2325	
10587	392	3028	17.2368	26.9211	1843	18.5611	8	535	5	59	8	4	1.16296e+06	5.89727e-05	0.156	
10751	370	3040	16.9416	22.3039	1856	18.0724	6	526	16	60	29	5	1.20069e+06	5.38155e-05	0.2437	
10530	398	3039	19.0343	26.9211	1816	16.8758	8	533	4	63	9	5	1.1127e+06	6.00781e-05	0.1624	
10942	400	3050	21.6003	23.3164	1808	18.1949	9	535	0	60	33	5	1.05532e+06	5.56731e-05	0.2567	
10836	390	3004	18.5815	22.2884	1764	18.7203	9	532	19	69	51	4	1.1299e+06	5.58847e-05	0.2166	
11030	400	3050	15	21.6641	1807	17.3426	9	531	16	68	40	4	1.27013e+06	5.13901e-05	0.2632	
11068	400	2951	22.3187	28.3385	1761	16.1219	10	528	7	73	67	5	1.02247e+06	6.26449e-05	0.2244	
10729	381	3035	16.7677	22.4532	1805	18.0569	9	531	19	71	33	4	1.1953e+06	5.48005e-05	0.2071	
11380	396	3016	22.8145	28.7556	1852	16.6552	10	534	13	75	25	4	995657	5.89345e-05	0.2849	
10949	400	3004	20.2061	27.5103	1751	19	8	532	10	81	45	5	1.06165e+06	6.03792e-05	0.2035	
11216	378	2987	22.26	26.1687	1888	18.8132	8	534	7	62	23	4	1.02742e+06	5.70223e-05	0.2828	
11199	320	3035	15.1547	20.4781	1827	17.3889	6	533	11	71	35	4	1.30735e+06	4.91908e-05	0.3387	
11285	380	3027	19.2551	20.2062	1899	18.1747	6	532	13	55	52	4	1.12164e+06	5.03753e-05	0.3507	
11325	362	2986	22.488	25.0225	1851	14	10	527	18	70	36	4	1.03111e+06	5.56019e-05	0.3189	
10960	344	3029	15.2572	22.8643	1730	15.0293	7	534	9	71	19	4	1.27491e+06	5.22111e-05	0.245	
10592	308	3035	15.1547	20.1018	1827	18.2716	6	533	8	57	12	4	1.34869e+06	5.17706e-05	0.2514	
10722	396	3026	23.6701	27.7352	1827	16.6154	7	535	7	68	37	4	1.03543e+06	6.32271e-05	0.1956	
11144	333	3030	16.6368	22.1176	1755	18.1296	7	531	15	76	23	4	1.20658e+06	5.11823e-05	0.309	
10777	333	3015	16.9773	25.9366	1759	16.789	6	534	17	68	15	3	1.19286e+06	5.70613e-05	0.1818	
11229	394	2992	23.9276	29.0129	1731	15.4696	7	530	12	58	9	6	1.0017e+06	6.1252e-05	0.2617	
10599	344	3002	15.2572	22.3271	1727	15.8908	7	529	11	63	15	3	1.29763e+06	5.41917e-05	0.1961	
10127	312	2954	19.8993	28.012	1830	17.9571	4	529	17	58	2	4	1.16221e+06	6.6107e-05	0.107	
10901	392	3025	22.6961	28.6802	1716	16.0498	8	525	17	56	19	5	1.02832e+06	6.2162e-05	0.2156	
11449	395	3016	22.8145	23.5751	1845	15.9093	10	524	12	73	19	3	1.01516e+06	5.31124e-05	0.372	
10141	311	3042	17.6548	23.2998	1769	18.4694	6	530	5	56	19	5	1.24216e+06	5.97979e-05	0.1079	
10921	344	3001	15.6251	21.6771	1730	15.9836	8	530	9	71	25	4	1.11956e+06	5.93155e-05	0.1505	
10587	392	3039	18.6164	26.6445	1843	17.6418	8	535	8	59	13	4	1.11956e+06	5.93155e-05	0.1505	
10900	400	3050	21.054	23.3164	1808	18.1949	9	534	3	60	18	5	1.06432e+06	5.51025e-05	0.2596	
10878	400	2966	20.4025	24.872	1756	17.319	5	530	14	61	57	5	1.08212e+06	5.90667e-05	0.2001	
10141	311	3042	17.4086	23.1061	1778	18.4694	6	528	5	56	19	5	1.2512e+06	5.94354e-05	0.1146	
11400	400	3016	22.8145	22.4269	1870	16.2518	10	525	15	73	31	3	1.024e+06	5.25597e-05	0.3938	
11264	391	3016	23.6373	26.0248	1816	16.6552	10	525	15	73	32	3	1.00466e+06	5.74086e-05	0.3121	
11068	366	3031	20.7547	22.0493	1818	19	9	524	17	58	42	3	1.08103e+06	5.38706e-05	0.3009	
10587	382	3039	22.2796	26.6445	1831	18.5611	8	535	8	59	13	4	1.05902e+06	6.13798e-05	0.1688	
11380	396	3016	22.946	21.696	1852	16.6552	10	524	20	78	19	3	1.02934e+06	5.194e-05	0.419	
11285	327	3023	19.985	20.2022	1899	18.5804	6	534	20	60	10	4	1.1349e+06	4.92951e-05	0.38	
10861	369	2970	17.5789	24.036	1900	16.7621	7	535	18	57	18	3	1.1496e+06	5.48516e-05	0.2204	
10978	400	3034	20.0129	23.3164	1795	15.7745	9	534	3	60	26	5	1.0777e+06	5.43242e-05	0.2759	
10917	337	3009	15	21.917	1730	16.1463	6	531	12	67	18	3	1.30349e+06	5.16823e-05	0.2578	
10837	381	3039	20.1463	22.4256	1808	17.8087	9	530	19	68	24	4	1.09326e+06	5.46866e-05	0.2523	
10836	394	3004	18.5815	22.2266	1754	17.986	9	532	19	69	56	4	1.13042e+06	5.60978e-05	0.213	
11199	367	3040	15.522	20.6068	1753	16.1147	7	533	4	70	48	4	1.25545e+06	4.99875e-05	0.3189	
11272	349	3042	16.8296	20.6783	1756	14.3266	6	531	15	58	9	3	1.1966e+06	4.82812e-05	0.3826	
11028	343	2987	16.9094	23.996	1869	15.1839	6	535	12	69	23	6	1.18752e+06	5.35963e-05	0.2505	
11405	371	3011	19.3222	25.2519	1900	14.9531	5	529	17	82	38	5	1.2891e+06	5.82479e-05	0.1134	
10225	307	3044	16.348	23.2998	1748	17.9959	7	529	17	55	14	5	1.2891e+06	5.82479e-05	0.1134	
11209	387	3009	22.449	29.1561	1763	15.6644	6	535	16	66	19	3	1.01345e+06	6.04339e-05	0.2285	
11285	298	3010	19.3687	20.7999	1883	18.4335	7	532	20	55	14	4	1.16171e+06	4.97636e-05	0.3427	
10349	342	3042	16.2756	20.3473	1756	15.142	5	527	17	57	22	5	1.28478e+06	5.47256e-05	0.1932	
10814	380	3024	25	29.2444	1819	19	7	532	10	63	51	4	1.02259e+06	6.58501e-05	0.177	
11400	397	3016	22.5084	25.8624	1845	16.9696	10	524	15	73	19	3	1.00632e+06	5.54785e-05	0.3445	
11153	400	3044	23.3184	27.615	1767	15.5546	6	528	3	66	54	4	1.11706e+06	5.00726e-05	0.3775	
11285	327	3023	20.5902	20.775	1899	18.5804	7	534	16	62	11	4	1.11706e+06	5.00726e-05	0.3775	
10887	390	3034	17.8799	20.8806	1792	15.7745	6	534	3	57	21	5	1.15913e+06	5.15889e-05	0.291	
10871	400	3008	22.26	26.1687	1888	18.8132	8	534	12	65	28	3	1.03733e+06	5.93577e-05	0.2177	
11090	387	2974	25	29.7508	1785	17.9572	6	527	9	58	10	6	1.00281e+06	6.38407e-05	0.25	
11381	400	3038	21.5275	23.0738	1843	15.2073	9	522	15	65	13	5	1.04211e+06	5.19832e-05	0.3681	
10587	397	3039	18.6164	26.8408	1864	18.5611	9	535	4	64	7	4	1.11646e+06	5.93014e-05	0.1687	
11115	369	2970	17.7727	27.3753	1886	16.56	6	528	11	80	18	4	1.0116e+06	6.19502e-05	0.2443	
11330	361	2962	22.8964	29.9774	1752	15.8327	8	529	13	61	33	5	1.0116e+06	6.19502e-05	0.2443	
11308	400	2998	19.3912	26.8408	1817	18.5611	9	533	3	67	19	3	1.05376e+06	5.5869e-05	0.2684	
10837	381	3040	20.1463	22.4256	1808	18.0569	9	531	19	69	33	4	1.09429e+06	5.51298e-05	0.2456	
11102	390	3037	18.5088	22.9838	1795	16.1377	7	532	7	57	29	5	1.11601e+06	5.26621e-05	0.3078	
11125	338	2970	17.5789	25.5136	1829	15.7607	7	535	17	57	4	3	1.14387e+06	5.4401e-05	0.2374	
10945	400	3034	22.5617	23.3578	1788	15.7745	5	534	7	60	18	5	1.05236e+06	5.57351e-05	0.2802	
10055	328	3042	19.1183	22.4402	1764	18.4694	7	527	13	56	13	5	1.19619e+06	6.07054e-05	0.128	
10950	385	2992	22.0318	27.3753	1886	16.7621	8	532	19	57	15	3	1.03329e+06	5.95912e-05	0.2228	
11500	339	3050	19.1834	22.6588	1846	17.9321	8	535	18	85	23	5	1.11016e+06	5.02134e-05	0.3819	
10837	396	3023	23.6701	27.2184	1855	16.8633	8	535	7	68	43	6	1.03033e+06	6.20309e-05	0.2105	
10577	356	3002	19.3223	21.9184	1758	16.2732	6	528	17	55	62	6	1.15854e+06	5.83942e-05	0.1648	
10363	342	3003	20.9186	28.3758	1716	15.7124	6	525	11	55	40	4	1.11077e+06	6.61989e-05	0.1211	
11381	382	3023	15.4121	21.8671	1841	15.2081	9	529	18	62	6	5	1.23338e+06	4.83232e-05	0.3747	
11073	392	2992	20.2087	27.5987	1837	15.3967	8	535	17	61	21	3	1.04922e+06	5.83431e-05	0.2151	
11033	385	3043	17.3101	24.6236	1759	18.5119	7	528	17	65	22	4	1.14519e+06	5.42152e-05	0.2396	
11233	337	3002	15	21.6771	1738	15.2472	9	532	9	71	18	4	1.28636e+06	4.96303e-05	0.3187	
11400	395	3016	22.8145	22.4269	1845	16.5406	10	524	15	73	19	3	1.02541e+06	5.2356e-05	0.3973	
11215	336	3035	16.1336	22.9769	1795	18.0797	6	533	6	71	13	4	1.22034e+06	5.07769e-05	0.3078	
11100	287	3030	16.773	23.2764	1820	14.8831	10	533	18	56	49	4	1.23308e+06	5.31773e-05	0.24	
11171	398	3001	21.528	20.9861	1889	16.1777	5	529	17	67	55	3	1.07319e+06	5.3118e-05	0.3319	
11331	400	3034	15.4966	21.2482	1804	16.2891	7	533	5	62	22	4	1.22998e+06	4.8499e-05	0.3721	
11110	330	3045	19.8653	20.775	1837	18.5804	7	534	16	67	10	4	1.1293e+06	5.07074e-05	0.3285	
10587	392	3039	18.6164	26.6445	1843	17.3436	8	535	8	59	13	4	1.11961e+06	5.92909e-05	0.1513	
11209	361	3009	22.449	28.817	1780	15.6644	6	530	17	66	62	3	1.02888e+06	6.12033e-05	0.2224	
11247	381	3004	20.1169	25.138	1882	18.832	5	535	16	55	22	4	1.06624e+06	5.4609e-05	0.2901	
11300	398	3001	21.1326	20.9861	1900	15.2177	5	528	18	67	55	3	1.07574e+06	5.19642e-05	0.3507	
11412	400	3016	22.8145	26.5861	1852	17.0209	10	524	15	73	19	3	999100	5.63444e-05	0.34	
10519	345	2987	20.3236	29.0942	1708	15.4708	6	530	17	59	24	4	1.10322e+06	6.4792e-05	0.1249	
11093	383	3023	15.2572	21.0263	1730	15.1824	6	530	11	68	40	4	1.26739e+06	5.06483e-05	0.2964	
10808	344	3002	15.2572	22.3271	1732	14.689	7	530	9	72	20	4	1.2869e+06	5.30279e-05	0.2383	
11285	298	3004	17.9631	20.7999	1899	18.4335	5	534	20	55	27	4	1.19898e+06	4.9581e-05	0.3456	
10881	320	3028	16.5603	20	1845	18.0973	6	535	9	57	13	4	1.25057e+06	5.02311e-05	0.3023	
10837	381	3047	19.8681	24.6295	1817	17.7625	7	528	18	66	45	4	1.09443e+06	5.73822e-05	0.2184	
11325	362	3029	22.488	24.8077	1851	14.3779	10	527	18	70	26	4	1.03247e+06	5.47375e-05	0.3236	
11285	380	3004	19.2551	20.775	1899	17.483	6	535	16	55	52	4	1.11441e+06	5.09944e-05	0.3292	
10896	383	3034	18.9648	22.9838	1796	15.8089	5	534	7	57	29	5	1.12186e+06	5.42005e-05	0.2536	
10729	400	3029	20.0575	21.9715	1790	18.0569	9	531	19	69	42	4	1.09997e+06	5.62303e-05	0.2279	
11263	381	3004	24.4272	25.138	1807	19	5	534	16	55	22	4	1.01582e+06	5.72082e-05	0.2856	
10643	400	2974	22.9358	25.845	1811	18.1933	8	523	9	57	62	4	1.0515e+06	6.35647e-05	0.182	
11016	390	3034	17.8799	20.1845	1792	15.7745	6	534	3	59	21	5	1.15912e+06	5.02134e-05	0.3243	
10837	381	3050	19.8681	24.6295	1817	17.7625	9	528	17	65	32	4	1.08929e+06	5.67505e-05	0.2317	
10771	369	3042	24.758	29.9848	1708	17.4472	6	528	5	69	22	4	1.02998e+06	6.56944e-05	0.207	
10524	392	2982	18.9181	22.6762	1886	16.3533	7	534	18	59	9	3	1.13071e+06	5.62398e-05	0.1976	
11293	365	3017	19.1595	24.1398	1725	14.5609	9	532	17	67	55	4	1.09308e+06	5.41536e-05	0.276	
10587	373	3037	19.4847	23.8853	1816	18.5611	8	535	4	64	14	4	1.11804e+06	5.70972e-05	0.2001	
10938	400	3034	21.1563	23.3164	1795	15.1195	10	534	3	60	26	5	1.05982e+06	5.51815e-05	0.2687	
10921	362	3002	20.084	20.6738	1750	15.1824	8	530	9	71	25	4	1.11169e+06	5.29073e-05	0.3142	
10878	394	2966	21.2287	23.9647	1815	17.319	5	531	16	61	57	5	1.07395e+06	5.84898e-05	0.2131	
11380	392	3023	20.8065	21.5731	1793	16.6552	10	525	15	83	19	3	1.05953e+06	5.08259e-05	0.3912	
10941	400	3020	17.6796	25.1368	1740	16.4347	9	535	15	74	32	5	1.12933e+06	5.61798e-05	0.2064	
10837	381	3050	19.6223	24.6295	1817	17.7625	9	528	16	66	39	4	1.0954e+06	5.69541e-05	0.2267	
10813	361	3009	22.449	26.8657	1763	15.6644	6	529	17	59	54	3	1.05508e+06	6.19233e-05	0.1842	
10587	392	3039	18.6164	26.6445	1843	18.5611	8	535	8	58	13	4	1.11926e+06	5.94001e-05	0.1461	
11295	341	3016	21.7732	22.4399	1832	17.1214	4	533	14	66	26	3	1.07775e+06	5.25486e-05	0.3366	
10410	365	3035	16.8569	22.2095	1709	17.0434	6	519	18	64	25	5	1.22872e+06	5.65867e-05	0.187	
10141	351	3042	17.9084	21.9928	1778	18.4694	5	530	5	56	19	5	1.21985e+06	5.86579e-05	0.1396	
10878	390	2963	19.8653	23.9647	1700	17.319	7	528	14	56	57	5	1.09598e+06	5.81429e-05	0.2093	
11293	377	3031	17.6591	22.5603	1763	15.4834	10	526	17	63	72	4	1.1429e+06	5.28178e-05	0.2915	
11102	390	3037	18.5088	22.6107	1826	15.3792	6	534	3	60	35	5	1.1221e+06	5.23999e-05	0.3041	
10426	392	3039	18.6164	26.9211	1843	18.5611	8	535	4	57	8	5	1.13127e+06	6.07497e-05	0.1268	
10908	348	2989	24.5195	29.9322	1784	16.7075	6	528	15	62	8	3	1.02748e+06	6.45286e-05	0.2165	
11341	380	3004	19.2551	21.1353	1899	18.1747	6	532	16	55	40	4	1.10744e+06	5.04796e-05	0.3503	
10903	328	2972	19.3558	20	1794	16.7621	7	535	19	65	15	3	1.14991e+06	5.19967e-05	0.2935	
10921	383	3002	16.1335	21.6771	1730	15.6399	6	535	7	70	25	4	1.21833e+06	5.22111e-05	0.266	
11061	368	3050	16.659	20	1782	16.7806	7	525	16	63	4	4	1.21118e+06	4.87543e-05	0.3661	
11016	390	3034	21.5163	22.9838	1795	15.7745	5	535	4	55	29	4	1.06484e+06	5.46388e-05	0.2749	
11062	345	3037	15.7467	20.3057	1829	17.0922	9	530	15	58	62	6	1.2705e+06	5.13743e-05	0.2804	
11500	377	3016	23.2756	22.4269	1845	16.9643	10	524	15	72	19	3	1.02544e+06	5.20996e-05	0.4124	
11325	396	3023	22.488	26.7187	1851	14.0729	10	527	18	70	36	4	1.00905e+06	5.69541e-05	0.3131	
10587	373	3039	19.4847	27.2027	1816	14.9843	8	535	12	64	14	4	1.10562e+06	6.03464e-05	0.1606	
10565	362	2965	21.3102	23.5502	1736	17.7651	6	530	4	57	19	3	1.09055e+06	5.89831e-05	0.2049	
11214	361	3009	22.4217	29.1561	1723	15.6644	6	534	17	66	67	4	1.03057e+06	6.19732e-05	0.202	
10591	379	3042	24.758	29.8201	1708	17.3055	6	527	5	62	34	4	1.03927e+06	6.75356e-05	0.1697	
11001	335	2994	16.1335	21.6771	1730	16.5199	8	535	9	61	7	4	1.23406e+06	5.10152e-05	0.2935	
10019	387	3042	18.1198	22.7808	1757	15.3258	7	530	6	56	17	5	1.20496e+06	6.14931e-05	0.12	
10950	385	2966	21.7228	27.3753	1871	16.7621	10	534	17	57	15	3	1.03427e+06	5.97479e-05	0.2209	
11000	350	3035	15	20.1018	1846	18.8232	6	531	9	69	13	4	1.30695e+06	4.9157e-05	0.3505	
11449	395	3012	22.8145	23.5751	1827	16.0146	10	524	12	75	19	3	1.01663e+06	5.32056e-05	0.3712	
10910	292	2979	16.7328	21.3922	1796	15.4429	6	515	6	68	2	4	1.1774e+06	5.20752e-05	0.2743	
11028	374	3048	16.9094	23.385	1869	15.1807	6	535	11	61	15	6	1.1774e+06	5.20752e-05	0.2743	
11016	400	3034	20.612	23.3578	1795	15.7745	5	533	6	60	17	4	1.07175e+06	5.40716e-05	0.2821	
11400	391	3016	22.6639	26.0248	1784	16.6552	10	525	16	73	32	3	1.00664e+06	5.61514e-05	0.332	
10234	380	3000	20.9186	28.4485	1716	16.1307	6	525	11	55	36	4	1.10715e+06	6.74536e-05	0.1098	
10893	390	2989	25	29.9322	1728	14.594	7	519	19	67	16	4	1.00978e+06	6.52699e-05	0.2317	
10337	400	2987	22.26	26.1687	1888	18.8392	8	534	11	65	47	4	1.08245e+06	6.56426e-05	0.158	
10751	394	3040	16.9416	23.6958	1856	17.7452	7	526	16	65	27	5	1.18053e+06	5.50479e-05	0.2201	
11494	366	3041	19.1637	20.9483	1752	15.008	7	518	12	57	20	3	1.11164e+06	4.87353e-05	0.4601	
10693	308	3035	15.1547	20.1018	1827	18.2716	6	531	14	62	12	4	1.34362e+06	5.1164e-05	0.2716	
10596	356	3049	19.3223	21.9184	1758	16.2732	5	528	17	55	50	4	1.15097e+06	5.68214e-05	0.1848	
11301	400	3016	22.8144	23.4508	1866	15.8708	10	524	16	61	19	3	1.02016e+06	5.37548e-05	0.3505	
11113	400	3012	22.26	26.1687	1888	18.8132	8	535	12	65	28	3	1.0231e+06	5.75639e-05	0.2523	
11264	400	3018	17.3589	20	1868	15.3191	6	529	12	61	7	3	1.16213e+06	4.7895e-05	0.3842	
11164	351	3043	23.067	20.314	1887	17.5244	10	529	8	76	14	4	1.07612e+06	5.17438e-05	0.3829	
11051	370	2982	18.8708	27.678	1900	16.4972	8	534	19	58	2	3	1.08427e+06	5.74515e-05	0.2177	
10891	320	3028	16.5603	20	1845	18.0973	6	535	9	57	27	3	1.24761e+06	5.07588e-05	0.298	
10893	335	2972	17.9531	20	1794	16.7621	7	535	19	65	15	4	1.1842e+06	5.14774e-05	0.2825	
10019	305	3045	19.6725	23.2996	1754	18.4694	8	527	19	56	19	5	1.19822e+06	6.31951e-05	0.1119	
11155	337	3002	15	21.6771	1738	15.2472	9	532	8	68	27	4	1.29162e+06	5.03449e-05	0.2981	
11449	372	3016	22.8145	23.5751	1845	16.2518	10	525	12	73	19	3	1.02677e+06	5.31152e-05	0.3686	
10694	331	3035	15.1547	20.1018	1827	18.2716	6	532	8	57	12	4	1.32581e+06	5.10152e-05	0.2777	
10993	354	3033	15.2572	22.9404	1746	15.1824	6	533	9	71	25	4	1.27044e+06	5.21893e-05	0.2518	
10775	361	3009	22.449	26.8657	1766	16.2393	6	529	19	59	54	3	1.05802e+06	6.23325e-05	0.1726	
10760	391	3028	23.6701	27.7352	1827	16.2884	8	535	7	68	37	6	1.03582e+06	6.29485e-05	0.2005	
11140	400	3027	22.4766	29.7597	1862	16.0526	10	524	15	70	19	3	1.00616e+06	6.11284e-05	0.2573	
10771	361	3026	23.6701	27.9018	1827	16.8633	7	529	8	59	37	6	1.04414e+06	6.30994e-05	0.1979	
11500	400	3007	20.5915	22.6985	1843	18.7159	5	534	19	73	66	3	1.05783e+06	5.25652e-05	0.3403	
10941	348	2989	21.7694	29.9322	1784	16.736	6	528	20	59	8	3	1.0475e+06	6.27156e-05	0.1887	
10837	381	3050	19.8681	24.6295	1817	17.7625	9	528	17	65	32	4	1.08929e+06	5.67505e-05	0.2317	
11009	344	3029	15.2572	22.8643	1730	15.0293	7	534	9	71	19	4	1.2721e+06	5.18618e-05	0.2531	
10160	384	2974	21.3102	23.5502	1716	18.2754	6	530	4	57	19	3	1.11279e+06	6.27431e-05	0.1343	
11269	389	3016	22.5084	25.8624	1845	16.9696	10	535	15	73	16	3	1.01446e+06	5.60601e-05	0.2874	
11264	336	3035	15.1547	21.2499	1795	17.4385	6	533	4	71	13	4	1.28641e+06	4.86452e-05	0.3626	
11500	377	3016	22.5084	25.8624	1845	16.9696	9	524	15	73	25	3	1.01306e+06	5.50782e-05	0.3623	
11411	327	3036	19.5682	20.2022	1899	17.0128	6	534	20	58	5	4	1.13785e+06	4.80607e-05	0.3927	
11072	400	2987	21.6003	23.3164	1808	18.1949	8	534	5	60	24	5	1.04938e+06	5.5063e-05	0.284	
10555	380	3028	25	28.9037	1811	19	7	527	12	63	51	4	1.0426e+06	6.79071e-05	0.1602	
10338	397	3031	22.26	26.0116	1888	17.3895	7	534	11	59	47	4	1.08329e+06	6.47124e-05	0.1389	
10825	392	2996	19.4812	22.3352	1804	18.1954	6	534	3	63	18	5	1.10992e+06	5.4407e-05	0.2571	
10588	397	3021	18.6164	22.7386	1864	18.5611	9	535	4	64	17	4	1.13469e+06	5.58378e-05	0.2142	
11457	370	3016	22.946	21.5994	1781	18.7205	10	524	20	78	21	3	1.03698e+06	5.1792e-05	0.4038	
11473	354	3042	16.056	20	1772	15.008	7	535	6	57	20	3	1.2261e+06	4.67464e-05	0.4206	
11307	386	3031	18.9249	25.54	1859	18.1755	9	508	0	85	65	3	1.03033e+06	6.20309e-05	0.2105	
10837	396	3023	23.6701	27.2184	1855	16.8633	8	535	7	68	43	6	1.03033e+06	6.20309e-05	0.2105	
10873	369	2960	21.7228	27.3753	1886	18.8657	8	535	17	60	16	5	1.05103e+06	6.0529e-05	0.2016	
11119	355	3050	21.307	26.6819	1719	14.6624	7	529	17	58	47	4	1.05819e+06	5.817e-05	0.236	
10397	378	3029	24.0309	26.0943	1749	19	9	527	5	58	56	3	1.06434e+06	6.63526e-05	0.1512	
10663	321	3042	15.954	20.6783	1858	15.008	7	535	15	57	14	3	1.27917e+06	5.17786e-05	0.2461	
11268	397	3030	20.1967	26.5311	1734	16.4079	8	528	17	73	8	4	1.04627e+06	5.57538e-05	0.2815	
11380	400	3018	22.7623	29.7597	1871	16.3159	10	524	15	74	19	3	990860	6.0042e-05	0.2911	
11493	400	3025	21.683	28.7556	1742	16.6552	10	524	15	80	19	3	1.00171e+06	5.81937e-05	0.3024	
11417	397	3016	22.8144	23.4508	1845	16.6552	10	524	15	70	23	3	1.01759e+06	5.32765e-05	0.3632	
10729	375	3034	20.1463	22.4532	1772	18.0569	9	531	19	69	33	4	1.10223e+06	5.61766e-05	0.2271	
11016	400	3034	22.5617	23.3164	1791	16.7798	9	534	3	60	18	5	1.03883e+06	5.53036e-05	0.2905	
10793	339	3046	15	21.0738	1749	17.7051	5	528	20	65	27	4	1.3222e+06	5.2021e-05	0.2336	
11264	391	3016	23.6373	26.0248	1821	16.7432	10	525	15	74	32	3	1.00452e+06	5.74185e-05	0.3127	
11400	397	3016	21.4279	26.2298	1817	16.6552	10	528	17	73	19	3	1.0192e+06	5.53771e-05	0.3282	
10141	311	3021	17.6072	22.6942	1745	18.4694	7	527	8	58	19	5	1.24499e+06	5.96125e-05	0.1228	
10729	384	3050	20.1463	22.4532	1805	18.0569	9	531	19	69	33	4	1.09977e+06	5.59378e-05	0.2288	
10284	311	3042	17.9084	23.714	1831	18.4694	6	527	3	56	12	5	1.21863e+06	5.83124e-05	0.1624	
10192	335	3040	20.3795	26.3226	1854	18.7496	4	535	17	59	2	4	1.14369e+06	6.29129e-05	0.1181	
11395	383	3013	18.6981	22.9312	1846	17.4539	8	534	18	73	23	5	1.09834e+06	5.10256e-05	0.354	
10804	335	3008	15.2572	21.6771	1727	15.3066	8	533	9	71	35	4	1.29663e+06	5.33021e-05	0.2274	
11000	350	3035	17.9298	20.1018	1810	18.8232	7	534	7	66	4	4	1.17189e+06	4.99301e-05	0.3292	
11229	380	3015	23.2601	29.7508	1749	17.757	6	535	5	64	43	6	1.01237e+06	6.21968e-05	0.225	
11410	287	2996	17.214	23.3265	1820	14.8747	10	533	18	55	35	4	1.20342e+06	5.11928e-05	0.3104	
11030	389	3050	16.3715	21.6865	1817	17.3426	9	533	16	68	34	4	1.19606e+06	5.15145e-05	0.2738	
11341	380	3004	18.2465	21.1353	1899	18.1747	5	532	17	55	40	4	1.13556e+06	5.00601e-05	0.357	
11449	395	3012	22.8145	23.5751	1826	16.0146	10	524	12	75	17	3	1.01671e+06	5.31745e-05	0.371	
10878	394	2966	20.0141	23.7148	1816	17.319	5	531	16	61	57	5	1.09627e+06	5.76602e-05	0.2109	
10722	371	3017	21.8389	25.4011	1777	17.5425	8	535	7	65	36	5	1.06769e+06	6.00492e-05	0.195	
10911	381	3050	20.3157	22.5454	1791	15.5722	9	528	19	68	33	4	1.08685e+06	5.4484e-05	0.2692	
11066	385	3029	20.8743	27.6366	1851	14.7881	10	527	19	70	36	5	1.04512e+06	5.88132e-05	0.2436	
11380	396	3016	20.759	27.343	1852	16.004	10	534	13	75	25	4	1.02559e+06	5.63444e-05	0.2844	
10991	366	3027	22.5617	23.3164	1795	15.7745	9	534	19	60	7	5	1.05293e+06	5.51907e-05	0.2838	
10200	400	2995	23.5449	29.4328	1854	18.5077	6	511	9	60	65	4	1.23648e+06	6.06575e-05	0.1069	
10075	328	3042	17.908	22.4402	1764	18.4694	7	532	13	56	26	5	1.23648e+06	6.06575e-05	0.1069	
11308	400	2994	19.3912	26.8408	1817	18.5611	9	533	8	66	19	3	1.05319e+06	5.59284e-05	0.2623	
11204	365	2950	16.7381	22.7989	1768	15.4405	9	533	20	74	33	3	1.16866e+06	5.23697e-05	0.2765	
11400	395	3016	22.8145	22.4269	1845	15.7531	10	524	15	72	36	3	1.02539e+06	5.27398e-05	0.3838	
11293	365	3017	19.1595	24.0762	1725	15.838	9	532	17	67	38	4	1.09117e+06	5.35189e-05	0.288	
11500	393	3016	22.8145	28.7556	1852	16.6552	10	534	13	75	25	4	991952	5.83431e-05	0.2955	
11016	393	3034	17.8799	20.1845	1792	15.7745	6	534	3	59	17	5	1.15872e+06	5.00626e-05	0.3267	
10324	369	3042	19.1183	22.4402	1764	18.4694	6	527	13	56	13	5	1.15588e+06	5.76934e-05	0.1699	
11499	397	3016	17.7034	25.9485	1869	16.2482	10	526	15	73	19	3	1.09478e+06	5.29185e-05	0.3236	
11066	400	3038	23.1576	25.0762	1814	14	9	527	18	62	36	3	1.02006e+06	5.73164e-05	0.2724	
11395	383	3049	18.6981	22.9312	1846	17.4539	8	534	18	82	23	5	1.09879e+06	5.08078e-05	0.3666	
11001	335	2994	16.1335	22.7502	1724	16.5199	6	535	9	62	17	4	1.23156e+06	5.23725e-05	0.2527	
10363	342	3010	20.9186	26.3259	1722	15.7124	8	525	11	55	40	4	1.11393e+06	6.38692e-05	0.1313	
10141	376	3042	17.6843	22.9703	1817	15.9135	6	531	5	56	13	5	1.20894e+06	5.88651e-05	0.1384	
10923	336	2970	18.8708	25.1109	1709	16.4972	8	534	18	56	4	3	1.12026e+06	5.61514e-05	0.2198	
10837	381	3050	19.1411	22.4256	1781	17.8864	9	530	13	63	40	4	1.11687e+06	5.48908e-05	0.2424	
11028	374	3048	16.9094	23.385	1852	15.1807	6	535	17	65	18	6	1.17654e+06	5.22821e-05	0.2609	
10471	347	3042	17.9084	23.2998	1819	14.4877	6	530	5	56	19	5	1.18832e+06	5.65259e-05	0.193	
11285	298	3004	19.3687	20.8704	1900	17.1398	5	532	20	58	14	4	1.16547e+06	4.96894e-05	0.3518	
10966	281	3034	18.36	20.7042	1831	15.7745	6	534	7	57	21	5	1.21922e+06	5.10751e-05	0.2982	
11381	400	3009	19.6045	21.8671	1856	15.2081	9	520	19	64	13	4	1.07972e+06	5.01605e-05	0.387	
11045	390	3034	18.9648	22.9838	1778	15.5588	5	534	3	57	29	5	1.11179e+06	5.31915e-05	0.2921	
10587	392	3039	18.6164	26.6445	1843	18.5611	8	535	8	59	13	4	1.11944e+06	5.93965e-05	0.1479	
10942	400	3050	21.5415	23.3164	1808	18.1949	9	534	3	60	18	5	1.05453e+06	5.50873e-05	0.269	
10587	373	3037	20.9653	23.8853	1816	18.5611	8	535	4	65	14	4	1.09175e+06	5.78972e-05	0.2147	
11251	320	3035	18.7562	20.2541	1827	17.3889	5	533	5	75	21	4	1.16733e+06	4.93364e-05	0.372	
11100	287	2963	17.214	23.5035	1820	14.8747	10	533	18	56	49	4	1.2122e+06	5.41653e-05	0.2385	
10565	362	3032	21.3102	23.3732	1736	17.7651	6	530	4	57	38	3	1.09558e+06	5.90528e-05	0.1926	
11125	338	2970	17.6435	25.5136	1829	16.181	7	535	17	55	4	3	1.14181e+06	5.44662e-05	0.2364	
10478	327	2995	15.853	24.0583	1818	14.3877	7	531	12	55	5	4	1.27239e+06	5.61356e-05	0.1583	
11447	400	3043	20.1635	20.314	1878	18.0337	6	509	4	76	25	4	1.09671e+06	4.90004e-05	0.4899	
10352	308	3035	15.7415	20.1018	1749	16.3035	6	532	18	57	12	4	1.32807e+06	5.39171e-05	0.1876	
10587	392	3028	18.6164	27.0779	1843	18.4781	8	535	7	57	8	4	1.11676e+06	5.97657e-05	0.1449	
10587	392	3040	18.4105	24.6454	1843	18.5611	6	535	4	57	14	3	1.13414e+06	5.71265e-05	0.1782	
11483	396	3021	19.053	26.0267	1787	14.9741	8	531	13	80	14	6	1.06565e+06	5.37143e-05	0.3171	
11272	377	3042	20.8787	20.2933	1766	15.4704	6	530	15	66	9	3	1.08606e+06	4.98132e-05	0.3978	
10723	394	3005	21.1555	24.7238	1899	18.795	9	532	19	66	37	3	1.06784e+06	5.90214e-05	0.2007	
11458	390	3040	19.4812	22.4628	1806	16.7717	6	535	0	63	29	5	1.08663e+06	5.04821e-05	0.3767	
10019	400	3042	18.1198	22.7808	1757	15.3258	6	531	6	56	17	5	1.20416e+06	6.15006e-05	0.1172	
11251	348	3035	18.3058	20.1018	1827	15.8237	5	534	5	75	26	4	1.16299e+06	4.91352e-05	0.3725	
10923	370	2990	17.5789	22.6762	1886	16.3171	7	534	18	59	7	3	1.15458e+06	5.25348e-05	0.2672	
10734	381	3035	19.9003	22.6017	1856	16.7418	6	529	19	55	48	4	1.11105e+06	5.63761e-05	0.2106	
10587	374	3016	19.4847	20.682	1775	18.5611	8	535	2	61	14	4	1.13494e+06	5.45971e-05	0.2399	
10587	374	3016	19.4847	26.9211	1775	18.5611	8	535	5	61	13	4	1.10426e+06	6.0507e-05	0.149	
10808	344	3002	15.2572	22.3271	1732	15.3629	7	530	9	72	20	4	1.28667e+06	5.30617e-05	0.2375	
11388	355	3050	20.1885	22.809	1843	17.005	8	526	19	57	32	4	1.08341e+06	5.14854e-05	0.3598	
10462	311	3042	17.9084	20.0338	1761	18.4694	6	530	5	56	9	5	1.22896e+06	5.36884e-05	0.2243	
10448	398	2971	21.3106	28.5852	1820	17.8538	8	528	11	58	56	4	1.08064e+06	6.71547e-05	0.143	
10923	328	3003	19.3558	22.8395	1867	16.7621	7	534	19	62	10	3	1.12965e+06	5.35733e-05	0.2567	
10617	356	3005	19.7456	22.3769	1758	16.2732	6	528	17	55	62	6	1.14251e+06	5.85514e-05	0.1658	
10893	390	3004	25	29.9322	1728	14.594	7	526	19	67	16	4	1.01045e+06	6.50491e-05	0.2156	
11264	400	3044	17.3589	20	1868	15.3191	6	526	12	61	7	3	1.16422e+06	4.76826e-05	0.3926	
10410	365	3034	16.8569	22.2095	1709	17.5773	6	534	18	64	25	5	1.22982e+06	5.69346e-05	0.1388	
10257	342	3003	20.8928	28.3758	1716	15.7926	5	525	16	55	40	4	1.12248e+06	6.73174e-05	0.1096	
10723	394	2994	20.7201	23.2003	1809	18.7862	9	529	16	69	56	3	1.08505e+06	5.88097e-05	0.2104	
11199	320	3035	15.1547	20.4781	1827	17.3889	6	533	11	71	35	4	1.30735e+06	4.91908e-05	0.3387	
10878	390	2957	19.8653	23.9647	1700	16.0416	7	528	14	58	57	5	1.09501e+06	5.80686e-05	0.2116	
10506	374	3044	20.1805	29.6948	1795	15.6634	5	528	3	62	13	4	1.09569e+06	6.39918e-05	0.155	
10725	335	2998	15.7732	21.6771	1730	15.6399	8	533	9	61	23	4	1.2692e+06	5.33191e-05	0.2166	
10337	400	2987	22.26	26.1687	1900	18.8132	6	529	11	65	52	4	1.02661e+06	6.45536e-05	0.2098	
10857	375	2989	23.1787	30	1728	16.8069	8	521	19	62	15	4	1.02661e+06	6.45536e-05	0.2098	
11030	381	3050	15	21.6865	1817	18.3212	9	531	16	68	40	4	1.27751e+06	5.14721e-05	0.2627	
11061	368	3050	16.659	20	1782	16.9273	7	525	16	63	8	4	1.20989e+06	4.88974e-05	0.3656	
10587	380	3039	20.9251	26.6445	1831	18.5611	8	535	8	59	8	4	1.07799e+06	6.03646e-05	0.1707	
10956	381	2981	23.9534	27.1764	1751	17.9572	6	529	8	59	52	6	1.02844e+06	6.24532e-05	0.2151	
11312	400	2950	22.7557	29.5382	1719	17.4596	9	524	9	81	26	4	997002	6.15536e-05	0.2731	
10745	396	3026	25	28.8326	1812	17.5414	8	535	7	68	22	6	1.02358e+06	6.47291e-05	0.2086	
10864	390	3033	17.8799	20.5782	1811	15.7745	6	534	3	57	21	5	1.16284e+06	5.14854e-05	0.2893	
10723	394	3005	20.2061	24.7238	1833	18.4968	10	532	19	61	49	3	1.08494e+06	5.9312e-05	0.1751	
11380	350	3002	15	21.6771	1738	15.2472	9	532	5	71	18	4	1.27351e+06	4.88186e-05	0.3519	
11173	337	3029	15.2572	22.8643	1730	15.0293	7	534	9	71	19	4	1.26858e+06	5.09009e-05	0.2813	
11293	369	3021	19.507	22.5603	1714	14.5609	8	530	17	65	67	4	1.09717e+06	5.33646e-05	0.2967	
11199	295	3035	15.1547	20.4781	1831	17.3889	6	533	11	71	35	4	1.33027e+06	4.9186e-05	0.3389	
10799	381	3047	19.8681	24.6295	1795	17.7625	7	528	18	66	44	4	1.09672e+06	5.77201e-05	0.21	
11066	395	3036	21.4868	25.6133	1895	14	10	527	18	61	31	4	1.03956e+06	5.65643e-05	0.2706	
11306	394	2960	20.2061	25.333	1798	18.0033	8	533	19	56	75	3	1.05911e+06	5.71984e-05	0.2359	
10587	392	3039	18.6164	26.9211	1843	18.5611	8	535	5	59	8	4	1.11789e+06	5.94566e-05	0.1517	
10723	394	3004	20.2061	22.967	1806	18.7862	9	532	16	56	56	4	1.09796e+06	5.8126e-05	0.17	
10941	400	3001	17.6796	23.5397	1740	16.4347	8	535	18	74	14	5	1.13555e+06	5.40453e-05	0.2455	
10587	373	3037	19.4847	23.8853	1806	18.6945	9	535	4	64	32	4	1.11975e+06	5.80653e-05	0.1867	
11016	390	3017	21.5163	23.5587	1794	15.1859	5	535	4	55	29	4	1.0606e+06	5.52944e-05	0.2678	
11446	399	3026	21.8175	21.3575	1720	15.6874	7	524	17	69	36	6	1.05643e+06	5.12873e-05	0.4101	
11068	400	2951	22.3187	28.3385	1761	17.9716	9	529	7	71	67	5	1.02394e+06	6.27392e-05	0.2167	
11171	398	3001	19.6634	20.5844	1754	15.0134	5	526	18	67	7	3	1.09969e+06	5.03499e-05	0.3662	
10813	361	3021	22.449	26.8657	1800	15.2186	6	529	17	59	54	3	1.05561e+06	6.16637e-05	0.1875	
10587	392	3025	17.2368	26.9211	1842	18.5611	8	535	9	60	8	4	1.16293e+06	5.90354e-05	0.1534	
10725	399	3024	19.507	22.5603	1714	14.5609	9	530	16	60	61	4	1.11342e+06	5.75043e-05	0.1936	
11251	321	3035	17.7854	20.6746	1849	15.6864	5	532	5	70	26	3	1.18849e+06	4.9232e-05	0.3694	
10837	396	3023	23.6701	26.5516	1855	17.5254	8	534	7	65	43	6	1.03179e+06	6.13798e-05	0.215	
10729	381	3033	16.7677	22.4532	1805	18.0569	9	532	19	71	36	4	1.19564e+06	5.50116e-05	0.203	
10200	391	2993	24.7075	29.1472	1827	18.2049	6	513	12	59	65	4	1.07493e+06	7.30407e-05	0.1402	
11134	328	3002	16.0055	23.1258	1796	16.3143	7	534	5	66	8	4	1.23203e+06	5.13136e-05	0.2919	
10285	385	2969	18.1113	22.6906	1812	17.9059	5	535	12	62	9	4	1.17975e+06	5.83669e-05	0.1539	
10587	400	3016	19.4847	26.9211	1775	18.5611	8	535	5	61	20	4	1.0969e+06	6.08162e-05	0.1441	
11210	397	3016	22.8057	25.8624	1845	16.9696	10	524	15	73	19	3	1.0132e+06	5.67086e-05	0.3098	
10998	358	2994	16.7735	23.1423	1737	15.6399	5	535	9	59	23	4	1.19127e+06	5.30898e-05	0.248	
10911	400	3050	20.4027	22.7062	1791	15.5722	8	528	20	69	46	4	1.08135e+06	5.53465e-05	0.2578	
11289	378	3000	22.8134	26.6832	1719	17.4596	10	528	9	73	38	3	1.01286e+06	5.81159e-05	0.291	
11230	396	3016	22.8145	25.3413	1852	16.6552	10	534	13	68	25	4	1.0151e+06	5.61577e-05	0.2857	
10426	392	3039	18.6164	26.9211	1843	18.9889	8	535	4	57	8	5	1.13099e+06	6.07903e-05	0.1254	
11330	361	2962	22.8964	29.9774	1752	15.8327	8	530	13	59	33	4	1.01005e+06	6.1954e-05	0.2413	
11199	320	3035	15.1547	20.4781	1849	17.3889	6	533	11	73	35	5	1.30976e+06	4.91811e-05	0.343	
11201	364	3035	18.8972	23.0746	1701	15.2035	9	529	5	70	18	3	1.10441e+06	5.21948e-05	0.3285	
11264	400	3018	17.5771	20	1868	15.3191	7	529	12	60	51	3	1.15542e+06	4.96155e-05	0.3675	
11016	390	3034	18.5088	20	1792	15.8558	6	534	3	57	23	4	1.14165e+06	5.03931e-05	0.3236	
11293	353	3020	20.7989	21.2524	1700	16.4354	9	531	18	64	39	4	1.08273e+06	5.18538e-05	0.3579	
11293	353	3040	19.507	22.5603	1743	14.5143	9	528	17	63	67	3	1.10202e+06	5.30955e-05	0.3055	
11293	365	3014	19.1482	26.9368	1747	14.6318	9	535	17	67	58	4	1.08052e+06	5.7107e-05	0.2299	
11260	378	3050	21.0557	23.6837	1749	15.8656	9	530	5	63	24	4	1.05284e+06	5.3339e-05	0.3372	
11199	344	3023	15.5402	20.1018	1827	16.1147	7	535	10	64	34	4	1.26885e+06	4.88902e-05	0.3521	
11016	390	3034	18.5088	20.8806	1794	15.7745	6	534	6	57	29	5	1.13594e+06	5.13611e-05	0.3056	
11308	400	2998	19.3912	26.8408	1817	18.5611	9	533	3	68	19	3	1.05366e+06	5.58597e-05	0.2686	
10734	373	3039	19.4847	26.9211	1816	18.627	7	535	4	64	34	4	1.09964e+06	5.99089e-05	0.1699	
10877	320	2958	17.4996	20.123	1842	17.3996	6	532	8	57	11	4	1.21317e+06	5.11692e-05	0.3056	
11380	392	3030	20.9259	20.9083	1793	16.6552	10	527	15	83	19	3	1.06272e+06	5.02386e-05	0.3857	
10878	390	2963	19.8645	23.9647	1701	17.4343	7	528	14	56	57	5	1.09662e+06	5.81531e-05	0.2092	
10766	393	3039	19.0343	26.9211	1816	16.6576	8	533	4	63	14	5	1.0976e+06	5.85035e-05	0.1909	
10663	369	2982	16.9488	22.6762	1896	16.3533	7	534	17	59	15	3	1.19268e+06	5.45375e-05	0.2139	
11123	384	3039	18.6164	26.9211	1840	18.5611	8	535	7	64	8	4	1.0884e+06	5.59472e-05	0.2333	
10665	385	3029	20.8743	26.1296	1842	17.316	10	527	18	58	36	5	1.07578e+06	6.04631e-05	0.1804	
11050	361	3009	21.6057	29.1561	1763	15.6644	6	528	17	58	53	3	1.04478e+06	6.21427e-05	0.1921	
11076	354	2995	16.7921	25.1345	1761	14.3877	10	535	7	58	2	4	1.16775e+06	5.38242e-05	0.2404	
11483	396	3023	23.6701	27.2184	1855	15.9834	8	531	7	68	40	6	996172	5.73625e-05	0.329	
11233	351	3002	15	21.8861	1738	15.2472	9	532	9	71	18	4	1.27679e+06	4.98082e-05	0.3134	
11100	287	3030	17.214	23.1175	1820	14.8747	10	533	18	56	49	4	1.21694e+06	5.31802e-05	0.2447	
11275	273	3034	15.4966	21.2482	1804	16.4585	7	535	5	66	17	4	1.32433e+06	4.86902e-05	0.3573	
11301	397	2987	22.8144	30	1845	14.1119	10	520	15	73	19	3	993938	6.11995e-05	0.2875	
11021	335	2994	15	21.6771	1786	14.3243	8	523	9	71	50	4	1.09311e+06	5.39898e-05	0.2853	
11293	369	3023	19.3544	23.4142	1714	15.0586	9	530	17	68	64	4	1.09311e+06	5.39898e-05	0.2853	
11331	323	3030	15.4966	22.3215	1804	16.4585	7	533	5	66	17	4	1.26302e+06	4.93681e-05	0.338	
9996	390	3034	21.5163	22.9838	1795	15.7745	5	535	12	55	26	4	1.13778e+06	6.50957e-05	0.1237	
11494	366	3041	19.1637	21.2699	1752	15.008	7	525	17	57	20	3	1.10529e+06	4.89716e-05	0.424	
10822	390	3049	20.3132	20.8806	1797	16.7717	6	528	3	56	37	4	1.10765e+06	5.3749e-05	0.2845	
10800	287	3030	15.7875	21.7158	1820	16.1587	10	498	18	58	43	5	1.07999e+06	5.78035e-05	0.2214	
10878	390	2963	19.8653	25.4582	1756	17.319	7	531	17	57	19	5	1.07999e+06	5.78035e-05	0.2214	
10587	373	3046	19.7766	26.9211	1814	15.9061	7	535	18	64	4	4	1.10125e+06	5.98086e-05	0.1651	
11209	387	3009	21.4362	28.6597	1763	15.6644	6	535	13	66	19	3	1.02534e+06	5.93014e-05	0.2272	
11285	327	3023	20.9978	20.2022	1899	18.5804	6	534	20	60	10	4	1.119e+06	4.98008e-05	0.3963	
10163	384	2974	21.3102	23.5502	1716	18.2754	6	529	4	57	19	3	1.11228e+06	6.27038e-05	0.1373	
10917	337	3009	15	21.917	1737	16.1463	6	531	12	67	18	3	1.30323e+06	5.16609e-05	0.2585	
10535	328	2968	25	29.1217	1771	14.7423	6	526	15	59	60	4	1.0668e+06	6.943e-05	0.1501	
10506	374	3031	20.1805	29.3661	1818	17.419	5	528	5	64	13	4	1.09598e+06	6.37836e-05	0.156	
10745	400	3043	15.1547	20.1018	1836	15.0025	6	531	7	58	5	5	1.29395e+06	5.00526e-05	0.3023	
11500	342	3050	19.1834	22.6588	1703	17.9321	8	535	18	85	23	5	1.10726e+06	5.0656e-05	0.3435	
10921	388	3002	15.7356	21.6771	1737	15.6399	6	535	7	70	25	4	1.23669e+06	5.20671e-05	0.2577	
10938	400	3034	21.1563	23.3164	1795	15.1195	9	534	3	60	16	5	1.06e+06	5.48155e-05	0.2769	
11295	351	3015	21.6377	22.54	1845	17.0537	5	530	11	72	25	3	1.07097e+06	5.25155e-05	0.3472	
10494	349	3042	18.213	24.4843	1724	18.4081	7	532	16	56	33	5	1.17255e+06	5.90598e-05	0.1305	
11085	306	3035	15.1547	20.4781	1827	17.3889	6	533	6	67	37	4	1.32597e+06	4.99276e-05	0.311	
11380	392	3023	20.8065	21.5731	1793	16.6552	10	525	16	83	19	3	1.05944e+06	5.08285e-05	0.3901	
11400	391	3021	23.1419	26.0248	1804	16.6552	10	525	15	73	32	3	1.00178e+06	5.62968e-05	0.3362	
11285	346	3023	20.5902	20.775	1899	17.4808	7	533	16	62	11	4	1.10473e+06	4.999e-05	0.3854	
11088	331	3043	15	20.1018	1836	16.1021	6	534	7	64	5	4	1.31865e+06	4.80307e-05	0.3624	
10825	390	3025	19.4812	21.1347	1806	16.7717	9	534	0	68	29	5	1.11494e+06	5.35963e-05	0.2811	
10587	400	3030	19.7523	26.9211	1843	18.5611	8	535	5	59	6	4	1.09017e+06	6.00096e-05	0.1667	
10968	350	2994	16.1335	21.2806	1730	16.5199	8	535	9	61	7	4	1.2291e+06	5.08958e-05	0.2991	
11285	365	3004	19.2551	21.1715	1899	17.483	6	535	16	55	57	4	1.11858e+06	5.15384e-05	0.3175	
10273	400	3028	23.5449	27.9823	1840	18.5077	6	518	12	59	65	4	1.07727e+06	6.95991e-05	0.1377	
11301	400	3025	22.8144	23.2631	1845	16.3283	8	534	17	73	19	3	1.02202e+06	5.35246e-05	0.3333	
11128	397	3043	22.3162	21.5834	1803	18.223	7	531	11	67	46	5	1.05958e+06	5.38822e-05	0.3117	
11454	400	3037	22.8145	25.8624	1761	16.6552	10	524	15	72	25	4	1.00273e+06	5.55556e-05	0.3446	
10923	361	2970	17.6698	25.1109	1732	16.3297	6	534	18	55	8	3	1.1426e+06	5.56607e-05	0.2017	
10804	385	3008	15.2572	21.5049	1734	15.1824	10	530	9	71	25	5	1.26976e+06	5.25984e-05	0.245	
10627	334	3002	15.2572	22.3271	1732	14.689	7	530	9	64	19	4	1.30497e+06	5.41184e-05	0.2	
10748	311	3042	17.9084	23.2998	1822	16.7463	7	535	4	61	19	5	1.19248e+06	5.4606e-05	0.2293	
10923	369	2982	17.5789	22.6762	1829	17.4673	7	534	16	59	15	3	1.15491e+06	5.31265e-05	0.2625	
11431	376	3043	20.2496	20.314	1878	18.0337	6	509	17	75	26	4	1.10444e+06	4.91328e-05	0.4788	
10487	400	3023	22.1244	29.1758	1724	15.126	5	518	15	64	41	4	1.066e+06	6.63482e-05	0.163	
10923	356	2995	17.5789	27.3753	1823	16.7621	9	535	7	57	2	4	1.11478e+06	5.98015e-05	0.1365	
10587	392	3011	18.6164	26.9211	1831	18.5611	8	535	14	57	7	3	1.11478e+06	5.98015e-05	0.1365	
10524	392	2982	18.9181	22.6762	1886	16.7184	8	534	18	59	9	3	1.12987e+06	5.62746e-05	0.1957	
10857	348	3012	21.9927	29.9322	1755	16.736	6	526	20	59	9	3	1.05042e+06	6.32791e-05	0.1824	
10722	400	3036	23.6701	28.3941	1827	16.6154	6	535	7	67	37	4	1.03474e+06	6.38081e-05	0.1886	
11144	333	3030	16.6368	22.1176	1755	18.1296	7	533	16	76	23	4	1.2059e+06	5.12033e-05	0.2994	
11440	399	3026	21.8175	22.0217	1747	15.6874	7	530	17	69	36	4	1.04332e+06	5.17652e-05	0.3801	
10978	400	3034	20.0129	23.8632	1852	15.7745	9	532	3	60	25	5	1.07605e+06	5.46359e-05	0.2767	
11399	400	3025	22.0505	28.7556	1859	16.6552	10	535	11	73	19	3	999321	5.82242e-05	0.2741	
11144	394	3004	22.2344	21.6145	1754	18.6117	9	532	19	69	21	4	1.0476e+06	5.34302e-05	0.3181	
10837	381	3050	19.5489	26.9231	1817	18.9156	8	526	14	64	35	4	1.08775e+06	5.91156e-05	0.1957	
10722	371	3029	20.3439	25.1481	1836	16.7637	8	531	12	63	27	5	1.09141e+06	5.82411e-05	0.2109	
10748	258	3046	17.9084	20.7006	1765	18.4694	8	535	13	59	19	3	1.25801e+06	5.26704e-05	0.2474	
10893	393	3021	25	29.9322	1740	15.3862	7	532	17	73	16	4	1.01084e+06	6.47668e-05	0.2108	
11500	336	3035	15.1547	20.1018	1836	14.2892	6	533	7	71	13	4	1.29262e+06	4.62299e-05	0.4516	
11033	385	3043	17.3101	24.6236	1759	18.1367	7	528	17	65	22	4	1.14531e+06	5.41771e-05	0.2402	
10284	311	3042	17.9084	22.7994	1837	18.4694	6	534	3	56	12	5	1.22349e+06	5.75374e-05	0.1527	
11209	361	3009	22.5003	29.1561	1763	15.6644	6	528	17	66	57	3	1.0265e+06	6.15044e-05	0.2252	
11449	395	3019	22.7632	23.5751	1845	15.9093	10	520	12	73	19	3	1.01829e+06	5.31011e-05	0.3857	
11061	385	3034	21.4868	27.6366	1761	16.3511	10	532	19	70	33	3	1.03433e+06	5.9319e-05	0.2227	
11028	375	3048	16.9094	23.385	1869	15.1807	6	535	11	61	14	6	1.17694e+06	5.204e-05	0.2757	
11054	370	3040	18.3681	23.9146	1856	16.6696	7	533	16	60	29	5	1.12458e+06	5.36797e-05	0.2621	
11040	400	2993	23.6068	28.7556	1742	16.6552	8	524	15	72	19	3	1.00654e+06	6.1931e-05	0.2546	
10938	400	3034	21.1563	23.3164	1804	15.1195	9	534	6	60	18	5	1.0601e+06	5.48727e-05	0.272	
11268	400	3027	20.1967	20.0333	1734	16.4079	8	525	15	73	2	4	1.0863e+06	4.94609e-05	0.3973	
11500	348	3043	23.728	29.9566	1719	18.4936	7	527	17	55	39	5	1.01054e+06	6.10762e-05	0.2687	
10804	315	3008	15.2572	21.6771	1730	15.6064	8	530	9	71	25	4	1.30893e+06	5.27315e-05	0.2418	
11229	378	2998	25	29.7508	1754	15.7758	6	535	7	64	4	5	999017	6.24454e-05	0.2535	
11475	377	3029	23.2756	22.4269	1746	16.9643	10	524	15	73	19	3	1.0256e+06	5.24054e-05	0.3879	
10285	366	2992	23.3307	28.3758	1744	16.226	5	525	15	58	52	3	1.08272e+06	6.94252e-05	0.1225	
11374	366	2981	17.5789	25.5136	1843	15.7607	7	535	15	62	8	3	1.11942e+06	5.30588e-05	0.2767	
10837	381	3050	20.1463	22.4256	1808	19	9	530	19	68	33	4	1.09432e+06	5.51025e-05	0.2454	
10396	339	3026	20.3236	29.0942	1708	14.9713	5	534	16	57	24	4	1.11901e+06	6.54664e-05	0.1105	
10972	385	2966	21.7228	27.3753	1871	16.7621	10	534	19	57	15	3	1.03321e+06	5.96232e-05	0.2214	
11068	366	3037	20.7547	22.0493	1818	16.1575	9	524	17	57	36	3	1.08055e+06	5.33077e-05	0.3073	
10653	390	3034	17.8799	20.8806	1813	15.7745	6	533	2	60	22	4	1.17157e+06	5.32879e-05	0.254	
10506	400	3031	20.1805	29.6948	1795	14.386	5	528	10	64	13	4	1.08902e+06	6.4119e-05	0.1562	
11169	337	3034	15	21.6771	1738	15.2472	9	532	18	70	27	5	1.2928e+06	5.01228e-05	0.2866	
10837	385	3023	19.8681	21.82	1817	17.8864	9	529	9	65	29	4	1.10187e+06	5.43006e-05	0.2705	
10617	316	3011	16.6904	24.1082	1742	14.5927	6	530	17	68	10	4	1.23428e+06	5.60004e-05	0.1824	
11208	400	3032	21.8067	27.6366	1855	14	10	527	19	64	33	4	1.01888e+06	5.81429e-05	0.2789	
11123	400	2987	22.26	26.1687	1888	18.8132	8	534	13	65	47	4	1.02648e+06	5.85069e-05	0.2452	
11018	400	3016	20.349	28.7556	1857	16.6552	10	535	15	73	19	3	1.04324e+06	5.97372e-05	0.2074	
11369	392	2992	20.2087	27.5987	1798	15.3967	9	535	16	61	21	3	1.03402e+06	5.67795e-05	0.2503	
11500	394	2980	17.8489	20.8763	1869	15.1198	10	520	15	63	41	4	1.13379e+06	4.89644e-05	0.4493	
11285	400	3004	19.2551	20.0308	1899	17.483	6	535	19	55	52	4	1.11293e+06	5.04312e-05	0.3328	
10837	381	3050	19.8681	24.6295	1753	17.7625	9	528	17	65	32	4	1.08865e+06	5.69314e-05	0.2305	
11247	391	3007	20.1169	25.138	1899	18.4894	6	534	16	55	8	4	1.05927e+06	5.4136e-05	0.3003	
10202	336	3018	15	20.1018	1809	15.0387	6	535	7	71	18	4	1.37425e+06	5.5919e-05	0.1863	
11209	387	3026	22.449	29.1644	1790	15.6644	6	533	16	66	19	3	1.01377e+06	6.0183e-05	0.2386	
10278	387	3020	20.8851	29.2237	1789	17.5397	6	524	1	55	20	3	1.09314e+06	6.65247e-05	0.1231	
10886	381	3003	16.6904	24.7869	1759	15.5853	6	529	17	68	8	4	1.17823e+06	5.47525e-05	0.2216	
11295	373	3020	18.5384	24.3342	1838	16.6552	10	526	18	73	26	3	1.09795e+06	5.28457e-05	0.3321	
11080	347	3024	16.1103	24.1394	1797	18.0741	7	535	6	65	36	5	1.21801e+06	5.35963e-05	0.24	
11325	362	2986	22.9139	25.0225	1820	14	9	526	18	70	24	4	1.02692e+06	5.56297e-05	0.3271	
10019	397	3042	18.2919	22.7808	1757	15.3258	9	530	6	56	17	5	1.19388e+06	6.16105e-05	0.1239	
11293	365	3014	19.1595	26.9368	1743	14.603	7	535	17	67	60	4	1.08382e+06	5.71821e-05	0.227	
10834	361	3009	22.4217	29.1561	1723	15.6644	6	528	17	66	67	4	1.05251e+06	6.5028e-05	0.1702	
10729	381	3035	16.7677	22.4532	1805	18.0569	9	531	19	68	33	4	1.1955e+06	5.46956e-05	0.2037	
10225	307	3044	16.348	22.8527	1748	17.9959	7	529	17	58	14	5	1.29155e+06	5.78972e-05	0.1154	
10865	400	3050	19.8681	22.4256	1817	18.0879	9	528	20	59	43	5	1.09453e+06	5.50812e-05	0.238	
11331	356	3046	15.4966	21.8308	1804	15.7696	7	533	5	68	10	4	1.24546e+06	4.85602e-05	0.3642	
10917	337	3009	15	23.3558	1730	16.3003	6	531	12	67	18	3	1.29552e+06	5.29857e-05	0.24	
11480	339	3050	19.1834	23.2788	1710	17.9321	9	535	18	85	23	5	1.10376e+06	5.13084e-05	0.333	
10524	392	2990	18.9181	24.0772	1873	16.3533	7	534	18	59	9	3	1.1245e+06	5.75043e-05	0.1765	
10837	390	3050	19.8681	22.4256	1794	17.8864	9	530	19	64	29	4	1.09474e+06	5.47076e-05	0.2447	
11147	385	3034	18.5088	20.8806	1813	15.7745	5	534	3	57	23	4	1.13365e+06	5.02058e-05	0.3375	
11325	362	3029	22.488	24.8077	1851	14.3779	10	527	18	70	26	4	1.03247e+06	5.47375e-05	0.3236	
10587	373	3039	19.4847	26.9211	1816	18.627	8	535	2	64	14	4	1.10606e+06	6.01902e-05	0.1634	
10942	349	3050	19.7242	23.3164	1808	18.1949	9	532	7	60	18	5	1.10708e+06	5.41389e-05	0.2719	
11373	372	3041	21.0398	20.6783	1772	15.008	7	515	4	70	20	3	1.08375e+06	4.999e-05	0.4538	
10784	381	3036	19.9003	22.6017	1856	15.1379	7	528	19	62	67	4	1.13665e+06	5.51298e-05	0.2034	
10590	392	3026	18.6164	22.4013	1843	18.5611	8	535	9	55	10	4	1.13665e+06	5.51298e-05	0.2034	
10281	335	2974	19.027	27.5864	1854	17.798	6	529	14	60	7	4	1.08252e+06	6.31872e-05	0.1604	
10523	400	3047	21.3106	26.2672	1812	18.3846	8	529	11	63	56	4	1.08252e+06	6.31872e-05	0.1604	
10587	373	3037	19.4847	23.8853	1800	18.2903	8	535	4	64	14	4	1.1179e+06	5.71167e-05	0.2002	
10337	400	3008	21.653	26.9245	1888	18.8132	8	534	12	65	28	3	1.08261e+06	6.45411e-05	0.1562	
10777	333	3029	16.9773	25.4466	1735	16.789	6	534	17	72	15	3	1.19468e+06	5.65163e-05	0.1878	
11272	349	3028	16.8296	20.4139	1756	14.3266	6	531	15	58	2	3	1.04414e+06	6.18735e-05	0.204	
10816	391	3026	22.6288	27.7352	1827	17.0635	6	535	7	68	37	6	1.04414e+06	6.18735e-05	0.204	
11251	354	3035	20.0918	20.6746	1816	17.3889	8	532	8	77	26	3	1.10311e+06	5.04566e-05	0.3577	
10596	356	2999	19.3223	23.5185	1758	15.9363	6	528	17	58	50	4	1.13933e+06	5.88339e-05	0.1684	
10878	360	2966	21.2287	23.9647	1815	17.319	5	533	15	61	57	5	1.08683e+06	5.85035e-05	0.208	
10861	361	3009	22.0316	29.1561	1763	15.6644	6	528	17	66	67	3	1.05372e+06	6.44371e-05	0.1734	
11185	400	3050	19.1411	23.0136	1781	17.8864	9	529	19	65	40	4	1.08923e+06	5.29605e-05	0.3086	
10715	381	3037	16.7677	22.4532	1805	18.4201	10	531	19	71	33	4	1.19504e+06	5.49541e-05	0.2043	
11337	382	3023	25	23.1909	1841	15.2081	9	529	16	62	6	5	1.01561e+06	5.44544e-05	0.3642	
10950	385	2986	21.7228	27.3753	1871	16.7621	10	534	17	57	18	3	1.03531e+06	5.96338e-05	0.2188	
10941	400	3009	19.6307	28.4165	1740	16.4347	9	535	15	72	32	4	1.06792e+06	6.04778e-05	0.1876	
10363	342	3003	23.649	28.3758	1744	16.6118	6	525	11	55	35	4	1.07751e+06	6.76911e-05	0.1306	
10257	342	3003	20.6003	28.3758	1744	15.8249	8	525	13	59	19	4	1.11802e+06	6.59239e-05	0.1234	
11196	398	3030	20.6179	20.7964	1897	15.0103	5	526	18	67	59	3	1.09031e+06	5.21921e-05	0.3406	
11473	321	3013	16.056	20.1897	1704	15.2181	7	530	7	57	20	3	1.24895e+06	4.7344e-05	0.4179	
10659	373	3037	16.5009	23.8853	1783	18.5611	9	535	1	68	14	4	1.2047e+06	5.54262e-05	0.1905	
10921	383	3002	19.1173	21.6771	1730	15.6399	6	535	7	66	25	4	1.1186e+06	5.32765e-05	0.2886	
11201	364	3035	18.8972	22.7355	1701	15.2035	9	531	5	70	57	3	1.11023e+06	5.33618e-05	0.3015	
10917	315	3009	15	21.917	1730	16.1463	6	531	12	67	18	4	1.32182e+06	5.1701e-05	0.256	
10910	314	2979	17.8122	21.3922	1796	15.4429	6	511	6	68	2	3	1.28304e+06	5.47795e-05	0.1971	
10349	342	3042	16.2756	20.3473	1811	17.9291	5	527	17	57	22	5	1.28304e+06	5.47795e-05	0.1971	
10587	382	3039	22.2796	26.6445	1831	18.5611	8	535	8	70	13	4	1.0628e+06	6.13535e-05	0.1991	
11215	337	3043	15.2567	20	1836	15.0025	6	533	15	71	5	4	1.29401e+06	4.74024e-05	0.3821	
11400	397	3016	22.5682	26.5311	1725	16.6552	10	525	15	69	9	3	1.0036e+06	5.64812e-05	0.3148	
10273	392	3039	18.6164	26.6445	1843	18.5611	8	535	8	58	13	4	1.14514e+06	6.20501e-05	0.1168	
11400	366	3013	22.5682	21.4037	1734	16.6552	10	525	15	73	19	3	1.04572e+06	5.16742e-05	0.3954	
11293	384	3018	19.507	27.1502	1700	14.1961	9	531	18	65	42	4	1.01829e+06	5.31011e-05	0.3857	
11293	365	3014	19.1595	26.9368	1754	15.0545	9	535	17	69	23	4	1.07488e+06	5.59566e-05	0.2413	
11016	390	3034	17.8799	20.8806	1783	15.323	6	534	3	56	58	5	1.16197e+06	5.24907e-05	0.2754	
10234	380	2998	20.9186	28.4485	1716	16.1307	6	525	11	55	36	4	1.10706e+06	6.74764e-05	0.1098	
11098	400	3034	22.0516	25.3676	1795	15.7745	6	533	3	60	18	4	1.03475e+06	5.63e-05	0.2784	
11429	323	3036	15.4966	23.2696	1804	16.4585	6	534	5	66	10	5	1.25769e+06	4.95295e-05	0.3298	
10744	394	3005	20.2061	29.5196	1798	18.4968	9	530	18	66	49	3	1.07251e+06	6.42921e-05	0.1636	
11306	400	3016	20.2061	26.2182	1820	18.0033	8	533	19	67	69	3	1.04891e+06	5.71233e-05	0.2367	
10284	360	3042	17.9084	22.7994	1846	18.3208	6	527	15	56	12	4	1.19334e+06	5.74911e-05	0.1631	
10557	381	3050	19.8681	28.0936	1817	17.0237	9	526	17	65	19	4	1.09354e+06	6.19502e-05	0.1596	
11068	400	2951	22.3187	28.3385	1754	16.1219	10	528	7	73	67	5	1.02244e+06	6.26645e-05	0.224	
11480	381	3016	18.6693	21.5731	1852	16.6552	9	524	18	78	19	3	1.10347e+06	4.92102e-05	0.4267	
11380	400	2984	22.8145	27.1836	1835	19	10	523	15	59	19	3	999662	5.77901e-05	0.3221	
10877	390	2960	19.8653	24.2806	1700	17.319	7	528	14	56	57	4	1.09249e+06	5.8459e-05	0.2061	
10722	383	3028	22.6288	27.7352	1827	17.0635	6	535	6	63	37	6	1.0525e+06	6.26645e-05	0.1827	
11400	391	3002	23.5832	27.7319	1804	16.3304	10	525	20	76	32	3	992392	5.85549e-05	0.314	
10699	283	3046	15	21.0738	1749	17.7051	5	528	20	60	59	4	1.38788e+06	5.45227e-05	0.2106	
10062	308	3040	18.1198	24.9582	1757	18.3711	7	527	3	55	19	5	1.22667e+06	6.27392e-05	0.1044	
11473	321	3042	16.056	20	1772	15.008	7	517	6	57	20	3	1.26103e+06	4.68011e-05	0.4905	
10200	391	2979	23.5449	29.1684	1840	18.5077	6	511	12	59	51	4	1.07763e+06	7.12504e-05	0.1466	
11500	321	3041	19.1637	21.0299	1772	15.008	7	521	5	70	20	3	1.13903e+06	4.87401e-05	0.4687	
10039	300	2977	20.8851	29.2237	1789	17.5397	6	523	1	55	7	3	1.15117e+06	6.93337e-05	0.1099	
11473	321	3042	16.056	20	1772	15.008	7	517	7	62	26	3	1.26129e+06	4.69704e-05	0.4881	
11498	400	2956	17.7827	21.8671	1856	15.2081	9	520	19	64	13	4	1.12189e+06	4.92854e-05	0.4376	
10202	336	3035	15	20.1018	1836	15.0387	6	533	7	71	18	4	1.37444e+06	5.56576e-05	0.1961	
10225	237	3025	16.348	23.2998	1748	17.9959	7	527	16	56	14	5	1.36493e+06	5.84249e-05	0.1185	
10257	340	3005	24.1798	28.3758	1720	16.1307	5	522	12	57	53	4	1.09029e+06	7.03185e-05	0.1265	
10549	320	3035	15.1547	20.269	1832	16.7698	5	533	4	73	28	4	1.34702e+06	5.33817e-05	0.2328	
10699	283	3046	15	21.0738	1749	18.0526	8	528	20	60	59	4	1.38255e+06	5.46359e-05	0.2093	
11107	274	3002	15.2572	21.6771	1734	17.7146	8	530	9	71	25	4	1.33538e+06	5.0888e-05	0.2948	
11164	375	3043	19.6135	20.314	1857	16.8378	5	516	6	75	10	3	1.12047e+06	4.97364e-05	0.4496	
10557	305	3025	23.4441	29.1561	1732	15.6644	6	534	14	55	70	4	1.09704e+06	6.84182e-05	0.1257	
10179	340	3002	23.4771	28.3758	1738	15.9387	5	522	12	56	58	4	1.10564e+06	7.10581e-05	0.1169	
11258	300	2979	15	21.0375	1730	16.4514	8	529	7	61	23	4	1.32476e+06	4.93243e-05	0.3515	
10442	375	3023	21.9445	29.1758	1708	14.9713	4	514	15	61	45	4	1.08078e+06	6.68405e-05	0.1567	
10257	340	2988	24.1798	28.3758	1744	16.7156	5	522	12	59	53	4	1.09001e+06	7.04821e-05	0.1323	
10225	243	3025	16.348	23.2998	1748	17.0386	7	527	17	56	18	5	1.35686e+06	5.85892e-05	0.122	
11452	324	3035	15.6158	20.1018	1795	17.4385	6	533	7	71	13	4	1.27302e+06	4.68735e-05	0.4298	
11473	321	3042	15.954	20.6783	1772	15.008	7	517	15	57	20	3	1.25621e+06	4.73462e-05	0.4628	
11500	377	3016	23.2756	22.4269	1845	17.3044	10	524	15	73	19	3	1.02544e+06	5.21159e-05	0.4124	
10440	320	3035	15.1547	20.269	1832	16.7698	5	533	4	72	28	4	1.35601e+06	5.43036e-05	0.2145	
11435	243	3025	16.348	20	1748	18.2197	7	528	16	56	8	5	1.34068e+06	4.73328e-05	0.4203	
11360	336	3035	15.5957	20.2292	1836	15.0303	6	532	7	72	9	4	1.26892e+06	4.70633e-05	0.4228	
10039	270	2986	20.8851	29.0589	1789	17.5397	5	523	2	55	7	3	1.17848e+06	6.90274e-05	0.1084	
11188	340	3035	15.1547	20.1018	1827	14.6778	5	533	5	71	34	4	1.30263e+06	4.86997e-05	0.3642	
11473	321	3042	16.056	20	1700	15.008	7	521	7	57	20	3	1.25664e+06	4.69726e-05	0.4554	
10646	380	3028	25	29.2444	1819	19	7	519	12	63	51	4	1.03384e+06	6.72631e-05	0.1874	
11021	297	3035	15.1547	20.1018	1836	15.4907	6	533	7	71	13	4	1.34083e+06	4.89021e-05	0.3522	
11215	337	3043	15.1547	20.1018	1820	16.3309	8	531	7	71	2	4	1.29551e+06	4.74451e-05	0.3968	
11331	322	3036	15.4966	21.2482	1804	16.4585	7	530	13	67	17	4	1.27335e+06	4.84144e-05	0.3757	
11381	382	3018	15.4121	21.8671	1841	15.2081	9	529	12	61	6	5	1.23442e+06	4.83489e-05	0.3839	
10616	371	3013	22.7808	29.4039	1811	16.6932	8	528	12	68	28	4	1.05232e+06	6.52699e-05	0.1851	
10169	367	3031	16.8569	21.6359	1709	16.9553	6	519	18	64	25	5	1.25106e+06	5.83771e-05	0.1533	
10793	339	3046	15	21.0738	1749	17.7051	5	528	20	60	59	4	1.33794e+06	5.3749e-05	0.2236	
11330	382	2970	24.6911	29.9774	1748	15.8327	6	522	7	58	33	5	996273	6.3004e-05	0.2925	
11416	377	2992	21.9472	20.9027	1736	15.9462	7	513	10	77	6	4	1.06577e+06	5.0844e-05	0.4649	
10881	320	3028	15.1547	20.782	1845	18.0973	6	531	8	57	26	4	1.32029e+06	5.09321e-05	0.2841	
11215	337	3043	15.1547	20.1018	1836	15.0025	6	533	7	71	5	4	1.30086e+06	4.74136e-05	0.3918	
10448	398	2971	20.7272	27.3636	1820	18.4507	8	528	11	57	56	4	1.09305e+06	6.55437e-05	0.1444	
11392	351	3043	23.067	20.2928	1882	18.6118	10	530	6	76	11	4	1.06891e+06	5.03525e-05	0.4176	
11500	400	3050	19.1834	22.6588	1846	17.9321	8	515	17	85	23	5	1.08807e+06	5.03221e-05	0.4514	
11215	336	3035	15.1547	20.1018	1795	17.4882	6	533	7	71	13	4	1.29702e+06	4.79985e-05	0.3833	
10585	328	2968	25	29.1217	1771	14.7423	4	526	15	59	60	4	1.06642e+06	6.88137e-05	0.1553	
10192	339	2954	17.8926	29.2573	1855	18.9604	6	531	14	55	7	4	1.18735e+06	6.61463e-05	0.1117	
10454	381	2981	23.5312	28.8559	1759	15.2159	6	525	7	58	11	6	1.05687e+06	6.6335e-05	0.174	
10039	270	3004	20.8851	29.0589	1789	17.5397	5	523	2	55	7	3	1.17905e+06	6.88089e-05	0.1084	
11215	336	3035	15.1547	20.1018	1836	15.0387	6	534	7	70	13	4	1.29963e+06	4.77076e-05	0.387	
10163	384	2974	22.3599	23.5502	1713	18.2754	6	530	4	57	19	3	1.10059e+06	6.35042e-05	0.1504	
11158	330	3035	15	20.1018	1801	17.3889	6	533	8	71	22	4	1.31393e+06	4.85743e-05	0.3655	
11381	369	2974	20.2434	22.2329	1813	18.7425	9	516	15	61	16	5	1.08013e+06	5.15969e-05	0.4052	
10587	373	3046	18.9908	26.9211	1816	18.5611	7	535	4	64	4	4	1.11749e+06	5.94707e-05	0.1625	
11229	381	2981	25	30	1751	17.9572	6	527	5	66	20	6	999052	6.33874e-05	0.2714	
11449	345	3016	22.8145	23.5751	1845	16.2518	10	524	12	73	20	3	1.04181e+06	5.31463e-05	0.3708	
11215	320	3033	15.1547	20.1018	1827	14.8165	7	533	4	71	34	4	1.31051e+06	4.85932e-05	0.3742	
11164	351	3043	23.067	20.6641	1805	17.5244	10	529	6	76	14	4	1.06874e+06	5.22111e-05	0.3958	
11452	374	2962	16.9094	20.3295	1876	18.4018	6	529	12	61	13	3	1.17781e+06	4.78881e-05	0.4226	
11325	370	3009	22.1787	23.9666	1844	14.6951	9	531	7	62	67	5	1.04289e+06	5.53679e-05	0.3117	
10257	340	3000	23.3036	26.6602	1723	17.196	5	528	13	58	53	4	1.10234e+06	6.80828e-05	0.1232	
11272	377	3042	20.8787	20.2933	1756	14.909	6	517	15	58	9	5	1.09623e+06	4.98803e-05	0.4251	
11215	336	3035	15.5957	20.1018	1836	15.0303	6	532	7	69	13	4	1.27532e+06	4.78149e-05	0.3901	
10393	316	2999	17.0819	22.2095	1714	16.4727	6	520	20	65	26	6	1.24889e+06	5.72803e-05	0.1823	
11285	254	2988	18.8673	20.832	1899	18.1747	6	534	16	55	3	4	1.23077e+06	4.93876e-05	0.3539	
10877	320	3035	15.1547	20.123	1842	17.5367	6	532	8	57	11	4	1.32396e+06	4.96623e-05	0.321	
10257	366	3010	23.3307	28.3758	1718	16.7821	6	525	16	59	19	4	1.07959e+06	6.78012e-05	0.134	
10585	336	2968	23.8651	28.8363	1769	14.851	5	525	20	59	56	4	1.06765e+06	6.75311e-05	0.1513	
11229	381	2981	25	29.7508	1751	17.9572	6	527	5	64	20	6	999019	6.31233e-05	0.2725	
10784	381	2981	25	29.7508	1754	16.5553	6	527	8	60	14	6	1.02296e+06	6.59892e-05	0.2051	
10332	311	3042	18.1143	26.5674	1806	18.4694	8	527	3	55	19	5	1.19365e+06	6.14213e-05	0.1293	
10410	316	3031	16.8569	22.2095	1730	17.1111	6	519	18	61	11	5	1.25305e+06	5.56979e-05	0.2118	
10193	328	3026	19.6744	22.1667	1715	16.3035	10	529	17	59	39	5	1.17532e+06	6.10501e-05	0.134	
10141	328	3050	17.9084	24.5607	1778	18.2986	6	530	5	60	8	5	1.21671e+06	6.0529e-05	0.1196	
10857	375	2989	23.1787	30	1728	16.7075	6	519	19	60	15	4	1.02917e+06	6.45828e-05	0.2161	
11199	320	3035	15.1547	22.2131	1827	17.3889	6	533	11	77	35	4	1.29348e+06	5.06791e-05	0.2953	
10898	306	2979	15.4694	22.3988	1734	15.3176	8	532	8	69	27	4	1.29269e+06	5.30223e-05	0.2426	
11395	352	3050	17.5646	22.6332	1878	17.0584	8	532	7	84	24	4	1.14951e+06	5.00125e-05	0.4002	
10141	311	3042	17.9084	23.2998	1778	18.4694	6	530	5	56	19	5	1.2342e+06	5.9891e-05	0.1128	
10722	396	3026	23.6701	28.8326	1831	16.7059	7	535	2	66	16	6	1.0343e+06	6.36254e-05	0.2028	
10837	381	3035	18.2015	24.5115	1771	18.4714	9	527	18	75	40	4	1.12917e+06	5.67569e-05	0.213	
10585	369	2985	23.5377	29.1217	1725	16.3822	5	515	20	59	38	4	1.05209e+06	6.66711e-05	0.1796	
10587	370	3038	18.4214	26.8408	1851	17.3593	9	535	3	63	2	4	1.13076e+06	5.89553e-05	0.171	
10587	280	3039	19.0042	26.9211	1843	18.5611	8	533	7	59	10	4	1.17569e+06	5.97229e-05	0.1565	
10063	330	3050	18.5723	26.9376	1857	17.9571	4	529	18	59	7	4	1.19471e+06	6.43459e-05	0.1177	
11440	399	3026	21.8175	21.7451	1720	15.6874	7	524	14	69	41	6	1.0526e+06	5.18001e-05	0.4089	
10821	336	2994	19.3558	21.9244	1758	18.2158	9	528	16	55	62	6	1.14719e+06	5.65579e-05	0.2068	
10655	307	3015	16.9773	25.9336	1759	15.693	5	534	16	68	10	4	1.22275e+06	5.76934e-05	0.1684	
11141	368	3037	16.9497	21.0699	1716	18.6787	6	528	15	69	31	5	1.1894e+06	5.07588e-05	0.3391	
11137	306	3035	18.7562	20.1018	1827	17.3889	5	533	11	74	28	4	1.18461e+06	5.02058e-05	0.3434	
10396	400	3026	20.3236	29.0942	1708	14.9713	5	514	15	61	24	4	1.09454e+06	6.51636e-05	0.1486	
10246	393	2991	21.5577	27.5971	1803	14.0583	5	532	17	63	4	3	1.09442e+06	6.50195e-05	0.1593	
11001	335	2994	15.2572	21.6771	1706	15.1824	8	530	9	71	23	4	1.28369e+06	5.14192e-05	0.2784	
11287	347	3030	17.1639	23.5842	1797	16.5601	7	535	6	66	36	5	1.16641e+06	5.19859e-05	0.2897	
11224	362	3020	22.0601	22.2497	1845	16.6552	9	520	16	73	26	3	1.05849e+06	5.29689e-05	0.379	
11229	381	2992	23.9276	29.0129	1731	15.4696	5	524	12	58	9	6	1.01062e+06	6.13309e-05	0.2798	
10125	312	3042	18.1198	23.2998	1757	17.7903	7	527	5	56	19	5	1.2259e+06	6.01359e-05	0.1228	
11164	351	3043	23.067	20.314	1887	17.5244	10	529	6	76	14	4	1.07625e+06	5.17357e-05	0.386	
10332	293	2986	16.9511	22.7994	1837	18.2989	6	527	3	55	19	5	1.26755e+06	5.75142e-05	0.1677	
10998	400	3035	21.0557	26.0943	1749	16.421	9	529	5	65	56	3	1.04956e+06	5.8782e-05	0.2347	
10257	340	3000	23.3036	26.6602	1723	17.196	5	528	13	58	53	4	1.10234e+06	6.80828e-05	0.1232	
10395	311	3031	17.9598	26.6132	1815	18.4667	6	526	10	58	12	5	1.19569e+06	6.0595e-05	0.1389	
10019	308	3040	18.1198	23.2998	1757	18.3711	7	527	3	56	19	5	1.23818e+06	6.21581e-05	0.1085	
11416	369	3041	15	21.0845	1709	14.1343	7	525	10	62	17	4	1.27612e+06	4.77145e-05	0.4	
11285	245	3004	19.2247	20.7999	1890	18.832	5	534	16	56	14	4	1.2411e+06	4.97587e-05	0.3461	
10019	317	3044	17.9084	22.4402	1757	18.8934	8	531	3	56	17	5	1.24322e+06	6.1252e-05	0.1074	
10332	311	3042	17.9084	22.7994	1837	18.2989	6	527	3	55	19	5	1.22052e+06	5.73723e-05	0.1796	
11380	378	3016	22.8689	21.5731	1852	16.6552	10	529	17	83	19	3	1.03973e+06	5.18054e-05	0.4183	
11199	320	3023	15.5402	20.1018	1827	16.1147	7	535	4	64	34	4	1.28679e+06	4.88568e-05	0.3613	
10962	384	2995	18.6853	22.1401	1791	18.4911	7	535	1	56	70	4	1.13563e+06	5.5534e-05	0.231	
11380	400	3021	22.8145	22.5176	1871	16.6552	9	524	12	74	19	3	1.02684e+06	5.24191e-05	0.4098	
10145	348	3003	23.4771	28.3758	1738	15.9387	6	517	12	56	56	4	1.1019e+06	7.12301e-05	0.122	
10337	311	3042	18.1198	22.3496	1757	18.1362	7	527	3	58	21	5	1.21583e+06	5.74119e-05	0.1798	
10337	400	2987	22.26	26.1687	1888	18.8132	8	534	11	65	47	4	1.08243e+06	6.56383e-05	0.1581	
10921	344	3002	15.2572	20.6738	1750	15.1824	8	530	9	71	25	4	1.28906e+06	5.1036e-05	0.3021	
11400	391	3002	23.5832	27.7319	1721	16.3917	10	525	18	73	32	3	993080	5.88582e-05	0.2973	
10751	384	2973	17.2987	24.8054	1856	18.5282	6	530	16	60	29	5	1.16455e+06	5.70158e-05	0.1886	
10257	342	3003	23.3307	28.3758	1744	16.7243	5	525	12	59	19	4	1.09049e+06	6.77369e-05	0.1397	
11380	388	2998	22.8689	21.5731	1852	16.6552	10	525	17	79	19	3	1.03419e+06	5.19454e-05	0.4255	
10192	335	2995	17.8926	28.012	1797	18.4891	4	529	14	59	2	4	1.19708e+06	6.4e-05	0.1138	
11293	324	3013	18.0095	22.5603	1714	14.9448	8	530	19	67	54	4	1.15878e+06	5.23286e-05	0.2999	
11229	361	3009	22.449	29.1561	1763	15.6644	6	529	17	64	40	3	1.02409e+06	6.08273e-05	0.2368	
11272	377	3042	20.8787	20.2933	1756	14.909	6	517	15	58	9	3	1.08987e+06	4.98455e-05	0.4285	
10506	374	3031	20.1805	29.6948	1795	14.386	5	528	5	64	13	4	1.09666e+06	6.40738e-05	0.1612	
11440	399	3026	21.8175	22.0217	1720	15.6874	7	524	17	69	36	6	1.04927e+06	5.19049e-05	0.4037	
10898	400	3004	18.5815	21.6145	1864	18.4848	9	532	19	69	51	4	1.12728e+06	5.45435e-05	0.255	
10917	337	3009	15	21.917	1730	16.0431	6	531	10	71	22	4	1.30645e+06	5.18968e-05	0.2566	
11400	397	3024	22.8145	26.3102	1754	16.6552	8	518	15	71	19	3	1.00627e+06	5.64111e-05	0.349	
11395	352	3049	17.5646	22.6332	1887	16.6607	8	534	7	85	24	6	1.15275e+06	5.00375e-05	0.3974	
11150	330	3012	15.7467	21.4683	1765	14.3918	9	530	10	58	51	6	1.26239e+06	5.12085e-05	0.2938	
10218	311	3050	18.7404	23.1061	1771	18.4694	6	524	5	57	20	3	1.19874e+06	5.91926e-05	0.159	
11086	320	3035	15.1547	20.1018	1832	16.8955	6	533	4	71	34	4	1.31751e+06	4.94731e-05	0.338	
11206	400	3009	21.0557	21.2228	1753	15.0802	9	523	4	70	57	3	1.25664e+06	4.69726e-05	0.4554	
10019	311	3016	18.1198	23.2998	1757	18.4694	7	527	3	56	19	5	1.23576e+06	6.24259e-05	0.1081	
11308	400	2998	19.3912	26.8408	1795	18.5611	9	533	3	67	23	3	1.05425e+06	5.60444e-05	0.2653	
11141	368	3037	18.053	20.371	1716	18.6787	5	529	15	66	31	5	1.15951e+06	5.05663e-05	0.3595	
10573	369	2974	17.5789	27.3753	1886	16.7621	7	535	16	55	18	3	1.15722e+06	6.05364e-05	0.1408	
11265	365	3009	22.449	29.1561	1763	15.6644	6	528	17	67	53	3	1.02217e+06	6.09347e-05	0.238	
10823	374	2987	16.9094	24.1282	1872	14.5396	7	527	14	61	7	6	1.18033e+06	5.43095e-05	0.2548	
10257	342	3003	19.8772	28.3758	1739	17.7703	7	525	13	59	19	4	1.13217e+06	6.56728e-05	0.1135	
10192	394	2964	19.2013	29.2573	1854	16.7108	5	535	14	56	7	4	1.13372e+06	6.65513e-05	0.1133	
10163	384	2974	21.3102	23.5502	1716	18.2754	6	530	4	57	19	3	1.11251e+06	6.27195e-05	0.1345	
11104	381	2981	24.8099	30	1751	17.8564	6	527	5	65	28	6	1.0066e+06	6.42055e-05	0.2526	
11264	400	3012	17.3589	22.991	1825	15.3191	6	529	12	61	7	3	1.1368e+06	5.0674e-05	0.3547	
11264	400	3018	17.3589	20	1868	15.3191	6	529	12	61	7	3	1.16215e+06	4.7895e-05	0.3842	
11213	344	3024	15.2572	21.344	1780	15.1824	8	531	5	71	17	4	1.27259e+06	4.91521e-05	0.3533	
10748	311	3042	17.9084	23.2998	1765	18.4694	7	535	3	61	19	5	1.19131e+06	5.49058e-05	0.2221	
11287	347	3030	17.806	21.4745	1797	16.5601	7	535	6	66	36	5	1.16051e+06	5.02866e-05	0.3577	
10284	311	3034	17.9598	26.6132	1815	18.4667	6	526	3	58	12	5	1.22462e+06	6.4317e-05	0.1073	
10019	365	3042	18.1198	22.7808	1757	17.0202	10	521	6	55	24	5	1.20794e+06	6.1717e-05	0.1249	
10422	377	2999	16.1503	21.118	1737	16.3132	6	530	7	71	25	4	1.25861e+06	5.57631e-05	0.1944	
11061	368	3050	17.938	20	1856	17.3953	7	523	17	66	31	4	1.16902e+06	5.01278e-05	0.3462	
11000	350	3035	15.7285	20.1018	1846	18.8232	6	532	9	69	13	4	1.26527e+06	4.93754e-05	0.3451	
11229	381	2981	23.3792	29.7508	1751	17.9572	6	527	8	66	11	6	1.00894e+06	6.2004e-05	0.2601	
10917	337	3009	15	21.917	1730	16.1463	6	531	10	71	22	4	1.30643e+06	5.19022e-05	0.2565	
11285	380	3004	19.2551	20.775	1899	18.1747	6	532	16	57	52	4	1.11482e+06	5.10308e-05	0.3397	
10998	352	2994	16.7735	23.1423	1730	15.6399	5	535	9	61	23	4	1.19426e+06	5.31124e-05	0.2483	
11287	347	3012	17.1639	23.5842	1797	16.2339	8	535	6	66	25	5	1.16245e+06	5.17625e-05	0.2981	
10192	358	2955	18.6358	29.2573	1854	18.6191	7	532	14	56	7	4	1.156e+06	6.64894e-05	0.1115	
11347	377	3040	17.8276	20.8252	1763	14.8189	10	526	17	64	75	4	1.14824e+06	5.10934e-05	0.335	
10174	333	3040	18.1198	23.2998	1757	18.3711	7	527	12	56	7	5	1.20635e+06	5.90947e-05	0.1357	
10206	311	3042	18.1198	25.2504	1773	18.0511	7	527	3	56	19	5	1.20988e+06	6.12033e-05	0.1162	
11213	344	3024	15.2572	21.344	1780	15.6216	8	531	4	77	17	4	1.27144e+06	4.92562e-05	0.3585	
10803	381	3036	19.9003	22.6017	1856	16.7418	7	528	19	62	67	4	1.11154e+06	5.71167e-05	0.211	
10825	390	3034	19.4812	22.4628	1806	16.7717	6	534	-0	63	29	5	1.11178e+06	5.44959e-05	0.2574	
11194	366	3041	19.1637	20.9483	1752	15.008	7	518	12	57	20	3	1.11965e+06	5.02715e-05	0.398	
11302	370	2971	20.9375	22.7893	1793	15.0429	7	530	10	66	40	5	1.06793e+06	5.32907e-05	0.3427	
10944	333	3015	16.9773	25.9366	1767	16.789	6	534	18	68	15	4	1.18447e+06	5.59159e-05	0.2041	
10029	332	2978	21.3102	23.5502	1716	18.2754	6	530	4	57	17	3	1.14617e+06	6.4704e-05	0.1244	
11229	381	2992	23.6672	29.7508	1751	17.9572	6	520	13	59	6	5	1.00723e+06	6.20848e-05	0.2767	
10643	400	2974	22.9358	25.845	1743	18.1933	8	519	9	57	62	4	1.05172e+06	6.37267e-05	0.1883	
10797	287	3030	15.7875	21.7158	1820	16.1587	10	498	18	56	49	4	1.03021e+06	6.49013e-05	0.2091	
10751	368	3040	16.9416	22.3039	1856	18.6787	6	526	16	65	29	5	1.20134e+06	5.39142e-05	0.2472	
10734	383	2973	16.8803	24.8054	1856	18.6787	6	532	16	65	29	5	1.18331e+06	5.70907e-05	0.1862	
11199	320	3029	17.5956	20.1018	1827	17.0248	7	535	4	64	34	4	1.19853e+06	4.95221e-05	0.3563	
10989	337	3002	15	21.6771	1730	15.3802	8	530	9	71	27	4	1.30092e+06	5.14907e-05	0.274	
11144	400	3025	16.6368	22.0397	1755	18.1296	7	531	15	76	22	4	1.17344e+06	5.11195e-05	0.3126	
11216	378	2950	20.0576	22.7989	1767	15.4405	9	535	20	85	41	3	1.07173e+06	5.40453e-05	0.3182	
10935	387	3006	23.4948	28.7556	1852	16.6552	10	530	15	75	13	3	1.01668e+06	6.19042e-05	0.2388	
10959	385	3034	22.3156	27.6366	1846	14.0729	10	531	11	70	39	4	1.0337e+06	6.02664e-05	0.243	
10820	384	3034	19.4812	22.908	1807	16.7717	6	534	0	63	29	5	1.11181e+06	5.49511e-05	0.2507	
10448	398	2971	21.3106	27.3636	1820	18.4507	8	528	11	58	56	4	1.08476e+06	6.58545e-05	0.1435	
10825	390	3034	18.3315	22.4628	1806	16.7717	6	534	0	63	29	5	1.14092e+06	5.39869e-05	0.2597	
11195	398	3009	19.6634	20.5844	1889	15.8161	5	526	18	67	7	4	1.10533e+06	4.98455e-05	0.4009	
10234	380	3000	20.9186	28.4485	1716	16.1307	6	525	11	55	37	4	1.10732e+06	6.75128e-05	0.1105	
10587	380	3039	19.4847	26.9211	1816	15.2953	8	534	4	64	14	4	1.10358e+06	5.99664e-05	0.1762	
10192	335	2995	17.8926	28.012	1792	17.0411	4	529	14	58	2	4	1.19729e+06	6.39018e-05	0.1155	
11367	326	3017	15.1149	21.6771	1786	15.2876	10	530	8	79	42	4	1.28263e+06	4.96327e-05	0.3438	
11500	245	3004	19.2247	20.7999	1900	18.832	6	534	16	55	15	4	1.23494e+06	4.86571e-05	0.3801	
10410	365	3035	16.8569	22.2095	1709	16.4585	6	519	18	64	25	5	1.22878e+06	5.65419e-05	0.1889	
11073	320	3035	15.1547	20.4781	1827	16.9588	6	533	11	76	35	4	1.31189e+06	5.00851e-05	0.3121	
10793	315	3046	15.8091	20	1720	17.7051	5	528	20	60	24	4	1.29808e+06	5.12426e-05	0.2814	
11295	364	3016	22.8145	22.4202	1845	16.6552	6	530	12	73	26	3	1.05012e+06	5.30757e-05	0.3823	
11303	368	3050	17.938	20.4629	1856	17.3953	7	523	17	66	32	4	1.15445e+06	4.90124e-05	0.3959	
10897	345	2970	20.6736	28.2183	1834	15.5443	6	533	11	67	50	3	1.07548e+06	6.17932e-05	0.1888	
10941	400	3023	17.6796	23.5397	1740	16.4347	9	529	15	71	16	5	1.13547e+06	5.38387e-05	0.2639	
11215	370	3033	22.9674	20.0857	1827	14.8165	7	535	4	68	34	4	1.07339e+06	5.17866e-05	0.3895	
11233	337	3004	15	21.6771	1806	15.2472	9	532	8	69	27	4	1.28804e+06	4.97018e-05	0.3242	
11381	396	2984	22.5202	28.8745	1842	16.6552	10	524	15	62	19	3	997876	5.93824e-05	0.2952	
10257	328	3031	23.3307	26.591	1764	17.196	5	524	17	60	51	4	1.1082e+06	6.74036e-05	0.1359	
10193	328	3026	18.8626	22.1667	1715	15.8408	10	529	17	59	39	5	1.19688e+06	6.06024e-05	0.1317	
11206	378	3035	21.0557	24.3505	1749	15.2035	7	529	5	66	56	3	1.05644e+06	5.54477e-05	0.3015	
10585	377	2978	23.5377	27.8265	1775	14.851	5	515	20	58	58	4	1.05477e+06	6.6072e-05	0.1794	
11224	362	3020	22.0601	21.9367	1845	16.5475	9	520	16	73	28	3	1.0607e+06	5.27259e-05	0.3876	
11128	400	3043	22.3162	21.5834	1719	18.223	7	529	11	67	47	5	1.05748e+06	5.41448e-05	0.3326	
10938	400	3034	21.1563	23.3164	1795	15.1195	9	534	3	60	18	5	1.06025e+06	5.48817e-05	0.2756	
10782	369	2970	17.5789	27.3753	1886	16.7621	7	534	17	57	15	3	1.14201e+06	5.88547e-05	0.1749	
11215	337	3043	15.1547	21.5573	1836	15.0025	6	533	7	71	5	4	1.28539e+06	4.86074e-05	0.3649	
10837	381	3048	20.1463	22.4256	1808	18.0569	9	531	19	69	33	4	1.09449e+06	5.5054e-05	0.2456	
10337	400	2995	22.26	26.1687	1888	18.8132	8	534	12	65	28	3	1.07633e+06	6.42963e-05	0.1646	
11380	396	2984	22.8145	27.1836	1834	19	10	523	15	74	19	3	1.00003e+06	5.76502e-05	0.331	
10717	383	3002	15.2572	21.6771	1730	16.6491	6	530	7	72	25	4	1.28077e+06	5.34931e-05	0.2254	
11215	351	3035	15.1547	20.1018	1827	14.0381	5	533	2	71	57	4	1.29824e+06	4.96376e-05	0.3283	
11440	399	3025	21.8175	26.5051	1759	15.6874	7	524	14	73	39	6	1.02332e+06	5.61924e-05	0.3331	
11285	245	3004	19.2247	20.7999	1899	18.832	5	534	16	55	14	4	1.24168e+06	4.97413e-05	0.348	
10923	369	2972	17.0926	26.5498	1848	16.6857	8	534	17	55	12	6	1.15615e+06	5.68473e-05	0.1973	
10257	340	3000	23.3036	25.0161	1723	17.196	5	535	11	58	53	4	1.10824e+06	6.65026e-05	0.1314	
11331	323	3001	15.4966	22.6177	1804	16.4585	7	533	5	66	8	4	1.2595e+06	4.96401e-05	0.3363	
11216	392	2950	20.0576	22.7989	1846	15.4405	9	531	20	85	36	4	1.06929e+06	5.36337e-05	0.3295	
11260	400	2987	19.955	22.5676	1781	15.1198	10	520	16	59	33	4	1.06999e+06	5.2532e-05	0.3664	
11229	380	3044	23.2601	29.7508	1749	17.757	6	527	3	64	28	6	1.0134e+06	6.15953e-05	0.2574	
11293	353	3013	17.7932	22.5603	1714	14.9448	9	530	19	67	67	4	1.14782e+06	5.28989e-05	0.2854	
11198	311	3046	17.9084	20	1765	18.4694	7	535	3	59	29	3	1.19247e+06	4.94682e-05	0.3717	
11164	371	3007	17.6591	22.5603	1763	14.9448	9	530	10	63	65	4	1.14917e+06	5.34902e-05	0.2727	
11024	311	3042	17.9084	21.6628	1884	16.5798	6	530	6	62	19	5	1.19503e+06	5.11012e-05	0.3199	
11285	298	3005	17.847	20.7999	1899	18.4335	6	531	20	63	33	4	1.2045e+06	4.97785e-05	0.3528	
11016	388	3044	21.4673	24.2163	1890	18.677	8	516	16	56	63	5	1.21124e+06	5.22548e-05	0.277	
10837	381	3050	19.5489	28.3805	1817	18.9156	9	526	14	63	35	4	1.08343e+06	6.07349e-05	0.1839	
10923	328	2970	19.3558	24.1643	1865	16.7621	7	534	19	62	10	3	1.12095e+06	5.51359e-05	0.2444	
10962	384	2995	18.5819	22.1401	1791	14.9263	8	535	3	58	75	3	1.13156e+06	5.56235e-05	0.2337	
11028	347	2987	16.1456	23.996	1880	15.1839	6	535	12	67	23	6	1.21924e+06	5.32935e-05	0.2454	
10257	340	3005	24.1798	28.3758	1720	16.0245	5	524	12	57	53	4	1.0906e+06	7.03482e-05	0.1243	
11199	320	3035	16.3659	20.1018	1827	17.3889	6	533	10	71	34	4	1.24659e+06	4.91957e-05	0.3686	
10448	311	3042	17.9084	22.7994	1837	18.2989	6	527	3	55	25	5	1.21477e+06	5.66893e-05	0.196	
10373	358	3036	19.4847	26.9211	1816	17.7434	9	535	4	64	15	4	1.12834e+06	6.20732e-05	0.1464	
11213	344	3027	15.2572	22.5754	1751	15.1824	8	530	8	71	18	4	1.2641e+06	5.03246e-05	0.3076	
10742	379	2973	17.6345	24.8054	1856	18.6787	6	530	16	65	28	5	1.15522e+06	5.72115e-05	0.1924	
11025	373	2997	24.4782	27.3025	1802	17.851	8	525	6	56	39	3	1.01455e+06	6.1546e-05	0.2544	
11285	254	3004	18.8673	20.775	1899	18.6997	6	534	3	55	3	6	1.23799e+06	4.92635e-05	0.3718	
11216	378	3002	20.0576	22.7989	1767	15.4405	9	533	20	85	42	3	1.07322e+06	5.3582e-05	0.3231	
11268	397	3027	20.1967	26.5311	1734	16.4079	8	525	15	73	8	4	1.04692e+06	5.58129e-05	0.2933	
11172	320	3025	15.1547	21.7405	1832	17.2594	6	533	4	71	34	4	1.29941e+06	5.03474e-05	0.3069	
10776	283	2985	16.403	21.0738	1745	17.7051	5	528	20	58	55	4	1.29579e+06	5.46179e-05	0.2182	
11499	397	3016	17.7034	25.9485	1845	16.6552	10	524	15	73	19	3	1.09578e+06	5.30279e-05	0.3269	
11285	327	3023	21.3206	20.8939	1896	18.5804	6	534	16	55	10	4	1.10495e+06	5.05306e-05	0.3749	
10192	339	2954	17.8926	29.2573	1855	18.9604	5	532	14	55	7	4	1.18895e+06	6.61376e-05	0.1095	
10893	390	2991	24.5362	29.9322	1728	14.594	7	519	19	67	9	4	1.01222e+06	6.47878e-05	0.2342	
10426	325	3049	19.5071	26.9211	1850	18.5611	9	535	4	57	9	4	1.13854e+06	6.10948e-05	0.1365	
10837	399	3050	18.7445	22.4256	1841	17.9926	9	528	19	65	42	4	1.12156e+06	5.47375e-05	0.2459	
10921	383	3004	15.2572	21.9256	1730	15.1824	6	530	15	68	40	4	1.26996e+06	5.2843e-05	0.2428	
11293	377	3021	17.6591	22.0113	1763	14.9448	9	526	17	63	62	4	1.14524e+06	5.18726e-05	0.3154	
10125	311	3042	18.7199	23.2998	1757	18.0511	7	527	3	56	19	5	1.20892e+06	6.04339e-05	0.1329	
11400	397	3016	22.5682	26.5311	1734	16.6552	10	525	15	73	19	3	1.00411e+06	5.65931e-05	0.3162	
11493	396	3016	22.0841	28.7556	1742	16.6552	10	524	15	80	19	3	998886	5.84693e-05	0.303	
10722	383	3026	22.6288	27.7352	1827	17.0635	6	535	7	68	37	6	1.05314e+06	6.26566e-05	0.1931	
10332	311	3043	17.9084	22.7994	1837	18.4694	8	527	3	56	19	5	1.21788e+06	5.74416e-05	0.1794	
10125	311	3042	17.059	22.0396	1757	18.0511	7	524	3	56	18	5	1.26949e+06	5.83567e-05	0.1434	
10878	400	2966	20.4025	24.872	1768	17.319	5	530	14	63	57	5	1.08187e+06	5.90284e-05	0.204	
11293	353	3021	19.507	22.5603	1714	14.5609	9	530	17	67	67	4	1.10288e+06	5.33846e-05	0.3012	
11229	378	2981	25	29.7508	1762	14.5051	6	527	7	64	11	6	1.00105e+06	6.28022e-05	0.2777	
11061	385	3034	21.4868	27.6366	1851	14.0729	10	532	19	70	42	4	1.03709e+06	5.93014e-05	0.2323	
10613	387	3049	22.6104	30	1720	17.8887	6	516	6	60	31	4	1.04921e+06	6.59109e-05	0.1854	
11452	362	2962	16.9094	20	1871	15.3191	6	529	12	61	11	3	1.18936e+06	4.73597e-05	0.4199	
11127	336	3035	15.5957	20.1018	1829	14.8261	6	532	7	69	24	4	1.27753e+06	4.87615e-05	0.3706	
11295	351	3016	21.6862	22.54	1882	17.0537	5	530	11	73	13	3	1.07113e+06	5.21295e-05	0.3737	
11309	377	3031	17.6591	22.5603	1763	15.4834	10	526	7	63	72	4	1.14298e+06	5.26343e-05	0.3094	
10792	381	3040	20.1463	21.9571	1808	18.0569	9	530	19	65	38	4	1.10056e+06	5.53159e-05	0.2401	
11229	380	2981	23.2601	29.7508	1749	17.757	6	527	5	64	40	6	1.01237e+06	6.25352e-05	0.25	
10328	400	3007	19.6481	25.6329	1784	16.3116	9	525	10	56	39	5	1.12275e+06	6.26606e-05	0.137	
10125	311	3042	18.1198	23.2998	1758	18.0511	6	527	3	56	19	5	1.22784e+06	6.01034e-05	0.1236	
11066	385	3029	22.1475	27.6366	1851	14.0729	10	527	18	70	27	4	1.02775e+06	5.90842e-05	0.2685	
11216	373	2950	20.0576	23.5905	1742	15.4405	9	533	20	85	26	3	1.06852e+06	5.42299e-05	0.3105	
11415	245	3021	19.2247	20.7999	1899	18.4335	4	534	15	55	19	4	1.2424e+06	4.89788e-05	0.3692	
11141	368	3037	16.9497	20.371	1716	18.6787	6	535	15	68	36	5	1.19331e+06	5.04617e-05	0.3261	
11190	364	3028	21.9484	21.8109	1801	14.9878	9	534	4	70	55	4	1.06495e+06	5.37374e-05	0.3222	
10141	341	3042	15.647	23.2998	1778	17.8899	6	530	5	56	19	5	1.31858e+06	5.88512e-05	0.1277	
11285	327	3023	21.3206	20.775	1899	18.5804	6	534	16	55	10	4	1.10617e+06	5.04236e-05	0.3792	
10125	311	3042	18.1198	23.2998	1757	18.0511	7	527	3	56	13	5	1.22493e+06	5.97764e-05	0.1325	
10997	298	3004	17.3737	21.4073	1899	17.8735	5	532	16	55	28	4	1.22408e+06	5.16022e-05	0.2999	
11447	376	3043	20.2496	20.314	1878	18.0337	6	509	7	75	26	4	1.10515e+06	4.90557e-05	0.49	
10793	357	3037	15	21.3752	1749	17.7051	10	528	19	60	59	4	1.31811e+06	5.41917e-05	0.2195	
11001	335	2994	17.8591	21.6771	1760	16.5199	8	535	9	61	7	4	1.1677e+06	5.15783e-05	0.3045	
11076	354	3000	18.0149	24.9827	1836	15.499	10	535	9	58	2	4	1.12538e+06	5.39549e-05	0.2636	
10039	311	3042	17.9084	23.2998	1757	18.4694	7	529	3	57	21	5	1.24286e+06	6.17055e-05	0.1117	
11199	320	3004	15.5402	20.1018	1819	15.3977	7	535	4	64	34	4	1.28651e+06	4.89908e-05	0.3619	
10929	383	3002	15.2572	21.6771	1730	15.1824	6	530	7	71	25	4	1.26781e+06	5.1835e-05	0.2718	
11229	378	2981	25	29.7508	1754	15.7758	6	527	7	64	11	6	1.00082e+06	6.28733e-05	0.2741	
10897	364	2982	20.6736	27.8309	1834	19	6	533	3	67	50	3	1.06846e+06	6.14024e-05	0.1946	
10337	375	2987	22.26	26.1687	1900	18.8132	8	534	11	65	47	4	1.0893e+06	6.56168e-05	0.1601	
11475	381	3019	15.4966	24.7845	1797	16.3686	7	535	6	61	24	5	1.21251e+06	5.13505e-05	0.3057	
11272	385	3042	17.9208	20.6783	1756	15.37	6	517	15	58	9	3	1.14483e+06	4.87924e-05	0.4293	
10332	311	3042	17.9084	24.2917	1806	18.4694	6	527	3	55	19	5	1.21307e+06	5.89032e-05	0.1456	
10410	316	3031	16.8569	22.2095	1709	17.1111	6	519	18	64	25	5	1.25522e+06	5.66348e-05	0.1867	
11276	381	2981	23.9534	29.7508	1759	15.1203	7	528	8	58	19	6	1.00225e+06	6.21157e-05	0.2697	
10193	325	3025	17.4721	20.7112	1715	15.8514	10	525	7	55	33	5	1.24561e+06	5.78905e-05	0.1554	
11380	396	3016	22.0841	28.7556	1852	16.6552	10	524	15	80	19	3	1.00307e+06	5.86063e-05	0.3029	
10837	381	3050	17.0519	24.5115	1771	17.7625	9	527	18	75	40	4	1.16912e+06	5.61419e-05	0.2131	
10587	400	2987	18.6164	25.6279	1874	17.0664	8	535	2	64	14	4	1.12053e+06	5.86958e-05	0.1897	
11068	400	2951	22.9312	28.3385	1761	17.1805	10	528	7	73	67	4	1.01547e+06	6.29802e-05	0.2298	
11251	320	3035	18.7562	20.1324	1827	16.0403	5	533	5	75	26	4	1.17096e+06	4.93437e-05	0.3733	
10893	354	3021	25	29.9322	1728	15.3862	7	532	17	73	16	4	1.02573e+06	6.48088e-05	0.2102	
11215	336	3035	15.1547	20.1018	1795	17.4385	6	533	7	71	13	4	1.29692e+06	4.79939e-05	0.3834	
11293	353	3021	17.7932	22.5603	1714	14.9448	9	530	17	67	67	4	1.14822e+06	5.28095e-05	0.2883	
11195	348	3043	25	29.9566	1719	18.4936	7	527	17	55	47	5	1.01486e+06	6.39059e-05	0.2264	
10723	394	3005	20.2061	24.7238	1798	18.4968	9	532	19	66	49	3	1.0863e+06	5.94601e-05	0.1816	
11220	381	3016	22.8145	23.015	1845	17.4222	8	524	13	62	13	3	1.03755e+06	5.37924e-05	0.3559	
11016	400	3034	22.5617	22.9589	1809	15.7745	7	529	4	60	18	5	1.04714e+06	5.48486e-05	0.3245	
11049	390	3042	17.8799	21.5454	1792	15.7745	6	534	3	57	24	5	1.14714e+06	5.11692e-05	0.3177	
10722	396	3026	23.6701	28.8326	1831	16.7059	7	535	7	68	22	6	1.03505e+06	6.38855e-05	0.1969	
11381	375	3023	18.7911	22.1964	1856	15.2081	9	529	18	62	54	5	1.10986e+06	5.1311e-05	0.3505	
11395	343	3049	17.0773	22.9312	1878	17.0584	8	534	7	75	23	6	1.17235e+06	5.00551e-05	0.367	
10337	400	2994	21.3106	26.1687	1805	18.515	8	534	11	65	47	4	1.09666e+06	6.51721e-05	0.1481	
11293	377	3021	15.9369	22.5603	1763	14.9448	10	526	17	63	49	4	1.2066e+06	5.12085e-05	0.3087	
11331	323	3030	15.4966	23.2696	1804	16.4585	7	533	5	66	17	4	1.25681e+06	5.02386e-05	0.3129