11243	345	3015	17.772	23.117	1782	16.2325	7	514	12	79	34	4	1.10003e+06	5.79307e-05	0.2017	
10878	390	2966	19.8653	23.9647	1756	17.319	5	531	14	56	57	5	1.10003e+06	5.79307e-05	0.2017	
11039	369	2996	23.1149	29.888	1710	16.5488	9	534	9	85	27	3	1.01814e+06	6.31991e-05	0.2174	
10587	374	3016	19.4847	26.9211	1775	18.5611	8	535	5	61	14	4	1.10446e+06	6.0551e-05	0.148	
10141	311	3042	17.6843	23.2998	1745	18.4694	6	530	5	56	19	5	1.24184e+06	5.98838e-05	0.1058	
11400	397	3016	22.8145	25.8624	1845	16.6552	10	524	15	73	19	3	1.00313e+06	5.56359e-05	0.3437	
11016	400	3034	22.5617	23.3578	1795	15.7745	5	534	7	60	18	5	1.04844e+06	5.52486e-05	0.2906	
11285	288	3004	18.7833	20.8793	1887	18.1747	6	534	16	60	3	4	1.18675e+06	4.92708e-05	0.3514	
11380	396	3016	22.946	21.5731	1852	16.6552	10	524	20	78	19	3	1.03004e+06	5.1835e-05	0.4235	
11016	390	3034	18.9648	22.9838	1795	15.7745	5	534	4	57	29	5	1.1132e+06	5.33589e-05	0.283	
11016	400	3034	22.5617	23.3164	1795	15.7745	9	534	3	60	18	5	1.03894e+06	5.52273e-05	0.2948	
11066	385	3036	21.4868	25.6133	1895	14	10	527	18	61	36	4	1.04397e+06	5.67472e-05	0.2682	
11500	377	3016	23.2756	22.4269	1845	16.2518	10	524	15	73	19	3	1.0261e+06	5.20725e-05	0.4143	
10877	308	3035	15.1547	20.1018	1827	18.0973	6	532	8	57	12	4	1.33385e+06	4.9781e-05	0.318	
10942	394	3004	20.2061	22.967	1809	17.5617	9	532	18	69	56	3	1.0807e+06	5.63317e-05	0.2393	
11086	400	3016	22.0505	28.7556	1852	16.6552	10	535	15	73	19	3	1.01634e+06	6.01178e-05	0.235	
11331	323	3034	15.4966	23.2696	1804	16.4585	7	533	5	66	10	4	1.25686e+06	5.00175e-05	0.3158	
10941	400	3004	17.6796	23.5397	1740	16.4347	9	535	15	74	32	5	1.13559e+06	5.47735e-05	0.2265	
11400	391	3016	23.1419	26.0248	1804	16.6552	10	525	15	73	32	3	1.0016e+06	5.63444e-05	0.3362	
10837	385	3050	19.8681	22.4256	1817	17.8864	9	529	19	64	29	4	1.09723e+06	5.46388e-05	0.248	
10942	400	3050	21.6003	23.3164	1808	18.1949	9	534	3	60	18	5	1.05392e+06	5.51207e-05	0.2693	
10825	390	3034	19.4812	20.8806	1804	16.7717	6	534	3	58	29	5	1.1225e+06	5.31858e-05	0.2675	
10712	369	2978	20.8381	25.993	1886	16.5442	7	534	17	57	12	6	1.0804e+06	5.92242e-05	0.1924	
10426	392	3039	18.6164	26.9211	1843	18.5611	8	535	4	57	8	4	1.12954e+06	6.07165e-05	0.1277	
10923	336	2970	18.8708	27.3753	1886	16.4972	7	534	18	56	2	3	1.11035e+06	5.80383e-05	0.2008	
11454	397	3037	22.8145	25.8624	1845	16.6552	10	524	15	73	25	4	1.00377e+06	5.52853e-05	0.3531	
11233	337	3002	15	21.6771	1738	15.2472	9	532	8	71	27	4	1.2882e+06	4.99476e-05	0.3122	
10836	394	3004	18.5815	20	1763	18.2284	9	532	19	69	44	3	1.13814e+06	5.35561e-05	0.2643	
11030	381	3050	15	21.6865	1817	17.3426	9	531	16	68	40	4	1.2773e+06	5.13848e-05	0.2638	
10141	311	3021	17.6843	22.6942	1745	18.4694	6	530	11	57	19	5	1.24494e+06	5.96374e-05	0.1109	
10923	369	2982	17.5789	22.6762	1886	16.3533	7	534	18	59	15	3	1.15511e+06	5.29157e-05	0.2624	
10141	376	3042	17.6843	23.2998	1812	18.4694	6	531	5	56	19	5	1.20923e+06	5.97122e-05	0.1127	
11125	337	2970	17.5789	25.5136	1815	15.637	7	535	17	57	4	3	1.14476e+06	5.44395e-05	0.2351	
10837	381	3050	19.1411	22.4256	1781	17.8864	9	529	19	65	40	4	1.11661e+06	5.49451e-05	0.2406	
10837	383	3046	19.8681	24.9822	1817	18.9156	9	526	17	75	35	4	990676	5.99808e-05	0.2916	
11380	400	3027	22.8145	29.7597	1871	16.6552	10	524	15	74	19	3	990676	5.99808e-05	0.2916	
11400	397	3016	22.5682	26.5311	1734	16.6552	10	525	15	78	52	3	1.00689e+06	5.73066e-05	0.3132	
11490	328	3001	15.4966	23.1258	1804	16.4585	7	534	5	66	8	4	1.24689e+06	4.9351e-05	0.3454	
11293	365	3014	19.1595	26.9368	1747	14.603	9	535	17	67	60	4	1.08069e+06	5.71919e-05	0.2286	
11247	391	3007	20.1169	25.138	1899	18.832	6	534	16	55	22	4	1.06058e+06	5.45375e-05	0.2948	
11016	390	3034	18.5088	20.8806	1792	15.7745	6	534	3	57	23	4	1.13306e+06	5.10908e-05	0.3117	
11306	394	3005	20.2061	25.333	1798	18.0033	8	533	19	66	75	3	1.0571e+06	5.67279e-05	0.2419	
11066	400	3038	21.4868	25.0762	1895	14	9	527	18	67	36	4	1.04227e+06	5.61735e-05	0.2759	
11295	373	3016	21.7732	22.4399	1845	17.0537	4	530	12	66	37	3	1.063e+06	5.2843e-05	0.3387	
11042	390	3043	21.3631	27.6366	1854	14	10	531	18	69	41	4	1.03811e+06	5.92171e-05	0.2325	
10942	400	3050	21.6003	23.3164	1808	18.1949	9	535	0	60	33	5	1.05532e+06	5.56731e-05	0.2567	
11030	400	3050	15	21.6641	1807	17.3426	9	531	16	68	40	4	1.27013e+06	5.13901e-05	0.2632	
11380	396	3016	22.8145	28.7556	1852	16.6552	10	534	13	75	25	4	995657	5.89345e-05	0.2849	
11229	394	2992	23.9276	29.0129	1731	15.4696	7	530	12	58	9	6	1.0017e+06	6.1252e-05	0.2617	
11449	395	3016	22.8145	23.5751	1845	15.9093	10	524	12	73	19	3	1.01516e+06	5.31124e-05	0.372	
10141	311	3042	17.6548	23.2998	1769	18.4694	6	530	5	56	19	5	1.24216e+06	5.97979e-05	0.1079	
10900	400	3050	21.054	23.3164	1808	18.1949	9	534	3	60	18	5	1.06432e+06	5.51025e-05	0.2596	
11400	400	3016	22.8145	22.4269	1870	16.2518	10	525	15	73	31	3	1.024e+06	5.25597e-05	0.3938	
11264	391	3016	23.6373	26.0248	1816	16.6552	10	525	15	73	32	3	1.00466e+06	5.74086e-05	0.3121	
10587	382	3039	22.2796	26.6445	1831	18.5611	8	535	8	59	13	4	1.05902e+06	6.13798e-05	0.1688	
10978	400	3034	20.0129	23.3164	1795	15.7745	9	534	3	60	26	5	1.0777e+06	5.43242e-05	0.2759	
10837	381	3039	20.1463	22.4256	1808	17.8087	9	530	19	68	24	4	1.09326e+06	5.46866e-05	0.2523	
11209	387	3009	22.449	29.1561	1763	15.6644	6	535	16	66	19	3	1.01345e+06	6.04339e-05	0.2285	
10814	380	3024	25	29.2444	1819	19	7	532	10	63	51	4	1.02259e+06	6.58501e-05	0.177	
11400	397	3016	22.5084	25.8624	1845	16.9696	10	524	15	73	19	3	1.00632e+06	5.54785e-05	0.3445	
10871	400	3008	22.26	26.1687	1888	18.8132	8	534	12	65	28	3	1.03733e+06	5.93577e-05	0.2177	
11381	400	3038	21.5275	23.0738	1843	15.2073	9	522	15	65	13	5	1.04211e+06	5.19832e-05	0.3681	
11125	338	2970	17.5789	25.5136	1829	15.7607	7	535	17	57	4	3	1.14387e+06	5.4401e-05	0.2374	
10945	400	3034	22.5617	23.3578	1788	15.7745	5	534	7	60	18	5	1.05236e+06	5.57351e-05	0.2802	
10950	385	2992	22.0318	27.3753	1886	16.7621	8	532	19	57	15	3	1.03329e+06	5.95912e-05	0.2228	
11073	392	2992	20.2087	27.5987	1837	15.3967	8	535	17	61	21	3	1.04922e+06	5.83431e-05	0.2151	
11233	337	3002	15	21.6771	1738	15.2472	9	532	9	71	18	4	1.28636e+06	4.96303e-05	0.3187	
11110	330	3045	19.8653	20.775	1837	18.5804	7	534	16	67	10	4	1.1293e+06	5.07074e-05	0.3285	
11412	400	3016	22.8145	26.5861	1852	17.0209	10	524	15	73	19	3	999100	5.63444e-05	0.34	
11285	380	3004	19.2551	20.775	1899	17.483	6	535	16	55	52	4	1.11441e+06	5.09944e-05	0.3292	
10896	383	3034	18.9648	22.9838	1796	15.8089	5	534	7	57	29	5	1.12186e+06	5.42005e-05	0.2536	
11016	390	3034	17.8799	20.1845	1792	15.7745	6	534	3	59	21	5	1.15912e+06	5.02134e-05	0.3243	
10587	373	3037	19.4847	23.8853	1816	18.5611	8	535	4	64	14	4	1.11804e+06	5.70972e-05	0.2001	
10938	400	3034	21.1563	23.3164	1795	15.1195	10	534	3	60	26	5	1.05982e+06	5.51815e-05	0.2687	
10141	351	3042	17.9084	21.9928	1778	18.4694	5	530	5	56	19	5	1.21985e+06	5.86579e-05	0.1396	
10426	392	3039	18.6164	26.9211	1843	18.5611	8	535	4	57	8	5	1.13127e+06	6.07497e-05	0.1268	
11016	390	3034	21.5163	22.9838	1795	15.7745	5	535	4	55	29	4	1.06484e+06	5.46388e-05	0.2749	
11500	377	3016	23.2756	22.4269	1845	16.9643	10	524	15	72	19	3	1.02544e+06	5.20996e-05	0.4124	
11001	335	2994	16.1335	21.6771	1730	16.5199	8	535	9	61	7	4	1.23406e+06	5.10152e-05	0.2935	
11016	400	3034	20.612	23.3578	1795	15.7745	5	533	6	60	17	4	1.07175e+06	5.40716e-05	0.2821	
11113	400	3012	22.26	26.1687	1888	18.8132	8	535	12	65	28	3	1.0231e+06	5.75639e-05	0.2523	
11264	400	3018	17.3589	20	1868	15.3191	6	529	12	61	7	3	1.16213e+06	4.7895e-05	0.3842	
10891	320	3028	16.5603	20	1845	18.0973	6	535	9	57	27	3	1.24761e+06	5.07588e-05	0.298	
10893	335	2972	17.9531	20	1794	16.7621	7	535	19	65	15	4	1.1842e+06	5.14774e-05	0.2825	
11140	400	3027	22.4766	29.7597	1862	16.0526	10	524	15	70	19	3	1.00616e+06	6.11284e-05	0.2573	
11500	400	3007	20.5915	22.6985	1843	18.7159	5	534	19	73	66	3	1.05783e+06	5.25652e-05	0.3403	
11269	389	3016	22.5084	25.8624	1845	16.9696	10	535	15	73	16	3	1.01446e+06	5.60601e-05	0.2874	
11411	327	3036	19.5682	20.2022	1899	17.0128	6	534	20	58	5	4	1.13785e+06	4.80607e-05	0.3927	
11072	400	2987	21.6003	23.3164	1808	18.1949	8	534	5	60	24	5	1.04938e+06	5.5063e-05	0.284	
10338	397	3031	22.26	26.0116	1888	17.3895	7	534	11	59	47	4	1.08329e+06	6.47124e-05	0.1389	
11457	370	3016	22.946	21.5994	1781	18.7205	10	524	20	78	21	3	1.03698e+06	5.1792e-05	0.4038	
11473	354	3042	16.056	20	1772	15.008	7	535	6	57	20	3	1.2261e+06	4.67464e-05	0.4206	
10663	321	3042	15.954	20.6783	1858	15.008	7	535	15	57	14	3	1.27917e+06	5.17786e-05	0.2461	
11268	397	3030	20.1967	26.5311	1734	16.4079	8	528	17	73	8	4	1.04627e+06	5.57538e-05	0.2815	
11380	400	3018	22.7623	29.7597	1871	16.3159	10	524	15	74	19	3	990860	6.0042e-05	0.2911	
11417	397	3016	22.8144	23.4508	1845	16.6552	10	524	15	70	23	3	1.01759e+06	5.32765e-05	0.3632	
11016	400	3034	22.5617	23.3164	1791	16.7798	9	534	3	60	18	5	1.03883e+06	5.53036e-05	0.2905	
10793	339	3046	15	21.0738	1749	17.7051	5	528	20	65	27	4	1.3222e+06	5.2021e-05	0.2336	
11264	391	3016	23.6373	26.0248	1821	16.7432	10	525	15	74	32	3	1.00452e+06	5.74185e-05	0.3127	
11395	383	3013	18.6981	22.9312	1846	17.4539	8	534	18	73	23	5	1.09834e+06	5.10256e-05	0.354	
11030	389	3050	16.3715	21.6865	1817	17.3426	9	533	16	68	34	4	1.19606e+06	5.15145e-05	0.2738	
10722	371	3017	21.8389	25.4011	1777	17.5425	8	535	7	65	36	5	1.06769e+06	6.00492e-05	0.195	
10991	366	3027	22.5617	23.3164	1795	15.7745	9	534	19	60	7	5	1.05293e+06	5.51907e-05	0.2838	
10200	400	2995	23.5449	29.4328	1854	18.5077	6	511	9	60	65	4	1.23648e+06	6.06575e-05	0.1069	
10075	328	3042	17.908	22.4402	1764	18.4694	7	532	13	56	26	5	1.23648e+06	6.06575e-05	0.1069	
11308	400	2994	19.3912	26.8408	1817	18.5611	9	533	8	66	19	3	1.05319e+06	5.59284e-05	0.2623	
11500	393	3016	22.8145	28.7556	1852	16.6552	10	534	13	75	25	4	991952	5.83431e-05	0.2955	
11016	393	3034	17.8799	20.1845	1792	15.7745	6	534	3	59	17	5	1.15872e+06	5.00626e-05	0.3267	
11066	400	3038	23.1576	25.0762	1814	14	9	527	18	62	36	3	1.02006e+06	5.73164e-05	0.2724	
11395	383	3049	18.6981	22.9312	1846	17.4539	8	534	18	82	23	5	1.09879e+06	5.08078e-05	0.3666	
11381	400	3009	19.6045	21.8671	1856	15.2081	9	520	19	64	13	4	1.07972e+06	5.01605e-05	0.387	
10942	400	3050	21.5415	23.3164	1808	18.1949	9	534	3	60	18	5	1.05453e+06	5.50873e-05	0.269	
10565	362	3032	21.3102	23.3732	1736	17.7651	6	530	4	57	38	3	1.09558e+06	5.90528e-05	0.1926	
11125	338	2970	17.6435	25.5136	1829	16.181	7	535	17	55	4	3	1.14181e+06	5.44662e-05	0.2364	
10478	327	2995	15.853	24.0583	1818	14.3877	7	531	12	55	5	4	1.27239e+06	5.61356e-05	0.1583	
10587	392	3040	18.4105	24.6454	1843	18.5611	6	535	4	57	14	3	1.13414e+06	5.71265e-05	0.1782	
10923	370	2990	17.5789	22.6762	1886	16.3171	7	534	18	59	7	3	1.15458e+06	5.25348e-05	0.2672	
10462	311	3042	17.9084	20.0338	1761	18.4694	6	530	5	56	9	5	1.22896e+06	5.36884e-05	0.2243	
10923	328	3003	19.3558	22.8395	1867	16.7621	7	534	19	62	10	3	1.12965e+06	5.35733e-05	0.2567	
11264	400	3044	17.3589	20	1868	15.3191	6	526	12	61	7	3	1.16422e+06	4.76826e-05	0.3926	
10725	335	2998	15.7732	21.6771	1730	15.6399	8	533	9	61	23	4	1.2692e+06	5.33191e-05	0.2166	
10864	390	3033	17.8799	20.5782	1811	15.7745	6	534	3	57	21	5	1.16284e+06	5.14854e-05	0.2893	
10723	394	3005	20.2061	24.7238	1833	18.4968	10	532	19	61	49	3	1.08494e+06	5.9312e-05	0.1751	
11173	337	3029	15.2572	22.8643	1730	15.0293	7	534	9	71	19	4	1.26858e+06	5.09009e-05	0.2813	
11066	395	3036	21.4868	25.6133	1895	14	10	527	18	61	31	4	1.03956e+06	5.65643e-05	0.2706	
11306	394	2960	20.2061	25.333	1798	18.0033	8	533	19	56	75	3	1.05911e+06	5.71984e-05	0.2359	
10723	394	3004	20.2061	22.967	1806	18.7862	9	532	16	56	56	4	1.09796e+06	5.8126e-05	0.17	
10587	373	3037	19.4847	23.8853	1806	18.6945	9	535	4	64	32	4	1.11975e+06	5.80653e-05	0.1867	
11171	398	3001	19.6634	20.5844	1754	15.0134	5	526	18	67	7	3	1.09969e+06	5.03499e-05	0.3662	
10725	399	3024	19.507	22.5603	1714	14.5609	9	530	16	60	61	4	1.11342e+06	5.75043e-05	0.1936	
10285	385	2969	18.1113	22.6906	1812	17.9059	5	535	12	62	9	4	1.17975e+06	5.83669e-05	0.1539	
10587	400	3016	19.4847	26.9211	1775	18.5611	8	535	5	61	20	4	1.0969e+06	6.08162e-05	0.1441	
11230	396	3016	22.8145	25.3413	1852	16.6552	10	534	13	68	25	4	1.0151e+06	5.61577e-05	0.2857	
10426	392	3039	18.6164	26.9211	1843	18.9889	8	535	4	57	8	5	1.13099e+06	6.07903e-05	0.1254	
11016	390	3034	18.5088	20	1792	15.8558	6	534	3	57	23	4	1.14165e+06	5.03931e-05	0.3236	
11293	365	3014	19.1482	26.9368	1747	14.6318	9	535	17	67	58	4	1.08052e+06	5.7107e-05	0.2299	
11260	378	3050	21.0557	23.6837	1749	15.8656	9	530	5	63	24	4	1.05284e+06	5.3339e-05	0.3372	
10734	373	3039	19.4847	26.9211	1816	18.627	7	535	4	64	34	4	1.09964e+06	5.99089e-05	0.1699	
11380	392	3030	20.9259	20.9083	1793	16.6552	10	527	15	83	19	3	1.06272e+06	5.02386e-05	0.3857	
10766	393	3039	19.0343	26.9211	1816	16.6576	8	533	4	63	14	5	1.0976e+06	5.85035e-05	0.1909	
11050	361	3009	21.6057	29.1561	1763	15.6644	6	528	17	58	53	3	1.04478e+06	6.21427e-05	0.1921	
11076	354	2995	16.7921	25.1345	1761	14.3877	10	535	7	58	2	4	1.16775e+06	5.38242e-05	0.2404	
11233	351	3002	15	21.8861	1738	15.2472	9	532	9	71	18	4	1.27679e+06	4.98082e-05	0.3134	
11331	323	3030	15.4966	22.3215	1804	16.4585	7	533	5	66	17	4	1.26302e+06	4.93681e-05	0.338	
10587	373	3046	19.7766	26.9211	1814	15.9061	7	535	18	64	4	4	1.10125e+06	5.98086e-05	0.1651	
11209	387	3009	21.4362	28.6597	1763	15.6644	6	535	13	66	19	3	1.02534e+06	5.93014e-05	0.2272	
11500	342	3050	19.1834	22.6588	1703	17.9321	8	535	18	85	23	5	1.10726e+06	5.0656e-05	0.3435	
10938	400	3034	21.1563	23.3164	1795	15.1195	9	534	3	60	16	5	1.06e+06	5.48155e-05	0.2769	
11380	392	3023	20.8065	21.5731	1793	16.6552	10	525	16	83	19	3	1.05944e+06	5.08285e-05	0.3901	
11400	391	3021	23.1419	26.0248	1804	16.6552	10	525	15	73	32	3	1.00178e+06	5.62968e-05	0.3362	
11088	331	3043	15	20.1018	1836	16.1021	6	534	7	64	5	4	1.31865e+06	4.80307e-05	0.3624	
10587	400	3030	19.7523	26.9211	1843	18.5611	8	535	5	59	6	4	1.09017e+06	6.00096e-05	0.1667	
10968	350	2994	16.1335	21.2806	1730	16.5199	8	535	9	61	7	4	1.2291e+06	5.08958e-05	0.2991	
11285	365	3004	19.2551	21.1715	1899	17.483	6	535	16	55	57	4	1.11858e+06	5.15384e-05	0.3175	
11301	400	3025	22.8144	23.2631	1845	16.3283	8	534	17	73	19	3	1.02202e+06	5.35246e-05	0.3333	
11454	400	3037	22.8145	25.8624	1761	16.6552	10	524	15	72	25	4	1.00273e+06	5.55556e-05	0.3446	
10923	356	2995	17.5789	27.3753	1823	16.7621	9	535	7	57	2	4	1.11478e+06	5.98015e-05	0.1365	
10587	392	3011	18.6164	26.9211	1831	18.5611	8	535	14	57	7	3	1.11478e+06	5.98015e-05	0.1365	
11144	333	3030	16.6368	22.1176	1755	18.1296	7	533	16	76	23	4	1.2059e+06	5.12033e-05	0.2994	
11440	399	3026	21.8175	22.0217	1747	15.6874	7	530	17	69	36	4	1.04332e+06	5.17652e-05	0.3801	
11399	400	3025	22.0505	28.7556	1859	16.6552	10	535	11	73	19	3	999321	5.82242e-05	0.2741	
11144	394	3004	22.2344	21.6145	1754	18.6117	9	532	19	69	21	4	1.0476e+06	5.34302e-05	0.3181	
10837	381	3050	19.5489	26.9231	1817	18.9156	8	526	14	64	35	4	1.08775e+06	5.91156e-05	0.1957	
11061	385	3034	21.4868	27.6366	1761	16.3511	10	532	19	70	33	3	1.03433e+06	5.9319e-05	0.2227	
11054	370	3040	18.3681	23.9146	1856	16.6696	7	533	16	60	29	5	1.12458e+06	5.36797e-05	0.2621	
10938	400	3034	21.1563	23.3164	1804	15.1195	9	534	6	60	18	5	1.0601e+06	5.48727e-05	0.272	
11229	378	2998	25	29.7508	1754	15.7758	6	535	7	64	4	5	999017	6.24454e-05	0.2535	
10396	339	3026	20.3236	29.0942	1708	14.9713	5	534	16	57	24	4	1.11901e+06	6.54664e-05	0.1105	
10972	385	2966	21.7228	27.3753	1871	16.7621	10	534	19	57	15	3	1.03321e+06	5.96232e-05	0.2214	
11123	400	2987	22.26	26.1687	1888	18.8132	8	534	13	65	47	4	1.02648e+06	5.85069e-05	0.2452	
11018	400	3016	20.349	28.7556	1857	16.6552	10	535	15	73	19	3	1.04324e+06	5.97372e-05	0.2074	
11369	392	2992	20.2087	27.5987	1798	15.3967	9	535	16	61	21	3	1.03402e+06	5.67795e-05	0.2503	
11209	387	3026	22.449	29.1644	1790	15.6644	6	533	16	66	19	3	1.01377e+06	6.0183e-05	0.2386	
10225	307	3044	16.348	22.8527	1748	17.9959	7	529	17	58	14	5	1.29155e+06	5.78972e-05	0.1154	
11331	356	3046	15.4966	21.8308	1804	15.7696	7	533	5	68	10	4	1.24546e+06	4.85602e-05	0.3642	
10524	392	2990	18.9181	24.0772	1873	16.3533	7	534	18	59	9	3	1.1245e+06	5.75043e-05	0.1765	
10837	390	3050	19.8681	22.4256	1794	17.8864	9	530	19	64	29	4	1.09474e+06	5.47076e-05	0.2447	
10784	381	3036	19.9003	22.6017	1856	15.1379	7	528	19	62	67	4	1.13665e+06	5.51298e-05	0.2034	
10590	392	3026	18.6164	22.4013	1843	18.5611	8	535	9	55	10	4	1.13665e+06	5.51298e-05	0.2034	
10587	373	3037	19.4847	23.8853	1800	18.2903	8	535	4	64	14	4	1.1179e+06	5.71167e-05	0.2002	
11251	354	3035	20.0918	20.6746	1816	17.3889	8	532	8	77	26	3	1.10311e+06	5.04566e-05	0.3577	
10950	385	2986	21.7228	27.3753	1871	16.7621	10	534	17	57	18	3	1.03531e+06	5.96338e-05	0.2188	
10363	342	3003	23.649	28.3758	1744	16.6118	6	525	11	55	35	4	1.07751e+06	6.76911e-05	0.1306	
10659	373	3037	16.5009	23.8853	1783	18.5611	9	535	1	68	14	4	1.2047e+06	5.54262e-05	0.1905	
11215	337	3043	15.2567	20	1836	15.0025	6	533	15	71	5	4	1.29401e+06	4.74024e-05	0.3821	
11400	397	3016	22.5682	26.5311	1725	16.6552	10	525	15	69	9	3	1.0036e+06	5.64812e-05	0.3148	
11293	365	3014	19.1595	26.9368	1754	15.0545	9	535	17	69	23	4	1.07488e+06	5.59566e-05	0.2413	
11429	323	3036	15.4966	23.2696	1804	16.4585	6	534	5	66	10	5	1.25769e+06	4.95295e-05	0.3298	
11306	400	3016	20.2061	26.2182	1820	18.0033	8	533	19	67	69	3	1.04891e+06	5.71233e-05	0.2367	
10722	383	3028	22.6288	27.7352	1827	17.0635	6	535	6	63	37	6	1.0525e+06	6.26645e-05	0.1827	
11113	400	3001	22.26	26.1687	1900	16.3915	8	535	12	67	28	3	1.02366e+06	5.75043e-05	0.2579	
10921	388	3029	15.7356	21.6771	1737	18.0616	6	535	7	68	21	4	1.23604e+06	5.18054e-05	0.2585	
11473	354	3042	16.4959	20	1772	15.008	7	535	6	57	12	3	1.20452e+06	4.66657e-05	0.4251	
11285	288	3003	18.7833	20.8793	1893	18.4086	6	534	16	60	2	4	1.18838e+06	4.92562e-05	0.3535	
11320	374	2988	16.8152	24.7074	1869	15.7455	6	535	14	68	12	6	1.1571e+06	5.22248e-05	0.2879	
11449	395	3046	22.8145	23.5751	1845	16.2518	10	526	12	73	19	3	1.01691e+06	5.28262e-05	0.3656	
11381	382	3037	15.4121	22.0155	1841	15.2175	9	529	18	58	6	5	1.23287e+06	4.83115e-05	0.37	
10225	307	3038	16.348	22.3464	1748	17.9959	7	529	17	62	14	5	1.29462e+06	5.76568e-05	0.1252	
10878	390	2990	19.8653	23.9647	1756	17.3622	5	531	14	56	57	5	1.10071e+06	5.76934e-05	0.2017	
11380	396	3016	15	22.5079	1852	16.6552	10	534	12	75	28	4	1.24346e+06	4.96155e-05	0.3239	
10950	392	3025	22.6961	29.6816	1716	16.2589	8	525	15	58	19	5	1.02327e+06	6.30239e-05	0.2074	
11263	395	3020	22.8145	24.4962	1845	15.9093	9	531	12	73	19	3	1.01714e+06	5.49089e-05	0.3141	
10501	379	3042	24.758	29.8201	1708	17.3055	5	527	16	62	34	3	1.04663e+06	6.84369e-05	0.1476	
10930	385	2997	21.7228	27.3753	1871	17.7001	10	534	17	57	21	4	1.03857e+06	5.9848e-05	0.211	
11016	390	3034	18.9648	21.0897	1795	15.6643	5	534	4	57	29	5	1.12667e+06	5.17036e-05	0.3032	
11042	390	3043	21.3631	26.0236	1866	14.404	10	531	18	69	41	4	1.06081e+06	5.0746e-05	0.3851	
11380	392	3030	20.9259	21.459	1793	16.6552	10	527	16	84	19	4	1.06081e+06	5.0746e-05	0.3851	
11483	396	3037	23.6701	26.6412	1855	15.9834	8	531	7	68	40	5	996954	5.65643e-05	0.3297	
11269	379	3016	22.5084	25.8624	1845	16.9696	9	535	14	73	16	3	1.01986e+06	5.60475e-05	0.2878	
11001	343	2994	15.2572	21.6771	1706	15.1824	8	535	9	71	23	4	1.27726e+06	5.14668e-05	0.2599	
11293	381	3017	19.1595	24.1398	1725	14.5609	8	533	17	61	50	4	1.08724e+06	5.39491e-05	0.2743	
10893	393	3021	23.1064	29.9322	1740	15.3862	7	532	20	70	16	4	1.02234e+06	6.36132e-05	0.1977	
11400	400	3016	22.8145	26.1617	1870	16.2518	10	525	14	73	31	3	1.00131e+06	5.60884e-05	0.3369	
10808	344	3002	15.2572	22.3271	1732	14.7461	7	535	12	72	20	4	1.28619e+06	5.31321e-05	0.2185	
11110	341	3045	18.1962	20.0078	1837	18.5804	7	534	16	67	20	4	1.16874e+06	4.9729e-05	0.3242	
11088	331	3043	16.6691	20.1018	1836	16.1021	6	534	7	64	7	4	1.23146e+06	4.8631e-05	0.3468	
10977	369	3001	23.1149	29.888	1700	16.5488	9	534	9	85	27	3	1.02163e+06	6.36051e-05	0.211	
11230	400	3040	22.8145	23.8634	1832	16.6552	10	535	13	67	25	4	1.02091e+06	5.45911e-05	0.2982	
10723	394	3012	20.2061	21.2262	1806	18.8183	9	532	16	58	17	4	1.09877e+06	5.45316e-05	0.2409	
11125	373	2973	17.6435	25.6444	1808	19	8	535	17	60	4	3	1.12144e+06	5.48787e-05	0.2271	
10881	381	3050	19.5228	26.7923	1789	16.0317	8	526	16	61	35	4	1.08543e+06	5.8524e-05	0.2012	
11110	333	3050	19.5305	20.775	1843	18.5804	7	535	16	67	16	4	1.13438e+06	5.06868e-05	0.3165	
11312	397	3016	22.5859	25.8624	1845	16.5198	10	524	15	73	19	3	1.01042e+06	5.59785e-05	0.327	
10257	342	3012	20.8928	26.874	1716	16.146	5	525	19	55	34	4	1.12555e+06	6.52188e-05	0.1044	
11264	391	3016	23.6373	26.0248	1816	16.2566	10	525	15	73	32	3	1.00443e+06	5.73921e-05	0.313	
10942	400	3029	15.2572	22.8643	1730	15.0293	7	534	9	71	19	4	1.25029e+06	5.23204e-05	0.2422	
11331	400	3034	15.4966	21.2482	1804	16.2891	7	535	5	62	21	4	1.22901e+06	4.84707e-05	0.3647	
11001	335	2994	15	21.6771	1730	16.5199	8	533	9	61	7	4	1.29831e+06	5.06355e-05	0.2833	
11452	374	3019	16.9094	20	1871	15.3191	7	528	15	61	12	3	1.18015e+06	4.69285e-05	0.4201	
11380	400	2996	22.8145	29.7597	1871	16.6552	9	525	14	74	19	3	990509	6.02845e-05	0.2907	
10524	392	2993	18.9181	24.0772	1809	16.3533	6	534	18	61	22	3	1.12919e+06	5.82785e-05	0.1626	
11329	400	3014	21.6994	29.7597	1871	14.9236	10	524	18	74	19	3	1.00501e+06	5.97943e-05	0.2724	
11306	364	3050	20.1885	22.809	1846	15.7677	8	531	19	57	56	4	1.08242e+06	5.27426e-05	0.3036	
10330	351	3042	20.0264	22.4402	1764	18.4694	7	535	13	58	26	6	1.14666e+06	5.90772e-05	0.1464	
11024	400	3034	22.5617	23.3164	1791	16.7798	9	534	3	60	18	5	1.03827e+06	5.52334e-05	0.2919	
11331	323	3034	15.4966	23.2696	1809	16.4585	7	533	5	66	10	4	1.25684e+06	5.00025e-05	0.3167	
11400	391	3002	24.8523	28.2325	1804	16.3304	10	525	20	78	43	3	982551	6.00384e-05	0.3059	
11016	390	3034	18.5088	21.7186	1770	15.7745	6	534	3	57	29	5	1.12984e+06	5.21023e-05	0.3011	
11247	391	3007	20.1169	25.2221	1899	18.832	6	534	15	55	22	4	1.06003e+06	5.46179e-05	0.2954	
11199	367	3040	15.522	20.6068	1753	16.1147	7	533	4	70	48	4	1.25545e+06	4.99875e-05	0.3189	
11456	369	2970	20.2184	27.3753	1893	16.7621	8	534	17	56	16	5	1.04567e+06	5.60727e-05	0.2801	
10942	400	3002	21.1014	23.3164	1808	18.1949	9	534	3	60	18	5	1.06004e+06	5.52944e-05	0.2676	
10729	323	3030	15.4966	21.8626	1804	16.4585	7	533	5	66	17	4	1.29369e+06	5.26704e-05	0.2359	
10587	400	3033	21.1324	26.9211	1843	18.5611	8	534	5	59	6	4	1.06676e+06	6.0698e-05	0.1788	
11400	380	3016	22.5084	25.8848	1845	14.9585	10	524	15	63	19	3	1.01304e+06	5.54539e-05	0.3395	
10592	308	3035	15.1547	20.3489	1827	18.2716	7	533	8	56	12	4	1.34521e+06	5.19238e-05	0.2458	
10392	392	3039	18.6164	27.0797	1843	18.5611	8	535	18	58	13	4	1.1339e+06	6.16029e-05	0.1136	
11169	337	3050	15	21.6771	1787	15.2472	9	532	18	70	27	5	1.29312e+06	4.98604e-05	0.2921	
10936	390	3046	19.5559	20.8806	1792	16.1869	6	534	13	58	29	5	1.11535e+06	5.23396e-05	0.2754	
10643	400	2999	21.3875	23.674	1743	16.847	8	532	9	57	75	4	1.08653e+06	6.13949e-05	0.1564	
11302	365	3004	19.2551	21.1715	1899	18.0097	6	535	16	55	57	4	1.11795e+06	5.14774e-05	0.3205	
10499	363	3012	24.1798	28.3758	1744	16.1307	5	522	12	57	53	4	1.06013e+06	6.75128e-05	0.1521	
10524	392	2999	18.9181	24.902	1873	16.3533	7	535	18	59	4	3	1.12113e+06	5.80248e-05	0.1693	
10881	320	3028	15.422	20	1845	18.0973	6	535	12	58	34	4	1.30967e+06	5.08699e-05	0.2701	
11301	397	2950	22.8144	30	1845	14.1119	10	520	15	73	19	3	992534	6.15953e-05	0.2875	
11272	377	3042	19.1596	20.2933	1756	14.909	9	535	16	58	9	3	1.10706e+06	4.89644e-05	0.3658	
11016	387	3050	17.8799	20.8806	1783	15.323	6	534	4	56	58	4	1.16093e+06	5.23314e-05	0.2733	
11171	398	3001	21.1702	21.2198	1754	15.0134	5	526	17	67	7	3	1.0698e+06	5.16529e-05	0.3733	
11399	400	3026	22.0505	21.1508	1859	16.6552	10	535	11	73	19	3	1.03988e+06	5.06637e-05	0.4087	
11068	366	3037	20.7547	22.3697	1818	16.1575	9	524	17	58	33	3	1.07828e+06	5.34616e-05	0.3058	
11062	400	3034	20.612	23.3578	1795	15.7745	5	533	6	60	17	4	1.06841e+06	5.37808e-05	0.2909	
10587	400	3021	19.4847	26.9211	1784	18.5611	9	535	20	61	36	4	1.10097e+06	6.17322e-05	0.1305	
11068	351	3037	20.7547	22.0493	1834	17.1832	9	528	17	57	36	3	1.08768e+06	5.33618e-05	0.292	
11293	365	3014	19.1595	24.0372	1747	14.7046	9	535	19	67	60	4	1.09358e+06	5.42888e-05	0.2613	
11400	395	3020	22.0114	22.4269	1845	15.7531	10	527	18	59	36	4	1.03599e+06	5.22739e-05	0.3543	
10722	390	3028	22.5987	27.7352	1827	17.0635	6	535	6	63	35	6	1.05038e+06	6.25547e-05	0.184	
11186	254	3038	17.9196	20.775	1899	18.1747	6	534	16	56	3	4	1.26032e+06	4.90436e-05	0.3383	
11272	379	3042	21.0493	20.2933	1766	15.5446	6	530	15	65	9	3	1.08192e+06	4.99052e-05	0.4019	
11229	389	3016	22.5084	25.8624	1857	16.9696	10	535	15	72	18	3	1.01636e+06	5.63222e-05	0.2785	
11273	351	3002	15.2789	21.8861	1720	15.2472	9	532	9	71	16	4	1.25577e+06	4.96475e-05	0.3229	
10950	385	2992	22.0318	27.3753	1886	16.7621	8	532	19	57	15	3	1.03329e+06	5.95912e-05	0.2228	
11102	390	3037	19.8457	22.4527	1795	16.1377	7	534	9	58	29	5	1.08721e+06	5.27816e-05	0.2986	
10885	385	3033	16.7677	22.4532	1805	18.0569	8	532	20	71	36	4	1.18559e+06	5.37577e-05	0.2242	
10712	369	2974	20.8381	25.993	1886	17.0727	7	534	17	57	11	6	1.07998e+06	5.92593e-05	0.1917	
11380	392	3032	20.8065	22.3915	1820	16.6552	10	525	17	83	19	3	1.05342e+06	5.13795e-05	0.3854	
11155	391	3002	15	21.6771	1738	15.2472	9	532	8	68	34	4	1.26436e+06	5.06329e-05	0.2958	
11229	378	2998	25	30	1754	15.7758	5	535	9	64	4	5	1.00052e+06	6.27431e-05	0.2511	
10225	313	3044	15.6192	22.1528	1770	17.9959	7	529	17	61	2	5	1.32761e+06	5.62841e-05	0.1328	
10257	357	3003	23.1875	27.4614	1716	15.7926	5	525	16	55	40	4	1.08918e+06	6.78012e-05	0.117	
10587	400	3048	18.6164	26.6445	1831	18.5611	8	535	11	59	13	4	1.1174e+06	5.93648e-05	0.142	
10985	381	3039	20.1463	22.4256	1830	15.4445	9	530	19	70	33	4	1.08765e+06	5.383e-05	0.2782	
10321	388	2992	23.3307	28.3758	1744	16.226	5	526	11	58	52	3	1.07271e+06	6.89988e-05	0.127	
10587	392	3040	18.4105	24.6454	1815	18.5611	6	535	4	57	14	3	1.13423e+06	5.7205e-05	0.1735	
11500	336	3035	15.1547	20.1018	1836	14.2892	7	533	7	71	13	4	1.28996e+06	4.62342e-05	0.4483	
11306	394	3005	20.2061	21.852	1798	18.0033	8	533	19	71	75	3	1.07514e+06	5.36596e-05	0.2949	
10825	379	3034	19.4812	20.8806	1804	15.1328	6	534	8	57	29	5	1.12721e+06	5.30673e-05	0.2654	
11016	400	3034	18.3257	22.9838	1786	15.1582	5	534	15	57	29	5	1.12625e+06	5.31406e-05	0.2665	
10970	389	3050	15.4075	21.6865	1817	17.1533	9	534	16	70	34	4	1.24872e+06	5.16662e-05	0.247	
10864	390	3033	17.8799	20.5782	1811	15.7745	6	535	3	57	21	5	1.16271e+06	5.14933e-05	0.2856	
10642	377	3002	15.7356	21.6771	1737	16.0107	6	535	7	74	12	4	1.25792e+06	5.36251e-05	0.2257	
11400	391	3016	22.3896	20.8512	1870	15.7789	10	525	15	73	16	3	1.04434e+06	5.06124e-05	0.4404	
10804	335	3008	15.2572	21.6771	1727	15.6786	8	535	9	67	35	4	1.29696e+06	5.3234e-05	0.2183	
11447	400	3043	22.7421	20.1251	1878	18.0337	8	509	4	72	30	4	1.06221e+06	5.0279e-05	0.494	
11483	396	3045	23.6701	26.1393	1855	15.9834	7	531	7	68	40	6	1.00253e+06	5.5991e-05	0.332	
10881	337	3029	16.5603	20	1845	18.0973	6	535	9	57	13	4	1.23879e+06	5.0221e-05	0.3023	
10975	359	3034	19.5682	20.2022	1736	17.0128	6	534	10	58	5	5	1.13135e+06	5.09684e-05	0.3216	
10935	400	3004	18.5815	21.6145	1864	18.2165	9	532	19	67	30	4	1.12172e+06	5.31096e-05	0.2716	
11088	362	3043	15	20.1018	1836	16.1021	6	535	7	64	5	4	1.29853e+06	4.8033e-05	0.3589	
11203	400	3050	19.7242	23.0088	1808	17.1741	7	532	10	55	26	5	1.0793e+06	5.24274e-05	0.3187	
11331	400	3034	15.4966	21.4332	1804	15.5899	7	533	7	62	22	4	1.22832e+06	4.86169e-05	0.3647	
11115	396	3012	22.8145	25.3413	1852	16.9288	10	534	13	68	25	4	1.02019e+06	5.69541e-05	0.2694	
10587	400	3017	19.4847	26.9211	1775	18.5611	8	535	15	61	20	4	1.0972e+06	6.0905e-05	0.1326	
10861	369	2973	17.5789	24.036	1900	16.7621	7	535	18	56	18	5	1.15406e+06	5.48667e-05	0.2191	
10966	294	3034	18.36	20.7042	1821	16.4122	7	534	5	57	27	6	1.20319e+06	5.1406e-05	0.298	
11091	385	3034	18.5088	20.9556	1813	15.7745	5	534	17	61	23	4	1.13347e+06	5.07357e-05	0.3064	
11400	393	3028	22.8145	22.4269	1845	15.7531	10	524	15	60	36	5	1.03435e+06	5.26621e-05	0.3747	
10396	339	3026	21.01	29.0942	1708	14.8117	5	534	19	55	24	4	1.10695e+06	6.58415e-05	0.1011	
11272	349	3042	16.8296	20.6783	1756	14.3266	6	534	15	58	9	3	1.19542e+06	4.82812e-05	0.3728	
11086	400	3016	22.0505	27.9943	1852	16.6586	10	535	20	73	19	3	1.01868e+06	5.92874e-05	0.2435	
11500	400	3044	17.3589	20	1839	15.3191	6	526	12	61	7	3	1.15589e+06	4.66179e-05	0.4427	
10141	311	3042	17.6843	23.2998	1745	18.4694	6	530	5	56	13	5	1.24032e+06	5.95238e-05	0.1129	
10413	330	3042	17.6843	23.6316	1773	18.4694	6	530	5	56	19	5	1.20662e+06	5.76369e-05	0.1511	
10886	381	3016	16.6904	24.115	1759	16.1575	6	529	17	68	8	4	1.18106e+06	5.39898e-05	0.2339	
11086	337	3002	15	21.6771	1724	15.2472	9	535	8	70	27	4	1.29285e+06	5.08725e-05	0.2743	
11032	356	2992	19.3223	21.9184	1758	16.2732	6	535	17	55	62	6	1.13089e+06	5.46807e-05	0.2295	
10506	374	3044	20.1805	29.6948	1795	18.8967	5	528	3	62	13	4	1.09497e+06	6.42178e-05	0.1454	
10256	318	3042	18.9674	25.9005	1724	18.4081	8	532	0	56	7	5	1.17345e+06	6.14893e-05	0.1144	
10424	392	2990	17.5752	22.3974	1873	16.3533	7	534	18	59	10	3	1.17844e+06	5.61735e-05	0.1765	
10234	380	3007	20.9186	28.4485	1716	16.1307	6	525	13	55	34	4	1.10681e+06	6.72766e-05	0.1072	
11285	400	3004	19.2551	20.0308	1899	17.4244	6	535	19	55	52	4	1.11292e+06	5.04261e-05	0.3328	
10950	385	2966	19.5914	27.3753	1871	16.7621	10	534	20	57	15	3	1.06618e+06	5.87061e-05	0.196	
10917	242	3009	15	21.917	1759	17.5586	6	535	12	67	18	3	1.40539e+06	5.17893e-05	0.244	
10748	353	3046	17.9084	21.0215	1743	17.0571	8	535	13	59	19	3	1.1719e+06	5.28318e-05	0.2469	
11400	395	3016	22.8145	22.4269	1840	14	10	524	15	70	19	3	1.02514e+06	5.22766e-05	0.3986	
11272	349	3042	16.8296	24.3614	1730	14.3266	6	534	15	58	9	3	1.16999e+06	5.18215e-05	0.2734	
11400	397	3010	22.5682	22.848	1751	16.6552	10	528	15	69	9	3	1.02117e+06	5.26954e-05	0.3573	
11209	369	3037	19.507	22.5603	1714	14.5609	8	535	17	65	67	4	1.09983e+06	5.38967e-05	0.2603	
11186	373	3016	21.7732	22.4399	1845	17.0537	4	533	12	66	37	3	1.06659e+06	5.35504e-05	0.3133	
10160	384	2974	21.3102	23.7981	1716	18.2754	6	535	4	57	19	3	1.11274e+06	6.30716e-05	0.122	
10397	400	3027	22.6017	26.0943	1749	19	9	527	5	58	56	3	1.07223e+06	6.53552e-05	0.1324	
11500	393	3016	22.8145	28.7556	1852	16.6552	10	534	13	68	25	4	992432	5.83703e-05	0.2904	
10843	391	3021	23.1419	26.0248	1804	16.845	10	529	15	58	32	3	1.0288e+06	6.01468e-05	0.2148	
10587	392	3039	18.6164	22.3944	1843	18.5611	8	534	20	57	41	4	1.14514e+06	5.67408e-05	0.1597	
11068	366	3037	20.7547	22.0493	1818	16.1575	9	527	17	55	36	3	1.0793e+06	5.32907e-05	0.2966	
11086	400	3016	22.229	28.2177	1845	16.6552	9	535	15	73	19	3	1.01742e+06	5.96161e-05	0.2479	
10630	365	3034	16.5632	22.2095	1737	17.5773	6	534	18	64	25	5	1.22499e+06	5.48186e-05	0.1715	
10878	360	2971	21.2287	23.9647	1858	17.319	5	533	15	56	26	5	1.08097e+06	5.68537e-05	0.2305	
11184	370	3040	18.3681	23.9146	1813	16.6696	7	533	16	60	60	5	1.12462e+06	5.43154e-05	0.2441	
10652	380	3031	25	29.2444	1813	19	7	532	10	63	51	4	1.03474e+06	6.73219e-05	0.1565	
10523	400	3047	21.3106	25.5514	1805	18.3846	8	532	11	63	56	4	1.08482e+06	6.25547e-05	0.1545	
10813	368	3009	23.1292	26.8657	1770	15.6644	6	529	17	59	54	3	1.04541e+06	6.23131e-05	0.1854	
11113	382	3012	23.7978	26.1687	1888	18.8132	8	535	11	65	28	3	1.01499e+06	5.84693e-05	0.2621	
10734	400	3035	19.4843	22.6017	1856	15.9655	6	529	19	55	48	4	1.11414e+06	5.6123e-05	0.2097	
10938	400	3035	20.4226	23.1081	1795	15.0655	9	534	3	60	16	5	1.07319e+06	5.42094e-05	0.2763	
11086	400	3016	22.0505	28.7556	1852	16.6552	8	535	15	73	19	3	1.01842e+06	6.01034e-05	0.2364	
10462	303	3042	17.9084	20.0338	1761	18.4901	8	530	5	56	9	5	1.23147e+06	5.37374e-05	0.2221	
10864	385	3017	15.2572	21.6771	1730	15.1824	7	533	9	71	25	3	1.2654e+06	5.21921e-05	0.2446	
10825	393	3034	19.4812	20.8806	1815	16.7717	6	534	3	58	29	5	1.12202e+06	5.31576e-05	0.2692	
10426	392	3039	18.6164	26.9211	1843	18.9889	8	535	4	57	8	5	1.13099e+06	6.07903e-05	0.1254	
11144	333	3030	16.6368	22.2365	1755	18.1296	7	533	16	76	23	4	1.20513e+06	5.13057e-05	0.2954	
11066	400	3036	21.4868	25.6133	1855	14	10	527	16	61	31	4	1.03817e+06	5.6654e-05	0.2739	
11500	380	3004	18.2465	21.1353	1899	18.1747	9	532	17	57	2	4	1.11925e+06	4.81556e-05	0.3843	
11349	400	3040	22.8145	29.7597	1871	17.1723	10	524	15	74	19	3	992406	6.00132e-05	0.2878	
10587	392	3037	21.1894	26.9211	1843	18.5526	8	535	17	59	8	4	1.06864e+06	6.08717e-05	0.1578	
11380	392	3023	20.8065	21.5731	1793	16.8309	10	525	15	83	15	3	1.05947e+06	5.07382e-05	0.3889	
11440	399	3026	20.7283	22.0217	1754	15.6874	7	528	17	69	36	4	1.05804e+06	5.1219e-05	0.3886	
11400	400	3016	22.5682	27.9205	1725	16.6552	10	525	16	69	4	3	998758	5.80046e-05	0.3011	
10225	307	3044	16.348	23.2998	1751	17.4153	7	529	17	55	14	5	1.28843e+06	5.81835e-05	0.113	
10426	397	3039	18.4262	26.4635	1843	19	8	535	4	57	8	5	1.13657e+06	6.01938e-05	0.1271	
11400	391	3021	23.1419	26.0248	1804	16.6552	10	525	15	73	32	3	1.00178e+06	5.62968e-05	0.3362	
10587	400	3016	19.4847	26.9211	1749	18.4685	8	535	5	61	20	4	1.09712e+06	6.08902e-05	0.1425	
10734	381	3035	19.9003	22.6017	1856	16.6354	6	529	19	55	51	4	1.11208e+06	5.65419e-05	0.2069	
11330	361	2995	22.8964	29.9774	1758	14.823	8	530	5	59	33	4	1.01153e+06	6.15157e-05	0.2529	
11432	394	3016	23.6373	26.0248	1820	17.5649	10	525	17	74	32	3	995250	5.64525e-05	0.3394	
10676	389	3037	19.4847	21.3464	1806	18.6945	10	535	4	64	32	4	1.1182e+06	5.51268e-05	0.232	
11295	366	3016	20.5138	23.3724	1845	16.2992	5	533	11	73	13	3	1.07298e+06	5.23368e-05	0.33	
10836	394	2995	19.0141	21.6145	1754	18.7203	9	532	19	66	48	4	1.1201e+06	5.53955e-05	0.2286	
10284	320	3042	19.1281	22.7994	1837	18.4694	6	534	3	56	12	5	1.13996e+06	6.13648e-05	0.1209	
10371	381	3039	18.6164	26.9496	1808	18.5611	8	535	4	59	8	5	1.13996e+06	6.13648e-05	0.1209	
10808	390	3034	18.5088	20.8806	1829	15.7745	6	534	6	55	29	4	1.14379e+06	5.26704e-05	0.2649	
11381	381	3037	21.5275	20.569	1848	15.2073	8	522	15	65	12	5	1.07243e+06	4.97686e-05	0.4384	
11301	400	3025	22.8144	23.2631	1810	16.3283	8	534	15	68	19	3	1.0214e+06	5.35992e-05	0.3213	
11400	400	3016	22.5084	25.8624	1845	16.1189	10	524	15	73	19	3	1.0052e+06	5.54508e-05	0.3452	
11444	327	3036	19.6671	20.2022	1899	17.0128	6	534	20	58	3	4	1.13484e+06	4.78973e-05	0.398	
11307	397	3016	22.5084	25.8624	1845	16.8129	10	523	15	76	12	3	1.01187e+06	5.58722e-05	0.3344	
11420	395	3016	19.9123	22.4269	1845	16.2518	10	529	15	73	26	3	1.06253e+06	5.09295e-05	0.3742	
10966	323	3034	18.36	20.7042	1831	15.7745	6	534	7	60	21	5	1.18124e+06	5.11195e-05	0.3	
11229	380	3035	23.2601	30	1772	17.757	6	535	5	64	43	6	1.01169e+06	6.21929e-05	0.2224	
11500	400	3007	21.0241	22.6985	1843	18.7159	5	534	19	73	66	3	1.05107e+06	5.27454e-05	0.3405	
11400	395	3016	22.3866	22.4269	1845	16.5406	10	524	15	75	19	3	1.03014e+06	5.21186e-05	0.3903	
11483	400	3023	23.6701	27.2184	1855	15.9834	8	533	7	68	40	6	994412	5.7346e-05	0.3224	
11410	389	2996	17.214	23.8099	1820	14.8747	10	533	18	59	45	4	1.13111e+06	5.20075e-05	0.2933	
10073	311	3046	19.6733	23.2998	1739	19	8	529	20	56	19	4	1.18782e+06	6.20732e-05	0.1113	
11301	397	3018	22.8144	30	1845	14.1119	10	528	15	73	19	3	993304	6.07386e-05	0.265	
10257	366	3039	23.3307	28.3758	1718	16.9276	6	525	16	55	19	4	1.07873e+06	6.74718e-05	0.1202	
10881	320	3006	16.5603	20.3104	1871	18.0973	9	535	7	57	13	4	1.24276e+06	5.06432e-05	0.301	
11483	377	3029	23.2756	22.4269	1768	17.9554	10	524	15	73	19	3	1.02458e+06	5.23697e-05	0.3909	
10587	392	3023	18.6164	26.4029	1831	18.2495	8	535	14	57	2	3	1.11637e+06	5.88824e-05	0.1469	
11088	331	3043	15	20.1018	1836	16.1021	9	534	7	63	32	4	1.31307e+06	4.914e-05	0.3324	
11305	385	3050	19.8681	22.4256	1817	17.9163	9	529	19	64	29	4	1.07565e+06	5.15145e-05	0.3408	
10804	356	3042	16.8296	20.6783	1756	14.3266	6	531	15	57	9	3	1.2123e+06	5.1036e-05	0.2884	
11040	400	2993	23.6068	28.7556	1742	16.829	8	527	15	73	19	3	1.00646e+06	6.19118e-05	0.2471	
10141	376	3042	17.6843	22.9703	1817	15.9135	6	535	5	56	13	5	1.20941e+06	5.89449e-05	0.1289	
11263	381	3009	24.4272	25.4964	1807	19	8	534	17	55	22	4	1.00729e+06	5.75573e-05	0.2744	
11380	392	3030	23.6388	20.9083	1793	16.6552	10	527	16	83	19	3	1.0327e+06	5.1725e-05	0.4227	
10333	308	3035	15.1235	20.1018	1827	18.96	7	533	14	56	12	4	1.36668e+06	5.3859e-05	0.1845	
10709	374	3016	19.4847	22.941	1775	17.0741	8	535	5	61	13	4	1.11272e+06	5.54293e-05	0.2274	
11407	396	3016	22.616	25.5532	1852	18.1422	10	525	19	83	19	3	1.00705e+06	5.52395e-05	0.3473	
10950	385	2994	21.7228	27.3753	1848	15.4197	4	535	17	57	22	3	1.04622e+06	5.96338e-05	0.21	
11437	378	3016	22.8689	21.5731	1852	16.6552	10	529	12	83	19	3	1.03869e+06	5.14615e-05	0.4276	
10141	336	3042	17.6843	24.891	1745	18.4694	6	531	5	56	19	5	1.21984e+06	6.15347e-05	0.1056	
10426	392	3029	19.8742	27.6985	1843	18.5611	9	535	4	57	6	5	1.10001e+06	6.22859e-05	0.1311	
10951	323	3036	15.4966	23.2696	1805	16.3009	8	534	10	66	10	5	1.2717e+06	5.21485e-05	0.2439	
10225	307	3044	17.0156	23.5448	1748	17.9959	7	529	17	55	2	5	1.25551e+06	5.81125e-05	0.1142	
11417	400	3016	22.8144	23.4508	1845	16.6552	10	524	15	68	20	3	1.01647e+06	5.32e-05	0.3636	
11500	399	3025	21.8175	20.7326	1720	15.6874	7	524	15	69	36	4	1.05747e+06	5.04439e-05	0.4296	
11400	397	3027	22.5084	25.8624	1842	16.9696	10	524	15	73	19	3	1.00669e+06	5.53833e-05	0.3445	
10396	339	3026	15.7929	21.8651	1708	15.0972	5	534	16	57	24	4	1.29671e+06	5.59003e-05	0.14	
10019	297	3048	19.6725	25.7692	1734	18.4694	8	527	19	56	19	5	1.19607e+06	6.58111e-05	0.1006	
10587	392	3011	18.6164	25.8852	1831	18.5611	8	535	12	57	7	6	1.12299e+06	5.87544e-05	0.1498	
10294	384	2974	20.1214	27.3201	1717	18.2754	6	530	4	57	19	3	1.1108e+06	6.45953e-05	0.1122	
10587	382	3039	22.2796	26.6445	1844	18.5611	9	535	6	59	13	4	1.05796e+06	6.13459e-05	0.1738	
10426	392	3029	19.8742	27.6985	1836	18.5611	9	535	3	57	6	5	1.09998e+06	6.22975e-05	0.1309	
10995	323	3034	18.36	20.7042	1841	15.7745	6	534	7	55	14	5	1.17908e+06	5.05868e-05	0.3099	
11493	377	3041	20.8787	20.5349	1766	15.4704	6	532	15	66	9	3	1.07754e+06	4.88544e-05	0.4087	
10225	313	3044	15.6192	22.1528	1755	17.9959	7	529	17	61	4	5	1.328e+06	5.64366e-05	0.1274	
11199	367	3040	15.522	20.6068	1755	16.1147	7	533	4	70	40	4	1.08953e+06	5.21948e-05	0.3192	
11293	365	3014	19.8581	21.8063	1747	14.7271	9	535	19	67	51	4	1.08953e+06	5.21948e-05	0.3192	
11473	354	3013	15.9607	22.2309	1755	15.008	7	535	6	57	29	3	1.21267e+06	4.9186e-05	0.3466	
11293	388	3044	22.2649	28.7556	1859	16.6552	10	535	11	59	19	3	1.00715e+06	5.88235e-05	0.2574	
11420	397	3031	22.5084	23.8407	1845	16.7838	10	523	15	76	12	3	1.01863e+06	5.31265e-05	0.3632	
11023	339	2994	16.2123	21.4921	1730	16.177	8	535	9	61	23	4	1.22902e+06	5.13321e-05	0.2875	
10966	375	3043	16.4703	23.0643	1781	14.9379	6	535	11	61	14	6	1.19922e+06	5.2222e-05	0.256	
10285	385	3050	18.1113	22.6906	1772	17.9059	5	534	13	62	9	4	1.18215e+06	5.76402e-05	0.1522	
11304	391	3016	23.6373	26.0248	1821	16.7668	10	525	15	73	32	3	1.00344e+06	5.7169e-05	0.3182	
10524	392	2993	18.9181	24.0772	1809	16.3533	6	534	18	61	22	3	1.12919e+06	5.82785e-05	0.1626	
11331	400	3031	15.1563	21.4332	1804	15.5899	7	533	7	62	22	4	1.24876e+06	4.85413e-05	0.3603	
11113	367	3012	23.7978	26.1687	1839	18.8132	9	535	11	65	28	3	1.01921e+06	5.8627e-05	0.2534	
10787	380	2963	19.8653	25.4582	1756	17.319	7	534	17	57	19	5	1.08884e+06	5.84317e-05	0.1931	
11395	383	3049	19.5934	22.9312	1846	17.4539	8	534	18	62	23	4	1.07726e+06	5.10282e-05	0.3387	
11088	362	3027	16.1917	20.1018	1835	16.7955	6	535	7	64	5	4	1.23145e+06	4.85861e-05	0.3481	
11088	362	3050	15.8405	20.1018	1836	16.1021	5	535	7	64	5	4	1.25185e+06	4.82207e-05	0.3512	
11480	361	3050	19.1834	23.3507	1710	18.3975	9	535	18	76	23	5	1.09e+06	5.13611e-05	0.3241	
10576	400	2974	22.9358	26.6536	1811	18.1933	8	523	9	55	62	4	1.0542e+06	6.50449e-05	0.1582	
11381	382	3046	15.4121	23.5949	1841	15.2175	9	529	18	58	6	5	1.22227e+06	4.9724e-05	0.3211	
11494	400	3021	19.1637	21.2699	1752	15.008	7	529	18	57	23	3	1.08818e+06	4.92005e-05	0.4072	
11028	375	3050	16.9094	23.385	1793	14.9379	6	535	11	61	14	6	1.17593e+06	5.22084e-05	0.2689	
11016	400	3034	22.5617	23.3164	1791	17.216	9	534	3	60	18	5	1.03866e+06	5.53342e-05	0.2891	
10881	315	3029	16.5603	20.7048	1845	18.0973	6	535	9	57	13	4	1.24817e+06	5.07846e-05	0.2925	
11264	400	3013	17.3589	20.0003	1868	15.6012	6	529	12	61	14	3	1.16237e+06	4.81556e-05	0.3788	
10642	378	3002	15.7356	21.6771	1737	16.0822	6	535	7	74	12	4	1.25741e+06	5.36279e-05	0.2255	
11285	312	3004	18.7833	20.8793	1887	18.1747	6	534	16	60	3	4	1.1628e+06	4.92659e-05	0.3515	
11268	400	3027	20.1967	20.0333	1734	16.4079	8	534	16	73	2	4	1.08338e+06	4.94389e-05	0.3719	
11454	387	3033	22.8145	26.1283	1774	16.6552	10	524	15	73	25	4	1.00656e+06	5.58254e-05	0.3415	
11400	391	3025	23.1419	26.0248	1791	16.6552	10	525	15	72	32	3	1.00177e+06	5.63e-05	0.3355	
11361	382	3030	16.7727	21.459	1793	16.6552	10	527	10	84	19	4	1.23932e+06	5.25707e-05	0.2407	
11018	389	3019	15.4075	22.7556	1781	16.7484	9	534	16	70	34	4	1.23932e+06	5.25707e-05	0.2407	
11400	400	3047	22.8145	22.0659	1864	16.6566	10	525	15	73	31	3	1.0277e+06	5.19994e-05	0.4012	
10950	385	2992	21.5876	25.4438	1886	16.7621	8	532	19	57	15	3	1.04533e+06	5.72935e-05	0.2349	
10837	381	3050	20.2102	22.8645	1781	17.8598	9	534	19	65	21	4	1.08793e+06	5.49722e-05	0.2352	
10900	400	3050	21.054	23.3164	1808	18.8118	9	535	3	60	18	5	1.06442e+06	5.51694e-05	0.254	
11272	349	3042	16.8296	25.8365	1746	14.3266	8	534	15	58	9	3	1.16089e+06	5.33447e-05	0.2584	
11500	400	3030	20.1967	25.0561	1730	16.4079	6	528	17	73	7	4	1.04795e+06	5.30391e-05	0.3402	
11113	400	3014	22.26	26.3121	1900	15.5133	8	535	15	67	19	3	1.02272e+06	5.72213e-05	0.2595	
11263	395	3005	22.8145	24.4962	1845	16.4177	9	531	12	73	28	3	1.01735e+06	5.53006e-05	0.3099	
10749	387	3012	21.9719	29.9322	1775	16.736	8	526	20	59	9	3	1.03907e+06	6.39345e-05	0.1711	
10587	373	3039	19.4847	26.9112	1816	14.9843	8	535	12	64	14	4	1.10644e+06	6.00312e-05	0.1647	
10985	381	3039	20.1463	22.4256	1834	15.4445	9	530	19	70	33	4	1.08787e+06	5.38213e-05	0.2785	
11495	400	3043	20.1635	23.0837	1878	18.0197	5	509	4	76	25	4	1.14481e+06	5.41506e-05	0.22	
10587	392	3040	18.645	21.1912	1815	18.5611	6	535	4	57	14	3	1.14481e+06	5.41506e-05	0.22	
11400	400	3015	22.8145	26.1617	1870	16.2518	10	525	14	73	31	3	1.00127e+06	5.60978e-05	0.3369	
11500	373	3016	21.7732	22.4399	1845	17.0537	4	530	12	66	26	3	1.05639e+06	5.13611e-05	0.3847	
10722	371	3017	21.8389	25.4011	1777	17.5425	8	535	7	65	36	5	1.06769e+06	6.00492e-05	0.195	
11239	324	3003	18.7833	20.8793	1893	18.4086	6	534	14	60	2	4	1.15596e+06	4.94903e-05	0.3519	
11500	354	3049	16.4959	20	1785	14.6746	7	535	6	57	12	3	1.20429e+06	4.64253e-05	0.4317	
11449	395	3045	22.8145	23.5751	1832	16.2518	10	526	12	78	19	3	1.0167e+06	5.29017e-05	0.3662	
11113	400	3028	22.26	26.1687	1900	16.3915	8	535	12	66	25	3	1.02418e+06	5.71135e-05	0.259	
11440	399	3026	20.7283	22.0217	1754	15.6874	7	528	17	69	36	4	1.05804e+06	5.1219e-05	0.3886	
11088	331	3040	15.007	20.0685	1836	16.1021	9	534	6	63	32	4	1.31282e+06	4.91352e-05	0.3351	
10396	400	3026	18.0448	21.8651	1708	16.9922	5	534	16	57	24	4	1.17793e+06	5.69509e-05	0.1561	
10818	391	3050	21.6003	23.4357	1808	18.1949	9	534	3	58	18	5	1.06259e+06	5.61136e-05	0.2454	
11380	396	3016	22.8145	28.7556	1852	16.6552	10	534	13	75	25	4	995657	5.89345e-05	0.2849	
10804	358	3042	16.8903	20.6783	1756	14.3266	6	535	15	57	18	3	1.20874e+06	5.14801e-05	0.2652	
10257	357	3003	23.1875	27.4614	1743	15.7926	5	525	16	55	40	4	1.08878e+06	6.77186e-05	0.1176	
11301	400	3012	23.0382	23.4508	1839	15.8708	10	524	20	61	19	3	1.0173e+06	5.40103e-05	0.3416	
10986	400	3050	21.6003	23.3164	1819	18.1949	9	535	0	60	33	5	1.05348e+06	5.53618e-05	0.2642	
11171	337	3043	15.1547	20.1018	1809	16.3309	8	535	7	72	2	4	1.16313e+06	5.93155e-05	0.1277	
10494	377	3042	18.213	24.4843	1724	18.4081	7	535	14	56	37	5	1.16313e+06	5.93155e-05	0.1277	
11500	370	3016	22.946	21.5994	1803	18.7205	10	524	20	78	21	3	1.03691e+06	5.14907e-05	0.4141	
10486	357	3003	23.1875	27.4614	1716	15.7926	5	525	16	55	40	4	1.07046e+06	6.54664e-05	0.1436	
10723	394	3003	20.2061	24.7238	1833	18.4968	10	531	19	61	16	3	1.07815e+06	5.76801e-05	0.2037	
11400	391	3002	24.8523	28.2325	1751	16.3304	8	525	20	78	43	3	984460	6.02011e-05	0.2994	
11123	400	2951	22.3187	28.3385	1746	16.3458	10	531	14	73	67	5	1.01902e+06	6.23286e-05	0.2144	
11381	400	3009	19.811	21.9858	1856	15.2081	9	521	19	64	13	4	1.07532e+06	5.03575e-05	0.3818	
11474	368	3050	19.1834	23.2788	1710	17.9321	9	535	18	81	19	5	1.08713e+06	5.12111e-05	0.3308	
11387	375	3038	21.5275	23.0738	1843	15.2073	9	522	15	65	17	5	1.05151e+06	5.20427e-05	0.3677	
10729	376	3034	20.1463	22.4532	1772	18.0569	9	531	17	61	24	4	1.09957e+06	5.56297e-05	0.223	
11500	369	3037	19.507	22.5603	1714	14.6786	8	533	17	65	67	4	1.0896e+06	5.18538e-05	0.3258	
11399	400	3026	22.0505	21.1508	1859	16.6552	10	535	12	73	21	3	1.03979e+06	5.07202e-05	0.4038	
10725	335	2989	15.7732	21.6771	1730	15.6399	8	533	9	61	21	4	1.26851e+06	5.33049e-05	0.2206	
10893	400	3021	24.7023	29.9322	1740	15.3862	9	532	17	73	20	4	1.00842e+06	6.46663e-05	0.2093	
11447	400	3043	22.7421	20	1878	18.0337	7	520	4	72	30	4	1.06318e+06	5.0045e-05	0.4722	
10871	400	3008	22.26	27.3116	1868	18.8132	8	534	12	65	26	3	1.03362e+06	6.05217e-05	0.2097	
11400	400	3016	17.8573	25.8624	1845	16.6552	10	535	15	70	19	3	1.09082e+06	5.33789e-05	0.2737	
11392	327	3043	15.2567	20	1836	16.8714	6	533	15	71	5	4	1.29464e+06	4.65766e-05	0.4172	
11417	397	3016	22.8144	23.4508	1857	16.4639	7	534	15	70	23	3	1.02007e+06	5.31491e-05	0.3378	
11338	392	3030	20.8065	21.5834	1803	16.8309	10	525	15	83	15	3	1.06112e+06	5.08673e-05	0.3766	
10587	400	3043	18.6164	26.6445	1831	18.5611	8	535	11	59	13	4	1.11731e+06	5.94177e-05	0.142	
10426	392	3050	18.6164	26.9211	1843	18.9889	6	535	4	57	10	5	1.13457e+06	6.07201e-05	0.1236	
10160	384	2974	21.3102	23.7981	1716	18.2754	8	535	4	57	19	3	1.10977e+06	6.31233e-05	0.1246	
11016	337	3034	15	20	1795	15.6643	5	534	4	65	29	5	1.32408e+06	4.95148e-05	0.3215	
11500	389	3035	18.4433	21.2734	1836	14.2892	7	533	7	63	8	4	1.11369e+06	4.81348e-05	0.4078	
11066	395	3036	21.4868	25.6133	1895	14	10	527	17	61	31	4	1.03959e+06	5.65579e-05	0.2721	
10610	392	3011	18.6164	26.9211	1831	18.5611	8	535	14	55	7	3	1.11288e+06	5.96232e-05	0.1378	
11061	388	3050	16.659	20	1784	16.7806	7	527	16	63	4	4	1.20071e+06	4.87543e-05	0.3589	
11050	346	3009	21.6057	28.8657	1763	17.6881	7	529	17	58	53	3	1.05201e+06	6.19924e-05	0.1894	
11222	348	3043	16.6691	20.1018	1836	15.8316	6	534	7	64	7	4	1.21656e+06	4.78606e-05	0.3711	
11028	374	3043	16.9094	23.0791	1852	15.1807	6	535	17	63	18	6	1.1788e+06	5.20318e-05	0.2671	
10523	400	3047	21.3106	25.5514	1805	18.3846	8	532	11	65	56	4	1.08767e+06	5.91086e-05	0.1958	
10837	381	3050	19.5489	26.9231	1817	18.8564	8	526	14	64	35	4	1.08767e+06	5.91086e-05	0.1958	
10813	368	3005	22.449	26.8657	1763	15.6644	6	529	17	59	54	3	1.05217e+06	6.19694e-05	0.1843	
11411	327	3036	19.5682	20.9831	1899	17.0128	6	534	20	58	5	4	1.13023e+06	4.86997e-05	0.3635	
11203	400	3050	19.7242	23.0088	1808	17.1741	7	532	10	55	26	5	1.0793e+06	5.24274e-05	0.3187	
11214	361	3009	22.4217	29.1561	1723	16.11	10	534	17	66	67	3	1.02365e+06	6.2027e-05	0.2042	
10941	400	3027	18.0928	25.1368	1836	16.4347	9	535	15	74	20	5	1.11504e+06	5.5497e-05	0.2271	
11454	397	3037	22.8145	24.276	1845	16.5662	10	524	15	73	25	4	1.01239e+06	5.37115e-05	0.3605	
10587	392	3033	22.0853	26.9211	1850	18.5526	10	535	19	59	7	4	1.05459e+06	6.14439e-05	0.1569	
11289	362	3043	15	20	1823	16.1021	6	535	7	64	4	4	1.29168e+06	4.68845e-05	0.3967	
10363	342	3003	23.6624	28.3758	1744	16.5943	6	525	11	55	35	4	1.07733e+06	6.77002e-05	0.1307	
10494	349	3042	18.213	24.2008	1724	18.4081	6	532	16	56	33	4	1.17349e+06	5.87268e-05	0.1342	
10878	360	2990	19.8653	23.9647	1756	17.3622	5	531	14	56	57	5	1.11236e+06	5.76934e-05	0.2016	
11400	400	3016	22.8145	26.5852	1870	16.2518	10	525	14	73	31	3	999817	5.65259e-05	0.3362	
11380	400	3038	22.7623	29.7597	1871	16.3159	9	524	16	74	19	3	992264	5.98301e-05	0.2909	
11086	400	3016	22.229	28.2177	1845	16.6552	9	535	13	73	11	3	1.01736e+06	5.94177e-05	0.2535	
11494	400	3041	19.1637	21.2699	1814	15.008	7	525	17	58	20	3	1.08981e+06	4.88091e-05	0.4148	
10652	350	3031	25	29.2444	1751	19	7	532	10	63	51	4	1.04614e+06	6.75219e-05	0.1523	
10141	311	3042	17.6843	23.2998	1767	18.4694	6	533	5	56	19	5	1.24203e+06	5.98802e-05	0.1017	
10808	390	3034	19.0301	20.8806	1829	15.7745	6	531	5	55	29	4	1.13148e+06	5.28821e-05	0.2745	
10809	365	3034	19.1098	20.278	1737	17.5773	6	534	18	64	25	5	1.14558e+06	5.28569e-05	0.2632	
10519	381	2987	20.3236	28.9136	1708	14.928	6	533	14	56	24	4	1.08934e+06	6.45245e-05	0.1184	
11264	400	3018	17.3589	20	1868	15.3191	6	529	15	63	7	3	1.16145e+06	4.79111e-05	0.3811	
11248	400	3028	21.6627	21.6788	1855	14	10	527	17	64	33	4	1.04978e+06	5.20969e-05	0.3566	
11412	400	3016	22.8145	26.5861	1852	17.0209	10	524	15	69	19	3	999155	5.63444e-05	0.3382	
10725	399	3026	19.507	22.5603	1714	14.5609	9	530	16	63	61	4	1.11316e+06	5.75275e-05	0.1993	
11117	385	2966	21.7228	27.3753	1884	16.7621	10	534	19	57	15	3	1.02534e+06	5.86373e-05	0.2469	
11407	396	3021	22.616	25.2566	1852	18.1422	10	525	19	83	45	3	1.00903e+06	5.55216e-05	0.3442	
11331	356	3046	15.4966	21.8308	1804	15.7696	7	533	10	68	10	4	1.24454e+06	4.85743e-05	0.357	
10524	392	2999	18.9181	24.902	1873	16.3533	7	535	13	59	4	3	1.12115e+06	5.79744e-05	0.1768	
11215	337	3043	15.2567	20	1836	15.0025	6	535	15	71	5	4	1.29337e+06	4.74113e-05	0.3754	
11312	400	2986	22.5859	25.8624	1882	16.8562	10	533	15	73	19	3	1.00742e+06	5.61041e-05	0.2981	
10234	380	3007	20.9186	28.4485	1719	16.1307	6	525	13	55	34	4	1.10671e+06	6.72676e-05	0.1075	
11400	380	3016	22.5084	26.1568	1842	14.9585	10	524	15	63	19	3	1.0121e+06	5.57538e-05	0.3382	
11268	397	3030	20.1967	26.5311	1734	16.4079	8	528	17	73	11	4	1.04648e+06	5.58067e-05	0.2804	
11244	373	3004	22.2344	25.1362	1754	18.117	9	532	20	69	21	4	1.03054e+06	5.59785e-05	0.2899	
10860	390	3040	19.4812	22.4628	1806	16.5404	6	535	0	63	19	5	1.10932e+06	5.37663e-05	0.2653	
11483	377	3029	23.2756	22.4269	1768	17.9554	10	524	17	75	19	3	1.0244e+06	5.23725e-05	0.387	
11293	365	3014	19.1595	26.9368	1754	15.0545	9	535	15	69	23	4	1.07494e+06	5.59503e-05	0.2437	
11230	400	3040	20.922	23.8634	1838	16.6552	10	535	13	67	25	4	1.04376e+06	5.35733e-05	0.2976	
10722	400	3036	23.6701	28.3941	1827	16.8893	7	535	8	67	37	4	1.03309e+06	6.38447e-05	0.1869	
10590	392	3026	19.2764	22.4013	1843	17.6816	8	535	18	55	10	4	1.11943e+06	5.54508e-05	0.1889	
11400	391	3002	23.5832	22.903	1804	16.3304	10	533	17	76	22	3	1.01336e+06	5.34788e-05	0.3591	
11018	400	3016	20.349	28.7556	1857	16.6552	10	535	15	64	19	3	1.04256e+06	5.97657e-05	0.1986	
11264	391	3016	23.6526	26.0248	1821	16.7432	10	525	16	74	32	3	1.00432e+06	5.74317e-05	0.3112	
10722	400	3036	23.6548	28.3941	1827	16.6154	6	535	7	65	37	4	1.03423e+06	6.38162e-05	0.1843	
10501	397	3042	24.9812	29.8201	1708	17.3055	5	527	16	62	34	3	1.04098e+06	6.86153e-05	0.1481	
10141	400	3041	17.6843	22.4667	1859	15.9135	6	535	5	56	12	5	1.20432e+06	5.83431e-05	0.1402	
11380	396	3017	15.9943	21.9079	1782	16.6552	10	534	9	78	28	4	1.18906e+06	4.95614e-05	0.3406	
10877	388	3050	20.3005	22.809	1829	15.7461	8	531	19	57	56	4	1.08917e+06	5.59597e-05	0.2182	
11367	400	3034	21.0443	23.3164	1821	15.1195	9	534	6	61	18	5	1.04524e+06	5.21567e-05	0.343	
10587	400	3048	19.0053	26.6445	1775	18.5611	8	534	11	59	13	4	1.10813e+06	5.97086e-05	0.139	
11399	400	3026	22.0505	21.1508	1857	15.4103	10	534	11	73	19	3	1.03943e+06	5.06201e-05	0.4151	
11169	337	3050	15.0183	21.6771	1787	16.0704	9	533	18	70	27	5	1.29083e+06	4.99226e-05	0.2864	
11204	388	2990	16.7381	22.7989	1768	15.4405	10	533	20	55	37	4	1.16392e+06	5.20508e-05	0.2693	
10723	394	3012	20.2061	24.0666	1806	18.2026	10	532	16	58	17	4	1.08166e+06	5.70613e-05	0.205	
11454	395	3012	23.6939	21.4223	1826	16.0146	10	524	12	75	17	3	1.02312e+06	5.17572e-05	0.44	
10675	400	3021	22.2796	26.6445	1830	18.7431	8	531	8	61	13	4	1.0472e+06	6.08532e-05	0.1957	
10881	362	3028	15.422	20	1801	18.5727	6	535	13	58	34	3	1.28167e+06	5.10204e-05	0.2603	
10744	400	3025	19.4847	23.3018	1784	17.0215	8	535	19	61	14	4	1.09967e+06	5.55494e-05	0.2106	
10804	335	3008	15.2572	21.6771	1730	15.5572	7	530	11	75	25	3	1.22838e+06	4.85979e-05	0.3646	
11331	400	3037	15.4966	21.4695	1804	15.2151	7	533	7	62	22	4	1.22838e+06	4.85979e-05	0.3646	
11054	392	3042	15.763	22.3944	1843	18.5611	8	534	20	57	35	4	1.22212e+06	5.18296e-05	0.2477	
10917	400	3048	21.1563	22.6687	1795	15.1195	9	534	3	65	18	5	1.06561e+06	5.43301e-05	0.2865	
11476	383	3037	21.5275	20.569	1848	15.2073	8	522	13	69	12	5	1.07031e+06	4.92927e-05	0.4595	
10448	357	2995	15.853	24.0583	1818	14.3877	7	531	12	55	5	4	1.2582e+06	5.63698e-05	0.1528	
11417	400	3016	22.8144	23.4508	1845	16.6552	10	524	15	68	20	3	1.01647e+06	5.32e-05	0.3636	
11380	396	3016	22.946	21.696	1852	16.6552	10	524	20	73	19	3	1.02886e+06	5.19022e-05	0.4141	
10881	381	3050	19.5228	26.3867	1789	16.0317	8	527	17	56	35	4	1.08715e+06	5.81091e-05	0.2001	
10923	356	2989	17.5789	22.6762	1878	16.3533	7	534	18	61	15	3	1.162e+06	5.29157e-05	0.2621	
11499	397	3021	18.6511	25.9485	1845	16.6552	10	524	15	73	23	3	1.069e+06	5.34017e-05	0.3283	
11209	361	3009	22.449	30	1780	17.926	6	535	17	66	65	4	1.0279e+06	6.2901e-05	0.1882	
10950	392	3001	22.6961	29.6816	1716	17.1714	8	525	15	58	19	5	1.02269e+06	6.33553e-05	0.2051	
11285	349	3028	19.2551	21.8522	1899	16.2396	6	535	16	55	57	4	1.12262e+06	5.1792e-05	0.3066	
11051	386	2998	22.6335	29.7508	1754	15.7758	6	535	8	64	4	5	1.02176e+06	6.21041e-05	0.2176	
11370	335	3044	15.2572	21.6771	1727	15.6786	8	535	9	68	35	4	1.2699e+06	4.9186e-05	0.3227	
10892	390	3004	19.4812	22.4628	1806	16.5404	6	535	0	63	19	5	1.10676e+06	5.38851e-05	0.2705	
10759	369	2973	21.7228	27.3753	1886	18.8657	8	535	17	60	16	5	1.05818e+06	6.12295e-05	0.1831	
10200	400	2995	23.5449	29.4328	1854	18.5077	6	511	9	60	65	4	1.21985e+06	5.86579e-05	0.1396	
10141	351	3042	17.9084	21.9928	1778	18.4694	5	530	5	56	19	5	1.21985e+06	5.86579e-05	0.1396	
11105	392	3009	22.449	29.1561	1760	15.6644	6	535	16	66	19	3	1.01712e+06	6.10426e-05	0.2185	
11470	392	3030	23.6388	20.1276	1793	16.6552	10	527	16	83	19	3	1.03654e+06	5.0597e-05	0.4473	
11066	400	3036	21.4868	25.3526	1855	14	10	526	16	61	31	3	1.03706e+06	5.63698e-05	0.2769	
11229	360	3029	22.5084	25.8624	1857	16.9696	10	535	15	71	18	3	1.02964e+06	5.61766e-05	0.278	
10884	381	3034	19.9003	22.6017	1817	16.7418	6	529	19	55	48	4	1.10286e+06	5.53312e-05	0.2335	
10837	381	3042	20.1463	22.4256	1804	17.3384	9	530	20	68	24	4	1.09338e+06	5.46418e-05	0.252	
10837	386	3050	20.1463	22.4256	1808	16.666	9	530	19	68	18	4	1.09086e+06	5.42505e-05	0.2629	
10642	377	3002	15.7356	21.6771	1737	16.9928	6	535	7	74	12	4	1.25734e+06	5.36855e-05	0.2227	
11119	367	3050	21.307	27.6498	1780	14.6624	7	529	17	55	47	4	1.04849e+06	5.90912e-05	0.2227	
10921	399	3049	15.5015	21.9524	1737	15.6399	6	533	7	70	25	4	1.24579e+06	5.17759e-05	0.2542	
11209	387	3041	21.4546	29.1644	1746	15.6644	6	535	16	66	19	3	1.0247e+06	5.96694e-05	0.215	
10167	311	3031	19.3527	22.6647	1787	19	8	529	20	56	19	4	1.1882e+06	6.0154e-05	0.1258	
11449	400	3016	23.2714	24.2205	1845	15.9093	10	524	12	73	19	3	1.00705e+06	5.3984e-05	0.3628	
11381	381	3035	21.5275	20.4613	1848	15.2073	8	524	15	65	12	5	1.07298e+06	4.96845e-05	0.4371	
10846	389	3050	16.3715	21.6865	1817	15.872	10	533	18	65	34	4	1.20529e+06	5.26954e-05	0.2329	
10722	390	3028	22.5987	27.7352	1827	17.0635	6	535	6	63	35	6	1.05038e+06	6.25547e-05	0.184	
11105	349	3042	16.8296	24.7788	1719	14.3266	6	534	15	58	9	3	1.17497e+06	5.31717e-05	0.241	
10257	342	3012	20.8928	24.66	1720	15.2251	5	527	20	55	34	4	1.13234e+06	6.2897e-05	0.1224	
10587	400	3046	18.6164	26.6445	1810	17.7119	8	535	11	59	13	4	1.11735e+06	5.93718e-05	0.141	
10833	365	2990	16.7381	22.7989	1768	15.4405	9	533	20	55	37	3	1.19255e+06	5.45167e-05	0.2008	
11064	390	3034	21.5163	23.6005	1795	15.7745	5	535	4	57	29	4	1.05812e+06	5.48637e-05	0.2761	
11091	385	3022	18.5088	20.9556	1813	15.7745	5	534	17	61	23	4	1.13323e+06	5.08414e-05	0.3064	
10415	384	3003	22.9034	28.5856	1744	15.3248	5	529	13	60	38	5	1.07049e+06	6.70421e-05	0.1398	
11500	400	3044	20.0809	20	1839	15.3191	6	530	12	61	7	3	1.0878e+06	4.77327e-05	0.428	
11215	337	3044	16.0235	20	1854	17.6469	5	533	17	70	5	4	1.25474e+06	4.76963e-05	0.3683	
10917	242	3009	15	21.917	1759	17.5586	6	535	12	68	18	3	1.40534e+06	5.17974e-05	0.2445	
10997	392	2963	19.8653	25.4582	1756	17.319	7	531	17	57	33	5	1.07516e+06	5.75109e-05	0.2245	
11380	398	3027	22.8145	30	1890	16.6552	10	524	15	77	19	3	990544	6.02156e-05	0.2908	
10720	392	2990	18.9181	24.0772	1873	16.3533	8	534	18	59	9	3	1.1104e+06	5.59942e-05	0.2099	
10396	339	3026	21.01	29.0942	1708	14.8162	5	534	20	55	24	4	1.10705e+06	6.58545e-05	0.1005	
11500	393	3008	22.8145	28.7556	1852	16.6552	10	529	13	75	10	4	992515	5.8326e-05	0.3131	
10225	309	3044	17.1434	23.5448	1760	17.9959	7	529	17	56	2	5	1.24929e+06	5.81497e-05	0.1194	
10166	276	3050	18.8396	24.5417	1731	18.4081	8	532	5	55	19	5	1.22561e+06	6.14779e-05	0.101	
10415	351	3042	20.0264	22.0833	1764	18.4694	7	535	13	59	26	6	1.14325e+06	5.80114e-05	0.1613	
11380	389	2998	22.8689	20.6287	1848	16.7183	10	535	17	70	19	3	1.04011e+06	5.11038e-05	0.3927	
10396	346	3026	15.7929	21.8651	1708	15.2324	5	532	20	56	24	4	1.29325e+06	5.59003e-05	0.1408	
10930	385	2995	22.4461	27.3753	1871	16.5643	10	534	17	57	21	4	1.02987e+06	6.01902e-05	0.2112	
11184	370	3040	18.3681	23.9146	1813	16.6696	7	534	16	60	60	5	1.1244e+06	5.43213e-05	0.2408	
11208	400	3032	21.8067	23.3203	1855	14	10	527	17	64	33	4	1.0369e+06	5.38213e-05	0.3175	
11264	400	3044	17.3589	20.154	1868	15.6099	6	526	12	61	6	3	1.16221e+06	4.7792e-05	0.3906	
11262	337	3045	15.2567	20	1854	17.6469	5	533	13	72	6	4	1.29421e+06	4.72701e-05	0.3923	
11285	380	3004	21.6766	20.775	1899	17.483	6	535	16	66	44	4	1.07496e+06	5.17947e-05	0.3432	
11055	355	3009	15	22.016	1731	16.1463	6	534	18	66	22	4	1.28668e+06	5.11195e-05	0.2597	
11416	400	3025	22.8144	23.2631	1810	16.3283	8	529	15	68	19	3	1.01913e+06	5.29577e-05	0.35	
11481	354	3042	16.056	20.3033	1772	15.8198	8	535	8	57	20	3	1.22052e+06	4.70124e-05	0.406	
11049	400	3029	15.2572	22.8643	1730	15.0293	7	534	9	68	19	4	1.24379e+06	5.15703e-05	0.2594	
10802	400	2999	21.3875	23.674	1743	16.847	8	532	11	59	75	4	1.07547e+06	5.99053e-05	0.1786	
11420	395	3021	19.276	22.6049	1845	16.9247	10	529	15	73	26	3	1.07487e+06	5.08001e-05	0.3774	
10285	385	2967	18.1113	22.6906	1812	17.9059	5	535	12	62	9	4	1.17969e+06	5.83873e-05	0.1539	
11095	341	3045	18.1962	20.0078	1837	18.5804	8	534	16	68	20	4	1.1669e+06	4.98455e-05	0.3225	
10602	400	3016	19.4847	26.9211	1775	19	7	535	8	61	20	4	1.0973e+06	6.0746e-05	0.141	
11473	354	3042	16.4959	20	1772	15.008	7	535	6	57	8	3	1.20407e+06	4.65636e-05	0.4284	
10234	400	3007	20.9186	28.4485	1716	16.1307	6	525	13	55	34	4	1.10167e+06	6.72766e-05	0.1073	
10950	385	2986	19.951	27.3753	1871	16.9148	10	534	17	57	18	3	1.06023e+06	5.87682e-05	0.2025	
10587	382	3039	24.1606	27.7979	1752	17.9342	8	535	14	59	8	4	1.04023e+06	6.39795e-05	0.1695	
11001	334	2994	15.4875	21.6771	1730	16.5199	8	535	9	61	15	4	1.26888e+06	5.10908e-05	0.2733	
10881	381	3035	19.5228	26.7923	1789	16.0317	8	526	16	61	35	4	1.08499e+06	5.86751e-05	0.2012	
10422	308	3048	15.1547	20.3489	1836	18.2716	7	533	8	56	12	4	1.35704e+06	5.3118e-05	0.2088	
11016	389	3034	18.5088	20.8806	1794	15.7745	7	534	17	57	29	5	1.13209e+06	5.14377e-05	0.2903	
11016	390	3034	19.5398	20.6145	1795	15.9662	5	534	4	57	29	5	1.11929e+06	5.15996e-05	0.3092	
11016	393	3021	17.8799	20	1792	15.7745	6	534	3	59	17	5	1.15999e+06	5.003e-05	0.3293	
11317	331	3043	15	20.1018	1836	16.1021	6	535	11	64	5	4	1.30976e+06	4.68318e-05	0.3964	
11380	392	3030	23.6388	20.9761	1793	16.6552	10	527	16	83	19	3	1.03209e+06	5.17813e-05	0.4252	
11295	373	3004	21.7732	22.4399	1845	17.0537	4	534	8	66	37	3	1.06247e+06	5.29409e-05	0.3324	
11169	381	3050	18.8935	21.6771	1787	15.2472	9	534	18	70	27	5	1.11028e+06	5.11876e-05	0.3214	
11032	356	3005	19.3223	21.9184	1758	16.3272	6	535	17	55	62	6	1.13125e+06	5.45613e-05	0.2294	
10523	400	3047	21.2594	25.5514	1805	18.3846	8	532	15	63	56	4	1.08589e+06	6.25821e-05	0.1505	
11500	336	3035	15.1547	20.1018	1836	14.2892	7	533	9	58	13	4	1.29164e+06	4.61233e-05	0.4362	
11144	394	3004	22.2344	21.6145	1754	18.6117	9	532	20	69	21	4	1.04754e+06	5.34359e-05	0.3167	
11380	396	3022	15	22.5079	1852	16.6552	10	534	12	75	28	4	1.24366e+06	4.95638e-05	0.3239	
11196	385	3034	21.4868	27.6366	1761	16.3511	8	532	19	70	38	3	1.0291e+06	5.8548e-05	0.2375	
10994	377	3004	20.6696	21.6145	1764	18.6117	9	532	15	69	4	4	1.08079e+06	5.29661e-05	0.3021	
11120	396	2998	19.4038	27.3753	1739	17.2741	10	534	20	57	15	3	1.06061e+06	5.77334e-05	0.2068	
10791	387	3050	17.8799	20.8806	1783	15.323	6	534	4	56	38	4	1.16652e+06	5.29325e-05	0.254	
10333	308	3033	15	20.1018	1827	19	7	533	14	55	20	4	1.3779e+06	5.428e-05	0.1601	
11061	368	3050	16.659	20	1798	16.902	7	525	16	63	4	4	1.21132e+06	4.87211e-05	0.363	
10410	383	3034	16.8569	22.2095	1712	17.5773	7	534	18	59	25	5	1.2216e+06	5.67795e-05	0.1326	
11016	393	3034	17.8799	20.1845	1792	15.7745	6	534	3	61	17	4	1.15564e+06	5.00501e-05	0.3281	
10587	392	3040	18.8339	24.0059	1815	18.5611	6	535	4	56	14	3	1.12599e+06	5.6773e-05	0.1855	
11088	331	3043	16.6691	20.1018	1836	16.1021	6	534	7	64	7	4	1.23146e+06	4.8631e-05	0.3468	
10257	366	3039	23.3307	27.3599	1717	16.9276	6	525	16	56	26	4	1.08165e+06	6.66978e-05	0.1281	
11411	327	3036	19.5682	20.2022	1878	17.0128	6	534	18	58	5	4	1.13791e+06	4.81116e-05	0.3867	
11380	396	3016	22.8145	28.7556	1852	16.7858	10	534	15	75	25	4	995490	5.89414e-05	0.2822	
11452	374	3019	17.5946	20	1871	14.9303	7	528	15	61	7	3	1.15711e+06	4.70367e-05	0.4093	
11500	396	3016	22.8145	28.7556	1852	16.4328	10	534	13	75	25	4	990913	5.83363e-05	0.2959	
11138	377	3042	19.1596	20.5647	1756	14.909	9	535	16	58	9	3	1.10898e+06	4.995e-05	0.3356	
10766	393	3032	19.0343	26.0253	1839	18.0455	8	533	4	60	14	4	1.09931e+06	5.76103e-05	0.2048	
10493	385	2987	22.0318	27.3753	1872	16.996	8	532	20	57	15	3	1.06261e+06	6.32791e-05	0.1465	
10734	377	3034	19.6699	22.7845	1856	16.7418	6	529	19	55	2	4	1.10976e+06	5.43508e-05	0.2537	
10642	377	3002	15.7356	21.6771	1757	16.0107	6	535	7	74	12	4	1.25819e+06	5.3582e-05	0.2279	
10923	356	2995	17.5789	27.3753	1823	16.7621	9	535	7	57	2	4	1.02634e+06	6.1222e-05	0.2078	
11209	366	3009	22.4199	28.817	1776	15.6644	6	535	17	66	62	3	1.02634e+06	6.1222e-05	0.2078	
11028	374	3048	16.9094	23.385	1852	15.1807	6	535	17	65	18	6	1.17653e+06	5.22821e-05	0.2609	
11272	350	3028	16.8296	26.9883	1809	14	6	531	15	58	2	3	1.09372e+06	5.23642e-05	0.2866	
10950	400	2987	19.9141	20.8008	1805	16.7973	8	532	20	57	15	3	1.09372e+06	5.23642e-05	0.2866	
11380	392	3004	20.9259	21.459	1794	16.917	10	527	16	82	19	4	1.05958e+06	5.09502e-05	0.3824	
10735	392	2999	21.0738	23.674	1828	16.847	8	532	9	57	75	4	1.08667e+06	6.01214e-05	0.1746	
11399	391	3004	19.2551	20	1899	17.4244	6	535	19	61	50	4	1.11148e+06	4.96081e-05	0.3531	
11068	366	3037	20.7547	22.0493	1818	16.1575	9	527	17	55	42	3	1.07941e+06	5.35361e-05	0.2924	
11306	364	3050	20.1885	22.809	1853	15.7677	8	531	19	57	56	4	1.08239e+06	5.27259e-05	0.3041	
10426	392	3039	18.7357	26.9211	1843	18.5611	8	535	4	56	8	4	1.12643e+06	6.07792e-05	0.1255	
10703	339	3023	16.5603	20	1845	18.0973	6	535	9	57	13	4	1.24571e+06	5.14615e-05	0.2702	
10703	337	3026	15.7929	21.8651	1708	15.0972	5	534	16	57	24	4	1.27517e+06	5.34302e-05	0.1922	
11184	369	3037	18.5541	22.5603	1738	14.5609	8	535	14	65	67	4	1.12462e+06	5.36222e-05	0.2581	
11272	393	3038	21.0493	20.2933	1766	14.448	6	530	15	65	9	3	1.07686e+06	4.98902e-05	0.4056	
10936	390	3046	19.5559	24.7387	1792	16.1869	6	534	15	58	29	3	1.08765e+06	5.5816e-05	0.2255	
10592	308	3035	15.6974	20.3489	1772	18.1478	7	533	17	56	12	4	1.31135e+06	5.23177e-05	0.2285	
10715	326	3034	15.8125	22.2095	1711	16.3847	7	534	18	61	25	5	1.27537e+06	5.38155e-05	0.1857	
11086	400	3016	22.0505	28.7556	1852	15.6516	10	535	15	73	19	3	1.01622e+06	6.00817e-05	0.2378	
11293	365	3017	19.1595	24.0762	1725	15.5677	9	532	19	66	38	3	1.08872e+06	5.34931e-05	0.2856	
11214	361	3009	22.4217	28.7664	1737	15.6644	6	535	18	66	67	4	1.03215e+06	6.15082e-05	0.2035	
10913	366	3016	22.8145	25.3413	1854	16.6552	10	534	13	66	25	4	1.04253e+06	5.83397e-05	0.2473	
10734	400	3041	20.8323	22.6017	1856	16.4558	7	529	16	55	48	4	1.08649e+06	5.67666e-05	0.2184	
11500	395	3043	22.7421	20.1251	1878	18.0337	8	509	7	65	30	4	1.06279e+06	4.99675e-05	0.4901	
11123	389	3039	18.6164	26.9211	1840	19	8	535	5	71	8	4	1.08645e+06	5.59503e-05	0.2393	
11216	391	3013	20.1169	23.9513	1899	18.832	6	533	16	55	22	4	1.06752e+06	5.34845e-05	0.3003	
11085	370	3034	19.9466	23.9146	1848	16.6696	7	534	16	60	30	5	1.08598e+06	5.42594e-05	0.2684	
10991	366	3027	22.5617	23.3164	1795	15.7745	9	534	19	60	7	5	1.05293e+06	5.51907e-05	0.2838	
10878	394	2966	21.6618	23.2901	1817	17.3172	7	533	16	59	41	5	1.06347e+06	5.7346e-05	0.2247	
10396	339	3029	20.6251	29.0942	1708	14.9713	5	534	16	57	24	4	1.11382e+06	6.55996e-05	0.1094	
11483	396	3039	23.3686	26.1393	1855	15.8644	7	531	7	66	40	6	1.0051e+06	5.59034e-05	0.3339	
10930	386	2997	21.7228	27.3753	1871	17.7001	10	534	17	60	24	4	1.03918e+06	5.99484e-05	0.2106	
11091	385	3034	18.5088	20.9556	1854	15.7745	5	534	17	61	23	4	1.13526e+06	5.06406e-05	0.3049	
10938	400	3034	20.9705	23.3164	1799	15.1195	10	534	3	60	26	5	1.06305e+06	5.50691e-05	0.2675	
10873	380	3008	25	29.2444	1815	19	7	532	10	63	51	4	1.01788e+06	6.55179e-05	0.1844	
11001	343	2994	15.2572	21.6771	1706	15.1824	8	533	9	70	20	4	1.27759e+06	5.13084e-05	0.2696	
10930	392	2992	20.2087	23.2962	1815	15.3967	7	535	15	61	21	3	1.0765e+06	5.48757e-05	0.2469	
11500	307	3044	17.8207	20	1839	17.2173	6	526	12	58	5	3	1.19833e+06	4.6856e-05	0.4355	
10225	363	3044	17.0156	23.7767	1748	16.0977	7	529	17	55	4	5	1.22327e+06	5.82785e-05	0.1131	
10684	400	3019	19.4847	26.9211	1775	18.5611	8	534	15	61	20	4	1.08991e+06	6.01106e-05	0.1481	
11500	342	3050	19.1834	22.6588	1703	17.9321	8	535	18	85	13	5	1.10661e+06	5.0421e-05	0.3477	
10291	360	3042	17.9084	22.7994	1835	18.3208	4	528	14	56	19	4	1.19845e+06	5.78369e-05	0.152	
10950	385	2994	21.7228	27.3753	1848	15.4197	6	535	17	57	19	3	1.04122e+06	5.95415e-05	0.2132	
11456	400	2970	20.2184	26.06	1893	16.7621	8	534	17	57	16	5	1.04012e+06	5.45584e-05	0.3157	
10966	383	3019	18.36	20.4411	1800	15.7745	8	534	7	60	21	5	1.14386e+06	5.10908e-05	0.3034	
11301	397	3018	22.8144	30	1834	14.1119	10	528	15	73	19	3	993480	6.07792e-05	0.2628	
11119	400	3034	22.0516	24.3656	1795	15.7745	6	533	3	60	18	4	1.03905e+06	5.51907e-05	0.2937	
11272	365	3014	19.1482	26.9368	1747	14.6318	9	535	17	67	58	4	1.08132e+06	5.72279e-05	0.2269	
11088	331	3043	15	20.1018	1863	16.1021	6	534	7	61	5	4	1.31964e+06	4.79478e-05	0.3618	
10669	392	3024	21.5224	26.9211	1843	18.9889	8	535	4	57	8	5	1.05906e+06	6.05254e-05	0.1861	
11204	387	2974	25	29.7508	1751	18.1362	6	535	8	64	2	6	997207	6.29683e-05	0.2471	
11061	356	3034	21.4868	27.6366	1761	16.5767	10	532	19	70	19	3	1.04675e+06	5.88998e-05	0.2322	
10864	400	3036	20.7547	22.0493	1818	16.1575	9	530	17	55	36	3	1.07471e+06	5.47915e-05	0.2472	
10179	379	3038	23.119	28.3758	1738	15.9387	5	526	14	56	27	4	1.08754e+06	6.84416e-05	0.1174	
11230	396	3016	22.8145	25.3413	1852	16.6552	10	534	13	59	25	4	1.0145e+06	5.62177e-05	0.2794	
10372	400	3004	19.911	20.0308	1899	17.4244	6	535	19	55	52	4	1.1507e+06	5.82377e-05	0.1596	
11328	400	3017	20.9077	25.4011	1777	17.5425	8	535	7	65	34	5	1.03899e+06	5.51755e-05	0.298	
11048	400	3034	18.0375	22.9838	1786	15.2533	5	534	15	57	27	5	1.13258e+06	5.27537e-05	0.273	
11078	341	3045	18.1962	20.0078	1837	18.5804	7	534	16	67	22	4	1.17029e+06	5.00075e-05	0.317	
10885	395	3046	16.7677	21.5421	1805	18.0569	8	532	20	71	36	4	1.1877e+06	5.28234e-05	0.2475	
11411	368	3031	20.0329	20.2022	1899	17.0128	6	534	20	58	5	4	1.10292e+06	4.83185e-05	0.4	
10697	400	3016	22.0505	28.7556	1852	15.617	8	535	15	55	16	3	1.04132e+06	6.28615e-05	0.1627	
11357	394	2982	20.2061	25.333	1798	18.0033	8	533	19	55	75	3	1.05757e+06	5.66636e-05	0.2435	
11000	350	3035	15.7285	20.1018	1846	18.0926	6	533	12	69	13	4	1.26581e+06	4.93364e-05	0.3376	
10970	339	3009	15.7732	21.4921	1730	15.7943	7	535	9	61	19	4	1.25539e+06	5.12007e-05	0.2782	
11464	354	3027	16.4959	20	1772	15.008	8	535	6	57	12	3	1.20165e+06	4.68252e-05	0.4222	
10893	393	3021	23.1064	29.9322	1740	15.3862	6	532	20	70	16	4	1.02379e+06	6.36051e-05	0.199	
10878	400	2985	21.2287	23.9647	1858	17.319	6	533	15	56	21	5	1.06325e+06	5.65323e-05	0.2347	
10627	390	3002	15	22.5848	1720	14.689	7	534	11	64	19	5	1.29712e+06	5.44484e-05	0.1847	
10426	392	3039	18.6164	26.9211	1843	18.6721	8	535	3	57	8	5	1.13116e+06	6.07497e-05	0.1275	
11499	400	3016	18.6511	25.9485	1845	17.2903	10	524	16	73	11	3	1.0671e+06	5.32765e-05	0.3296	
11016	390	3034	18.9648	21.0897	1795	15.6287	6	534	3	57	29	5	1.12305e+06	5.17036e-05	0.3038	
11331	355	3030	15.4966	22.3215	1804	16.4585	7	533	5	66	17	4	1.24158e+06	4.93657e-05	0.3381	
11301	397	3018	22.8144	30	1845	14.1119	10	528	15	73	19	3	993304	6.07386e-05	0.265	
11068	366	3037	20.7547	22.0493	1818	16.7706	9	527	17	55	36	3	1.07942e+06	5.33362e-05	0.2959	
10942	400	3043	15.7006	22.931	1751	15.7483	7	534	9	71	19	4	1.22407e+06	5.23725e-05	0.241	
10783	390	3032	18.5088	20.8806	1794	15.7745	6	534	4	57	29	5	1.1472e+06	5.29857e-05	0.2621	
11223	333	3050	19.5305	20.775	1863	18.3856	7	535	16	67	16	4	1.13165e+06	4.99426e-05	0.3357	
11110	333	3050	20.0032	20.775	1843	18.5804	7	535	16	67	16	4	1.12559e+06	5.09035e-05	0.3233	
11117	327	3036	18.3959	20.1865	1899	17.0128	6	534	20	58	3	4	1.1716e+06	4.90605e-05	0.3541	
11415	331	3043	16.6691	20.1176	1836	16.1021	6	534	7	64	7	4	1.22098e+06	4.69241e-05	0.41	
10257	366	3039	23.3431	28.3758	1740	16.9276	6	525	16	55	19	4	1.0784e+06	6.74127e-05	0.1212	
10975	359	3034	19.5682	20.2022	1728	17.0128	6	534	10	58	2	5	1.13174e+06	5.08984e-05	0.3236	
11272	340	3048	20.5093	20.2933	1786	19	8	530	15	66	9	3	1.10529e+06	4.98132e-05	0.3701	
10722	383	3028	22.6288	27.7352	1827	17.0635	7	535	6	63	25	6	1.04923e+06	6.2162e-05	0.1899	
10587	400	3033	21.1324	26.5124	1843	18.5611	8	534	16	59	6	4	1.06772e+06	6.03464e-05	0.1656	
11432	394	3010	23.6373	26.4335	1820	17.5649	10	525	6	74	32	3	994337	5.69249e-05	0.3477	
10141	311	3050	20.0568	23.2998	1769	18.4694	5	532	8	56	12	5	1.17787e+06	6.06244e-05	0.1234	
11487	318	3004	17.9196	20.775	1899	18.1747	6	534	16	55	3	4	1.17686e+06	4.77783e-05	0.383	
10091	390	3050	18.9674	24.5417	1731	17.5685	8	533	0	56	19	5	1.16514e+06	6.23014e-05	0.1063	
10396	339	3026	21.01	29.0942	1708	15.0109	5	535	19	55	24	4	1.10712e+06	6.58675e-05	0.1004	
11308	400	3020	19.3912	26.8408	1817	18.5611	9	533	7	67	19	3	1.05407e+06	5.56638e-05	0.2636	
11400	391	3006	23.1419	26.5678	1777	16.6552	10	527	15	73	32	3	999346	5.70972e-05	0.319	
11473	370	3046	19.7118	20	1768	15.6939	8	535	8	57	26	3	1.10109e+06	4.83302e-05	0.4104	
11234	365	3004	19.2551	21.1715	1791	17.9175	6	535	16	55	57	4	1.11954e+06	5.21785e-05	0.2957	
11088	331	3043	16.6691	20.1018	1836	16.3553	6	534	7	64	7	4	1.23157e+06	4.86452e-05	0.3467	
10166	311	3036	18.9674	24.5417	1731	18.4081	8	532	5	55	19	5	1.19292e+06	6.16903e-05	0.1022	
10590	392	3015	18.6164	22.4013	1853	18.5611	8	534	9	55	10	4	1.13638e+06	5.51968e-05	0.2085	
11016	390	3034	18.5088	20	1792	15.8558	6	535	3	58	23	4	1.14167e+06	5.04007e-05	0.3202	
10861	369	2973	17.5789	24.036	1900	16.7621	7	535	18	56	18	5	1.15406e+06	5.48667e-05	0.2191	
11016	393	3033	17.8799	20	1792	15.7745	8	534	3	59	17	5	1.15473e+06	4.99476e-05	0.3296	
11349	400	3009	19.6045	21.8671	1856	15.7782	9	520	19	62	13	4	1.0809e+06	5.03499e-05	0.3808	
11369	392	2992	19.3235	27.5987	1798	15.3967	8	535	16	61	21	3	1.05317e+06	5.64079e-05	0.2477	
10729	400	3029	20.0575	22.6555	1790	18.0569	9	531	19	66	42	4	1.09612e+06	5.6773e-05	0.2112	
11500	400	3044	17.3589	20	1827	16.8967	6	526	12	61	7	3	1.1541e+06	4.67486e-05	0.4481	
11331	356	3041	15.2394	20.7779	1791	15.7696	7	533	5	68	10	3	1.2662e+06	4.7644e-05	0.3904	
11331	323	3034	15.4966	23.2696	1769	16.4585	7	533	5	66	10	3	1.2542e+06	5.01077e-05	0.312	
11066	384	3038	21.4868	25.0762	1895	14.819	9	527	18	67	36	4	1.04792e+06	5.62082e-05	0.2742	
10257	373	3003	23.0088	27.7668	1716	14.9735	5	525	16	55	42	4	1.08586e+06	6.80643e-05	0.1193	
11229	394	2992	23.3012	29.0129	1731	15.4696	7	530	17	59	41	5	1.00647e+06	6.15612e-05	0.2363	
10813	368	3009	23.7556	26.8657	1770	15.6644	6	535	12	58	22	4	1.03789e+06	6.14175e-05	0.2	
11018	400	3002	20.4099	28.7556	1857	15.5276	10	535	17	73	19	3	1.04143e+06	5.98767e-05	0.2078	
10501	379	3049	24.758	29.8201	1765	17.4634	5	527	16	62	34	3	1.04676e+06	6.81803e-05	0.1496	
11500	377	3035	23.2756	22.4269	1746	16.9643	10	524	15	73	17	3	1.02518e+06	5.21839e-05	0.3919	
11173	337	3022	15.2572	22.9051	1730	15.4368	7	534	9	71	19	4	1.268e+06	5.1023e-05	0.2809	
10494	349	3042	18.213	24.4843	1724	18.4081	7	532	16	56	33	5	1.17255e+06	5.90598e-05	0.1305	
11138	377	3050	18.4976	20.2933	1756	14.909	9	535	16	58	15	3	1.12811e+06	4.95565e-05	0.341	
10901	392	3025	22.6961	28.6802	1827	16.3817	8	535	15	57	19	5	1.0278e+06	6.17551e-05	0.1995	
10994	395	3004	18.5822	22.1242	1884	16.9493	6	535	16	55	52	4	1.12649e+06	5.38358e-05	0.2427	
10298	392	3039	18.8002	27.6998	1843	18.5611	8	535	18	58	11	4	1.13654e+06	6.31273e-05	0.1101	
10837	400	3050	19.8681	22.4256	1798	17.8864	9	529	19	65	29	4	1.09172e+06	5.46896e-05	0.2489	
10814	382	3014	25	29.2444	1819	19	7	532	10	65	51	4	1.19603e+06	6.58501e-05	0.1	
10019	297	3047	19.6725	25.7692	1715	18.4694	8	526	19	56	19	5	1.19603e+06	6.58501e-05	0.1	
11473	354	3042	16.056	20	1772	15.3726	7	535	6	55	20	3	1.22682e+06	4.67705e-05	0.42	
11016	393	3034	17.7971	20.1845	1792	15.7745	6	534	4	59	17	5	1.16114e+06	5.00325e-05	0.3258	
11331	400	3034	15.5794	21.4332	1787	15.5899	7	533	6	62	29	4	1.22407e+06	4.89141e-05	0.3564	
11001	343	2994	15.2572	21.6771	1706	15.1824	8	535	13	70	23	4	1.2773e+06	5.14907e-05	0.2546	
11308	400	2998	19.3912	26.8408	1817	18.5611	9	535	3	67	19	3	1.05334e+06	5.58597e-05	0.262	
11380	400	2992	23.4736	29.7597	1886	16.9735	9	523	15	59	19	3	986915	6.0757e-05	0.2999	
10592	308	3035	15.1547	20.1018	1827	18.2716	6	533	8	57	12	4	1.34869e+06	5.17706e-05	0.2514	
11447	400	3043	20.1635	20.314	1878	18.0197	6	509	4	76	25	4	1.09662e+06	4.8998e-05	0.4898	
11500	336	3035	15.1547	20.1018	1836	14.2892	6	533	7	71	13	4	1.29262e+06	4.62299e-05	0.4516	
10179	340	3003	23.4771	28.3758	1738	15.9387	5	522	12	56	56	4	1.10496e+06	7.08968e-05	0.1169	
10091	311	3042	18.9674	25.9005	1724	18.4081	8	532	0	56	19	5	1.19402e+06	6.38937e-05	0.1032	
10555	380	3028	25	28.9037	1811	19	7	527	12	63	51	4	1.0426e+06	6.79071e-05	0.1602	
11390	400	3043	20.1635	20.314	1878	18.0337	6	510	9	76	25	4	1.09741e+06	4.92805e-05	0.4779	
11494	393	3041	19.4985	20.2756	1752	15.008	7	519	12	59	15	3	1.09909e+06	4.81881e-05	0.4631	
10257	366	3010	24.6358	28.3758	1718	17.526	6	525	16	59	28	4	1.07194e+06	6.94011e-05	0.1403	
10179	379	3038	23.4771	28.3758	1738	15.9387	5	522	12	56	56	4	1.09251e+06	7.04672e-05	0.117	
11400	391	3016	22.3896	20.8512	1870	15.7789	10	525	15	73	16	3	1.04434e+06	5.06124e-05	0.4404	
10693	308	3035	15.1547	21.8774	1801	18.2716	6	529	14	56	36	4	1.33617e+06	5.37692e-05	0.2144	
11473	354	3042	16.056	20	1786	15.008	7	532	6	57	20	3	1.22821e+06	4.67159e-05	0.4346	
11088	334	3043	15	20.1018	1805	16.1021	9	534	7	63	32	4	1.31008e+06	4.92053e-05	0.3283	
10592	308	3035	15.1547	20.3489	1827	18.2716	7	533	7	56	12	4	1.34538e+06	5.19184e-05	0.2472	
11088	331	3043	15	20.1018	1744	16.1021	6	534	7	64	5	4	1.31631e+06	4.82672e-05	0.3556	
10234	355	2998	20.4318	28.4485	1785	17.5374	6	525	11	55	5	4	1.11619e+06	6.5445e-05	0.1138	
11373	372	3041	21.0398	20.6783	1772	15.008	7	515	4	70	20	3	1.08375e+06	4.999e-05	0.4538	
10917	338	3023	15	21.917	1737	16.1463	6	531	12	67	18	3	1.30307e+06	5.15358e-05	0.2585	
10784	381	2981	25	29.7508	1754	16.5553	6	527	8	60	14	6	1.02296e+06	6.59892e-05	0.2051	
11199	295	3035	15.1547	20.4781	1831	17.3889	6	533	11	71	35	4	1.33027e+06	4.9186e-05	0.3389	
10535	400	2968	25	29.1217	1778	14.7423	6	526	15	60	68	4	1.0416e+06	6.98959e-05	0.1501	
10257	342	3003	20.8928	28.3758	1716	15.7926	5	525	16	55	40	4	1.12248e+06	6.73174e-05	0.1096	
10448	396	2979	21.3106	28.1913	1820	17.8538	8	532	11	58	56	4	1.08329e+06	6.66933e-05	0.1404	
10234	337	3000	20.9186	28.4485	1728	15.8486	6	525	9	55	31	4	1.12091e+06	6.70691e-05	0.1104	
11384	400	3044	17.3589	20	1845	15.3191	6	526	12	61	7	3	1.16088e+06	4.71365e-05	0.4133	
11452	324	3035	15.6158	20.1018	1795	16.4564	6	533	7	71	13	4	1.27395e+06	4.6799e-05	0.4318	
10535	328	2968	25	29.1217	1771	14.7423	6	526	15	59	60	4	1.0668e+06	6.943e-05	0.1501	
11215	337	3043	15.1547	20.1018	1836	15.0025	6	533	7	71	5	4	1.30086e+06	4.74136e-05	0.3918	
11400	391	3016	22.3896	20.8512	1837	15.7789	10	525	15	73	16	3	1.04302e+06	5.06945e-05	0.4367	
11229	362	2990	25	29.7508	1754	15.7758	6	535	7	64	4	5	1.00561e+06	6.25352e-05	0.2535	
11199	360	3023	15.5402	20.1018	1827	16.1147	7	535	10	64	34	4	1.25963e+06	4.88902e-05	0.3521	
10448	398	2971	21.3106	28.5852	1820	17.8538	8	528	11	58	56	4	1.08064e+06	6.71547e-05	0.143	
11452	374	2998	16.9094	20	1871	15.3191	7	526	12	61	7	3	1.18205e+06	4.6977e-05	0.4299	
10591	379	3042	24.758	29.8201	1708	17.3055	6	527	5	62	34	4	1.03927e+06	6.75356e-05	0.1697	
10141	311	3035	17.6843	23.2998	1745	18.4694	6	528	5	57	13	5	1.24017e+06	5.96374e-05	0.1192	
11494	366	3041	20.1038	21.2699	1795	16.0346	7	525	17	57	20	3	1.08711e+06	4.93364e-05	0.4116	
11215	337	2998	15.4908	20	1854	17.6469	5	535	17	71	5	4	1.27984e+06	4.79662e-05	0.3694	
10091	313	3042	18.9674	25.9005	1738	18.4081	8	535	0	56	19	4	1.19185e+06	6.38774e-05	0.1072	
10966	323	3045	18.36	20	1831	15.7745	6	534	7	60	21	5	1.18734e+06	5.04286e-05	0.3175	
11061	368	3050	16.659	20	1782	16.7806	7	525	16	63	4	4	1.21118e+06	4.87543e-05	0.3661	
10891	320	3028	16.5603	20	1845	18.0973	6	535	7	57	19	3	1.24725e+06	5.03804e-05	0.3052	
10535	400	2970	25	29.1217	1778	14.7423	6	526	15	60	68	4	1.04166e+06	6.98714e-05	0.1501	
10587	375	3040	18.4105	24.7162	1843	18.5611	6	535	4	57	14	3	1.13968e+06	5.7241e-05	0.1759	
11264	400	3018	17.3589	20	1766	15.3191	8	529	12	59	7	3	1.15443e+06	4.81626e-05	0.4023	
10192	358	2955	18.6358	29.2573	1854	18.6191	7	532	14	56	7	4	1.156e+06	6.64894e-05	0.1115	
10141	311	3042	17.9084	23.2998	1778	18.4694	6	530	5	56	19	5	1.2342e+06	5.9891e-05	0.1128	
10019	342	3037	19.6725	23.2948	1745	18.0101	8	529	17	55	10	5	1.17468e+06	6.27431e-05	0.1151	
10893	390	3000	25	30	1728	14.594	7	528	19	67	8	4	1.01012e+06	6.50026e-05	0.214	
11199	367	3040	15.522	20.6068	1753	16.1147	7	533	4	70	48	4	1.25545e+06	4.99875e-05	0.3189	
10160	384	2974	20.9348	23.7981	1714	18.2754	6	535	12	57	23	3	1.12012e+06	6.31632e-05	0.122	
11215	336	3035	16.1336	22.9769	1795	18.0797	6	533	6	71	13	4	1.22034e+06	5.07769e-05	0.3078	
11301	397	2987	22.8144	30	1845	14.1119	10	520	15	73	19	3	993938	6.11995e-05	0.2875	
11093	383	3023	15.2572	21.0263	1730	15.1824	6	530	11	68	40	4	1.26739e+06	5.06483e-05	0.2964	
10141	311	3042	17.7207	22.8145	1778	18.4694	9	528	5	56	19	6	1.2385e+06	5.94354e-05	0.1251	
10019	387	3042	18.1198	22.7808	1757	15.3258	7	530	6	56	17	5	1.20496e+06	6.14931e-05	0.12	
10877	320	3035	15.1547	20.6176	1827	18.0973	6	532	8	57	8	4	1.31894e+06	5.003e-05	0.3112	
10349	342	3042	17.1071	20.5578	1756	15.0699	5	526	17	57	22	5	1.24697e+06	5.52181e-05	0.199	
11215	337	3045	15.2567	20	1854	17.6469	5	533	17	71	5	4	1.2956e+06	4.75014e-05	0.3777	
10174	333	3046	18.1198	23.2998	1757	18.3711	7	527	12	56	7	5	1.20645e+06	5.90319e-05	0.1357	
10141	311	3042	17.4086	23.1061	1779	18.4694	6	528	5	56	19	5	1.25115e+06	5.94318e-05	0.1149	
11285	288	3003	18.7833	20.8793	1893	18.4086	6	534	16	62	2	4	1.18833e+06	4.92538e-05	0.3552	
10277	392	3039	18.6164	26.9211	1843	18.5611	7	535	7	59	8	4	1.1447e+06	6.20386e-05	0.1189	
10587	392	3028	18.6164	27.0779	1843	18.4781	8	535	7	57	8	4	1.11676e+06	5.97657e-05	0.1449	
10019	342	3045	20.3694	23.9343	1734	18.0101	8	529	17	56	19	5	1.16133e+06	6.43087e-05	0.1145	
10643	399	2991	21.3875	23.674	1743	17.871	8	532	7	57	75	4	1.08707e+06	6.15498e-05	0.1565	
10349	342	3015	16.2756	20.3473	1756	15.5918	5	527	17	58	25	5	1.28449e+06	5.52151e-05	0.1863	
11268	400	3027	20.1967	21.6197	1734	16.4969	8	525	15	73	2	4	1.05673e+06	5.12007e-05	0.407	
11500	377	3006	23.2756	22.4269	1845	16.2518	8	524	15	62	19	3	1.03138e+06	5.2154e-05	0.4061	
11400	391	3002	23.5832	27.7319	1804	16.3304	10	525	20	76	32	3	992392	5.85549e-05	0.314	
11215	347	3035	16.1336	22.9769	1795	18.6222	6	533	6	71	26	4	1.21449e+06	5.12479e-05	0.2944	
11483	396	3023	23.6701	27.2184	1855	15.9834	8	531	7	68	40	6	996172	5.73625e-05	0.329	
10607	381	2974	20.5827	29.3999	1739	16.5553	6	527	8	60	14	6	1.07746e+06	6.42178e-05	0.152	
10257	342	3003	19.295	27.8752	1739	17.7703	7	525	13	59	19	4	1.14693e+06	6.4792e-05	0.1151	
10921	400	3034	16.6963	20.1845	1792	15.7745	6	534	3	59	17	5	1.2031e+06	5.01907e-05	0.3173	
10961	324	2994	15.7732	21.4921	1725	16.177	8	535	9	63	35	4	1.26544e+06	5.21676e-05	0.2503	
10808	344	3002	15.2572	22.3271	1732	14.689	7	530	9	72	20	4	1.2869e+06	5.30279e-05	0.2383	
10166	311	3036	18.9674	24.5417	1731	18.4081	8	532	5	56	19	5	1.19325e+06	6.17017e-05	0.105	
10494	349	3042	18.213	24.4843	1724	18.4081	7	532	16	56	33	5	1.17255e+06	5.90598e-05	0.1305	
10771	361	3026	21.0119	26.6467	1827	17.3269	7	529	11	59	39	6	991489	6.02773e-05	0.2935	
11030	381	3045	15	21.6865	1774	17.3426	9	531	16	68	40	5	1.27934e+06	5.15517e-05	0.2604	
10055	328	3020	19.1183	22.3976	1785	18.4694	7	531	13	56	13	5	1.19643e+06	6.09347e-05	0.1234	
10225	307	3044	16.348	23.2998	1748	17.9959	7	529	17	55	14	5	1.2891e+06	5.82479e-05	0.1134	
10921	383	3002	16.1335	21.6771	1730	15.6399	6	535	7	70	25	4	1.21833e+06	5.22111e-05	0.266	
11215	376	3035	15.5957	20.1018	1842	15.0303	6	532	7	69	13	4	1.25237e+06	4.77989e-05	0.3898	
10749	387	3012	21.9927	29.9322	1755	16.736	6	526	20	59	9	3	1.04114e+06	6.40041e-05	0.1703	
10200	393	2993	24.7075	28.3525	1827	18.2049	6	514	12	66	41	4	1.04172e+06	6.46245e-05	0.1652	
11199	324	3040	15.522	20.6068	1753	14.7085	7	533	4	70	51	4	1.2826e+06	5.00601e-05	0.3147	
11042	390	3043	21.3631	27.6366	1854	14	10	529	18	68	41	4	1.03801e+06	5.92101e-05	0.2377	
10694	331	3035	15.1547	20.1018	1827	18.2716	6	532	8	57	12	4	1.32581e+06	5.10152e-05	0.2777	
10487	400	3023	22.1244	29.1758	1724	15.126	5	518	15	64	41	4	1.066e+06	6.63482e-05	0.163	
10363	342	3003	20.9186	28.3758	1716	15.7124	6	525	11	55	40	4	1.11077e+06	6.61989e-05	0.1211	
11452	324	3035	15.6158	20.1018	1795	17.4385	6	533	7	71	13	4	1.27302e+06	4.68735e-05	0.4298	
11268	400	3027	20.1967	20.033	1734	16.4079	8	525	15	73	2	4	1.16681e+06	4.7694e-05	0.4069	
11493	396	3016	22.0841	28.7556	1742	16.6552	10	524	15	80	19	3	998886	5.84693e-05	0.303	
11140	400	3027	22.4766	28.4434	1862	16.0526	10	524	15	68	19	3	1.01072e+06	5.95664e-05	0.2829	
11030	381	3050	15	21.6865	1817	18.3212	9	531	16	68	40	4	1.27751e+06	5.14721e-05	0.2627	
11088	332	3043	15.646	20.8662	1836	16.1021	7	534	8	64	5	4	1.26917e+06	4.88568e-05	0.3477	
11233	273	3002	15	21.6771	1738	15.2472	9	532	9	71	18	4	1.34701e+06	4.96426e-05	0.3187	
11272	349	3042	15.4039	20.6783	1777	14.3266	6	529	15	58	9	3	1.26684e+06	4.77601e-05	0.389	
10600	349	3042	16.8296	20.6783	1756	14.3266	6	531	15	58	9	3	1.22699e+06	5.24631e-05	0.2431	
11204	387	2974	25	29.7508	1751	18.1362	6	531	9	64	2	6	997537	6.30159e-05	0.2559	
11226	397	3016	23.0586	25.8624	1814	16.8357	10	524	15	70	19	3	1.009e+06	5.68505e-05	0.3123	
10587	370	3038	18.4214	26.8408	1851	17.3593	9	535	3	63	2	4	1.13076e+06	5.89553e-05	0.171	
10881	320	3028	15.1547	20.782	1845	18.0973	6	531	8	57	26	4	1.32029e+06	5.09321e-05	0.2841	
10294	384	2974	21.3102	27.3201	1716	18.2754	6	530	4	57	19	3	1.09162e+06	6.52955e-05	0.1237	
10836	394	3004	18.5815	21.6145	1754	18.3113	7	533	20	68	51	4	1.13654e+06	5.5273e-05	0.224	
10693	308	3035	15.1547	23.4145	1783	18.2716	6	531	14	62	12	4	1.32121e+06	5.41038e-05	0.1945	
11500	377	3034	19.4578	22.4269	1746	16.9643	10	524	15	70	19	3	1.07869e+06	5.03119e-05	0.3999	
10596	356	2992	19.3223	21.9184	1758	16.2732	6	528	17	55	62	6	1.15637e+06	5.82615e-05	0.1674	
10590	392	3006	18.4939	22.2864	1843	18.5611	8	527	9	55	10	4	1.14135e+06	5.50873e-05	0.2354	
11350	381	3030	16.7677	22.4532	1805	18.4201	10	527	19	71	33	4	1.1627e+06	5.05587e-05	0.3348	
10596	356	3049	19.3223	21.9184	1758	16.2732	5	528	17	55	50	4	1.15097e+06	5.68214e-05	0.1848	
10799	355	3050	21.307	26.6819	1719	14.7735	7	529	17	57	47	4	1.07587e+06	6.0573e-05	0.1785	
11347	335	2996	16.1335	20	1730	17.6557	8	535	9	61	7	4	1.23541e+06	4.7824e-05	0.3854	
11272	349	3042	16.8296	20.6783	1756	14.3266	6	531	15	58	9	3	1.1966e+06	4.82812e-05	0.3826	
11331	356	3050	15.4966	21.8308	1804	15.7696	7	533	5	68	10	3	1.24296e+06	4.85107e-05	0.3648	
10760	391	3028	23.6701	27.7352	1827	16.2884	8	535	7	68	37	6	1.03582e+06	6.29485e-05	0.2005	
10587	374	3027	19.4847	26.9211	1775	18.5611	8	535	5	61	13	4	1.10466e+06	6.03938e-05	0.149	
11380	400	2984	22.8145	27.1836	1835	19	10	523	15	59	19	3	999662	5.77901e-05	0.3221	
10653	400	3048	17.8799	20.8071	1824	15.7745	6	533	2	60	22	4	1.16877e+06	5.30757e-05	0.2572	
10141	376	3042	17.6843	22.9703	1817	15.9135	6	531	5	56	13	5	1.20894e+06	5.88651e-05	0.1384	
11302	365	3004	19.2551	21.1715	1899	18.0097	6	535	16	62	57	4	1.11747e+06	5.15066e-05	0.3217	
11150	330	3012	15.7467	21.4683	1765	14.3918	9	530	10	58	51	6	1.26239e+06	5.12085e-05	0.2938	
11380	396	3016	22.2638	21.696	1857	16.6552	9	524	20	78	18	3	1.03936e+06	5.15092e-05	0.416	
11147	385	3034	17.7102	20.8806	1836	16.7105	6	534	3	61	23	4	1.15377e+06	4.99251e-05	0.3435	
10397	378	3029	24.0309	26.0943	1749	19	9	527	5	58	56	3	1.06434e+06	6.63526e-05	0.1512	
11264	400	3018	17.3589	20	1868	15.3191	7	529	12	59	7	4	1.16219e+06	4.79134e-05	0.3828	
10055	328	3042	19.1183	22.4402	1764	18.4694	7	527	13	56	13	5	1.19619e+06	6.07054e-05	0.128	
11400	397	3016	21.4279	26.2298	1817	16.6552	10	528	17	73	19	3	1.0192e+06	5.53771e-05	0.3282	
10887	390	3034	17.8799	20.8806	1792	15.7745	6	534	3	57	21	5	1.15913e+06	5.15889e-05	0.291	
10587	362	3037	18.6164	26.8408	1864	18.5611	9	535	4	64	6	4	1.12882e+06	5.92803e-05	0.1693	
11494	366	3041	18.9418	21.2699	1752	14	7	525	17	57	20	3	1.10986e+06	4.88234e-05	0.4253	
10567	340	3003	24.1798	28.5856	1744	15.3248	5	529	12	57	38	5	1.06357e+06	6.64408e-05	0.1546	
10961	339	2994	15.7732	21.4921	1730	16.177	8	535	9	61	23	4	1.25396e+06	5.15836e-05	0.2671	
10448	398	2971	21.3106	28.5852	1820	17.8538	6	528	11	58	56	4	1.08281e+06	6.70961e-05	0.1408	
10363	342	3003	23.649	28.3758	1744	17.1747	8	525	11	55	30	4	1.07419e+06	6.75265e-05	0.1324	
10857	348	2992	21.9927	29.9322	1755	16.736	6	526	20	59	9	3	1.0498e+06	6.35001e-05	0.1824	
11407	396	3016	22.5562	22.9397	1826	18.003	10	525	19	83	19	3	1.02243e+06	5.28067e-05	0.3651	
11400	391	3021	23.1419	25.6533	1790	16.6552	8	525	15	73	32	4	1.00804e+06	5.5966e-05	0.3425	
11494	366	3041	19.1637	21.2699	1752	15.008	7	525	17	57	20	3	1.10529e+06	4.89716e-05	0.424	
10530	398	3017	20.1379	28.5161	1832	17.3781	8	532	4	63	9	5	1.08544e+06	6.26527e-05	0.1584	
10234	355	2998	20.9186	28.4485	1738	17.5374	6	525	11	55	36	4	1.11516e+06	6.75265e-05	0.1068	
10371	384	3039	18.6164	26.9496	1808	18.5611	8	533	0	59	8	5	1.13855e+06	6.1297e-05	0.1288	
11215	340	3045	15.2567	20	1854	17.6469	4	532	17	71	5	4	1.29659e+06	4.74947e-05	0.38	
10185	373	2978	19.7766	27.755	1813	17.9375	7	535	18	60	4	3	1.12669e+06	6.51763e-05	0.1162	
11285	298	3004	17.9631	20.7999	1899	18.4335	5	534	20	55	27	4	1.19898e+06	4.9581e-05	0.3456	
11204	387	2974	24.3565	28.8035	1771	17.9572	6	530	9	64	2	5	1.00246e+06	6.13911e-05	0.2686	
10717	383	3002	15.2572	21.6771	1730	16.6491	6	530	7	72	25	4	1.28077e+06	5.34931e-05	0.2254	
11500	399	3026	21.8175	20.6953	1743	15.4663	7	524	16	69	36	6	1.0636e+06	5.03702e-05	0.4272	
11400	380	3016	22.5084	25.8848	1837	15.1419	10	524	15	63	19	3	1.01305e+06	5.54877e-05	0.3396	
11494	366	3041	19.1637	21.2699	1752	15.008	7	530	17	57	26	3	1.10389e+06	4.91063e-05	0.4035	
11331	322	3027	15.4966	22.75	1804	16.0477	7	530	13	67	17	4	1.26133e+06	4.97884e-05	0.3259	
10877	320	3035	15.1547	20.1018	1827	18.0973	6	532	8	57	8	4	1.32353e+06	4.96179e-05	0.3238	
11273	400	3016	22.5682	27.9205	1716	16.6552	10	525	14	69	4	3	1.00425e+06	5.86717e-05	0.2873	
10426	392	3039	18.9858	26.9211	1823	15.2799	6	535	4	57	8	5	1.12612e+06	6.07054e-05	0.1365	
10663	369	2982	16.9488	22.6762	1896	16.3533	7	534	17	59	15	3	1.19268e+06	5.45375e-05	0.2139	
10923	361	2970	17.6698	25.1109	1732	16.3297	6	534	18	55	8	3	1.1426e+06	5.56607e-05	0.2017	
10587	373	2969	19.7766	26.8412	1814	17.9841	7	535	18	64	4	3	1.09708e+06	6.06391e-05	0.1598	
10751	370	3040	16.9416	22.3039	1856	18.0724	6	527	16	57	29	5	1.20053e+06	5.37577e-05	0.2392	
11500	376	3050	15	21.6865	1817	18.3212	7	531	16	68	40	4	1.26182e+06	4.85343e-05	0.3554	
10923	369	2982	17.5789	22.6762	1900	16.3533	7	534	18	59	15	3	1.15549e+06	5.28821e-05	0.2636	
11229	380	3015	23.2601	29.7508	1749	17.757	6	535	5	64	43	6	1.01237e+06	6.21968e-05	0.225	
11272	349	3028	16.8296	20.4139	1756	14.3266	6	531	15	58	2	3	1.04414e+06	6.18735e-05	0.204	
11272	377	3042	20.8787	20.2933	1766	15.4704	6	530	15	66	9	3	1.08606e+06	4.98132e-05	0.3978	
10141	311	3042	17.4086	23.1061	1778	18.6192	6	528	5	56	19	5	1.25133e+06	5.94495e-05	0.1141	
10643	400	2974	22.9358	25.845	1811	18.1933	8	523	9	57	62	5	1.05308e+06	6.3597e-05	0.1817	
10744	394	3005	20.2061	29.5196	1834	18.4968	9	530	18	66	40	3	1.06926e+06	6.37186e-05	0.1648	
11073	355	3032	16.1336	22.9769	1795	18.0797	6	533	6	71	13	4	1.21439e+06	5.15943e-05	0.2864	
11392	351	3043	23.067	20.2928	1882	18.6118	10	530	6	76	11	4	1.06891e+06	5.03525e-05	0.4176	
10940	394	3004	18.5815	22.2266	1754	18.0772	9	532	19	69	56	4	1.12369e+06	5.52792e-05	0.2296	
10410	381	3022	16.8569	22.2095	1709	17.5773	6	527	13	64	25	5	1.22252e+06	5.68408e-05	0.1631	
10399	362	3042	18.9674	25.9429	1724	18.4081	8	532	0	56	7	4	1.13782e+06	6.02882e-05	0.138	
11204	365	2990	16.7381	22.7989	1768	15.4405	9	533	20	74	37	3	1.17041e+06	5.21703e-05	0.2733	
11500	371	3016	23.2756	24.2118	1863	15.6365	10	525	15	73	19	4	1.0176e+06	5.36682e-05	0.3679	
11473	354	3013	15.9607	20	1780	15.008	7	535	6	57	19	3	1.23058e+06	4.69043e-05	0.4218	
11301	400	3016	22.8144	23.4508	1845	16.3283	10	524	16	73	19	3	1.0194e+06	5.38387e-05	0.3574	
11055	337	3009	15	22.016	1730	16.1463	6	531	18	66	22	4	1.29861e+06	5.11012e-05	0.2699	
10978	400	3034	19.9408	23.3164	1795	15.7745	9	533	3	60	26	5	1.07938e+06	5.42918e-05	0.2793	
11155	337	3002	15	21.6771	1738	15.2472	9	532	8	68	27	4	1.29162e+06	5.03449e-05	0.2981	
10582	397	3031	22.26	26.0116	1888	15.8119	7	534	11	59	47	4	1.06239e+06	6.21311e-05	0.167	
11473	354	3013	15.9607	20	1744	15.008	7	535	7	57	20	3	1.22972e+06	4.70301e-05	0.413	
10956	381	2981	23.9534	27.1764	1751	17.7979	6	531	7	59	52	6	1.02824e+06	6.24415e-05	0.2104	
11086	337	3002	17.5431	22.8445	1734	15.2472	9	535	8	70	27	4	1.16414e+06	5.26954e-05	0.2823	
11295	373	3016	21.7732	22.3064	1870	17.0537	4	530	12	66	26	3	1.06334e+06	5.23231e-05	0.3534	
10734	373	3039	17.2309	24.8081	1816	18.627	7	535	4	64	34	4	1.17318e+06	5.6844e-05	0.1838	
10599	344	3002	15.2572	22.3271	1727	15.8908	7	529	11	63	15	3	1.29763e+06	5.41917e-05	0.1961	
10643	400	2974	22.9358	25.845	1811	18.2309	8	523	9	57	66	5	1.05444e+06	6.38529e-05	0.1768	
11500	381	3016	18.6693	20.8791	1852	16.6552	9	525	18	78	19	3	1.10853e+06	4.85343e-05	0.4303	
11494	366	3041	20.1038	21.2699	1752	16.0346	7	525	17	57	20	3	1.08605e+06	4.94511e-05	0.4216	
10610	400	3020	17.6796	25.1368	1740	16.144	9	535	15	74	32	5	1.15491e+06	5.88339e-05	0.1735	
11164	351	3043	23.067	20.314	1887	17.5244	10	529	6	76	14	4	1.07625e+06	5.17357e-05	0.386	
11251	348	3035	18.3058	20.1018	1805	18.4361	5	534	5	73	26	4	1.16122e+06	4.93024e-05	0.3754	