#NSGA2
popsize 150
maxGen 2
numVar 13
numObj 3
numCons 0
stateFieldNames	currentGen	evaluateCount	totalTime	firstFrontCount	frontCount	avgEvalTime	
#end


#Generation 1 / 2
currentGen	1
evaluateCount	150
totalTime	33845.8
firstFrontCount	56
frontCount	10
avgEvalTime	2210.96
#end
Var1	Var2	Var3	Var4	Var5	Var6	Var7	Var8	Var9	Var10	Var11	Var12	Var13	Obj1	Obj2	Obj3	
2648	188	755	17.4039	13.1203	972	13.8549	10	467	2	73	338	5	0.155468	40124.4	0.000347102	
2486	193	752	15.0999	13.2508	1044	15.9265	8	480	18	61	340	5	0.160976	39008	0.000572082	
2486	195	750	15.0304	13.2508	1050	12.6	8	480	8	60	342	5	0.162375	38820.4	0.000586854	
2486	193	756	15.0999	13.2508	1044	11.4365	6	472	11	60	344	5	0.161832	39207.6	0.000598802	
2486	193	756	15.0999	13.2508	1044	11.4365	6	472	14	60	344	5	0.161832	39191.7	0.00059988	
2486	193	750	15.0999	13.2508	1044	12.3909	8	481	13	60	342	5	0.160547	38888.8	0.000588928	
2486	193	750	15.0999	13.2508	1044	12.3909	8	481	12	60	342	5	0.160547	38898	0.000588582	
2486	193	750	15.0999	13.2508	1044	12.3909	8	481	12	60	342	5	0.160547	38898	0.000588582	
2486	193	750	15.0999	13.2508	1044	12.1447	8	481	12	60	342	5	0.160547	38898	0.000588582	
2486	193	752	15.0999	13.2508	1044	10.9882	6	472	12	60	344	5	0.160976	39189.8	0.000600962	
2486	193	750	15.0999	13.2508	1044	12.1447	9	481	12	60	342	5	0.160547	38870.5	0.000588582	
2486	193	752	15.0999	13.2508	1044	12.3909	8	472	12	60	340	5	0.160976	39171.8	0.000564972	
2486	193	752	15.0999	13.2508	1044	12.3909	8	472	12	60	340	5	0.160976	39171.8	0.000564972	
2486	193	752	15.0999	13.2508	1044	12.3692	8	472	12	60	340	5	0.160976	39159.2	0.000564972	
2486	193	752	15.0999	13.2508	1044	10.9882	6	472	10	59	345	5	0.160976	39201.8	0.00059952	
2486	193	752	15.0999	13.2508	963	10.9882	6	473	12	60	344	5	0.160976	38986	0.000598086	
2493	188	761	15.0708	13.5885	1019	14.3269	9	486	7	76	333	6	0.160976	39216.2	0.000564653	
2486	193	752	15.0999	13.2508	1044	12.3909	8	472	10	60	340	5	0.160976	39216.2	0.000564653	
2493	188	760	15.0708	13.5885	1019	14.3269	9	486	7	69	333	6	0.160628	38710.3	0.000542005	
2493	188	760	15.0708	13.5885	1019	14.3269	9	486	7	69	333	6	0.160628	38710.3	0.000542005	
2493	188	760	15.0708	13.5885	1019	14.3269	10	486	7	76	333	6	0.159821	39108.8	0.000564334	
2486	193	752	15.3009	13.2508	1041	12.0628	8	472	9	60	340	5	0.159821	39108.8	0.000564334	
2643	194	765	19.2303	13.2639	1014	14.1709	5	478	15	65	350	5	0.152944	40339	0.000380228	
2644	194	765	19.2303	13.2639	1014	14.1709	5	479	16	65	349	5	0.153004	40336.2	0.000376932	
2486	195	750	15.5159	13.2508	1050	12.6	8	480	8	60	342	5	0.159482	38715.5	0.000587199	
2658	196	757	18.9118	13.3398	992	13.1421	10	481	19	68	349	5	0.154785	39620.7	0.000372301	
2643	195	739	17.8216	13.3177	1041	13.036	6	485	10	80	342	5	0.154479	38954.5	0.000393082	
2546	187	753	17.5663	13.3546	1020	15.8366	7	476	7	76	332	6	0.147686	39391.6	0.000458505	
2486	195	750	15.5159	13.2508	989	12.6	8	480	8	60	342	5	0.159482	38439.9	0.000584795	
2649	194	766	18.7621	13.6743	1029	16.4496	9	481	8	63	340	5	0.155407	40243.2	0.000339905	
2547	187	753	17.0904	13.3546	1017	15.8366	7	476	4	74	332	6	0.150136	39377.6	0.000451264	
2693	190	755	18.7131	13.4578	994	14.026	7	487	6	66	333	4	0.153845	40411.6	0.000297708	
2693	190	755	18.7131	13.4578	994	14.026	7	487	6	66	333	4	0.153845	40411.6	0.000297708	
2690	193	766	19.1919	13.5491	962	13.4578	10	471	15	75	341	5	0.155961	39675.2	0.000326904	
2492	195	750	15.4016	13.6536	1011	15.999	10	474	4	68	333	5	0.160447	38214.6	0.000537634	
2492	195	750	15.4016	13.6536	1011	15.999	10	474	4	68	333	5	0.160447	38214.6	0.000537634	
2687	197	755	18.8175	13.6316	978	14.1051	8	475	16	79	339	4	0.157406	38978.7	0.00033456	
2486	195	750	15.7552	13.2508	989	12.6	8	480	8	60	342	5	0.157718	38471.3	0.000585138	
2662	186	745	19.0468	13.4559	1029	15.5903	9	478	19	67	349	6	0.146227	40237.8	0.000367782	
2639	192	751	19.1139	13.5638	1018	11.7034	6	481	2	72	350	5	0.149262	39626.5	0.000406669	
2635	186	735	18.8283	13.5342	1007	16.5813	10	466	5	66	346	6	0.143337	40421.7	0.000380807	
2673	191	756	18.7466	13.6683	1010	14.4713	8	487	13	78	343	6	0.152868	39061.4	0.000359712	
2640	178	760	19.1854	13.6584	976	15.3765	10	490	13	70	339	5	0.142141	40568.4	0.000362976	
2690	193	766	19.1919	13.6456	952	13.4578	10	471	16	75	341	5	0.155961	39656.3	0.000327439	
2490	193	752	15.0999	13.8391	1044	15.9265	8	480	18	59	340	5	0.161238	38605.8	0.000556483	
2492	195	755	15.4016	13.6536	994	15.4174	10	472	3	68	333	5	0.161517	38263	0.000533903	
2673	191	757	18.7466	13.6683	1010	14.4713	8	487	13	78	344	6	0.15307	39063.1	0.000362713	
2612	191	744	18.9626	13.3678	1015	14.5663	10	482	20	73	333	5	0.146286	39326	0.000379219	
2690	198	741	18.8011	13.6656	981	15.1413	7	478	16	74	343	5	0.155304	39155.5	0.00034002	
2673	191	745	18.7466	13.6683	1010	14.6479	10	487	15	78	344	6	0.150644	38933.9	0.000365898	
2483	192	766	16.5798	13.6911	990	16.5038	10	485	9	65	332	4	0.15425	38248.1	0.000531915	
2483	192	766	16.5798	13.6911	989	16.5038	10	481	9	65	334	4	0.15425	38172.3	0.000544662	
2483	192	766	16.5798	13.6911	990	15.8188	10	478	9	65	334	4	0.15425	38169.7	0.000542888	
2483	192	766	16.5798	13.6911	990	15.8188	10	478	9	65	334	4	0.15425	38169.7	0.000542888	
2666	198	751	18.7151	13.8414	1020	15.0498	9	473	10	71	345	5	0.156589	38395.3	0.000358809	
2594	196	737	16.8159	13.6431	1039	11.5392	10	476	13	79	335	4	0.156513	38194.8	0.000421408	
2588	196	737	16.8159	13.6431	1039	11.5392	10	476	13	79	334	4	0.156144	38185	0.000426621	
2689	195	760	18.9496	13.8341	988	12.5265	10	466	9	68	337	5	0.156618	39219.6	0.000308452	
2635	186	730	18.8283	13.5342	1010	16.6607	10	466	5	66	346	6	0.142362	40404.6	0.000382117	
2635	186	730	18.8283	13.5342	1010	16.6607	10	466	7	66	346	5	0.142362	40360.1	0.000382263	
2635	186	730	18.8283	13.5342	1010	16.6607	10	466	7	66	346	6	0.142362	40391	0.000382409	
2630	186	730	18.8283	13.5342	1010	16.6607	10	466	7	65	346	6	0.142081	40578.7	0.00038625	
2647	191	742	19.2264	13.4879	1010	12.9855	8	488	12	78	335	6	0.146688	39413.4	0.000362188	
2635	186	730	18.8791	13.5342	1012	16.6607	10	468	7	66	346	6	0.142368	40398.4	0.000382995	
2659	186	739	19.0044	13.6651	1030	11.6075	10	469	14	61	341	5	0.144875	40466.9	0.00033456	
2641	186	739	19.0044	13.6651	1013	11.6075	10	469	16	61	340	5	0.143854	40394.3	0.000347584	
2687	197	731	18.8175	13.6316	978	14.1051	9	475	11	79	340	4	0.152403	38936.5	0.000342231	
2647	191	742	19.2264	13.6683	1010	13.7606	8	488	13	70	335	6	0.146688	39354.7	0.000348311	
2647	191	742	19.2264	13.6683	1010	14.4713	8	488	13	78	335	6	0.146688	39137.8	0.000363108	
2647	191	742	19.2264	13.6683	1010	14.4713	8	488	13	78	335	6	0.146688	39137.8	0.000363108	
2697	172	769	17.4877	14.3392	1035	16.2337	10	486	17	77	344	5	0.150122	39474.7	0.000341064	
2640	193	741	19.2264	13.6683	1010	14.4713	8	488	12	80	335	6	0.147343	38904.2	0.000374392	
2690	198	741	18.8011	13.9126	992	16.3493	7	479	18	73	343	5	0.155304	38693.4	0.000338524	
2690	198	741	18.8011	13.9126	992	16.3493	7	482	18	73	343	5	0.155304	38685.5	0.000339328	
2700	165	766	18.9168	14.2405	1028	15.8382	8	484	10	80	342	5	0.138817	40530.6	0.000338295	
2700	165	763	19.1555	14.2405	1028	15.8382	8	484	11	80	342	5	0.137652	40550	0.000339328	
2698	174	768	18.7938	14.4503	1004	16.1831	7	474	20	70	339	5	0.145595	39880	0.000314169	
2698	174	768	18.7938	14.2543	1039	16.6489	7	474	20	72	339	5	0.145595	39824.1	0.000316556	
2690	198	741	18.8011	13.9494	974	15.1413	7	478	18	73	343	5	0.155304	38722.8	0.000338295	
2690	198	741	18.8011	13.9126	974	15.1413	7	478	18	73	343	5	0.155304	38770.2	0.000338066	
2690	198	741	18.8011	13.9126	974	15.1413	7	478	18	73	343	5	0.155304	38770.2	0.000338066	
2605	191	741	19.253	13.6842	999	14.5663	10	470	20	73	333	6	0.144079	39200.7	0.000385356	
2696	172	769	17.4877	14.3392	957	16.2337	8	486	11	80	344	6	0.150063	40086.3	0.00034638	
2696	172	769	17.4877	14.3392	957	16.2337	8	487	11	78	344	6	0.150063	40113.5	0.000343171	
2690	198	739	18.8011	13.9126	965	15.1413	7	478	13	73	343	5	0.154884	38921.7	0.000337838	
2682	198	741	18.8011	13.9126	974	15.1413	7	478	18	73	343	5	0.154828	38734	0.000347343	
2492	196	755	18.1956	13.6536	994	14.3832	8	472	3	68	333	4	0.147396	38261.1	0.000536193	
2515	195	733	17.7004	13.6536	994	14.026	6	482	7	71	333	5	0.146184	38213	0.000512821	
2515	195	753	18.7131	13.6536	994	14.026	7	487	6	66	333	4	0.146009	38401.4	0.000487329	
2628	193	759	18.8171	13.9373	947	13.6061	8	470	19	74	339	6	0.15209	39055.2	0.000382263	
2696	172	761	17.4877	14.194	1019	13.7771	10	478	11	77	347	6	0.148502	39715.8	0.000348311	
2696	172	761	17.4877	14.194	1019	13.7771	10	478	11	77	347	6	0.148502	39715.8	0.000348311	
2700	174	757	19.0663	14.4503	1004	16.1831	7	474	20	70	339	5	0.14236	40028.9	0.000314169	
2700	192	772	19.2699	14.3869	962	16.7921	10	472	15	74	342	6	0.156463	38794.5	0.000322893	
2700	192	772	19.2699	14.3869	962	16.7921	10	472	15	74	342	6	0.156463	38794.5	0.000322893	
2622	198	743	18.8011	13.8456	974	15.1413	7	478	17	72	343	5	0.151672	38616.9	0.00040404	
2696	172	761	17.4877	14.194	1019	13.7771	10	478	11	77	344	6	0.148502	39735.6	0.000339559	
2696	172	761	17.4877	14.194	1019	13.7771	10	478	11	77	344	6	0.148502	39735.6	0.000339559	
2594	196	737	16.8159	13.7801	1001	10.8566	10	476	19	79	335	5	0.156513	37978.2	0.000422833	
2698	172	750	18.7938	14.4503	1004	16.1831	7	474	20	70	339	5	0.140902	40068.5	0.000318066	
2698	172	750	18.7938	14.4503	1004	16.1831	7	474	20	70	339	5	0.140902	40068.5	0.000318066	
2622	198	743	18.8011	13.8456	974	15.1413	7	478	17	72	332	5	0.151672	38604.6	0.000363901	
2698	172	761	18.7938	14.4503	1004	14.4894	7	474	18	72	339	5	0.142969	39831.3	0.00031837	
2696	172	761	17.4877	14.194	1019	13.0203	10	480	11	78	344	6	0.148502	39702.2	0.000343171	
2700	192	770	19.2699	14.3869	962	13.8435	10	472	15	74	341	6	0.156057	38616.9	0.000320821	
2696	172	761	17.4877	14.194	1019	13.3558	10	471	11	77	344	6	0.148502	39660.5	0.000337724	
2619	197	737	18.9491	13.8343	1015	14.1407	7	489	19	65	332	4	0.14904	38673.2	0.000358038	
2690	198	769	19.2699	14.3869	962	16.7921	10	473	15	74	341	6	0.159231	38317.6	0.000329707	
2698	172	755	18.7938	14.4503	999	13.8475	7	485	20	70	338	5	0.141842	39991.8	0.000317158	
2696	193	769	18.7689	14.3869	962	16.7921	10	471	17	77	341	6	0.158213	38395.8	0.000329598	
2696	193	769	18.7689	14.3869	962	16.7921	10	471	17	77	341	6	0.158213	38395.8	0.000329598	
2542	192	748	16.8159	13.7302	1000	10.8566	10	476	18	79	335	4	0.15311	38190.2	0.00050025	
2650	174	768	17.4877	14.1852	1004	16.4838	8	468	15	77	332	6	0.148492	39630.9	0.000339443	
2690	193	769	19.2699	14.3869	962	16.7921	10	471	15	76	341	6	0.155918	38527.3	0.000332447	
2690	192	772	19.2699	14.3869	962	16.7921	10	473	15	74	341	6	0.155862	38733.7	0.000329056	
2690	192	775	19.2699	14.3869	962	16.8949	10	471	15	74	343	6	0.156468	38719.8	0.000333333	
2679	174	767	17.4877	14.3091	1004	16.6709	8	468	15	77	335	6	0.149995	39522.5	0.000326904	
2571	197	750	17.6762	13.8652	945	16.4282	9	488	11	67	332	6	0.154247	38525.8	0.000407166	
2513	198	755	17.3995	13.8147	982	14.7142	10	476	4	76	332	5	0.153492	37716.2	0.000517598	
2690	192	772	19.2699	14.3869	962	16.7921	10	471	15	74	341	6	0.155862	38739.1	0.000328623	
2690	192	772	19.2699	14.3869	962	17	10	471	15	74	343	6	0.155862	38715.7	0.000334001	
2690	192	772	19.2699	14.3869	962	17	10	471	15	74	343	6	0.155862	38720.2	0.000334001	
2577	172	763	17.1236	14.3392	1035	16.2337	10	486	11	77	349	6	0.143829	39269.4	0.000523013	
2571	197	750	17.6762	13.8652	945	16.4282	9	488	11	72	332	6	0.154247	38207.7	0.000422297	
2571	197	750	17.6762	13.8652	945	16.4282	9	488	11	72	332	6	0.154247	38207.7	0.000422297	
2638	161	767	19.2594	14.2597	1016	16.8374	9	487	15	64	337	5	0.131818	42014.4	0.000348918	
2688	174	746	19.0799	14.4044	1037	15.798	8	466	11	64	332	5	0.139636	40575.6	0.000297265	
2577	172	771	17.4877	14.3392	1035	16.1535	9	486	11	77	345	6	0.143505	39335.5	0.000493827	
2696	172	766	19.1811	14.3392	956	15.1836	10	487	11	78	344	6	0.142534	40279.4	0.000344947	
2696	172	766	19.1717	14.3392	956	15.1836	10	487	11	78	344	6	0.142533	40307.7	0.000344947	
2640	174	769	19.2248	14.2711	1008	15.8204	7	475	9	67	347	5	0.140603	40147.9	0.000381971	
2605	198	743	18.8011	13.8456	974	15.1413	7	479	17	76	343	5	0.150659	38510	0.000438982	
2686	192	772	19.2699	14.3869	966	16.7921	10	482	15	74	341	6	0.155622	38704.7	0.000334336	
2577	172	769	17.4877	14.3392	1035	16.2337	10	486	11	77	345	6	0.143133	39306.7	0.00049456	
2577	172	766	17.4877	14.1852	1035	15.9994	8	486	15	77	345	6	0.142574	39511.6	0.000495786	
2577	172	766	17.4877	14.1852	1035	15.9994	8	486	15	77	345	6	0.142574	39511.6	0.000495786	
2577	172	766	17.4877	14.1852	1035	15.5904	8	486	15	77	345	6	0.142574	39511.6	0.000495786	
2653	172	771	19.0937	14.4362	1040	14.5852	9	488	8	77	343	4	0.14104	39440	0.000381098	
2689	192	758	18.9496	14.4584	978	13.7798	8	466	10	68	336	5	0.154247	38678	0.000308928	
2619	198	759	19.2755	14.4594	1040	12.7848	9	485	19	73	346	4	0.152882	37341.1	0.000429	
2619	197	759	19.2755	14.4594	1040	12.7848	8	489	19	73	346	4	0.152242	37363.4	0.000430478	
2640	171	756	19.2248	14.3745	1008	15.6626	10	475	9	61	347	5	0.136329	41306.4	0.000372162	
2679	174	767	18.9918	14.2612	1017	16.6709	8	478	15	77	336	6	0.143701	39733.9	0.000332889	
2690	198	754	18.8011	14.3084	992	16.3493	10	482	17	73	343	4	0.158028	37952.6	0.000340368	
2589	174	767	17.4877	14.1852	1004	15.9589	8	468	17	77	332	6	0.144731	39568	0.000404531	
2589	174	767	17.4877	14.1852	985	15.8513	8	470	17	77	335	6	0.144731	39617.6	0.000417885	
2653	163	750	19.1835	14.298	977	15.3623	10	470	17	64	341	6	0.131552	42009.8	0.000347464	
2653	163	750	19.1835	14.298	1001	15.3623	10	470	19	64	341	6	0.131552	41761.6	0.000347947	
2653	163	750	19.1835	14.298	1004	15.3623	10	470	19	64	342	6	0.131552	41710.5	0.000351	
2577	172	743	17.1236	14.3392	1035	16.2337	10	484	8	77	349	6	0.140059	39275.2	0.000528262	



#Generation 2 / 2
currentGen	2
evaluateCount	300
totalTime	68862.3
firstFrontCount	88
frontCount	2
avgEvalTime	2232.24
#end
Var1	Var2	Var3	Var4	Var5	Var6	Var7	Var8	Var9	Var10	Var11	Var12	Var13	Obj1	Obj2	Obj3	
2693	190	755	18.7131	13.4578	994	14.026	7	487	6	66	333	4	0.153845	40411.6	0.000297708	
2693	190	755	18.7131	13.4578	994	14.026	7	487	6	66	333	4	0.153845	40411.6	0.000297708	
2689	195	760	18.9496	13.8341	988	12.5265	10	466	9	68	337	5	0.156618	39219.6	0.000308452	
2687	197	731	18.8175	13.6316	978	14.1051	9	475	11	79	340	4	0.152403	38936.5	0.000342231	
2647	191	742	19.2264	13.6683	1010	13.7606	8	488	13	70	335	6	0.146688	39354.7	0.000348311	
2647	191	742	19.2264	13.6683	1010	14.4713	8	488	13	78	335	6	0.146688	39137.8	0.000363108	
2647	191	742	19.2264	13.6683	1010	14.4713	8	488	13	78	335	6	0.146688	39137.8	0.000363108	
2640	193	741	19.2264	13.6683	1010	14.4713	8	488	12	80	335	6	0.147343	38904.2	0.000374392	
2700	165	766	18.9168	14.2405	1028	15.8382	8	484	10	80	342	5	0.138817	40530.6	0.000338295	
2700	165	763	19.1555	14.2405	1028	15.8382	8	484	11	80	342	5	0.137652	40550	0.000339328	
2605	191	741	19.253	13.6842	999	14.5663	10	470	20	73	333	6	0.144079	39200.7	0.000385356	
2515	195	733	17.7004	13.6536	994	14.026	6	482	7	71	333	5	0.146184	38213	0.000512821	
2515	195	753	18.7131	13.6536	994	14.026	7	487	6	66	333	4	0.146009	38401.4	0.000487329	
2622	198	743	18.8011	13.8456	974	15.1413	7	478	17	72	332	5	0.151672	38604.6	0.000363901	
2619	197	737	18.9491	13.8343	1015	14.1407	7	489	19	65	332	4	0.14904	38673.2	0.000358038	
2690	198	769	19.2699	14.3869	962	16.7921	10	473	15	74	341	6	0.159231	38317.6	0.000329707	
2696	193	769	18.7689	14.3869	962	16.7921	10	471	17	77	341	6	0.158213	38395.8	0.000329598	
2696	193	769	18.7689	14.3869	962	16.7921	10	471	17	77	341	6	0.158213	38395.8	0.000329598	
2690	193	769	19.2699	14.3869	962	16.7921	10	471	15	76	341	6	0.155918	38527.3	0.000332447	
2679	174	767	17.4877	14.3091	1004	16.6709	8	468	15	77	335	6	0.149995	39522.5	0.000326904	
2577	172	763	17.1236	14.3392	1035	16.2337	10	486	11	77	349	6	0.143829	39269.4	0.000523013	
2688	174	746	19.0799	14.4044	1037	15.798	8	466	11	64	332	5	0.139636	40575.6	0.000297265	
2577	172	771	17.4877	14.3392	1035	16.1535	9	486	11	77	345	6	0.143505	39335.5	0.000493827	
2577	172	769	17.4877	14.3392	1035	16.2337	10	486	11	77	345	6	0.143133	39306.7	0.00049456	
2653	172	771	19.0937	14.4362	1040	14.5852	9	488	8	77	343	4	0.14104	39440	0.000381098	
2689	192	758	18.9496	14.4584	978	13.7798	8	466	10	68	336	5	0.154247	38678	0.000308928	
2653	163	750	19.1835	14.298	977	15.3623	10	470	17	64	341	6	0.131552	42009.8	0.000347464	
2653	163	750	19.1835	14.298	1001	15.3623	10	470	19	64	341	6	0.131552	41761.6	0.000347947	
2653	163	750	19.1835	14.298	1004	15.3623	10	470	19	64	342	6	0.131552	41710.5	0.000351	
2577	172	743	17.1236	14.3392	1035	16.2337	10	484	8	77	349	6	0.140059	39275.2	0.000528262	
2594	180	765	18.0715	14.4362	1039	14.5852	9	488	12	77	343	4	0.146026	38525.9	0.000460617	
2700	192	768	19.8724	14.3869	971	15.6145	10	473	13	74	343	6	0.153717	38916	0.000326904	
2653	172	771	18.8202	14.3713	1040	14.5852	9	488	8	77	343	4	0.142305	39424.7	0.000380662	
2673	191	756	18.7466	13.6683	1010	14.4713	8	487	11	77	336	6	0.152868	39074.2	0.000338066	
2695	198	741	18.8011	14.4539	990	14.1534	9	482	18	73	343	4	0.155601	37622.6	0.000338066	
2687	192	731	18.8175	13.6316	988	16.301	7	475	11	79	340	5	0.149252	39456.3	0.000342349	
2636	197	737	18.6668	13.8343	1015	14.594	7	489	19	65	332	5	0.151258	38818.3	0.000344353	
2700	165	764	18.9168	13.9429	1028	15.8382	9	484	10	79	342	5	0.138455	40858.5	0.000334672	
2515	195	733	17.7004	13.6536	990	14.026	10	483	16	71	333	5	0.146184	37964.7	0.000515464	
2673	166	763	19.1555	13.7473	1028	15.8382	8	474	11	80	342	5	0.136831	41104.1	0.000358166	
2688	178	746	18.7013	14.4044	1037	15.7756	8	466	20	64	332	5	0.144043	40096.2	0.000297974	
2577	172	762	19.1382	14.3879	1035	16.2337	10	486	11	77	349	6	0.135179	39446.8	0.00052521	
2619	198	761	17.2609	14.4107	1040	13.2822	9	485	19	73	346	4	0.16201	37152	0.000426621	
2515	195	730	17.685	13.6536	994	14.026	6	482	7	71	332	5	0.145583	38230.6	0.000507357	
2653	172	771	19.0937	14.4001	1040	14.5852	9	488	8	77	342	4	0.14104	39489.4	0.000377358	
2690	193	769	19.1493	14.423	962	16.7921	10	471	15	76	341	6	0.156567	38465.1	0.000332557	
2689	195	760	18.9496	13.3419	988	12.4965	9	467	12	68	337	5	0.156618	40074.2	0.000307314	
2679	174	767	17.4877	14.4936	1004	15.2992	8	468	15	77	335	6	0.149995	39277.9	0.000327654	
2700	172	769	17.4877	14.607	1033	16.268	10	486	17	77	344	5	0.150296	39208.8	0.000338983	
2680	199	772	19.2699	14.3869	972	16.7921	10	471	17	74	341	5	0.159904	38073.1	0.000337952	
2690	198	741	18.8011	14.4603	971	15.1413	7	479	16	73	343	6	0.155304	38019.5	0.000343171	
2647	191	742	19.2264	13.6683	1008	14.8682	8	488	13	70	335	6	0.146688	39447.6	0.000348189	
2571	197	750	19.0446	13.8652	945	16.4282	9	488	11	72	332	6	0.148812	38547.2	0.000423191	
2577	172	743	17.7049	14.3392	1035	14.1371	10	484	9	78	349	6	0.137722	39269.5	0.000536769	
2687	197	733	18.8175	13.6316	986	16.0638	9	475	10	78	340	4	0.15282	38912.6	0.000341413	
2679	174	767	17.4877	14.3091	1004	16.6709	8	468	15	77	335	6	0.149995	39522.5	0.000326904	
2633	173	769	19.2248	14.2711	1008	15.8204	7	475	9	67	347	5	0.139567	40186.8	0.00039032	
2577	172	771	17.4877	14.3392	1002	16.4588	9	486	11	77	340	6	0.143505	39356.5	0.000464037	
2492	195	749	19.5104	13.6536	1010	15.999	10	474	4	68	341	5	0.140909	38601.1	0.000609385	
2649	171	756	19.0802	14.3745	1008	15.6626	10	475	9	61	346	5	0.155304	38669.3	0.000341647	
2690	198	741	18.8011	13.9126	992	15.6649	7	480	18	73	344	5	0.155304	38669.3	0.000341647	
2527	191	759	19.2248	14.3745	1008	14.8743	10	487	9	61	347	5	0.142984	37948.9	0.000547046	
2700	191	742	19.1478	14.1507	1010	16.5496	8	488	13	70	335	6	0.150371	39168.7	0.00030931	
2614	198	759	19.4012	14.4594	1040	12.7848	9	486	19	73	340	4	0.151953	37332.7	0.000408163	
2647	191	742	19.2264	13.6683	1010	13.7606	8	488	13	70	337	6	0.146688	39319.8	0.000354233	
2577	172	763	17.1236	14.3392	1035	16.2337	10	486	11	77	349	6	0.143829	39269.4	0.000523013	
2605	191	743	18.8011	13.8456	974	15.1413	7	479	17	76	343	5	0.146287	38991.8	0.000438982	
2515	195	753	18.7131	13.6536	994	14.026	7	486	6	66	333	4	0.146009	38420.8	0.000486855	
2693	190	755	18.7131	13.4578	994	14.026	7	487	6	66	333	4	0.153845	40411.6	0.000297708	
2688	174	746	19.0799	14.3454	1037	15.798	8	466	19	73	332	5	0.139636	39565.6	0.000311236	
2700	215	758	18.9496	14.4584	1015	13.7798	8	466	10	66	336	5	0.17006	37202.3	0.000298864	
2653	163	744	19.1835	14.298	977	15.3623	10	470	17	64	341	6	0.130499	42009.6	0.000348918	
2619	197	733	18.9491	13.8343	1015	14.1407	7	489	20	65	332	4	0.148231	38662.5	0.000359195	
2483	210	759	18.068	13.7236	1003	14.3832	8	472	18	68	333	4	0.156888	37028.2	0.000556174	
2639	191	742	19.5287	13.6683	1010	14.4713	8	488	13	78	335	6	0.145628	39172.2	0.000373972	
2700	183	742	19.356	14.3869	962	16.7921	10	472	15	74	342	6	0.144647	39482.4	0.000329598	
2653	163	744	18.2806	14.298	1004	15.3623	10	470	17	64	342	6	0.134125	41450.3	0.000351494	
2577	172	766	18.2013	14.0569	1031	15.3333	8	486	15	77	344	6	0.139544	39681.9	0.000489476	
2627	198	743	18.8564	13.8456	974	15.1413	7	478	17	72	332	5	0.151976	38592.1	0.000360231	
2698	172	755	18.7938	14.0707	999	13.8475	7	485	20	70	335	5	0.141842	40567.2	0.000308737	
2694	174	766	17.9073	14.3091	1010	16.72	8	467	15	77	340	6	0.148786	39502.1	0.000328623	
2690	198	768	18.8503	14.6526	964	16.743	10	473	15	74	336	6	0.160968	37860.1	0.000317864	
2577	172	769	17.4877	14.3392	1035	16.2337	10	486	11	77	345	6	0.143133	39306.7	0.00049456	
2700	192	770	19.2699	14.3869	962	13.8435	10	472	15	74	341	6	0.156057	38612.8	0.000320821	
2640	193	741	18.703	14.1245	1003	12.7788	8	488	17	80	335	6	0.1498	38009.3	0.000380228	
2686	192	746	19.2699	14.3869	965	16.7921	10	482	15	74	343	6	0.15038	38688.6	0.000345901	
2678	163	748	19.1835	14.298	977	15.5363	10	469	17	64	341	6	0.132519	42374.2	0.000326371	
2675	165	763	19.1555	14.2405	1032	15.8382	8	484	11	80	343	5	0.136297	40476.2	0.000362845	
2492	180	755	18.1956	13.6536	994	14.3832	8	472	3	68	333	4	0.137615	39527.7	0.000536193	
2700	192	763	18.7962	14.4503	1004	16.1831	9	474	15	67	339	5	0.156563	38939.4	0.000308928	
2690	198	754	17.466	14.3084	992	16.3237	10	482	17	73	343	4	0.164353	37754.1	0.000339559	
2619	198	759	19.2755	14.4594	1040	12.7848	9	485	19	73	346	4	0.152882	37341.1	0.000429	
2638	161	767	19.2594	14.2597	1016	16.8374	9	487	15	64	337	5	0.131818	42014.4	0.000348918	
2640	171	756	19.2248	14.3745	1008	15.6626	10	475	9	61	347	5	0.136329	41306.4	0.000372162	
2640	174	769	19.2248	14.2711	1008	15.8204	7	475	9	67	347	5	0.140603	40147.9	0.000381971	
2542	192	748	17.3641	13.7302	1000	10.8566	10	476	18	79	334	4	0.150135	38268.9	0.000494315	
2690	198	771	18.5276	13.9494	974	15.1413	7	478	18	73	344	5	0.162889	38574.1	0.000334001	
2492	196	753	18.1956	13.6536	994	14.3832	8	472	3	68	332	4	0.147005	38251.6	0.000529381	
2690	198	754	18.8011	14.3084	992	16.3493	10	482	17	73	343	4	0.158028	37948	0.000340368	
2622	198	743	18.8011	13.8456	974	15.1413	7	478	17	72	343	5	0.151672	38616.9	0.00040404	
2605	198	743	18.8011	13.8456	974	15.1413	7	479	17	76	343	5	0.150659	38510	0.000438982	
2577	172	761	17.4877	14.1852	1035	15.9994	8	486	15	77	338	6	0.141644	39499.4	0.000457247	
2546	187	753	17.5663	13.491	1020	14.6986	7	476	7	76	335	6	0.147686	39201.3	0.000475737	
2556	187	749	17.6762	13.8652	945	16.4282	9	488	13	73	339	6	0.146899	38835	0.000481464	
2546	191	753	17.5663	13.3546	1020	15.8366	8	484	7	76	332	6	0.150177	38792.5	0.000462107	
2589	174	767	17.4877	14.1852	1004	15.9589	8	468	17	77	332	6	0.144731	39568	0.000404531	
2612	191	744	18.9626	13.3678	1015	14.5663	10	482	20	73	333	5	0.146286	39326	0.000379219	
2594	196	740	16.8159	14.0972	1014	10.8566	10	476	20	79	335	5	0.15715	37612	0.000423729	
2571	197	750	17.6762	13.8682	945	16.4282	9	488	11	71	332	5	0.154247	38186.8	0.000417188	
2640	174	769	19.2248	14.2711	1008	15.8204	7	475	9	80	347	6	0.140603	39895.4	0.000414766	
2619	198	755	19.2755	14.4594	1034	12.7848	9	485	4	73	346	4	0.152077	37418.1	0.000426985	
2621	204	743	18.3517	13.8456	974	15.1413	9	478	17	72	332	5	0.15723	37913.5	0.000363636	
2698	174	769	18.7938	14.4503	1037	16.1798	7	474	20	70	344	5	0.145785	39610.7	0.000326691	
2634	192	751	19.1139	13.8574	1018	11.7034	6	481	2	72	350	5	0.148968	39114.3	0.000417014	
2640	179	767	18.1458	14.3392	1036	16.2337	10	486	8	76	349	6	0.147834	38919.7	0.000417711	
2596	196	737	16.8159	13.6989	1001	13.0198	10	476	19	79	335	5	0.156636	38076.4	0.000422119	
2666	198	751	18.7151	13.8414	1020	15.0498	9	473	10	71	345	5	0.156589	38395.3	0.000358809	
2677	173	768	17.4877	14.1852	1004	16.4838	8	478	16	77	332	6	0.149418	39786.1	0.000321337	
2679	174	767	18.9918	14.2612	1017	16.6709	8	478	15	77	336	6	0.143701	39733.9	0.000332889	
2697	172	769	17.4877	14.3392	1035	16.2337	10	486	17	77	344	5	0.150122	39474.7	0.000341064	
2589	187	767	17.4877	14.1852	1004	15.9589	8	467	19	77	332	6	0.153044	38483.3	0.000404531	
2682	198	741	18.8011	13.9126	974	15.1413	7	478	18	73	343	5	0.154828	38734	0.000347343	
2673	191	756	18.7466	13.6683	1010	14.4713	8	487	13	78	343	6	0.152868	39061.4	0.000359712	
2698	172	761	18.7938	14.4503	1004	14.4894	7	474	18	72	339	5	0.142969	39831.3	0.00031837	
2698	174	768	18.7938	14.4503	1004	16.1831	7	474	20	70	339	5	0.145595	39880	0.000314169	
2647	191	742	19.2264	13.4879	1010	12.9855	8	488	12	78	335	6	0.146688	39413.4	0.000362188	
2581	174	767	17.4877	14.1852	990	15.8513	8	476	17	77	335	6	0.144263	39518.4	0.000430478	
2700	174	757	19.0663	14.4503	1004	16.1831	7	474	20	70	339	5	0.14236	40028.9	0.000314169	
2679	174	767	18.9918	14.2612	1012	16.6709	9	478	15	75	336	6	0.143701	39762.6	0.000329598	
2698	172	755	18.7938	14.4503	999	13.8475	7	485	20	70	338	5	0.141842	39991.8	0.000317158	
2594	196	737	16.8159	13.5067	1044	12.6772	10	476	13	79	334	4	0.156513	38362.6	0.000416493	
2691	198	754	19.0746	14.3733	992	16.3493	10	482	18	73	343	4	0.156816	37953.7	0.000338066	
2673	191	745	18.7466	13.6683	1010	14.6479	10	487	15	78	344	6	0.150644	38933.9	0.000365898	
2619	197	759	19.2755	14.4594	1040	12.8702	8	489	19	75	346	4	0.152242	37348.6	0.00043592	
2700	192	770	19.2699	14.3869	962	13.8435	10	472	15	74	341	6	0.156057	38616.9	0.000320821	
2686	192	772	19.2699	14.3869	966	16.7921	10	482	15	74	341	6	0.155622	38704.7	0.000334336	
2698	176	751	17.3163	14.4503	1015	14.5511	7	474	20	71	339	5	0.150501	39239.1	0.00031736	
2698	172	750	18.7938	14.4503	1004	16.1831	7	474	20	70	339	5	0.140902	40068.5	0.000318066	
2653	172	771	17.7253	14.4362	1040	14.7677	9	488	8	78	343	4	0.147338	39216.6	0.000380518	
2622	197	759	19.2755	14.4594	1040	14.1565	8	489	19	74	346	4	0.152422	37349.5	0.000425894	
2690	198	739	18.8011	13.9126	965	15.1413	7	478	13	73	343	5	0.154884	38921.7	0.000337838	
2698	174	768	18.7938	14.2543	1039	16.6489	7	474	20	72	339	5	0.145595	39824.1	0.000316556	
2588	196	737	16.8159	13.8652	1039	11.5005	10	476	13	78	334	4	0.156144	37942.8	0.000422833	
2694	192	768	19.2699	14.3869	966	17	10	473	15	74	341	6	0.155293	38733.5	0.000327011	
2690	198	741	18.8011	13.9126	992	16.3493	7	482	18	73	343	5	0.155304	38685.5	0.000339328	
2698	172	750	18.7938	14.4503	1004	16.1831	7	474	20	70	339	5	0.140902	40068.5	0.000318066	
2690	198	741	18.8011	13.9126	992	16.3493	7	482	18	73	341	5	0.155304	38707.6	0.00033389	
2622	198	749	18.8011	13.7636	974	15.1413	7	478	19	72	332	5	0.152897	38730.2	0.00036245	
2619	197	759	19.2755	14.4594	1040	12.7848	8	489	19	73	346	4	0.152242	37363.4	0.000430478	
2619	197	759	19.2755	14.4594	1040	12.7848	8	489	19	73	346	4	0.152242	37363.4	0.000430478	



