2626	462	731	23.7006	13.7942	915	12	7	489	19	46	349	6	0.310044	35973.9	0.000176025	
2494	420	732	16.3264	15.4944	1019	18	8	461	17	77	334	6	0.29603	29982.1	0.000173853	
2597	257	758	12.5678	14.2363	905	12	4	463	16	68	316	6	0.238066	36414.3	0.000161394	
2314	275	744	21.4828	14.7712	928	14	7	479	14	70	314	5	0.170345	35422	0.000189358	
2562	165	731	17.4755	15.7585	951	15	5	483	5	60	335	6	0.131029	38469.2	0.000178699	
2684	319	732	12.2394	11.545	1026	12	9	467	19	54	310	5	0.284863	38510.4	0.000143246	
2546	289	743	22.4624	13.5116	982	17	6	483	15	55	328	4	0.193185	38496.5	0.000171057	
2322	312	764	24.0102	10.7794	985	14	4	470	3	72	316	5	0.192126	54775.2	0.00016975	
2366	341	738	19.8112	14.1353	1012	14	5	467	18	46	341	5	0.218063	34894.1	0.000176118	
2698	131	747	11.5998	15.7714	901	16	9	486	2	56	313	6	0.172874	47605.2	0.000175009	
2473	464	734	13.957	10.8732	920	17	7	476	3	74	331	5	0.344666	37074.1	0.000143926	
2505	261	729	13.5987	10.7399	928	12	7	461	18	78	325	5	0.212463	40206.8	0.000142755	
2435	460	743	11.668	14.6815	958	12	6	463	3	78	348	5	0.373291	33460.6	0.000164528	
2324	194	743	22.3179	10.0924	906	11	8	482	13	58	327	5	0.1216	57844.5	0.000164258	
2598	176	759	12.7527	12.2109	994	16	4	488	16	59	322	5	0.181398	43759	0.000145497	
2423	303	751	22.2644	14.769	997	13	9	476	7	78	344	5	0.194892	34501.1	0.000177904	
2549	335	735	14.5187	12.8255	935	17	5	467	3	49	322	5	0.25824	35926.2	0.000158806	
2669	272	734	23.5732	15.8785	966	11	6	472	12	50	330	5	0.186028	33976.9	0.000185563	
2389	147	740	14.7817	12.545	976	11	6	484	1	77	337	5	0.127477	45474.7	0.000155448	
2531	195	748	24.4463	13.2808	978	12	7	479	14	56	318	6	0.130224	44998.1	0.000174216	
2315	454	771	21.9428	10.5923	939	13	8	464	14	44	333	5	0.292019	48199.8	0.000163613	
2612	386	770	23.3638	12.005	1005	12	4	482	10	59	345	5	0.270154	43972.3	0.000153374	
2547	444	765	18.6508	11.0975	936	17	4	475	3	79	336	5	0.320054	41904.3	0.000144175	
2488	124	759	10.6365	10.4287	978	11	9	485	14	46	333	5	0.175825	54509.1	0.000144342	
2689	360	765	16.807	12.5943	1024	11	5	465	8	73	340	4	0.283208	34965.7	0.000143349	
2460	311	746	19.8529	13.7678	944	13	4	490	3	44	319	4	0.209135	35925.1	0.000175162	
2496	236	773	23.805	10.3161	1011	12	7	476	19	57	349	5	0.15958	58485.1	0.000150852	
2580	367	752	20.4716	13.9992	927	11	10	465	1	62	344	5	0.256712	33320.8	0.000166639	
2376	248	748	24.7246	10.9384	1028	15	6	466	9	59	306	5	0.15215	58050.5	0.00017328	
2390	254	754	13.7771	11.7426	993	12	9	489	15	54	329	4	0.203894	38955.2	0.000148236	
2663	452	766	13.9109	13.5661	903	13	6	465	4	57	305	5	0.374706	33374.3	0.000158053	
2488	378	760	19.578	10.2016	910	13	7	480	8	73	336	6	0.261105	46025.5	0.000144655	
2513	230	730	19.1644	14.6728	964	11	6	465	6	58	326	5	0.160769	35472.2	0.000174368	
2650	307	772	19.5656	15.7462	936	15	6	480	14	43	313	4	0.230165	32548.1	0.000182916	
2567	438	742	21.7078	14.052	901	15	6	487	0	58	321	5	0.297155	34086.9	0.000174917	
2608	229	764	17.0704	10.2146	926	16	7	465	7	64	310	5	0.183526	48094.4	0.000141343	
2397	467	738	21.4825	11.132	943	11	7	481	11	57	332	5	0.298329	44350.7	0.000160643	
2572	354	772	13.134	14.2557	935	11	8	474	9	66	339	5	0.302204	32965.9	0.00015691	
2565	266	767	22.4938	11.5386	992	15	7	486	5	53	306	6	0.185629	47939.7	0.00015921	
2558	292	757	18.1707	13.8839	982	16	7	490	4	44	305	4	0.214038	35527.9	0.000171438	
2462	279	743	21.4526	13.7674	1016	17	10	466	3	68	305	5	0.183241	37100.4	0.000173491	
2512	444	749	15.9018	14.0286	1011	14	6	464	12	50	302	6	0.325374	32565.1	0.000168265	
2397	277	759	15.3884	14.418	959	15	8	473	0	53	321	5	0.207315	34161	0.000170619	
2379	429	746	23.3166	12.3471	1015	13	9	483	8	49	340	6	0.268518	42408.6	0.000172206	
2431	369	747	22.5025	14.6131	925	17	10	475	18	64	308	4	0.236846	33622.3	0.000186012	
2463	399	766	21.8494	11.9111	980	11	5	464	14	60	309	5	0.26773	42514.9	0.000161108	
2359	122	768	18.4084	15.5777	1005	15	9	486	20	40	343	5	0.09798	45123	0.000184672	
2696	311	749	22.0202	11.3671	975	17	7	485	15	63	312	5	0.221589	47246.3	0.000152091	
2333	350	758	20.9463	15.3445	1047	16	7	488	12	41	306	6	0.223043	33946.6	0.000195771	
2494	438	735	18.2844	13.7793	905	15	6	461	10	48	306	4	0.299735	33665.4	0.000175593	
2359	176	727	19.528	11.6912	981	16	7	476	9	45	325	6	0.118568	48447	0.000166085	
2650	208	735	18.4747	13.8419	963	12	10	462	2	46	308	5	0.159209	38526.5	0.000168919	
2529	121	772	20.9299	14.427	910	17	10	490	17	71	326	4	0.09708	46907.9	0.000174795	
2459	154	727	24.0871	11.8078	944	13	7	479	1	74	328	6	0.100121	54135.4	0.000169291	
2439	278	728	12.6566	13.9768	950	17	5	490	11	68	350	5	0.227605	35647.9	0.00016176	
2466	286	763	22.2731	10.6013	927	13	4	476	7	47	310	6	0.190397	53730.5	0.000160668	
2570	287	771	11.5602	14.4733	1010	14	5	478	6	45	311	6	0.277413	37251.3	0.0001638	
2329	197	728	16.6258	10.0797	1035	12	5	469	9	44	350	5	0.140125	53277.4	0.000143678	
2419	125	740	10.6953	13.0326	1014	15	5	462	16	76	327	4	0.166099	51218.6	0.00015949	
2630	235	740	21.1947	10.062	907	15	8	476	15	68	339	5	0.166876	55731.1	0.000144238	
2577	323	745	10.9239	14.6811	951	15	8	463	3	62	324	6	0.307265	36631.8	0.00016372	
2620	394	728	11.0933	10.5312	1020	18	8	464	14	44	306	5	0.351906	43421.4	0.000142776	
2432	362	762	18.7478	14.4402	935	16	10	486	2	55	318	5	0.248906	32668.2	0.000175439	
2539	416	743	13.0904	10.52	1016	12	6	477	5	66	324	4	0.331463	37869.1	0.000137174	
2613	140	740	13.5606	13.1852	914	13	5	463	16	52	330	6	0.146239	45753	0.000157928	
2473	378	763	16.4896	13.933	916	17	5	468	16	60	338	5	0.276048	32559.1	0.000164609	
2409	115	759	16.4435	12.7104	991	10	6	483	14	45	307	4	0.103319	50280.7	0.000168862	
2303	269	758	20.8438	13.1873	916	15	5	464	2	46	308	4	0.170922	39017.7	0.000182216	
2427	227	736	13.7656	15.3575	1005	14	5	466	2	77	335	5	0.18518	35897.8	0.000171497	
2425	166	756	24.819	11.0226	939	13	4	481	8	79	320	5	0.107649	59601.4	0.000167504	
2362	253	733	21.3717	15.2267	953	15	6	476	17	64	317	5	0.15823	35223	0.000190186	
2481	269	743	18.3748	14.4553	964	13	5	461	6	53	333	6	0.18881	34306.8	0.000171939	
2674	283	737	21.4585	14.556	1011	16	5	480	9	48	305	6	0.199672	36478	0.000177873	
2370	165	758	23.4158	13.0993	1005	11	10	476	14	41	340	5	0.107591	47341.6	0.000178126	
2348	310	741	18.1967	12.3933	962	11	6	461	18	66	347	4	0.204134	37507.9	0.000159008	
2668	418	754	16.6005	11.5457	1013	12	4	483	13	69	332	5	0.320833	36996.4	0.000139919	
2456	426	741	22.2181	14.7344	1028	14	8	489	9	42	343	5	0.275796	33541.5	0.000181917	
2442	499	736	19.7868	13.6299	958	11	4	473	4	69	319	6	0.330102	33854.6	0.00016952	
2594	328	734	24.3608	11.5919	1039	12	6	463	13	47	302	5	0.215079	52690.8	0.000166611	
2439	364	744	19.4102	10.1299	1037	16	8	484	8	65	329	5	0.242421	49316	0.000146606	
2410	199	748	13.4157	14.8267	1048	10	7	463	16	80	303	6	0.17305	38514.2	0.000169291	
2307	374	764	18.0121	15.3122	1035	15	5	467	4	42	305	5	0.248795	32837.2	0.000188182	
2676	242	746	24.7652	15.6735	1001	18	9	470	13	50	315	5	0.16719	36653.4	0.000189322	
2511	265	755	21.2578	13.5012	983	15	7	462	14	80	318	6	0.181476	37344	0.000166223	
2439	455	748	16.2014	11.3064	919	12	8	483	14	40	342	6	0.322439	37776.1	0.000150693	
2608	117	744	20.5651	14.3771	934	12	8	474	12	49	309	6	0.095706	47921.6	0.000179211	
2607	474	730	12.7334	10.5946	973	12	9	463	1	62	339	5	0.38073	37499.6	0.000134789	
2372	236	736	17.6523	15.4382	994	11	6	462	10	57	350	6	0.162177	34597.4	0.000179051	
2494	458	732	15.8501	15.5641	1038	16	8	470	19	45	337	5	0.325804	30202.3	0.000177841	
2633	259	762	22.5283	11.9348	983	18	7	470	12	54	338	5	0.183924	45940.2	0.000155763	
2497	378	774	14.9163	15.0268	1011	18	4	471	13	51	312	5	0.294016	32215.3	0.00017191	
2550	336	758	10.7133	12.0927	968	12	8	486	6	69	307	6	0.324581	38654.6	0.000147406	
2355	335	743	22.1014	13.0227	973	17	6	473	19	42	349	4	0.207993	39158.8	0.00017819	
2567	335	759	15.4153	13.7217	1022	10	5	489	13	49	320	4	0.26112	33620.4	0.000158128	
2407	203	742	12.2835	12.088	918	17	5	488	8	42	317	5	0.186406	43228.5	0.000157704	
2618	318	759	23.4045	10.3288	946	10	5	482	14	75	329	4	0.21964	54652.1	0.000147406	
2669	420	739	18.1549	15.9087	1007	17	7	474	11	51	337	5	0.30691	29782.5	0.000177117	
2559	223	732	17.1336	12.1748	1018	16	8	464	0	62	315	6	0.168201	40498.9	0.00015328	
2692	215	765	23.4417	13.5852	1033	18	7	482	12	41	322	5	0.157281	43736.3	0.000171527	
2508	249	772	22.443	15.0945	956	15	9	488	13	48	333	4	0.171728	35315.3	0.000181357	
2463	367	772	22.1643	12.9073	1014	13	10	490	17	56	323	4	0.247065	38432.8	0.000165371	
2614	453	771	18.3743	13.5932	922	17	7	466	18	71	344	5	0.338291	32710.3	0.000157729	
2569	366	731	16.1098	11.6517	1008	12	9	485	8	60	335	6	0.267476	36602.4	0.000145201	
2544	330	741	16.8464	14.2828	1033	16	4	480	9	58	306	6	0.240486	33382.1	0.00016818	
2430	198	742	15.6354	13.2793	984	13	6	475	13	78	336	5	0.154823	39050.7	0.000157953	
2633	154	728	11.2637	10.9834	949	12	4	476	2	46	332	6	0.18483	49814.4	0.000140607	
2690	328	775	18.3031	13.0928	950	13	7	462	18	43	322	6	0.255066	36506.5	0.000157978	
2458	345	766	23.2935	15.5867	929	12	9	478	10	65	341	5	0.227198	32271.6	0.000186081	
2381	282	746	24.4908	13.7203	1004	16	6	476	11	46	328	5	0.172504	40653	0.000188786	
2471	435	762	15.4005	12.7253	958	16	8	473	14	78	339	5	0.323231	33083.6	0.000150989	
2344	256	755	16.8907	10.302	934	17	4	486	2	67	325	4	0.180047	46604.6	0.000148943	
2529	149	759	18.9938	10.3359	908	11	4	473	17	65	326	6	0.118584	55904.1	0.000146071	
2339	463	730	17.755	10.8589	984	10	9	485	18	79	325	5	0.299867	40920.4	0.000155304	
2340	303	754	21.4433	10.4978	999	14	5	488	12	58	347	5	0.1917	53349.1	0.000155836	
2481	436	752	18.3083	14.0804	955	12	7	486	8	45	322	5	0.30315	32534	0.000171409	
2461	433	745	15.8526	12.1627	921	12	5	473	5	52	321	4	0.310159	35427.6	0.000155172	
2498	383	737	21.7761	10.4445	959	10	5	460	4	46	313	4	0.250881	52159.9	0.000157307	
2355	340	770	24.0907	11.3271	972	13	7	468	1	57	309	4	0.214191	48471.8	0.000172265	
2682	272	773	21.4362	10.0441	1002	16	8	477	4	71	311	5	0.20241	54300.2	0.000141263	
2656	443	745	14.7703	13.6518	1037	17	8	470	17	58	345	4	0.34755	31861.6	0.000152253	
2513	387	734	15.048	11.1263	948	13	7	461	11	51	312	4	0.285275	38476.8	0.000148898	
2362	483	772	22.2807	14.3696	926	13	5	460	6	68	331	5	0.316582	33530.8	0.000180668	
2476	215	750	21.4232	14.5744	986	16	8	464	10	54	305	4	0.146301	37839.4	0.000181455	
2379	369	747	20.4161	11.5407	901	14	6	488	18	56	301	5	0.237972	42323.4	0.000168294	
2635	489	728	16.7549	13.4948	1003	16	8	482	7	63	306	4	0.356238	32269.3	0.00016129	
2692	214	755	24.4324	11.1147	929	13	10	472	5	46	320	5	0.152571	56429	0.00015873	
2352	274	730	19.2194	10.0659	986	16	5	473	11	42	325	5	0.17623	54456	0.000156226	
2389	435	774	22.6956	13.036	942	16	5	489	12	64	309	4	0.285913	38023.7	0.000174948	
2402	443	771	20.4945	14.3511	934	15	9	472	20	44	316	5	0.298062	33244.1	0.000181851	
2324	390	753	17.9404	14.9799	1029	16	6	474	15	44	305	5	0.257944	32864.6	0.000186567	
2510	489	761	14.6779	11.7487	1028	17	8	468	2	74	329	6	0.373581	34717	0.00014298	
2324	334	739	22.416	11.1459	966	13	9	480	4	53	307	5	0.203084	48190.2	0.000172622	
2528	168	732	17.1412	15.4486	983	10	4	484	9	55	339	5	0.132862	38777.2	0.000174338	
2513	385	769	14.9303	13.9007	1046	11	8	472	6	51	338	6	0.298104	32422.6	0.0001554	
2375	412	735	24.8854	14.8136	964	16	7	484	7	43	330	6	0.249753	35330.1	0.000201572	
2378	273	762	10.5878	15.6779	1015	14	5	475	10	80	343	6	0.266437	38787.7	0.000168805	
2572	261	772	17.1923	11.3907	959	16	7	483	20	78	327	6	0.203626	40188.1	0.00014339	
2346	121	740	18.7029	13.1858	1035	14	7	476	14	41	340	4	0.092226	49618.9	0.000172682	
2491	203	743	19.9265	11.0177	942	12	5	470	18	59	320	4	0.142763	48880.7	0.000153116	
2688	263	767	19.2299	12.2597	1032	16	7	484	18	57	317	5	0.202539	40516.7	0.000149835	
2661	381	744	21.0243	15.7246	981	14	6	462	4	44	323	4	0.269078	31746.9	0.000183587	
2666	357	725	10.4558	11.2508	968	11	4	482	7	71	322	5	0.345075	39806.9	0.000139237	
2320	120	730	18.9106	11.4465	1026	17	10	475	4	49	327	6	0.088266	56346.3	0.000168606	
2439	284	757	23.76	10.9694	1007	15	7	487	8	47	332	5	0.182421	53032.7	0.000164312	
2431	421	775	24.7147	10.7622	935	10	8	463	8	75	327	5	0.275916	48971.1	0.00016292	
2383	276	773	11.8604	12.8246	1029	10	8	489	6	45	334	6	0.246994	38017.3	0.000150308	
2544	460	735	21.3164	12.0776	963	11	9	479	15	72	303	6	0.308763	39105.5	0.000161525	
2499	402	762	22.4669	10.939	969	15	10	485	18	63	329	6	0.270548	46910.4	0.000154416	
2314	454	745	10.5457	14.4769	923	11	8	468	6	56	320	5	0.378978	36823.1	0.000170823	
2544	167	734	11.4194	11.9391	1015	12	8	481	16	73	315	5	0.185328	45496.2	0.000147145	
2509	230	767	22.1544	13.342	939	15	5	474	8	62	350	6	0.159232	39845.8	0.000165755	
2692	194	751	10.7715	14.5413	990	17	10	488	8	40	327	4	0.233189	43560.8	0.000163345	
2388	230	730	21.213	14.4911	981	13	9	477	19	76	318	5	0.146437	37237.2	0.000181192	
2439	349	765	21.1881	10.7532	1023	10	6	482	16	55	337	6	0.233249	49473	0.00015006	
2397	152	736	15.2502	11.7225	1039	10	8	465	17	47	325	6	0.127445	47080.9	0.000152045	
2442	119	736	15.9676	12.002	934	17	8	489	9	78	300	5	0.106665	50063	0.000166806	
2620	193	772	21.4489	14.9587	986	16	6	467	6	63	341	5	0.145293	37996.4	0.00016975	
2461	445	756	24.8678	11.2222	1024	15	5	474	8	64	340	4	0.288018	51047.4	0.000162813	
2629	436	743	16.451	13.4334	1005	16	9	472	9	78	329	6	0.325791	32044.8	0.000154226	
2411	349	754	24.452	10.5154	975	14	5	487	18	58	339	4	0.219569	55677.2	0.000163988	
2548	204	747	22.66	11.1772	946	14	6	484	20	46	312	5	0.140205	53694.9	0.000162787	
2450	489	774	19.6555	15.1606	960	15	10	477	19	69	324	5	0.341465	30541.1	0.000175193	
2655	179	745	24.8826	12.4141	999	17	10	480	2	41	331	5	0.125192	51687.3	0.000169062	
2685	398	758	17.8497	11.5594	1044	14	4	481	10	42	345	5	0.302375	40696.1	0.000142694	
2392	146	741	13.4265	13.912	910	12	6	486	9	70	330	6	0.138042	44360.2	0.000166279	
2346	491	767	10.7597	12.7972	949	15	5	477	12	64	322	4	0.416978	37213.2	0.000154488	
2506	263	730	16.8981	12.7053	983	16	8	486	1	49	323	6	0.190173	37578.4	0.000160643	
2616	281	742	10.8864	14.4454	976	12	7	465	15	55	347	4	0.280866	37702.9	0.000157878	
2632	351	752	19.7576	14.3598	914	17	4	469	4	77	303	5	0.252354	33871.6	0.00017001	
2555	361	768	10.8393	14.9011	979	16	5	476	14	78	322	4	0.344619	35587.1	0.000160617	
2323	352	765	20.3679	12.0718	1042	14	10	462	4	71	346	6	0.227412	41498.3	0.000158253	
2418	161	767	21.7728	11.625	934	13	9	485	11	63	314	5	0.113088	50764.8	0.000162681	
2619	277	747	16.9849	11.6742	1001	17	9	482	5	68	307	4	0.211787	39017.3	0.000149031	
2376	158	754	11.1004	14.934	1008	17	7	480	18	62	314	6	0.177982	45828.4	0.000171497	
2315	230	774	15.4755	11.8549	918	17	5	470	18	60	331	5	0.174455	40359.9	0.000153965	
2579	112	751	10.4811	14.9629	951	17	5	477	19	42	303	4	0.176227	55181.3	0.000179953	
2573	339	731	21.9437	13.7071	911	11	5	484	2	50	312	4	0.225701	36481.9	0.000175623	
2643	379	762	19.758	13.0976	949	15	5	464	0	79	349	4	0.276686	36123.1	0.000154679	
2487	363	740	21.318	13.3487	964	12	9	487	15	56	347	5	0.238953	35800.9	0.00016675	
2513	482	738	13.7513	15.566	910	12	8	466	13	72	325	5	0.366519	30579.3	0.000175439	
2618	193	755	11.6869	13.0946	1026	17	7	468	13	77	325	6	0.208589	41623	0.000147232	
2379	144	740	15.9463	12.5245	947	16	5	472	6	52	305	5	0.11825	46203.2	0.000165289	
2413	162	725	14.2539	13.3049	1031	10	9	464	17	72	346	4	0.138551	42761.1	0.000156079	
2502	262	734	18.6278	13.6373	932	14	10	475	14	56	302	5	0.182465	36133.8	0.000172147	
2621	239	729	17.6666	12.201	1011	14	9	485	4	45	341	5	0.179284	40078.7	0.000151699	
2306	458	751	18.1678	13.6387	1014	17	6	463	15	53	342	5	0.299378	34183.1	0.000169348	
2631	171	731	23.1983	10.2645	1003	16	7	471	20	56	322	4	0.120528	64541.2	0.000152323	
2430	226	770	13.7054	11.8641	961	16	5	486	2	58	302	6	0.193926	40601.5	0.000153022	
2580	186	759	18.3594	15.1041	984	17	7	471	10	50	346	5	0.146629	37368.5	0.000171674	
2402	272	760	16.0349	11.091	1028	15	6	467	4	61	322	5	0.200554	41605.9	0.000146263	
2328	439	759	12.0498	15.1504	930	15	7	465	0	71	338	5	0.345396	33616.6	0.000172176	
2323	334	734	20.9292	13.2057	938	17	9	487	1	47	337	5	0.205286	37098.2	0.000180018	
2611	301	746	19.1686	15.1346	1001	14	6	481	8	63	344	6	0.217244	32138.6	0.00016909	
2660	476	766	10.0204	10.0185	913	12	4	473	7	62	346	5	0.474349	42696.2	0.000126072	
2435	444	742	12.0718	13.0468	1028	13	8	479	9	59	347	4	0.353703	34227.6	0.00014997	
2412	279	754	23.1645	12.8146	966	16	7	486	9	60	324	4	0.177891	41281.6	0.000173461	
2334	127	769	13.4975	15.1696	1007	17	10	464	8	79	332	6	0.127872	46781.9	0.0001731	
2493	106	756	13.4664	13.1646	1009	15	8	473	5	57	301	5	0.122736	51054.4	0.000171321	
2683	138	727	23.2935	11.4816	901	17	5	486	2	54	330	5	0.102532	61922.5	0.000161812	
2567	359	747	12.0964	14.5116	936	15	9	463	19	41	342	6	0.31013	34864.3	0.000167364	
2320	318	772	14.8221	14.8388	990	16	9	461	6	66	324	6	0.235172	33294.8	0.00017135	
2599	327	740	13.8416	15.3194	967	17	5	486	1	76	345	5	0.265667	31934.1	0.000166058	
2348	171	760	22.4704	10.209	1014	18	6	479	7	49	339	5	0.112495	64424.1	0.000160565	
2412	333	746	11.381	10.1442	974	12	6	469	3	56	335	4	0.287298	41020.9	0.00013541	
2567	277	747	12.6286	11.1592	992	12	7	488	14	67	348	6	0.244964	38598.7	0.000135391	
2543	479	728	14.0307	15.9201	1016	14	8	473	8	49	319	4	0.360299	30383.8	0.000179083	
2489	233	774	18.3317	15.0778	961	14	9	490	10	77	337	5	0.173856	34482.3	0.000169119	
2688	430	773	19.6952	12.2774	971	17	4	465	9	62	303	5	0.324018	39416.5	0.000153092	
2656	144	747	14.2035	15.9115	991	12	5	476	17	73	342	4	0.146758	42154.4	0.000168748	
2518	450	731	22.8453	15.3987	933	11	7	485	9	57	325	4	0.29256	31488.6	0.000186846	
2353	448	755	13.9795	15.1888	909	14	8	470	8	61	345	6	0.327814	31576	0.000175408	
2328	212	744	22.9701	12.5198	936	15	7	487	19	73	335	5	0.131048	44904.9	0.000176367	
2660	126	742	10.065	14.9686	976	13	5	476	6	43	304	4	0.200567	53647.7	0.000172117	
2464	149	747	23.4841	12.1218	918	15	9	470	1	46	304	5	0.101415	52572.4	0.000177179	
2483	367	760	18.5704	13.7722	1032	15	9	474	3	43	336	5	0.257779	33979.2	0.000165207	
2568	361	752	20.7266	13.0289	973	14	10	472	2	50	334	6	0.25012	36673.3	0.000162443	
2688	186	763	18.7615	12.4177	977	14	8	482	6	44	341	5	0.151905	43462.6	0.000151012	
2610	172	730	23.5774	15.2581	1050	17	4	476	20	60	344	4	0.119311	41482.7	0.000178412	
2695	469	753	16.4719	12.0271	1008	10	6	488	11	59	325	5	0.362557	35138.9	0.000143616	
2680	493	751	24.8888	12.7351	964	12	5	485	15	61	341	5	0.344444	41012.5	0.000161812	
2521	185	754	12.1414	10.3133	1002	15	5	472	13	62	306	4	0.188959	46972.7	0.000140095	
2300	267	749	12.398	14.001	903	11	10	489	1	60	343	4	0.218303	37167.2	0.00016675	
2634	425	756	10.0336	12.2783	1036	15	6	479	5	63	349	6	0.422576	38349.5	0.000137024	
2413	373	743	24.8039	10.5039	938	16	5	476	16	70	307	5	0.23063	54973.8	0.000170416	
2440	291	754	12.1871	15.432	996	11	7	488	16	67	323	5	0.251341	35051.3	0.000169607	
2528	200	741	23.662	15.3113	1019	17	5	476	13	77	333	5	0.133084	38735.4	0.000181225	
2596	427	755	11.275	15.5341	908	14	5	471	16	50	344	5	0.382891	34275.1	0.000171086	
2451	200	738	21.5087	10.2992	1003	15	8	489	8	50	344	6	0.133615	57463.6	0.000152835	
2484	136	753	12.8107	13.1901	953	13	8	475	16	48	334	4	0.146622	46296.5	0.000157928	
2620	371	772	11.3734	15.4506	976	15	6	462	17	46	319	5	0.348948	35347.6	0.000169693	
2699	307	775	13.398	12.388	1004	11	8	473	16	55	316	6	0.278112	36402.4	0.00014339	
2587	265	730	21.0184	13.8238	911	11	10	475	0	42	307	6	0.181327	37579.4	0.00017838	
2486	324	750	11.0168	15.3859	943	12	8	474	7	66	347	5	0.29827	35754.3	0.000167645	
2413	182	747	10.4088	15.2571	992	12	7	462	17	58	327	5	0.209234	44227.1	0.00016975	
2572	249	729	16.8453	10.2871	1011	10	10	482	19	61	312	5	0.186492	45435.2	0.000143781	
2604	497	743	21.2929	10.6603	990	13	8	468	2	58	332	4	0.345601	46852.4	0.000146864	
2481	361	766	14.6212	12.4142	1033	16	5	483	6	51	300	5	0.279305	36395.1	0.000155328	
2475	222	740	13.6377	15.6201	1029	13	7	477	10	51	349	4	0.187806	35803.2	0.000170999	
2645	113	742	21.2312	13.8662	925	18	7	468	12	77	345	5	0.092843	50473.4	0.000174125	
2477	225	728	21.3069	10.7917	953	13	9	461	17	52	313	5	0.14858	51109.3	0.000159821	
2592	181	736	24.645	13.5594	946	18	9	466	0	68	343	4	0.122337	44252.5	0.000173521	
2316	339	755	17.7465	10.045	1003	18	9	463	7	50	328	5	0.225436	47737.5	0.000149432	
2420	419	765	21.7164	12.1066	908	16	10	465	2	77	324	6	0.277548	38820.8	0.000163881	
2624	175	737	10.8128	13.6538	1017	14	4	490	10	53	309	5	0.209325	45184	0.000157704	
2530	400	733	15.3518	10.8637	1028	13	6	460	16	60	327	6	0.292945	39133.5	0.000141703	
2589	367	734	18.2574	15.7593	989	16	10	487	4	41	323	4	0.26	30907.8	0.000184298	
2489	480	737	15.7963	12.5886	1025	17	7	471	19	70	337	6	0.343827	33641.6	0.000151378	
2504	417	748	22.738	12.3426	1011	18	7	473	4	53	306	5	0.275655	42415.2	0.000169837	
2432	237	766	17.9753	13.1267	1016	11	8	470	7	63	343	4	0.172456	37857.8	0.000155545	
2569	461	735	14.4743	12.9791	1033	14	6	476	11	57	301	5	0.348847	33676.2	0.000157604	
2503	253	728	15.3787	11.4055	931	17	6	462	8	71	308	6	0.192084	40227.1	0.000152138	
2428	232	735	21.5082	10.4198	1043	11	6	481	3	60	336	6	0.150541	57875	0.000152068	
2593	400	745	13.5924	13.1251	933	17	8	484	16	59	315	5	0.321398	34090.1	0.00015706	
2695	408	766	20.5913	13.572	1013	14	9	462	19	44	327	5	0.301666	35531.5	0.000162206	
2343	390	756	21.7445	13.3997	1022	15	10	486	10	72	324	6	0.247314	37551.7	0.000173551	
2429	490	739	11.0925	14.5073	1025	17	6	484	11	59	341	6	0.404237	34416.8	0.000163026	
2331	383	737	15.9834	11.6087	1025	18	8	481	19	68	328	5	0.259136	38085.9	0.000154799	
2554	245	745	15.5305	12.8104	976	17	5	470	11	59	313	5	0.194027	37787.3	0.000156593	
2651	124	747	11.2639	13.3794	981	16	5	478	9	74	333	5	0.171244	49769	0.000156593	
2439	201	773	14.473	10.9504	954	16	8	481	0	55	345	5	0.172094	43302	0.000139665	
2539	219	731	15.8253	14.9061	1047	17	5	470	5	53	349	5	0.171244	35776.5	0.000167308	
2600	437	733	23.5465	10.6307	1012	16	8	464	9	60	327	6	0.291265	53223.3	0.000154083	
2571	422	752	24.3384	10.4001	981	12	7	481	4	64	316	6	0.283031	55117.8	0.000154799	
2353	141	773	12.2935	10.9152	923	11	7	480	17	72	336	5	0.151401	49216.2	0.000145497	
2583	483	750	14.5758	14.7389	935	12	7	479	12	45	306	5	0.373454	31694.2	0.000172771	
2594	265	766	24.0267	12.3944	908	15	8	470	10	49	347	5	0.182768	43886.8	0.000165975	
2516	188	730	10.9025	14.9171	1016	12	9	481	13	80	302	5	0.205508	42206.7	0.000168039	
2496	333	729	19.9023	10.3138	984	16	7	479	4	66	319	4	0.221255	48391.3	0.000150038	
2451	205	737	19.3439	13.1376	962	12	9	486	6	65	339	6	0.142765	39994.5	0.000162999	
2668	254	733	21.9513	10.6829	924	13	9	477	12	77	329	4	0.17798	50966.4	0.000148038	
2624	344	749	14.0266	11.5486	972	12	4	465	5	48	330	6	0.2813	37951.4	0.000142531	
2624	421	760	22.8907	14.6865	931	18	5	480	4	50	317	4	0.294332	34549.1	0.000180668	
2503	480	745	18.767	13.6392	1007	13	9	488	15	51	340	4	0.331831	32729.8	0.000163185	
2502	344	760	15.7501	14.3721	1033	10	5	486	8	56	348	6	0.258919	32389.3	0.000159134	
2692	193	730	15.7687	13.0016	986	18	7	472	20	50	333	6	0.165162	40507	0.000155982	
2568	220	752	10.0219	15.3027	961	12	10	474	6	43	329	4	0.26115	42730.4	0.000169233	
2329	332	739	15.4288	14.3489	1029	13	10	489	4	71	331	6	0.230602	33916.5	0.000169291	
2541	381	762	15.7765	11.509	906	14	8	468	10	50	315	5	0.289396	37966.8	0.000149589	
2657	444	735	15.9864	15.3273	938	18	8	465	17	66	327	5	0.334663	30040.2	0.000171969	
2316	193	743	19.5018	15.9166	931	16	9	474	3	72	324	4	0.128399	36780.1	0.000191828	
2650	354	730	23.6266	10.2101	906	18	8	471	10	71	302	5	0.237078	58835.5	0.000156104	
2581	284	754	15.0863	11.0238	960	17	5	471	6	43	326	6	0.228294	42854.2	0.000144781	
2662	389	744	14.4703	14.1503	1032	17	4	474	3	50	344	4	0.310743	32510.4	0.000157828	
2349	317	741	15.7306	14.7492	1026	15	7	479	4	65	334	5	0.221112	33251.2	0.000171262	
2439	246	734	21.9304	12.956	953	16	5	485	16	74	319	5	0.158183	40947	0.000171086	
2645	286	754	20.4296	15.7655	982	15	7	488	17	47	309	4	0.20747	32910.6	0.000183554	
2601	180	774	20.6446	11.0526	1029	17	10	477	11	47	326	5	0.138768	52224.6	0.000148876	
2366	298	752	12.9821	13.739	904	13	7	470	12	54	307	6	0.237913	35805.4	0.00016889	
2556	364	759	21.1684	15.0531	977	11	6	485	3	53	348	6	0.252058	32159.1	0.00017304	
2389	500	728	16.3822	12.426	960	11	7	478	20	49	318	5	0.33781	34935.3	0.000161996	
2417	175	726	16.7411	11.4618	1030	14	9	489	12	45	346	5	0.131878	46162.1	0.000150557	
2653	270	755	11.0615	15.5486	996	11	8	472	2	49	312	4	0.277538	37666.1	0.000168606	
2581	402	752	18.3023	13.7834	1048	15	8	487	11	53	348	5	0.289547	32807.5	0.000157853	
2541	388	759	13.1914	10.4897	941	17	7	474	9	71	333	5	0.317686	38506.2	0.000135999	
2364	273	750	15.63	12.8822	951	16	6	481	10	69	347	5	0.197887	36197	0.00015706	
2661	187	769	11.2404	12.7924	903	16	5	465	4	68	311	5	0.220785	44102.7	0.000149076	
2607	300	770	10.8678	12.6205	986	15	9	464	6	40	348	6	0.305197	39775.5	0.000144865	
2601	156	742	12.2701	12.9803	1021	15	8	479	15	74	331	4	0.171294	44467.4	0.00014828	
2529	165	770	11.1601	12.0312	987	14	9	476	5	68	307	5	0.196844	46690.2	0.000146563	
2554	192	734	12.4953	10.8976	930	18	4	489	1	79	315	5	0.186069	44869.3	0.000144113	
2645	459	734	19.9108	15.6474	1046	11	5	482	1	43	324	6	0.323399	30789.3	0.000179501	
2699	102	752	22.9202	15.4548	1027	17	8	464	10	47	342	6	0.08532	50935.3	0.000188041	
2368	453	744	15.7385	11.6287	1030	16	7	481	19	47	312	5	0.31386	38025.8	0.000156299	
2623	441	745	11.7324	10.4817	954	17	5	484	13	41	339	6	0.382607	41953.1	0.000136258	
2497	434	732	21.3968	15.5544	1025	12	5	476	8	59	350	5	0.283977	31363.7	0.00017963	
2678	296	747	21.5898	14.4644	966	10	5	484	13	41	328	5	0.210761	35512	0.00017343	
2344	187	766	12.0799	15.2914	1039	10	6	465	11	44	302	6	0.180403	40965.7	0.000176554	
2689	244	757	11.0192	11.2475	906	14	5	490	9	78	336	5	0.264357	42627.2	0.00013574	
2516	382	725	21.7377	15.5612	901	17	9	490	5	77	332	4	0.247765	31061.7	0.000186567	
2407	406	765	11.5638	12.8186	933	17	6	486	5	75	309	6	0.342868	36107.2	0.000157159	
2313	357	753	15.6461	11.2753	1019	11	7	460	4	59	342	4	0.247771	39134.5	0.00014637	
2593	376	727	17.3329	15.8283	917	16	8	478	10	63	321	4	0.268587	30014.3	0.000180995	
2416	325	757	23.9616	15.8666	914	15	8	474	7	59	334	6	0.206051	32725	0.000196232	
2336	419	755	23.683	10.6068	944	10	7	483	6	49	317	5	0.260067	52013.6	0.000171262	
2595	304	744	23.5822	15.7915	994	11	8	471	20	51	335	5	0.204238	33165.2	0.00018457	
2377	376	728	12.7665	10.2739	1033	17	5	472	2	63	347	5	0.284281	40468.4	0.000137382	
2696	240	735	19.9874	15.8401	993	11	6	465	5	42	345	6	0.177023	34001.8	0.000179565	
2449	433	763	19.3279	12.3646	954	11	6	476	9	66	326	6	0.297856	36525.9	0.000156887	
2339	285	754	12.8076	13.668	908	15	9	475	9	46	301	6	0.229421	36945.9	0.000172801	
2618	217	731	15.6264	14.9734	1026	15	10	488	2	66	324	4	0.176484	35351.9	0.000165975	
2659	299	764	10.9054	11.5747	998	11	8	472	15	66	319	5	0.306896	39723.1	0.000137798	
2436	468	748	16.6375	12.7251	1042	12	9	461	7	71	317	5	0.327881	34083.9	0.000155521	
2481	104	755	19.0235	13.8965	951	14	8	487	1	44	332	6	0.089304	50420.2	0.000181357	
2695	150	743	20.1435	12.2545	1030	12	5	480	4	75	338	5	0.120718	49235.4	0.00014881	
2300	160	739	23.0864	13.6075	948	12	7	487	19	60	331	5	0.099336	46793.1	0.000186741	
2310	330	727	16.338	12.8064	903	11	10	476	7	55	308	4	0.218072	35544	0.000170387	
2440	234	764	17.3011	12.7888	920	17	8	485	13	79	349	5	0.173695	37571.3	0.000155642	
2550	391	750	22.7474	11.1455	919	10	5	476	10	55	316	4	0.26291	47016	0.000158253	
2626	355	747	13.6613	14.8203	1024	17	7	489	17	43	312	6	0.291897	33610	0.00017191	
2462	287	773	24.4751	14.5917	986	17	7	465	7	52	328	4	0.188602	36730.5	0.000184434	
2328	167	772	22.1663	14.2627	1046	18	10	465	19	61	304	5	0.111493	43744.9	0.000183688	
2658	434	725	19.6031	14.8191	937	11	6	463	10	57	319	6	0.303686	31539.1	0.000174307	
2468	214	727	13.2875	11.4351	904	16	4	478	8	50	333	5	0.182516	42589.5	0.000149522	
2341	314	733	23.2516	13.9987	1027	16	9	479	14	68	316	5	0.188821	38328.6	0.000186012	
2649	122	750	16.4914	15.4257	995	18	8	485	9	62	309	5	0.117794	45403	0.000175193	
2685	314	749	21.905	10.5563	1032	10	7	480	11	59	316	5	0.223462	52456.9	0.000145159	
2665	373	772	11.4863	13.0662	917	14	8	464	16	56	345	5	0.35364	36375.6	0.000147232	
2324	188	729	24.2559	10.0982	917	10	5	460	13	61	312	4	0.112093	63625.9	0.000174642	
2336	247	725	19.0405	12.8731	946	16	9	468	10	58	317	6	0.158697	38920.4	0.000172891	
2693	351	734	11.8453	13.4798	949	12	7	465	14	42	302	5	0.316323	37473.6	0.000161838	
2331	460	767	15.9355	11.0153	965	13	8	472	19	76	348	5	0.3228	37679.3	0.000144949	
2416	455	736	11.9631	13.1231	1036	13	5	462	19	64	319	5	0.358375	34611.1	0.000155788	
2617	233	760	13.0572	15.7523	1007	11	7	479	19	61	331	5	0.217486	35425.2	0.000166196	
2669	161	745	14.6871	14.1634	1034	14	9	470	11	56	345	5	0.154397	40885	0.00015569	
2631	144	739	21.5145	11.2963	905	13	10	468	11	54	301	5	0.10977	55927.4	0.000159413	
2631	204	727	13.6971	13.9644	949	15	4	482	8	41	320	5	0.183709	39378.2	0.000167701	
2669	494	774	23.4446	15.1942	1020	14	7	464	13	75	314	6	0.358446	32147.7	0.000172444	
2328	252	738	12.2938	13.786	947	18	7	482	0	64	329	6	0.209348	37833	0.000166279	
2562	451	770	12.2835	11.1555	1019	10	6	469	15	44	340	6	0.385128	37086.3	0.00013468	
2513	201	729	19.387	10.1481	909	11	7	480	17	60	302	5	0.142502	52932.7	0.000153092	
2557	415	739	17.468	14.9106	989	14	6	472	16	54	323	5	0.295958	30976.9	0.000172444	
2572	327	758	17.3667	12.3907	972	11	6	489	16	69	338	6	0.243133	35683	0.000148082	
2637	408	774	11.6704	12.3765	974	12	4	489	15	46	307	5	0.374801	37643.5	0.000147754	
2452	131	746	12.1449	14.7935	1040	10	8	480	5	74	315	4	0.148661	47638.5	0.00016714	
2337	419	761	21.7511	13.7435	1024	10	6	467	10	75	314	5	0.267626	36634	0.000174948	
2310	162	767	12.9234	14.9787	951	15	4	482	10	78	314	5	0.152796	43152.4	0.000174459	
2346	486	747	11.2684	14.3001	976	13	9	485	5	61	322	4	0.390755	35076.8	0.000166472	
2540	475	730	23.4997	13.3028	964	11	5	473	11	54	339	6	0.310397	37747.8	0.000171762	
2594	263	755	19.6166	10.7648	974	12	7	488	9	41	346	6	0.191247	47662.8	0.000145222	
2443	204	764	17.6737	13.3752	1003	11	9	488	2	74	345	4	0.153413	38906.5	0.000156006	
2509	360	744	19.7395	14.5771	986	15	6	485	9	65	342	5	0.244813	32408.6	0.000169578	
2460	322	747	11.3558	14.4663	905	13	4	489	10	76	319	6	0.285834	36002.4	0.000166334	
2402	464	770	15.9778	13.7501	985	17	5	460	18	49	312	5	0.335432	33218.7	0.00016787	
2422	430	769	24.1806	12.3448	1020	11	8	481	2	61	344	5	0.279825	42939.1	0.000166196	
2394	436	750	12.2855	11.3846	999	15	6	479	14	51	321	5	0.34331	37557.5	0.000146951	
2613	154	770	14.3445	12.9973	1018	15	5	481	3	78	344	5	0.153974	43487.6	0.000145497	
2572	491	731	21.2836	14.9623	1017	12	7	460	7	45	323	5	0.332086	32264.6	0.000179953	
2617	268	752	23.8856	15.3945	982	17	4	484	7	49	341	5	0.182977	35723.5	0.000183284	
2366	111	773	20.2044	15.1634	1041	15	10	468	18	77	315	4	0.086612	49265.1	0.000184094	
2607	134	761	16.7183	13.9075	925	14	8	460	9	75	306	5	0.12371	44538.8	0.000163773	
2564	218	773	20.4143	11.2408	983	17	7	483	18	74	307	4	0.161431	46493.2	0.000150557	
2361	112	725	18.9468	13.6543	1038	16	6	475	5	69	306	5	0.085172	51265.2	0.000181686	
2624	398	742	18.7649	12.8137	913	17	8	468	19	47	315	5	0.285091	37212.3	0.000164663	
2395	178	760	12.7082	13.134	944	14	10	466	0	76	334	5	0.169179	41954	0.000154655	
2509	141	775	15.3845	13.7515	959	10	7	475	5	42	342	4	0.132755	43781.9	0.000159639	
2427	413	774	18.797	14.6683	1009	15	8	488	11	56	334	5	0.287683	31926.4	0.000170416	
2353	276	752	15.927	12.3896	1013	14	7	463	5	58	332	5	0.197639	37693.7	0.000154512	
2697	473	730	24.3031	10.9768	1046	15	5	462	6	73	304	5	0.323549	54726.2	0.000154297	
2353	163	728	20.5277	10.5189	993	11	8	475	6	73	341	6	0.107989	57644.1	0.0001554	
2300	356	725	11.5963	10.6408	955	12	6	467	8	57	332	6	0.278928	39961.8	0.000145096	
2408	438	762	22.3915	11.0932	910	15	8	463	2	64	341	6	0.286235	44119	0.000160333	
2336	393	770	16.7835	10.4241	936	16	4	473	11	78	310	4	0.272856	42287	0.000151035	
2558	143	774	13.7252	13.6381	1023	17	7	483	18	76	311	5	0.149707	44693.5	0.000155836	
2614	178	762	17.1334	13.4996	939	11	6	488	9	51	338	6	0.149636	40141.5	0.000157456	
2309	452	765	14.8625	14.0143	944	17	6	465	15	59	333	6	0.321713	32587.8	0.000168124	
2425	131	765	15.4808	13.5106	928	11	5	485	6	55	333	6	0.119854	46083.7	0.000163666	
2607	250	734	19.6975	10.0216	942	15	8	470	20	45	337	4	0.178539	54012.8	0.000145201	
2474	433	743	11.1436	13.3416	941	11	8	475	4	44	310	4	0.369444	36703.5	0.000161264	
2430	480	752	13.7153	12.6237	1000	14	8	486	8	70	308	4	0.362241	33815.7	0.000156323	
2436	427	744	24.5891	13.6319	951	17	9	486	5	51	339	5	0.269408	37254.4	0.000184264	
2497	487	749	24.9236	12.9435	976	16	6	474	3	70	328	5	0.318639	39630.7	0.00017298	
2619	188	768	23.5709	11.7521	1009	13	6	465	13	61	341	5	0.136128	51480.6	0.000153092	
2370	272	749	21.7783	10.7839	908	15	4	464	14	61	327	6	0.173111	50212.6	0.000162417	
2617	301	739	11.795	15.3196	1046	18	8	463	1	47	302	5	0.275583	36381.4	0.000174886	
2358	354	764	18.4938	12.2645	1023	12	6	484	10	50	337	4	0.238614	38456.7	0.000156986	
2668	189	729	11.1055	14.6173	1023	16	9	489	9	71	321	6	0.213613	41591.7	0.000159413	
2301	493	754	15.1971	13.345	945	11	8	481	16	54	313	5	0.342068	33555.8	0.000168039	
2431	471	763	14.3236	13.6371	1015	17	9	478	1	49	343	5	0.354036	32465.6	0.000158303	
2564	413	737	18.3164	11.3775	901	16	4	472	5	48	333	6	0.289734	42714	0.000153633	
2303	399	765	23.617	15.8474	918	14	9	479	19	78	348	4	0.246998	32654	0.000198491	
2475	228	732	12.0188	14.8357	979	18	10	472	7	49	322	5	0.208847	38125.2	0.00017343	
2484	273	738	12.0057	12.5154	976	13	8	473	9	72	341	6	0.240608	37408.7	0.000147667	
2616	301	753	19.4612	10.5879	937	15	6	483	5	42	315	5	0.218359	50670.4	0.000150489	
2688	376	761	18.3854	13.2001	1031	13	7	466	15	62	318	5	0.284859	34412.2	0.000152936	
2344	103	755	19.8876	13.48	1036	15	7	468	1	69	308	5	0.080382	53978.8	0.000183352	
2404	319	752	21.8217	15.2176	1018	18	5	488	1	50	300	5	0.205054	34634.6	0.00019279	
2662	329	733	17.5355	13.4064	928	13	8	477	3	55	320	5	0.243519	34516.3	0.000161264	
2308	331	772	11.6031	14.3929	1046	15	8	469	9	42	319	5	0.280721	36514.7	0.000168407	
2415	427	748	22.0995	14.741	942	11	4	479	8	76	321	4	0.274926	33198.1	0.000181686	
2516	475	758	15.9199	11.5539	1027	18	6	462	4	63	309	5	0.351764	37192.4	0.000148126	
2485	239	741	16.8987	11.4154	904	15	5	484	8	53	337	5	0.176424	42235.6	0.000151103	
2370	147	734	19.4111	15.0513	977	11	8	487	4	75	311	6	0.104122	43123.3	0.000182782	
2644	309	749	23.3482	10.3905	976	15	8	467	0	46	338	6	0.212732	56994.7	0.000151515	
2455	497	741	12.0574	12.3085	984	15	7	469	3	46	307	5	0.39529	36600.6	0.000155569	
2486	145	760	12.6998	14.822	977	14	5	484	11	63	321	5	0.154837	44517	0.000165893	
2329	338	768	16.732	13.9155	946	15	6	484	16	78	322	5	0.235496	33849.9	0.00016909	
2540	437	727	12.8091	15.6616	1042	14	9	488	13	55	320	5	0.343416	31495.6	0.000173551	
2571	286	773	15.3205	12.0341	1034	14	8	464	9	43	333	5	0.232597	37913.7	0.000145075	
2668	364	760	22.8059	12.8074	969	16	9	466	1	42	307	4	0.257631	41639.2	0.000169607	
2550	112	749	20.1766	10.6887	935	12	5	470	16	52	339	5	0.09213	60997.5	0.000161082	
2522	392	764	23.5127	10.829	1019	12	4	464	3	45	347	5	0.263709	54080.2	0.000154416	
2677	355	769	15.5061	11.4172	928	14	6	469	0	63	348	6	0.288979	37810.3	0.000137912	
2303	354	743	11.7109	13.2449	962	14	9	464	9	42	319	5	0.283008	36861.2	0.000165153	
2338	367	740	18.9784	10.9111	965	10	5	468	10	49	317	5	0.235726	44861.8	0.000158328	
2465	122	745	17.1173	14.9519	946	17	7	462	5	64	324	4	0.104797	45194.8	0.000177778	
2396	412	756	12.1619	14.2968	960	14	8	472	0	43	330	5	0.331114	34153	0.00016728	
2671	138	744	18.19	10.6701	1036	15	9	479	0	53	306	5	0.119511	55422.7	0.000148148	
2324	370	749	14.5832	13.098	1006	17	6	469	7	67	343	6	0.264037	34476.7	0.000157555	
2650	448	734	22.7534	15.7575	1016	17	4	479	6	66	344	5	0.306698	31221.5	0.000178763	
2607	167	751	19.4118	14.2835	946	12	9	478	2	65	310	6	0.130551	40543.2	0.000167983	
2646	233	732	21.482	11.9117	938	12	4	477	8	70	324	5	0.16419	46137.1	0.000155001	
2325	185	752	16.1597	15.4058	908	14	7	464	11	74	310	4	0.139689	37717.2	0.000183688	
2325	364	726	14.3665	15.8429	1015	12	8	464	13	74	345	5	0.254001	32124.5	0.000179727	
2495	372	760	16.9133	12.1856	942	11	7	465	8	77	326	6	0.270332	35276.9	0.000150898	
2337	497	730	14.6972	14.7123	990	14	6	464	6	47	316	4	0.342207	31883.6	0.000178635	
2633	489	736	20.5912	10.2341	992	15	4	460	3	74	314	5	0.341962	52001.6	0.000145033	
2509	327	742	16.2012	12.4861	1048	10	6	484	12	52	345	4	0.239542	35934.3	0.000148478	
2428	455	758	20.2678	12.8437	921	18	9	473	17	53	318	6	0.305609	36320.3	0.000170416	
2340	481	725	14.4309	10.2907	966	16	9	476	16	63	338	4	0.331867	39381.7	0.000144844	
2491	200	740	24.5042	11.2528	978	12	7	490	3	78	306	4	0.129036	54008.3	0.00016559	
2559	151	729	19.8884	10.1644	1048	14	6	481	19	55	335	5	0.113684	61459.8	0.000145497	
2610	337	744	22.7597	11.3544	1020	18	6	481	13	57	325	6	0.229433	48915.5	0.000155812	
2681	393	744	10.6012	13.4976	985	13	9	479	12	52	304	5	0.379041	37950.9	0.000156274	
2394	238	767	12.4055	10.9472	976	15	5	479	17	71	313	5	0.213055	41746.1	0.00014537	
2373	279	741	14.1972	15.5906	960	13	8	462	4	69	329	4	0.21051	33575.3	0.000177841	
2637	269	752	17.9195	11.1106	912	14	4	473	11	66	302	5	0.204712	44258.2	0.000148721	
2368	337	755	21.5854	10.3376	1028	13	6	470	11	52	318	5	0.214998	54983.1	0.000157754	
2552	366	775	24.1654	12.1021	929	17	6	477	18	44	313	5	0.250611	46053.6	0.000171497	
2531	460	736	24.5055	12.6039	1018	14	6	473	14	77	345	4	0.298616	40939.5	0.00016581	
2348	457	758	10.6042	13.0283	1034	13	6	467	4	55	330	5	0.391137	37243.5	0.000152439	
2549	422	730	20.9386	13.8915	971	17	5	478	5	41	329	6	0.281571	35875	0.000177651	
2523	436	735	19.3188	11.0441	943	10	8	489	15	70	327	5	0.296668	40916.1	0.000149903	
2398	215	773	13.4604	13.2239	931	13	5	471	16	73	345	5	0.18752	38568.5	0.000153965	
2627	383	727	12.1892	11.4	937	11	5	468	19	54	315	5	0.323931	38030.2	0.000144655	
2421	403	743	11.8735	13.7031	953	13	4	486	9	43	345	5	0.3266	34855.3	0.00016116	
2546	365	735	24.3998	13.9906	981	17	7	461	10	72	337	5	0.235817	36647.9	0.000176679	
2304	387	747	19.8943	14.5193	1021	10	9	477	2	50	307	5	0.244468	34399.6	0.000183824	
2516	128	774	13.7664	11.8928	945	10	7	468	8	78	346	4	0.137723	47989	0.00014839	
2537	244	761	17.8533	11.5651	974	17	8	466	3	55	343	5	0.183834	41566.1	0.000146778	
2554	157	729	23.1422	12.5226	973	14	7	468	5	76	345	5	0.108237	49737.6	0.000163827	
2446	339	758	23.4185	10.524	981	13	8	477	5	44	300	4	0.219202	54050.1	0.000166834	
2429	412	742	19.2935	15.9573	997	14	5	482	18	74	330	5	0.27335	30524.8	0.000182782	
2666	273	739	19.4782	11.7725	993	10	10	466	12	54	336	4	0.19954	41246.4	0.000147776	
2327	471	729	14.986	13.1571	937	14	9	476	19	46	321	5	0.320819	33671.8	0.000169119	
2539	115	728	14.8432	10.5903	926	13	4	481	13	47	303	5	0.114924	55984.8	0.000158957	
2485	181	768	18.9691	10.1381	1035	14	4	463	20	75	331	4	0.137213	56236.3	0.000140272	
2429	286	730	18.5648	11.9553	968	15	4	462	6	61	328	4	0.191555	40570	0.000157828	
2665	430	747	24.7309	13.4696	935	16	7	467	19	46	326	6	0.295452	39968.6	0.000176118	
2559	346	748	18.6667	15.4679	956	12	7	468	9	65	327	5	0.245782	30800.2	0.000175254	
2649	220	745	17.7659	10.3709	935	11	5	487	1	74	325	4	0.172151	47923.1	0.000139528	
2496	340	730	24.6734	13.9181	969	17	6	485	7	78	312	6	0.213184	37626	0.000181291	
2504	326	775	21.5648	11.8828	909	10	9	472	8	61	345	5	0.225081	40328.5	0.000155521	
2542	138	742	12.1726	11.4693	957	12	5	479	16	48	345	5	0.157251	48749.6	0.00014537	
2515	488	753	13.2653	15.1466	1029	13	6	485	10	42	339	5	0.384386	31405	0.00016852	
2412	233	743	21.9219	10.2321	1009	17	6	480	5	65	304	6	0.150569	57953.7	0.000159949	
2544	253	727	22.8635	13.6213	1027	14	4	488	8	69	308	6	0.165261	40887	0.000171969	
2664	411	763	16.078	14.2114	985	15	6	481	3	40	328	5	0.322573	32847.2	0.000164555	
2520	378	771	24.1632	15.4196	991	17	5	470	1	62	337	4	0.254723	33072.5	0.000182349	
2470	139	740	21.7018	13.2218	1015	15	9	462	4	57	337	6	0.099068	48714	0.000168691	
2310	155	746	21.4685	13.1466	1013	11	8	479	0	70	350	4	0.101877	48396.1	0.000171086	
2444	176	761	12.668	15.9211	903	10	9	486	11	70	326	5	0.172212	40203	0.000176523	
2376	301	728	10.8414	12.0112	995	17	8	481	14	72	333	5	0.266557	39647.1	0.000150195	
2433	474	737	17.6681	14.4419	938	17	7	487	7	77	346	5	0.321552	31055.8	0.000170532	
2341	247	739	13.9915	11.3592	900	17	7	477	6	80	349	6	0.189338	39706.5	0.000149076	
2567	390	742	17.8416	11.6401	1008	16	4	467	4	65	336	6	0.278656	39237	0.000146263	
2308	181	748	15.6759	12.0424	910	16	6	480	11	42	315	6	0.138311	43528	0.000164905	
2673	251	756	18.438	14.9834	1044	11	9	477	4	49	335	5	0.193733	34166.5	0.000165399	
2535	487	754	11.497	10.9996	915	11	8	479	7	47	319	6	0.416262	38753.9	0.000141824	
2460	402	740	19.6001	15.3107	931	14	5	464	1	43	331	5	0.26765	31600.4	0.000186498	
2555	443	763	24.6424	14.6892	1040	16	6	482	14	71	337	5	0.29986	34558.7	0.000174307	
2504	409	754	24.3078	11.0294	1036	16	6	479	9	45	327	6	0.268119	54261.8	0.000164231	
2477	336	731	12.9978	10.9778	906	12	5	471	3	80	326	5	0.265768	38101	0.00014453	
2400	246	745	23.8945	12.9728	991	10	8	483	13	61	341	6	0.153136	43430	0.000174338	
2425	419	739	10.2234	10.5649	949	12	4	465	9	71	334	5	0.374722	40572	0.000137874	
2484	468	774	23.989	12.7691	1036	13	8	477	17	51	333	5	0.316152	40633.2	0.000167029	
2563	224	742	12.823	10.6041	943	13	7	490	1	68	345	6	0.205276	42203.6	0.000134989	
2348	482	747	23.1364	15.1897	953	15	9	461	2	55	307	4	0.302009	32832.4	0.000196812	
2613	231	766	12.6043	14.0567	1031	16	5	471	7	51	317	4	0.223273	38068.8	0.000157853	
2481	282	726	19.5565	10.3568	925	15	7	460	6	55	307	4	0.188321	49348.2	0.000155087	
2484	248	766	18.063	14.9051	969	10	4	465	7	69	308	5	0.182545	34402.4	0.000171762	
2558	215	741	12.3313	12.326	1034	17	6	480	5	78	331	4	0.204785	40041.2	0.000144446	
2344	326	739	11.0675	10.9507	907	15	9	484	5	76	330	4	0.278946	39997.4	0.000146821	
2438	313	756	16.7011	14.8666	922	18	9	470	12	52	304	5	0.225267	32998.4	0.000181192	
2630	406	772	15.0032	12.3384	923	13	7	477	3	45	320	6	0.327494	35787.9	0.000150602	
2374	300	731	22.9694	14.5999	985	13	7	487	18	60	326	6	0.182979	36443.6	0.000187582	
2531	410	758	17.0449	11.3186	990	11	5	486	3	66	322	5	0.299296	38179.8	0.000144886	
2595	221	727	22.5326	12.2158	999	17	6	490	17	72	333	5	0.149427	45869	0.000158554	
2455	429	755	21.7246	15.926	1018	17	7	486	7	48	325	4	0.28436	31235.6	0.000190259	
2631	206	759	21.908	14.0911	998	12	7	488	5	48	314	6	0.150506	39946.1	0.000170619	
2433	341	734	11.3119	11.8535	935	17	10	461	12	42	321	5	0.291556	39657.6	0.000153186	
2636	350	738	23.5704	14.6038	984	17	6	470	12	43	319	4	0.236455	36474.9	0.000184706	
2624	389	759	23.7097	14.9258	982	10	5	475	19	74	347	6	0.268824	33845.6	0.0001734	
2449	228	764	13.1833	15.7549	1040	13	6	481	14	72	330	4	0.200601	36243.9	0.000168691	
2524	117	763	19.8947	13.5968	934	16	8	470	1	74	339	5	0.096864	48586.3	0.00016952	
2583	416	742	23.7051	13.4602	943	12	9	471	3	78	333	6	0.27769	36889.3	0.00016975	
2378	431	750	18.8617	10.2693	985	15	7	462	10	42	342	5	0.285908	47317	0.000149611	
2576	359	756	24.3079	11.0617	971	17	7	483	4	68	346	4	0.241105	48951.7	0.000154392	
2471	117	736	19.9923	15.2281	952	10	9	474	18	53	335	4	0.090642	46295.9	0.000184332	
2505	233	742	24.3002	14.503	950	15	6	477	19	65	308	6	0.150663	38532.4	0.00018474	
2590	144	733	14.4552	12.5415	979	12	9	484	5	65	305	5	0.138563	45266.4	0.000155231	
2439	368	740	20.2064	12.3626	959	12	8	485	19	61	310	5	0.241174	38404.7	0.00016518	
2379	264	768	16.4362	15.554	956	16	8	463	8	77	303	5	0.193279	33251.7	0.000179953	
2396	191	743	23.8615	13.015	1020	13	7	489	3	43	335	6	0.12093	46848.1	0.000179824	
2344	361	732	20.4094	13.7537	907	16	10	473	7	42	311	5	0.225035	35448	0.000188076	
2541	201	758	10.9014	15.643	914	13	8	475	11	55	338	5	0.22418	41025	0.000171145	
2560	469	742	22.2016	14.7258	919	11	6	481	13	67	300	4	0.317	32319.1	0.00017963	
2606	437	762	24.1679	15.5183	933	14	9	476	12	62	337	4	0.301926	31572.9	0.000182017	
2497	192	742	18.2746	14.4621	962	14	5	466	6	58	312	5	0.142753	38054.7	0.0001734	
2657	334	772	19.2712	11.5043	915	14	7	481	15	56	328	4	0.25127	41322.6	0.000146999	
2677	305	739	13.4371	15.7176	1003	16	8	483	12	60	344	5	0.261112	32389.2	0.000167168	
2397	213	770	20.5401	15.1183	957	15	4	488	9	61	338	5	0.146469	36920.9	0.000179051	
2550	231	741	19.6912	12.6021	915	12	10	481	13	53	301	5	0.164402	40569.8	0.000165426	
2315	206	735	16.7395	14.6119	994	13	6	462	3	69	304	6	0.145202	37523.3	0.000178571	
2472	132	754	22.4766	12.0842	1017	16	8	471	8	57	321	4	0.09525	54956.1	0.0001657	
2499	116	753	10.7371	15.2337	1029	13	10	489	20	46	300	4	0.167823	52665.2	0.000178031	
2439	193	763	13.3889	12.6907	939	13	9	460	3	56	342	4	0.174821	40478.9	0.000150602	
2674	488	744	24.7729	10.7325	1014	15	8	475	4	46	332	6	0.337595	56110.1	0.000156128	
2568	289	772	18.8722	11.3605	1003	13	8	490	5	77	335	4	0.214427	40451.7	0.000142328	
2398	474	749	23.2379	14.6758	903	16	8	486	12	65	306	4	0.30286	33301.2	0.000190694	
2315	278	741	14.3094	12.9787	927	17	10	478	0	76	334	4	0.204489	36091.1	0.000161525	
2699	226	765	16.9218	13.5228	972	14	5	478	3	58	327	5	0.188753	37336	0.000154083	
2634	498	774	21.1889	11.1997	905	12	7	479	7	65	345	5	0.364392	42566.2	0.000146135	
2415	150	751	22.3115	11.7987	1018	13	7	490	14	79	305	6	0.102566	54708.4	0.000166472	
2323	149	757	15.5516	11.9174	1019	12	8	474	6	73	329	4	0.122909	47361	0.000153657	
2407	168	753	13.0314	12.9542	1009	18	9	462	19	79	330	6	0.158963	42936.3	0.000153752	
2432	460	725	17.2492	10.8848	947	11	8	480	7	42	302	4	0.308602	41371.1	0.000157629	
2329	106	774	21.022	14.5143	905	11	6	487	19	80	317	5	0.08017	51114.4	0.000189481	
2375	397	761	12.8334	12.6036	907	15	9	486	16	57	317	4	0.310259	35576.6	0.000157853	
2628	142	725	14.1256	15.6566	1001	13	9	480	12	58	348	6	0.140206	42477.1	0.000170387	
2304	157	749	18.7093	11.7579	966	13	5	489	7	73	302	5	0.111222	49684.2	0.000167112	
2330	226	772	22.8176	11.0412	980	12	9	462	16	47	336	4	0.144437	51402.3	0.000165399	
2383	186	774	15.7277	13.8117	907	12	9	474	0	59	341	6	0.150376	38914.9	0.000163586	
2420	194	767	16.5663	13.0425	928	11	9	490	8	73	348	6	0.151661	39468	0.000156079	
2636	373	734	13.5633	12.6057	904	12	10	469	11	64	345	5	0.301907	34474.4	0.000149187	
2577	182	728	19.3358	14.1281	945	15	6	484	7	68	332	6	0.134557	39305.8	0.000168095	
2380	339	729	18.1662	15.0769	906	13	8	486	10	80	321	5	0.221409	31991	0.000183016	
2489	164	733	14.0251	14.5427	991	18	9	477	9	51	338	4	0.148111	40659.3	0.000168577	
2343	394	743	18.7095	11.7931	1007	13	8	490	2	59	305	5	0.255843	40147.2	0.000163988	
2665	135	751	18.2895	14.1109	945	15	5	480	14	58	308	5	0.117869	45211.1	0.000167308	
2538	229	767	11.8403	11.5071	1041	15	9	484	1	57	336	4	0.227352	41186.9	0.000137099	
2553	199	767	22.5501	12.7184	959	18	4	472	10	65	304	4	0.141109	45514.7	0.000165481	
2562	187	731	10.6471	10.9933	977	17	9	464	1	67	324	5	0.214182	46744.2	0.000140017	
2425	229	770	16.755	14.4918	928	11	5	477	13	78	302	4	0.173227	35491.8	0.000171174	
2475	230	729	22.1548	12.3974	998	15	4	480	6	51	323	5	0.149259	46124.7	0.000169005	
2621	324	726	21.9031	11.6385	1023	16	8	472	1	80	333	4	0.218203	43640.3	0.00015186	
2337	196	770	13.2602	12.8771	1036	12	7	479	12	67	313	5	0.172039	41552.8	0.000156937	
2620	473	748	14.5946	12.6362	946	12	5	465	10	43	346	4	0.369455	34228.2	0.000150376	
2364	387	759	15.3778	10.5427	901	13	9	473	2	72	333	5	0.276778	38675.5	0.000144886	
2513	311	756	19.6985	11.151	1020	12	6	467	5	40	346	5	0.216924	45079.4	0.000148677	
2486	309	742	14.9857	15.9297	971	16	8	484	5	51	336	4	0.233751	31710.8	0.000179276	
2633	168	773	20.8382	10.8055	1028	17	7	472	9	68	313	4	0.132041	54319.5	0.00014497	
2679	498	764	24.841	12.9253	919	14	8	480	17	70	331	5	0.354127	39567.5	0.0001638	
2435	434	744	11.2052	15.1935	965	11	4	480	7	55	322	5	0.364357	34468.1	0.000171116	
2420	291	725	12.5715	11.8213	1012	15	8	484	17	45	333	6	0.234475	38316.8	0.000149993	
2581	342	727	12.9273	11.9841	996	12	4	489	4	79	331	4	0.279803	35504.1	0.000144196	
2507	385	738	11.7203	13.298	933	12	10	469	19	56	301	5	0.324191	35851.1	0.00016129	
2362	498	748	18.1783	11.574	1032	11	9	473	18	61	344	5	0.332184	39321.8	0.000151035	
2460	339	771	11.9948	10.253	960	15	10	469	11	71	316	4	0.295189	39593.1	0.000137817	
2477	112	759	11.6739	11.1978	980	15	6	478	17	68	320	5	0.147931	53213.7	0.000156031	
2400	391	742	11.1795	11.8134	945	10	5	486	13	74	314	6	0.329046	37585.2	0.000152045	
2384	486	746	13.4435	14.9102	954	14	8	485	8	44	313	6	0.360583	32355.4	0.000178763	
2675	327	772	18.9587	15.9277	1014	11	7	479	17	64	350	4	0.249248	30375.3	0.00016835	
2417	291	731	13.4219	11.0864	1001	13	9	476	5	67	302	5	0.226611	39062.2	0.000151515	
2698	245	753	23.9092	11.5593	1025	11	9	468	17	72	309	6	0.173521	50286.9	0.00015321	
2401	411	766	17.4693	15.4943	915	11	9	461	15	73	306	5	0.286619	30476.5	0.000181028	
2439	410	739	22.366	11.0384	1030	17	5	462	11	40	341	6	0.26198	52276.9	0.000162496	
2582	197	754	24.0835	15.373	991	16	9	477	0	50	322	5	0.135953	38606.9	0.00018622	
2650	127	742	12.6559	11.4762	1009	12	5	464	4	73	319	5	0.150597	49781.4	0.000148072	
2674	271	755	24.5438	12.1879	1000	13	9	469	6	76	325	4	0.188305	45733.6	0.000157381	
2310	168	740	24.4216	14.7019	1001	17	7	481	10	73	322	6	0.102062	44632.6	0.000196002	
2304	498	739	10.5027	10.9126	972	17	6	484	3	69	312	4	0.407764	40250.6	0.00015067	
2641	375	773	24.7758	13.2083	1036	14	9	461	3	70	320	5	0.26306	39605.5	0.000163239	
2541	110	744	10.8512	14.1374	978	11	6	473	13	49	304	5	0.162596	53158.9	0.00017337	
2591	346	770	13.7917	11.3206	935	16	8	486	14	66	322	5	0.289335	37302.2	0.000141163	
2696	483	742	12.3318	12.5025	983	10	9	487	10	48	336	5	0.411892	34558.4	0.00014455	
2484	168	765	23.3275	10.8551	1041	10	7	460	5	68	335	5	0.116123	59915.2	0.000153069	
2431	137	727	21.3892	11.9492	978	18	8	474	13	67	312	6	0.095049	53266.2	0.000168549	
2501	274	760	18.329	11.53	911	15	8	478	11	59	316	5	0.197886	40939.7	0.000153421	
2606	499	738	21.881	10.8077	905	14	7	467	3	67	318	5	0.342776	47791.9	0.000152952	
2578	338	750	21.646	14.1112	948	17	8	478	0	73	306	6	0.231991	34522.2	0.000171615	
2435	272	765	12.1235	13.6486	1040	15	4	481	5	68	318	5	0.242269	37131	0.000156031	
2389	462	744	11.1822	10.1856	994	17	6	482	6	45	326	5	0.378771	41480.4	0.000139587	
2691	217	755	18.5703	13.6951	984	12	5	482	1	72	320	6	0.172068	37866.5	0.000156642	
2688	269	728	21.8056	13.7805	976	15	6	482	7	75	317	6	0.187793	37723.5	0.000165508	
2622	120	745	24.4779	12.4863	950	15	9	484	11	70	337	5	0.08924	56134.2	0.000168464	
2640	298	772	21.9668	10.7983	936	11	7	462	9	79	334	6	0.215516	49230.8	0.000145285	
2498	215	734	24.4183	14.5376	1043	15	5	469	1	42	314	4	0.13784	41590	0.000190777	
2571	461	743	11.5024	14.758	970	15	8	473	13	65	326	4	0.395162	33362.1	0.000162787	
2505	399	746	21.0622	14.1188	1043	12	6	472	1	65	328	5	0.267488	34310.2	0.000167673	
2469	285	741	13.3849	10.6956	920	18	7	482	6	40	331	5	0.230358	42485.7	0.000145943	
2560	438	730	18.8245	13.4943	978	14	10	465	11	65	302	5	0.301911	33302.7	0.0001665	
2635	258	747	11.2732	13.4883	1031	12	5	466	13	69	332	5	0.260539	38207.7	0.000148324	
2426	357	753	19.9559	10.7493	1001	15	10	485	4	78	310	4	0.237587	44436.9	0.00015425	
2303	220	739	18.7967	12.3793	928	13	5	485	3	67	338	4	0.144454	41599.9	0.000165125	
2357	112	765	10.7072	13.9971	968	16	6	461	4	68	327	6	0.15867	53219	0.000170765	
2596	141	774	21.0807	10.0831	1002	14	4	463	2	64	312	4	0.112649	64633.6	0.000145751	
2512	472	756	20.3484	11.4066	931	10	8	475	10	74	348	6	0.325559	39919.9	0.000149903	
2399	371	763	18.7928	14.9346	1039	15	4	466	1	77	324	6	0.252158	32679.3	0.000171939	
2483	298	746	23.3766	15.2457	995	12	6	467	14	71	341	6	0.192442	34285.7	0.000182582	
2402	420	756	13.4725	12.2865	968	14	7	470	6	68	347	5	0.320254	34466.4	0.000147449	
2537	395	744	16.7991	13.0563	1039	14	8	474	11	42	340	5	0.285248	34303.2	0.000156715	
2380	106	763	18.5127	13.9253	995	16	9	480	2	69	322	5	0.088727	50919.8	0.000179759	
2560	371	728	13.3593	11.0079	1039	14	8	480	2	49	314	6	0.292926	38633.1	0.000144175	
2392	199	759	19.7274	14.2221	1026	16	4	478	18	44	328	6	0.138645	39727.7	0.000176585	
2380	310	731	21.2309	11.888	928	18	8	485	14	68	327	4	0.193763	41524.2	0.000167616	
2497	324	766	13.043	13.1665	1021	13	7	482	4	66	300	5	0.271444	35120.9	0.000156079	
2528	103	770	22.4979	14.651	1018	13	5	471	13	77	305	5	0.082572	52308.3	0.000183925	
2322	403	748	10.6751	15.0522	925	11	6	469	12	67	349	6	0.341777	36443.7	0.000171116	
2603	210	773	16.1662	11.2997	994	10	4	465	4	69	322	6	0.177751	42818	0.000139978	
2456	435	762	18.7579	10.9634	979	14	6	463	5	53	319	4	0.301683	42360	0.000150195	
2427	212	766	15.1313	15.232	940	16	8	461	14	41	334	6	0.171903	36083.8	0.000178508	
2473	353	754	13.4112	14.7079	943	17	6	476	7	49	327	4	0.280968	33261.6	0.000170678	
2355	138	741	22.1895	13.0813	1030	18	6	467	10	54	343	5	0.092376	51261.3	0.000174985	
2637	333	761	15.1529	10.0556	929	14	4	477	6	68	344	4	0.268996	43301.1	0.000131268	
2436	269	729	11.1903	10.4343	1035	18	6	469	11	72	340	6	0.244585	42240.6	0.000136575	
2619	103	771	10.2694	10.1765	1007	14	7	475	1	49	306	6	0.183305	61265.2	0.000154943	
2328	124	758	15.1609	10.7711	996	16	9	468	9	56	330	6	0.111776	52835.1	0.000153846	
2676	153	738	15.6747	15.9624	951	17	5	467	20	78	332	5	0.141143	40035.1	0.000173913	
2443	407	764	10.4338	10.3146	949	16	8	489	3	65	315	4	0.37448	41363.8	0.000139509	
2651	336	740	12.5211	12.0393	910	15	5	483	6	57	303	4	0.29286	38207.9	0.000150784	
2375	208	728	15.0024	10.2994	915	11	9	469	12	55	348	5	0.158654	44947.4	0.000143041	
2655	340	759	15.8667	11.3396	920	11	10	461	18	61	340	5	0.269547	37842.4	0.000140135	
2439	403	743	18.3491	15.3323	1026	12	7	485	3	70	344	5	0.272588	30977.9	0.00017322	
2528	441	774	21.8532	12.1041	975	12	7	462	1	65	331	4	0.307228	39332	0.000155424	
2544	318	768	19.6403	11.6298	916	10	8	481	5	57	318	4	0.227701	40202.6	0.000152161	
2328	148	759	13.284	11.4237	901	16	7	477	15	73	320	4	0.140273	47468.1	0.000153421	
2378	388	758	10.8977	12.3057	974	16	5	475	1	71	320	4	0.337287	37785.2	0.000150625	
2332	132	771	13.0707	15.7395	951	18	6	462	12	62	345	4	0.135422	45857	0.000177462	
2615	239	774	22.5408	14.2708	932	10	5	476	2	74	346	5	0.172211	37745.3	0.000167392	
2488	101	741	17.2783	11.573	1002	17	7	468	19	43	331	6	0.092758	56319.7	0.000172533	
2507	483	739	17.9049	15.4672	932	17	5	473	18	68	325	5	0.335919	29796.1	0.000178859	
2331	197	726	22.6972	10.0892	983	11	8	479	15	52	346	6	0.120292	62377.3	0.000163372	
2340	212	770	11.6663	14.7389	915	16	8	483	19	47	301	6	0.203255	40666.6	0.000178891	
2489	143	729	11.7269	11.0078	1046	12	8	486	5	69	320	5	0.160301	49216.4	0.000146135	
2562	257	731	24.6781	13.1095	976	13	5	486	5	62	328	6	0.166019	43047.2	0.000171939	
2408	206	740	18.3595	12.2691	937	15	6	489	10	57	328	5	0.144764	42037.4	0.000161394	
2623	452	733	11.3377	11.8788	991	13	10	462	20	67	331	4	0.393246	36279.9	0.000141383	
2312	329	726	20.673	11.2842	938	18	5	484	1	52	348	5	0.200334	45386.2	0.000166389	
2349	343	757	23.1164	15.384	908	16	9	474	2	44	310	6	0.213924	33685	0.000203376	
2463	431	732	20.9937	10.8994	1026	14	10	462	19	54	303	6	0.279854	47545.7	0.000159949	
2560	268	755	15.2063	11.3058	906	11	6	486	9	66	319	6	0.214814	39359.3	0.000145349	
2607	150	730	19.9048	12.266	916	15	8	487	12	59	329	6	0.11557	48157	0.000158907	
2507	239	774	24.8802	15.3769	1011	15	8	473	8	49	344	6	0.159798	36818.1	0.000185254	
2680	143	728	12.4559	13.1648	910	10	5	478	1	66	329	4	0.161942	45936.5	0.000154416	
2397	240	731	21.0911	12.6741	903	15	9	464	16	50	301	5	0.153634	41306.4	0.000178827	
2674	408	745	20.7672	12.8879	966	18	7	484	14	46	335	5	0.29061	38468.1	0.000162153	
2351	356	750	10.9596	13.1412	947	17	4	466	18	49	316	5	0.306894	38396.1	0.000162153	
2620	328	766	11.2927	11.1528	994	11	8	478	16	46	337	6	0.316076	39652.6	0.000134481	
2653	272	734	14.5455	11.9245	966	13	8	488	6	50	346	6	0.223834	37756.6	0.00014403	
2424	131	764	11.9612	12.7689	966	15	5	478	3	45	322	5	0.152681	49279.6	0.000158228	
2678	307	747	14.6288	12.8176	1017	11	4	481	12	57	346	5	0.253498	34957.6	0.00014497	
2666	299	771	20.5548	14.1679	901	14	6	479	11	49	328	6	0.222139	35363.3	0.000169176	
2302	150	764	10.3058	10.8558	948	17	8	460	6	48	314	4	0.187341	52386	0.000147558	
2632	406	761	22.3408	14.5873	918	13	4	460	0	47	308	5	0.286122	34729.9	0.000179308	
2468	338	739	18.8924	13.5108	918	11	4	465	10	74	315	4	0.22897	34537.5	0.000167729	
2326	478	737	19.3811	11.24	936	16	5	485	2	79	333	5	0.30487	41382.5	0.000159617	
2647	112	763	23.4427	13.7132	1008	14	9	460	4	44	308	6	0.089423	53578.1	0.000178667	
2640	155	758	10.5773	10.889	928	15	9	486	10	71	314	6	0.208605	51033.3	0.000139821	
2696	134	741	14.0245	11.2955	1015	13	5	465	18	78	326	4	0.143316	48894.6	0.000143968	
2468	149	773	14.0527	15.3619	1034	16	9	461	19	43	314	5	0.144846	42170.9	0.000175685	
2688	327	739	11.9363	10.9312	940	13	6	473	12	58	301	4	0.299143	40629.1	0.000142531	
2460	492	752	23.6858	11.945	944	17	9	472	18	57	323	5	0.322239	42690	0.00016975	
2482	378	730	21.0019	10.7801	974	12	8	467	19	43	309	5	0.245721	48269.4	0.000160823	
2417	155	734	24.3493	11.7797	936	15	4	462	6	49	335	5	0.099146	56130.9	0.000176367	
2641	324	754	17.9638	15.1533	967	13	8	469	2	55	311	5	0.243158	31887.6	0.000172503	
2611	272	756	14.1861	12.8683	947	17	8	464	1	61	337	6	0.230276	36232.5	0.000150105	
2588	455	733	13.0186	15.2918	969	11	8	487	16	74	327	4	0.362362	30862.5	0.000167029	
2512	437	736	20.7509	15.176	971	14	10	479	16	56	316	5	0.291174	31334.8	0.000181818	
2588	177	749	11.8116	10.8395	1042	15	7	481	11	66	339	5	0.192252	45855.9	0.000133529	
2501	294	731	23.7482	12.5957	964	10	7	489	6	70	306	6	0.186756	42705.1	0.000171204	
2606	316	733	23.9518	11.2493	903	15	8	474	12	69	320	5	0.208542	49500.9	0.000160514	
2470	149	742	18.2012	10.7626	912	12	8	474	10	42	304	5	0.115789	53009.5	0.000156961	
2434	494	763	19.698	15.2972	977	13	9	467	3	66	313	4	0.338342	30526.9	0.000178731	
2411	219	725	13.4298	14.0207	1047	12	8	489	10	52	330	5	0.179199	37894.7	0.000164312	
2352	321	732	13.8782	13.1723	1022	16	7	487	19	58	314	6	0.235403	35638.4	0.000164826	
2499	451	736	11.716	10.7459	986	14	6	483	9	68	346	6	0.370664	37358.2	0.000135722	
2316	486	769	19.5816	10.0657	1047	13	6	475	11	78	343	5	0.321165	50764	0.000146929	
2651	256	727	14.6115	11.9213	969	14	8	471	19	51	337	6	0.210996	38690.9	0.000146456	
2534	463	728	18.351	10.0178	923	13	5	476	6	68	329	4	0.317818	46142.1	0.000143616	
2326	101	734	17.3681	13.6988	918	11	6	463	8	51	332	4	0.084509	51240.6	0.000187231	
2562	177	730	23.7754	13.3494	963	11	7	463	5	46	316	5	0.119289	45613.4	0.000177368	
2672	455	765	11.1171	12.5188	960	13	10	467	2	72	302	6	0.42462	36458.3	0.000147189	
2621	484	763	19.1235	15.9342	984	14	6	466	10	68	349	5	0.355271	29223.4	0.000173762	
2388	238	730	19.474	12.2691	1033	13	9	467	16	74	321	5	0.156279	42107.4	0.000161525	
2337	200	755	17.8087	15.4843	999	14	8	463	1	70	316	4	0.141981	36746.5	0.000180963	
2669	122	728	18.603	12.6352	904	10	5	464	13	59	305	5	0.105494	50317.8	0.000165098	
2661	326	762	24.7144	13.5293	975	14	8	483	12	69	322	5	0.226674	38639.3	0.000166306	
2371	451	738	15.3473	11.8201	1045	12	5	481	2	48	330	5	0.313576	37237.6	0.000151423	
2656	341	768	20.1394	14.71	980	10	5	473	11	55	332	5	0.251369	32622.5	0.000166058	
2607	170	750	15.7401	15.8632	1040	17	7	483	18	55	306	5	0.149615	38510.8	0.00017696	
2436	440	734	13.1312	13.1826	913	12	8	463	12	76	325	5	0.332631	33342.3	0.000159185	
2605	482	757	17.2798	12.6291	928	14	7	486	14	65	304	4	0.358591	34158.8	0.000156031	
2530	285	752	10.5702	13.4757	994	14	5	483	16	52	325	4	0.286658	39524.4	0.000154703	
2377	423	728	12.9379	15.8487	986	15	10	463	18	76	311	4	0.31333	32013.5	0.000181127	
2558	172	731	15.48	12.4143	913	15	7	490	4	77	333	5	0.145919	42346.6	0.0001523	
2451	290	730	23.2568	12.6706	1000	16	6	478	7	72	304	6	0.181671	42654.7	0.000173521	
2610	103	769	22.9619	14.1856	1033	14	6	462	20	75	300	5	0.084439	53486.6	0.000180375	
2562	265	749	15.8241	12.7123	904	13	5	461	11	64	337	5	0.206905	36799.9	0.000153351	
2591	385	750	23.3915	14.6763	974	16	8	489	2	75	328	4	0.260495	33352.6	0.000173792	
2688	436	728	14.1711	12.4578	994	17	6	481	19	57	332	6	0.344361	34546.8	0.000148456	
2649	157	735	19.3139	14.6502	937	13	6	474	3	70	305	6	0.124442	41109.7	0.000171821	
2333	413	767	16.7632	13.632	953	16	8	478	17	58	344	5	0.285072	33074.9	0.000164989	
2549	325	761	18.2015	14.7066	967	17	5	490	15	62	307	6	0.23674	32715.9	0.000171999	
2590	267	739	14.7206	13.4902	1003	17	5	475	9	50	338	6	0.215704	35721	0.000157555	
2454	227	749	14.1776	10.9482	959	12	5	479	19	47	345	5	0.186965	42155.7	0.000141024	
2377	382	758	14.9785	13.1294	904	10	9	463	14	71	340	5	0.277593	33310.3	0.000158831	
2679	219	775	18.3167	13.9365	1042	12	10	465	19	78	309	4	0.177824	36641.1	0.000155715	
2407	318	764	19.0564	11.8966	965	17	8	468	10	76	309	6	0.216868	39100.2	0.000158806	
2372	139	727	10.1526	15.8047	1033	10	8	489	4	43	318	5	0.18085	49862.4	0.000181422	
2541	281	771	10.0477	13.0605	922	14	7	479	4	54	316	5	0.308406	41952.7	0.000152462	
2536	375	733	19.7834	14.6118	959	13	8	467	19	45	326	4	0.253595	32527.1	0.000177557	
2425	229	772	13.1101	12.9361	967	17	4	484	11	42	326	5	0.202015	39380.2	0.000157555	
2497	364	750	21.1279	15.6631	1020	14	5	488	8	70	340	6	0.243749	31707.4	0.000177873	
2538	230	762	17.1471	13.0935	972	13	5	468	18	75	324	5	0.178173	37380.8	0.000154895	
2587	156	754	12.925	10.38	910	18	7	465	13	63	316	5	0.164743	49831.8	0.00014043	
2459	188	737	15.7956	10.201	952	14	7	462	12	59	333	6	0.14909	48148.7	0.000141864	
2376	485	752	23.7178	13.874	923	10	4	466	11	46	304	5	0.307836	36906.1	0.00019044	
2693	165	733	12.4551	10.4709	1008	14	7	478	18	45	315	4	0.178084	49546.7	0.000138715	
2357	127	734	21.5302	15.3861	978	17	5	473	7	68	347	4	0.087277	46074	0.000188822	
2601	308	763	23.213	11.4249	1041	10	7	487	3	57	316	5	0.213319	49316.3	0.000153468	
2631	257	756	24.4773	14.9708	1022	18	5	480	15	73	334	5	0.176998	36880	0.00017449	
2314	148	739	22.5735	15.4081	967	18	4	486	11	79	344	4	0.094605	44439.3	0.000192753	
2441	123	747	16.6164	11.9602	1037	14	8	480	17	50	338	5	0.107256	50486.5	0.000158103	
2322	448	774	11.7546	13.0499	1013	11	4	473	3	79	347	6	0.363489	35489.2	0.000150376	
2694	377	760	15.5697	10.3846	967	14	7	484	12	78	332	6	0.302731	40166.9	0.000133138	
2349	425	774	13.4686	15.4764	1001	16	8	484	11	70	325	6	0.325171	32387.3	0.00017304	
2349	441	734	21.4625	12.756	991	13	6	482	19	75	330	6	0.274322	38709.2	0.000170999	
2554	411	770	13.3985	10.6076	1024	13	8	488	6	52	327	5	0.338039	38234	0.0001353	
2556	339	733	16.2686	12.2143	912	12	10	487	16	45	328	4	0.248116	36293.9	0.000155885	
2571	429	771	12.2081	11.8292	1017	14	7	486	20	41	318	5	0.371252	37585.4	0.00014476