2300	112	756	25	15.0311	929	14	9	466	1	46	304	6	0.072224	50215.6	0.000210482	
2323	100	742	24.721	14.1784	988	12	7	486	5	64	333	5	0.066003	57701.6	0.000200803	
2700	486	771	10.7845	10.0185	1020	12	4	475	7	62	349	5	0.465855	40115.2	0.000122333	
2555	100	743	24.4382	10	1019	11	9	467	10	52	339	4	0.074909	78233.3	0.00017343	
2676	500	743	16.3412	16	1030	11	5	483	4	80	345	6	0.37977	28543.7	0.000168549	
2660	500	767	10.4869	10.2939	1050	12	9	473	7	64	346	5	0.478582	39242.1	0.000124347	
2689	500	768	12.3318	11.8573	1008	14	10	489	5	80	348	5	0.439206	34163.4	0.000133994	
2660	486	771	10.7845	10.0185	1020	12	4	475	7	62	349	5	0.460066	39969.5	0.000123016	
2689	500	746	12.3318	11.8573	997	14	10	490	5	75	348	5	0.426625	34227.2	0.00013611	
2634	500	767	10.4869	10.2939	1050	12	9	473	7	64	346	5	0.474703	39194.4	0.000124844	
2638	500	767	14.9889	13.9007	1046	11	9	490	6	77	347	5	0.398506	30384.2	0.00014892	
2349	166	746	22.7831	15.5577	908	14	9	471	5	40	310	6	0.106551	39960.9	0.000205804	
2686	389	761	10.0204	10	996	11	4	478	9	62	342	4	0.404383	42511.2	0.000124549	
2689	500	739	12.3318	11.8573	1008	14	10	489	5	80	348	5	0.422622	34161.9	0.000136687	
2503	100	732	23.1422	10	1043	15	6	471	7	76	347	5	0.074238	76918.3	0.000174064	
2300	166	752	23.424	15.6562	908	15	9	474	4	47	316	6	0.103827	40266.2	0.00020734	
2402	100	754	23.9806	10.0259	1039	15	8	473	5	80	339	4	0.071054	77759.9	0.000176991	
2300	122	759	25	15.0311	929	14	9	469	1	46	304	6	0.077869	48210.9	0.000209468	
2700	473	762	12.2096	10	1031	11	5	473	7	62	339	4	0.417764	39160.9	0.000125219	
2416	114	725	21.2307	10.045	1044	16	8	481	3	54	340	5	0.082198	70787.6	0.000164474	
2402	100	771	23.9806	10.0259	1050	15	9	468	17	80	339	4	0.072656	77380.2	0.000174856	
2555	103	743	24.4382	10.358	1019	11	6	465	8	56	337	4	0.076616	75550	0.000171851	
2660	279	768	10.0204	10.0185	1028	11	5	479	3	68	342	5	0.319401	44272.5	0.000123885	
2402	100	771	23.9806	10.1433	1050	15	9	468	17	78	339	4	0.072656	76371.7	0.000175162	
2629	436	739	13.3391	13.8413	1040	16	9	472	9	69	348	6	0.351896	31825.6	0.000151745	
2424	100	734	23.4444	10.553	978	16	10	489	4	64	336	6	0.071048	71137.5	0.000180115	
2683	204	762	12.2096	10.0185	1003	11	5	473	7	68	339	5	0.21491	45482.1	0.000126406	
2300	100	744	23.9229	15.071	948	12	6	487	9	71	333	5	0.066451	54710.7	0.000205297	
2333	122	753	25	15.0311	929	14	9	469	2	46	304	6	0.078577	48110.6	0.000207555	
2680	500	747	14.7703	13.7441	1046	13	9	470	12	71	346	4	0.394837	30901.9	0.000149768	
2656	434	769	15.2971	12.2394	1037	17	7	483	10	59	348	4	0.347468	34224.6	0.000140154	
2583	467	774	12.9637	11.0153	1044	13	5	481	12	64	346	4	0.392089	36186.1	0.000130976	
2386	100	740	23.4444	10	978	16	10	489	4	64	336	6	0.070256	75991.1	0.000179147	
2337	100	754	25	14.2872	967	17	5	483	9	55	344	4	0.067022	56280.5	0.000201167	
2393	110	744	21.0812	10.2469	1045	14	5	474	10	62	343	5	0.08177	70307.6	0.000165125	
2300	196	743	23.1164	15.5577	900	16	8	475	0	48	310	6	0.119695	37976	0.000208333	
2621	463	768	11.9458	11.5171	1050	14	7	478	10	72	350	5	0.407844	35299.8	0.000131718	
2601	376	731	17.3329	16	982	13	9	489	9	70	327	5	0.270823	29511.7	0.000176118	
2620	140	757	19.8884	10	1050	14	6	473	14	59	341	5	0.114321	62452.6	0.000141064	
2680	500	745	14.7703	13.4554	1046	13	9	470	12	71	346	4	0.39378	31263.8	0.000147929	
2386	100	734	24.0383	10.553	993	16	10	482	5	64	336	6	0.068599	73123.8	0.000182916	
2656	466	769	15.2971	12.9239	1037	17	7	483	17	59	348	4	0.372156	32645.4	0.000144676	
2680	477	745	14.7703	13.4554	1046	12	9	470	12	71	346	4	0.376082	31380.4	0.000147842	
2700	483	746	14.52	12.1388	1000	15	10	489	5	72	348	5	0.386606	33328.2	0.000139353	
2621	455	748	17.3329	16	990	15	8	478	9	60	326	4	0.336151	29033.9	0.000175531	
2650	448	734	16.3883	15.7575	1027	17	7	479	5	66	344	5	0.333557	29113	0.000169779	
2677	490	769	13.609	10.8866	1050	10	8	481	1	72	350	6	0.410974	35596.4	0.000128107	
2686	218	775	17.8552	13.5228	981	10	5	486	4	58	334	5	0.180255	37578.2	0.000152114	
2463	103	736	22.1895	10.2728	1032	11	7	475	17	58	346	5	0.077058	71969.3	0.000171262	
2696	424	746	13.1606	11.8573	1028	11	5	479	5	70	350	5	0.356129	34664.1	0.000135391	
2579	500	736	16.6847	14.7734	1033	10	8	482	8	80	340	4	0.362351	29635.2	0.000162866	
2697	500	769	14.9303	13.9007	1046	11	9	483	6	80	343	6	0.407145	30450.8	0.000148104	
2652	473	762	12.2096	10	1031	11	8	473	7	68	341	4	0.411424	38208.3	0.000125739	
2597	436	743	16.1876	13.4334	1040	11	9	473	9	69	341	6	0.324387	31899.3	0.00015193	
2656	423	769	10.4795	10.0185	958	11	4	472	7	62	349	5	0.416198	41270.5	0.000124285	
2552	403	774	12.9637	10	1044	13	7	481	12	70	346	4	0.339199	38739	0.000126887	
2656	423	766	10.4795	10.0185	958	11	4	480	7	56	347	5	0.414574	41495.7	0.000125078	
2372	140	757	23.1164	16	908	16	9	472	4	48	310	6	0.094001	42376.2	0.000204541	
2649	421	754	14.1788	11.2211	1007	14	7	478	15	73	343	5	0.340841	35810.2	0.000134844	
2656	466	770	14.9322	13.2719	1037	17	8	478	17	64	336	5	0.375595	32076.9	0.000147471	
2540	101	743	21.0556	10.6308	1019	14	9	467	17	53	339	4	0.082407	65210.1	0.000170184	
2482	104	767	22.9844	10	986	18	4	476	7	79	346	5	0.079876	75164.5	0.000167084	
2337	113	740	25	15.4081	965	17	5	483	9	76	344	4	0.07261	51241.9	0.00020202	
2357	127	734	21.5302	15.3861	978	17	5	473	7	68	347	4	0.087277	46074	0.000188822	
2402	111	749	23.4664	10.0259	1050	15	9	472	16	80	338	4	0.077703	74837.6	0.000167898	
2342	148	729	22.5218	16	941	16	7	476	5	48	343	6	0.094595	41352.4	0.000202675	
2402	111	771	23.9806	10.1567	1050	15	9	470	17	80	339	4	0.078832	74146.7	0.000167112	
2677	355	769	14.6041	11.0402	1050	10	8	481	12	72	344	6	0.296692	36821.4	0.000130787	
2687	483	746	12.3318	11.4301	997	15	10	490	5	77	350	4	0.412937	34946.1	0.000133404	
2660	279	766	10.0204	10.0185	1028	11	5	474	3	68	342	5	0.318569	44308.4	0.000123946	
2522	356	772	16.499	15.0661	1048	11	7	486	9	75	348	6	0.2687	31083.2	0.000161447	
2629	436	739	15.2841	13.6012	1040	15	9	476	10	62	350	6	0.332379	31620.8	0.000151883	
2550	112	749	24.6937	11.2802	990	14	8	480	15	52	339	5	0.081633	65549.2	0.000170329	
2689	251	747	12.3318	11.8573	997	12	7	490	6	75	348	5	0.241557	38522.1	0.000135906	
2700	438	746	18.0803	14.5886	997	16	10	490	5	75	348	4	0.327066	30365.2	0.000159693	
2652	355	769	14.6715	10.8866	996	14	8	481	1	74	347	5	0.293464	37496.5	0.000131666	
2300	118	757	23.1164	15.384	900	16	9	474	2	50	312	6	0.078842	47201.8	0.00020475	
2664	355	769	16.5415	11.4172	1047	12	5	479	0	72	349	6	0.279994	37667.7	0.0001343	
2503	100	738	23.1422	12.9311	957	14	6	464	7	69	345	5	0.074847	57328.9	0.000184809	
2672	151	729	18.0891	10.1644	1013	14	9	482	19	55	347	5	0.125648	55456.2	0.000138985	
2525	100	740	23.1422	10	998	14	6	471	7	76	344	5	0.075848	74434	0.000172861	
2552	256	774	12.9637	10.1625	1024	13	7	481	14	70	348	6	0.233236	41588.5	0.000127943	
2654	500	743	18.1694	16	1030	11	6	482	4	76	345	5	0.366127	28591.3	0.000171057	
2300	148	735	23.1681	15.4097	949	15	4	484	11	78	311	4	0.09237	44510.5	0.00019988	
2677	384	753	15.5339	12.8532	1015	11	6	467	0	71	344	6	0.30333	33611.6	0.000145391	
2689	395	746	14.2307	11.8573	997	14	10	486	5	75	348	5	0.321648	34572.2	0.000137836	
2592	256	754	14.2891	10.5253	1024	13	7	472	9	70	348	6	0.216648	41166.5	0.000131372	
2349	143	757	22.5218	15.8842	929	16	7	474	5	48	343	6	0.095764	42025	0.000198413	
2696	438	746	12.3318	11.8573	997	15	10	490	5	75	348	4	0.379053	34655.2	0.00013598	
2390	166	754	23.424	15.9166	908	15	9	474	5	47	313	6	0.108586	39589.1	0.0002035	
2496	230	757	15.6641	13.2003	980	12	5	467	9	75	338	5	0.182556	36917.9	0.000153633	
2386	100	734	23.4444	10.553	978	16	5	471	4	64	336	6	0.069687	72629.4	0.000181587	
2496	100	736	21.8137	13.1638	952	10	9	474	17	78	335	4	0.077186	54795.9	0.000184502	
2656	448	769	15.2971	13.0943	1037	17	7	483	0	59	348	4	0.358218	32494.1	0.000145645	
2669	443	739	18.1549	15.9087	1000	14	7	474	3	53	337	5	0.323625	29335.5	0.0001755	
2536	380	758	15.7501	14.3721	1034	11	7	486	8	76	348	6	0.28665	31330.4	0.000157233	
2593	344	738	19.6183	16	958	15	8	478	10	60	344	5	0.24018	30290.3	0.000180083	
2677	355	767	14.0513	11.4172	1047	11	7	479	0	72	348	6	0.300788	35958.8	0.000131857	
2696	468	746	13.1606	11.8573	1025	15	7	490	5	70	346	5	0.389868	34171.9	0.000136426	
2570	266	772	16.1662	12.9427	994	10	4	484	5	71	328	6	0.212659	36031.9	0.000149209	
2559	140	757	19.8884	10	1050	14	6	481	14	56	346	5	0.111392	62705	0.000142511	
2650	448	728	16.3883	15.7575	1027	17	7	479	5	66	341	5	0.33083	29144.6	0.000170736	
2393	140	741	22.1895	10.2777	1032	11	7	474	10	56	344	5	0.095174	67196.8	0.000156789	
2607	204	732	18.1276	16	912	16	8	479	10	68	336	4	0.155265	34804.8	0.000180734	
2519	351	758	14.7447	13.0483	1033	11	7	484	8	80	348	6	0.272586	33366.7	0.000147427	
2677	355	775	14.6715	10.8866	1042	11	8	481	1	72	344	5	0.298296	37223.3	0.000129584	
2386	100	734	22.0641	10.553	978	16	5	471	6	64	345	4	0.072376	69207.6	0.000178603	
2487	295	762	15.4005	12.7253	974	16	8	473	14	78	339	5	0.227547	35055.2	0.000150213	
2382	109	736	23.4444	10.553	978	16	6	470	2	64	336	6	0.074526	69982.5	0.000175009	
2503	100	749	23.0697	14.488	956	14	6	470	7	76	341	5	0.075965	53168	0.000190114	
2353	100	736	21.1808	12.8511	946	11	8	474	14	58	338	4	0.073463	56022.3	0.000187126	
2668	418	754	13.9939	11.5457	1007	14	7	478	13	73	350	5	0.342129	35134.1	0.000135007	
2627	146	761	22.9962	10	1050	14	5	478	5	60	350	5	0.110359	70239.4	0.000143493	
2583	500	740	16.8466	15.3175	1040	11	7	481	8	76	348	5	0.364103	29196.4	0.000165948	
2700	291	750	16.0147	12.2545	1036	12	6	480	4	76	339	5	0.23459	36356.4	0.000140905	
2300	185	740	23.1164	15.5577	911	16	9	475	4	46	310	5	0.113126	38709	0.00020903	
2594	396	760	14.7447	13.1989	1021	11	7	483	9	80	348	6	0.313223	32250.9	0.0001468	
2341	241	745	19.5018	15.9166	942	18	8	460	3	74	336	6	0.158127	33932.4	0.000189825	
2683	268	762	12.2096	10.0185	990	11	5	473	7	62	339	5	0.260022	42608.8	0.000126695	
2574	257	770	12.2433	10.1914	1010	13	7	490	14	70	348	4	0.244335	41436.9	0.000127681	
2681	345	769	15.4416	13.7087	1007	11	6	467	6	75	346	6	0.281993	32799.2	0.000149835	
2590	164	732	16.3264	11.4107	1019	18	8	461	8	77	334	5	0.137901	46250.8	0.000143596	
2570	101	735	24.4779	12.2154	962	10	8	462	8	67	329	4	0.075195	61242	0.000181291	
2695	500	743	16.3412	16	1030	11	5	480	4	76	345	5	0.382087	28611.6	0.000168209	
2652	277	739	12.6286	10.1404	992	12	9	487	10	67	348	5	0.24986	40883.3	0.000128717	
2677	355	769	15.5061	11.4172	1047	11	6	477	0	72	350	6	0.288979	36665	0.000132732	
2583	500	756	15.748	14.4835	1040	11	7	483	8	76	346	5	0.379239	30051.6	0.000156838	
2588	191	770	10.4481	10.0346	1010	13	6	490	4	62	348	6	0.235742	48285.8	0.000125676	
2611	249	756	15.1235	12.607	950	17	8	470	1	59	347	5	0.207034	37133.5	0.000148104	
2450	103	761	22.682	12.459	1027	11	9	474	13	80	336	5	0.078033	58645.3	0.000177368	
2629	163	748	18.7916	10.4213	1040	16	9	471	9	76	329	6	0.131134	53359.3	0.000139626	
2537	109	749	22.877	10.8021	900	14	9	473	16	52	340	4	0.082949	63970.1	0.000168862	
2668	349	754	13.9939	11.3935	1010	14	7	478	13	73	350	5	0.291116	36300.3	0.000134066	
2326	118	757	23.1164	15.384	976	15	9	474	8	50	310	6	0.0799	47984.8	0.000200361	
2386	143	757	22.5218	15.8842	914	16	9	472	7	46	349	6	0.097468	41508.2	0.000198216	
2300	185	743	23.1164	15.5577	900	16	9	475	4	48	310	6	0.113585	38686.9	0.00020842	
2560	405	760	14.8186	13.9237	1021	11	8	481	10	79	348	6	0.315409	31410.3	0.000152905	
2462	186	747	18.4442	15.1494	938	17	9	472	10	50	346	5	0.136865	37186.4	0.000179598	
2677	355	775	15.5061	11.4172	1047	11	7	479	0	72	348	6	0.291234	36445	0.00013245	
2627	138	761	20.3143	10.1642	916	14	5	478	5	64	350	5	0.112194	61585.9	0.000144217	
2497	119	741	21.2802	10	1019	13	6	471	9	55	343	5	0.090136	68603.2	0.000156568	
2550	109	744	22.1098	10.8021	1009	14	9	469	17	54	337	4	0.084632	64513.4	0.000165893	
2418	115	774	21.9507	10	900	11	5	477	4	64	341	5	0.086694	66184.7	0.000160823	
2700	347	769	16.5403	11.4172	1047	11	6	476	2	70	348	6	0.277591	37742.9	0.000133654	
2621	205	750	17.1842	12.9722	1050	14	9	485	3	69	341	5	0.164902	38972.2	0.000148368	
2550	112	749	25	11.4361	990	14	7	464	16	52	339	4	0.081035	64982.6	0.000171674	
2300	185	742	23.1164	15.5577	908	16	9	475	4	46	310	5	0.113432	38696.9	0.000208899	
2415	111	771	23.9806	14.7174	1050	15	9	468	12	77	341	4	0.079345	52294.7	0.00018498	
2439	111	743	23.8756	10.2003	1020	15	6	471	8	80	339	4	0.077381	73746	0.000169033	
2662	500	733	14.9936	15.1794	1042	12	6	482	8	72	337	5	0.3838	29406.5	0.000162575	
2318	151	728	19.9579	15.9166	931	16	7	474	2	59	323	4	0.101358	40702.1	0.000196618	
2384	148	728	20.5277	10.5189	993	11	8	483	5	60	341	6	0.101266	59414.1	0.000155376	
2329	106	773	19.7914	12.3756	905	11	4	485	15	80	324	5	0.083333	55050.8	0.000176678	
2646	385	769	14.4178	10.8866	1050	10	8	481	0	72	350	6	0.31718	36704	0.00012945	
2573	151	735	19.2458	10.1644	1048	14	6	483	17	55	337	4	0.11703	59516.1	0.000143123	
2574	228	770	12.4561	10.0346	1010	13	7	488	4	62	348	6	0.221055	43589.5	0.000127129	
2432	138	772	21.0807	10.0831	944	15	5	478	7	69	344	4	0.102731	61981.3	0.000149993	
2350	100	746	23.9229	14.0069	955	12	6	487	9	59	329	5	0.06843	56478.9	0.000197433	
2300	148	735	21.7281	15.7272	958	18	4	483	11	78	306	4	0.095601	43232.3	0.000198847	
2570	235	775	16.552	11.2719	999	10	4	473	4	71	344	6	0.189988	41660.5	0.0001374	
2376	100	775	21.0807	10.3388	976	16	7	482	2	64	315	6	0.078827	67548.1	0.000172771	
2550	109	743	22.877	10.8021	900	14	9	467	18	52	339	4	0.082783	64223.3	0.000169205	
2583	156	754	16.93	11.19	960	10	7	487	8	61	349	6	0.133718	47592.5	0.000141363	
2645	422	733	16.8466	15.5204	1033	11	7	481	8	78	338	5	0.310996	29395.4	0.000167588	
2484	204	764	17.6737	12.8284	1002	11	9	474	2	74	344	4	0.156039	39401.6	0.00015163	
2349	149	757	22.5218	14.4051	929	13	9	477	5	48	343	6	0.099117	43916.4	0.000186602	
2638	316	767	10.4869	10.2939	1050	12	9	473	7	64	346	5	0.32972	41501.1	0.000124797	
2490	100	744	22.7754	12.4863	967	15	6	484	11	75	344	5	0.07555	59165.1	0.000182083	
2640	472	734	18.5381	15.6474	1033	12	7	487	10	78	333	5	0.337994	29026	0.000170503	
2593	379	737	19.928	16	952	15	8	473	10	60	325	5	0.262292	30012.8	0.000182648	
2552	467	774	12.9637	10	1044	13	7	481	12	68	348	4	0.388068	38306.6	0.000126502	
2644	466	769	14.2496	13.0943	1037	16	7	483	16	59	350	4	0.381068	32308.9	0.000144509	
2502	344	766	16.499	14.9586	1041	11	7	486	10	71	348	6	0.256365	31494.4	0.000162311	
2393	100	740	21.549	10.0563	1030	14	7	468	10	55	331	5	0.074842	73485.9	0.00017452	
2677	355	769	16.5415	11.4172	1047	12	6	477	1	72	348	5	0.28125	37433	0.00013403	
2660	293	766	10.0204	10	1009	11	5	474	3	68	342	5	0.329126	44007.5	0.000124254	
2574	228	770	12.6286	10.0346	1010	13	6	490	4	62	348	6	0.219178	43679.7	0.000127324	
2695	346	769	16.5415	11.4172	1047	12	6	479	2	70	348	6	0.276384	37693.7	0.000133797	
2351	111	738	19.4111	11.7519	944	10	8	488	18	69	311	6	0.084168	56203.5	0.000174581	
2314	143	745	22.5218	15.8842	929	16	9	474	3	63	331	6	0.09266	42783.9	0.000199243	
2696	483	746	12.4737	11.8573	997	15	10	490	9	75	348	5	0.411898	34258.9	0.000136221	
2464	126	774	21.6135	10.395	1050	14	5	477	3	64	312	5	0.095656	66906.6	0.000155715	
2483	117	751	19.8947	13.5968	934	17	8	470	3	62	339	5	0.093573	48548.9	0.000172861	
2552	342	774	14.9916	10.1625	1034	13	6	480	7	74	348	6	0.273189	40559	0.000129433	
2572	265	770	14.3445	12.8626	1029	15	5	481	-0	78	345	6	0.225109	35886.9	0.000143926	
2528	120	735	21.5302	10.9538	975	17	5	471	13	73	341	5	0.090687	61138.7	0.000160333	
2480	100	744	22.7754	15.173	964	15	6	484	12	75	344	5	0.075183	52227.8	0.000194024	
2665	157	751	18.2895	14.1109	945	15	9	480	14	58	308	5	0.131622	41884.7	0.000166445	
2382	152	728	19.1676	15.9771	992	11	8	481	11	79	345	6	0.107681	40971.4	0.000185839	
2307	100	725	20.6463	10.5189	993	11	9	483	5	73	341	6	0.072182	67620.5	0.000179856	
2680	448	729	14.7703	14.3119	1046	16	9	470	17	71	345	4	0.346458	30601.5	0.000156128	
2677	341	770	15.5339	12.3277	1015	11	7	473	0	71	344	6	0.278346	34926.9	0.000139978	
2611	123	774	21.0807	10.0135	1021	14	4	468	0	66	317	4	0.102181	67393.5	0.000148943	
2488	236	736	19.5363	15.4382	1024	11	8	464	10	55	350	6	0.162943	34450.6	0.000176367	
2619	403	774	12.9637	10	1044	13	8	481	13	70	346	4	0.347022	38447	0.000125282	
2402	100	741	23.4444	10.553	978	16	5	473	4	64	336	5	0.07093	72189.7	0.000179986	
2569	280	767	15.3207	12.607	969	16	8	470	1	70	347	5	0.226511	35724.6	0.000146284	
2515	219	769	15.9961	14.5393	999	11	6	467	6	75	346	5	0.17786	35616.4	0.000160565	
2463	100	752	22.9962	10	1012	17	5	478	6	60	350	4	0.075355	76227.3	0.000172622	
2552	256	774	12.6286	10.1914	1010	13	7	490	14	70	348	6	0.237767	41443.1	0.000128403	
2423	117	729	23.1422	12.5226	960	13	9	462	11	79	326	6	0.080205	54900	0.000178063	
2627	466	769	15.2971	13.0943	1037	17	7	484	17	59	348	4	0.368629	32384.2	0.000146434	
2300	185	743	23.1164	15.5577	900	16	9	475	17	64	310	6	0.113585	39078.4	0.000203957	
2513	194	774	16.2888	10.1827	1027	13	8	477	14	69	348	5	0.160897	47798.1	0.000132573	
2393	100	748	21.549	10.0563	1030	14	7	468	10	55	332	5	0.075652	73266.9	0.000173521	
2578	111	771	23.9806	10.0259	1050	15	9	468	17	77	339	4	0.085772	72867.4	0.000159719	
2579	500	734	16.8466	15.6474	1033	10	8	482	8	78	334	5	0.360672	28885	0.000170387	
2437	108	728	20.0068	10.5189	1050	11	8	471	6	76	345	6	0.083329	64221	0.000166306	
2429	129	737	21.6169	13.0752	951	11	8	481	18	73	344	5	0.091264	49998.7	0.000171145	
2337	113	744	25	15.4081	967	18	5	483	9	55	344	4	0.073002	50418.4	0.000204082	
2640	500	733	16.8466	15.6474	1033	12	7	482	8	78	334	5	0.367475	28739.4	0.000168919	
2621	227	750	17.6666	12.2622	1050	14	9	485	3	69	341	5	0.176627	39669.5	0.00014455	
2349	157	757	20.1276	16	914	16	8	474	6	45	324	6	0.10979	39314.1	0.000197785	
2431	137	727	19.2251	11.1646	956	18	8	481	9	67	322	6	0.101021	53685	0.000159541	
2353	100	757	21.1808	12.8511	975	12	8	474	14	54	345	4	0.075559	56328.7	0.000183959	
2539	124	725	19.8884	10.1644	1027	13	7	468	19	55	333	5	0.096629	63412.6	0.000153775	
2564	149	767	18.6324	11.19	908	10	7	474	17	61	331	6	0.122828	50177.3	0.000147297	
2523	100	748	24.4779	12.4863	992	15	6	484	11	75	344	5	0.074262	61462.6	0.000181984	
2337	119	744	23.7332	15.4081	967	10	5	483	9	76	344	5	0.078408	49453.5	0.000195618	
2574	170	751	18.3167	14.6553	1050	11	8	467	19	77	314	6	0.13481	39521.3	0.000165262	
2602	364	753	16.7441	14.1897	971	18	7	485	10	80	348	4	0.273984	31686.2	0.000158428	
2349	177	757	23.1164	15.384	980	16	9	474	6	46	325	5	0.113795	39827.8	0.00019685	
2300	100	739	22.275	13.8413	988	12	6	487	13	59	331	5	0.069164	56745.3	0.00019581	
2559	100	754	20.9299	14.3562	967	11	10	486	17	70	338	4	0.083781	51869	0.00018406	
2552	342	774	14.9916	10.71	1034	13	6	480	7	74	348	6	0.273189	38629.9	0.000132013	
2577	286	754	16.7633	15.0531	988	11	7	483	20	65	344	6	0.217763	32310.9	0.000165207	
2669	328	768	14.6715	10.3378	1033	11	8	472	0	72	344	6	0.275012	39722.1	0.000127975	
2416	114	725	19.1767	10.1644	1044	16	8	481	3	54	331	5	0.088027	64559.8	0.000162048	
2492	100	737	21.8137	13.1638	982	10	9	474	17	80	335	4	0.077142	55004.8	0.000184128	
2700	483	746	14.1989	12.1388	1014	15	10	490	5	75	348	5	0.389527	33236.2	0.000138754	
2513	194	774	12.9637	10.1827	1024	13	7	481	14	69	348	5	0.188266	45299.4	0.000129132	
2300	108	774	21.0807	10.0831	947	14	5	478	4	64	322	4	0.080079	68264.3	0.000168663	
2609	111	761	22.9962	10	1012	14	7	486	2	59	349	5	0.088302	71666.9	0.000158403	
2621	239	750	17.6666	12.2622	1050	14	9	485	3	69	341	5	0.184449	39060.3	0.00014453	
2697	455	734	16.2728	14.4845	1047	12	8	482	11	73	334	6	0.344644	30148	0.000158053	
2636	343	768	16.3489	13.4087	1030	11	6	467	0	71	346	6	0.269659	33239.1	0.000148699	
2540	133	742	21.0556	10.6308	1019	14	9	467	15	53	339	4	0.100737	60213.7	0.000152602	
2569	289	767	13.7601	10.7067	991	12	7	488	7	68	346	6	0.246361	39073.4	0.00013231	
2700	455	733	14.9936	14.4845	1047	12	7	482	8	73	334	5	0.354466	30247.9	0.00015674	
2570	235	775	13.9731	11.2719	1025	10	4	474	4	71	344	6	0.209734	40282.6	0.000133869	
2471	117	736	20.4184	15.2281	962	12	10	474	18	58	347	4	0.089545	46383.3	0.000183419	
2542	242	760	14.4216	13.9346	1021	11	7	483	6	80	348	6	0.20376	35433	0.000153046	
2468	169	739	14.3491	10.5649	960	12	4	460	9	72	342	5	0.148213	47357.6	0.000139373	
2402	111	750	21.3782	10.0259	1036	15	9	468	17	71	338	4	0.082247	69290.2	0.000163908	
2496	100	748	24.4779	12.4863	950	15	6	484	11	75	344	5	0.073292	60743.8	0.000183756	
2415	111	775	23.9806	15.3752	1041	15	10	468	19	77	338	4	0.079756	50621.5	0.000188253	
2669	262	772	19.8149	15.9277	1001	13	8	479	17	70	350	4	0.199746	32264.7	0.000170126	
2320	101	745	22.0658	15.0324	1030	15	6	467	12	57	343	5	0.071525	53388.7	0.000197044	
2552	189	775	12.9637	11.0443	1046	13	7	481	11	70	341	4	0.188086	43554	0.000132802	
2695	150	772	21.201	12.5996	1030	11	5	480	1	66	338	4	0.122246	48712.9	0.00014941	
2567	277	774	12.6286	11.547	992	13	7	488	14	67	348	6	0.253818	37959.3	0.000135153	
2501	157	731	13.5985	11.901	973	15	7	468	4	74	345	4	0.148166	44637.5	0.000145964	
2363	100	728	20.5277	10.5189	993	11	8	483	5	73	341	6	0.074594	66408.2	0.000177746	
2403	114	725	21.2307	10.045	1044	16	7	481	3	54	340	5	0.081681	71418.1	0.000164962	
2700	296	732	14.6871	11.3538	1034	14	9	470	10	80	345	6	0.242768	37758.9	0.00013598	
2639	301	750	15.6579	14.3786	985	11	7	481	10	63	340	6	0.239028	32688	0.000158932	
2645	407	747	19.0834	16	1001	14	4	473	12	58	350	5	0.294143	29687.8	0.000174886	
2626	127	744	20.3621	15.1634	1030	15	8	465	19	77	315	4	0.103024	44731.4	0.000173853	
2432	118	728	21.9401	13.1088	979	10	7	481	6	79	346	6	0.083725	52554.4	0.000175346	
2379	147	730	20.8539	15.3861	978	17	5	482	7	68	347	4	0.100223	42659.6	0.000185117	
2490	100	752	22.7754	12.4863	967	15	6	475	11	75	344	5	0.076362	58907.5	0.000181061	
2376	123	775	21.0807	10.3388	992	13	7	472	2	64	315	5	0.091855	63902.1	0.000159236	
2480	157	775	13.7664	11.8928	949	10	7	464	6	78	348	4	0.153946	44461.3	0.000142328	
2578	111	771	23.9806	10	1005	15	9	468	17	77	339	4	0.085772	71557	0.000160179	
2656	449	747	14.7703	13.6518	1050	16	7	487	17	61	348	4	0.352984	31525.5	0.00015024	
2402	111	754	23.9806	10.0259	1039	15	9	473	17	80	339	4	0.077094	75339.5	0.000168862	
2318	193	728	19.5018	15.9166	931	16	7	474	3	72	323	4	0.12592	36780.8	0.000193798	
2516	152	775	14.2647	11.8928	949	10	7	468	8	77	340	4	0.148304	44924.6	0.000143266	
2613	186	770	15.4682	12.628	1022	12	6	481	14	78	348	5	0.166271	40458.1	0.000142389	
2562	149	754	18.9938	11.19	915	10	7	487	7	61	330	6	0.119473	50734.4	0.000149009	
2610	111	771	23.9806	10.0259	1050	15	9	468	17	77	339	4	0.087034	72845	0.00015873	
2546	134	743	16.451	12.6616	996	16	9	472	7	76	332	6	0.118838	46315.8	0.000155521	
2393	100	744	21.0812	10.0563	1028	14	6	474	10	57	343	5	0.076324	72352.8	0.000172921	
2324	143	740	23.1164	15.384	959	16	9	474	2	46	325	6	0.091392	43466.4	0.000201491	
2418	129	737	18.9993	12.7876	951	11	8	481	13	73	344	5	0.098426	48424.1	0.000165153	
2537	100	749	22.877	10.8021	900	14	9	473	16	52	340	4	0.077791	65827.8	0.000175654	
2349	143	745	21.8201	15.2443	900	16	8	480	0	45	328	6	0.095902	42444.2	0.000197981	
2346	153	760	18.7029	13.1858	1019	14	7	474	9	41	332	4	0.112792	44852.8	0.000168039	
2500	179	748	14.8426	13.2003	980	10	5	468	11	75	337	5	0.154734	40354.3	0.000153657	
2439	113	744	22.7301	10.3757	977	18	5	483	9	76	344	4	0.081396	69019.1	0.000165865	
2645	500	738	16.8466	15.6474	1033	10	7	482	8	78	336	5	0.370584	28745.3	0.000167983	
2556	148	729	18.0891	10.1897	1033	13	6	476	19	58	347	5	0.118033	56614.7	0.000141643	
2612	408	739	15.2936	13.6012	1045	16	9	472	9	61	350	6	0.310276	31997.2	0.000152509	
2620	401	747	14.5835	12.8176	1017	12	8	468	12	60	350	5	0.315614	33188.3	0.000145666	
2691	368	771	15.5339	12.3277	1046	11	6	467	0	79	348	6	0.300056	34631.8	0.000138255	
2593	434	737	19.6183	16	958	15	8	478	10	60	346	5	0.301976	29295	0.00018005	
2385	215	736	19.7597	15.4989	1024	11	9	468	9	52	350	6	0.142722	36162.8	0.000181488	
2693	377	768	15.5697	14.2622	970	11	9	475	9	78	339	6	0.305815	31420.2	0.000155183	
2529	146	752	17.5745	11.3734	915	13	7	472	13	61	333	6	0.121478	48841.2	0.000149544	
2520	140	734	21.5302	15.3861	978	16	5	471	7	68	341	4	0.101643	42929.5	0.000180897	
2700	245	732	16.2693	11.9629	1022	13	10	488	2	66	344	5	0.196895	38567.7	0.000141483	
2550	112	750	21.4077	10.6887	923	11	9	470	1	52	341	5	0.088796	61784.7	0.000162707	
2465	194	736	17.9279	14.5387	946	18	7	462	5	67	337	4	0.14204	37382.8	0.000172206	
2428	119	741	21.2802	10.0563	1001	14	6	471	10	55	343	5	0.087266	68105.1	0.000159591	
2353	100	743	23.1609	15.6049	946	11	5	474	13	58	338	4	0.069886	51972.1	0.000203211	
2615	186	731	17.4755	15.7585	931	14	6	481	5	62	346	6	0.146755	36406.4	0.000176866	
2642	240	763	18.9832	15.63	1017	14	4	490	20	63	325	4	0.183989	33806.3	0.000170445	
2402	111	750	21.1481	10.0259	1050	15	9	468	17	80	338	4	0.082795	68967.1	0.000163345	
2597	114	761	21.5019	10	1039	14	10	478	5	60	329	5	0.093232	68045.5	0.000155376	
2337	152	735	19.3139	14.3707	976	15	6	479	1	67	336	6	0.105944	43365.9	0.000177085	
2353	100	736	21.1808	12.8511	970	11	8	474	14	54	345	4	0.073463	56485.8	0.000186463	
2671	245	732	15.6264	11.9629	1032	11	10	488	2	66	344	4	0.198545	38150.3	0.000140766	
2588	165	770	17.714	10.0346	1010	11	6	490	4	61	348	6	0.138912	53523.8	0.000133565	
2520	114	734	21.9141	15.3861	978	16	5	484	9	71	341	4	0.085715	47907.3	0.000185391	
2477	226	756	16.0232	12.1835	1022	13	10	488	2	67	344	4	0.176009	39299.4	0.000146049	
2503	212	751	17.905	10	998	14	7	474	7	76	347	5	0.158338	49820.1	0.000137118	
2430	215	764	17.3011	12.5187	936	17	8	483	11	76	349	5	0.161141	39266.9	0.000153539	
2501	101	745	22.0658	14.7543	1030	14	6	467	12	57	343	5	0.078316	52429.2	0.000188501	
2567	277	749	12.6286	11.7718	992	12	5	488	4	67	350	5	0.24562	37649.1	0.000138026	
2315	148	733	21.1991	15.7855	928	16	4	476	11	71	349	5	0.097105	42273.2	0.000194477	
2631	466	749	15.3466	13.0771	1037	17	8	472	13	68	349	4	0.359536	32152.9	0.000147102	
2536	393	767	15.7501	14.3721	1033	11	7	486	8	80	348	6	0.299386	31122.3	0.000156323	
2525	240	771	16.0884	13.1584	1038	11	6	467	0	79	348	5	0.192163	36558.1	0.000148258	
2467	138	774	21.0807	10.3481	1025	15	6	473	4	60	341	4	0.104659	62329.2	0.000148434	
2411	194	767	16.5663	13.0425	966	14	9	490	8	73	350	6	0.151084	39856.8	0.000154799	
2372	236	736	19.7597	15.4989	1024	11	9	462	9	54	350	6	0.154178	35170.9	0.000181851	
2360	106	769	21.022	13.7758	904	11	5	485	15	46	330	5	0.080915	51696.1	0.000185763	
2415	111	771	23.9806	15.1634	1041	15	10	468	19	77	338	4	0.079345	51088.7	0.000187652	
2559	315	756	18.3995	15.9772	956	12	7	468	9	65	327	5	0.228628	30829.3	0.000177904	
2668	376	752	14.1788	11.5457	1007	14	7	478	15	73	343	5	0.308673	35609.8	0.00013637	
2605	434	735	17.4385	16	958	13	8	478	11	60	334	5	0.312767	29102.1	0.000177651	
2639	112	747	22.7125	12.2755	1032	11	7	476	4	80	333	6	0.089044	57224.6	0.000166113	
2361	117	735	22.5735	14.6666	974	18	4	482	11	56	344	4	0.07951	49932	0.000190658	
2418	126	774	21.6135	10	900	11	5	477	3	64	312	5	0.093611	64741.9	0.000158378	
2700	245	732	15.6264	11.9629	1022	13	10	488	2	66	344	4	0.200652	38191.1	0.000140706	
2595	186	747	18.4442	15.1494	984	17	9	472	10	50	346	5	0.144572	37155.8	0.00017313	
2509	276	751	15.7501	14.3721	1006	10	5	486	9	80	348	6	0.211114	33601.4	0.000160051	
2436	138	774	20.178	10.0831	953	15	5	473	4	64	350	4	0.105508	60565.7	0.000147319	
2326	108	774	21.0807	10.0831	947	14	5	478	4	64	322	4	0.081156	67890.7	0.000167476	
2552	289	774	13.0155	10.354	972	13	7	488	9	67	348	4	0.255603	39883.9	0.000129786	
2580	165	728	19.1676	10.5189	993	11	8	474	6	79	347	6	0.125134	52650.6	0.000142126	
2516	140	745	22.6695	12.4863	950	14	9	484	9	72	336	5	0.100069	50687.4	0.000164231	
2345	100	744	24.1643	14.0756	949	18	5	483	14	75	344	5	0.068054	56318.9	0.000197707	
2689	440	765	16.807	12.5943	1026	10	6	470	2	71	344	4	0.343055	33848.6	0.000142714	
2528	168	732	18.3642	15.474	984	10	4	482	9	55	328	5	0.127742	38873.1	0.000177242	
2577	277	763	16.0135	11.9286	987	14	10	484	1	73	348	4	0.218783	36868.8	0.000141044	
2352	113	744	21.9903	15.4081	964	16	5	483	9	76	349	4	0.079591	49132.7	0.000191939	
2580	369	732	16.3264	14.9111	1016	17	8	485	10	78	334	5	0.269636	30700.4	0.000165782	
2529	145	730	18.1552	12.811	917	14	7	486	12	60	340	6	0.114527	45378.4	0.000160927	
2323	100	744	22.275	14.1784	988	12	6	487	5	59	333	5	0.070485	55535.5	0.000195198	
2656	466	772	14.598	13.4662	1037	17	8	482	17	67	341	4	0.380321	31579.3	0.00014708	
2700	226	732	13.5435	11.4844	1022	13	10	487	4	67	344	4	0.205563	39911.2	0.000136116	
2614	178	762	17.1334	12.9797	939	11	6	486	9	59	339	6	0.149636	41097.3	0.0001523	
2349	100	757	23.1164	15.384	980	16	9	476	6	49	324	5	0.071056	51757.8	0.000202881	
2672	385	769	14.4375	13.3974	1047	11	6	467	0	75	348	5	0.319987	32553.4	0.000144886	
2627	145	761	15.9753	10.0831	947	14	5	478	5	64	350	5	0.135852	53174.1	0.000135667	
2601	123	725	17.8686	11.1184	1031	13	9	464	15	68	340	4	0.105462	53295.5	0.000153139	
2516	152	775	13.7664	11.8928	949	10	7	464	8	78	346	4	0.153067	44968	0.000142268	
2570	348	771	18.9587	15.9277	1020	12	8	479	17	75	350	4	0.254386	30110.2	0.000170853	
2677	236	768	15.5339	12.101	1047	11	6	467	2	71	348	6	0.203218	38769.8	0.000137419	
2353	106	736	21.905	12.8511	946	11	8	474	13	53	335	4	0.075057	55304.2	0.00018457	
2413	191	743	23.1164	15.5577	917	16	9	474	4	59	310	4	0.12303	37858.4	0.000196117	
2513	194	774	12.5326	10.1827	1018	13	6	481	14	69	348	5	0.193792	45440.8	0.000128883	
2426	152	775	13.7664	11.8928	950	10	7	464	8	75	350	4	0.147383	45117.6	0.000144092	
2579	468	734	16.8466	15.6474	1033	10	8	482	9	78	334	5	0.337347	29050.9	0.000170387	
2453	152	731	15.7839	10.3446	978	14	7	461	10	59	333	5	0.126424	51012.3	0.000144196	
2652	376	754	14.1788	11.5457	1007	14	7	478	15	73	343	5	0.307823	35550.2	0.000136537	
2596	116	729	17.9637	10.1644	905	13	6	488	5	55	346	5	0.10174	59678	0.000155015	
2611	152	775	13.7664	11.3852	936	10	9	483	3	78	346	4	0.159068	45722.6	0.00013776	
2571	235	775	16.7802	11.2719	999	10	4	474	4	71	344	6	0.188789	41845.8	0.000137646	
2502	344	760	15.7501	14.3721	1033	10	5	490	6	80	348	6	0.258919	32173.1	0.000157903	
2570	247	775	16.552	11.2719	1022	15	4	473	9	71	348	6	0.198028	41754.4	0.000136631	
2547	252	745	21.8783	15.9166	927	16	8	465	7	74	324	4	0.171459	33526	0.000185977	
2618	272	733	19.0008	15.6888	993	12	8	479	10	70	344	6	0.195695	32069.6	0.000174186	
2548	241	744	21.8468	15.9166	942	15	8	460	1	74	340	6	0.164385	34069.8	0.000185563	
2552	467	774	12.9637	10	1044	13	7	481	12	70	346	4	0.388068	38211.7	0.000126871	
2700	256	732	15.6264	12.0669	1013	14	8	488	7	66	344	4	0.207966	37629.8	0.000141824	
2537	124	725	19.8884	10.1644	1027	13	7	468	19	55	331	5	0.096544	63488.5	0.000154012	
2450	103	757	22.682	12.459	939	11	9	474	13	80	334	5	0.077623	56928.7	0.00017934	
2567	277	745	12.6286	11.1592	992	12	7	488	14	67	348	6	0.244308	38594.7	0.000135575	
2471	115	729	23.1422	12.5226	975	13	9	464	7	76	324	5	0.080979	55267.4	0.000176274	
2565	146	772	19.0172	12.3412	1030	11	5	480	1	66	325	4	0.120619	48110.6	0.000150331	
2510	220	727	21.7425	15.6301	967	14	9	490	5	77	333	4	0.146203	35149.3	0.00018315	
2502	296	757	16.7352	13.9435	1041	10	9	482	7	80	349	5	0.219802	33516.1	0.000155909	
2699	226	765	18.8163	13.5228	972	12	5	470	19	60	345	5	0.179614	37639.8	0.000154273	
2633	279	766	10.0204	10.0185	1028	11	5	479	3	68	342	5	0.315628	44181.4	0.00012458	
2662	500	733	14.9936	15.0875	1045	12	6	482	8	77	337	5	0.3838	29447.9	0.000161629	
2700	347	774	16.5403	11.4172	1047	11	6	476	2	70	348	6	0.279396	37695.2	0.000133191	
2300	100	744	22.275	14.1784	988	12	6	487	5	59	333	5	0.069632	55846.4	0.000196386	
2583	434	735	16.9786	16	958	13	8	478	10	60	334	5	0.31246	29173.6	0.000177778	
2547	131	735	20.6548	10.4028	1041	14	6	467	19	55	343	5	0.100083	63138.2	0.000151103	
2588	182	749	13.6543	11.3222	1050	10	6	481	11	66	339	5	0.172597	43768.4	0.000136407	
2361	103	747	22.5735	14.6666	984	18	4	482	6	56	337	4	0.073252	53087.9	0.000194856	
2614	393	760	15.4438	13.3834	1037	11	7	486	8	80	341	6	0.306893	31999.2	0.000148192	
2651	500	733	14.9936	14.4845	1033	12	7	482	8	74	334	4	0.382445	29992.8	0.000158253	
2503	100	729	23.1422	14.488	956	14	6	470	7	76	341	5	0.073934	53213.6	0.000192641	
2645	409	748	19.0834	16	1015	13	7	471	12	74	350	5	0.295976	29445	0.00017316	
2613	198	770	14.3445	13.13	1029	15	6	481	3	80	344	4	0.182938	38858.2	0.000144697	
2550	109	744	22.1098	10.8021	1048	15	10	469	17	54	337	4	0.084632	65710.8	0.000165481	
2675	327	767	18.7933	15.3558	1014	13	8	479	17	64	350	4	0.248326	30912.5	0.000164663	
2544	256	770	14.0634	10.1914	1010	13	7	490	17	70	346	6	0.219201	41873.9	0.000130668	
2565	277	760	15.2628	11.9286	987	13	10	484	1	73	343	4	0.222058	36675.7	0.000141363	
2389	100	773	23.9806	14.5661	1050	15	9	468	19	77	339	4	0.072359	55394.9	0.000191461	
2393	100	747	21.549	10.0563	1030	14	7	468	10	51	332	5	0.07555	73396.5	0.000173762	
2416	114	730	21.2307	10.1644	998	16	8	481	3	54	333	5	0.082765	67799.3	0.00016559	
2654	297	746	15.3707	15.1962	1014	15	7	479	9	66	350	4	0.23823	31804.4	0.000162787	
2615	161	730	17.8125	15.2581	1050	17	4	476	20	56	344	6	0.130133	39913.8	0.000170619	
2645	416	729	16.8466	14.9684	1033	11	7	481	8	78	341	5	0.305028	29998.6	0.00016372	
2513	100	729	23.1422	14.488	956	14	6	470	8	76	341	5	0.074291	53207.2	0.000192308	
2475	111	731	23.9806	15.5061	1000	15	6	471	9	77	339	4	0.077471	49564.5	0.000193013	
2503	100	729	23.1422	13.6687	960	14	6	464	7	76	345	5	0.073934	55099.7	0.000189036	
2669	260	759	15.5697	14.9884	964	13	6	487	12	78	339	5	0.216643	33334.9	0.000161551	
2386	148	742	22.5735	15.4081	986	18	4	483	11	79	341	4	0.098309	43878.2	0.000186951	
2502	271	757	15.7501	14.3721	1050	10	5	483	8	56	347	6	0.208947	34236	0.000158907	
2649	374	769	16.5415	15.8696	1047	14	6	479	0	72	350	6	0.292422	29738.6	0.000164989	
2300	100	744	22.275	14.1784	988	13	6	487	4	59	333	5	0.069632	55734.4	0.000196502	
2353	104	736	22.271	12.5808	964	11	9	474	14	53	335	4	0.072938	57515.9	0.000185322	
2468	169	750	14.3491	10.5649	968	12	4	460	9	70	334	5	0.150419	47327.2	0.000139295	
2645	483	735	16.8832	15.2597	1028	11	7	482	6	76	338	5	0.355671	29243.6	0.000165645	
2559	140	757	19.8884	10	952	11	6	481	16	56	334	5	0.111392	60381.9	0.000145096	
2344	100	738	19.4357	13.48	1025	15	7	470	1	68	315	5	0.078005	54340.3	0.000187336	
2609	134	744	19.8224	12.5296	976	16	9	465	3	49	343	4	0.108226	49072.2	0.000159337	
2316	218	748	19.7412	16	906	15	8	460	6	74	324	6	0.142495	34973.2	0.000193949	
2549	304	766	18.8847	16	1003	13	9	490	5	79	336	4	0.221351	30937.4	0.00017325	
2700	151	758	19.8884	10.2788	1050	14	6	482	14	58	335	5	0.125294	59279.9	0.000138696	
2486	111	760	23.9806	10.0259	1039	15	8	474	17	80	339	6	0.080972	74676.4	0.000164474	
2453	148	739	15.5796	10.8206	1050	12	5	460	9	72	342	5	0.126564	50556	0.000142613	
2583	500	734	16.8466	15.3175	1040	11	7	482	8	76	346	5	0.361151	29187.4	0.000166694	
2562	186	754	18.2666	11.19	922	10	7	488	5	61	342	5	0.145217	45930	0.000144676	
2568	315	768	19.0108	16	1003	13	8	490	5	79	336	4	0.230359	30589.5	0.000172563	
2562	215	754	16.8018	12.8423	922	11	7	487	9	68	329	6	0.170178	38423.4	0.000154083	
2409	127	770	22.4979	15.3696	1018	13	5	467	13	80	336	5	0.091576	46828	0.000182382	
2384	112	734	21.5302	15.0231	978	16	7	471	9	75	341	4	0.080321	48927.5	0.000189215	
2669	161	752	20.3641	14.1634	1025	14	9	470	11	50	345	5	0.12717	42013.8	0.000163159	
2459	100	728	20.5277	10.5189	993	11	8	483	5	73	341	6	0.078224	65119.2	0.000174703	
2431	125	731	21.3892	10.9762	973	10	8	479	10	63	322	6	0.088954	60474.7	0.0001638	
2502	300	766	15.7501	14.3721	1050	11	7	486	6	64	342	5	0.230853	33131.6	0.000157629	
2568	304	768	18.8847	16	1003	13	8	490	5	79	336	4	0.223503	30895.4	0.000172414	
2559	124	727	19.8884	11.0511	939	13	7	481	13	55	331	5	0.097758	56658	0.000158604	
2700	298	768	15.5697	12.883	970	11	7	480	8	78	339	6	0.248634	34838.1	0.000145117	
2550	112	750	21.4077	10.6887	927	11	9	470	1	52	341	5	0.088796	61815.7	0.000162628	
2431	129	731	21.393	11.1646	956	10	8	481	10	63	324	6	0.091154	58227.3	0.000163613	
2541	201	769	13.2124	10.8395	1041	15	7	473	18	69	339	5	0.190651	43302.3	0.000133458	
2416	108	727	20.7257	12.3354	1050	10	8	471	6	56	345	6	0.080257	57823.2	0.000175131	
2629	159	743	15.9456	13.4334	1005	16	9	472	9	78	329	4	0.141439	41827.2	0.000153917	
2536	393	767	15.488	14.3721	1033	11	7	486	8	80	348	6	0.301449	31137.3	0.000156055	
2503	100	756	23.1422	10	998	14	6	471	7	78	347	5	0.076672	73974.5	0.000171556	
2588	191	775	10.4481	10.0346	1010	13	6	490	4	62	348	6	0.237272	48287.3	0.000125251	
2350	123	734	21.5302	15.3861	981	17	6	471	10	64	338	6	0.084835	46677.5	0.000191022	
2668	418	754	11.9458	11.5457	1013	14	7	478	10	73	350	5	0.371515	35836.2	0.000133245	
2515	240	764	16.499	14.9586	1041	11	7	486	10	71	348	6	0.187203	34393.9	0.000162153	
2349	202	757	22.5218	15.8842	918	16	7	474	5	48	344	6	0.129354	36534.3	0.000199005	
2568	315	764	19.0108	16	1003	13	8	490	5	79	336	4	0.229159	30592.7	0.00017304	
2618	217	727	15.6264	14.9734	1017	15	10	488	3	66	324	4	0.175518	35308.3	0.000166778	
2670	355	769	15.5061	11.4172	1047	11	6	479	0	72	348	6	0.288287	36619	0.000133138	
2349	143	758	20.0822	15.1036	904	16	9	474	2	46	328	6	0.102578	41905.1	0.000190367	
2393	119	747	21.2802	10.0563	1028	14	6	468	12	55	343	5	0.086506	69668.8	0.000159821	
2527	137	755	19.382	11.1646	1001	18	6	475	10	79	328	6	0.109525	53837.2	0.00015067	
2613	257	731	18.8783	14.9734	1038	15	8	480	2	78	324	4	0.185789	33450.5	0.000168124	
2663	251	757	18.2879	15.5934	1044	11	8	472	2	49	335	5	0.193922	33408.5	0.000169924	
2376	111	771	23.9806	15.1634	1041	13	10	468	18	77	338	4	0.077807	51495.4	0.000189681	
2386	114	734	23.4444	10.553	978	16	10	489	5	64	336	6	0.077146	68741.7	0.000172533	
2402	111	771	21.1481	10.0259	1050	15	9	468	17	80	338	4	0.085114	68445.2	0.000161005	
2677	355	769	16.2221	13.3974	1047	11	6	467	3	75	346	5	0.283353	33033.8	0.000146628	
2528	112	734	21.5302	10.9538	975	16	5	471	13	73	341	4	0.086031	62119.9	0.000164718	
2552	256	774	12.2146	10.1914	992	13	7	490	14	74	348	6	0.243587	41391.4	0.000128337	
2337	195	726	18.2172	14.1767	957	12	7	477	3	67	340	5	0.132093	38779.1	0.000174277	
2465	194	745	17.9279	14.5387	946	18	8	462	5	67	335	4	0.143777	37232.5	0.000171321	
2515	112	732	21.5302	10.9538	975	16	5	471	15	73	341	4	0.085282	62112.6	0.000165344	
2505	296	766	11.6798	11.4316	1039	11	10	483	0	72	346	6	0.27356	38281.4	0.000134916	
2300	100	729	21.1664	12.445	965	13	9	474	11	79	345	5	0.070788	58121.6	0.000188076	
2677	355	769	14.6715	10.8866	1034	12	8	481	1	72	344	5	0.295987	37278.8	0.000130378	
2584	182	749	15.4976	11.3222	1047	11	6	481	11	66	339	5	0.157386	44484.2	0.000138408	
2559	376	748	19.3674	15.9772	956	13	9	468	8	61	336	5	0.263655	29927.9	0.000179953	
2548	112	750	19.9557	10.104	935	12	6	470	16	50	344	5	0.09274	63785.9	0.000158529	
2621	186	750	19.2597	12.2622	1050	14	9	473	3	69	337	5	0.143611	43879	0.000147514	
2590	358	734	16.8466	15.5988	1033	10	8	482	8	78	334	4	0.261183	30090.5	0.000169607	
2550	109	737	23.0379	10.8021	1009	14	9	472	18	52	342	4	0.081542	66655.2	0.000168294	
2513	194	774	14.6239	10.161	1048	13	7	481	14	69	348	5	0.171795	46558.1	0.000130141	
2550	112	742	20.1766	10.6887	1015	12	5	470	16	52	347	5	0.091269	62260.8	0.000160282	
2606	393	760	15.7501	14.5832	1033	11	7	486	8	80	341	6	0.303983	30650.2	0.000157257	
2699	215	754	18.8163	14.6437	972	13	5	470	19	62	345	5	0.169744	36284.3	0.000163479	
2413	172	747	16.6164	12.2325	1004	14	8	482	17	50	339	5	0.134248	43654.5	0.000154202	
2349	143	757	23.1164	15.384	1000	16	9	474	2	74	310	6	0.094633	44577.4	0.000191608	
2656	449	749	14.7703	13.6518	1050	16	7	487	17	61	348	4	0.353929	31520.8	0.000150038	
2645	500	733	16.8466	15.6474	1033	12	7	482	8	78	334	5	0.368073	28747.5	0.000168776	
2468	169	739	15.5796	10.5649	1050	12	5	460	9	72	342	5	0.139801	49396.6	0.000138562	
2372	236	736	17.6523	14.9099	1048	11	6	468	11	59	350	6	0.162177	35837.4	0.000171969	
2612	151	757	17.951	10.1644	1030	14	6	478	19	69	338	5	0.127931	54967.3	0.000137533	
2560	396	760	14.7447	13.1989	1021	11	7	483	9	80	348	6	0.309562	32339.6	0.000147623	
2620	407	747	15.036	12.4809	1010	12	8	475	12	60	348	5	0.315832	33618.6	0.000144175	
2552	289	774	12.8184	10.354	972	13	7	488	9	67	348	4	0.258244	39909.2	0.000129618	
2700	296	745	14.6871	12.4605	1034	14	9	477	11	63	344	5	0.24708	35474.4	0.000141924	
2555	100	743	24.4382	10.358	1019	11	9	464	8	56	339	4	0.074909	74758.4	0.000174398	
2569	173	768	13.7601	10.7067	999	12	7	488	7	68	348	6	0.168562	45525	0.00013238	
2559	234	732	17.1336	12.5609	1018	16	8	464	11	68	339	6	0.175066	38482.9	0.000151378	
2496	108	736	21.8137	13.1638	952	10	9	474	17	55	335	4	0.081638	53327.6	0.000178955	
2348	241	745	19.5018	15.9166	927	15	8	460	3	74	324	6	0.158598	33812.6	0.000190476	
2669	443	733	18.1549	15.9087	1000	14	7	475	3	53	337	5	0.320998	29374.1	0.000176211	
2498	131	735	22.0704	10.8494	1041	14	6	482	19	55	338	5	0.093968	63608.7	0.000158153	
2402	194	769	16.5663	13.0425	911	14	9	490	8	73	350	6	0.150899	39430.3	0.000157505	
2570	101	735	24.4779	12.5563	965	18	8	462	8	67	329	5	0.075195	60050.9	0.000183016	
2502	344	757	15.7501	14.3721	1033	10	5	489	7	80	348	6	0.257897	32169.7	0.000158253	
2677	385	769	14.4178	10.8866	1050	10	8	481	1	72	350	6	0.320514	36720.7	0.0001288	
2564	376	748	18.6667	15.9772	956	12	7	468	11	69	336	5	0.266816	29887.8	0.000178285	
2326	118	757	23.1164	15.384	900	16	9	474	2	50	310	6	0.0799	47086.9	0.000203293	
2520	140	739	20.9324	15.2476	978	16	5	485	7	67	341	4	0.103483	43188.7	0.000177494	
2561	182	749	13.6543	11.3222	932	10	9	481	14	58	339	5	0.17078	43249.3	0.000140469	
2333	122	757	23.1164	15.4142	915	16	9	474	2	50	331	6	0.082363	46508.3	0.000199442	
2674	358	772	16.499	15.0661	1048	11	8	486	9	75	348	6	0.284985	30427.1	0.00015748	
2574	170	770	18.3167	14.6553	1050	11	7	467	20	77	314	6	0.13822	39598.2	0.000163132	
2598	170	775	18.3167	14.1811	1050	11	8	469	5	76	314	6	0.140488	40169.2	0.000158604	
2633	448	733	18.6263	16	1027	17	4	478	6	58	346	5	0.318666	29390.8	0.000176025	
2653	220	742	14.5455	12.0149	977	13	6	488	7	50	346	5	0.191531	39934.9	0.000143287	
2503	100	740	23.1422	10	998	14	6	471	7	76	347	5	0.075049	74542.9	0.000173461	
2682	251	764	18.3532	14.8016	1038	10	8	476	3	49	348	4	0.197102	34160.5	0.00016116	
2593	138	774	19.0232	10.6329	992	14	9	472	3	68	325	6	0.117357	54456.2	0.000144259	
2645	386	733	16.8466	15.5204	1033	11	7	482	8	78	334	5	0.285439	29765	0.000167813	
2700	355	769	16.2221	13.3974	1047	10	7	465	18	75	346	5	0.28559	32925.7	0.000146199	
2357	127	738	21.5302	15.1243	978	13	5	473	8	80	347	4	0.087752	46633.2	0.000186081	
2700	152	735	19.3139	14.3707	983	15	6	479	1	67	336	6	0.123918	42195.9	0.000164339	
2593	124	725	18.7801	11.5799	1050	13	6	481	18	55	340	5	0.102324	54056.4	0.000156201	
2661	115	748	21.2047	11.2955	946	11	6	467	15	67	326	5	0.095452	59026.8	0.000160026	
2420	106	746	17.922	13.3035	920	16	6	472	18	80	318	4	0.090582	50818.4	0.000178285	
2565	224	742	14.7489	10.6041	943	12	6	481	4	68	345	6	0.186638	42776.6	0.000136575	
2584	138	734	21.2124	12.1521	1006	16	5	478	8	65	344	5	0.103935	52405.6	0.000157282	
2677	449	770	15.5339	12.3277	1015	11	6	467	0	71	344	6	0.359711	33972.9	0.000140174	
2409	241	745	19.5018	15.9166	942	18	8	460	3	74	337	5	0.162707	33562.8	0.000186289	
2351	111	734	19.4111	11.4892	944	10	8	488	20	75	311	6	0.083712	57047.5	0.000174307	
2633	448	733	16.7612	16	1027	17	4	478	7	58	346	5	0.328426	29234.1	0.000173883	
2341	241	754	19.5018	15.9166	942	18	9	460	10	74	340	6	0.160037	33899.2	0.000188466	
2649	355	769	16.5415	11.4172	1047	12	6	479	0	72	348	6	0.278543	37414.6	0.000134771	
2660	254	766	10.0204	10.0185	970	11	4	474	2	68	342	5	0.299912	45777.7	0.000125047	
2326	118	757	23.1164	15.447	982	15	9	474	8	50	310	6	0.0799	47954.8	0.000200521	
2581	116	745	22.1098	10.8021	1019	12	9	469	16	60	338	4	0.090037	63082.8	0.000159668	
2516	152	775	13.7664	11.3852	949	10	9	463	3	78	346	4	0.153067	45648.3	0.000139451	
2315	148	734	21.1991	15.7855	933	16	4	483	11	79	350	4	0.097237	42592.3	0.000193611	
2405	128	731	20.3073	10.9188	963	18	9	481	10	67	322	6	0.092196	57696.3	0.000163052	
2427	111	754	23.9806	10.2823	1039	15	9	473	20	80	339	4	0.078058	72673.2	0.000168464	
2550	109	748	22.1098	10.7662	1015	14	9	467	16	54	337	4	0.085087	64813.8	0.00016518	
2550	109	743	23.0379	10.8021	1019	12	9	465	19	52	342	4	0.082206	66737.4	0.000167196	
2446	109	775	21.461	10.0259	1050	15	9	468	17	80	339	4	0.085664	68541.2	0.000160643	
2519	197	731	22.1325	16	1020	14	10	488	3	64	324	4	0.132616	36622.7	0.000185563	
2389	218	736	19.5363	15.6666	1024	11	7	462	0	54	344	6	0.145867	35704.1	0.000182582	
2645	398	747	19.0834	16	1020	13	4	480	12	57	350	5	0.287697	29750.9	0.000173581	
2615	140	775	19.5366	14.6553	1015	15	7	465	15	77	319	5	0.118025	43123.7	0.000164663	
2324	113	740	25	15.4081	965	17	6	483	9	76	344	4	0.07212	51216.9	0.000203046	
2559	131	735	19.8884	10.4838	1041	14	6	482	19	55	335	5	0.102899	60848.1	0.000150807	
2522	130	775	17.8552	13.1047	981	10	5	486	4	58	334	5	0.113805	47101.9	0.000157704	
2349	143	744	20.1058	15.2443	900	16	8	478	0	46	330	6	0.100685	41702.4	0.000193386	
2502	344	766	15.7501	14.3721	1050	15	7	486	9	71	342	4	0.260963	32085.3	0.000157629	
2677	328	768	14.6715	10.8866	1050	11	8	473	0	72	344	6	0.275775	38023.7	0.000130073	
2636	209	763	18.3532	11.9723	1027	10	7	476	3	49	348	5	0.165674	42519	0.000143823	
2666	110	743	21.7885	11.0055	1030	14	6	484	2	75	338	5	0.090233	62839.2	0.000161865	
2353	117	736	20.5256	12.8511	953	11	8	474	13	62	335	4	0.084094	52101.9	0.00017584	
2300	100	744	23.9229	14.0069	948	12	6	487	9	58	335	5	0.066451	56797.3	0.000200642	
2594	148	767	17.4755	12.4354	1037	14	8	472	9	78	339	6	0.128572	45586.4	0.000146972	
2405	193	743	19.5018	15.9166	931	16	9	465	2	67	321	4	0.133546	36104.1	0.000188359	
2634	246	745	14.3899	10.5932	992	12	7	478	14	61	343	6	0.210079	41712.7	0.000133636	
2513	194	771	12.9637	10.2746	1018	13	7	480	14	70	348	5	0.187536	44990.4	0.000129938	
2350	100	734	21.5302	15.3861	978	16	6	471	7	64	336	6	0.072629	51525.7	0.00019972	
2393	122	749	21.7807	10.0563	1030	14	5	474	10	56	350	5	0.086741	71427.6	0.000159185	
2622	138	766	15.7284	10.6629	1011	17	5	481	0	80	344	4	0.133202	51110.8	0.00013885	
2621	280	767	15.1675	12.607	1022	15	8	470	1	68	344	5	0.232202	35680.8	0.000143082	
2323	100	742	22.5661	14.1784	988	12	7	487	5	59	333	5	0.069765	55672.9	0.000195963	
2559	140	755	18.6641	10	952	11	6	481	16	56	334	5	0.1152	57970.8	0.000143575	
2604	161	758	16.3585	10.7711	984	15	9	468	7	56	331	5	0.141723	48756.8	0.000139997	
2656	289	769	14.7703	13.6518	1037	17	8	480	17	71	341	4	0.244766	33739.9	0.000148434	
2593	291	769	17.2798	14.5691	1014	15	8	474	15	59	348	5	0.224226	32840.2	0.000160308	
2559	131	743	21.8392	10.4838	964	14	6	482	19	55	335	5	0.098214	63330	0.000154823	
2650	453	735	16.3883	15.0883	1016	17	4	480	8	66	348	5	0.337672	29948.3	0.000164826	
2349	167	757	22.9715	15.5577	908	15	9	476	4	47	313	6	0.108683	39939	0.000201694	
2658	380	730	16.3664	15.5204	1033	11	7	482	8	78	334	5	0.284004	29808.2	0.000167308	
2639	111	765	25	15.1634	1041	14	9	468	19	77	349	4	0.085607	50340.4	0.000180832	
2456	111	739	23.9806	10.2003	1020	15	6	471	9	77	339	4	0.077601	73872.7	0.000168805	
2559	314	748	17.6625	15.9772	956	13	9	468	8	61	336	5	0.228763	30734.9	0.000177809	
2675	327	772	18.7933	15.3558	1014	13	8	479	17	64	350	4	0.249945	30912	0.000164123	
2593	138	774	19.1068	12.443	992	14	9	471	3	68	325	6	0.116742	47801.1	0.000152858	
2393	138	749	21.7807	10.0563	1030	13	5	473	9	56	349	5	0.095644	69426.7	0.000154273	
2700	440	765	16.807	14.1541	1038	10	6	470	2	71	350	4	0.344296	31126.8	0.000152439	
2566	100	734	22.8209	10.553	916	16	10	489	3	64	336	6	0.077284	68353.8	0.000175439	
2642	220	763	17.5723	15.5671	1030	14	4	490	20	63	325	4	0.177128	34613.6	0.000167954	
2662	500	733	16.9537	15.1794	1039	12	6	489	8	72	329	5	0.369382	29228.4	0.000165071	
2544	256	770	14.0634	11.4847	1010	13	7	490	7	68	346	6	0.219201	38641	0.000136949	
2300	100	729	21.1664	12.445	971	13	9	476	11	79	345	5	0.070788	58350.1	0.000188005	
2522	356	766	16.499	14.9586	1050	11	7	486	9	75	348	6	0.266612	31200.4	0.000161212	
2300	113	744	22.7301	15.115	977	17	5	483	7	76	344	4	0.075917	50906.1	0.000194894	
2441	128	728	20.3073	10.9188	955	18	9	481	10	77	322	6	0.093378	57125.3	0.000161577	
2645	500	734	16.8466	15.6474	1033	10	7	482	8	78	334	5	0.368575	28734.9	0.000168577	
2627	138	760	21.0807	10.0831	947	14	5	478	5	64	340	5	0.110225	63579.1	0.00014476	
2522	356	760	16.499	14.9586	1050	11	7	486	2	75	348	6	0.264524	31203.1	0.000161838	
2418	191	743	22.7433	15.5577	908	15	9	474	5	62	310	6	0.12447	37606.9	0.000194553	
2677	355	770	15.6065	11.4172	1047	11	6	475	1	63	350	6	0.288656	37042.4	0.000133049	
2415	111	765	25	14.8738	1041	15	9	468	19	77	341	4	0.076977	52494	0.000189394	
2393	138	741	21.179	10.0563	1028	14	6	471	10	56	343	5	0.096279	67271.1	0.000154273	
2623	187	771	18.319	15.0339	1030	12	9	463	14	80	347	4	0.152172	37083.7	0.000162813	
2548	109	736	23.0379	10.8021	1019	13	9	467	19	54	342	4	0.081356	66877.4	0.000168067	
2677	355	769	14.6715	10.8866	1050	10	6	470	0	72	348	6	0.295987	37835.9	0.000129333	
2663	251	757	18.7316	15.5934	1044	11	8	472	13	49	335	5	0.192641	33343.8	0.000170474	
2499	111	775	22.6746	15.3752	1041	15	7	468	19	77	349	4	0.086075	49186	0.000181686	
2604	151	758	16.7907	10.5931	1046	14	6	478	17	60	336	5	0.133046	51614.1	0.000138466	
2568	304	771	18.4402	16	1001	13	8	490	5	79	336	4	0.225689	30893.9	0.000171644	
2337	113	744	22.7301	15.3539	967	16	6	483	9	76	344	5	0.077376	49737.4	0.000194326	
2405	128	739	20.3073	10.9188	963	16	9	481	10	67	322	5	0.093205	57454.4	0.000161681	
2559	131	735	20.6548	10.4028	1041	14	6	482	19	55	343	5	0.100613	62962.3	0.000150875	
2391	111	771	23.9806	15.1634	1019	13	10	468	18	77	338	4	0.078398	50872.6	0.000189538	
2508	155	739	24.4779	15.9694	950	15	8	460	8	67	329	6	0.10401	40896.3	0.000194212	
2369	147	768	18.8847	16	981	13	8	475	5	79	336	4	0.111152	41276.2	0.000182282	
2687	289	769	14.7703	13.6518	1037	17	8	480	17	67	341	4	0.24747	33847.5	0.00014817	
2459	219	769	15.9961	14.5393	990	11	6	468	6	76	346	5	0.173911	35820.1	0.000162522	
2579	182	749	15.4976	11.3222	1047	11	6	481	9	66	339	5	0.157074	44516.9	0.000138504	
2431	129	727	19.2251	11.1646	956	18	8	481	9	78	322	6	0.096593	54307.5	0.000161082	
2389	100	773	23.9806	13.7294	1050	15	9	468	19	77	339	4	0.072359	57615.1	0.000187935	
2349	114	743	20.3988	14.8038	900	15	8	478	0	46	328	5	0.08364	47220.4	0.000192753	
2699	172	765	14.7272	11.0258	972	12	5	469	5	59	342	5	0.167065	45993.4	0.000134174	
2490	147	740	19.4125	13.9353	929	11	7	487	5	68	334	5	0.110816	43391	0.000168691	
2300	185	743	23.1164	15.5577	993	16	9	475	4	65	338	6	0.113585	40193.5	0.000196194	
2559	140	753	18.6641	10.8923	952	11	6	484	15	56	334	5	0.114895	53223.5	0.00014771	
2609	111	761	22.9962	10	1012	14	5	478	1	60	350	5	0.088302	72728	0.000158303	
2570	116	745	22.1098	10.8021	1019	12	8	469	16	60	338	4	0.089592	63277.5	0.000159974	
2677	355	769	15.5061	11.4172	1047	11	6	479	0	72	348	6	0.288979	36629.6	0.000132996	
2547	131	735	15.8798	10.4028	1001	14	6	467	19	55	343	5	0.119205	53388.7	0.000145455	
2617	175	775	19.5366	14.6553	1003	12	7	465	16	77	320	6	0.140426	39137.7	0.000164312	
2419	101	745	22.0658	10	1030	14	7	467	12	55	343	5	0.075239	74608.3	0.00017298	
2471	117	736	20.4184	15.2281	962	11	10	474	18	58	347	4	0.089545	46431.3	0.000183284	
2672	151	729	17.2106	10.1644	1013	14	6	482	19	55	347	5	0.129771	54721.4	0.000137855	
2568	289	768	18.8847	14.6251	1003	13	8	490	5	77	331	4	0.213317	32827.6	0.00016292	
2341	250	744	20.5591	16	927	15	8	461	3	74	332	6	0.159753	33662.9	0.000193087	
2350	100	734	21.5302	15.3861	981	16	5	471	10	64	336	6	0.072629	51740.9	0.000199681	
2574	228	770	12.6286	10.1914	1010	13	7	490	14	70	348	6	0.219178	42766.4	0.000128222	
2539	219	733	16.2692	14.9061	1047	17	6	478	5	53	349	5	0.169369	35451.7	0.000167504	
2645	500	733	17.3587	15.4692	1035	12	7	482	9	77	334	6	0.36446	28933.5	0.000168067	
2464	126	769	21.5758	15.3555	1050	15	5	477	9	80	312	4	0.095038	46719.1	0.000178731	
2552	137	751	20.1201	12.4025	1015	12	9	470	16	69	340	5	0.10721	49292.5	0.00015569	
2656	466	745	14.7703	13.6518	1050	17	8	483	16	70	345	4	0.364835	31179.6	0.000149948	
2596	272	735	17.3093	15.0851	1006	14	8	480	8	65	350	6	0.202134	32664.9	0.000167252	
2357	160	734	21.5302	15.0386	975	17	5	473	7	68	347	4	0.10524	41962.8	0.000185254	
2336	113	744	25	15.4081	968	18	5	483	9	79	337	4	0.072964	51361.6	0.000201816	
2547	131	735	20.6548	10.4028	1041	13	5	467	19	55	343	5	0.100083	63762.6	0.000150943	
2550	116	748	19.3822	10.7662	1015	12	10	473	17	54	337	4	0.097208	58186.4	0.000156421	
2300	127	738	21.5302	12.4375	978	13	5	473	8	80	347	4	0.085314	54216.1	0.000173702	
2689	425	756	14.3872	12.5943	1024	11	9	480	6	69	330	4	0.347169	33045.6	0.000142796	
2349	143	757	20.7994	15.384	959	16	7	483	2	45	329	6	0.100229	42367.2	0.000191424	
2677	355	769	14.6715	10.8866	1037	12	8	481	1	72	344	5	0.295987	37281.7	0.00013031	
2346	153	760	18.7029	13.1858	1037	14	7	474	9	43	332	4	0.112792	45239.6	0.000166861	
2613	257	731	18.8783	14.9734	1050	15	8	480	3	78	329	4	0.185789	33462.9	0.000167168	
2524	189	745	21.8783	15.9166	927	16	8	465	6	74	324	4	0.131214	36850.9	0.000186881	
2442	236	736	17.6523	15.8654	986	11	6	462	10	59	350	6	0.166929	33678.7	0.000180278	
2604	161	763	16.3585	10.7711	994	15	9	468	7	56	331	5	0.142658	48750.6	0.000139276	
2349	143	757	22.5218	15.1153	914	16	9	474	2	46	343	6	0.095764	42847.9	0.000194818	
2590	164	732	16.3264	11.1399	1019	18	8	461	10	77	350	5	0.137901	47193.7	0.000140233	
2471	103	761	22.682	11.885	1027	11	9	474	13	78	336	5	0.078838	60709.6	0.00017452	
2554	100	729	22.0967	15.2072	973	13	8	482	10	80	348	4	0.078019	51133.7	0.00019216	
2341	241	744	21.8468	15.9166	927	15	8	460	3	74	340	6	0.150947	34467.1	0.000195008	
2638	252	753	13.7525	13.9967	1029	11	9	489	2	80	335	6	0.222446	35009.7	0.00015193	
2397	109	749	24.4314	10.8021	900	14	9	473	13	56	340	4	0.074727	65066.5	0.000177968	
2337	195	735	17.7878	14.1767	957	12	6	479	3	67	344	6	0.135366	38775.2	0.000172206	
2451	131	742	16.5738	12.7896	968	13	9	486	5	62	339	6	0.111602	46924	0.000160205	
2579	348	771	18.9587	15.9277	1014	11	8	479	17	75	350	4	0.255213	30018.8	0.000170823	
2315	148	728	21.1991	15.7855	933	16	4	483	9	79	339	4	0.096442	42528.4	0.000195084	
2663	340	750	18.9587	16	997	11	9	479	17	68	350	4	0.25017	30024.4	0.000172444	
2384	148	743	20.5277	10.5189	991	11	8	483	4	62	341	6	0.103352	59019.2	0.000153704	
2550	144	743	17.4755	12.2347	966	14	5	490	5	67	336	6	0.119884	47024.3	0.000152648	
2349	143	757	23.1164	15.384	959	16	9	474	2	46	325	6	0.094633	43299.4	0.000197589	
2468	215	764	17.3011	12.1725	936	17	8	483	16	80	350	5	0.163682	39978.1	0.000149813	
2496	138	745	23.8517	12.4863	950	15	6	485	11	75	344	5	0.095679	52818.8	0.000167673	
2471	145	738	19.9923	15.2281	952	10	9	475	19	53	335	4	0.10677	41788.1	0.000180408	
2677	127	769	16.5415	11.4172	1047	12	6	477	2	72	348	5	0.124751	50369.6	0.000144342	
2634	115	741	20.4512	11.3921	1015	11	7	467	18	78	326	4	0.095807	56860.3	0.000159413	
2629	132	743	20.5798	13.4334	1040	16	9	472	9	76	329	6	0.105428	47621.2	0.00016176	
2517	144	727	19.3237	11.2109	966	14	7	485	5	78	342	6	0.109005	52028.9	0.000151515	
2597	151	729	19.2318	10.1644	1041	14	6	482	19	66	342	5	0.117248	58562.9	0.000141804	
2700	377	767	15.5697	14.2622	970	10	8	475	12	78	339	6	0.306137	31444.5	0.000155111	
2622	100	745	25	12.4863	933	15	9	484	17	69	344	5	0.076304	60923.2	0.000181488	
2552	289	775	15.0913	10.354	1007	13	7	488	9	66	348	4	0.235609	40884.9	0.000131148	
2582	376	748	19.3674	15.9772	956	12	7	468	8	65	336	5	0.265823	29974.6	0.000178827	
2423	117	729	23.1422	12.6149	960	13	9	462	11	79	326	6	0.080205	54561.3	0.000178508	
2633	448	733	18.793	16	1027	17	4	478	7	58	346	5	0.317967	29394.3	0.000176243	
2648	466	772	16.839	14.666	1033	17	8	482	17	67	341	4	0.361506	30014.4	0.000157803	
2447	104	742	22.9844	10	987	18	4	483	6	79	341	4	0.075965	76121.8	0.000171262	
2593	274	736	17.7431	16	990	14	8	478	10	60	326	4	0.200967	31828	0.000177999	
2554	157	725	21.4473	12.5226	1013	16	7	468	4	74	345	4	0.111716	47987.1	0.000158856	
2329	102	767	21.7726	13.77	905	11	5	487	14	80	322	5	0.075622	53944.8	0.000189394	
2443	108	728	19.1676	12.5299	1002	11	8	481	6	77	345	6	0.086234	53482.1	0.00017331	
2615	186	731	17.4755	15.7585	913	14	5	481	5	59	346	6	0.146755	36357.5	0.000178444	
2663	340	750	15.7404	16	997	11	9	479	6	67	350	4	0.267756	30256	0.000169062	
2402	111	766	21.1481	10.0259	1048	14	9	468	18	46	338	4	0.084562	69779.1	0.00016239	
2489	112	743	20.4028	13.0237	1032	12	7	483	6	76	333	6	0.088317	52951.3	0.000171233	
2609	163	744	20.0317	12.5296	977	16	9	464	4	49	343	4	0.125199	45671.3	0.000157406	
2497	115	742	22.9698	16	1028	13	5	471	10	63	343	5	0.084015	47730.9	0.000189107	
2577	334	769	15.3197	13.9007	1046	11	9	490	6	80	347	6	0.265471	32244.3	0.000150648	
2583	148	729	18.0891	10.1897	1033	13	6	476	19	66	347	5	0.119379	55942.1	0.000140607	
2570	210	775	16.552	11.2719	1022	15	4	473	9	71	344	6	0.173424	43726.8	0.00013725	
2349	166	743	23.424	15.4128	908	15	9	474	4	47	313	6	0.10499	40471.9	0.000203998	
2336	113	744	25	15.4081	968	18	5	483	9	76	337	4	0.072964	51301.1	0.000201898	
2596	123	757	17.1204	10.3877	971	13	6	488	10	55	346	5	0.113388	55586.8	0.000147232	
2568	315	764	17.6856	16	1003	13	8	487	5	79	336	4	0.235121	30583.7	0.000171939	
2621	265	752	17.6666	12.201	1026	15	8	485	3	69	342	5	0.202126	38059.2	0.000144739	
2372	236	736	17.6523	15.8654	986	11	6	462	9	59	350	6	0.162177	34105.6	0.000182815	
2553	149	729	18.9938	11.3734	915	11	7	473	17	61	330	6	0.115071	50273.1	0.000153046	
2596	272	772	19.7246	15.6888	993	13	8	480	10	65	344	6	0.201781	32196.9	0.000171468	
2349	166	757	23.1164	15.5577	908	16	9	472	4	48	310	6	0.107545	40095.3	0.000202716	
2601	217	733	17.3329	16	950	15	8	478	10	60	326	4	0.166834	34051.6	0.000179501	
2622	100	745	24.4779	12.4863	950	15	9	483	11	70	344	5	0.077504	60317.1	0.000179986	
2620	407	747	14.5835	12.4809	1017	12	8	477	12	60	348	5	0.319982	33567.9	0.000143431	
2516	151	775	13.7664	11.8928	949	10	7	464	9	74	346	4	0.152431	45076.3	0.000142349	
2443	169	728	20.0875	12.5299	1002	11	8	481	6	77	345	6	0.117552	45855.6	0.000159642	
2440	215	764	17.3011	12.1725	936	17	8	483	13	79	349	5	0.161809	40064.9	0.000150898	
2568	148	731	17.4755	12.4354	1037	14	5	471	9	73	339	6	0.121217	46445.9	0.000151446	
2675	344	769	16.1245	15.9277	1014	11	7	479	17	56	350	4	0.275816	30191.1	0.000166306	
2652	277	747	12.6286	10.1404	992	12	9	488	10	67	348	5	0.252565	40841	0.000128025	
2349	143	745	21.8201	15.2443	900	16	8	480	0	46	328	6	0.095902	42444.5	0.000197511	
2696	438	746	14.1165	11.8573	997	15	10	490	5	75	346	4	0.355278	34034.7	0.000137552	
2464	118	774	21.5758	10.5742	1050	15	5	477	9	78	322	4	0.090963	65575.7	0.000158053	
2541	344	766	16.499	14.9586	1044	11	7	488	10	69	348	6	0.260043	31351.5	0.000161005	
2629	123	768	21.0807	10.1394	1002	14	4	468	6	59	338	4	0.102183	66081.9	0.000148721	
2516	100	745	24.4779	12.4863	950	13	9	482	13	70	337	5	0.073714	59974.9	0.000183554	
2434	152	775	13.7664	11.3852	949	10	9	463	3	78	346	4	0.147888	45782.1	0.000141523	
2543	344	766	15.7501	14.3721	1050	11	7	486	8	71	348	6	0.264887	31899.3	0.000155618	
2397	100	744	21.0812	10.0563	960	14	5	479	10	61	343	5	0.076477	69874.4	0.00017334	
2700	295	768	15.5697	12.883	970	11	7	480	8	76	339	5	0.246484	34896.7	0.00014497	
2678	249	769	15.3207	12.607	950	11	8	487	0	62	347	5	0.21454	36761	0.000143719	
2562	164	754	16.4384	11.19	952	10	5	485	7	61	349	6	0.139848	46638.8	0.000140805	
2673	355	769	16.2221	13.3974	1047	10	9	465	6	75	337	5	0.282964	32834.8	0.000147471	
2559	234	730	17.1336	12.5609	1014	16	8	464	11	68	339	6	0.174588	38465.2	0.000151745	
2504	239	774	21.3531	15.7259	1011	14	8	487	5	70	339	6	0.168039	34409	0.000176118	
2502	345	744	15.7501	13.425	1018	10	5	486	8	71	350	6	0.254141	33347.3	0.000153374	
2320	120	731	20.8105	11.4465	1014	13	9	475	14	47	331	6	0.083227	58909.7	0.000171615	
2349	143	744	20.9633	14.1623	900	16	8	478	2	46	328	6	0.097962	44086.3	0.000187477	
2669	346	772	19.8149	15.9277	1017	14	8	479	17	68	350	4	0.25885	30213.9	0.000169463	
2571	206	737	15.6412	14.0724	994	13	7	482	8	80	348	6	0.167828	36949.6	0.000158378	
2656	404	770	14.9322	12.7817	1037	17	8	478	17	64	336	5	0.327973	33316	0.000144279	
2503	100	740	23.1422	10	1038	12	6	476	7	74	347	5	0.075049	76317.6	0.00017316	
2680	295	745	15.7022	14.4058	1005	17	9	470	17	71	345	5	0.236783	32846.9	0.000158003	
2349	169	745	20.3308	15.2443	900	15	8	478	0	46	328	6	0.114228	39173.6	0.000193274	
2614	424	737	13.1606	11.8573	1025	12	8	484	5	70	346	5	0.342448	34324.7	0.000138735	
2393	138	749	21.7807	10.0563	1030	14	5	473	10	56	349	5	0.095644	69336.1	0.000154464	
2516	119	745	22.5284	12.4863	933	14	9	484	11	70	337	5	0.087974	53704.4	0.000169895	
2615	301	752	19.1686	15.4507	1024	14	9	481	15	63	342	6	0.219312	31613.8	0.000169693	
2393	100	748	21.549	10.5095	1030	14	7	467	10	55	334	5	0.075652	69628.5	0.000174886	
2379	147	730	19.37	16	978	17	5	482	7	71	347	4	0.104534	41439.4	0.000186741	
2613	186	768	15.4682	12.628	1022	12	6	482	16	78	344	5	0.165839	40459.4	0.000143	
2522	147	740	18.4566	13.4257	929	11	7	487	5	60	334	5	0.115791	44164	0.000163372	
2567	277	749	12.6286	11.1535	992	12	5	488	4	67	350	5	0.24562	38770.5	0.000134517	
2593	242	737	19.6183	16	958	15	8	478	10	60	346	5	0.173227	32965.2	0.000180115	
2629	176	743	16.451	13.4334	1005	16	8	468	7	78	329	6	0.149115	40213.5	0.00015456	
2669	327	772	20.2135	15.9277	1001	13	8	479	17	68	350	4	0.243833	30604.7	0.000170648	
2651	261	765	16.451	14.1552	1050	14	7	472	8	78	340	5	0.211728	34029.6	0.000153351	
2592	256	737	14.0356	11.3385	1024	13	7	478	9	70	348	6	0.214248	38861.7	0.000137043	
2677	295	768	14.6715	10.8866	1050	11	9	473	4	72	344	6	0.251939	38755.7	0.000130141	
2695	130	760	19.4991	12.2083	1050	15	8	477	4	73	338	5	0.113312	50469.2	0.000150466	
2497	119	741	21.2802	16	1019	13	6	471	11	55	345	5	0.090136	45852.7	0.000186254	
2568	289	768	18.8847	14.0603	1003	13	8	490	6	77	331	4	0.213317	33625.6	0.000159058	
2316	241	745	19.5018	15.9166	927	15	8	460	3	74	324	6	0.156443	34055.8	0.000192012	
2622	255	773	14.4802	11.2719	1003	18	6	470	3	71	345	6	0.221909	39892	0.000134626	
2668	316	754	14.1788	11.7033	990	14	7	490	15	69	349	5	0.266071	36254.5	0.000136631	
2626	252	726	12.0174	10.597	1043	10	8	461	14	70	344	4	0.235192	41131.7	0.000131354	
2550	109	743	22.877	11.4179	900	14	9	467	16	61	339	5	0.082783	60518.4	0.000170999	
2402	111	771	23.9806	10.0259	1050	15	9	468	17	80	339	4	0.078832	75275.1	0.000166694	
2349	143	745	20.9633	15.2443	900	16	8	478	0	46	328	6	0.098094	42132.7	0.000195389	