2700	402	771	10.4456	10.0185	1020	12	4	475	7	64	349	5	0.407731	41217.8	0.0001221	
2700	486	771	10.7845	10.0185	1020	12	4	475	7	62	349	5	0.465855	40115.2	0.000122333	
2300	144	755	25	15.0248	929	18	9	488	1	46	304	6	0.089325	44788	0.000213174	
2645	500	743	16.8466	16	1033	10	7	482	8	78	334	5	0.373094	28455.3	0.000170184	
2300	100	736	25	14.1784	988	11	7	486	5	63	333	5	0.064129	58508.1	0.000204248	
2355	100	748	23.9806	10.0259	1043	15	8	469	2	75	339	4	0.068791	79083.6	0.000179727	
2660	486	771	10.7845	10.0185	1020	12	4	475	7	67	349	5	0.460066	39739	0.000122971	
2656	454	775	10.4795	10.0185	962	14	6	472	5	62	350	5	0.444725	41114.2	0.00012387	
2692	496	767	12.9374	10.2939	1013	12	9	472	7	77	349	5	0.42583	37217.5	0.000125723	
2656	423	769	10.4795	10.0185	958	11	8	472	7	62	349	5	0.416198	40929.7	0.000124316	
2689	485	775	12.3318	11.8573	1043	14	10	489	5	62	348	5	0.430896	34527.1	0.000132837	
2300	141	753	25	15.0311	960	14	10	471	12	43	304	4	0.087463	45313.3	0.000210482	
2692	496	767	12.2132	10.2939	1013	12	9	473	7	77	346	5	0.4381	37337.4	0.000125676	
2689	500	768	12.3318	12.7312	1024	14	10	489	5	80	346	5	0.439206	32967.8	0.000138927	
2555	100	743	24.4382	10	1019	11	9	467	10	52	339	4	0.074909	78233.3	0.00017343	
2300	102	744	23.9229	10	976	12	6	487	9	71	333	5	0.067491	78953.5	0.000182916	
2300	212	744	23.2339	16	916	16	9	477	4	46	310	5	0.128836	36508	0.00021182	
2300	141	745	25	15.0311	960	14	10	466	1	43	304	6	0.086534	45390.6	0.00021182	
2588	191	775	10.4481	10.0346	1010	13	6	490	4	62	348	6	0.237272	48287.3	0.000125251	
2300	144	756	25	15.0311	929	18	9	488	1	46	304	6	0.089443	44794.9	0.000213083	
2682	469	767	12.2132	11.8178	1050	11	9	481	8	64	346	5	0.414902	34679.8	0.000132961	
2300	141	762	25	15.0311	960	14	10	466	1	43	304	6	0.088509	45343	0.00020938	
2666	455	750	17.2949	16	984	15	9	478	9	69	340	4	0.342115	28820.5	0.000172028	
2697	497	769	14.9303	14.2227	1046	11	9	483	6	80	348	6	0.404742	30108	0.000149993	
2689	465	768	12.3318	12.3425	1024	14	9	488	5	80	346	5	0.410874	33668.9	0.000136556	
2700	485	775	14.6984	11.8573	1039	14	10	489	5	65	348	5	0.400926	33834.8	0.000134372	
2552	189	769	12.9637	11.0443	1046	12	7	481	11	70	341	4	0.18663	43569.5	0.000133262	
2539	124	725	18.4925	10.1644	1027	13	7	468	19	55	333	5	0.101048	60268.6	0.000152091	
2677	341	770	15.5339	12.3277	1015	11	7	473	0	71	344	6	0.278346	34926.9	0.000139978	
2471	103	761	22.682	11.885	1027	11	9	474	13	78	336	5	0.078838	60709.6	0.00017452	
2583	156	754	16.93	11.19	960	10	7	487	8	61	349	6	0.133718	47592.5	0.000141363	
2634	486	767	10.4869	10.013	1050	11	9	473	7	64	350	5	0.463159	39650.9	0.000122699	
2690	461	734	16.8466	15.6474	1033	10	8	469	9	78	334	5	0.344757	29090.3	0.000168379	
2700	483	746	14.52	12.1388	1000	15	10	489	5	72	348	5	0.386606	33328.2	0.000139353	
2662	249	773	10.4869	10.2939	1050	12	7	473	6	64	346	5	0.284667	43907.3	0.000123824	
2594	396	760	14.7447	13.1989	1029	11	7	483	9	80	348	6	0.313223	32243.1	0.000146477	
2689	467	746	12.9637	11.6071	1048	13	5	479	12	64	346	4	0.391157	35026.2	0.0001343	
2677	384	771	13.1518	10.3	1050	10	7	483	1	76	350	6	0.334913	37758	0.000124782	
2516	151	775	13.7664	11.8928	949	10	7	464	9	74	346	4	0.152431	45076.3	0.000142349	
2637	421	754	14.1788	11.2211	1007	14	7	478	15	73	343	5	0.339481	35773.7	0.000135117	
2513	194	774	14.6239	10.161	1048	13	7	481	14	69	348	5	0.171795	46558.1	0.000130141	
2638	316	767	10.4869	10.2939	1050	12	9	473	7	70	350	5	0.32972	41199.5	0.000124054	
2690	336	774	13.0155	10.354	972	13	7	479	9	67	347	4	0.303351	39288.7	0.000126759	
2560	405	760	14.8186	13.9237	1033	11	8	481	16	77	348	6	0.315409	31397.6	0.000152416	
2634	486	767	10.4869	10.2939	1050	11	9	473	7	64	350	5	0.463159	39145.5	0.000124023	
2632	466	746	12.8486	13.0771	1050	17	8	473	13	68	349	4	0.384695	32766	0.000144634	
2559	376	748	19.3674	15.9772	956	13	9	468	8	61	336	5	0.263655	29927.9	0.000179953	
2610	111	763	24.4423	10.0259	1050	15	9	471	17	77	339	4	0.085504	74030.4	0.00016	
2656	448	747	14.2804	13.6518	1050	16	7	487	17	66	348	4	0.357242	31465.7	0.00014912	
2350	100	746	23.9229	12.9964	955	11	6	487	9	59	330	5	0.06843	59707.8	0.000192827	
2579	468	741	16.8466	15.6474	1033	11	9	482	9	78	332	5	0.340564	29031.8	0.000169779	
2645	466	770	14.9322	13.2719	1037	17	8	478	17	64	336	5	0.374247	32040.9	0.000147732	
2402	111	750	21.3782	10.0259	1036	15	9	468	17	71	338	4	0.082247	69290.2	0.000163908	
2300	183	740	23.0678	15.5577	908	16	9	475	4	46	310	5	0.112026	38827	0.00020903	
2654	489	754	18.1694	15.8179	1030	11	6	482	3	76	345	5	0.36315	28836.7	0.000168407	
2655	353	769	14.7703	13.5027	1041	17	8	490	20	71	339	4	0.290875	32458.4	0.000147471	
2659	347	771	12.2211	11.4172	1048	11	7	478	0	72	348	6	0.319132	36534.3	0.000130446	
2402	100	758	23.979	10.0227	1039	15	9	479	6	80	339	4	0.071431	77526	0.000176616	
2323	100	742	23.0785	11.5363	995	12	8	486	5	64	333	5	0.068703	66536	0.000186081	
2597	114	758	20.5671	10	1039	12	10	478	7	58	329	5	0.095236	65968.3	0.000154679	
2516	152	775	13.7664	11.3852	949	10	9	463	3	78	346	4	0.153067	45648.3	0.000139451	
2645	467	775	13.1637	11.4921	1050	13	5	479	12	64	346	4	0.397639	35107.8	0.000132013	
2515	219	769	15.9961	14.5393	999	11	8	468	6	75	340	5	0.17786	35505.6	0.000160901	
2677	439	769	15.5061	11.4172	1047	11	6	477	0	72	350	6	0.352282	35732.9	0.000132732	
2539	281	768	14.6715	10.8866	1050	11	8	482	0	72	346	6	0.230105	39326.6	0.000133191	
2439	111	743	23.8756	10.2003	1020	15	6	471	8	80	339	4	0.077381	73746	0.000169033	
2497	115	742	22.9698	16	1028	13	5	471	10	63	343	5	0.084015	47730.9	0.000189107	
2621	463	768	11.9458	11.5171	1050	14	7	481	10	72	350	4	0.407844	35232	0.000131666	
2362	127	734	21.5302	15.3861	978	17	6	473	7	68	346	4	0.087489	45865.7	0.000188644	
2611	249	756	15.1235	13.2349	950	17	9	470	1	60	347	5	0.207034	35966.1	0.000152439	
2300	166	752	23.424	15.7413	908	14	9	474	4	47	334	6	0.103827	40035.4	0.000205508	
2552	467	774	12.9637	12.5996	1044	13	8	481	12	68	348	4	0.388068	33217.9	0.000140233	
2574	228	770	12.6286	10	1010	13	10	490	4	59	350	6	0.219178	43486.2	0.000126936	
2677	355	775	14.6715	10.8866	1042	11	8	481	1	72	344	5	0.298296	37223.3	0.000129584	
2660	500	760	10.7845	10.0185	1020	11	5	475	4	69	348	5	0.464945	39395.1	0.000123946	
2689	460	775	12.3318	11.8573	1043	14	9	487	5	62	347	5	0.410575	34779.6	0.000132979	
2503	101	768	23.0697	14.488	956	13	5	470	7	76	331	5	0.078471	53097.2	0.000187161	
2300	100	744	23.9229	15.071	948	12	6	486	7	71	333	5	0.066451	54658.1	0.000205255	
2373	100	769	23.9806	10.0259	1050	15	9	468	14	80	339	4	0.071391	78087.3	0.000176336	
2323	100	736	25	14.5629	988	15	7	486	5	62	333	5	0.064933	56694	0.000204918	
2413	191	743	19.4734	16	903	16	9	474	4	69	314	4	0.132837	36126.5	0.000190404	
2337	104	744	25	15.4081	967	18	5	483	9	55	344	4	0.06824	52553.2	0.000206697	
2687	483	746	13.2859	11.4301	997	16	10	490	11	72	350	4	0.398938	34645.3	0.000134409	
2680	500	747	14.7703	13.7441	1046	13	9	470	12	71	346	4	0.394837	30901.9	0.000149768	
2646	303	768	14.7416	10.8866	1049	11	9	473	4	72	344	6	0.254201	38535	0.00013089	
2300	183	744	23.2339	15.5577	916	16	9	477	4	46	310	5	0.112626	38953.2	0.000208681	
2415	111	775	23.9806	15.3752	1041	15	10	468	19	77	338	4	0.079756	50621.5	0.000188253	
2570	210	775	16.552	11.2719	1022	15	4	473	9	71	344	6	0.173424	43726.8	0.00013725	
2428	119	741	21.2802	10.0563	1001	14	6	471	10	55	343	5	0.087266	68105.1	0.000159591	
2627	146	756	23.7031	10	1047	14	8	477	5	62	347	5	0.107769	69846.1	0.000145773	
2300	100	736	25	14.6579	1020	16	7	486	5	65	340	5	0.064129	57574.2	0.000206016	
2649	450	769	16.5415	15.8696	1047	14	6	479	0	72	350	6	0.349391	28994.1	0.000164989	
2677	382	769	15.5061	12.1492	1047	11	6	481	0	72	350	6	0.309017	34437.5	0.000136893	
2700	226	732	13.5435	11.1454	1022	13	10	487	13	67	348	4	0.205563	40503.4	0.000133761	
2402	100	758	23.9806	10.0227	1039	15	8	479	6	80	339	4	0.071431	77839	0.000176585	
2613	384	760	14.7447	13.1989	1021	10	8	488	8	80	348	6	0.306475	32278.4	0.000146199	
2382	109	736	23.4444	10.553	978	16	6	470	2	64	336	6	0.074526	69982.5	0.000175009	
2502	344	757	15.7501	14.3721	1033	10	5	489	7	80	348	6	0.257897	32169.7	0.000158253	
2402	100	746	23.9806	10.0259	1031	15	8	470	5	75	342	4	0.0703	77719	0.000177904	
2536	393	767	15.488	14.3721	1033	11	7	486	8	80	348	6	0.301449	31137.3	0.000156055	
2617	228	737	15.6264	11.0896	1042	11	10	488	2	61	340	4	0.184934	41564.5	0.000137552	
2697	497	764	17.5303	14.1831	1046	11	9	483	6	80	347	6	0.383194	30374.6	0.000152812	
2638	316	771	14.1168	10.2939	1050	12	9	473	7	64	346	5	0.269191	39974.5	0.000127178	
2602	364	753	16.7441	14.1897	971	18	7	485	10	80	348	4	0.273984	31686.2	0.000158428	
2700	385	769	14.6002	10.4075	1050	10	8	484	0	72	350	5	0.32157	38117.4	0.000126056	
2592	256	754	14.2891	10.5253	1024	13	7	472	9	70	348	6	0.216648	41166.5	0.000131372	
2382	100	736	23.4444	10.553	978	16	6	470	8	58	341	6	0.069733	72192.3	0.000181554	
2413	100	756	23.4664	14.9296	1046	15	9	472	7	71	336	5	0.07277	54017.6	0.000193274	
2341	241	745	19.5018	15.9166	942	18	8	460	3	74	336	6	0.158127	33932.4	0.000189825	
2627	138	760	21.0807	10.0831	947	14	5	478	5	64	340	5	0.110225	63579.1	0.00014476	
2384	112	734	21.1092	15.1603	962	16	7	466	1	75	341	6	0.08139	48240.7	0.000190078	
2671	194	732	12.5795	11.9629	1032	12	10	488	2	65	347	4	0.194058	41425.2	0.000138007	
2502	300	758	15.7501	13.864	1048	11	7	486	6	64	342	5	0.228442	33758.4	0.000154967	
2384	140	731	19.9551	10.5189	981	11	8	483	5	65	345	4	0.098905	58350	0.000154297	
2618	217	727	15.6264	14.9734	1017	15	10	488	3	66	324	4	0.175518	35308.3	0.000166778	
2416	108	727	20.7257	12.3354	1050	10	8	471	6	56	345	6	0.080257	57823.2	0.000175131	
2677	328	768	14.6715	10.8866	1050	11	8	473	0	72	344	6	0.275775	38023.7	0.000130073	
2677	355	769	14.6715	10.8866	1050	10	6	470	0	72	348	6	0.295987	37835.9	0.000129333	
2570	116	745	22.1098	10.8021	1019	12	8	469	16	60	338	4	0.089592	63277.5	0.000159974	
2568	304	771	18.4402	16	1001	13	8	490	5	79	336	4	0.225689	30893.9	0.000171644	
2522	356	760	16.499	14.9586	1050	11	7	486	2	75	348	6	0.264524	31203.1	0.000161838	
2675	436	743	16.1876	13.4334	1040	11	9	473	9	76	334	4	0.332962	31708	0.000150376	
2676	500	738	16.3412	15.9262	1030	11	5	484	4	75	345	6	0.377214	28592.7	0.00016852	
2690	243	774	13.0155	10.354	956	13	7	478	9	67	347	5	0.235258	42331.9	0.000127372	
2700	347	769	16.5403	11.4172	1047	11	6	476	2	70	348	6	0.277591	37742.9	0.000133654	
2416	114	725	21.2307	10.045	1044	16	8	481	3	54	340	5	0.082198	70787.6	0.000164474	
2337	104	744	25	10.7687	967	18	5	483	9	55	344	4	0.06824	72686.2	0.000185839	
2700	151	754	19.8884	10.2788	1050	14	7	476	14	58	335	5	0.124633	59037.5	0.000139043	
2700	483	739	14.1989	12.1388	1014	15	10	490	5	75	348	5	0.385872	33248.9	0.000139431	
2639	112	747	22.7125	12.2755	1032	11	7	476	4	80	333	6	0.089044	57224.6	0.000166113	
2300	196	743	23.1164	15.5577	900	16	9	473	0	48	310	6	0.119695	37939.5	0.00020829	
2463	100	745	23.1422	10	998	15	6	469	7	58	344	5	0.074095	75661.2	0.000174429	
2677	254	771	13.4798	11.0453	1050	11	7	482	7	76	350	6	0.235758	39257.4	0.000128833	
2550	109	737	23.0379	10.8021	1009	14	9	472	18	52	342	4	0.081542	66655.2	0.000168294	
2349	169	745	20.3308	15.2443	900	15	7	478	0	58	328	6	0.114228	39435.2	0.000189645	
2548	109	749	23.0379	10.8021	922	13	9	469	19	56	342	4	0.082793	64256.8	0.000168011	
2619	403	774	12.9637	10	1050	12	8	466	11	70	346	4	0.347022	38782.5	0.000124704	
2393	100	748	21.549	10.5095	1001	14	7	465	10	55	330	5	0.075652	68469.4	0.000175377	
2393	100	747	21.0812	10.1259	1028	14	5	474	10	57	343	5	0.076632	72343.9	0.000172771	
2322	209	745	19.5018	15.9166	935	18	8	460	0	77	336	5	0.138244	35571.5	0.000190512	
2586	393	767	15.7501	14.1463	1029	11	7	486	10	80	348	6	0.304669	31160.3	0.000153539	
2568	349	769	14.6041	12.2952	997	10	8	485	12	70	344	6	0.281364	34346	0.000141884	
2552	257	774	14.4562	10.2839	1010	13	6	482	14	72	350	5	0.218507	41818	0.000129786	
2349	143	744	20.9633	14.1623	900	16	8	477	2	46	328	6	0.097962	44057	0.000187477	
2453	148	739	15.5796	10.8206	1003	13	5	460	9	72	342	5	0.126564	49763.6	0.000143699	
2569	289	767	13.7601	10.7067	991	11	7	478	7	68	346	6	0.246361	39045.2	0.000132258	
2569	173	768	13.7601	10.7067	999	12	7	488	7	68	348	6	0.168562	45525	0.00013238	
2551	261	769	14.6386	10	1000	13	6	490	14	70	344	5	0.217789	42918.2	0.000130429	
2463	100	752	22.9962	10	1012	17	5	478	6	60	350	4	0.075355	76227.3	0.000172622	
2427	100	770	23.9806	10.0259	1050	15	10	468	17	80	339	4	0.073491	76801.4	0.000173913	
2676	500	725	16.3412	15.6379	1030	11	6	483	4	80	345	6	0.370569	28788	0.000167898	
2596	272	735	17.3093	15.0851	1006	14	8	480	8	65	350	6	0.202134	32664.9	0.000167252	
2415	111	769	23.9806	15.1634	1028	16	10	468	19	77	338	4	0.079139	50829.4	0.000188359	
2649	374	769	16.5415	15.8696	1047	14	6	479	0	72	350	6	0.292422	29738.6	0.000164989	
2363	100	736	20.5277	10.5189	986	11	8	468	5	71	341	6	0.075414	65583	0.00017646	
2700	455	733	15.5053	14.4845	1047	12	7	487	8	73	334	5	0.3502	30090.9	0.000157035	
2700	483	746	14.1989	12.1388	1014	15	10	490	5	78	348	5	0.389527	33206.3	0.000138696	
2377	191	739	21.7138	15.5577	917	16	9	478	4	59	310	4	0.123865	37488.5	0.000195389	
2300	100	729	21.1664	12.445	965	13	9	474	11	79	345	5	0.070788	58121.6	0.000188076	
2349	100	757	24.094	15.1315	986	10	8	476	6	54	324	5	0.069393	53883.2	0.000201288	
2300	196	743	23.1164	15.2032	900	16	9	473	0	47	309	6	0.119695	38487.8	0.000206398	
2613	198	770	14.3445	13.13	1029	15	6	481	3	80	344	4	0.182938	38858.2	0.000144697	
2300	183	735	23.0678	15.5577	949	16	9	477	4	46	310	5	0.111269	39164.9	0.000207987	
2420	100	748	20.6154	10	1030	14	7	481	9	55	334	5	0.078861	71037.1	0.000171468	
2677	422	771	13.4798	11.0453	1050	10	7	482	1	76	350	6	0.360593	35622.1	0.00012865	
2680	500	745	14.7703	13.4554	1046	13	9	470	12	71	346	4	0.39378	31263.8	0.000147929	
2503	100	740	23.1422	10	998	14	6	471	7	76	347	5	0.075049	74542.9	0.000173461	
2551	100	758	23.9806	10.0227	1039	15	8	479	6	76	350	4	0.076882	75438.8	0.000170911	
2386	114	734	23.4444	10.553	978	16	10	489	5	64	336	6	0.077146	68741.7	0.000172533	
2420	114	734	21.8963	10.4873	978	16	10	489	5	74	331	6	0.081749	65373.6	0.000167112	
2697	500	769	14.9303	13.9007	1046	10	9	485	6	80	345	6	0.407145	30411.9	0.00014782	
2598	170	775	18.3167	14.1811	1050	11	8	469	5	76	314	6	0.140488	40169.2	0.000158604	
2634	459	767	12.2132	10.2939	1050	12	9	473	7	64	346	5	0.400646	37748.9	0.000125992	
2503	100	746	23.1422	10	1043	15	6	471	7	76	347	5	0.075658	76477.2	0.000172384	
2590	358	736	16.8466	15.5988	1037	11	8	482	8	80	334	5	0.261895	30135.4	0.000169348	
2440	100	738	23.4039	10.553	978	15	5	475	4	64	336	6	0.072013	72006.3	0.000178987	
2606	111	772	23.9806	11.2629	1050	15	9	468	16	77	343	4	0.086989	63825.4	0.000162681	
2351	100	734	24.0383	10.553	993	16	10	479	5	64	340	6	0.067359	73505.5	0.000184434	
2700	256	732	15.6264	12.3625	1030	14	8	490	7	63	347	4	0.207966	37036.8	0.000143	
2645	416	729	16.8466	14.9684	1033	11	7	481	8	78	341	5	0.305028	29998.6	0.00016372	
2700	438	746	18.0803	15.0301	997	16	10	490	5	75	348	4	0.327066	29778.8	0.00016292	
2640	459	734	18.5381	15.6474	1033	12	7	487	10	78	333	5	0.328523	29103.3	0.000170503	
2583	156	754	16.93	11.19	990	10	7	487	8	62	349	6	0.133718	47853.1	0.00014043	
2453	148	739	15.5796	10.8206	1050	12	5	460	9	72	342	5	0.126564	50556	0.000142613	
2674	500	772	14.9303	13.9007	1036	11	9	489	6	80	343	6	0.405748	30416.3	0.000148456	
2393	122	749	21.7807	10.0563	1030	14	5	474	10	56	350	5	0.086741	71427.6	0.000159185	
2577	277	763	16.0135	11.9286	987	14	10	484	1	73	348	4	0.218783	36868.8	0.000141044	
2393	100	749	21.7807	10.0563	1030	13	5	473	9	56	349	5	0.074664	75095.6	0.000174034	
2393	100	748	21.549	10.0563	980	14	7	468	10	62	332	5	0.075652	70516	0.000173853	
2315	148	728	21.1991	15.7855	933	16	4	483	9	79	339	4	0.096442	42528.4	0.000195084	
2592	256	748	14.2891	11.4863	1024	13	7	472	9	70	348	6	0.214924	38620.9	0.000137043	
2300	196	743	23.1164	15.5577	900	14	8	475	0	48	310	6	0.119695	37983.7	0.000207211	
2324	141	740	23.1164	14.8461	959	16	9	474	2	44	325	6	0.090314	44708.5	0.000198689	
2513	194	774	12.9637	10.1827	1024	13	7	481	14	69	348	5	0.188266	45300	0.000129132	
2582	376	748	19.3674	15.9772	956	12	7	468	8	65	336	5	0.265823	29974.6	0.000178827	
2323	100	743	24.721	14.1784	988	12	7	486	5	64	340	5	0.066092	57698.5	0.000200321	
2574	228	770	12.8381	10.0346	1010	13	7	487	4	62	348	6	0.215966	43593.9	0.000127437	
2651	261	765	16.451	14.1552	1050	14	7	472	8	78	340	5	0.211728	34029.6	0.000153351	
2482	215	733	19.7597	15.4004	1007	11	9	484	9	58	350	6	0.148047	35634.3	0.000176897	
2427	100	770	23.9806	10	1050	15	10	468	16	79	339	4	0.073491	77064.3	0.000173822	
2389	143	743	22.212	15.8842	927	15	9	472	5	69	349	5	0.096917	41935.7	0.000192456	
2573	376	737	19.3674	15.9772	956	13	9	479	8	61	338	6	0.261078	29846.3	0.000180375	
2314	185	743	23.1164	15.5577	900	16	9	475	17	68	310	6	0.114327	38893.5	0.000202184	
2485	100	750	23.4444	10.6751	978	15	10	489	4	64	336	6	0.074828	69424.2	0.000176243	
2593	354	754	13.9939	11.3935	1010	14	7	478	13	73	350	5	0.287211	36036.9	0.000135759	
2502	344	766	16.499	14.9586	1041	11	7	486	10	71	348	6	0.256365	31494.4	0.000162311	
2577	328	762	15.3197	13.9007	1046	11	9	490	6	80	347	6	0.258847	32360.3	0.000151355	
2638	252	753	13.7525	13.9967	1029	11	9	489	2	80	335	6	0.222446	35009.7	0.00015193	
2516	112	745	24.4779	10.8933	950	13	9	482	13	70	337	5	0.080489	65782.3	0.000169348	
2654	207	760	15.5061	11.4172	1047	18	6	478	3	75	350	6	0.180625	42336	0.000134789	
2691	368	771	15.5339	12.3277	1046	11	6	467	0	79	348	6	0.300056	34631.8	0.000138255	
2630	178	762	17.1334	13.158	939	11	6	486	9	59	339	6	0.150588	40639.2	0.000153116	
2418	126	769	18.6726	10	900	11	5	477	3	64	312	5	0.102078	59316.6	0.000153657	
2699	172	765	14.7272	11.0258	972	12	5	469	5	59	342	5	0.167065	45993.4	0.000134174	
2377	191	738	21.7138	15.5577	1013	16	10	478	3	59	329	4	0.123697	38232.4	0.000188929	
2677	333	769	14.6041	12.0801	1050	10	8	485	12	70	344	6	0.280485	34933.8	0.000136351	
2440	215	764	17.5679	12.1725	936	17	8	483	13	79	349	5	0.160622	40200.8	0.000151309	
2680	477	745	14.7703	13.0348	1046	12	9	470	13	71	345	4	0.376082	31959.9	0.000144991	
2597	114	761	21.5019	10.4686	1039	14	10	479	5	60	330	5	0.093232	64668.6	0.000156912	
2459	100	728	20.5277	10.5189	953	11	8	483	0	74	341	5	0.078224	64047.6	0.000174795	
2350	123	734	21.5302	15.3861	981	17	6	471	10	64	338	6	0.084835	46677.5	0.000191022	
2648	466	772	16.7378	14.4997	1033	17	8	481	15	67	341	4	0.362253	30251	0.000156544	
2402	100	749	23.4664	10.0259	1046	15	9	472	7	80	335	4	0.071694	76688.9	0.000176367	
2584	138	734	21.2124	12.1521	1006	16	5	478	8	65	344	5	0.103935	52405.6	0.000157282	
2700	245	732	16.2693	11.9629	1022	13	10	488	2	66	344	5	0.196895	38567.7	0.000141483	
2677	355	767	14.0513	11.4172	1047	11	5	479	0	72	348	6	0.300788	36189.4	0.000131839	
2349	114	741	20.3988	14.8038	900	15	7	476	1	50	344	4	0.083415	47229.7	0.00019073	
2513	194	774	14.4677	10.1827	1018	13	6	483	14	73	348	5	0.173006	46053.9	0.000130787	
2373	100	773	23.9806	14.5661	949	15	9	468	19	77	339	4	0.071762	53731.3	0.000194477	
2700	385	766	14.6002	10.4193	1050	11	8	484	0	72	350	5	0.320315	38153	0.000126438	
2300	127	738	21.5302	12.4375	978	13	5	473	8	80	347	4	0.085314	54216.1	0.000173702	
2459	100	728	20.5277	10.5189	993	11	9	483	5	73	341	6	0.078224	64881.7	0.000174703	
2402	100	774	23.9806	10.0259	1050	15	9	468	14	80	339	4	0.072938	77318.4	0.000174459	
2353	100	746	23.9229	14.0069	930	11	7	487	9	59	330	5	0.068538	55776.2	0.000197746	
2643	151	758	16.7907	10	1046	12	6	478	17	60	336	5	0.135169	54327.2	0.000134862	
2379	147	757	19.1054	13.6432	978	17	5	482	7	68	347	5	0.108946	45181.1	0.000166362	
2621	186	752	19.2597	12.2622	1050	14	9	473	3	69	337	5	0.143994	43866	0.000147319	
2550	113	754	21.4077	10.6887	923	11	10	470	1	52	343	5	0.089855	61446	0.000161551	
2574	228	765	16.8362	13.2812	1010	13	7	488	7	70	346	6	0.181979	36847.5	0.000150534	
2621	280	767	15.1675	12.607	1022	15	8	470	1	68	344	5	0.232202	35680.8	0.000143082	
2323	100	742	23.0785	15.6645	995	12	9	486	5	64	333	5	0.068703	53364.6	0.000203915	
2593	138	774	19.0232	10.6329	992	14	9	472	3	68	325	6	0.117357	54456.2	0.000144259	
2659	347	769	14.0513	11.4172	1048	11	7	478	0	72	348	6	0.293817	36087.2	0.000132013	
2550	111	737	23.0379	10.8021	1009	14	5	472	18	52	342	4	0.082678	68027.1	0.000167001	
2583	434	735	16.9786	16	958	13	8	478	10	60	334	5	0.31246	29173.6	0.000177778	
2541	408	739	15.2936	13.7178	1029	11	9	482	10	72	350	6	0.302774	31675.9	0.000154107	
2405	128	734	20.3073	10.9183	963	16	9	481	10	69	322	5	0.092574	57435.5	0.000162153	
2413	100	744	23.4664	14.9296	1048	14	9	473	7	77	335	5	0.071615	54154.8	0.000194742	
2580	369	732	16.3264	14.9111	1016	17	8	485	10	78	334	5	0.269636	30700.4	0.000165782	
2627	146	761	22.9962	10	1050	14	5	478	5	61	350	5	0.110359	70118.4	0.00014339	
2691	226	770	13.5435	11.7389	1015	13	10	487	4	67	344	5	0.21553	39382	0.000134481	
2416	114	725	23.6706	10.5248	1029	16	8	481	3	54	340	5	0.076797	71947.7	0.000172147	
2656	466	769	14.598	13.4662	1037	17	8	482	17	67	337	4	0.378843	31604.5	0.000147907	
2487	295	762	15.4005	12.7253	974	16	8	473	14	78	339	5	0.227547	35055.2	0.000150213	
2677	355	769	15.5061	11.4172	1047	11	6	479	0	72	348	6	0.288979	36629.6	0.000132996	
2502	296	757	16.7352	13.9435	1041	10	9	482	7	80	349	5	0.219802	33516.1	0.000155909	
2544	242	760	14.4216	10.7665	1021	11	7	483	8	74	348	6	0.203916	40907.8	0.000133529	
2517	144	727	19.3237	11.2109	966	14	7	485	5	78	342	6	0.109005	52028.9	0.000151515	
2597	114	758	20.5671	10.1315	1039	12	10	478	7	58	329	5	0.095236	65032.7	0.000155111	
2372	140	730	19.9551	10.9595	981	11	8	484	5	60	338	6	0.098217	56556.2	0.000158053	
2597	436	743	16.1876	13.4334	1040	11	9	473	9	69	341	6	0.324387	31899.3	0.00015193	
2590	164	732	16.3264	11.4107	1019	18	8	461	8	77	334	5	0.137901	46250.8	0.000143596	
2581	164	725	17.3033	11.4044	1019	18	8	467	17	72	334	5	0.131534	47154.3	0.000145985	
2350	100	746	23.9229	14.0069	955	11	6	487	9	59	330	5	0.06843	56542.1	0.000197239	
2542	194	740	13.6642	10.8917	1048	13	7	481	14	69	348	5	0.174374	43758.8	0.000134953	
2536	417	767	15.7501	14.3721	1033	11	7	478	8	78	348	6	0.316795	30879.3	0.000156568	
2699	215	754	18.8163	14.6437	972	13	5	470	19	62	345	5	0.169744	36284.3	0.000163479	
2677	355	769	16.7818	13.77	1047	13	8	467	3	80	346	5	0.279853	32375.6	0.000149903	
2670	355	769	15.5061	11.4172	1047	11	6	479	0	73	348	6	0.288287	36584.6	0.00013312	
2350	100	746	23.591	14.4321	956	12	8	481	6	75	331	5	0.068977	54764	0.000197902	
2656	434	766	15.2971	12.2394	1037	17	7	483	10	59	348	4	0.346112	34239	0.000140449	
2384	112	734	21.5302	15.8004	978	16	8	471	8	75	343	4	0.080321	47812.8	0.000193686	
2523	100	748	24.4779	12.4863	992	15	6	484	11	75	344	5	0.074262	61462.6	0.000181984	
2668	290	754	13.9939	11.3935	1011	14	7	477	13	73	350	5	0.248987	37655	0.000134066	
2662	280	773	10.4869	10.2939	1050	12	9	473	6	64	346	5	0.307737	42610.7	0.000123839	
2645	467	772	13.1637	11.4921	1031	13	8	479	12	64	346	5	0.3961	34891.2	0.000132908	
2337	119	744	23.7332	15.4081	967	10	6	483	9	76	344	5	0.078408	49249.5	0.000195656	
2316	241	745	19.5018	15.9166	927	15	8	460	3	74	324	6	0.156443	34055.8	0.000192012	
2349	167	756	22.9715	15.6263	908	15	9	483	4	47	313	6	0.108539	39843.3	0.000202511	
2674	358	775	16.499	15.0661	1048	11	8	486	13	80	348	6	0.286093	30383.8	0.000157109	
2601	376	731	17.3329	16	982	13	9	489	9	70	327	5	0.270823	29511.7	0.000176118	
2610	111	771	23.9806	10.0259	1050	15	9	468	17	77	339	4	0.087034	72845	0.00015873	
2450	103	761	22.682	12.459	1027	11	9	474	13	80	336	5	0.078033	58645.3	0.000177368	
2662	266	773	10.4869	10.2939	1050	13	9	471	6	72	346	5	0.29727	42924.5	0.000123854	
2393	119	747	21.2802	10.0563	1028	14	6	468	12	55	343	5	0.086506	69668.8	0.000159821	
2579	468	734	16.8466	15.6474	1033	10	8	482	9	78	334	5	0.337347	29050.9	0.000170387	
2368	114	725	21.2307	10.045	1044	15	8	482	0	60	340	5	0.08029	71605.9	0.000165975	
2648	466	773	16.4713	14.666	1033	17	8	482	17	67	341	5	0.364197	30033.2	0.000157431	
2621	184	750	17.1842	12.9722	1041	14	9	485	3	73	341	5	0.151499	40411.4	0.0001485	
2323	100	742	23.0791	14.1784	988	12	7	487	5	70	333	5	0.068703	56256.3	0.000196734	
2671	245	732	15.6264	11.9629	1032	11	10	488	2	66	344	4	0.198545	38150.3	0.000140766	
2462	214	747	17.2942	15.8538	963	17	9	472	10	50	349	5	0.159034	34472.3	0.000181719	
2577	109	744	22.1098	10.8021	1009	13	9	469	18	54	337	4	0.085685	64360.9	0.000165044	
2618	355	769	15.5061	11.4172	1029	12	6	477	0	64	346	6	0.283144	36866.2	0.00013541	
2522	147	740	18.4566	13.4257	929	11	7	487	3	60	334	5	0.115791	44159.1	0.000163345	
2700	385	774	14.3619	10.8866	1048	10	8	481	0	69	350	5	0.325819	36736	0.000127812	
2596	236	735	19.2966	15.0851	1002	14	8	484	8	65	350	6	0.170403	34269.3	0.000169779	
2695	150	772	21.201	12.5996	1030	11	5	480	1	66	338	4	0.122246	48712.9	0.00014941	
2516	100	745	24.4779	12.4863	950	13	9	482	13	70	337	5	0.073714	59974.9	0.000183554	
2427	100	771	23.9806	10.0259	1050	15	9	468	17	80	339	4	0.073586	76977.6	0.000173792	
2645	500	734	16.8466	15.7149	1032	10	7	482	8	78	334	5	0.368575	28678.7	0.000169147	
2552	137	751	20.1201	12.4025	1015	12	9	470	16	69	340	5	0.10721	49292.5	0.00015569	
2402	100	758	23.9806	10.1824	1039	15	8	479	6	74	339	4	0.071431	76517.3	0.000177054	
2409	100	734	24.0383	11.001	993	16	10	478	5	70	340	6	0.069414	69113.4	0.000182949	
2529	146	752	17.5745	11.3734	915	13	7	472	13	61	333	6	0.121478	48841.2	0.000149544	
2689	251	747	12.3318	11.8573	997	12	7	490	6	75	348	5	0.241557	38522.1	0.000135906	
2617	500	767	14.9889	13.9007	1046	13	9	490	6	77	347	5	0.395798	30463.4	0.000149544	
2349	100	757	23.1164	15.1315	980	10	9	476	6	49	324	5	0.071056	52715.1	0.00020004	
2572	333	770	14.3445	12.8626	1029	15	7	481	0	80	345	6	0.272681	33820.1	0.000143906	
2536	393	767	15.7501	14.3721	1033	11	7	486	8	80	348	6	0.299386	31116.4	0.000156323	
2640	472	734	18.5381	15.6474	1033	12	7	487	10	78	333	5	0.337994	29026	0.000170503	
2615	186	731	17.4755	15.7585	931	14	6	481	5	62	346	6	0.146755	36406.4	0.000176866	
2402	232	736	19.7597	15.4989	1024	11	9	462	9	54	350	6	0.153764	35117	0.000180603	
2588	171	775	10.4481	10.0346	1005	13	6	490	10	62	350	6	0.22332	50156.6	0.000126199	
2323	100	742	24.721	14.1784	988	12	7	486	5	64	333	5	0.066003	57701.6	0.000200803	
2462	186	747	18.4442	15.1494	938	15	9	472	9	50	346	5	0.136865	37178.3	0.000178667	
2613	145	761	15.9753	10	947	14	5	478	5	64	350	5	0.135082	53608.9	0.000135612	
2695	150	769	21.3982	12.5996	1030	11	5	480	1	66	338	4	0.121133	49016.7	0.000150038	
2560	414	762	15.6866	13.9237	1033	11	8	481	16	77	349	6	0.315881	31255.2	0.000152975	
2696	424	746	13.1606	11.8573	1028	11	5	479	5	70	350	5	0.356129	34664.1	0.000135391	
2402	111	766	21.1481	10.0259	1048	14	9	468	18	46	338	4	0.084562	69779.1	0.00016239	
2658	277	747	12.6286	10.1404	992	12	8	488	8	67	348	5	0.253101	40932.4	0.000127828	
2579	182	749	15.4976	11.3222	1047	11	6	481	9	66	339	5	0.157074	44516.9	0.000138504	
2466	115	742	23.6484	16	1028	12	5	471	10	63	346	5	0.081092	48465.4	0.000191718	
2363	123	745	20.5277	10.8993	993	12	8	483	4	72	341	6	0.088819	59869.3	0.000161865	
2677	355	775	15.5061	11.4172	1047	11	7	479	0	72	348	6	0.291234	36445	0.00013245	
2632	466	746	15.3466	13.0771	1050	17	8	473	13	68	349	4	0.358214	32159.5	0.000146886	
2349	149	757	22.5218	14.4051	929	13	9	477	5	48	343	6	0.099117	43916.4	0.000186602	
2569	280	767	15.3207	12.607	969	16	8	470	1	70	347	5	0.226511	35724.6	0.000146284	
2678	151	729	18.0891	11.7574	1013	14	9	484	19	56	347	5	0.125951	47959.6	0.000146606	
2692	146	756	21.9553	10	1041	14	5	477	5	62	344	5	0.115173	67226.4	0.000140548	
2337	152	735	21.6906	14.3707	976	15	6	476	1	69	333	6	0.099493	44578.2	0.00018305	
2644	466	746	14.2496	13.0943	1037	16	7	483	16	63	350	4	0.369671	32190.3	0.00014622	
2475	100	731	23.9806	15.5061	1016	15	6	468	9	77	339	4	0.071462	52313.8	0.000198531	
2326	118	757	23.1164	15.6296	976	13	9	474	8	50	310	6	0.0799	47763.1	0.000201005	
2300	118	757	23.7118	15.384	949	16	9	474	2	50	312	6	0.077743	48157.4	0.000204666	
2568	315	764	17.6856	16	1003	13	8	487	5	79	336	4	0.235121	30579	0.000171939	
2677	355	769	15.6855	13.3974	1047	11	6	467	3	75	346	5	0.287576	32929.3	0.000146092	
2611	152	775	13.7664	11.3852	936	10	9	483	3	78	346	4	0.159068	45722.6	0.00013776	
2593	291	769	17.2798	14.5691	1014	15	8	474	15	59	348	5	0.224226	32840.2	0.000160308	
2541	201	769	13.2124	10.8395	1041	15	7	473	18	69	339	5	0.190651	43302.3	0.000133458	
2428	119	741	22.7297	10	1001	14	6	471	10	80	343	5	0.08394	70898	0.00016176	
2322	195	742	23.1164	15.5577	908	16	9	475	4	48	314	5	0.120184	37878	0.000205804	
2668	316	754	14.1788	11.7033	990	14	7	490	15	69	349	5	0.266071	36254.5	0.000136631	
2439	113	744	22.7301	10.3757	977	18	5	483	9	76	344	4	0.081396	69019.1	0.000165865	
2413	100	744	23.4664	14.9296	1046	15	9	472	7	77	335	5	0.071615	54096.1	0.000194856	
2651	181	733	14.9936	13.8779	1042	12	8	481	9	74	335	4	0.161067	38984.4	0.000153752	
2402	117	754	23.9806	10.0259	1039	15	9	473	8	80	339	4	0.080408	74208.3	0.00016559	
2581	164	732	16.3264	11.4107	1019	18	9	467	17	77	334	5	0.137399	45956.4	0.000144051	
2409	127	770	22.4979	15.3696	1018	12	5	467	13	80	337	5	0.091576	46859.8	0.000182315	
2353	100	736	21.1808	10.1998	946	11	6	474	14	60	338	5	0.073463	68910	0.000177148	
2559	134	736	16.451	12.6616	1019	16	7	472	7	76	332	6	0.118371	46543.6	0.000155328	
2629	159	743	15.9456	13.4334	1005	11	9	472	9	78	332	4	0.141439	41759	0.000153257	
2376	100	775	21.1664	10.3388	976	15	7	482	4	64	320	6	0.078268	67793.1	0.00017304	
2475	100	731	23.9806	15.5061	1010	14	6	485	9	77	339	4	0.071462	52831.5	0.000198334	
2656	466	772	14.598	13.4662	1037	17	8	482	17	67	341	4	0.380321	31579.3	0.00014708	
2588	165	770	17.714	10.0346	1010	11	6	484	4	61	348	6	0.138912	53508.1	0.000133458	
2547	131	735	20.6548	10.4028	1041	14	6	467	19	55	343	5	0.100083	63137.3	0.000151103	
2627	138	761	20.3143	10.1642	916	14	5	478	5	64	350	5	0.112194	61536.4	0.000144217	
2544	116	745	21.1328	10.2529	1019	12	8	468	16	65	338	4	0.090847	64463.2	0.000157307	
2648	409	773	15.0299	14.666	1033	16	8	482	17	67	349	4	0.331444	30552.1	0.000154943	
2341	241	745	19.5018	15.7246	942	18	8	463	3	74	336	6	0.158127	34160.2	0.000187793	
2583	422	755	16.9786	16	958	13	8	478	19	59	334	5	0.31223	29305.9	0.000175562	
2315	148	734	22.7675	15.7855	933	16	4	469	11	79	350	4	0.093471	42967.9	0.000198177	
2700	226	732	13.5435	11.3313	1015	13	10	487	4	67	344	4	0.205563	40151	0.000135483	
2700	455	733	14.9936	14.4845	1047	12	7	482	8	73	334	5	0.354466	30247.9	0.00015674	
2550	144	743	17.4755	12.2347	966	14	5	490	5	67	336	6	0.119884	47024.3	0.000152648	
2605	170	750	18.3167	14.6553	1050	11	8	467	19	65	324	6	0.136342	39579.9	0.000164069	
2594	148	767	17.4755	12.4354	1037	14	8	472	9	78	339	6	0.128572	45586.4	0.000146972	
2437	108	728	19.7329	10.5189	1050	11	9	471	4	76	345	4	0.0844	62781	0.000165344	
2669	328	768	14.6715	10.3378	1035	11	8	472	0	72	344	6	0.275012	39710.5	0.000127926	
2628	384	760	13.3124	12.4907	1015	10	6	467	0	75	344	5	0.322644	34119.4	0.000140825	
2542	242	745	14.4216	13.9346	1021	11	7	483	8	80	348	6	0.199739	35413.6	0.000154631	
2428	119	741	20.8997	10.0563	1004	14	6	482	10	55	343	5	0.087812	67502.7	0.000159363	
2386	100	740	23.4444	10.134	968	16	10	487	5	64	336	6	0.070256	74190.2	0.000179695	
2662	280	773	12.387	10.0244	1050	12	9	473	6	64	345	5	0.267833	41354.5	0.000123993	
2620	407	747	14.0383	12.4809	1007	12	8	477	12	60	348	5	0.325521	33607.5	0.000143266	
2683	204	762	12.2096	10.0185	1003	11	5	473	7	68	339	5	0.21491	45482.1	0.000126406	
2453	148	739	15.5796	10.8206	1009	13	5	460	9	72	342	5	0.126564	49871.8	0.000143575	
2645	500	741	16.8466	15.6381	1033	10	7	482	8	79	334	5	0.37209	28758.4	0.000167701	
2300	100	744	22.275	14.1784	988	12	7	487	4	59	333	5	0.069632	55708.6	0.000196386	
2663	340	750	18.9587	16	997	11	9	479	17	68	350	4	0.25017	30024.4	0.000172444	
2384	100	775	21.8981	10.5571	993	10	8	477	6	60	341	6	0.076904	68433.4	0.00017313	
2658	333	730	16.3664	15.5204	1033	11	7	482	8	75	328	5	0.25144	30592.1	0.000167813	
2686	218	775	17.8552	13.5228	981	10	5	486	4	58	334	5	0.180255	37578.2	0.000152114	
2405	100	742	23.4444	10.553	1025	16	5	471	4	73	332	6	0.071134	74337.5	0.000179211	
2655	488	741	14.7703	13.7441	1046	13	9	470	9	71	337	4	0.379391	31016.5	0.000151722	
2384	140	730	19.9551	10.5189	993	11	8	483	5	60	341	6	0.09877	59169.5	0.000155111	
2677	415	771	13.1518	10.8866	1050	10	7	486	1	76	350	6	0.35878	35942.4	0.000127632	
2683	228	762	12.2096	10.0185	1003	11	4	473	7	76	339	5	0.231636	44118	0.000126406	
2615	186	731	17.4755	15.7585	913	14	5	481	5	59	346	6	0.146755	36357.5	0.000178444	
2349	202	757	22.5218	15.8842	918	16	7	474	5	48	344	6	0.129354	36534.3	0.000199005	
2502	300	766	15.7501	14.3721	1050	11	7	486	6	64	342	5	0.230853	33131.6	0.000157629	
2642	220	763	17.5723	15.5671	1030	14	4	490	20	63	325	4	0.177128	34613.6	0.000167954	
2596	121	754	15.837	10.4096	1026	10	7	487	7	62	349	6	0.118674	53772	0.000146327	
2500	179	748	14.8426	12.1183	980	10	5	468	12	75	337	5	0.154734	42140.9	0.000146563	
2613	384	762	14.7447	13.1989	1021	10	8	488	6	80	348	6	0.307281	32274.7	0.000145985	
2680	500	745	14.7703	13.4554	1046	13	9	470	12	71	348	4	0.39378	31270.8	0.000147732	
2659	434	769	15.2971	12.3946	1022	17	7	482	10	59	348	4	0.347813	33921.9	0.000141603	
2525	100	740	23.1422	10	998	14	6	471	7	76	344	5	0.075848	74434	0.000172861	
2593	344	738	19.6183	16	958	15	9	480	10	60	344	5	0.24018	30245.3	0.000180018	
2700	421	746	12.3318	11.8573	997	12	8	490	5	75	350	4	0.366489	34730.5	0.000135336	
2378	147	738	22.9823	15.0759	1013	14	6	470	2	64	335	4	0.0963	44440	0.000186951	
2700	256	732	13.9234	12.0669	1013	14	8	488	7	66	344	4	0.221912	37433	0.000140252	
2370	218	736	19.5363	15.6666	1027	11	7	462	0	54	344	6	0.144687	35889.2	0.000183217	
2568	289	766	18.8847	14.6534	1003	14	8	490	6	77	331	4	0.212762	32796.4	0.000163425	
2508	155	739	24.4779	15.9694	950	15	8	460	8	67	329	6	0.10401	40896.3	0.000194212	
2611	184	771	13.7664	11.3852	936	10	9	483	4	78	346	4	0.179339	42641.2	0.00013611	
2590	358	734	16.8466	15.5988	1037	11	8	482	8	80	334	4	0.261183	30098.8	0.000169463	
2323	100	739	23.6407	14.2725	988	12	7	486	5	71	333	4	0.067359	56404.9	0.000198807	
2688	296	732	14.6871	11.3538	1034	14	9	468	10	80	345	6	0.241752	37754.3	0.00013624	
2589	175	748	19.3674	16	956	13	9	468	8	61	336	5	0.134604	37049.1	0.00017934	
2644	466	769	15.1153	14.1795	1037	16	7	483	15	59	350	4	0.372169	30782.5	0.000152835	
2570	101	758	24.4779	12.2154	962	10	8	460	17	64	329	4	0.077548	61018	0.00017854	
2384	100	728	22.5396	10.5189	993	10	8	477	5	60	341	6	0.070651	71327.8	0.000180245	
2323	100	744	22.275	14.1784	988	12	6	487	5	59	331	5	0.070485	55529.4	0.000195313	
2662	500	733	15.3129	15.116	1045	12	7	480	8	72	342	5	0.38091	29345.2	0.000161996	
2593	291	769	17.3926	14.5691	1010	15	8	474	15	61	348	5	0.223563	32692.9	0.000160359	
2419	100	745	22.0658	10	1050	14	7	467	12	55	344	5	0.074693	75872.3	0.000173732	
2307	185	748	23.1164	15.5577	914	16	9	475	4	48	310	6	0.114723	38776.7	0.000206569	
2665	355	775	14.8578	10.3056	1042	12	8	481	1	67	344	5	0.29494	39380.6	0.000127421	
2611	131	769	19.8884	10.4838	1041	15	6	480	19	67	335	5	0.110102	59152	0.000145138	
2333	122	753	25	15.0311	929	14	9	469	2	46	304	6	0.078577	48110.6	0.000207555	
2570	101	735	24.4779	12.0913	962	10	8	462	8	67	329	4	0.075195	61856.4	0.000180832	
2424	100	734	23.4444	10.553	978	16	10	489	4	64	336	6	0.071048	71137.5	0.000180115	
2559	140	757	19.8884	10	1050	14	6	481	14	56	346	5	0.111392	62705	0.000142511	
2351	100	737	24.7243	10.553	993	16	10	479	5	64	340	6	0.066544	74725.9	0.000185839	
2314	143	745	22.5218	15.8842	929	16	9	474	3	63	331	6	0.09266	42783.9	0.000199243	
2549	304	766	18.8847	14.5139	1003	13	9	490	5	79	336	4	0.221351	32589.9	0.00016247	
2300	100	729	21.1664	12.445	971	13	8	474	10	79	345	5	0.070788	58377.2	0.00018797	
2417	191	743	20.1848	15.5577	917	16	10	475	4	59	310	4	0.13078	36909.4	0.000189717	
2323	100	736	25	14.1784	988	12	7	486	5	62	333	5	0.064933	58052.8	0.000202716	
2647	111	772	24.154	11.2629	1050	15	8	468	7	55	339	4	0.088597	65723.6	0.00016247	
2514	296	757	16.7352	13.9435	1041	10	9	482	7	77	349	5	0.220801	33457.8	0.000155545	
2353	100	743	23.1609	15.6049	946	11	5	474	13	58	338	4	0.069886	51972.1	0.000203211	
2363	100	728	20.5277	10.5189	1004	11	8	483	5	73	341	6	0.074594	66909.8	0.000177651	
2621	219	767	14.2725	12.607	1022	14	8	473	1	68	344	5	0.197495	38263.7	0.000142066	
2655	236	768	15.5339	12.101	1047	11	6	467	2	71	348	6	0.201576	38749.8	0.000137855	
2613	186	770	15.4682	12.9187	1026	16	6	481	14	78	348	5	0.166271	40081.8	0.000144446	
2300	144	756	25	14.6466	929	15	9	488	1	46	304	6	0.089443	45736.9	0.000208507	
2695	150	769	21.0343	12.3512	1030	11	5	480	3	70	342	4	0.122409	49442.2	0.000147623	
2677	328	757	14.6715	10.8866	1050	11	8	473	0	72	344	6	0.271825	38101.6	0.000131062	
2680	488	741	14.7703	13.7441	1046	13	9	470	12	71	346	4	0.382456	30957.7	0.000150376	
2393	100	748	21.549	10.5095	1030	14	7	465	10	55	334	5	0.075652	69590.8	0.000174856	
2453	148	743	15.5796	11.5448	1050	12	5	460	9	68	342	5	0.127249	48252.6	0.00014556	
2386	100	734	23.4444	11.4819	978	15	5	471	4	64	336	6	0.069687	66232.2	0.00018474	
2690	461	734	16.122	15.6474	1033	12	8	478	9	80	334	5	0.34901	29011.9	0.000167056	
2547	196	774	12.6286	10.1914	1010	13	7	490	14	69	348	6	0.196481	44943.5	0.0001287	
2572	265	770	14.3445	12.8626	1029	15	5	481	-0	78	345	6	0.225109	35886.9	0.000143926	
2700	151	758	19.8884	10.2788	1050	14	6	482	14	58	335	5	0.125294	59279.9	0.000138696	
2300	118	757	23.1164	15.384	918	16	9	474	2	50	310	6	0.078842	47396.2	0.000204248	
2397	100	745	21.8302	10.8021	900	14	9	473	14	56	308	5	0.074415	64771.9	0.000180505	
2520	140	739	20.9324	15.2476	978	16	5	485	7	67	341	4	0.103483	43188.7	0.000177494	
2370	100	746	24.4672	14.0069	955	12	5	476	6	59	331	5	0.068584	56486.5	0.000196889	
2393	110	744	21.0812	10.2469	1045	14	5	474	10	62	343	5	0.08177	70307.6	0.000165125	
2513	194	774	15.1923	10.1827	1018	11	5	474	14	73	348	5	0.16755	46919.6	0.000131182	
2380	101	738	23.4039	11.6369	983	16	5	475	4	64	336	6	0.070384	65340.8	0.000184332	
2629	436	739	15.2841	13.6012	1040	15	9	476	10	62	350	6	0.332379	31620.8	0.000151883	
2654	500	743	18.1694	16	1030	11	6	482	4	76	345	5	0.366127	28591.3	0.000171057	
2360	106	769	21.022	13.7758	904	11	5	485	15	46	330	5	0.080915	51696.1	0.000185763	
2613	384	770	14.7447	13.1989	1021	11	8	488	8	80	348	6	0.310507	32255.6	0.000145243	
2663	111	771	23.9806	10.7984	1050	15	9	468	17	77	339	4	0.089123	67073.2	0.00015977	
2652	282	762	12.2096	10.0185	1003	11	7	473	7	68	345	5	0.267194	41389.8	0.000125849	
2324	111	740	25	15.3389	965	13	10	483	9	76	345	4	0.07107	51576.5	0.000202881	
2662	500	734	15.3129	15.116	1045	12	7	480	8	72	342	5	0.381429	29349.9	0.000161891	
2628	324	755	16.7633	14.6776	988	11	7	482	20	77	343	6	0.248348	31740.2	0.000161082	
2349	178	745	21.8201	15.2443	900	16	8	481	0	45	339	6	0.115389	38693.9	0.000196967	
2300	118	757	23.1164	15.16	956	16	9	475	10	50	310	6	0.078842	48338.1	0.000201654	
2556	500	772	14.9303	14.4827	1036	11	9	475	6	80	343	4	0.390434	30122.3	0.000155594	
2523	100	770	25	12.4863	992	15	5	486	11	66	344	6	0.075245	62556.7	0.000180799	
2404	129	741	21.9309	12.7876	951	10	9	480	13	78	344	5	0.090128	50954.1	0.000170882	
2385	215	736	19.7597	15.4989	1024	11	9	468	9	52	350	6	0.142722	36162.8	0.000181488	
2581	164	732	16.3264	11.4107	1019	18	8	466	17	77	334	5	0.137399	46139	0.000144009	
2692	141	748	21.9553	10.2739	1033	13	5	478	9	62	344	5	0.110856	65198.3	0.000143596	
2645	422	746	14.8062	15.5204	1031	11	7	481	6	78	338	5	0.331194	29765.1	0.000164177	
2386	100	734	25	10.553	979	15	5	470	10	64	336	6	0.066952	76002.6	0.000185426	
2305	151	728	19.9579	16	931	16	7	474	2	59	323	4	0.100733	40737.6	0.000197981	
2425	304	771	18.4402	16	1001	13	8	468	5	74	336	4	0.213731	31511.2	0.000177968	
2435	100	740	23.1422	10	998	14	6	471	7	76	347	5	0.072581	75221	0.000175778	
2539	124	725	19.8884	10.1644	1027	13	7	468	19	55	333	5	0.096629	63412.6	0.000153775	
2419	101	745	22.0658	10	1050	14	7	467	12	55	343	5	0.075239	75725.4	0.000172831	
2629	176	743	16.451	13.4334	1005	16	8	468	7	78	329	6	0.149115	40213.5	0.00015456	
2300	100	759	24.7694	11.1309	927	14	9	466	1	46	304	6	0.066679	67671.1	0.000193761	
2591	376	731	17.3329	16	982	13	9	489	4	70	327	5	0.269876	29545.5	0.000176429	
2522	147	746	18.4566	13.4397	929	12	7	487	7	60	334	5	0.116729	43866.2	0.000163026	
2349	115	734	20.3988	14.8038	900	15	7	478	1	52	328	5	0.083161	47303.9	0.000192234	
2669	161	752	20.3641	14.1634	1025	14	9	470	11	50	345	5	0.12717	42013.8	0.000163159	
2700	385	770	14.3619	10.8866	1048	10	9	481	0	72	350	5	0.324136	36612.7	0.000128156	
2334	109	736	23.4444	11.1664	978	17	6	479	2	67	339	6	0.072718	66415.4	0.000179565	
2327	143	743	22.7966	15.8842	927	16	9	472	7	46	349	5	0.09245	41905.5	0.000203004	
2353	100	757	21.1808	12.8511	975	12	8	474	14	54	345	4	0.075559	56328.7	0.000183959	
2570	101	761	24.4779	12.2154	962	10	8	460	18	67	329	4	0.077855	60909.6	0.000178126	
2440	100	738	25	10.553	968	15	5	475	4	64	338	6	0.06921	75012.1	0.000182116	
2564	195	775	16.552	11.2719	1022	15	4	473	9	71	348	6	0.163217	44783.3	0.000136893	
2677	355	769	13.2173	12.3787	1047	11	6	477	6	72	350	6	0.31143	34462.2	0.000136426	
2655	289	771	14.7703	13.6518	1037	17	8	490	3	72	343	4	0.245315	33822.7	0.000147689	
2451	131	742	16.5738	12.7896	968	13	9	486	5	62	339	6	0.111602	46924	0.000160205	
2300	100	744	23.7141	13.8236	948	12	6	487	7	58	329	5	0.066981	57108.2	0.000199362	
2677	236	768	15.5339	12.101	1047	11	6	467	2	71	348	6	0.203218	38769.8	0.000137419	
2590	351	734	16.9541	15.5988	1037	11	8	482	8	80	346	4	0.25576	30140.3	0.000168805	
2300	141	762	25	14.9597	960	14	10	490	1	43	304	6	0.088509	45692.7	0.000209336	
2447	104	742	22.9844	10	987	18	4	483	6	79	341	4	0.075965	76121.8	0.000171262	
2663	136	772	23.9806	10.7984	1040	15	9	468	17	77	339	4	0.104794	62883.4	0.000148832	
2439	111	743	22.2549	10.2003	1036	14	6	471	8	80	344	4	0.081296	70424.4	0.000164555	
2562	215	754	16.8018	12.8423	922	11	7	487	9	68	329	6	0.170178	38423.4	0.000154083	
2650	448	734	16.1905	15.7575	1027	16	7	479	5	66	346	5	0.33496	29071.6	0.000169233	
2386	148	742	24.5399	15.4081	980	18	8	485	11	79	340	4	0.094343	44277.2	0.000193087	
2645	467	772	13.1637	11.4921	1050	13	5	479	5	64	346	4	0.3961	35145.9	0.000132188	
2353	100	736	21.1808	12.8511	946	11	8	474	7	58	341	4	0.073463	55935.5	0.000186916	
2553	256	773	12.2146	10.1914	992	13	9	490	14	74	348	6	0.243362	41249.5	0.000128419	
2552	256	762	12.6286	10.1914	1010	13	7	473	14	70	348	6	0.234081	41583.2	0.000128932	
2654	207	763	15.5061	11.4172	1047	11	6	478	0	72	350	6	0.181338	41815.2	0.000133887	
2453	148	739	17.7883	10.8206	1050	12	5	460	9	72	342	5	0.115546	53821.7	0.000145476	
2300	118	757	23.7118	14.8014	949	16	9	474	2	50	312	5	0.077743	49166.3	0.000200884	
2300	185	742	23.1164	15.5577	908	16	9	475	4	47	314	5	0.113432	38655.2	0.000207771	
2580	165	728	19.1676	10.5189	993	11	8	474	6	79	347	6	0.125134	52650.6	0.000142126	
2652	277	739	12.6286	10.1404	992	12	9	487	10	67	348	5	0.24986	40883.3	0.000128717	
2384	100	774	21.8981	11.2161	993	10	8	477	6	60	337	6	0.076805	64551.1	0.000175623	
2573	151	734	19.3435	10.1644	1048	14	6	483	17	55	337	6	0.11688	60070.6	0.000143451	
2326	118	757	23.1164	15.384	900	16	9	474	2	50	310	6	0.0799	47086.9	0.000203293	
2370	100	746	22.8662	12.1209	955	12	5	476	6	59	331	5	0.071336	61585	0.000185563	
2601	123	725	17.8686	11.1184	1031	13	9	464	15	68	340	4	0.105462	53295.5	0.000153139	
2577	301	761	15.3197	13.9007	1041	12	9	490	6	76	347	6	0.239775	33117.9	0.000151791	
2350	100	746	24.4672	14.0069	955	12	6	481	6	59	331	5	0.067868	56610.8	0.000198098	
2323	100	736	25	14.5629	988	16	7	486	5	72	333	5	0.064933	56809.3	0.000204457	
2700	296	745	14.6871	12.4605	1034	14	9	477	11	63	344	5	0.24708	35474.4	0.000141924	
2593	274	736	17.7431	16	990	14	8	478	10	60	326	4	0.200967	31828	0.000177999	
2402	111	754	23.9806	10.0259	1039	15	9	473	17	80	339	4	0.077094	75339.5	0.000168862	
2349	169	758	17.5372	15.2443	911	15	8	478	0	46	335	6	0.126264	38723.3	0.00018498	
2640	500	733	16.8466	15.6474	1033	12	7	482	8	78	334	5	0.367475	28739.4	0.000168919	
2386	114	736	23.4444	10.553	972	16	10	489	5	64	339	6	0.077356	68289.7	0.000172147	
2563	101	734	24.4429	12.2154	962	10	8	462	8	67	334	4	0.074846	61195.1	0.000181521	
2615	361	754	13.9939	11.3935	1010	14	7	478	15	73	350	5	0.294453	35936.1	0.000135263	
2559	131	735	20.6548	10.4028	1041	14	6	482	19	55	343	5	0.100613	62962.3	0.000150875	
2652	277	747	12.6286	10.1404	992	12	9	488	10	67	348	5	0.252565	40841	0.000128025	
2581	116	745	22.1098	10.8021	1019	12	9	469	16	60	338	4	0.090037	63082.8	0.000159668	
2342	110	731	22.5218	15.6803	941	15	7	486	4	64	343	6	0.074647	49340.6	0.00020016	
2323	100	742	22.5661	14.1784	988	12	7	487	5	59	333	5	0.069765	55672.9	0.000195963	
2642	220	759	15.3311	14.2042	1030	14	4	490	20	63	347	4	0.189464	36227.8	0.000153941	
2389	100	773	23.9806	14.5661	1050	15	9	468	19	77	339	4	0.072359	55394.9	0.000191461	
2539	129	733	19.8884	10.1644	1027	13	7	468	15	55	333	5	0.100571	62605.8	0.000151012	
2568	329	743	18.4402	16	1003	13	8	475	7	80	336	4	0.234131	30343.4	0.000175963	
2324	111	740	25	15.4081	965	17	10	483	9	76	344	4	0.07107	51369.9	0.000203583	
2559	134	743	16.451	12.6616	1019	16	9	472	7	76	332	6	0.119496	46364.3	0.000154607	
2389	218	744	19.5363	15.6666	1024	10	7	462	0	54	344	6	0.147453	35760.4	0.000181389	
2609	111	761	22.9962	10	1012	14	5	478	1	60	350	5	0.088302	72728	0.000158303	
2590	147	757	19.8884	10	1044	14	6	481	14	56	346	5	0.117156	61716.8	0.000140135	
2578	111	771	24.4048	10	1006	15	9	478	17	77	339	4	0.085148	72327.8	0.000160643	
2333	163	757	21.8936	15.4142	938	16	9	474	2	50	331	6	0.107892	40297.9	0.000193911	
2462	214	747	17.2942	13.1031	963	17	9	472	10	56	349	5	0.159034	38328.9	0.000159033	
2627	145	761	15.9753	10.0831	947	14	5	478	5	64	350	5	0.135852	53174.1	0.000135667	
2349	143	757	22.5218	15.8842	929	16	7	474	5	48	343	6	0.095764	42025	0.000198413	
2572	284	770	14.3445	12.8626	1014	15	5	484	0	78	345	6	0.238214	35219.3	0.000144467	
2416	114	731	21.2307	10	1040	16	8	481	5	54	340	5	0.082878	70817.9	0.000163693	
2513	194	773	12.9262	10.161	1048	13	7	481	14	69	348	5	0.188646	45519.4	0.000128601	
2677	385	769	14.4178	10.8866	1050	10	8	481	1	72	350	6	0.320514	36720.7	0.0001288	
2526	131	735	20.6548	10.9407	1041	14	6	467	19	55	343	5	0.099157	59632.8	0.000154036	
2627	146	756	21.9553	10	1047	14	5	477	5	62	348	5	0.112107	67358.9	0.000141985	
2614	178	762	14.7818	12.1059	953	11	6	486	9	59	339	6	0.164302	42370.5	0.000143308	
2674	358	772	17.4658	15.0661	1049	11	7	486	9	75	348	6	0.279349	30541.5	0.000158428	
2389	218	736	19.5363	15.6666	1024	11	7	462	0	54	344	6	0.145867	35704.1	0.000182582	
2680	472	747	14.794	13.7441	1031	12	9	470	12	71	346	6	0.373273	31148.2	0.000150602	
2559	131	735	19.8884	10.4838	1041	14	6	482	19	55	335	5	0.102899	60848.1	0.000150807	
2357	118	757	23.1164	15.384	918	16	9	474	2	50	310	6	0.081162	47161.4	0.000200562	
2672	385	769	14.4375	13.3974	1047	11	6	467	0	75	348	5	0.319987	32550.9	0.000144886	
2633	116	745	22.1098	10.8021	1028	11	9	472	16	68	338	4	0.09214	62591.6	0.000157828	
2300	100	744	23.9229	14.0069	948	12	6	487	9	58	335	5	0.066451	56797.3	0.000200642	
2626	434	741	17.4385	16	958	13	8	478	5	69	334	5	0.31757	29073.5	0.000175562	
2385	209	745	19.5018	15.9166	935	18	9	460	0	77	336	5	0.142094	35073.3	0.000187652	
2700	151	760	17.5185	10.9537	1050	13	6	482	14	58	345	5	0.134933	50863.9	0.00013725	
2537	124	725	19.8884	10.1644	1027	13	7	468	19	55	331	5	0.096544	63488.5	0.000154012	
2621	205	750	17.1842	12.9722	1050	14	10	485	3	69	341	5	0.164902	38939	0.000148368	
2573	151	735	19.2458	10.1644	1048	14	6	483	17	55	337	4	0.11703	59516.1	0.000143123	
2393	100	747	21.549	10.0563	1030	14	7	468	10	51	332	5	0.07555	73396.5	0.000173762	
2593	122	774	19.1068	12.443	992	14	9	469	3	68	325	5	0.106803	50079.9	0.000157505	
2612	151	757	17.951	10.1644	1030	14	6	478	19	69	338	5	0.127931	54967.3	0.000137533	
2393	206	753	16.0135	11.9286	987	14	9	484	1	73	348	4	0.157242	41261.8	0.00014806	
2583	148	729	18.0891	10.1897	1033	13	6	476	19	66	347	5	0.119379	55942.1	0.000140607	
2409	241	745	19.5018	15.9166	982	18	8	460	5	74	337	6	0.162707	33703.1	0.000184706	
2380	100	738	23.4039	10.9081	983	16	5	475	4	64	336	6	0.069852	70205.5	0.000182582	
2389	100	748	23.9806	14.8446	1050	15	9	468	19	75	335	4	0.070019	54821.5	0.000196117	
2552	256	774	12.9637	10.4795	1024	13	8	481	14	70	348	6	0.233236	40664.6	0.00012945	
2349	140	757	22.5218	15.8842	966	11	7	474	5	48	343	6	0.094093	43258	0.000194137	
2677	436	739	16.6391	13.6012	1040	15	9	480	10	62	350	6	0.327839	31751.1	0.000152161	
2439	111	743	17.5286	10.2003	1020	15	6	471	8	80	337	4	0.095453	59393.9	0.000158755	
2651	261	765	16.8875	14.1552	1050	14	7	472	8	78	340	5	0.209106	34098.3	0.000153799	
2300	100	739	22.275	13.8413	988	12	6	487	13	59	331	5	0.069164	56745.3	0.00019581	
2363	100	730	20.5277	10.5189	993	11	8	483	5	73	341	6	0.074799	66393.5	0.000177494	
2419	100	729	22.7677	13.6687	966	14	6	467	7	65	341	5	0.071475	55340.2	0.000191755	
2503	100	729	23.1422	13.6687	966	14	6	467	7	65	345	5	0.073934	55215.4	0.000188964	
2700	298	768	15.5697	12.883	970	11	7	480	8	78	339	6	0.248634	34838.1	0.000145117	
2700	256	732	15.6264	12.0669	1013	14	8	488	7	66	344	4	0.207966	37629.8	0.000141824	
2663	111	771	23.9806	10.7984	997	15	9	473	17	77	339	4	0.089123	66132.7	0.000160488	
2571	206	737	15.6412	14.0724	994	13	7	482	8	80	348	6	0.167828	36949.6	0.000158378	
2677	355	769	16.2221	13.3974	1050	11	6	467	5	75	345	5	0.283353	33022.9	0.000146585	
2580	165	728	19.1676	10.2409	993	13	8	473	6	80	347	6	0.125134	54370.6	0.000140924	
2416	112	725	19.1767	10.031	1048	16	8	481	13	54	334	5	0.086944	66070.7	0.000162655	
2514	296	756	16.7352	13.864	1041	10	9	482	7	65	349	5	0.220509	33778.9	0.000155352	
2649	374	765	17.7075	15.8696	1047	14	7	479	0	72	350	6	0.284617	29677.1	0.000166694	
2506	246	745	19.5018	16	946	18	8	460	0	77	336	6	0.172362	33162.9	0.00018379	
2349	167	750	22.092	15.4683	908	15	9	483	4	47	313	6	0.109382	39829.3	0.00019976	
2628	295	754	16.7633	14.2107	988	11	7	482	20	65	343	6	0.228021	33012	0.000158128	
2372	236	736	17.6523	15.8654	986	11	6	462	9	59	350	6	0.162177	34105.6	0.000182815	
2551	151	741	17.951	10.1644	1030	15	6	478	19	69	340	5	0.122088	55643	0.000140627	
2503	100	729	23.1422	13.6687	992	14	6	463	9	62	345	5	0.073934	55460.1	0.000188466	
2327	143	743	23.1943	15.8842	927	16	9	472	4	65	349	5	0.091895	42828.6	0.000199164	
2621	455	748	17.3329	16	990	15	8	478	9	60	326	4	0.336151	29033.9	0.000175531	
2581	187	725	16.3264	11.4107	1019	18	8	466	17	77	333	5	0.149996	44040.6	0.000144363	
2663	340	750	15.3342	16	997	11	9	479	15	64	350	4	0.271148	30322.1	0.000168663	
2570	235	775	13.9731	11.2719	1025	10	4	474	4	71	344	6	0.209734	40282.6	0.000133869	
2379	147	730	19.37	15.9614	978	17	5	482	11	71	348	4	0.104534	41503.3	0.000186428	
2603	472	741	14.7703	13.7441	1046	13	9	470	12	71	348	4	0.36106	31057.8	0.000151814	
2568	319	764	17.6856	16	1003	13	7	488	5	79	339	4	0.237869	30510.8	0.000171321	
2406	140	730	19.9551	10.3504	993	11	8	483	5	60	341	6	0.099785	59950.3	0.000153421	
2525	240	771	16.0884	13.1584	1038	11	6	467	0	79	348	5	0.192163	36558.1	0.000148258	
2700	253	732	16.5812	11.4844	1022	13	10	487	4	67	344	4	0.20029	39650.5	0.000138908	
2559	131	733	20.6548	10	1041	14	6	482	19	67	343	5	0.100339	65187.9	0.000148633	
2593	124	725	18.7801	11.5799	1050	13	6	481	18	55	340	5	0.102324	54056.4	0.000156201	
2353	100	736	19.9266	12.5808	964	11	9	474	14	53	335	4	0.076591	55804.8	0.000184196	
2499	111	774	23.2947	15.3752	1041	15	7	468	13	79	349	4	0.08477	49497	0.000182715	
2370	100	767	24.4672	14.0069	973	12	5	476	6	70	331	5	0.070515	56811.4	0.000193199	
2555	100	743	24.4382	15.998	1019	11	9	468	10	52	339	4	0.074909	51170.8	0.000197433	
2419	101	745	22.0658	10	1022	12	6	467	12	55	343	5	0.075239	74842.5	0.000172951	
2579	468	732	16.8466	15.6474	1033	11	8	482	10	78	334	5	0.336428	29026.5	0.000170678	
2610	408	739	15.2936	13.7178	1045	15	9	482	9	61	350	6	0.310065	31776.7	0.000152999	
2653	220	742	14.5455	12.0149	977	13	6	488	7	50	346	5	0.191531	39934.9	0.000143287	
2431	129	731	21.393	11.1646	916	10	8	481	10	63	324	6	0.091154	57055.6	0.000164609	
2588	182	749	13.6543	11.3222	1050	10	6	481	11	66	339	5	0.172597	43768.4	0.000136407	
2621	232	752	15.2414	12.9722	1048	14	9	483	3	69	336	5	0.194773	36904.5	0.000146757	
2465	136	745	17.9279	14.5387	946	18	8	462	5	67	335	4	0.109572	43280.3	0.000172325	
2645	339	743	16.8466	16	1033	10	7	482	8	78	339	5	0.256272	29988.8	0.000169924	
2337	113	746	25	15.4081	926	18	5	483	9	55	344	4	0.073199	49686.2	0.000205846	
2300	108	774	21.0807	10.0831	947	14	5	478	4	64	322	4	0.080079	68264.3	0.000168663	
2391	214	747	17.2942	15.8538	963	17	9	472	10	50	349	5	0.154406	34759.3	0.000184162	
2593	124	725	18.7801	14.1825	1050	13	7	481	18	55	340	5	0.102324	46748	0.00016909	
2509	276	751	15.7501	14.5838	1006	10	5	486	9	80	347	6	0.211114	33378.9	0.000161708	
2383	100	738	23.9806	10.0259	984	15	8	470	5	66	342	4	0.068869	75969.2	0.00018031	
2580	376	748	18.6667	15.9772	956	12	6	468	11	69	344	5	0.268336	29963.2	0.000177431	
2676	500	743	16.3412	16	1030	11	5	483	4	80	345	6	0.37977	28543.7	0.000168549	
2659	347	769	14.0513	11.1984	1048	12	7	478	8	72	350	6	0.293817	36556.4	0.000130719	
2323	100	743	23.0292	14.1784	988	11	7	485	4	64	337	5	0.069322	56042.5	0.000195733	
2700	112	743	21.4966	13.0237	1032	12	6	480	6	76	333	6	0.093989	53547.9	0.00016675	
2300	118	757	23.7118	15.384	949	16	9	474	2	56	306	6	0.077743	48634.4	0.000203707	
2668	316	736	15.6937	13.3486	990	14	7	490	15	69	350	5	0.247281	33470.1	0.000150512	
2646	500	743	18.1694	16	1034	11	6	482	4	77	340	5	0.365175	28557.9	0.000171292	
2509	276	751	15.7501	14.3721	1006	10	5	486	9	80	348	6	0.211114	33600.4	0.000160051	
2451	136	728	20.5277	10.5189	994	11	8	480	5	73	341	6	0.097707	59512.1	0.000154178	
2522	356	772	16.499	15.0661	1048	11	7	486	9	75	348	6	0.2687	31083.2	0.000161447	
2695	500	743	16.3412	16	1038	11	6	480	4	77	346	5	0.382087	28512.5	0.000167785	
2441	128	728	21.53	10.9188	927	18	9	481	10	77	322	6	0.090657	58489.4	0.000164123	
2552	256	774	12.9637	10.1625	1024	13	7	481	14	70	348	6	0.233236	41588.5	0.000127943	
2583	156	754	15.2904	12.2975	968	10	7	487	8	75	349	6	0.143151	44140.9	0.000145054	
2386	100	740	23.4444	10.134	956	16	10	487	5	64	336	6	0.070256	73600.1	0.000179824	
2382	152	728	19.1676	15.9771	992	11	8	481	11	79	345	6	0.107681	40971.4	0.000185839	
2386	114	734	23.4444	12.8828	978	15	10	489	5	64	334	6	0.077146	56091.3	0.000182282	
2579	348	771	18.9587	15.9277	1014	11	8	479	17	75	350	4	0.255213	30018.8	0.000170823	
2527	137	745	19.382	10	984	18	6	479	10	79	328	4	0.108074	60211	0.000147145	
2612	260	739	15.2936	14.1755	1045	17	9	476	12	61	349	6	0.208445	34247.7	0.000157011	
2470	100	754	24.9544	15.5061	1016	15	6	468	9	77	339	4	0.071788	52958.5	0.000197472	
2574	170	751	18.3167	14.6553	1050	11	8	467	19	79	314	6	0.13481	39493.1	0.000165235	
2680	447	745	14.7703	13.0348	985	12	9	483	13	71	344	5	0.353308	32185.2	0.000146886	
2487	194	735	17.4946	14.4339	946	17	7	462	6	67	337	4	0.144866	37295.9	0.00017001	
2587	369	737	16.3264	14.9111	1020	17	8	485	10	80	334	5	0.272148	30685.6	0.000164745	
2651	483	736	14.383	15.2597	1028	11	7	481	5	74	336	6	0.376901	29663.5	0.000163345	
2513	194	774	16.2888	10.1827	1027	13	8	477	14	69	348	5	0.160897	47798.1	0.000132573	
2627	145	761	17.3438	10.1176	947	14	5	478	5	64	350	5	0.128025	55176.9	0.000137457	
2645	325	760	12.9637	10	1044	12	6	479	12	66	346	4	0.286004	40227.7	0.000125755	
2497	119	741	21.2802	10	1007	13	6	471	9	62	343	5	0.090136	67660.5	0.000156446	
2415	111	771	23.9806	15.1634	1041	15	10	468	19	77	338	4	0.079345	51088.7	0.000187652	
2574	257	770	12.2433	10.1914	1010	13	7	490	14	70	348	4	0.244335	41436.9	0.000127681	
2618	272	733	19.0008	15.6888	993	12	8	479	10	70	344	6	0.195695	32069.6	0.000174186	
2503	100	741	23.1422	10	1004	14	6	474	6	80	347	5	0.075151	74647.4	0.00017331	
2489	112	748	20.4028	13.0237	1032	12	7	483	6	76	333	6	0.088912	52908.7	0.000170619	
2425	100	728	20.5277	10.2265	999	11	8	461	7	67	341	6	0.076938	67136.1	0.000174307	
2300	186	743	23.1164	15.5577	900	14	8	475	0	48	310	6	0.114138	38658.5	0.000207211	
2669	327	772	20.2135	15.9277	1001	13	8	479	17	68	350	4	0.243833	30604.7	0.000170648	
2583	156	754	15.837	12.2975	1021	10	7	487	8	65	349	6	0.139611	44398.3	0.000144383	
2393	100	739	21.0812	10.146	1028	14	6	474	11	57	343	5	0.075811	71791.4	0.000173822	
2572	164	744	20.3621	15.1634	1030	15	7	465	19	77	315	4	0.122708	39846.3	0.00017331	
2607	204	732	18.1276	16	910	16	8	479	10	65	336	4	0.155265	34778.8	0.000181159	
2586	189	769	12.9637	11.0443	1046	12	7	485	11	70	341	4	0.18911	43423.5	0.000132503	
2503	100	729	23.1422	13.6687	960	14	6	464	7	76	345	5	0.073934	55099.7	0.000189036	
2662	151	764	19.8884	10	1048	14	6	482	14	62	335	5	0.124361	60760.8	0.000137684	
2386	143	757	22.5218	15.8842	914	16	9	472	7	46	349	6	0.097468	41508.2	0.000198216	
2565	146	772	19.0172	12.3412	1030	11	5	480	1	66	325	4	0.120619	48110.6	0.000150331	
2677	325	770	15.5339	11.936	1015	11	8	469	0	71	344	6	0.266692	36060.6	0.000137627	
2569	165	728	19.1676	10.5189	993	11	8	474	6	79	347	6	0.124565	52596.6	0.00014247	
2700	111	771	23.9806	10.7984	1050	15	9	468	17	77	339	4	0.090582	67298.4	0.000158831	
2323	100	738	24.721	14.1784	988	12	9	486	5	64	333	5	0.065648	57567.1	0.000201369	
2652	277	747	12.6286	10.1404	992	12	7	488	10	67	348	5	0.252565	41046.3	0.000127992	
2559	140	755	18.6641	10	952	11	6	481	16	56	334	5	0.1152	57970.8	0.000143575	
2596	182	735	17.3093	15.0851	1006	14	8	480	8	65	350	6	0.145184	37464.7	0.000167364	
2323	100	728	25	14.1784	988	12	7	486	5	64	333	5	0.064227	58100.4	0.000203749	
2670	251	764	18.3532	14.8016	1038	10	8	479	3	49	348	4	0.196232	34196.3	0.000161342	
2656	449	747	14.7703	13.6518	1050	16	7	487	17	61	348	4	0.352984	31525.5	0.00015024	
2337	152	735	19.3139	14.3707	976	15	6	479	1	67	336	6	0.105944	43365.9	0.000177085	
2459	133	733	18.856	10.5189	993	11	8	476	5	72	341	6	0.102553	56357	0.000151217	
2570	101	735	24.4779	12.2154	962	10	8	462	8	67	329	4	0.075195	61242	0.000181291	
2655	289	763	14.7703	13.6518	1037	17	8	490	17	77	338	4	0.24277	33651.9	0.000148832	
2603	409	731	17.3329	15.9902	982	14	9	479	9	70	327	5	0.293915	29206.6	0.000176491	
2360	144	733	18.5361	12.2347	965	14	5	490	11	67	335	6	0.105053	49040	0.000162549	
2432	138	772	21.0807	10.0831	944	15	5	478	7	69	344	4	0.102731	61981.3	0.000149993	
2610	111	771	23.9806	10.1991	1050	15	9	468	17	77	339	4	0.087034	71383.1	0.000159261	
2583	156	754	15.837	12.2975	960	10	7	487	8	61	349	6	0.139611	44269.9	0.000146306	
2323	100	742	23.0785	10	995	12	8	485	5	64	333	5	0.068703	77385.2	0.000181061	
2695	150	772	21.5407	12.3512	1030	11	5	480	1	66	342	4	0.121607	50013.1	0.000148236	
2379	147	730	20.8539	15.3861	978	17	5	482	7	68	347	4	0.100223	42659.6	0.000185117	
2621	205	775	17.1842	11.7783	1046	13	9	485	1	69	341	5	0.170398	41705.5	0.000138812	
2674	389	775	16.499	15.0661	1048	15	8	486	11	69	348	6	0.309197	30087.1	0.000157704	
2588	162	770	17.714	10.0346	1014	11	6	484	4	61	350	6	0.137008	53844.6	0.000133404	
2559	100	754	20.9299	14.3562	967	11	10	486	17	70	338	4	0.083781	51869	0.00018406	
2596	161	735	17.3093	15.0851	997	14	8	480	8	65	350	6	0.132344	39480.7	0.000167926	
2631	113	744	25	15.4081	962	18	5	483	9	76	337	4	0.084132	49919.3	0.000186359	
2353	117	736	20.5256	12.8511	953	11	8	474	13	62	335	4	0.084094	52101.9	0.00017584	
2677	355	769	15.5061	11.4172	1047	11	6	477	0	72	350	6	0.288979	36665	0.000132732	
2570	249	772	13.9731	11.2719	1041	10	4	472	4	71	345	6	0.218448	39784	0.000133494	
2491	295	762	15.4005	12.7253	1003	16	8	473	14	66	340	4	0.227892	35263.6	0.000149321	
2674	369	775	16.499	15.0661	1048	11	8	485	13	80	348	5	0.294247	30229.9	0.000157035	
2542	242	745	14.4216	10.8396	1021	11	10	483	8	80	348	6	0.199739	40360.9	0.000135483	
2427	100	770	23.9806	11.6117	1039	10	10	468	17	80	339	4	0.073491	65140.5	0.000178923	
2552	256	774	14.6386	10	1010	13	6	490	14	70	348	5	0.215881	43087.3	0.000129249	
2502	271	757	15.7501	14.3721	1050	10	5	483	8	56	347	6	0.208947	34236	0.000158907	
2584	182	749	15.4976	11.3222	1047	11	6	481	11	66	339	5	0.157386	44484.2	0.000138408	
2672	151	729	18.0891	10.1644	1013	14	9	482	19	55	347	5	0.125648	55456.2	0.000138985	
2300	127	738	21.5302	11.4698	978	13	5	473	8	80	346	5	0.085314	58792.8	0.000169205	
2439	113	749	22.642	11.5218	966	18	5	483	9	76	344	6	0.081946	61317.8	0.00017001	
2373	100	773	23.9806	14.8566	941	15	8	464	19	79	339	4	0.071762	52978.7	0.000196232	
2621	139	750	17.1842	12.9722	995	14	9	485	3	69	341	5	0.123361	45209.2	0.000153233	
2368	202	757	22.5218	16	918	16	7	474	5	48	344	6	0.130451	36268.8	0.000198807	
2409	127	770	22.4979	15.1829	1018	12	5	472	13	80	337	5	0.091576	47340.7	0.000180963	
2486	111	752	23.9806	10.0259	1039	15	8	474	17	80	336	6	0.08012	74986.8	0.000165536	
2627	145	761	15.9753	10	947	14	5	478	5	64	350	5	0.135852	53730.2	0.000135318	
2621	227	750	17.6666	12.2622	1050	14	9	485	3	69	341	5	0.176627	39669.5	0.00014455	
2613	186	768	15.4682	12.628	1022	12	6	482	16	78	344	5	0.165839	40459.4	0.000143	
2696	438	746	14.1165	11.8573	997	15	10	490	5	75	346	4	0.355278	34034.7	0.000137552	
2559	100	754	20.9299	14.3562	967	12	10	483	17	70	338	4	0.083781	51804.7	0.000184094	
2700	296	732	14.6871	11.3538	1034	14	9	470	10	80	345	6	0.242768	37758.9	0.00013598	
2594	126	744	22.3104	10.8021	1009	13	9	483	18	54	337	4	0.095729	62023.4	0.000156274	
2645	500	733	16.8466	15.6474	1033	12	7	482	8	78	334	5	0.368073	28747.5	0.000168776	
2324	111	740	25	15.4081	970	17	10	483	9	73	344	4	0.07107	51433.7	0.000203459	
2547	131	735	20.6548	10.4028	1015	14	6	467	19	58	343	5	0.100083	62081.7	0.000151378	
2677	415	771	13.1518	10.8866	1050	10	7	483	1	76	350	6	0.35878	36020.5	0.000127616	
2570	235	775	16.552	11.2719	999	10	4	473	4	71	344	6	0.189988	41660.5	0.0001374	
2550	109	748	22.1098	10.7662	1015	14	9	467	16	54	337	4	0.085087	64813.8	0.00016518	
2333	122	757	23.1164	15.4142	915	16	9	474	2	50	331	6	0.082363	46508.3	0.000199442	
2695	130	760	19.4991	12.2083	1050	15	8	477	4	73	338	5	0.113312	50469.2	0.000150466	
2579	176	749	15.4976	11.3222	1047	11	6	481	9	66	344	5	0.153298	45012.2	0.000137798	
2312	127	738	21.5302	10	978	13	5	473	8	80	347	4	0.085828	67931.6	0.000162075	
2555	144	742	21.7759	12.5175	966	14	5	490	5	62	336	6	0.106109	50273.9	0.000161238	
2658	380	730	16.3664	15.5204	1033	11	7	482	8	78	334	5	0.284004	29808.2	0.000167308	