2300	100	742	25	15.9799	948	12	6	486	8	73	333	5	0.064652	53744.7	0.000213493	
2645	500	740	16.8466	16	1033	12	7	482	10	78	334	5	0.371588	28423.9	0.00017059	
2300	101	740	23.9229	10	1014	11	6	487	7	64	332	4	0.066611	82701.4	0.000183857	
2660	500	764	10.7845	10	1025	11	5	475	6	67	348	5	0.467392	39438.8	0.000123426	
2300	100	734	24.9535	14.5629	988	13	8	486	5	80	333	5	0.063958	57127.7	0.000206101	
2700	470	771	10.8067	10	1050	11	4	479	7	62	350	5	0.451771	39826.7	0.000121374	
2620	486	771	11.2458	10.0185	1020	11	4	479	7	80	349	5	0.44205	38592.9	0.000124254	
2300	101	740	23.9229	10	996	11	6	487	7	64	332	5	0.066611	81793.4	0.000183959	
2682	469	767	12.2132	11.8178	1050	11	9	481	8	64	346	5	0.414902	34677	0.000132961	
2323	100	736	25	10	988	16	7	486	5	72	333	5	0.064933	81015.3	0.000187056	
2640	486	771	10.7845	10.0185	1035	12	4	472	7	67	349	5	0.457171	39666.8	0.000122956	
2689	460	775	12.3318	11.8573	1043	14	9	487	5	62	347	5	0.410575	34779.6	0.000132979	
2689	500	768	12.3318	12.766	1039	13	10	489	5	80	346	5	0.439206	32805.9	0.000138543	
2692	496	767	12.9374	10.2753	1038	11	7	470	8	77	349	5	0.42583	37333.3	0.000124938	
2402	100	746	24.8602	10.0018	1031	14	8	469	5	75	338	4	0.068624	79969.7	0.000180148	
2330	100	740	22.7966	15.8842	927	16	4	472	7	43	349	4	0.069304	50337.8	0.0002096	
2689	485	775	12.3318	11.8573	1040	14	10	477	5	62	350	5	0.430896	34690.1	0.000132608	
2682	493	767	12.2132	11.8178	1050	11	9	484	8	66	346	5	0.434285	34412.4	0.000132908	
2300	100	742	25	15.8185	948	12	6	486	8	73	333	5	0.064652	53997.1	0.000212585	
2700	402	773	10.4456	10.0185	1030	12	4	478	7	64	349	6	0.408788	41038.3	0.000121847	
2323	100	742	24.6495	10	984	12	8	485	3	63	334	5	0.066008	80559.1	0.000185048	
2300	183	744	22.5913	16	916	16	9	477	3	46	313	5	0.113752	37980	0.000209205	
2300	100	740	22.7966	15.8842	927	16	9	472	7	46	349	4	0.068209	50092.5	0.000210615	
2617	500	766	12.9237	13.2414	1032	13	9	490	6	80	350	4	0.41917	31887	0.000143472	
2665	482	767	12.2132	11.2625	1050	11	9	481	8	64	350	5	0.423081	35401.7	0.000129601	
2634	486	767	10.4869	10.013	1050	11	9	473	7	64	350	5	0.463159	39651.5	0.000122699	
2300	120	753	25	15.0311	969	14	10	471	4	43	304	4	0.076187	48736.2	0.000210526	
2610	111	771	23.9806	10.0259	1050	15	9	468	17	77	339	4	0.087034	72858	0.00015873	
2688	438	746	16.6285	15.0301	1000	16	10	490	6	76	336	4	0.334378	29613.5	0.000162338	
2484	100	752	25	10.0259	1039	15	8	474	16	80	336	6	0.072094	79742.1	0.000176025	
2300	196	743	23.1164	16	900	16	9	471	2	48	310	6	0.119695	37334.3	0.000211416	
2300	183	740	23.0678	16	908	15	8	472	4	54	310	5	0.112026	38492.1	0.00020842	
2700	455	733	14.9936	14.4845	1047	12	7	482	8	73	334	5	0.354466	30246	0.00015674	
2660	486	769	10.7845	10.0185	1033	12	4	473	1	67	349	5	0.458872	39753.4	0.00012273	
2339	100	731	24.721	14.1784	988	18	9	486	5	63	333	5	0.065584	56807.3	0.000202224	
2300	100	725	22.6788	12.445	972	13	8	474	11	76	345	5	0.067338	60281.3	0.000191314	
2577	301	757	15.3197	13.9007	1041	11	9	490	6	76	347	6	0.238514	33115.8	0.000152114	
2700	427	771	10.6258	10.0185	1009	12	4	475	7	62	349	5	0.42188	40876.2	0.000122504	
2523	100	748	24.4779	12.4863	992	15	6	484	11	75	344	5	0.074262	61456	0.000181984	
2648	393	768	15.488	14.3721	1020	13	7	488	8	80	348	6	0.313759	30835.5	0.000153704	
2700	389	768	12.3318	11.8573	997	13	8	490	5	74	350	4	0.352319	35121.8	0.000133387	
2323	100	742	25	10	995	12	7	485	5	64	333	5	0.065462	82244.5	0.00018622	
2337	113	746	25	15.4081	926	18	5	483	9	55	344	4	0.073199	49686.2	0.000205846	
2300	100	744	24.6495	10	995	11	7	485	8	64	333	5	0.065369	82275.1	0.000186393	
2656	316	767	10.4869	10.2939	1050	11	9	468	7	70	350	5	0.331741	41335.5	0.000123564	
2627	146	762	23.7031	10	1047	15	8	474	8	62	347	5	0.108625	69653.8	0.000145391	
2652	212	753	14.4908	10.0185	1003	11	8	473	8	66	344	5	0.189606	45242.4	0.000128883	
2590	147	757	19.8884	10	1044	14	6	481	14	56	346	5	0.117156	61710.6	0.000140135	
2355	100	748	23.9806	10.2364	922	15	7	473	2	71	339	4	0.068791	71690.8	0.000181917	
2300	100	742	24.7112	15.8977	942	13	8	477	7	71	333	5	0.065189	52857.7	0.000212314	
2680	477	745	14.7703	13.0348	1046	12	9	470	13	71	345	4	0.376082	31957.4	0.000144991	
2574	228	765	16.8362	13.2812	1010	13	7	488	7	70	346	6	0.181979	36846.6	0.000150534	
2420	114	734	21.8963	10.4873	978	16	10	489	5	74	331	6	0.081749	65362.6	0.000167112	
2648	409	773	15.0299	14.666	1033	16	8	482	17	67	349	4	0.331444	30553	0.000154943	
2373	100	755	23.9806	10.0089	1050	15	9	469	14	68	341	4	0.070091	79350.1	0.000177936	
2689	443	768	15.3238	12.7312	1024	14	10	489	6	80	350	5	0.357776	32358.4	0.000140885	
2680	500	743	14.7703	13.4554	1045	13	9	470	8	71	346	4	0.392723	31292.6	0.00014817	
2300	212	744	23.2339	16	916	16	9	477	4	46	310	5	0.128836	36506.2	0.00021182	
2651	396	758	14.7447	13.1989	1034	11	7	483	10	80	347	6	0.31852	32189.7	0.000145285	
2497	119	741	21.2802	10	1007	13	6	471	9	62	343	5	0.090136	67669.2	0.000156446	
2323	100	740	24.721	14.1784	988	12	7	486	5	64	331	5	0.065826	57662.5	0.000201207	
2539	281	768	14.6715	10.8866	1050	11	8	482	0	72	346	6	0.230105	39328.8	0.000133191	
2640	456	734	18.5381	16	978	12	7	487	10	78	338	5	0.326347	28862.5	0.000175193	
2300	101	753	23.9229	10.5715	971	11	6	487	9	64	334	5	0.067781	74184.3	0.0001844	
2628	295	754	16.7633	14.2107	988	11	7	482	20	65	343	6	0.228021	33017	0.000158128	
2603	472	741	14.7703	13.7441	1046	13	9	470	12	71	348	4	0.36106	31058.7	0.000151814	
2416	114	725	19.7264	10.5248	1021	12	8	481	3	71	340	6	0.086449	62198.8	0.000163052	
2608	228	770	12.6286	10	1010	13	10	490	4	59	350	6	0.221976	43484.5	0.000126183	
2660	460	760	10.7845	10.0185	1024	11	5	475	4	79	348	5	0.432457	39384.2	0.000124023	
2583	156	756	15.2904	12.2975	1028	10	7	487	6	55	349	6	0.143531	44288.6	0.000144092	
2692	146	756	21.9553	10	1041	14	5	477	5	62	344	5	0.115173	67225.7	0.000140548	
2656	350	746	14.6382	13.6518	1050	16	7	487	17	66	350	4	0.281494	32492.8	0.000149321	
2418	108	728	20.5741	10.5189	1050	10	9	471	4	76	350	4	0.080979	65044.9	0.000167364	
2700	385	769	14.6002	10.4075	1050	10	8	480	0	72	350	4	0.32157	38111.5	0.00012596	
2427	100	770	23.9806	10	1050	15	10	468	16	79	339	4	0.073491	77058.3	0.000173822	
2570	116	738	22.1098	11.6569	1019	13	8	469	18	60	338	4	0.08875	58573.9	0.000164177	
2552	256	762	12.6286	10.1914	1010	13	7	473	14	70	348	6	0.234081	41586.5	0.000128932	
2300	183	740	23.0678	15.5222	908	15	8	472	4	50	310	5	0.112026	39034.8	0.000206441	
2683	204	762	12.2096	10.0185	1003	11	5	473	7	68	339	5	0.21491	45475.1	0.000126406	
2700	402	771	10.4456	10.0228	1020	12	4	473	18	64	350	5	0.407731	41161	0.00012207	
2638	316	771	14.1168	10.2939	1050	12	9	473	7	64	346	5	0.269191	39967.6	0.000127162	
2355	100	775	23.9806	10.2086	1043	15	8	466	2	75	339	4	0.071274	76410.3	0.000176929	
2660	500	762	10.7845	10.0185	1024	11	7	472	4	79	350	5	0.466169	38985.8	0.000123472	
2700	485	772	13.058	11.8573	1050	14	10	487	5	57	349	5	0.419218	34327.7	0.000133601	
2350	100	746	23.9229	15.094	955	11	6	487	8	60	330	5	0.06843	54048.6	0.000202347	
2572	333	770	14.3445	12.8626	1029	15	7	481	0	80	345	6	0.272681	33817.6	0.000143906	
2402	100	746	23.9806	10.0259	1031	15	8	470	5	75	342	4	0.0703	77712.7	0.000177904	
2640	453	734	18.5381	15.6474	1048	12	7	487	10	78	348	6	0.324174	29106	0.000169033	
2648	466	773	16.4713	14.666	1033	17	8	485	17	67	341	5	0.364197	30023.1	0.000157381	
2355	100	748	23.8373	10.0259	1043	15	8	465	2	75	340	4	0.069332	78561.6	0.000178859	
2692	496	767	12.9374	10.2939	1040	11	9	470	7	77	349	5	0.42583	37052.5	0.000124984	
2468	119	745	23.1531	10	1000	14	6	471	10	80	343	5	0.084882	71069.2	0.000160746	
2462	214	747	17.2942	15.8538	963	17	9	472	10	50	349	5	0.159034	34471	0.000181719	
2590	401	764	16.9541	15.6487	1037	11	9	489	8	78	346	6	0.30208	29506.1	0.000165673	
2560	414	762	15.6866	13.9237	1033	11	8	481	16	77	349	6	0.315881	31258	0.000152975	
2677	355	769	15.6855	13.3974	1047	11	6	467	3	75	346	5	0.287576	32928.4	0.000146092	
2688	500	745	14.7703	13.4554	1046	12	9	471	12	70	348	4	0.394785	31242.8	0.000147493	
2562	166	757	16.8018	12.8423	972	10	7	487	9	76	328	6	0.139882	42244.4	0.000151837	
2337	104	744	25	15.4081	967	18	5	483	9	55	344	4	0.06824	52495.5	0.000206697	
2692	141	748	21.1868	10.2739	1001	13	5	478	9	70	349	5	0.112708	62888	0.00014243	
2300	100	739	24.9535	14.9663	988	13	8	486	5	76	333	5	0.064394	56218.6	0.000207297	
2648	409	771	15.0299	13.7441	1029	14	8	482	19	67	349	4	0.330586	31417	0.000148522	
2431	129	731	21.393	11.1646	916	10	8	480	10	63	324	6	0.091154	57015.3	0.000164582	
2675	325	760	12.9637	10	1044	12	6	479	10	66	346	4	0.288977	40280	0.000125094	
2649	374	769	16.5415	15.8696	1047	14	6	479	0	72	350	6	0.292422	29740.7	0.000164989	
2676	500	725	15.9686	15.6379	1033	11	8	483	4	80	345	5	0.373442	28660.6	0.000167224	
2623	198	770	14.3445	12.6031	1029	15	5	481	3	80	344	4	0.18364	39731	0.000141044	
2678	151	729	13.7802	11.1732	1013	14	9	484	19	56	347	5	0.152986	47126.4	0.000139063	
2631	113	744	25	15.4081	962	18	5	483	9	76	337	4	0.084132	49968.9	0.000186359	
2677	355	775	15.5061	11.4172	1047	11	7	479	0	72	348	6	0.291234	36446.4	0.00013245	
2300	197	734	18.9813	16	900	16	9	478	2	48	310	6	0.129783	36211.9	0.00020284	
2341	100	742	24.6495	10.4827	995	12	7	485	5	62	333	5	0.066646	76737.1	0.000185598	
2316	241	745	19.5018	15.9166	914	16	8	460	3	74	324	6	0.156443	33991.2	0.000192827	
2593	291	769	17.3926	14.5691	1010	15	8	474	15	61	348	5	0.223563	32693.9	0.000160359	
2680	500	745	14.3489	13.4554	1046	12	9	470	3	76	350	4	0.398213	31320.6	0.000147102	
2596	142	754	17.5805	10.4096	1027	10	7	485	7	53	350	6	0.122823	53815.3	0.000139645	
2642	146	756	23.1037	10	1023	13	5	474	5	62	344	5	0.10971	69364.6	0.000144634	
2300	118	757	23.1164	15.384	918	16	9	474	2	50	310	6	0.078842	47409.5	0.000204248	
2405	100	742	23.4444	10.553	1025	16	5	471	4	73	332	6	0.071134	74347.7	0.000179211	
2523	100	752	25	12.4863	992	15	6	486	11	66	344	6	0.073486	62429.2	0.000183016	
2431	129	731	23.7416	11.1646	916	10	8	483	10	63	324	6	0.086167	60547.8	0.000170474	
2700	210	764	10.8067	10	1050	13	4	476	7	62	350	5	0.247962	46636.8	0.000122309	
2646	303	768	14.7416	10.8866	1049	11	9	476	4	75	344	6	0.254201	38333.7	0.00013089	
2300	102	744	23.9229	10	976	12	6	487	9	69	343	5	0.067491	78951.2	0.000182415	
2504	100	730	25	12.4863	1004	15	5	486	11	66	344	6	0.070678	63504.7	0.000186532	
2700	380	770	12.0464	10.542	1048	11	9	487	0	72	350	4	0.351356	37394.5	0.000124735	
2501	194	740	14.8675	10.8917	1048	13	8	481	14	71	348	5	0.161728	44395	0.000137363	
2640	146	759	13.1031	10	1027	14	8	474	5	62	348	5	0.160324	50227.8	0.000131683	
2515	219	774	15.9961	14.7332	999	11	9	469	4	77	340	5	0.179017	35274	0.000161786	
2544	116	745	21.1328	10.2529	1019	12	8	468	16	65	338	4	0.090847	64463.2	0.000157307	
2415	111	771	25	15.1946	1041	15	7	468	19	77	338	4	0.077581	51880.4	0.000190331	
2700	483	746	14.52	12.1388	1000	15	10	489	5	72	348	5	0.386606	33326.7	0.000139353	
2594	396	758	14.7447	13.1989	1034	11	7	483	11	80	348	6	0.312399	32238	0.000146477	
2659	300	769	14.0513	11.4172	1048	11	8	478	0	72	348	6	0.259618	37036.3	0.000132031	
2603	409	731	17.3329	15.9902	982	14	9	479	9	70	327	5	0.293915	29209.1	0.000176491	
2639	112	747	22.7125	12.2755	1032	11	7	476	4	80	333	6	0.089044	57222.4	0.000166113	
2680	494	745	14.7703	13.1279	1046	13	9	470	12	71	346	4	0.389144	31742.3	0.000145624	
2462	186	747	18.4442	15.1494	938	15	9	472	9	50	346	5	0.136865	37177.1	0.000178667	
2464	100	752	22.9962	10	1012	17	5	478	6	60	350	4	0.075392	76245.9	0.000172592	
2485	137	753	19.382	10	984	18	9	483	10	79	328	4	0.107228	58806	0.000148017	
2640	191	775	12.4217	10.0346	990	12	7	488	4	58	348	5	0.202933	46121.8	0.000125549	
2674	355	769	14.6715	11.0487	1050	10	6	470	0	72	348	6	0.295684	37365.8	0.000130225	
2300	185	742	23.1164	15.5577	908	16	9	475	4	47	314	5	0.113432	38660.3	0.000207771	
2621	205	775	17.1842	11.7783	1046	13	9	485	1	69	341	5	0.170398	41700.1	0.000138812	
2617	228	737	15.6264	11.0896	1042	11	10	488	3	61	340	4	0.184934	41569.9	0.000137571	
2649	450	766	17.2238	15.8675	1047	14	6	478	4	72	350	6	0.343637	29003.2	0.000166058	
2300	118	757	23.1164	15.16	956	16	9	475	10	50	310	6	0.078842	48339.7	0.000201654	
2663	111	771	23.9806	10.7984	997	15	9	473	17	77	339	4	0.089123	66134.7	0.000160488	
2674	358	775	18.0674	14.7787	1019	11	8	486	16	80	348	6	0.276874	30964.3	0.000158003	
2640	459	734	18.5381	15.6474	1048	12	7	487	10	78	350	6	0.328523	29058.8	0.000168919	
2349	100	757	23.1164	15.1315	980	10	9	476	6	49	324	5	0.071056	52735.8	0.00020004	
2561	198	770	18.8071	12.6031	1029	15	5	481	3	80	350	4	0.153418	41666.3	0.000147341	
2551	100	758	23.9806	10.0227	1039	15	8	479	6	76	350	4	0.076882	75431.9	0.000170911	
2700	438	746	18.0803	15.0301	997	16	10	490	5	75	348	4	0.327066	29783	0.00016292	
2300	100	739	22.275	13.8413	988	12	6	487	13	59	331	5	0.069164	56752.9	0.00019581	
2350	100	769	23.591	14.4321	956	12	8	481	6	75	334	5	0.071104	54717.8	0.000194742	
2300	102	746	25	12.5011	1047	11	7	486	3	63	332	5	0.066041	66989.5	0.000193723	
2670	251	764	18.3532	14.8016	1038	10	8	479	3	49	348	4	0.196232	34195.3	0.000161342	
2428	119	741	21.2802	10.0563	1001	14	6	471	10	55	343	5	0.087266	68122.3	0.000159591	
2660	462	771	10.7845	10.0185	1020	12	5	475	7	67	349	5	0.440349	39740.6	0.000122956	
2354	100	725	22.6788	12.445	972	13	8	474	11	76	345	5	0.069279	59513.8	0.000188679	
2654	333	755	18.1694	16	1030	11	6	482	4	77	338	5	0.249534	30298.1	0.000170039	
2627	146	756	23.7031	10	1047	14	8	477	5	62	347	5	0.107769	69851.1	0.000145773	
2571	186	737	15.6412	14.0724	994	15	7	484	8	80	348	6	0.155358	38448.6	0.000158453	
2676	500	738	16.3412	15.9262	1030	11	5	484	4	75	345	6	0.377214	28613	0.00016852	
2660	260	770	14.8797	10.1955	1003	11	8	473	5	66	344	5	0.224343	42436.9	0.00012832	
2617	230	737	15.6264	11.0896	1008	10	10	488	3	61	340	4	0.186224	41204.1	0.000138274	
2569	393	760	15.3765	14.3721	1033	11	7	486	8	76	348	5	0.30285	31051.6	0.000155642	
2687	472	775	13.4474	10.8866	1042	11	8	474	1	71	344	5	0.403287	35928.3	0.00012832	
2700	458	769	10.7845	10.0185	1033	12	4	473	3	62	347	5	0.441501	40343	0.000122474	
2551	121	758	23.9806	10.0227	1039	15	8	479	6	76	350	5	0.089137	72000	0.000155933	
2405	128	734	20.3073	10.9183	963	16	9	481	10	69	322	5	0.092574	57433.4	0.000162153	
2353	145	757	21.1808	12.8511	991	12	8	474	14	54	345	5	0.10043	48983.4	0.000168067	
2677	355	769	16.7818	13.77	1047	13	8	467	3	80	346	5	0.279853	32373.8	0.000149903	
2593	285	769	17.3926	14.5691	1010	15	8	474	15	61	348	6	0.21945	32870.4	0.000160514	
2550	111	741	23.0379	10.8021	1006	14	5	472	18	52	342	4	0.083127	67795.5	0.000166583	
2643	151	758	17.4564	10	962	12	6	478	17	56	336	5	0.132161	55226.5	0.000137118	
2500	179	748	14.8426	12.1183	980	10	6	480	12	72	337	5	0.154734	42117.5	0.000146413	
2668	290	754	13.9939	11.3935	1011	14	7	477	13	73	350	5	0.248987	37657.1	0.000134066	
2623	500	738	14.7703	13.4554	1046	13	9	470	12	71	346	4	0.382987	31245.1	0.00014979	
2689	485	771	14.4626	11.8573	1040	14	10	477	5	72	350	5	0.400523	33779.3	0.000134174	
2551	414	774	12.9637	12.5996	1044	13	8	480	12	68	346	4	0.347362	33655.1	0.000140528	
2689	500	768	15.3238	12.7312	1024	14	10	489	5	80	350	5	0.402566	32013.3	0.000140885	
2553	256	773	12.2146	10.1914	992	13	9	490	14	74	348	6	0.243362	41252.2	0.000128419	
2334	109	736	23.4444	11.1664	978	17	6	479	2	67	339	6	0.072718	66402.6	0.000179565	
2676	500	725	16.3412	15.6379	1033	11	8	483	4	80	345	5	0.370569	28677.1	0.000167616	
2300	100	734	24.9535	14.5422	917	13	8	486	5	80	333	6	0.063958	55476.9	0.00020816	
2439	113	744	22.7301	10.3757	977	18	5	483	9	76	344	4	0.081396	69011.5	0.000165865	
2674	256	732	15.6264	11.9526	998	14	8	490	7	63	347	4	0.206022	37940.4	0.000141784	
2323	100	742	23.0791	14.1784	988	12	7	487	5	70	333	5	0.068703	56259.4	0.000196734	
2593	137	725	18.7801	10.362	1050	15	6	481	7	55	340	5	0.109901	58929	0.000146499	
2632	455	750	17.2949	16	984	14	9	478	9	69	340	4	0.338282	28827.6	0.000172801	
2300	100	744	23.9229	15.071	962	12	6	486	7	71	333	5	0.066451	54971.5	0.000204876	
2419	101	745	22.0658	10	1050	14	7	467	12	55	343	5	0.075239	75676.7	0.000172801	
2672	385	769	14.4375	13.3974	1047	11	6	467	0	75	348	5	0.319987	32552.6	0.000144886	
2689	485	775	12.1852	11.8573	1048	10	10	477	5	62	350	5	0.434005	34611.9	0.000131718	
2700	485	775	15.071	11.8573	1039	14	10	489	5	65	348	5	0.397896	33918.9	0.000134716	
2697	485	775	14.6984	12.1366	1039	14	10	489	5	65	348	5	0.400542	33281.9	0.000136073	
2353	100	736	21.1808	12.8511	946	11	8	474	7	58	341	4	0.073463	55945.3	0.000186916	
2573	151	734	19.3435	10.1644	1048	14	6	483	17	55	337	6	0.11688	60058.3	0.000143451	
2652	277	747	12.6286	10.1404	992	12	9	488	10	67	348	5	0.252565	40837.7	0.000128025	
2333	133	764	23.1164	15.4142	915	15	9	474	3	50	331	6	0.089203	44582	0.000197668	
2355	100	748	23.9806	10.0259	922	15	7	474	2	75	339	4	0.068791	73396.8	0.000181192	
2373	100	773	23.9806	14.5661	949	15	9	468	19	77	339	4	0.071762	53728.3	0.000194477	
2327	129	736	22.7966	15.8842	907	15	9	475	7	46	349	5	0.084091	43853.2	0.000205044	
2512	307	744	14.3865	13.1505	1029	14	9	486	7	70	350	6	0.240365	34240.8	0.000149745	
2596	272	735	17.3093	15.0851	1006	14	8	480	8	65	350	6	0.202134	32664.9	0.000167252	
2551	216	769	14.6386	10.027	1000	13	6	490	14	80	344	5	0.187706	44669.2	0.000130736	
2382	100	738	23.4444	10.4976	987	16	6	470	8	58	342	6	0.069922	73036.3	0.00018093	
2552	139	751	20.1201	11.6614	1015	12	9	470	2	69	340	5	0.108401	51700.5	0.000151469	
2373	100	769	23.9806	10.0259	1050	15	9	468	14	80	339	4	0.071391	78070	0.000176336	
2384	100	728	22.5396	10.5189	993	10	8	477	5	60	341	6	0.070651	71317.5	0.000180245	
2615	192	733	17.4755	13.5872	932	14	5	482	2	63	346	6	0.150873	38958.6	0.000159872	
2300	100	742	24.7112	15.8185	948	13	6	485	8	73	333	5	0.065189	53607.1	0.00021164	
2662	266	773	10.4869	10.2939	1050	13	9	471	6	72	346	5	0.29727	42922	0.000123854	
2606	194	774	12.9637	10.1827	1024	13	9	481	13	73	346	5	0.195187	44701.6	0.000127146	
2660	486	769	10.7845	10.0185	1033	12	4	473	2	67	349	5	0.458872	39749.4	0.000122745	
2643	151	754	15.6515	10	1046	12	6	478	12	60	343	5	0.141054	52415.5	0.000133138	
2617	236	767	14.8324	13.1794	1032	13	9	490	6	80	341	4	0.204259	36092.1	0.000145582	
2614	178	762	14.7818	12.1059	953	11	6	486	9	59	339	6	0.164302	42236	0.000143308	
2677	384	771	13.1518	10.3	1050	10	7	483	1	76	350	6	0.334913	37754.9	0.000124782	
2560	444	760	14.8186	13.884	1033	11	8	481	16	77	347	6	0.344099	31109.3	0.000152207	
2574	257	770	12.2433	10.1914	1010	13	7	490	14	70	348	4	0.244335	41439.7	0.000127698	
2539	124	725	18.4925	10.1644	1017	13	7	468	14	55	337	5	0.101048	59884.5	0.000151837	
2627	146	756	24.5438	10	1047	14	8	477	5	63	347	5	0.105889	71592.9	0.000147732	
2644	138	763	20.0501	10.9843	992	14	9	472	4	64	327	6	0.114527	54850.5	0.000146778	
2415	115	746	23.5884	10.1406	1043	15	6	469	7	76	347	5	0.079536	75141.8	0.000165975	
2512	194	774	12.9637	10.1827	1024	13	7	481	14	73	348	5	0.188191	45196.9	0.000129216	
2565	146	772	19.0172	11.094	1030	11	5	480	1	66	325	4	0.120619	52911.9	0.000144592	
2697	497	772	16.9472	14.4977	996	11	9	483	1	72	348	6	0.391046	30142	0.000155933	
2610	111	763	24.4423	10.0259	1050	15	9	471	17	77	339	4	0.085504	74003	0.00016	
2579	468	732	16.8466	15.6474	1033	11	8	482	10	78	334	5	0.336428	29048.4	0.000170678	
2300	101	744	23.9229	10.0186	971	11	8	487	8	64	334	5	0.066971	78321.6	0.000183756	
2594	148	767	17.4755	12.4354	1037	14	8	472	9	78	339	6	0.128572	45571	0.000146972	
2300	100	740	22.7966	15.5154	937	16	9	472	7	50	349	4	0.068209	51039.7	0.000207039	
2629	159	743	18.933	13.4454	1050	10	9	472	9	76	337	4	0.127194	42838.8	0.000154631	
2435	100	740	23.1422	10	998	14	6	471	7	76	347	5	0.072581	75245.5	0.000175778	
2660	350	764	10.7845	10.0185	1020	11	5	475	6	67	348	5	0.348218	40978.9	0.00012364	
2560	405	760	15.4767	13.9237	1033	11	8	481	16	80	348	6	0.309889	31336.2	0.000153069	
2579	348	771	18.9587	15.9277	1014	11	8	479	17	75	350	4	0.255213	30029.3	0.000170823	
2384	140	731	19.9551	10.3971	981	11	8	486	5	65	345	4	0.098905	59142.7	0.00015387	
2421	114	744	22.4378	10	1040	16	8	481	5	54	340	5	0.081795	73535	0.00016442	
2645	325	760	12.9637	10	1044	12	6	479	12	66	346	4	0.286004	40225.8	0.000125755	
2652	139	753	14.8925	10.0185	1003	11	8	473	12	66	335	5	0.13915	51749.3	0.000136799	
2569	280	767	15.3207	12.607	969	16	8	470	1	70	347	5	0.226511	35725.4	0.000146284	
2355	100	753	23.9806	10.0259	922	15	7	474	2	75	339	4	0.069251	73257.7	0.000180571	
2593	138	774	19.0232	10.6329	992	14	9	472	3	68	325	6	0.117357	54520.6	0.000144259	
2574	228	770	12.8381	10.0346	1010	13	7	487	4	62	348	6	0.215966	43592.6	0.000127437	
2349	100	757	23.1164	15.1315	980	10	10	476	6	77	324	5	0.071056	53168	0.000198452	
2621	463	768	13.1444	11.7164	1038	14	7	481	13	72	343	4	0.387834	34298.7	0.00013508	
2416	115	725	19.2439	10.6215	1021	12	8	478	3	71	340	6	0.088034	60611.8	0.000162496	
2700	483	746	15.6903	12.1388	1019	15	10	490	5	78	348	5	0.376325	33460	0.00013986	
2649	374	765	17.7075	15.8696	1047	14	7	479	0	72	350	6	0.284617	29681.5	0.000166694	
2382	100	738	24.196	10.4976	987	16	6	470	9	58	342	6	0.06829	74772.5	0.000183117	
2689	459	725	16.3412	15.6379	1037	11	9	483	3	80	345	5	0.34175	28850.3	0.00016714	
2300	154	735	20.5482	15.5577	949	16	9	477	5	46	350	5	0.101489	40566.9	0.000195198	
2628	384	760	13.3124	12.4907	1015	10	6	467	0	75	344	5	0.322644	34121.7	0.000140825	
2700	402	771	12.2223	10.0228	1020	12	4	473	18	64	350	5	0.366059	39665.8	0.000123229	
2305	100	738	24.3047	10.4976	987	16	6	470	9	58	342	6	0.065556	75861.6	0.000187477	
2515	235	770	15.3432	14.5393	999	11	8	468	4	75	340	5	0.19286	34808.2	0.000160077	
2589	116	768	22.1098	10	1033	12	9	469	8	59	350	4	0.09315	68282.8	0.000153374	
2593	124	725	18.7801	11.5799	1050	13	6	481	13	55	340	5	0.102324	54143.6	0.000156152	
2402	111	749	21.3782	10.9309	1036	15	9	469	17	71	338	4	0.082137	63201.2	0.00016714	
2669	161	752	20.3641	14.1634	1025	14	9	470	11	50	345	5	0.12717	42013.8	0.000163159	
2353	116	736	20.5256	12.8511	953	11	7	468	7	64	335	4	0.083558	52232.9	0.000176056	
2660	500	760	10.7845	10.0185	1024	11	5	475	4	79	348	5	0.464945	39135.1	0.000124023	
2700	483	736	14.1989	12.1388	1014	15	9	490	5	75	348	5	0.384305	33294.6	0.000139704	
2640	457	769	15.365	13.0148	997	10	8	490	12	70	344	6	0.362512	32003.9	0.000145138	
2623	395	770	14.3445	12.0885	1030	15	7	481	0	79	345	5	0.323284	34062.6	0.00013776	
2615	186	731	17.4755	15.7585	931	14	6	481	5	62	346	6	0.146755	36401.4	0.000176866	
2522	356	760	16.499	14.9586	1050	11	7	486	2	75	348	6	0.264524	31203.1	0.000161838	
2349	103	743	23.4444	10.9991	978	17	6	479	2	67	339	6	0.07079	68448.9	0.000181094	
2529	146	752	17.5745	11.3734	915	13	7	472	13	61	333	6	0.121478	48873.6	0.000149566	
2572	265	770	16.2092	12.8626	1029	15	6	481	0	75	345	6	0.210926	36002.6	0.000145943	
2663	191	768	10.4481	10	1010	13	6	490	5	67	348	6	0.241692	48107.8	0.000124146	
2584	182	749	15.4976	11.3222	1047	11	6	481	11	66	339	5	0.157386	44505.5	0.000138408	
2425	304	771	18.4402	16	1001	13	9	479	5	78	348	4	0.213731	31632.5	0.000176772	
2700	245	732	16.2693	11.9629	1037	13	10	473	2	65	344	5	0.196895	38882.6	0.000141283	
2560	226	760	14.8186	13.9237	1033	11	7	481	16	77	348	6	0.191489	36050.8	0.000152486	
2488	272	746	15.785	11.8573	1028	11	9	479	5	73	350	5	0.205462	37830.2	0.000143102	
2696	399	744	13.1606	11.8685	1050	10	9	479	5	70	345	5	0.336392	34552.1	0.00013563	
2576	393	772	15.488	11.3924	1033	10	7	486	12	80	348	6	0.307693	35695	0.000135593	
2382	100	736	23.4444	10.553	944	16	6	470	8	58	341	6	0.069733	70677.5	0.000181951	
2619	349	775	12.9637	10	1050	12	8	466	7	70	346	4	0.306742	39554.6	0.000124564	
2700	500	768	15.3238	12.7312	1034	15	10	488	5	80	350	5	0.403978	32013.9	0.000140371	
2384	102	736	21.1092	15.1603	962	16	7	464	7	75	341	6	0.076235	50450.8	0.000194894	
2700	435	746	15.5466	12.589	1016	15	10	485	6	78	347	5	0.34059	32982.1	0.000142878	
2670	422	771	13.4798	11.0453	1050	10	7	482	1	76	350	6	0.359765	35617.1	0.0001288	
2559	134	736	16.451	12.6616	1019	16	7	472	7	76	332	6	0.118371	46585.7	0.000155328	
2465	136	745	17.9279	14.5387	946	18	8	462	5	67	335	4	0.109572	43265	0.000172325	
2570	116	738	22.1098	11.591	1019	10	7	469	18	60	338	4	0.08875	59262.4	0.000163639	
2324	136	745	17.9279	14.5387	946	17	8	462	5	67	336	4	0.102688	44068.2	0.000177336	
2613	198	770	14.3445	13.13	1029	15	6	481	3	80	344	4	0.182938	38858.2	0.000144697	
2349	149	757	22.5218	14.4051	929	13	9	477	5	48	343	6	0.099117	43923.3	0.000186602	
2671	245	732	15.6264	11.9629	1032	11	10	488	2	66	344	4	0.198545	38149.5	0.000140766	
2619	351	775	12.9637	10	1050	12	8	466	7	70	350	4	0.308229	39510.8	0.0001239	
2420	114	734	21.8963	10.4873	985	10	10	490	5	74	331	6	0.081749	65904.2	0.000166639	
2382	109	736	23.4444	10.553	978	16	6	470	2	64	336	6	0.074526	69976.4	0.000175009	
2670	335	769	17.1084	13.3974	1047	13	6	467	0	75	348	5	0.262575	33708.4	0.000147732	
2658	296	747	13.3632	10.1404	999	13	7	484	8	67	348	5	0.257226	40702.2	0.000128502	
2542	194	740	13.6642	10.8917	1048	13	7	481	14	69	348	5	0.174374	43764.6	0.000134953	
2516	112	738	25	10.8933	950	13	9	480	0	68	341	5	0.078575	66716.8	0.000171409	
2559	131	735	19.8884	10.4838	1041	14	6	482	19	55	335	5	0.102899	60841.8	0.000150807	
2323	100	743	24.721	14.1784	988	13	8	486	5	64	340	5	0.066092	57536.7	0.000200441	
2386	100	734	25	10.553	979	15	5	470	10	64	336	6	0.066952	75993.1	0.000185426	
2385	209	745	19.4457	15.9166	935	10	9	460	0	77	336	5	0.14209	35037.5	0.000187266	
2617	493	767	14.9889	11.4227	1046	11	9	490	5	74	347	5	0.390325	34486.5	0.000134264	
2300	118	757	23.7118	15.384	949	16	9	473	2	50	312	6	0.077743	48114.4	0.000204625	
2300	118	757	23.7118	14.8014	949	16	9	474	2	50	312	5	0.077743	49183.9	0.000200884	
2402	111	750	21.3782	10.0259	1036	15	9	468	17	71	338	4	0.082247	69297.7	0.000163908	
2323	100	735	23.7737	14.2725	988	12	7	486	5	69	339	4	0.066989	56430.5	0.000199124	
2323	100	742	24.6037	10	995	12	8	485	5	64	337	5	0.066011	80818.6	0.000184911	
2374	100	755	19.5363	15.6666	1024	10	7	462	0	54	344	6	0.081023	50549	0.000192976	
2353	117	736	20.5256	12.8511	953	11	8	474	13	62	335	4	0.084094	52088.4	0.00017584	
2349	202	757	22.5218	15.8842	918	16	7	474	5	48	344	6	0.129354	36585.8	0.000198965	
2593	291	769	17.2798	14.5691	1014	15	8	474	15	59	348	5	0.224226	32841.2	0.000160308	
2323	100	728	25	14.8443	988	12	6	486	5	64	333	5	0.064227	56497.5	0.000206868	
2324	111	753	25	15.1571	983	17	10	486	5	75	344	4	0.072318	52309.3	0.00019972	
2692	141	748	21.9553	10.2739	1021	13	5	478	9	70	348	6	0.110856	64773.4	0.000143184	
2625	184	771	13.9264	11.3852	936	10	9	475	4	78	346	4	0.178413	42733.1	0.000135999	
2552	256	762	14.7336	10.1914	1010	13	7	473	14	70	348	6	0.211913	42477.8	0.000130959	
2459	100	728	20.5277	10.5189	993	11	9	483	5	73	341	6	0.078224	64904.7	0.000174703	
2654	500	755	18.8246	16	1030	12	6	482	0	77	338	5	0.369068	28648.7	0.000170823	
2320	100	740	22.7966	15.5154	940	15	6	485	7	50	349	5	0.068939	51549.8	0.000205719	
2570	116	745	22.1098	11.6339	1019	12	8	469	16	60	338	6	0.089592	59028.5	0.000163345	
2315	148	728	21.9676	15.7855	933	16	4	483	9	80	347	4	0.094847	42812	0.000196464	
2677	333	769	14.6041	12.0801	1050	10	8	485	12	70	344	6	0.280485	34935.3	0.000136351	
2627	138	760	21.0807	10.0831	947	14	5	478	5	64	340	5	0.110225	63563.2	0.000144739	
2583	156	754	15.2904	12.2975	968	10	7	487	8	75	349	6	0.143151	44163.4	0.000145054	
2323	100	742	23.0785	10	995	14	8	474	5	64	334	5	0.068703	76669.5	0.000180865	
2300	183	744	20.803	15.5577	908	15	9	477	4	46	350	5	0.118191	37586.1	0.000197006	
2617	500	767	16.7582	13.9007	1032	13	9	490	6	80	347	4	0.381619	30477.3	0.000151699	
2580	156	732	16.3264	14.9879	1013	17	8	485	13	78	334	5	0.132507	40458	0.000166861	
2597	114	761	21.5019	10.4686	1039	14	10	479	5	60	330	5	0.093232	64650.1	0.000156912	
2522	147	740	18.4566	13.4257	1050	11	8	484	3	59	334	5	0.115791	45042.7	0.000159464	
2513	194	774	14.4677	10.1827	1018	13	6	483	14	73	348	5	0.173006	46052.5	0.000130787	
2439	111	737	22.2549	10.2003	1042	14	6	470	8	80	337	4	0.080639	70967.3	0.000165453	
2485	136	728	20.5277	11.7312	1002	11	8	480	5	68	341	6	0.099225	53273.3	0.000158178	
2337	104	744	25	10.7687	967	18	5	483	10	55	344	4	0.06824	72704.1	0.000185839	
2322	209	745	19.5018	15.9166	935	18	8	460	0	77	336	5	0.138244	35574.4	0.000190512	
2402	100	774	23.9806	10.0259	1050	15	9	468	14	80	339	4	0.072938	77311.1	0.000174459	
2574	225	765	16.8362	13.2812	1017	13	7	488	7	68	346	6	0.180013	37081.4	0.000150376	
2550	113	756	21.4077	10.6887	923	11	10	474	1	52	350	5	0.090093	61090.3	0.000161108	
2677	422	769	15.5061	12.1492	1047	11	6	481	0	72	350	6	0.339242	34032.8	0.000136893	
2618	217	726	15.6264	14.9734	1017	12	10	480	3	66	322	4	0.175277	35202.5	0.000166611	
2649	374	761	17.7075	15.8696	1047	14	7	479	0	72	350	6	0.283129	29684	0.000167168	
2652	166	754	16.1475	12.8423	972	10	7	487	9	76	328	6	0.148113	42150	0.000149009	
2449	111	775	23.8756	10.2003	1020	12	6	472	8	80	339	4	0.08111	72418.6	0.000164826	
2690	461	734	16.122	15.6474	1033	12	8	479	9	80	344	5	0.34901	28978.2	0.000166417	
2415	111	751	23.9806	15.1634	1028	16	10	468	19	77	338	4	0.077286	50860.3	0.000190694	
2700	296	732	14.6871	11.3538	1034	14	9	470	10	80	345	6	0.242768	37761.8	0.00013598	
2497	119	741	19.6253	10	1007	13	6	471	9	62	343	5	0.094613	63662.6	0.000154154	
2464	100	752	22.9962	10	1012	17	8	474	7	60	345	5	0.075392	74619.6	0.000172801	
2409	127	770	22.4979	15.3696	1018	12	5	467	13	80	337	5	0.091576	46851.9	0.000182315	
2617	500	767	14.9889	13.9007	1046	13	9	490	6	77	347	5	0.395798	30462.5	0.000149544	
2700	146	761	22.9962	10	1050	14	5	478	5	58	350	5	0.113767	70378.7	0.000141383	
2652	277	739	12.6286	10.1404	992	12	9	487	10	67	348	5	0.24986	40880	0.000128717	
2555	194	774	16.9223	10.1827	1032	12	5	477	14	73	348	5	0.159935	49281.1	0.000131857	
2646	500	743	18.1694	16	1034	11	6	482	4	77	340	5	0.365175	28557.9	0.000171292	
2676	272	771	15.8215	11.4172	1048	11	7	478	0	69	348	6	0.227035	38822.3	0.000133209	
2590	351	764	16.1549	15.339	1037	11	8	489	8	73	347	6	0.270949	30586.7	0.000162522	
2353	100	736	19.9266	12.5808	964	11	9	474	14	53	335	4	0.076591	55804.8	0.000184196	
2303	102	744	23.9229	10	976	12	6	487	9	66	343	5	0.0676	79133	0.000182249	
2660	328	768	14.6715	10.8866	1050	11	8	473	0	72	347	6	0.274154	37979.9	0.000129971	
2323	100	742	23.1399	15.6645	995	12	9	486	5	64	333	5	0.0687	53364.6	0.000203915	
2536	344	763	15.7501	14.3721	1033	11	7	476	8	78	340	6	0.263182	31786.9	0.000157704	
2662	500	733	15.3129	15.116	1045	12	7	480	8	72	342	5	0.38091	29349.4	0.000161996	
2384	112	734	21.1092	15.1603	962	16	7	466	1	75	341	6	0.08139	48245	0.000190078	
2645	500	734	16.8466	15.7149	1032	10	7	482	8	78	334	5	0.368575	28677.6	0.000169147	
2700	385	770	14.3619	10.8866	1048	10	9	485	0	72	350	5	0.324136	36514.2	0.000128156	
2577	100	746	23.9806	10.0259	1031	15	8	470	2	75	342	4	0.076601	75552.7	0.000171733	
2428	119	741	20.8997	10.0563	1004	14	6	482	10	55	343	5	0.087812	67501.7	0.000159363	
2333	100	744	23.9229	15.071	948	12	6	485	7	71	333	5	0.067636	54167.7	0.000203169	
2700	100	745	24.4672	14.0069	955	12	6	481	6	59	340	5	0.080294	55646.6	0.000184128	
2568	261	765	18.7273	14.1552	1050	14	7	471	8	78	344	5	0.194428	34713.2	0.000157853	
2437	108	746	19.7329	10	1050	11	9	471	2	76	345	4	0.086487	65573.9	0.000161551	
2434	100	746	23.9229	13.84	941	11	8	473	7	65	329	5	0.071455	55340.7	0.000192345	
2645	467	772	13.1637	11.4921	1024	12	8	483	12	64	346	5	0.3961	34788.2	0.000133014	
2384	188	736	21.1092	15.1603	962	16	7	464	7	75	341	6	0.123738	38302.3	0.000184672	
2324	111	753	25	15.1571	971	18	10	486	7	75	344	4	0.072318	52047.5	0.00020028	
2516	151	775	13.7664	11.8928	949	10	7	464	9	74	346	4	0.152431	45077.1	0.000142349	
2523	100	770	25	12.4863	992	15	5	486	11	66	344	6	0.075245	62541.2	0.000180799	
2572	344	763	15.7501	14.3721	1033	11	7	476	8	70	340	6	0.266614	31831.8	0.000156887	
2583	156	754	16.93	11.19	990	10	7	487	8	62	349	6	0.133718	47837.5	0.00014043	
2652	282	758	12.2096	10	1003	11	7	473	7	76	350	5	0.265792	41277.1	0.00012536	
2662	438	733	15.3129	14.6771	1045	12	7	480	8	72	342	6	0.334791	30138.5	0.000158932	
2692	141	751	21.9553	10.3353	1007	13	5	478	9	63	344	5	0.111301	63966.1	0.000144009	
2677	319	758	15.6855	13.9454	1047	11	6	470	3	73	346	5	0.257605	32774.2	0.000150966	
2552	256	774	12.9637	10.4795	1024	13	8	481	14	70	348	6	0.233236	40664.6	0.00012945	
2437	108	728	19.7329	10.5189	1050	11	9	471	4	76	345	4	0.0844	62777.8	0.000165344	
2474	115	742	25	16	1028	12	5	471	10	63	346	5	0.079092	49145.4	0.000194326	
2355	110	748	23.9806	10.2316	922	15	6	473	2	71	339	4	0.074144	70096	0.000175254	
2373	100	758	21.273	10.0259	1050	15	9	468	14	80	343	4	0.076436	71436.3	0.000172058	
2363	123	745	20.5277	10.8993	993	12	8	483	4	72	341	6	0.088819	59868.3	0.000161865	
2663	111	771	23.9806	10.7984	1050	15	9	468	17	77	339	4	0.089123	67076.2	0.00015977	
2654	489	754	18.1694	15.8179	1030	11	6	482	3	76	345	5	0.36315	28837.9	0.000168407	
2649	450	769	16.5415	15.8418	1047	14	7	479	7	72	350	6	0.349391	28937.5	0.000164718	
2627	145	761	17.3438	10.1176	947	14	5	478	5	64	350	5	0.128025	55162.6	0.000137457	
2470	235	770	18.5412	14.937	999	11	8	468	-0	75	340	5	0.172306	34582.3	0.00016835	
2658	333	728	16.3664	15.5204	1040	11	7	482	8	75	328	5	0.250751	30548.1	0.000167757	
2593	354	758	15.4293	11.6026	1010	14	7	478	13	76	350	5	0.276627	35878.7	0.00013795	
2578	485	775	14.6984	11.8573	1039	11	10	487	7	65	348	5	0.385328	33946.2	0.000136761	
2437	108	728	21.3387	10.6724	1050	11	9	471	1	75	345	4	0.079577	65502.6	0.000168919	
2323	100	728	25	14.1784	988	12	7	486	5	64	333	5	0.064227	58077.3	0.000203749	
2697	497	773	14.9303	15.0984	1046	11	9	487	1	76	348	5	0.406847	29327.7	0.000155545	
2450	103	761	22.682	12.459	1010	11	9	474	13	77	336	5	0.078033	58254.2	0.000177651	
2700	452	746	14.52	12.1388	1000	15	9	489	5	72	350	5	0.362805	33546.6	0.000139121	
2634	486	767	10.4869	10.013	1050	11	9	473	5	64	350	5	0.463159	39656.5	0.000122669	
2305	151	728	19.9579	16	931	16	7	474	2	59	323	4	0.100733	40755.3	0.00019802	
2370	100	767	24.4672	14.0069	973	12	5	476	6	70	331	5	0.070515	56799.5	0.000193199	
2552	257	774	14.4562	10.2839	1027	12	6	486	14	71	350	5	0.218507	41883.1	0.0001294	
2526	194	774	14.4677	10.386	995	13	6	483	14	75	348	5	0.173907	45007.4	0.000131926	
2658	467	772	13.1637	11.4921	1031	13	8	479	12	64	346	5	0.397771	34899.2	0.000132644	
2350	100	746	23.591	14.4321	956	12	8	481	6	75	331	5	0.068977	54762.4	0.000197902	
2333	122	753	25	15.0311	929	14	9	469	2	46	304	6	0.078577	48110.6	0.000207555	
2552	100	751	20.1201	11.6614	1015	11	9	470	11	69	340	5	0.085461	58167.4	0.000172682	
2668	350	768	14.7416	10.8866	1049	10	8	473	4	72	344	6	0.29031	37615	0.000130327	
2590	164	732	16.3264	11.4107	1019	18	8	461	8	77	334	5	0.137901	46249.2	0.000143596	
2662	151	764	19.8884	10	1048	14	6	482	14	62	335	5	0.124361	60764.6	0.000137684	
2462	186	747	18.303	15.1494	938	15	9	473	7	50	346	5	0.137442	37206.8	0.000178444	
2671	280	761	13.6724	10.0113	1016	11	7	473	8	64	345	5	0.247809	41856.3	0.00012647	
2551	414	770	12.9637	12.5996	1050	14	8	481	12	68	346	4	0.345567	33679.5	0.000140865	
2695	500	743	16.3412	16	1038	11	6	480	4	77	346	5	0.382087	28501.8	0.000167757	
2697	497	769	14.9303	14.2227	1046	11	9	483	6	80	348	6	0.404742	30108.9	0.000149993	
2333	122	757	23.1164	15.4142	915	16	9	474	2	50	331	6	0.082363	46514.6	0.000199442	
2621	184	750	17.1842	12.9722	1041	14	9	485	3	73	341	5	0.151499	40404.4	0.0001485	
2605	114	749	18.3167	14.6553	1037	11	8	467	14	65	324	6	0.101993	47465.8	0.000172921	
2300	100	744	23.9229	14.0069	948	12	6	487	9	79	327	5	0.066451	57053.5	0.000200562	
2664	212	753	14.4908	10.0185	1003	11	8	473	8	72	344	5	0.190458	45097.5	0.000128584	
2700	285	747	14.0048	11.8573	997	13	7	490	1	75	350	5	0.245963	36723.9	0.000136649	
2617	493	745	14.9889	14.1689	1046	13	9	490	5	77	347	5	0.379129	30211.9	0.000153704	
2382	100	743	23.9229	12.9964	949	11	6	487	6	59	330	5	0.069303	59197.9	0.000191644	
2605	355	767	14.0513	11.4172	1043	11	5	479	0	70	348	6	0.293427	36253	0.000133511	
2590	358	736	16.8466	15.5988	1038	11	8	482	12	80	334	5	0.261895	30108.2	0.000169291	
2429	111	743	17.5286	10.2003	953	15	6	471	8	80	344	4	0.095009	58433.4	0.000159286	
2300	100	744	23.9229	15.071	948	12	6	486	7	71	333	5	0.066451	54603	0.000205255	
2503	100	729	23.1422	13.6687	960	14	6	464	7	76	345	5	0.073934	55092.7	0.000189036	
2674	256	735	15.6264	11.9526	998	14	8	490	7	62	347	4	0.206866	37933.7	0.000141603	
2435	100	745	23.1422	10	998	14	5	474	7	76	347	5	0.073072	76201.1	0.000175193	
2300	100	736	25	12.2768	988	11	7	486	2	63	350	5	0.064129	65685	0.00019558	
2696	424	746	13.1606	11.8573	1030	11	5	479	5	66	350	4	0.356129	34698.5	0.000135318	
2578	111	771	24.4048	10	1006	15	9	478	17	77	339	4	0.085148	72321.7	0.000160643	
2599	228	767	12.9134	10	1007	13	9	490	7	68	350	5	0.216534	43152.9	0.000126695	
2323	100	732	23.7737	14.2725	988	12	8	486	5	69	339	4	0.066715	56324.1	0.000199521	
2300	118	757	23.1164	15.384	942	16	9	476	2	50	310	6	0.078842	47742.5	0.000203376	
2327	281	743	22.7966	16	927	16	9	474	7	46	349	5	0.171038	33297.5	0.000203707	
2333	160	757	21.8936	15.4142	938	16	10	474	2	50	331	6	0.106203	40602.4	0.000193911	
2560	405	760	14.8186	13.9237	1033	11	8	481	16	77	348	6	0.315409	31396.7	0.000152416	
2643	151	758	15.6515	10	1046	12	6	478	12	60	344	5	0.141802	52407.4	0.000132661	
2669	328	768	14.6715	10.3378	1035	11	8	472	3	72	344	6	0.275012	39693.8	0.000127959	
2516	146	745	25	14.2729	950	13	9	480	6	69	341	5	0.098794	45955.4	0.000180408	
2349	114	740	20.3988	14.6189	900	15	7	481	1	50	346	4	0.083302	47572.7	0.000189573	
2643	155	758	15.6515	10	1046	12	6	478	11	60	344	5	0.144356	51994.8	0.000131909	
2619	351	775	13.5203	10	1050	11	9	479	9	71	346	4	0.301264	39123.9	0.000125251	
2470	100	733	24.9544	15.5061	975	15	6	488	9	77	339	4	0.069788	53095.2	0.000200763	
2648	409	769	15.0299	13.7441	1033	16	8	482	19	67	349	4	0.329729	31533.4	0.000148876	
2584	310	743	16.8466	16	1033	11	7	482	13	78	334	5	0.23116	30794.9	0.00017191	
2499	111	774	23.2947	15.3752	1041	15	7	468	13	79	349	4	0.08477	49474.5	0.000182715	
2664	280	767	15.1675	12.607	1022	15	8	474	1	68	344	5	0.23583	35695	0.000142106	
2613	186	770	16.2211	12.9187	1026	16	6	481	16	59	345	5	0.1613	40501.8	0.000147254	
2621	376	742	19.3674	15.9772	956	13	9	468	8	61	338	5	0.267336	29885.4	0.000178731	
2656	466	772	14.598	13.4662	1037	17	8	482	17	67	341	4	0.380321	31579.3	0.00014708	
2384	145	761	15.9753	13.9991	947	14	5	478	5	64	350	5	0.122475	43441.5	0.000164339	
2661	140	742	24.721	14.1784	988	12	7	486	5	64	329	5	0.101798	47686.3	0.000172176	
2349	140	757	22.5218	15.8842	966	11	7	474	5	48	343	6	0.094093	43243	0.000194137	
2565	281	768	14.6715	10.8866	1050	11	8	482	0	72	344	6	0.232339	39232.9	0.00013282	
2384	140	731	19.9551	10.5189	981	11	8	483	9	63	345	4	0.098905	58349.3	0.000154416	
2482	215	732	19.7597	14.874	1007	11	9	480	9	58	350	6	0.147845	36380.1	0.00017313	
2590	415	732	16.8466	15.5988	1037	11	8	482	8	80	333	4	0.299898	29405.1	0.00016975	
2337	119	745	23.7332	15.4081	967	10	6	483	9	76	344	5	0.078513	49306	0.000195503	
2642	220	763	17.5723	15.5671	1030	14	4	490	20	63	325	4	0.177128	34688.6	0.000167954	
2547	131	735	20.6548	10.4028	1015	14	6	467	19	58	343	5	0.100083	62080.8	0.000151378	
2668	198	767	14.0513	10.8988	1047	11	6	479	9	69	348	4	0.188602	43102.9	0.00012945	
2661	100	742	24.721	14.1784	988	12	7	486	5	64	333	5	0.077977	55412.3	0.000186012	
2571	206	737	15.6412	14.0724	994	13	7	482	8	80	348	6	0.167828	36949.6	0.000158378	
2662	500	734	15.3129	15.116	1045	12	7	483	8	72	350	5	0.381429	29288.8	0.000161186	
2433	111	750	21.3782	10.0259	1036	15	9	468	17	73	338	4	0.083497	68604.7	0.000162787	
2323	100	753	24.721	11.2814	988	12	9	486	5	64	332	5	0.066982	70002.7	0.00018797	
2651	362	771	14.8019	10	1050	10	7	483	1	80	350	6	0.297885	39809.4	0.000125439	
2662	280	773	13.6659	10.0244	1050	12	9	473	7	66	345	5	0.25091	41438	0.000124969	
2573	358	738	16.8466	15.5988	1038	11	8	482	8	80	334	5	0.261026	30156.8	0.000169549	
2633	218	747	19.5363	15.6666	1024	10	7	462	-0	54	344	6	0.163426	34880.7	0.00017325	
2385	215	736	19.7597	15.4989	1024	11	9	468	9	52	350	6	0.142722	36162.8	0.000181488	
2468	100	746	23.1531	10	1000	14	7	471	8	77	344	5	0.074377	73953.9	0.000173913	
2633	116	745	22.1098	10.8021	1028	11	9	472	16	68	338	4	0.09214	62588.7	0.000157828	
2514	296	756	16.7352	13.864	1041	10	9	482	7	65	349	5	0.220509	33778.9	0.000155352	
2677	355	769	13.2173	12.3787	1047	11	6	477	6	72	350	6	0.31143	34461.5	0.000136426	
2591	376	731	17.3329	16	982	13	9	489	4	70	327	5	0.269876	29549.2	0.000176429	
2375	111	771	23.0418	15.1634	1026	15	10	468	19	77	331	5	0.079486	50737	0.000188573	
2593	274	736	17.7431	16	990	14	8	478	10	60	326	4	0.200967	31825.5	0.000177999	
2562	301	757	15.3197	11.2426	1041	10	9	482	6	80	347	6	0.237209	37702	0.000136221	
2629	176	743	16.451	13.4334	1005	16	8	468	7	78	329	6	0.149115	40217.3	0.00015456	
2586	393	767	15.7501	14.1463	1029	11	7	486	10	80	348	6	0.304669	31175.3	0.000153539	
2409	127	770	22.4979	15.4588	1014	11	5	466	13	80	339	5	0.091576	46649.5	0.000182949	
2536	393	772	15.488	14.3721	1033	10	7	486	8	80	348	6	0.303415	31131.8	0.000155473	
2696	424	746	13.1606	12.3809	1028	11	6	487	5	70	350	5	0.356129	33577	0.000138562	
2402	100	743	23.9806	10.0107	1031	14	9	470	5	75	342	4	0.070017	77479.5	0.00017819	
2572	139	751	20.1201	11.6614	1015	12	7	481	4	69	340	5	0.109342	52009.9	0.000150784	
2695	117	759	19.6008	12.2083	1050	15	8	477	4	73	338	5	0.104409	52635	0.000156642	
2328	127	762	18.7135	10	978	13	5	473	8	77	347	4	0.097487	60964.3	0.000152462	
2696	272	746	15.8988	11.8573	1028	11	9	479	5	73	350	5	0.221279	37498.3	0.000137931	
2300	100	744	23.9229	15.071	937	12	6	486	7	71	333	5	0.066451	54356.6	0.000205592	
2349	114	742	18.0531	14.6189	900	15	8	485	1	50	348	4	0.090881	46870.9	0.000185357	
2417	100	740	23.4444	10	968	15	10	484	4	64	336	6	0.071376	75000	0.000177841	
2613	186	768	15.4682	12.628	1022	12	6	482	16	78	344	5	0.165839	40459.4	0.000143	
2389	167	743	22.212	15.8842	927	14	9	472	5	69	349	5	0.11037	39078.3	0.000192197	
2677	355	769	13.2173	11.9036	1047	13	6	477	6	72	350	6	0.31143	35250.5	0.000133636	
2300	127	738	20.9617	11.4698	990	13	5	473	8	80	346	5	0.086365	58502.7	0.000167476	
2689	485	775	12.3318	11.8573	1043	14	10	489	5	62	348	5	0.430896	34561.4	0.000132837	
2416	108	727	20.7257	12.3354	1050	10	8	471	6	56	345	6	0.080257	57796.5	0.000175131	
2405	100	742	20.29	10.553	1025	16	5	471	5	73	332	6	0.078725	66614.1	0.000173521	
2493	118	753	20.9537	15.384	900	16	9	469	2	57	310	6	0.091419	45825	0.000188822	
2672	263	732	14.6871	11.3538	1034	14	9	468	10	80	345	6	0.218114	38751	0.000136593	
2541	253	743	16.8466	13.5783	1033	12	6	484	15	78	334	5	0.190388	35534.4	0.000155763	
2536	393	767	15.7501	14.3721	1033	11	7	486	8	80	348	6	0.299386	31116.4	0.000156323	
2700	112	743	21.4966	13.0237	1032	12	6	480	6	76	333	6	0.093989	53517.2	0.000166778	
2601	376	731	17.3329	16	1020	13	9	489	9	70	327	5	0.270823	29551.8	0.000174764	
2349	100	744	20.9633	13.6624	900	16	7	477	2	46	328	6	0.074638	52989.6	0.000193536	
2432	138	772	21.0807	10.0831	944	15	5	478	7	69	344	4	0.102731	61980.5	0.000149993	
2360	144	733	18.5361	12.2347	965	14	5	490	11	67	335	6	0.105053	49040	0.000162549	
2658	277	747	12.6286	10.1404	992	12	8	488	11	70	348	5	0.253101	40787.9	0.000127877	
2300	101	744	23.9229	10	976	10	6	483	9	64	337	5	0.066971	79852.1	0.000183318	
2300	100	740	22.7966	15.8842	927	16	9	472	7	46	348	4	0.24708	35473.6	0.000141924	
2647	409	769	15.0299	13.7441	1033	16	8	482	18	67	349	4	0.329618	31512.9	0.000148898	
2516	112	748	23.336	10.8933	956	13	9	483	4	68	341	5	0.082581	64054	0.000166889	
2583	159	756	15.2904	12.2975	1022	10	7	487	6	55	349	6	0.145416	43934.1	0.000143968	
2435	100	743	24.0334	16	998	11	6	471	8	77	346	5	0.071198	51703.8	0.00020145	
2613	384	770	14.7447	13.1989	1021	11	8	488	8	80	348	6	0.310507	32257.2	0.000145243	
2700	402	767	10.4456	10.0228	1010	12	5	473	15	64	350	5	0.405615	41166.5	0.000122609	
2415	111	747	23.9806	15.1634	1041	15	10	468	19	80	338	4	0.076875	51122.3	0.00019073	
2350	100	742	24.4672	14.0069	933	12	8	476	5	71	331	5	0.067504	55695.4	0.000198728	
2574	219	765	16.8362	13.2812	1010	12	7	474	7	70	342	6	0.17609	37338.9	0.000151126	
2603	351	754	16.9541	15.5211	1037	13	8	489	8	80	346	6	0.263944	30236.2	0.000165563	
2428	119	738	20.8997	10.624	1004	14	7	484	13	55	341	5	0.087457	63051.3	0.000162075	
2391	103	743	23.4444	11.1664	978	17	6	479	2	67	339	6	0.072337	66842.9	0.000179695	
2509	293	751	17.887	14.5838	1006	10	5	487	9	78	350	6	0.210358	33134.8	0.000163988	
2582	376	748	18.2533	15.702	956	12	7	485	5	65	336	5	0.270558	29957.7	0.000174429	
2368	202	757	22.5218	16	918	16	7	474	5	48	344	6	0.130451	36264.1	0.000198807	
2615	355	775	15.5061	11.4814	1047	11	7	479	0	72	346	6	0.285055	36291.2	0.000134481	
2570	101	735	24.4779	12.2154	962	10	8	462	8	67	329	4	0.075195	61242	0.000181291	
2514	100	773	23.9806	14.5661	985	15	9	468	19	79	346	4	0.077023	53146	0.000187652	
2405	128	734	20.5072	10.9183	963	12	9	485	10	69	322	5	0.092034	57945.8	0.00016218	
2700	469	750	15.6903	12.1388	1016	15	10	490	5	78	348	4	0.367567	33469	0.000139489	
2643	151	758	17.4564	10	1037	12	6	478	17	56	336	5	0.132161	55570.8	0.00013587	
2326	104	744	25	11.1646	967	18	5	483	9	55	344	4	0.067843	69796.8	0.000188076	
2606	194	774	12.9637	10.1827	1024	13	7	481	14	74	348	5	0.195187	44909.3	0.000126807	
2330	127	762	18.7135	10	978	12	5	477	8	77	347	4	0.097581	61095	0.0001523	
2429	114	725	23.9986	10.2875	1029	16	8	481	6	54	344	5	0.076736	74648.1	0.000171174	
2324	111	740	25	11.0958	971	10	10	483	9	73	344	4	0.07107	67487.4	0.000182949	
2363	100	736	25	13.4862	963	11	7	486	5	66	332	5	0.066331	58999.1	0.000197394	
2534	246	745	18.584	15.9166	982	18	8	460	5	65	337	6	0.177336	33047.8	0.00017963	
2568	304	771	18.4402	16	1001	13	8	490	5	79	336	4	0.225689	30890.4	0.000171644	
2568	115	769	20.544	14.6534	1001	15	9	490	7	68	328	6	0.09598	48073.8	0.000173762	
2593	274	728	17.4209	16	1035	14	8	478	10	60	326	6	0.200652	31931.3	0.000177054	
2656	466	772	17.3733	15.4759	1037	17	8	482	17	65	341	4	0.358716	29200.5	0.000164042	
2606	111	772	23.9806	11.2629	1050	15	9	468	16	77	343	4	0.086989	63821.2	0.000162681	
2677	367	775	15.6855	13.9454	1047	11	6	470	3	75	346	5	0.298748	31919.5	0.000149209	
2300	100	744	23.9229	15.071	948	12	6	482	7	68	333	5	0.066451	54479.9	0.000205297	
2416	114	731	21.2307	10	1040	16	8	481	5	54	340	5	0.082878	70822.2	0.000163693	
2700	256	732	13.9234	12.0669	1013	14	8	488	7	66	344	4	0.221912	37435.3	0.000140252	
2453	148	739	15.5796	10.8206	1050	12	5	460	9	72	342	5	0.126564	50556	0.000142613	
2363	100	728	20.5277	10.5189	1004	11	8	483	5	73	341	6	0.074594	66898.6	0.000177651	
2353	100	736	21.1808	10.1998	946	11	6	474	14	60	338	5	0.073463	68903.8	0.000177148	
2645	500	741	16.8466	16	1033	10	7	482	8	80	334	5	0.37209	28424.6	0.000170416	
2700	386	750	16.411	12.9722	1043	12	9	485	3	73	341	5	0.300364	32892.9	0.000145307	
2577	109	744	22.1098	10.8021	1009	13	9	469	18	54	337	4	0.085685	64384.7	0.000165044	
2569	173	768	13.7601	10.7067	999	12	7	488	7	68	348	6	0.168562	45528.5	0.00013238	
2613	186	770	15.4682	12.9187	1026	16	6	481	14	78	348	5	0.166271	40080.1	0.000144446	
2674	500	772	14.9303	13.9007	1036	11	9	489	6	80	343	6	0.405748	30412.8	0.000148456	
2674	358	775	16.499	15.0661	1048	11	8	486	13	80	348	6	0.286093	30381.8	0.000157109	
2334	109	736	24.3968	11.1664	978	17	6	482	2	67	339	6	0.071096	68038.8	0.000182515	
2611	184	771	18.5075	11.3852	936	10	9	483	4	78	346	4	0.14889	45104.2	0.000141603	
2439	113	749	22.642	11.5218	966	18	5	483	9	76	344	6	0.081946	61307.5	0.00017001	
2327	143	743	23.1943	15.8842	927	16	9	472	4	65	349	5	0.091895	42828.6	0.000199164	
2527	137	745	19.382	10	984	18	9	479	10	79	328	4	0.108074	58728	0.00014721	
2570	235	775	13.9731	11.2719	1002	10	4	474	4	69	344	6	0.209734	40160.9	0.000134535	
2584	310	743	18.7569	16	1033	12	7	482	11	80	334	5	0.221481	30751	0.000174186	
2415	111	769	23.9806	15.1634	1028	16	10	468	19	77	338	4	0.079139	50815.3	0.000188359	
2680	500	745	14.7703	13.1279	1046	13	9	470	12	71	346	4	0.39378	31710.3	0.000145624	
2615	192	735	15.3969	13.5872	932	13	5	480	3	59	346	6	0.163209	38628.9	0.000157654	
2697	497	773	14.9303	14.2227	1046	11	9	483	1	76	348	6	0.406847	30165.6	0.000149611	
2323	100	742	23.0785	11.8161	995	12	8	486	5	64	333	5	0.068703	65016.3	0.000187091	
2489	241	745	19.5018	15.9166	942	18	8	460	6	74	336	5	0.168095	33350.8	0.000183385	
2669	328	750	14.6715	10.3378	1035	11	8	472	0	72	343	6	0.268566	39866.5	0.000129685	
2699	172	765	14.7272	10.6598	972	12	5	469	5	59	342	5	0.167065	47214.6	0.000132223	
2475	100	735	23.9806	15.5061	997	14	6	484	9	77	340	4	0.071853	52627.1	0.000198138	
2700	385	770	13.8053	10.8866	1048	10	9	472	1	71	350	5	0.329883	36708.2	0.000127714	
2643	151	758	16.7907	10	1046	12	6	478	17	60	343	5	0.135169	54263.2	0.000133941	
2516	100	745	24.4779	12.4863	950	13	9	482	13	70	337	5	0.073714	59974.9	0.000183554	
2402	111	750	21.3782	10.9309	1036	15	9	468	17	71	338	4	0.082247	63179.9	0.000167001	
2382	100	736	23.4444	14.2902	978	16	5	470	8	68	340	6	0.069733	55085.3	0.000196078	
2336	202	752	23.2058	15.8842	915	16	7	474	5	43	344	6	0.126586	36749.7	0.000205128	
2341	241	745	19.5018	15.7246	942	18	8	463	3	74	336	6	0.158127	34158.8	0.000187793	
2570	210	775	16.552	11.1836	1022	15	4	473	9	67	344	6	0.173424	44150.9	0.000136949	
2579	468	741	16.8466	15.6474	1033	11	9	482	9	78	332	5	0.340564	29029.5	0.000169779	
2700	296	745	14.6871	12.0214	1050	14	9	477	11	64	344	5	0.24708	36302.7	0.000138562	
2314	143	745	22.5218	15.8842	957	16	9	474	3	63	331	6	0.09266	43211.1	0.000197746	
2373	100	761	23.9806	10	1050	15	9	468	14	68	339	4	0.070648	79256.2	0.000177242	
2355	100	748	23.8373	10.0259	1043	15	8	465	2	75	340	4	0.069332	78561.6	0.000178859	
2588	256	774	12.9637	10.1625	1024	13	7	481	14	68	348	6	0.236367	41615.4	0.000127049	
2692	141	748	21.9553	10.2739	1001	13	5	478	9	69	348	5	0.110856	64559.5	0.000143575	
2666	455	750	16.6119	16	1000	15	9	478	9	69	340	4	0.346449	28778.5	0.000170474	
2542	194	740	13.6642	10.8917	1037	13	8	481	14	69	348	5	0.174374	43557.7	0.000135227	
2646	468	743	18.1694	16	1034	11	6	482	4	77	340	5	0.341283	28747.1	0.000171321	
2512	183	772	12.9637	10.1827	1024	15	7	481	14	73	348	5	0.180512	46231.8	0.000129752	
2680	493	745	14.7703	13.1279	1046	13	9	470	7	71	339	4	0.388372	31820.2	0.000146306	
2334	109	736	21.7851	11.0506	978	16	6	479	2	67	339	5	0.075911	64129.8	0.000175039	
2425	100	728	20.5277	10.2265	999	11	8	461	7	67	341	6	0.076938	67132.5	0.000174307	
2393	100	748	21.549	10.0563	980	14	7	468	10	62	332	5	0.075652	70516	0.000173853	
2547	131	735	20.6548	10.261	1015	14	6	467	19	58	343	5	0.100083	63086.7	0.000150784	
2355	100	748	23.8373	10.5532	1043	15	8	465	2	75	340	4	0.069332	73877.2	0.000180505	
2449	100	775	23.8756	10.2606	1020	12	6	472	8	78	339	4	0.074796	74274.9	0.000173491	
2574	368	765	16.8362	13.2812	1010	13	7	488	7	70	346	6	0.277772	32913.5	0.000150466	
2453	148	741	15.7035	10.8206	1003	12	6	460	9	72	347	5	0.126367	49437.7	0.000142959	
2409	100	734	24.0383	11.001	993	16	10	478	5	70	340	6	0.069414	69116.1	0.000182949	
2539	124	725	19.8884	10.1644	1039	13	7	468	19	55	336	5	0.096629	63709.9	0.000153304	
2654	207	763	15.5061	11.4172	1047	11	6	478	0	72	350	6	0.181338	41821.6	0.000133887	
2326	118	757	23.1164	15.6296	976	13	9	474	8	54	310	6	0.0799	48065.4	0.00019984	
2562	215	754	16.8018	12.8423	922	11	7	487	9	68	329	6	0.170178	38424.4	0.000154083	
2402	100	750	23.8476	11.9275	1031	15	7	470	5	75	342	4	0.071228	64260.5	0.000182849	
2617	423	744	14.7703	13.7441	1046	14	9	470	12	71	348	4	0.327932	31428	0.000151286	
2617	151	758	17.4564	10	1037	12	6	478	17	51	336	5	0.130772	55974	0.000136855	
2583	156	754	16.93	11.2559	960	14	8	487	10	61	349	6	0.133718	47576.2	0.000142308	
2323	100	742	23.0785	11.5363	995	12	8	486	5	64	333	5	0.068703	66534.6	0.000186081	
2672	272	735	14.6871	11.3538	1050	14	9	468	10	80	350	6	0.225068	38383.9	0.000135135	
2673	151	729	18.0891	11.7574	1013	13	9	484	7	53	350	5	0.125699	47959.2	0.000146499	
2350	100	746	24.1318	14.0069	955	11	6	488	7	59	330	5	0.068419	56582.1	0.000197316	
2700	483	739	14.1989	12.2141	1008	15	10	487	5	76	349	5	0.385872	33205.1	0.000140017	
2552	347	769	14.0513	11.4172	1050	11	7	478	8	72	348	6	0.283021	36248.3	0.000134553	
2341	241	740	19.5018	15.9166	922	18	8	460	3	80	337	6	0.157066	33793.7	0.000191058	
2652	212	753	12.2096	10.0185	1003	11	7	473	8	70	345	5	0.215404	44556.5	0.000126743	
2660	500	760	10.7845	10.0185	1020	11	5	475	4	69	348	5	0.464945	39395.1	0.000123946	
2677	500	769	14.6041	12.0801	1050	10	8	485	7	70	344	6	0.408388	33228.4	0.000136277	
2349	100	738	20.3988	14.6189	900	15	7	474	1	52	346	4	0.075607	50644.8	0.000196002	
2324	111	740	25	15.4081	970	17	10	480	9	73	344	4	0.07107	51346.2	0.0002035	
2402	100	746	23.8476	10.0259	1031	15	8	470	5	75	342	4	0.070848	77202.8	0.000177085	
2380	100	738	23.4039	10.9081	983	16	5	475	4	64	336	6	0.069852	70197.5	0.000182582	
2300	166	752	23.424	15.7413	908	14	9	474	4	47	334	6	0.103827	40030.4	0.000205508	
2675	316	767	10.9566	10.2939	1050	12	8	468	7	66	349	5	0.321156	40849.7	0.000123762	
2350	100	746	23.9229	12.9964	955	11	6	487	9	59	330	5	0.06843	59706.3	0.000192827	
2665	422	771	13.4798	11.2317	1050	10	8	482	1	80	350	5	0.359174	35047.7	0.00012982	
2477	164	744	20.3621	15.1634	1030	15	7	466	19	69	310	4	0.117836	40355.1	0.000178063	
2552	189	769	12.9637	11.0443	1046	12	7	481	11	70	341	4	0.18663	43568.8	0.000133262	
2622	500	741	17.5345	16	1033	10	7	482	8	80	337	5	0.364967	28456.2	0.000171585	
2677	355	775	14.6715	10.8866	1042	11	8	481	1	72	344	5	0.298296	37222	0.000129584	
2700	384	768	12.3318	11.8573	1000	13	8	490	4	74	350	4	0.348453	35168.6	0.00013328	
2523	100	748	24.4779	12.7028	992	15	7	484	11	75	344	5	0.074262	60141.3	0.000182782	
2644	466	769	15.1153	14.1795	1037	16	7	483	15	59	350	4	0.372169	30781.6	0.000152835	
2527	137	745	19.382	10	984	18	6	479	10	79	328	4	0.108074	60251	0.000147167	
2379	147	730	20.8539	15.3861	978	17	5	482	7	68	347	4	0.100223	42666.4	0.000185117	
2655	488	741	14.7703	13.7441	1050	13	9	473	9	71	350	4	0.379391	30894.2	0.000150263	
2514	190	774	14.6239	10.4978	1050	13	7	475	14	69	343	5	0.169278	45722.1	0.00013231	
2663	328	757	14.3137	10.8866	1050	11	8	473	0	72	344	6	0.2739	37890.8	0.000131027	
2570	101	735	24.4779	12.0913	962	10	8	462	8	67	329	4	0.075195	61856.4	0.000180832	
2551	100	758	23.9806	10.3203	1039	15	8	479	6	76	348	4	0.076882	73097.3	0.000171821	
2656	448	747	15.5729	13.6518	1050	16	7	487	17	66	343	4	0.345835	31396.2	0.000150898	
2630	381	729	16.8466	14.9684	1033	11	7	481	8	78	349	5	0.278947	30341.9	0.000163613	
2592	256	748	14.4823	11.4863	1034	13	9	472	9	70	348	6	0.21303	38537.5	0.000136949	
2402	100	758	23.979	10.0227	1039	15	9	479	6	80	339	4	0.071431	77519.7	0.000176585	
2692	141	748	21.9553	10.2739	997	13	5	478	9	58	348	4	0.110856	64295.8	0.000144342	
2559	131	735	19.1994	10.1996	1039	14	6	482	19	55	343	5	0.105175	60994.9	0.000147798	
2432	125	772	21.0807	11.301	944	13	5	478	18	69	350	4	0.095143	56257	0.000158303	
2300	185	742	22.6057	15.5577	908	16	9	475	5	47	314	5	0.114552	38397.7	0.000206143	
2666	455	750	17.8962	16	1003	15	9	478	9	75	340	4	0.338492	28784.1	0.000171497	
2350	100	746	23.9229	12.9964	955	14	6	487	9	59	328	6	0.06843	59578.3	0.000193461	
2409	100	770	24.0383	11.001	1006	16	10	478	5	72	340	6	0.072818	68703.7	0.000178285	
2623	229	770	15.2277	12.6031	1039	15	5	481	3	80	333	4	0.197545	37888.6	0.000142918	
2386	100	740	23.4444	10.134	956	16	10	487	5	64	336	6	0.070256	73592.4	0.000179824	
2599	174	749	12.6286	10	1011	12	10	490	6	59	350	5	0.179608	47289.5	0.000128883	
2568	349	769	14.6041	12.2952	997	10	8	485	12	70	344	6	0.281364	34346	0.000141884	
2676	500	738	16.3412	15.0973	1022	11	5	484	4	75	345	6	0.377214	29372.3	0.000162681	
2641	349	775	12.9637	10.717	1050	12	8	466	7	70	346	4	0.309073	37722.1	0.000127535	
2609	253	744	14.7703	13.7441	1046	13	9	470	12	71	348	4	0.208725	34864.7	0.000151446	
2659	239	773	14.0513	11.3879	988	11	7	478	4	72	350	6	0.217683	39550.6	0.000133156	
2502	344	757	15.7501	14.3721	1033	10	5	489	7	80	348	6	0.257897	32169.7	0.000158253	
2619	368	775	12.9637	10	1050	12	8	466	10	70	346	4	0.320937	39224.9	0.000124611	
2515	235	736	15.3432	14.7294	994	11	8	468	4	75	340	5	0.184344	34620	0.000165536	
2645	109	729	18.0891	11.7574	1013	16	9	484	18	56	347	5	0.099185	53989.7	0.000163854	
2680	500	745	14.7703	13.1737	1046	13	9	473	14	71	346	4	0.39378	31567.4	0.000145815	
2694	170	740	14.9936	10.121	1047	12	9	482	8	69	334	5	0.158203	48365.7	0.000131909	
2672	295	754	16.7633	14.2107	988	11	7	484	20	62	345	6	0.231654	33002.5	0.00015674	
2695	150	772	21.201	12.5996	1030	11	5	480	1	66	338	4	0.122246	48713.8	0.00014941	
2579	182	749	15.4976	11.3222	1040	11	6	481	9	66	339	5	0.157074	44402.9	0.000138677	
2355	100	751	24.7928	10.0259	1043	15	8	465	0	75	343	4	0.067947	80615.7	0.000180897	
2661	408	743	16.8466	16	1033	10	7	485	8	78	334	5	0.306758	29080	0.000169607	
2515	219	769	15.9961	14.5393	999	11	9	469	5	77	340	5	0.17786	35464.4	0.000160875	
2417	100	740	23.4444	10	968	16	10	484	4	64	336	6	0.071376	74907.6	0.000177904	
2577	328	762	15.3197	13.9007	1046	11	9	490	6	80	347	6	0.258847	32361.2	0.000151355	
2300	183	742	23.2339	15.5577	916	15	9	473	4	46	310	5	0.112323	38918.5	0.000208247	
2379	147	742	19.1054	13.0197	978	17	8	482	8	69	345	5	0.106787	46273.5	0.000164339	
2638	316	771	15.3682	12.8179	1050	11	9	473	7	64	346	5	0.25833	34354.5	0.00014241	
2658	277	747	12.6286	10.1404	992	12	8	488	8	67	348	5	0.253101	40936.4	0.000127845	
2581	156	725	16.3264	11.4107	999	18	8	462	17	77	333	5	0.131293	46978.6	0.000146007	
2695	150	772	21.5407	12.3512	1030	11	5	480	1	66	342	4	0.121607	50016.6	0.000148236	
2324	141	740	17.4978	14.8461	958	16	9	474	2	44	325	5	0.10631	42600.9	0.000184877	
2389	218	736	19.5363	15.6666	1024	11	7	462	0	54	344	6	0.145867	35705.4	0.000182582	
2689	467	746	14.025	11.9357	1048	13	4	482	12	67	350	4	0.37804	34279.5	0.000136277	
2389	130	743	20.9016	15.8842	927	15	9	472	5	69	349	5	0.092472	43667.5	0.000190006	
2386	114	737	23.4444	10.553	978	16	10	490	5	74	336	6	0.077461	68234.5	0.000171733	
2536	393	767	15.488	14.3721	1033	11	7	486	8	80	348	6	0.301449	31138.3	0.000156055	
2570	290	764	15.5034	16	1003	11	8	487	5	79	336	4	0.231247	31529.9	0.000169434	
2437	108	746	19.7329	10	1050	11	9	471	4	76	346	4	0.086487	65596.2	0.000161525	
2692	417	729	16.8466	15.041	1033	11	7	481	7	78	348	5	0.310584	29915.2	0.00016276	
2564	189	769	12.9637	10.9795	1046	12	7	481	11	70	350	4	0.187505	43636.1	0.000131062	
2466	115	742	23.6484	16	1028	12	5	471	10	63	346	5	0.081092	48482.9	0.000191718	
2393	100	748	21.549	10.5095	1001	13	7	465	12	55	330	5	0.075652	68527.5	0.000175316	
2340	177	725	19.9606	15.7855	933	16	6	483	8	79	339	4	0.116161	38513.4	0.000191205	
2446	100	746	22.475	10.6751	978	16	10	489	4	62	336	6	0.075245	67919.7	0.000176211	
2576	374	773	16.5415	15.8696	1047	14	6	482	0	72	350	6	0.286569	29990.9	0.000166196	
2700	204	745	16.5812	11.4844	1033	13	10	487	3	73	345	4	0.171282	42012.5	0.000137043	
2482	243	733	19.7597	15.695	1007	11	9	481	9	58	346	6	0.164943	33930.1	0.000179501	
2589	175	748	19.3674	16	956	13	9	468	8	61	336	5	0.134604	37049.1	0.00017934	
2640	191	763	12.4217	10.0346	990	10	8	488	4	58	348	5	0.199791	45886.8	0.000126358	
2573	151	734	19.9472	13.3584	1048	15	6	483	8	58	337	6	0.114558	45751.6	0.000160927	
2621	219	767	14.2725	12.607	1038	12	8	477	1	68	347	5	0.197495	38215.3	0.000140845	
2366	111	740	25	14.4937	973	17	10	483	7	73	344	4	0.072635	52799.9	0.000195389	
2434	100	746	23.9229	14.0069	930	11	7	473	10	65	330	5	0.071455	54832.4	0.000193349	
2445	100	757	23.9806	10	1050	15	9	471	9	68	339	4	0.072908	78170.6	0.000174703	
2659	347	771	12.2211	11.4172	1048	11	7	478	0	72	348	6	0.319132	36534.3	0.000130446	
2580	156	732	15.5424	14.9879	1013	17	8	485	13	78	350	6	0.137083	40627.9	0.000164908	
2697	273	747	14.0048	11.8573	997	13	7	490	5	80	348	4	0.237337	36999	0.000136893	
2581	187	725	16.3264	11.5424	1019	18	8	466	18	73	333	5	0.149996	43731.5	0.000145264	
2502	344	766	16.499	14.9586	1041	11	7	486	10	71	348	6	0.256365	31493.4	0.000162311	
2393	110	744	21.0812	10.2469	1045	14	5	474	10	62	343	5	0.08177	70314.1	0.000165125	
2572	333	771	14.3445	13.131	1040	15	7	481	0	80	345	6	0.273035	33468.4	0.000145159	
2516	152	775	13.7664	11.3852	949	10	9	463	3	78	346	4	0.153067	45654.5	0.000139451	
2593	354	754	13.9939	11.3935	1010	14	7	478	13	73	350	5	0.287211	36041.3	0.000135759	
2300	100	743	23.6838	15.071	947	12	6	486	7	79	337	5	0.066893	54421.8	0.000204457	
2373	100	769	23.2412	11.6175	1015	16	9	468	14	80	339	4	0.073083	63873.8	0.000179921	
2646	303	768	13.0669	11.713	1049	13	9	480	4	75	344	6	0.271744	36427.2	0.000134012	
2437	108	728	19.7329	10.5189	1050	12	9	471	4	76	345	4	0.0844	62684.6	0.000165371	
2677	374	775	15.6855	13.9454	1047	11	6	470	3	75	346	5	0.303984	31819	0.000149187	
2402	100	758	23.979	10	1039	15	9	478	6	80	346	4	0.071431	77627.9	0.000176305	
2617	493	767	14.9889	12.0963	1046	11	9	490	9	74	346	5	0.390325	33113.3	0.000138102	
2700	385	766	14.6002	10.4193	1050	11	8	484	0	75	350	5	0.320315	38034.4	0.000126438	
2618	272	733	19.0008	15.6888	993	12	8	479	10	70	344	6	0.195695	32074.4	0.000174186	
2662	235	773	11.8184	10	1049	13	9	475	6	72	346	5	0.244813	43119.3	0.000123426	
2513	190	774	14.6239	10.4978	1050	13	7	475	14	69	348	5	0.16921	45777	0.000131492	
2700	402	773	12.2223	10	1014	12	4	473	18	64	350	5	0.367008	39758.9	0.000123092	
2648	387	773	16.1607	14.666	1033	16	9	481	17	67	349	4	0.306329	30569.8	0.000156079	
2652	280	761	13.6724	10.0113	1010	11	7	473	9	64	345	5	0.246143	41782.1	0.000127	
2700	226	732	13.5435	11.1454	1022	13	10	487	13	67	348	4	0.205563	40502.7	0.000133761	
2530	116	743	22.1098	13.708	1019	12	8	468	12	57	338	6	0.087738	51250.1	0.000174551	
2485	136	728	20.5277	10.5189	1001	11	8	480	5	68	341	6	0.099225	59622.5	0.000152788	
2424	100	759	23.4444	10.553	1044	15	10	474	4	66	345	6	0.073467	72680	0.000175778	
2572	164	744	20.3621	15.1634	1030	15	7	465	19	77	315	4	0.122708	39840.3	0.00017331	
2652	277	747	12.6286	10.1404	992	12	7	488	10	67	348	5	0.252565	41045.7	0.000127992	
2581	100	744	22.275	14.1784	988	12	7	487	4	63	333	5	0.080051	53621.3	0.000185494	
2662	235	773	11.8184	10.0124	1050	13	9	471	6	72	346	5	0.244813	43165.9	0.000123381	
2470	100	758	24.9544	15.5061	1040	15	6	468	9	77	339	4	0.072168	53438.3	0.000196271	