2494	420	732	16.3264	15.4944	1019	18	8	461	17	77	334	6	0.29603	29982.1	0.000173853	
2562	165	731	17.4755	15.7585	951	15	5	483	5	60	335	6	0.131029	38469.2	0.000178699	
2505	261	729	13.5987	10.7399	928	12	7	461	18	78	325	5	0.212463	40206.8	0.000142755	
2669	272	734	23.5732	15.8785	966	11	6	472	12	50	330	5	0.186028	33976.9	0.000185563	
2389	147	740	14.7817	12.545	976	11	6	484	1	77	337	5	0.127477	45474.7	0.000155448	
2689	360	765	16.807	12.5943	1024	11	5	465	8	73	340	4	0.283208	34965.7	0.000143349	
2513	230	730	19.1644	14.6728	964	11	6	465	6	58	326	5	0.160769	35472.2	0.000174368	
2359	122	768	18.4084	15.5777	1005	15	9	486	20	40	343	5	0.09798	45123	0.000184672	
2650	208	735	18.4747	13.8419	963	12	10	462	2	46	308	5	0.159209	38526.5	0.000168919	
2529	121	772	20.9299	14.427	910	17	10	490	17	71	326	4	0.09708	46907.9	0.000174795	
2329	197	728	16.6258	10.0797	1035	12	5	469	9	44	350	5	0.140125	53277.4	0.000143678	
2362	253	733	21.3717	15.2267	953	15	6	476	17	64	317	5	0.15823	35223	0.000190186	
2481	269	743	18.3748	14.4553	964	13	5	461	6	53	333	6	0.18881	34306.8	0.000171939	
2608	117	744	20.5651	14.3771	934	12	8	474	12	49	309	6	0.095706	47921.6	0.000179211	
2607	474	730	12.7334	10.5946	973	12	9	463	1	62	339	5	0.38073	37499.6	0.000134789	
2372	236	736	17.6523	15.4382	994	11	6	462	10	57	350	6	0.162177	34597.4	0.000179051	
2669	420	739	18.1549	15.9087	1007	17	7	474	11	51	337	5	0.30691	29782.5	0.000177117	
2471	435	762	15.4005	12.7253	958	16	8	473	14	78	339	5	0.323231	33083.6	0.000150989	
2529	149	759	18.9938	10.3359	908	11	4	473	17	65	326	6	0.118584	55904.1	0.000146071	
2656	443	745	14.7703	13.6518	1037	17	8	470	17	58	345	4	0.34755	31861.6	0.000152253	
2510	489	761	14.6779	11.7487	1028	17	8	468	2	74	329	6	0.373581	34717	0.00014298	
2528	168	732	17.1412	15.4486	983	10	4	484	9	55	339	5	0.132862	38777.2	0.000174338	
2572	261	772	17.1923	11.3907	959	16	7	483	20	78	327	6	0.203626	40188.1	0.00014339	
2346	121	740	18.7029	13.1858	1035	14	7	476	14	41	340	4	0.092226	49618.9	0.000172682	
2320	120	730	18.9106	11.4465	1026	17	10	475	4	49	327	6	0.088266	56346.3	0.000168606	
2397	152	736	15.2502	11.7225	1039	10	8	465	17	47	325	6	0.127445	47080.9	0.000152045	
2442	119	736	15.9676	12.002	934	17	8	489	9	78	300	5	0.106665	50063	0.000166806	
2620	193	772	21.4489	14.9587	986	16	6	467	6	63	341	5	0.145293	37996.4	0.00016975	
2580	186	759	18.3594	15.1041	984	17	7	471	10	50	346	5	0.146629	37368.5	0.000171674	
2611	301	746	19.1686	15.1346	1001	14	6	481	8	63	344	6	0.217244	32138.6	0.00016909	
2660	476	766	10.0204	10.0185	913	12	4	473	7	62	346	5	0.474349	42696.2	0.000126072	
2567	277	747	12.6286	11.1592	992	12	7	488	14	67	348	6	0.244964	38598.7	0.000135391	
2489	233	774	18.3317	15.0778	961	14	9	490	10	77	337	5	0.173856	34482.3	0.000169119	
2610	172	730	23.5774	15.2581	1050	17	4	476	20	60	344	4	0.119311	41482.7	0.000178412	
2699	307	775	13.398	12.388	1004	11	8	473	16	55	316	6	0.278112	36402.4	0.00014339	
2432	237	766	17.9753	13.1267	1016	11	8	470	7	63	343	4	0.172456	37857.8	0.000155545	
2439	201	773	14.473	10.9504	954	16	8	481	0	55	345	5	0.172094	43302	0.000139665	
2539	219	731	15.8253	14.9061	1047	17	5	470	5	53	349	5	0.171244	35776.5	0.000167308	
2502	344	760	15.7501	14.3721	1033	10	5	486	8	56	348	6	0.258919	32389.3	0.000159134	
2316	193	743	19.5018	15.9166	931	16	9	474	3	72	324	4	0.128399	36780.1	0.000191828	
2417	175	726	16.7411	11.4618	1030	14	9	489	12	45	346	5	0.131878	46162.1	0.000150557	
2364	273	750	15.63	12.8822	951	16	6	481	10	69	347	5	0.197887	36197	0.00015706	
2699	102	752	22.9202	15.4548	1027	17	8	464	10	47	342	6	0.08532	50935.3	0.000188041	
2593	376	727	17.3329	15.8283	917	16	8	478	10	63	321	4	0.268587	30014.3	0.000180995	
2696	240	735	19.9874	15.8401	993	11	6	465	5	42	345	6	0.177023	34001.8	0.000179565	
2618	217	731	15.6264	14.9734	1026	15	10	488	2	66	324	4	0.176484	35351.9	0.000165975	
2481	104	755	19.0235	13.8965	951	14	8	487	1	44	332	6	0.089304	50420.2	0.000181357	
2695	150	743	20.1435	12.2545	1030	12	5	480	4	75	338	5	0.120718	49235.4	0.00014881	
2440	234	764	17.3011	12.7888	920	17	8	485	13	79	349	5	0.173695	37571.3	0.000155642	
2669	161	745	14.6871	14.1634	1034	14	9	470	11	56	345	5	0.154397	40885	0.00015569	
2562	451	770	12.2835	11.1555	1019	10	6	469	15	44	340	6	0.385128	37086.3	0.00013468	
2572	327	758	17.3667	12.3907	972	11	6	489	16	69	338	6	0.243133	35683	0.000148082	
2443	204	764	17.6737	13.3752	1003	11	9	488	2	74	345	4	0.153413	38906.5	0.000156006	
2366	111	773	20.2044	15.1634	1041	15	10	468	18	77	315	4	0.086612	49265.1	0.000184094	
2607	134	761	16.7183	13.9075	925	14	8	460	9	75	306	5	0.12371	44538.8	0.000163773	
2361	112	725	18.9468	13.6543	1038	16	6	475	5	69	306	5	0.085172	51265.2	0.000181686	
2509	141	775	15.3845	13.7515	959	10	7	475	5	42	342	4	0.132755	43781.9	0.000159639	
2353	163	728	20.5277	10.5189	993	11	8	475	6	73	341	6	0.107989	57644.1	0.0001554	
2614	178	762	17.1334	13.4996	939	11	6	488	9	51	338	6	0.149636	40141.5	0.000157456	
2344	103	755	19.8876	13.48	1036	15	7	468	1	69	308	5	0.080382	53978.8	0.000183352	
2370	147	734	19.4111	15.0513	977	11	8	487	4	75	311	6	0.104122	43123.3	0.000182782	
2550	112	749	20.1766	10.6887	935	12	5	470	16	52	339	5	0.09213	60997.5	0.000161082	
2607	167	751	19.4118	14.2835	946	12	9	478	2	65	310	6	0.130551	40543.2	0.000167983	
2325	185	752	16.1597	15.4058	908	14	7	464	11	74	310	4	0.139689	37717.2	0.000183688	
2509	327	742	16.2012	12.4861	1048	10	6	484	12	52	345	4	0.239542	35934.3	0.000148478	
2559	151	729	19.8884	10.1644	1048	14	6	481	19	55	335	5	0.113684	61459.8	0.000145497	
2398	215	773	13.4604	13.2239	931	13	5	471	16	73	345	5	0.18752	38568.5	0.000153965	
2516	128	774	13.7664	11.8928	945	10	7	468	8	78	346	4	0.137723	47989	0.00014839	
2537	244	761	17.8533	11.5651	974	17	8	466	3	55	343	5	0.183834	41566.1	0.000146778	
2554	157	729	23.1422	12.5226	973	14	7	468	5	76	345	5	0.108237	49737.6	0.000163827	
2666	273	739	19.4782	11.7725	993	10	10	466	12	54	336	4	0.19954	41246.4	0.000147776	
2485	181	768	18.9691	10.1381	1035	14	4	463	20	75	331	4	0.137213	56236.3	0.000140272	
2559	346	748	18.6667	15.4679	956	12	7	468	9	65	327	5	0.245782	30800.2	0.000175254	
2470	139	740	21.7018	13.2218	1015	15	9	462	4	57	337	6	0.099068	48714	0.000168691	
2341	247	739	13.9915	11.3592	900	17	7	477	6	80	349	6	0.189338	39706.5	0.000149076	
2673	251	756	18.438	14.9834	1044	11	9	477	4	49	335	5	0.193733	34166.5	0.000165399	
2563	224	742	12.823	10.6041	943	13	7	490	1	68	345	6	0.205276	42203.6	0.000134989	
2524	117	763	19.8947	13.5968	934	16	8	470	1	74	339	5	0.096864	48586.3	0.00016952	
2471	117	736	19.9923	15.2281	952	10	9	474	18	53	335	4	0.090642	46295.9	0.000184332	
2379	264	768	16.4362	15.554	956	16	8	463	8	77	303	5	0.193279	33251.7	0.000179953	
2497	192	742	18.2746	14.4621	962	14	5	466	6	58	312	5	0.142753	38054.7	0.0001734	
2677	305	739	13.4371	15.7176	1003	16	8	483	12	60	344	5	0.261112	32389.2	0.000167168	
2397	213	770	20.5401	15.1183	957	15	4	488	9	61	338	5	0.146469	36920.9	0.000179051	
2472	132	754	22.4766	12.0842	1017	16	8	471	8	57	321	4	0.09525	54956.1	0.0001657	
2415	150	751	22.3115	11.7987	1018	13	7	490	14	79	305	6	0.102566	54708.4	0.000166472	
2323	149	757	15.5516	11.9174	1019	12	8	474	6	73	329	4	0.122909	47361	0.000153657	
2383	186	774	15.7277	13.8117	907	12	9	474	0	59	341	6	0.150376	38914.9	0.000163586	
2420	194	767	16.5663	13.0425	928	11	9	490	8	73	348	6	0.151661	39468	0.000156079	
2636	373	734	13.5633	12.6057	904	12	10	469	11	64	345	5	0.301907	34474.4	0.000149187	
2577	182	728	19.3358	14.1281	945	15	6	484	7	68	332	6	0.134557	39305.8	0.000168095	
2665	135	751	18.2895	14.1109	945	15	5	480	14	58	308	5	0.117869	45211.1	0.000167308	
2538	229	767	11.8403	11.5071	1041	15	9	484	1	57	336	4	0.227352	41186.9	0.000137099	
2633	168	773	20.8382	10.8055	1028	17	7	472	9	68	313	4	0.132041	54319.5	0.00014497	
2675	327	772	18.9587	15.9277	1014	11	7	479	17	64	350	4	0.249248	30375.3	0.00016835	
2696	483	742	12.3318	12.5025	983	10	9	487	10	48	336	5	0.411892	34558.4	0.00014455	
2691	217	755	18.5703	13.6951	984	12	5	482	1	72	320	6	0.172068	37866.5	0.000156642	
2622	120	745	24.4779	12.4863	950	15	9	484	11	70	337	5	0.08924	56134.2	0.000168464	
2596	141	774	21.0807	10.0831	1002	14	4	463	2	64	312	4	0.112649	64633.6	0.000145751	
2402	420	756	13.4725	12.2865	968	14	7	470	6	68	347	5	0.320254	34466.4	0.000147449	
2380	106	763	18.5127	13.9253	995	16	9	480	2	69	322	5	0.088727	50919.8	0.000179759	
2528	103	770	22.4979	14.651	1018	13	5	471	13	77	305	5	0.082572	52308.3	0.000183925	
2603	210	773	16.1662	11.2997	994	10	4	465	4	69	322	6	0.177751	42818	0.000139978	
2637	333	761	15.1529	10.0556	929	14	4	477	6	68	344	4	0.268996	43301.1	0.000131268	
2328	124	758	15.1609	10.7711	996	16	9	468	9	56	330	6	0.111776	52835.1	0.000153846	
2375	208	728	15.0024	10.2994	915	11	9	469	12	55	348	5	0.158654	44947.4	0.000143041	
2655	340	759	15.8667	11.3396	920	11	10	461	18	61	340	5	0.269547	37842.4	0.000140135	
2653	272	734	14.5455	11.9245	966	13	8	488	6	50	346	6	0.223834	37756.6	0.00014403	
2678	307	747	14.6288	12.8176	1017	11	4	481	12	57	346	5	0.253498	34957.6	0.00014497	
2647	112	763	23.4427	13.7132	1008	14	9	460	4	44	308	6	0.089423	53578.1	0.000178667	
2696	134	741	14.0245	11.2955	1015	13	5	465	18	78	326	4	0.143316	48894.6	0.000143968	
2611	272	756	14.1861	12.8683	947	17	8	464	1	61	337	6	0.230276	36232.5	0.000150105	
2588	177	749	11.8116	10.8395	1042	15	7	481	11	66	339	5	0.192252	45855.9	0.000133529	
2499	451	736	11.716	10.7459	986	14	6	483	9	68	346	6	0.370664	37358.2	0.000135722	
2326	101	734	17.3681	13.6988	918	11	6	463	8	51	332	4	0.084509	51240.6	0.000187231	
2621	484	763	19.1235	15.9342	984	14	6	466	10	68	349	5	0.355271	29223.4	0.000173762	
2337	200	755	17.8087	15.4843	999	14	8	463	1	70	316	4	0.141981	36746.5	0.000180963	
2669	122	728	18.603	12.6352	904	10	5	464	13	59	305	5	0.105494	50317.8	0.000165098	
2656	341	768	20.1394	14.71	980	10	5	473	11	55	332	5	0.251369	32622.5	0.000166058	
2558	172	731	15.48	12.4143	913	15	7	490	4	77	333	5	0.145919	42346.6	0.0001523	
2610	103	769	22.9619	14.1856	1033	14	6	462	20	75	300	5	0.084439	53486.6	0.000180375	
2562	265	749	15.8241	12.7123	904	13	5	461	11	64	337	5	0.206905	36799.9	0.000153351	
2649	157	735	19.3139	14.6502	937	13	6	474	3	70	305	6	0.124442	41109.7	0.000171821	
2590	267	739	14.7206	13.4902	1003	17	5	475	9	50	338	6	0.215704	35721	0.000157555	
2454	227	749	14.1776	10.9482	959	12	5	479	19	47	345	5	0.186965	42155.7	0.000141024	
2377	382	758	14.9785	13.1294	904	10	9	463	14	71	340	5	0.277593	33310.3	0.000158831	
2679	219	775	18.3167	13.9365	1042	12	10	465	19	78	309	4	0.177824	36641.1	0.000155715	
2497	364	750	21.1279	15.6631	1020	14	5	488	8	70	340	6	0.243749	31707.4	0.000177873	
2538	230	762	17.1471	13.0935	972	13	5	468	18	75	324	5	0.178173	37380.8	0.000154895	
2459	188	737	15.7956	10.201	952	14	7	462	12	59	333	6	0.14909	48148.7	0.000141864	
2357	127	734	21.5302	15.3861	978	17	5	473	7	68	347	4	0.087277	46074	0.000188822	
2314	148	739	22.5735	15.4081	967	18	4	486	11	79	344	4	0.094605	44439.3	0.000192753	
2441	123	747	16.6164	11.9602	1037	14	8	480	17	50	338	5	0.107256	50486.5	0.000158103	
2694	377	760	15.5697	10.3846	967	14	7	484	12	78	332	6	0.302731	40166.9	0.000133138	
2379	264	767	16.4362	15.554	956	16	8	463	10	77	304	5	0.193028	33248.2	0.000179986	
2700	296	745	14.6871	13.8807	1034	14	9	470	11	63	345	5	0.24708	33546.6	0.000151768	
2589	150	730	19.9048	12.266	955	15	8	484	12	59	329	6	0.114702	48082	0.000157978	
2641	324	763	17.9638	15.1533	967	13	8	468	-0	55	311	5	0.24606	31909.8	0.000171468	
2661	134	741	20.4512	11.2955	1015	13	6	465	18	78	326	4	0.108387	55198.5	0.000150376	
2696	483	742	12.3318	12.5025	983	10	9	487	10	48	336	5	0.411892	34558.4	0.00014455	
2558	172	731	15.48	12.4143	917	15	6	490	9	77	333	5	0.145919	42548.8	0.000152207	
2618	217	727	15.6264	14.9734	1017	15	10	488	3	66	324	4	0.175518	35308.3	0.000166778	
2593	376	736	17.3329	16	952	15	8	478	10	60	326	4	0.271912	29765.8	0.000179211	
2383	186	774	16.885	15.3363	969	12	9	474	0	51	335	6	0.144026	37471.9	0.000175531	
2611	301	752	19.1686	15.1346	1024	14	6	481	8	63	344	6	0.218991	32219.8	0.000167336	
2559	195	732	17.1336	12.1748	1018	16	8	466	0	73	315	6	0.150937	41712.5	0.000152277	
2571	206	735	16.7395	14.0724	994	13	6	462	8	69	304	6	0.161473	37268.9	0.000165344	
2513	385	769	14.9303	13.9007	1046	11	8	472	6	51	338	6	0.298104	32414.9	0.0001554	
2618	193	755	12.572	13.0946	1026	17	7	468	13	71	325	6	0.195551	40525.1	0.000148126	
2580	420	732	16.3264	14.9111	1019	17	8	460	17	77	334	5	0.305049	30339.9	0.000166694	
2530	266	733	13.4212	11.3618	1015	15	5	468	15	63	327	6	0.220729	39327	0.000143021	
2492	152	769	22.9619	14.1856	1033	14	6	465	17	75	300	5	0.108735	45413.5	0.000173611	
2513	230	735	19.1644	14.6728	964	11	6	465	0	58	350	5	0.16187	35302.1	0.00017188	
2431	137	727	21.3892	11.9492	956	18	8	474	10	67	322	6	0.095049	52879.9	0.000167448	
2389	147	740	16.4178	12.545	976	11	6	484	4	77	327	5	0.117791	45952.3	0.000158831	
2689	356	765	16.807	12.5943	1024	11	5	470	6	73	336	4	0.280283	34884.8	0.000143493	
2611	356	756	14.1861	12.8683	947	17	8	464	-0	61	337	6	0.289186	34367	0.00015006	
2645	280	752	20.4296	15.7655	982	15	7	488	17	47	309	4	0.202893	33079.9	0.000183824	
2645	113	742	21.2312	13.8662	1006	18	7	468	12	77	345	5	0.092843	50582.5	0.000171939	
2619	162	725	12.0174	10.3614	1031	10	9	464	17	68	344	4	0.175829	47537	0.000132873	
2316	189	745	19.5018	15.9166	927	16	8	479	3	74	324	4	0.126477	37282	0.000191718	
2683	418	754	16.7683	12.6138	992	12	4	483	13	69	332	5	0.320998	34247.5	0.000146499	
2449	228	764	15.5433	15.1747	1040	13	6	481	14	72	329	4	0.180138	35288.8	0.000166834	
2653	272	740	14.5455	11.9245	966	13	7	488	7	50	346	6	0.225664	37804.8	0.000143431	
2442	119	737	15.9676	12.002	934	17	8	489	8	78	300	5	0.10681	50066.7	0.000166667	
2544	327	754	17.3667	12.3907	972	12	7	489	10	69	334	6	0.239389	35763.8	0.00014988	
2438	168	725	14.2539	13.3049	1031	10	9	464	17	72	346	5	0.143535	41962.9	0.000155304	
2484	248	766	18.063	14.9051	978	10	4	480	7	69	340	5	0.182545	34311.7	0.000167616	
2527	182	740	21.5087	14.1666	1003	15	8	489	8	50	344	6	0.127508	40786	0.000172444	
2435	444	742	12.0718	11.6283	1028	13	8	479	9	59	347	4	0.353703	35960.6	0.000140805	
2329	197	728	16.6258	11.4982	1035	12	5	469	9	44	350	5	0.140125	45898.4	0.000151768	
2464	125	747	21.6452	12.2234	1049	15	9	470	1	46	304	5	0.091752	55494.4	0.000171174	
2401	273	750	15.63	12.8822	951	17	6	481	10	69	347	5	0.200846	36020.9	0.000155885	
2539	219	731	18.011	15.5841	1047	17	4	470	5	53	349	5	0.160058	35059.7	0.000175285	
2380	166	763	18.5127	14.0276	967	16	9	480	2	69	322	6	0.123156	41407.1	0.000169981	
2577	122	728	19.3358	14.0258	973	15	6	484	6	68	332	5	0.099203	47039.8	0.000170969	
2596	141	772	21.0807	10.8752	1002	13	4	463	15	60	312	4	0.112358	58986.4	0.000149566	
2349	143	757	23.1164	15.384	908	16	9	474	2	46	310	6	0.094633	42913.1	0.000202511	
2562	165	731	17.4755	16	951	15	5	483	5	64	342	6	0.131029	38216.8	0.000179372	
2592	251	763	16.1862	15.3454	1044	12	9	477	4	50	335	5	0.201833	33535.5	0.000166806	
2466	127	734	21.5302	15.3861	978	16	5	471	7	68	341	4	0.091913	45237	0.000184128	
2592	181	736	19.8224	12.5296	946	18	9	466	0	68	343	4	0.134467	43484.7	0.000156397	
2343	394	743	23.5321	13.2274	979	13	8	490	2	57	305	5	0.140836	44912.4	0.000151217	
2688	169	763	18.7615	12.4177	977	14	8	482	2	44	340	5	0.140836	44912.4	0.000151217	
2689	387	765	16.807	12.5943	1024	11	4	465	10	73	341	4	0.30312	34854.7	0.000143266	
2620	161	772	21.4489	14.9587	986	16	6	467	14	63	341	6	0.124839	40815.2	0.000169952	
2683	148	738	22.5735	15.4081	970	18	4	471	11	79	344	5	0.111398	43530.5	0.000176866	
2471	100	736	19.9923	13.1638	952	10	9	474	17	53	335	4	0.081173	53629.5	0.00018305	
2359	176	727	17.5998	12.9988	982	16	6	490	9	45	337	5	0.125012	42434.5	0.000168011	
2682	239	757	12.9474	11.2475	906	14	5	475	9	78	324	6	0.227287	41123.2	0.000139121	
2622	100	745	24.4779	12.4863	950	15	9	484	11	70	344	5	0.077504	60323.5	0.000179986	
2397	218	770	20.5401	15.1183	954	12	4	488	7	64	338	5	0.149518	36718.6	0.000177999	
2513	225	730	19.1644	14.6728	964	14	6	471	8	58	326	5	0.157729	35752.8	0.000174703	
2403	127	767	20.3621	15.1634	1030	15	10	468	17	77	315	4	0.096074	45896.5	0.000179083	
2613	138	770	14.3445	12.9973	1029	15	5	481	3	78	344	5	0.143635	45344.2	0.00014806	
2668	418	754	15.205	11.5457	1007	13	4	478	13	69	347	5	0.330763	36073.3	0.000136537	
2441	278	728	14.0522	13.9768	960	17	5	490	11	68	335	5	0.212952	34855.1	0.000164366	
2607	254	765	15.3751	12.6205	986	15	9	464	6	40	349	5	0.210652	37500.2	0.000149365	
2665	157	751	18.2895	14.1109	945	15	9	480	14	58	308	5	0.131622	41884.7	0.000166445	
2587	156	754	12.925	10.38	910	18	7	473	13	63	324	4	0.164743	49529.5	0.000139082	
2554	411	770	13.3985	10.6076	1024	13	8	475	6	52	327	5	0.338039	38323.8	0.000134953	
2601	169	774	19.8627	11.0526	1029	17	10	477	11	50	321	5	0.134256	51763.7	0.000147558	
2663	251	757	18.438	15.3251	1044	11	8	477	2	49	335	5	0.193273	33697	0.000168039	
2485	181	763	19.5315	10.1381	1035	14	4	490	20	75	327	4	0.134542	57336.4	0.000143369	
2607	150	735	19.7348	12.266	916	15	8	460	12	59	329	6	0.116949	47907.6	0.000158253	
2344	100	738	19.8876	13.48	1032	15	7	470	1	68	308	5	0.076977	54707.7	0.000187935	
2346	110	757	18.7029	13.1858	1035	14	7	474	14	41	340	4	0.091269	62479.5	0.00016072	
2631	171	731	23.1983	10.2645	910	16	7	471	20	56	322	4	0.091269	62479.5	0.00016072	
2550	112	742	20.1766	10.6887	1015	12	5	470	16	52	339	5	0.091269	62479.5	0.00016072	
2688	186	761	18.7615	12.4177	969	13	8	482	6	44	348	5	0.151506	43189.4	0.000150399	
2376	170	759	18.9158	14.934	1017	17	6	480	17	62	314	6	0.122924	40380.6	0.000179051	
2670	188	737	15.7956	12.8645	952	14	7	462	5	59	329	6	0.16217	40435.7	0.000153139	
2570	210	768	16.1662	11.2719	994	10	4	468	4	71	328	6	0.17435	42778.5	0.000140135	
2660	327	766	17.3667	12.3907	972	11	6	486	16	73	338	6	0.253556	35751.8	0.000144781	
2655	340	763	15.8667	11.3396	920	11	10	461	18	60	340	5	0.270967	37835.4	0.000139821	
2510	358	727	21.7377	15.5612	930	17	9	490	5	77	332	4	0.232209	31301.2	0.000184911	
2470	139	736	21.7018	13.2218	1015	15	9	468	8	57	337	6	0.098532	48774.8	0.000169147	
2398	215	773	13.4604	13.2239	931	13	5	471	16	73	345	5	0.18752	38568.5	0.000153965	
2348	161	746	19.1686	15.1346	1001	14	9	481	8	65	344	6	0.113679	41214	0.00017886	
2472	206	740	18.3595	12.2691	937	13	6	490	10	57	328	5	0.148698	41722	0.000158253	
2660	476	766	10.7845	10.0185	913	12	4	473	7	62	346	5	0.448892	41223.4	0.00012655	
2674	408	745	20.7672	12.613	966	18	7	486	14	43	335	5	0.265667	31932.3	0.00016603	
2599	327	740	13.8416	15.3194	967	17	5	487	1	76	345	5	0.265667	31932.3	0.00016603	
2415	111	771	23.9806	15.1634	1041	15	10	468	19	77	338	4	0.079345	51088.7	0.000187652	
2372	236	736	19.5363	15.4382	1024	11	7	462	9	54	350	6	0.155336	35225.5	0.000180995	
2486	309	737	14.9857	15.9297	971	16	8	484	5	54	336	4	0.232176	31674.8	0.000179019	
2621	274	763	19.1235	15.9342	984	14	6	488	10	68	349	5	0.20462	31819.2	0.000172028	
2602	364	754	17.886	15.0531	988	11	6	485	3	53	344	6	0.267551	31008	0.000167308	
2581	402	774	18.3023	13.7834	990	15	8	487	11	53	348	5	0.298018	32536.9	0.000157505	
2489	233	752	18.3317	15.0778	1019	14	9	490	12	80	337	5	0.168914	34732.5	0.000169319	
2634	122	745	18.603	12.6352	919	10	5	464	13	59	305	5	0.106379	50073.7	0.000163532	
2444	188	742	15.7956	10.201	1038	14	7	462	12	59	333	6	0.149165	49451.1	0.000139723	
2487	435	762	15.4005	12.7253	958	16	8	473	14	78	339	5	0.325058	33042.1	0.000150512	
2387	106	774	20.0435	14.6597	900	11	6	485	19	80	317	5	0.085339	49902.7	0.000186081	
2413	123	747	16.6164	11.9758	1037	14	8	480	17	50	338	5	0.105896	50574.4	0.000158957	
2459	188	737	15.7956	10.201	952	14	7	462	12	59	333	6	0.14909	48148.7	0.000141864	
2649	147	735	19.3139	14.2651	937	13	6	475	3	72	305	6	0.118354	43128.8	0.000169147	
2647	100	763	23.0928	13.0365	1008	14	9	460	5	44	308	6	0.082773	58266.3	0.00018162	
2656	341	761	20.1394	15.2751	980	10	5	475	11	59	324	5	0.249078	31728.4	0.000170911	
2380	106	760	18.5127	13.7997	995	16	9	480	2	69	321	5	0.088378	51083.1	0.000179598	
2319	124	758	15.1609	10.7711	997	16	9	468	9	56	330	6	0.111304	52842.2	0.000154131	
2660	500	767	10.0204	10.0185	957	12	4	473	7	62	346	5	0.495036	41877.2	0.000124719	
2454	227	749	14.1776	10.9482	915	12	5	479	19	47	345	5	0.186965	42114.9	0.000142755	
2700	216	747	13.9	12.8176	1018	11	4	481	12	57	346	5	0.199862	38636.2	0.000143926	
2304	157	749	18.7093	11.7579	966	14	6	485	7	73	302	5	0.111222	49192.3	0.000166889	
2360	272	739	23.1419	15.7742	942	11	6	470	12	50	330	5	0.166489	34409.3	0.00019857	
2623	148	734	23.0049	15.5124	979	18	4	486	10	79	344	4	0.107452	42801.6	0.000178827	
2451	205	737	19.3439	13.1376	979	12	9	472	6	76	339	6	0.142765	39709.2	0.000162338	
2695	110	743	20.1435	12.2083	1030	16	6	482	4	75	338	5	0.096166	55044.6	0.000163881	
2502	446	760	15.7501	14.3721	1031	10	5	486	8	56	348	6	0.331135	31244.3	0.000159185	
2580	186	747	18.3594	14.9074	984	17	9	471	10	50	346	5	0.144311	37538	0.000171585	
2613	200	755	17.5439	11.4036	999	14	8	463	4	70	316	4	0.160415	43686.5	0.000144718	
2375	256	727	14.6115	16	988	14	9	471	18	51	337	6	0.189813	33766.2	0.000184196	
2559	151	729	19.8884	10.1644	1041	14	6	482	19	55	335	5	0.113684	61152.5	0.000145666	
2639	168	765	21.3622	12.1013	1033	10	7	460	5	68	335	5	0.129102	48887	0.000149165	
2520	327	772	20.924	14.6815	1022	11	7	479	17	64	350	4	0.228272	33185.7	0.000166306	
2415	165	757	22.8038	13.0028	1005	11	10	476	14	41	339	5	0.110869	46959.1	0.0001731	
2436	269	739	13.6837	10.4343	1035	18	6	469	9	74	340	6	0.213603	41938.8	0.000137741	
2629	436	743	16.451	13.4334	1040	16	9	472	9	74	329	6	0.325791	32002.2	0.000153116	
2694	377	760	15.5697	10.6941	975	14	7	479	12	79	332	6	0.302731	39005.2	0.000134336	
2610	131	765	22.9619	14.1856	1033	14	6	462	20	75	321	5	0.100939	48002.1	0.000168663	
2391	122	768	18.4084	15.5777	915	15	9	486	20	40	343	5	0.099481	44506.4	0.00018875	
2558	277	736	15.48	12.4143	913	15	7	490	4	62	337	5	0.213267	36624.4	0.000152184	
2656	443	744	14.7703	13.6518	1037	17	8	468	17	58	338	4	0.347083	31981.8	0.000153351	
2373	279	741	14.1972	13.5267	960	13	8	467	4	69	329	4	0.21051	35150.3	0.000161812	
2370	147	734	19.4111	10.4476	1001	14	7	487	4	75	311	6	0.104122	57641.7	0.000158178	
2694	377	760	15.5697	14.9884	967	11	7	484	12	78	332	6	0.302731	30652.7	0.000161394	
2607	213	751	19.4118	14.2835	946	12	10	478	2	65	310	6	0.159452	37010.3	0.00016787	
2598	324	754	17.9638	15.1533	967	13	8	469	2	55	314	5	0.239438	31777.3	0.00017325	
2583	103	770	22.4979	14.2631	1018	11	5	474	13	77	311	5	0.084716	52944.4	0.000180018	
2358	186	774	15.7277	13.793	907	12	9	474	0	59	341	6	0.148758	39075.6	0.000164339	
2398	215	773	13.4604	13.2426	923	13	5	471	17	73	345	5	0.18752	38454.6	0.000154512	
2523	215	734	15.8525	12.7071	1043	15	5	474	1	45	349	5	0.168399	39589.5	0.000152346	
2522	154	770	22.9104	14.8279	1018	15	5	481	3	75	309	4	0.111543	43476.3	0.000175039	
2559	223	732	16.5691	13.1075	1018	16	8	486	0	65	315	6	0.171177	37849.2	0.000158178	
2528	168	732	20.0128	15.474	984	10	4	484	9	55	328	5	0.122009	39242.4	0.000179533	
2607	150	730	19.9048	12.811	916	14	8	487	12	59	340	6	0.11557	46017.8	0.000160927	
2567	277	751	12.6286	11.1592	996	12	7	488	14	61	348	6	0.246276	38749	0.000135044	
2613	154	770	14.3445	12.9973	1018	12	6	481	8	78	344	5	0.153974	43175.2	0.000145433	
2696	483	746	12.3318	12.5025	997	13	10	487	5	48	348	5	0.414113	34458.6	0.000142674	
2502	414	760	15.7501	14.3721	1033	10	5	486	9	56	348	5	0.308033	31502.9	0.000158983	
2697	247	755	18.5703	13.6951	984	12	5	482	1	72	320	6	0.192508	36412.5	0.00015647	
2328	124	758	15.1609	10.7711	984	16	9	468	9	56	330	6	0.111776	52603.8	0.000154036	
2611	272	756	15.083	12.8683	947	17	8	470	1	61	333	6	0.223231	36119.1	0.000151355	
2415	150	751	22.3115	11.7987	999	13	7	490	14	79	305	6	0.102566	54229.1	0.000166694	
2529	121	772	20.9299	14.427	936	16	10	487	17	71	326	4	0.09708	47027.7	0.000173671	
2469	152	736	15.2502	11.7225	1037	10	8	465	17	47	325	6	0.131487	46698.4	0.000149948	
2611	186	756	14.1861	12.8683	947	14	8	479	2	61	337	6	0.172856	40442.1	0.000149276	
2464	326	725	14.2539	13.3049	1031	18	8	464	17	72	346	4	0.24289	33917.5	0.000154919	
2494	297	732	16.3305	15.4944	1019	10	8	461	17	77	334	6	0.214347	31712.5	0.00017334	
2565	224	742	14.7489	10.6041	943	12	6	481	4	68	345	6	0.186638	42776.6	0.000136575	
2471	117	736	20.4184	15.2281	952	11	10	474	18	53	335	4	0.089545	46305.8	0.000185048	
2395	267	759	18.2449	13.134	944	14	9	471	0	76	334	5	0.185731	36190.2	0.000161681	
2683	111	727	23.2935	10.7573	901	17	6	488	2	54	330	5	0.086568	70814.7	0.000167029	
2564	171	773	14.3841	11.2408	983	16	7	483	18	74	307	4	0.162552	44529.1	0.000143802	
2629	429	768	16.451	14.1552	957	16	9	472	8	78	339	5	0.331481	31192.9	0.00015748	
2653	272	734	14.5455	13.3838	966	13	8	488	6	50	346	6	0.223834	35138.8	0.000154392	
2593	138	774	21.0807	10.0831	992	14	5	472	2	64	315	4	0.110642	63303.5	0.000146242	
2506	151	729	19.8884	10.1644	1048	13	6	481	19	55	335	5	0.111122	61731.2	0.000147145	
2692	193	730	15.7687	13.0016	1032	18	7	472	20	50	337	6	0.165162	40404	0.000153657	
2300	152	735	19.3139	14.6502	976	13	6	474	3	67	305	6	0.104112	43145.9	0.000185185	
2402	420	756	13.4725	12.2865	942	14	7	470	6	68	347	5	0.320254	34432.8	0.000148192	
2529	149	760	18.9938	11.3734	915	10	7	473	17	61	330	6	0.118741	49796.1	0.000150399	
2471	309	742	14.1533	13.5153	971	15	8	484	5	51	334	4	0.239239	34373.4	0.00016	
2533	176	749	14.1776	10.9482	959	12	8	479	19	47	345	5	0.160429	45132.9	0.000139276	
2359	173	768	18.4084	15.5777	1005	15	6	486	20	40	343	5	0.127478	38508.6	0.000183688	
2513	370	769	14.9303	13.9007	1050	11	8	472	6	51	338	6	0.287376	32555.4	0.000155255	
2513	245	730	18.5566	14.6728	982	11	6	465	6	58	326	5	0.172336	34706.4	0.000172652	
2567	277	774	12.6286	11.547	992	13	7	488	14	67	348	6	0.253818	37959.3	0.000135153	
2611	272	756	14.1861	12.2648	947	17	8	466	1	61	337	6	0.230276	37255.6	0.0001459	
2402	194	769	16.5663	13.0425	928	11	9	490	8	73	350	6	0.150899	39553.4	0.000156348	
2615	165	731	17.4755	15.7585	944	14	5	483	5	60	339	6	0.133893	38375.4	0.000176929	
2509	141	775	18.1106	13.7515	959	15	7	475	5	40	342	4	0.118697	43964.6	0.000165536	
2566	165	731	17.4755	15.7585	972	15	5	473	5	60	335	6	0.131245	38501.2	0.000178126	
2603	386	737	15.9864	15.3273	938	18	10	485	17	66	327	5	0.288227	30361.6	0.000172741	
2581	342	727	12.9273	11.9841	996	12	6	487	4	79	331	4	0.279803	35333.5	0.000144155	
2621	239	729	17.6666	12.201	1011	14	10	485	4	45	341	5	0.179284	40032.1	0.000151699	
2315	278	741	14.3094	12.9787	927	17	9	470	0	76	334	4	0.204489	36007.5	0.000161134	
2481	104	755	19.0235	13.8965	951	14	8	487	1	44	332	6	0.089304	50420.2	0.000181357	
2329	106	767	21.022	13.77	905	11	5	487	14	80	322	5	0.079445	52545.6	0.000185943	
2431	137	727	21.3892	12.2179	978	18	8	481	6	67	312	6	0.095049	52260.8	0.000169722	
2638	420	744	18.1549	15.9087	1007	17	7	474	11	51	337	5	0.305774	29756.6	0.000177336	
2683	138	725	23.2935	11.4455	918	13	5	484	2	56	330	5	0.10225	59825.6	0.000159439	
2611	273	756	14.1861	12.8683	947	18	8	474	1	61	337	6	0.230961	36158.4	0.000150308	
2521	229	765	13.3449	11.5071	1041	15	9	476	1	57	331	4	0.205394	40367.5	0.000139723	
2300	160	739	18.4566	13.4257	948	12	7	487	19	60	334	5	0.111693	43929.4	0.000172384	
2359	122	768	18.4084	15.5777	1005	15	9	486	20	40	343	5	0.09798	45123	0.000184672	
2695	150	743	20.1435	12.2545	1030	12	5	480	4	75	339	5	0.120718	49244.2	0.000148743	
2439	215	773	14.473	10.9504	954	16	8	481	0	55	349	5	0.181023	42327.4	0.000139043	
2431	137	727	21.3892	12.4261	1020	18	8	474	11	67	312	6	0.095049	52092.1	0.000169808	
2351	273	750	15.63	12.5619	988	17	6	481	10	69	347	5	0.196848	37227.2	0.000154464	
2645	459	734	18.7636	15.6474	1046	11	7	482	5	50	334	6	0.327645	29754.3	0.000173762	
2559	290	738	14.0466	10	1042	14	7	481	19	55	335	5	0.233693	42816.7	0.000133833	
2413	100	754	19.6001	15.3107	931	14	5	466	1	47	331	5	0.081937	49661.3	0.000194818	
2699	102	752	22.9202	15.4548	1027	17	8	473	10	47	338	6	0.08532	50897.5	0.000188324	
2699	226	765	16.9218	13.5228	972	14	5	469	3	58	331	5	0.188753	37314.4	0.000154083	
2465	122	745	17.1173	14.9519	946	17	7	462	2	67	324	4	0.104797	45033	0.000177494	
2645	407	747	14.6288	12.8176	1017	11	4	473	12	57	350	5	0.321981	33435	0.000145264	
2502	344	744	15.7501	13.425	1018	10	5	486	8	71	348	6	0.253468	33389	0.000153586	
2696	134	757	14.0245	11.8515	1030	13	5	465	18	60	326	4	0.146411	47990.4	0.000144949	
2577	182	728	21.4798	14.1281	945	15	6	480	7	68	323	6	0.128073	40635.6	0.000172533	
2605	408	769	15.5061	11.4172	928	14	6	469	0	63	348	5	0.320702	36780.3	0.000139159	
2669	161	752	20.3641	14.1634	1034	14	9	470	11	52	345	5	0.12717	42068.9	0.000162311	
2650	448	734	17.0764	15.7575	1016	17	4	479	6	66	344	5	0.329358	29321.4	0.000171086	
2572	157	729	20.8244	12.101	973	14	7	468	5	54	345	5	0.114946	48940.4	0.000157307	
2538	277	767	14.158	11.9286	1041	15	9	484	1	79	336	4	0.231479	36743.9	0.00014039	
2300	122	739	22.275	13.6075	948	12	7	487	19	60	331	5	0.080668	51654.6	0.000186393	
2370	111	734	19.4111	15.0513	977	11	8	487	4	75	311	6	0.084498	49061.2	0.000189251	
2375	286	754	18.9219	15.7655	982	15	7	488	17	47	309	4	0.191798	32987	0.000191388	
2342	261	729	14.1196	10.4585	928	12	7	461	9	74	325	5	0.194163	41361.6	0.000147124	
2516	163	728	20.0068	10.5189	993	11	8	478	15	79	337	6	0.11782	54341.7	0.000147297	
2633	168	773	20.8382	10.8055	1028	17	7	472	9	68	312	4	0.132041	54306.8	0.000145159	
2617	245	731	15.6264	14.9734	1022	15	10	488	1	66	324	4	0.194354	33932.2	0.000166113	
2509	327	742	16.2012	12.4861	1048	10	6	484	12	52	342	4	0.239542	35907.6	0.000148943	
2588	182	749	13.1737	11.3222	1042	15	6	481	11	66	339	5	0.177388	43836.1	0.000136818	
2417	175	726	16.7411	11.4618	1030	14	9	475	12	45	346	5	0.131878	46200.6	0.000150263	
2677	355	769	15.5061	11.4172	928	14	6	483	0	63	348	6	0.288979	37540.7	0.000137646	
2405	193	743	19.5018	15.9166	931	16	9	465	2	67	321	4	0.133546	36104.1	0.000188359	
2605	375	733	12.7334	10.5946	973	12	9	463	1	62	339	5	0.309696	38324.3	0.000134553	
2629	159	743	16.451	13.4334	1005	16	9	472	9	78	329	6	0.138478	41982.1	0.000154679	
2633	168	770	18.3612	10.8055	1013	17	7	472	10	68	312	4	0.140285	50355.4	0.000142349	
2617	199	775	18.3167	13.9365	1050	12	8	465	19	77	320	4	0.160451	37956.4	0.00015569	
2607	167	751	22.1203	14.2222	946	12	9	483	5	65	310	6	0.122631	41976.1	0.000171674	
2607	167	751	20.4405	14.2835	946	12	9	478	2	61	311	6	0.127529	40887.2	0.000169895	
2329	179	728	16.6258	10.444	1035	12	5	469	9	48	350	5	0.129985	52562.8	0.000145307	
2397	180	736	15.2502	11.7225	1039	10	8	465	17	47	325	6	0.143672	44310.6	0.000151126	
2597	257	758	12.5678	14.2363	905	12	4	463	16	68	316	6	0.238066	36414.3	0.000161394	
2390	254	754	13.7771	11.7426	993	12	9	489	15	54	329	4	0.203894	38955.2	0.000148236	
2397	277	759	15.3884	14.418	959	15	8	473	0	53	321	5	0.207315	34161	0.000170619	
2439	278	728	12.6566	13.9768	950	17	5	490	11	68	350	5	0.227605	35647.9	0.00016176	
2473	378	763	16.4896	13.933	916	17	5	468	16	60	338	5	0.276048	32559.1	0.000164609	
2409	115	759	16.4435	12.7104	991	10	6	483	14	45	307	4	0.103319	50280.7	0.000168862	
2425	166	756	24.819	11.0226	939	13	4	481	8	79	320	5	0.107649	59601.4	0.000167504	
2668	418	754	16.6005	11.5457	1013	12	4	483	13	69	332	5	0.320833	36996.4	0.000139919	
2511	265	755	21.2578	13.5012	983	15	7	462	14	80	318	6	0.181476	37344	0.000166223	
2494	458	732	15.8501	15.5641	1038	16	8	470	19	45	337	5	0.325804	30202.3	0.000177841	
2567	335	759	15.4153	13.7217	1022	10	5	489	13	49	320	4	0.26112	33620.4	0.000158128	
2559	223	732	17.1336	12.1748	1018	16	8	464	0	62	315	6	0.168201	40498.9	0.00015328	
2508	249	772	22.443	15.0945	956	15	9	488	13	48	333	4	0.171728	35315.3	0.000181357	
2544	330	741	16.8464	14.2828	1033	16	4	480	9	58	306	6	0.240486	33382.1	0.00016818	
2430	198	742	15.6354	13.2793	984	13	6	475	13	78	336	5	0.154823	39050.7	0.000157953	
2513	385	769	14.9303	13.9007	1046	11	8	472	6	51	338	6	0.298104	32422.6	0.0001554	
2688	263	767	19.2299	12.2597	1032	16	7	484	18	57	317	5	0.202539	40516.7	0.000149835	
2388	230	730	21.213	14.4911	981	13	9	477	19	76	318	5	0.146437	37237.2	0.000181192	
2629	436	743	16.451	13.4334	1005	16	9	472	9	78	329	6	0.325791	32044.8	0.000154226	
2392	146	741	13.4265	13.912	910	12	6	486	9	70	330	6	0.138042	44360.2	0.000166279	
2418	161	767	21.7728	11.625	934	13	9	485	11	63	314	5	0.113088	50764.8	0.000162681	
2379	144	740	15.9463	12.5245	947	16	5	472	6	52	305	5	0.11825	46203.2	0.000165289	
2413	162	725	14.2539	13.3049	1031	10	9	464	17	72	346	4	0.138551	42761.1	0.000156079	
2621	239	729	17.6666	12.201	1011	14	9	485	4	45	341	5	0.179284	40078.7	0.000151699	
2402	272	760	16.0349	11.091	1028	15	6	467	4	61	322	5	0.200554	41605.9	0.000146263	
2435	444	742	12.0718	13.0468	1028	13	8	479	9	59	347	4	0.353703	34227.6	0.00014997	
2683	138	727	23.2935	11.4816	901	17	5	486	2	54	330	5	0.102532	61922.5	0.000161812	
2599	327	740	13.8416	15.3194	967	17	5	486	1	76	345	5	0.265667	31934.1	0.000166058	
2412	333	746	11.381	10.1442	974	12	6	469	3	56	335	4	0.287298	41020.9	0.00013541	
2688	186	763	18.7615	12.4177	977	14	8	482	6	44	341	5	0.151905	43462.6	0.000151012	
2695	469	753	16.4719	12.0271	1008	10	6	488	11	59	325	5	0.362557	35138.9	0.000143616	
2521	185	754	12.1414	10.3133	1002	15	5	472	13	62	306	4	0.188959	46972.7	0.000140095	
2528	200	741	23.662	15.3113	1019	17	5	476	13	77	333	5	0.133084	38735.4	0.000181225	
2645	113	742	21.2312	13.8662	925	18	7	468	12	77	345	5	0.092843	50473.4	0.000174125	
2489	480	737	15.7963	12.5886	1025	17	7	471	19	70	337	6	0.343827	33641.6	0.000151378	
2353	141	773	12.2935	10.9152	923	11	7	480	17	72	336	5	0.151401	49216.2	0.000145497	
2451	205	737	19.3439	13.1376	962	12	9	486	6	65	339	6	0.142765	39994.5	0.000162999	
2692	193	730	15.7687	13.0016	986	18	7	472	20	50	333	6	0.165162	40507	0.000155982	
2329	332	739	15.4288	14.3489	1029	13	10	489	4	71	331	6	0.230602	33916.5	0.000169291	
2657	444	735	15.9864	15.3273	938	18	8	465	17	66	327	5	0.334663	30040.2	0.000171969	
2349	317	741	15.7306	14.7492	1026	15	7	479	4	65	334	5	0.221112	33251.2	0.000171262	
2645	286	754	20.4296	15.7655	982	15	7	488	17	47	309	4	0.20747	32910.6	0.000183554	
2601	180	774	20.6446	11.0526	1029	17	10	477	11	47	326	5	0.138768	52224.6	0.000148876	
2581	402	752	18.3023	13.7834	1048	15	8	487	11	53	348	5	0.289547	32807.5	0.000157853	
2541	388	759	13.1914	10.4897	941	17	7	474	9	71	333	5	0.317686	38506.2	0.000135999	
2554	192	734	12.4953	10.8976	930	18	4	489	1	79	315	5	0.186069	44869.3	0.000144113	
2689	244	757	11.0192	11.2475	906	14	5	490	9	78	336	5	0.264357	42627.2	0.00013574	
2516	382	725	21.7377	15.5612	901	17	9	490	5	77	332	4	0.247765	31061.7	0.000186567	
2416	325	757	23.9616	15.8666	914	15	8	474	7	59	334	6	0.206051	32725	0.000196232	
2595	304	744	23.5822	15.7915	994	11	8	471	20	51	335	5	0.204238	33165.2	0.00018457	
2300	160	739	23.0864	13.6075	948	12	7	487	19	60	331	5	0.099336	46793.1	0.000186741	
2328	167	772	22.1663	14.2627	1046	18	10	465	19	61	304	5	0.111493	43744.9	0.000183688	
2468	214	727	13.2875	11.4351	904	16	4	478	8	50	333	5	0.182516	42589.5	0.000149522	
2336	247	725	19.0405	12.8731	946	16	9	468	10	58	317	6	0.158697	38920.4	0.000172891	
2617	233	760	13.0572	15.7523	1007	11	7	479	19	61	331	5	0.217486	35425.2	0.000166196	
2631	144	739	21.5145	11.2963	905	13	10	468	11	54	301	5	0.10977	55927.4	0.000159413	
2557	415	739	17.468	14.9106	989	14	6	472	16	54	323	5	0.295958	30976.9	0.000172444	
2509	360	744	19.7395	14.5771	986	15	6	485	9	65	342	5	0.244813	32408.6	0.000169578	
2613	154	770	14.3445	12.9973	1018	15	5	481	3	78	344	5	0.153974	43487.6	0.000145497	
2425	131	765	15.4808	13.5106	928	11	5	485	6	55	333	6	0.119854	46083.7	0.000163666	
2688	376	761	18.3854	13.2001	1031	13	7	466	15	62	318	5	0.284859	34412.2	0.000152936	
2662	329	733	17.5355	13.4064	928	13	8	477	3	55	320	5	0.243519	34516.3	0.000161264	
2677	355	769	15.5061	11.4172	928	14	6	469	0	63	348	6	0.288979	37810.3	0.000137912	
2465	122	745	17.1173	14.9519	946	17	7	462	5	64	324	4	0.104797	45194.8	0.000177778	
2671	138	744	18.19	10.6701	1036	15	9	479	0	53	306	5	0.119511	55422.7	0.000148148	
2373	279	741	14.1972	15.5906	960	13	8	462	4	69	329	4	0.21051	33575.3	0.000177841	
2539	115	728	14.8432	10.5903	926	13	4	481	13	47	303	5	0.114924	55984.8	0.000158957	
2649	220	745	17.7659	10.3709	935	11	5	487	1	74	325	4	0.172151	47923.1	0.000139528	
2542	138	742	12.1726	11.4693	957	12	5	479	16	48	345	5	0.157251	48749.6	0.00014537	
2310	155	746	21.4685	13.1466	1013	11	8	479	0	70	350	4	0.101877	48396.1	0.000171086	
2308	181	748	15.6759	12.0424	910	16	6	480	11	42	315	6	0.138311	43528	0.000164905	
2484	248	766	18.063	14.9051	969	10	4	465	7	69	308	5	0.182545	34402.4	0.000171762	
2558	215	741	12.3313	12.326	1034	17	6	480	5	78	331	4	0.204785	40041.2	0.000144446	
2631	206	759	21.908	14.0911	998	12	7	488	5	48	314	6	0.150506	39946.1	0.000170619	
2449	228	764	13.1833	15.7549	1040	13	6	481	14	72	330	4	0.200601	36243.9	0.000168691	
2590	144	733	14.4552	12.5415	979	12	9	484	5	65	305	5	0.138563	45266.4	0.000155231	
2315	206	735	16.7395	14.6119	994	13	6	462	3	69	304	6	0.145202	37523.3	0.000178571	
2439	193	763	13.3889	12.6907	939	13	9	460	3	56	342	4	0.174821	40478.9	0.000150602	
2568	289	772	18.8722	11.3605	1003	13	8	490	5	77	335	4	0.214427	40451.7	0.000142328	
2315	278	741	14.3094	12.9787	927	17	10	478	0	76	334	4	0.204489	36091.1	0.000161525	
2699	226	765	16.9218	13.5228	972	14	5	478	3	58	327	5	0.188753	37336	0.000154083	
2407	168	753	13.0314	12.9542	1009	18	9	462	19	79	330	6	0.158963	42936.3	0.000153752	
2329	106	774	21.022	14.5143	905	11	6	487	19	80	317	5	0.08017	51114.4	0.000189481	
2628	142	725	14.1256	15.6566	1001	13	9	480	12	58	348	6	0.140206	42477.1	0.000170387	
2304	157	749	18.7093	11.7579	966	13	5	489	7	73	302	5	0.111222	49684.2	0.000167112	
2380	339	729	18.1662	15.0769	906	13	8	486	10	80	321	5	0.221409	31991	0.000183016	
2486	309	742	14.9857	15.9297	971	16	8	484	5	51	336	4	0.233751	31710.8	0.000179276	
2581	342	727	12.9273	11.9841	996	12	4	489	4	79	331	4	0.279803	35504.1	0.000144196	
2582	197	754	24.0835	15.373	991	16	9	477	0	50	322	5	0.135953	38606.9	0.00018622	
2310	168	740	24.4216	14.7019	1001	17	7	481	10	73	322	6	0.102062	44632.6	0.000196002	
2591	346	770	13.7917	11.3206	935	16	8	486	14	66	322	5	0.289335	37302.2	0.000141163	
2484	168	765	23.3275	10.8551	1041	10	7	460	5	68	335	5	0.116123	59915.2	0.000153069	
2431	137	727	21.3892	11.9492	978	18	8	474	13	67	312	6	0.095049	53266.2	0.000168549	
2392	199	759	19.7274	14.2221	1026	16	4	478	18	44	328	6	0.138645	39727.7	0.000176585	
2436	269	729	11.1903	10.4343	1035	18	6	469	11	72	340	6	0.244585	42240.6	0.000136575	
2676	153	738	15.6747	15.9624	951	17	5	467	20	78	332	5	0.141143	40035.1	0.000173913	
2439	403	743	18.3491	15.3323	1026	12	7	485	3	70	344	5	0.272588	30977.9	0.00017322	
2615	239	774	22.5408	14.2708	932	10	5	476	2	74	346	5	0.172211	37745.3	0.000167392	
2488	101	741	17.2783	11.573	1002	17	7	468	19	43	331	6	0.092758	56319.7	0.000172533	
2507	483	739	17.9049	15.4672	932	17	5	473	18	68	325	5	0.335919	29796.1	0.000178859	
2623	452	733	11.3377	11.8788	991	13	10	462	20	67	331	4	0.393246	36279.9	0.000141383	
2560	268	755	15.2063	11.3058	906	11	6	486	9	66	319	6	0.214814	39359.3	0.000145349	
2607	150	730	19.9048	12.266	916	15	8	487	12	59	329	6	0.11557	48157	0.000158907	
2507	239	774	24.8802	15.3769	1011	15	8	473	8	49	344	6	0.159798	36818.1	0.000185254	
2620	328	766	11.2927	11.1528	994	11	8	478	16	46	337	6	0.316076	39652.6	0.000134481	
2666	299	771	20.5548	14.1679	901	14	6	479	11	49	328	6	0.222139	35363.3	0.000169176	
2468	338	739	18.8924	13.5108	918	11	4	465	10	74	315	4	0.22897	34537.5	0.000167729	
2641	324	754	17.9638	15.1533	967	13	8	469	2	55	311	5	0.243158	31887.6	0.000172503	
2588	455	733	13.0186	15.2918	969	11	8	487	16	74	327	4	0.362362	30862.5	0.000167029	
2470	149	742	18.2012	10.7626	912	12	8	474	10	42	304	5	0.115789	53009.5	0.000156961	
2352	321	732	13.8782	13.1723	1022	16	7	487	19	58	314	6	0.235403	35638.4	0.000164826	
2651	256	727	14.6115	11.9213	969	14	8	471	19	51	337	6	0.210996	38690.9	0.000146456	
2688	436	728	14.1711	12.4578	994	17	6	481	19	57	332	6	0.344361	34546.8	0.000148456	
2587	156	754	12.925	10.38	910	18	7	465	13	63	316	5	0.164743	49831.8	0.00014043	
2693	165	733	12.4551	10.4709	1008	14	7	478	18	45	315	4	0.178084	49546.7	0.000138715	
2554	411	770	13.3985	10.6076	1024	13	8	488	6	52	327	5	0.338039	38234	0.0001353	
2460	339	771	11.9948	10.253	976	15	10	469	6	71	316	4	0.295189	39586.4	0.000137552	
2355	138	741	22.1895	13.0813	1030	13	6	467	10	54	343	5	0.092376	51526.7	0.000173551	
2435	444	740	12.0718	13.0468	1028	14	8	481	9	62	347	4	0.35275	34213.6	0.000150173	
2502	259	734	18.6278	13.6373	932	14	10	475	14	56	311	5	0.180596	36114	0.000170503	
2669	420	739	15.7263	14.3841	945	17	7	474	11	59	337	5	0.321568	31326.9	0.000163292	
2668	418	754	16.6005	14.3319	912	12	4	483	13	70	332	5	0.320833	31343.6	0.000161708	
2565	500	742	12.3318	12.5025	983	10	9	487	10	48	336	6	0.407811	34334.2	0.000147297	
2408	206	740	18.3595	12.2691	937	15	6	489	8	57	328	5	0.144764	41981.4	0.000161342	
2379	144	740	15.9463	12.5245	947	16	5	472	6	52	305	5	0.11825	46203.2	0.000165289	
2475	474	742	17.6113	14.4833	938	17	7	487	7	77	346	5	0.328537	30775.6	0.000168606	
2349	317	741	15.7306	15.1984	1026	16	7	479	4	65	334	5	0.221112	32822.1	0.000174948	
2380	339	726	19.9202	15.0769	906	13	8	486	4	80	321	5	0.214463	32314.9	0.00018615	
2602	224	738	12.0057	12.5154	976	13	8	473	9	72	341	6	0.218244	39533.9	0.000144865	
2416	325	757	23.9616	15.8666	900	15	8	474	7	62	334	6	0.206051	32616.8	0.000196464	
2608	304	744	23.5822	15.7915	994	11	8	471	20	56	329	5	0.205226	33066.9	0.000183486	
2562	177	730	23.7754	13.6318	963	11	7	463	5	46	316	5	0.119289	44619.4	0.000179179	
2470	149	742	18.2012	10.8519	912	12	8	474	10	40	304	5	0.115789	52811.4	0.000158053	
2510	337	761	14.6779	12.1786	1028	17	8	473	2	74	323	6	0.263704	35325.8	0.000146628	
2468	359	739	14.3491	10.5649	949	12	4	465	9	71	334	5	0.269389	39177.7	0.000140193	
2431	333	761	15.1529	12.9991	929	14	4	477	6	69	346	4	0.249575	34303.8	0.000154321	
2439	151	773	14.473	15.9542	954	16	8	482	0	62	350	5	0.140852	41296.2	0.000174246	
2425	229	770	16.755	14.4918	932	11	6	473	13	76	304	4	0.173227	35392.7	0.000170561	
2520	136	753	12.8107	12.1221	953	13	8	474	16	47	334	4	0.148838	47496.4	0.000150739	
2461	433	745	14.0763	12.1627	918	12	5	473	5	53	321	4	0.324843	35153.5	0.000152858	
2407	152	747	13.0314	12.942	1009	18	9	462	19	76	330	6	0.148086	44789.1	0.000154967	
2599	482	733	16.6382	12.1783	991	13	10	462	20	67	333	4	0.35003	34325.3	0.000148214	
2579	304	744	23.5822	15.7915	994	11	8	471	20	51	335	5	0.203022	33148.5	0.000185185	
2469	142	725	14.1256	15.6566	1001	13	9	480	12	73	348	6	0.131294	43052.6	0.000173822	
2562	451	756	12.2835	11.1555	933	10	6	470	15	44	340	6	0.378126	37485.8	0.000138639	
2352	321	732	13.8782	13.1723	1022	16	7	487	19	58	314	6	0.235403	35638.4	0.000164826	
2435	444	742	13.7798	12.5443	900	12	8	479	9	59	347	4	0.33165	33785.6	0.000153046	
2579	172	730	23.5774	15.2581	1050	16	4	476	20	60	344	4	0.117781	41537.9	0.000179308	
2516	382	725	19.5521	14.8831	901	17	9	490	5	77	332	4	0.254942	31278.3	0.000177809	
2536	438	730	15.4803	13.4943	978	14	9	465	11	69	302	5	0.318203	32258.7	0.000162946	
2656	344	747	14.2035	15.9115	991	12	5	476	17	76	342	4	0.281636	31013.9	0.000168124	
2554	411	770	15.6503	10.6076	1024	12	8	488	6	51	327	5	0.316315	39528.6	0.000137627	
2680	393	726	13.8044	13.1648	910	10	5	478	1	66	329	4	0.314706	33495.6	0.000153775	
2328	212	743	22.9701	12.5198	906	15	7	487	19	73	335	5	0.130871	44196.9	0.000177809	
2582	197	754	23.8974	15.373	991	16	9	477	0	50	322	5	0.135963	38551.4	0.000185805	
2456	162	725	14.2539	15.3692	1031	10	9	464	18	72	333	4	0.141108	40418	0.000171438	
2362	253	733	21.3717	15.2267	953	14	6	476	17	66	317	5	0.15823	35294.4	0.000189573	
2508	119	736	15.9676	12.002	934	16	8	489	9	78	300	5	0.109849	49960.4	0.000164393	
2563	224	742	12.823	12.3939	943	13	7	490	1	60	345	6	0.205276	39197	0.000146263	
2362	253	751	21.3717	15.2267	953	17	6	476	17	64	317	5	0.162115	35269.3	0.000188537	
2468	214	727	13.2875	11.4351	904	14	4	478	8	50	326	5	0.182516	42405.7	0.000149925	
2484	147	753	12.8107	13.5459	953	13	8	475	16	48	334	4	0.172313	39610.1	0.000153917	
2621	228	729	17.6666	12.5309	1011	14	9	485	4	45	341	5	0.172313	39610.1	0.000153917	
2324	171	765	17.9631	10.209	1014	18	6	479	7	49	339	6	0.125496	55662.9	0.000147754	
2556	339	733	16.2686	12.2143	936	12	10	487	16	45	328	4	0.248116	36194	0.000154823	
2615	206	759	21.908	14.0911	998	12	7	488	4	48	314	6	0.149558	39927.6	0.000171145	
2328	148	759	13.284	11.4237	901	15	7	477	15	73	320	4	0.140273	47278.3	0.000153327	
2431	142	729	21.3892	11.8871	978	18	8	487	13	67	312	6	0.098077	53067.7	0.000167645	
2665	373	772	11.6574	12.0245	917	14	8	490	16	56	345	5	0.350022	37159.6	0.000139723	
2693	176	733	12.4551	10.4709	1008	14	7	478	17	45	320	4	0.185262	48326.3	0.000137325	
2621	491	763	21.1977	15.9342	988	14	6	466	10	68	349	5	0.352359	29845.7	0.000176367	
2680	283	734	12.4559	13.1648	910	11	6	482	1	66	329	4	0.256693	36473.5	0.000151883	
2451	205	742	19.3439	13.1376	962	12	9	486	6	65	339	6	0.143734	39975.6	0.000162443	
2416	325	757	23.9616	15.8666	914	15	5	475	7	71	334	6	0.206051	33001.2	0.000194704	
2558	458	734	15.8501	15.5641	1038	16	8	470	19	45	337	5	0.333952	30119.1	0.00017584	
2300	181	748	15.6759	11.3405	910	16	6	480	9	42	315	6	0.137817	45634.1	0.000160411	
2362	253	738	21.3717	15.2267	972	15	6	471	17	64	317	4	0.159309	35268.4	0.000188822	
2390	326	739	13.3252	10.0053	907	15	9	484	4	76	329	4	0.249888	40171.6	0.000142207	
2584	308	753	13.0314	12.9542	1009	18	6	462	18	79	330	6	0.264796	35192.1	0.000148082	
2649	220	745	17.7659	10.3709	935	11	6	487	1	74	325	4	0.092376	51258.5	0.000174978	
2355	138	741	22.1895	13.0813	1030	18	6	467	10	54	343	5	0.092376	51258.5	0.000174978	
2483	298	746	22.4802	15.2457	974	12	6	467	14	71	341	6	0.195012	33617	0.000181554	
2641	465	735	15.9864	15.3273	959	18	8	460	17	66	327	5	0.348297	29927.2	0.00017188	
2440	234	764	17.3011	12.7888	920	17	8	485	13	79	334	5	0.173695	37651.3	0.000157208	
2349	171	760	22.4704	10.209	1014	18	6	483	7	55	346	5	0.112547	64285.5	0.000158353	
2300	160	742	23.0864	14.2432	948	12	7	487	19	60	331	5	0.099739	45091.2	0.000190295	
2544	330	747	16.8464	13.647	1033	16	4	480	7	58	306	6	0.242433	34483.6	0.000163079	
2379	144	740	16.1262	12.4187	947	15	5	472	6	52	305	5	0.117174	46446.7	0.000164528	
2507	489	739	17.4963	15.4672	932	17	5	473	18	76	325	5	0.342304	29718.9	0.000177683	
2484	273	737	12.0057	12.5154	976	13	8	473	9	72	345	6	0.240282	37390	0.000147232	
2655	340	759	15.8667	11.3396	920	11	10	461	18	61	335	5	0.269547	37916.3	0.000140647	
2454	500	738	18.3696	15.3323	940	12	7	485	3	70	344	5	0.339328	29889.5	0.000177242	
2470	309	742	14.9857	16	971	16	8	484	5	51	336	4	0.232349	31713.8	0.000180343	
2510	489	761	14.6779	11.8183	932	18	8	468	2	75	329	6	0.373581	34725.9	0.000146199	
2604	406	743	21.2929	10.6603	990	13	8	464	2	58	332	4	0.186069	44662.1	0.000144134	
2554	192	734	12.4953	10.8976	930	18	5	489	1	79	315	5	0.186069	44662.1	0.000144134	
2559	314	732	17.1336	12.1748	1017	16	8	464	0	62	315	6	0.226386	37432.5	0.000153257	
2647	142	725	14.1256	15.6566	1001	13	9	480	12	58	348	6	0.141271	42459.2	0.000169952	
2324	188	740	18.9784	10.2525	965	10	5	468	5	49	317	5	0.127161	54950.8	0.000155642	
2484	273	738	12.0057	13.4637	976	13	8	472	10	72	341	5	0.240608	36637.7	0.000154202	
2538	230	762	17.1471	13.0935	972	14	5	466	18	75	324	5	0.178173	37419.7	0.000155015	
2669	161	745	14.6871	14.1634	1034	14	9	468	11	56	345	5	0.154397	41000.7	0.000155715	
2611	272	756	13.2434	14.0144	947	17	7	470	1	61	337	6	0.240634	35274.6	0.000157456	
2678	296	747	21.5898	15.1353	966	10	5	484	13	44	337	5	0.210761	33788	0.000175778	
2571	286	772	15.2779	12.1052	1034	14	8	464	9	47	333	5	0.232278	37472	0.000144613	
2524	117	763	19.8947	13.5968	934	17	8	483	1	74	339	5	0.325791	32045.9	0.000154131	
2538	229	767	11.8403	11.5071	1041	15	9	471	1	60	336	4	0.325791	32045.9	0.000154131	
2629	436	743	16.451	13.4334	1005	16	9	472	9	78	330	6	0.325791	32045.9	0.000154131	
2623	340	753	15.8667	11.3396	920	11	10	461	18	61	341	5	0.264437	37715.3	0.000141263	
2355	138	731	19.6961	13.0813	1030	18	6	467	10	54	343	5	0.097548	48765.7	0.000169837	
2507	335	759	15.4153	13.7217	1022	10	5	489	13	49	320	4	0.25549	33767.7	0.000159795	
2542	279	741	14.1972	15.5906	1003	13	8	462	4	64	329	4	0.224649	32911.6	0.000170853	
2436	338	749	19.7325	13.5108	1008	11	4	465	10	74	315	4	0.226089	35841.3	0.000165837	
2379	198	768	14.1201	15.554	956	13	8	466	8	77	303	5	0.167801	37545.2	0.000177148	
2326	101	734	18.5563	13.6988	918	11	6	463	8	55	332	4	0.080469	51558.2	0.000188076	
2669	345	739	18.9297	15.9087	1007	17	7	474	11	51	337	5	0.250468	30698.4	0.000178031	
2497	318	750	21.1279	15.6631	1020	14	5	488	8	70	340	6	0.213316	32449.8	0.000177904	
2569	366	731	16.1098	11.6517	1008	11	9	485	7	60	335	6	0.267476	36578.9	0.000144991	
2615	232	774	22.5408	14.2708	932	10	5	476	2	74	346	5	0.16758	38058.9	0.000167392	
2502	301	734	18.6278	13.6373	948	14	10	475	14	56	302	5	0.207072	35090.8	0.000171556	
2407	168	753	14.9026	12.8076	1005	18	8	462	20	76	328	6	0.142674	42501.6	0.000155087	
2679	122	750	16.4914	15.4257	995	17	8	463	9	62	309	5	0.119256	45296.4	0.000174095	
2647	112	763	23.4427	13.7132	1008	14	9	460	5	43	308	6	0.089423	53607.6	0.000179051	
2349	317	741	15.854	14.7492	1026	14	7	479	4	65	334	5	0.220525	33269.2	0.000171204	
2427	335	739	18.8924	13.5108	918	11	4	465	8	74	316	5	0.223506	34653.2	0.000169348	
2662	332	733	17.5355	13.4064	928	13	8	477	5	55	320	4	0.245567	34371	0.000161134	
2460	339	771	13.1143	10.253	990	14	7	477	11	71	316	4	0.279369	39366.8	0.000138562	
2488	101	742	17.2783	11.573	1002	17	7	468	19	46	331	6	0.092883	56156.5	0.00017221	
2413	292	733	19.7834	14.6118	954	13	8	467	19	45	326	4	0.190016	34010.8	0.000182349	
2459	188	732	15.7956	10.201	952	14	7	467	12	40	336	6	0.148078	49697.3	0.000144113	
2622	120	745	24.4779	12.4863	950	15	8	484	10	70	337	5	0.08924	56349.4	0.000168464	
2666	300	754	16.7697	15.1533	967	13	8	469	2	55	311	5	0.234622	32375.2	0.00017059	
2590	389	744	14.4703	14.1503	1034	17	4	483	3	50	344	4	0.30321	32403.7	0.000159261	
2494	458	732	15.8501	15.5641	1038	16	8	467	3	47	333	5	0.325804	30241.2	0.00017762	
2555	325	725	23.9616	15.8666	914	15	8	474	7	57	334	6	0.208138	32454.5	0.000193949	
2666	299	771	19.6162	14.1679	901	12	6	479	11	49	323	6	0.225579	34707.8	0.000167504	
2650	208	735	18.4747	13.8419	948	14	10	462	2	46	308	5	0.159209	38720.5	0.000170503	
2352	185	730	13.6827	10.0659	986	16	5	466	11	42	325	5	0.153917	49538.8	0.000144592	
2562	265	749	15.8241	11.3516	904	13	5	461	11	64	337	5	0.206905	40208	0.000144175	
2449	228	750	13.1833	14.6426	1040	13	6	481	14	72	328	4	0.196925	36908.5	0.000162417	
2531	195	762	24.4463	14.3931	978	12	7	479	13	56	318	6	0.132662	41249.2	0.000179244	
2672	342	772	13.8853	14.8388	951	16	9	461	6	69	324	6	0.294689	32507.7	0.000161629	
2544	314	772	13.134	14.2557	935	11	8	474	9	66	339	5	0.270519	33752.3	0.00015758	
2539	416	743	13.0904	10.5378	1016	11	6	477	1	66	326	4	0.331463	37764.5	0.000136631	
2537	395	737	16.7991	13.0563	1039	10	8	474	11	41	342	5	0.282564	34050.5	0.000156128	
2591	346	744	13.7917	11.3206	935	14	8	486	14	66	322	5	0.279565	37104.9	0.000143308	
2390	254	771	13.7771	11.7426	995	12	9	469	15	55	326	4	0.208491	38891	0.000146456	
2509	360	744	17.0134	15.6997	986	10	6	485	9	65	339	5	0.25719	30484.3	0.000173732	
2338	332	742	15.4288	14.3489	1029	13	8	469	4	71	331	6	0.232358	33405.2	0.000167645	
2691	217	755	18.5703	13.6951	998	12	5	482	1	72	313	6	0.172068	37935.7	0.000157183	
2700	324	761	17.9638	15.1533	967	13	8	469	2	55	318	5	0.250566	31885	0.000169233	
2323	138	742	12.1726	11.4693	975	15	5	479	20	47	347	5	0.143284	49257.4	0.000150263	
2578	122	768	16.3825	15.6738	983	12	9	486	19	41	343	5	0.117662	44630.4	0.000176025	
2649	249	745	17.7659	10.3709	920	11	6	487	6	72	320	4	0.19109	46207.4	0.000140984	
2509	360	744	20.1055	14.5771	982	11	6	485	9	65	342	5	0.244168	32512.1	0.000169693	
2656	341	768	20.1819	14.1035	980	15	5	473	11	55	331	5	0.251372	34108.8	0.000163479	
2649	122	750	16.4914	15.4257	995	18	8	485	9	62	309	5	0.117794	45391.9	0.000175162	
2592	181	736	24.645	13.5594	946	17	9	465	0	68	343	4	0.122337	44245.8	0.00017343	
2420	226	739	23.0864	15.146	948	12	7	484	18	60	331	5	0.143139	36949.5	0.000188253	
2516	128	763	13.7664	12.3623	952	10	7	468	8	78	346	5	0.135766	47337.2	0.00015186	
2439	264	728	12.6566	14.13	950	17	5	490	11	68	346	5	0.218695	35953	0.000163372	
2616	180	774	20.6446	11.0526	1029	17	10	477	11	47	326	4	0.139614	52063.6	0.000148302	
2349	317	733	15.7306	14.7492	984	15	7	479	6	65	334	5	0.218725	33032.5	0.000174004	
2655	340	759	15.8667	11.3396	920	11	10	461	18	61	335	5	0.269547	37916.3	0.000140647	
2683	150	727	23.2935	11.4684	901	17	5	484	2	54	334	5	0.109717	60359	0.000160411	
2542	151	743	12.1726	11.4825	957	12	5	479	16	48	350	5	0.165584	47245.5	0.000142106	
2377	376	728	12.7665	10.2739	996	17	5	471	2	63	347	5	0.284281	40170	0.000138255	
2653	272	734	14.5455	12.0788	966	13	6	487	6	50	336	6	0.223834	37834.5	0.000146434	
2503	253	728	14.6756	16	931	17	8	462	8	75	310	4	0.197423	33327.4	0.000181917	
2314	275	744	21.4828	14.08	928	14	7	483	14	71	322	5	0.170345	36715.6	0.000183756	
2328	167	772	22.1663	14.2627	1046	18	10	465	4	61	306	5	0.111493	43757.3	0.000182849	
2526	192	742	18.2746	14.4621	962	14	4	466	20	58	310	5	0.144467	38210.3	0.00017298	
2623	340	759	15.8667	11.3396	920	13	10	468	18	61	340	5	0.266544	37739.7	0.000141004	
2382	208	728	15.0024	10.2994	910	12	9	469	12	50	348	5	0.159122	45011.3	0.000143554	
2442	228	764	13.1833	15.7549	1040	11	6	481	13	72	330	4	0.200045	36308.4	0.000168663	
2553	276	752	15.927	10.9239	1013	14	7	463	10	58	332	5	0.213675	41245.2	0.000139899	
2656	341	768	20.1394	14.71	980	10	5	473	11	55	332	5	0.251369	32628	0.000166058	
2377	376	728	12.7665	10.2739	1033	17	5	472	2	63	350	5	0.284281	40442.3	0.000136818	
2497	364	750	21.1279	15.6631	1024	14	5	488	8	70	340	6	0.243749	31736.3	0.000177683	
2494	458	732	16.1459	15.5641	1038	16	8	470	19	45	337	5	0.323789	30150.7	0.00017819	
2325	190	752	15.8639	15.4058	908	14	7	464	11	74	310	4	0.144256	37335.5	0.000183284	
2588	455	733	13.0186	15.5683	989	11	8	487	15	79	327	4	0.362362	30595.9	0.000168039	
2700	153	738	15.6747	15.9624	964	17	5	467	19	78	334	5	0.142475	40119.1	0.000172951	
2666	273	739	19.4782	11.7725	968	10	10	465	9	54	336	4	0.19954	41162.9	0.000148721	
2427	212	766	15.1313	15.232	965	16	8	462	14	43	334	6	0.171903	36006	0.000176803	
2635	183	766	12.6043	11.189	1040	16	5	471	7	66	317	4	0.192269	44692.8	0.000137118	
2516	117	775	13.7664	11.8928	1030	13	8	468	12	78	346	4	0.131028	49699.6	0.000151906	
2485	480	761	13.7153	12.6237	1000	14	9	486	8	70	315	4	0.373591	33394.5	0.000151676	
2683	484	763	20.5358	15.9342	1000	14	8	466	10	69	338	5	0.356521	29543.6	0.000173611	
2439	403	743	18.3491	15.9288	1026	11	7	488	3	70	337	5	0.272588	30421.9	0.000178253	
2607	134	761	16.7183	13.9688	925	14	8	460	9	75	306	5	0.12371	44543	0.000164123	
2543	500	728	14.0307	16	1018	13	7	473	8	49	319	5	0.375637	30211.3	0.000179308	
2672	455	765	11.1171	12.5188	960	13	10	475	2	72	302	6	0.42462	36222.6	0.00014708	
2699	100	752	22.9202	15.3805	947	17	8	464	10	47	338	6	0.084108	51199.6	0.000191498	
2344	361	731	21.0578	15.8176	902	16	10	469	7	40	311	5	0.222877	32101.1	0.000205931	
2623	441	751	11.7324	10.4817	954	17	6	484	13	42	339	6	0.385689	41525.4	0.000135501	
2348	171	760	22.4704	10.209	1014	18	6	479	7	49	339	5	0.112495	64424.1	0.000160565	
2416	341	757	23.5594	15.8666	907	15	6	474	7	59	338	6	0.217673	32357.8	0.000195274	
2683	138	727	23.2935	11.4816	900	17	5	486	2	54	330	5	0.102532	61951.1	0.000161865	
2620	473	748	12.7233	12.7828	945	12	6	470	13	43	346	4	0.391766	34582.1	0.000149656	
2552	168	765	23.3275	10.8551	1041	10	7	460	5	68	338	5	0.119587	59297.1	0.000149566	
2633	425	756	10.0336	12.2783	1036	14	6	479	5	63	349	6	0.422439	38289.3	0.000136855	
2630	235	740	21.1947	10.062	907	15	8	476	15	68	339	5	0.166876	55731.1	0.000144238	
2630	235	740	20.6192	10.062	907	12	8	475	15	67	339	5	0.168774	53838.3	0.000142735	
2630	235	740	19.0556	10.062	907	15	8	476	15	68	339	5	0.174428	51589.8	0.00014043	
2586	171	731	23.1983	10.2645	1003	16	7	470	20	57	327	4	0.118303	63922.5	0.000153186	
2459	154	727	24.0871	11.8078	944	13	7	479	1	74	328	6	0.100121	54135.4	0.000169291	
2416	325	757	23.9616	15.8666	994	15	8	474	7	59	328	6	0.206051	33432.6	0.000192901	
2308	191	743	23.8615	13.015	1013	13	8	489	3	43	335	5	0.1162	46902.9	0.000186393	
2640	155	756	10.5773	10.889	928	13	9	486	12	71	319	6	0.208054	50740.8	0.000138831	
2355	138	741	22.1895	13.0813	1030	18	6	467	10	54	343	5	0.092376	51261.3	0.000174985	
2312	154	726	23.0667	11.3441	938	18	5	479	4	70	348	5	0.09496	56863.5	0.000172951	
2370	165	758	23.4158	13.0993	1005	11	10	476	14	41	340	5	0.107591	47341.6	0.000178126	
2624	344	749	14.0266	11.5486	972	12	4	465	5	48	330	6	0.2813	37951.4	0.000142531	
2451	200	738	21.5087	10.2992	1003	15	8	489	8	50	344	6	0.133615	57463.6	0.000152835	
2581	284	754	15.0863	11.0238	960	17	5	471	6	43	326	6	0.228294	42854.2	0.000144781	
2451	200	737	21.5087	10.2992	1015	15	8	489	11	53	344	6	0.133433	57933.3	0.000152022	
2513	482	738	13.7513	15.566	936	12	8	466	13	72	325	5	0.366519	30467.9	0.000174034	
2325	364	726	20.1476	15.8429	1015	13	8	464	13	74	345	5	0.223986	32087.5	0.000188644	
2310	197	746	21.4685	12.7208	1034	11	8	479	0	70	350	5	0.125261	46551.1	0.000167588	
2623	441	745	14.2414	10.4817	954	18	5	479	13	60	336	6	0.347943	40248	0.000136519	
2623	441	745	11.7324	10.4817	954	17	5	484	13	41	339	6	0.382607	41953.1	0.000136258	
2543	479	728	14.0307	15.9201	1016	14	8	473	8	49	319	4	0.360299	30383.8	0.000179083	
2620	473	748	14.5946	12.6362	946	12	5	465	10	43	346	4	0.369455	34228.2	0.000150376	
2485	239	741	16.8987	11.4154	904	15	5	484	8	53	337	5	0.176424	42235.6	0.000151103	
2328	148	759	13.284	11.4237	901	16	7	477	15	73	320	4	0.140273	47468.1	0.000153421	
2631	235	740	21.1947	10.062	907	15	7	476	20	68	339	5	0.16694	56377.9	0.000144217	
2350	141	741	13.4265	13.912	910	12	6	486	10	70	330	6	0.132637	45503.9	0.00016835	
2680	143	728	12.4559	13.1648	910	10	5	478	1	66	329	4	0.161942	45936.5	0.000154416	
2429	412	742	19.2935	15.9573	997	14	5	482	18	74	330	5	0.27335	30524.8	0.000182782	
2656	127	745	14.2035	15.9115	991	12	6	476	17	62	342	4	0.135651	44930	0.000171409	
2427	413	774	18.797	14.6683	1009	15	8	488	11	56	334	5	0.287683	31926.4	0.000170416	
2637	269	752	17.9195	11.1106	971	13	4	473	11	66	302	6	0.204712	43600.6	0.000147362	
2409	115	759	16.4435	12.7104	1001	10	6	475	14	45	304	4	0.103319	50345.3	0.000169033	
2489	143	729	11.7269	11.0078	1046	12	8	486	5	69	320	5	0.160301	49216.4	0.000146135	
2601	215	734	24.4183	14.6895	1043	16	5	471	1	47	314	4	0.143744	40958	0.000185082	
2650	127	742	12.6559	11.4762	1009	12	5	464	4	73	319	5	0.150597	49781.4	0.000148072	
2310	155	741	21.4685	12.8586	1013	11	8	479	6	77	326	4	0.101194	49310.5	0.000172563	
2460	339	771	11.9948	10.253	960	15	10	469	11	71	316	4	0.295189	39593.1	0.000137817	
2595	206	727	23.3894	12.2621	999	13	5	490	18	67	333	5	0.138447	48028.5	0.000160565	
2554	411	770	13.3985	10.6076	1024	13	9	461	6	52	318	5	0.338039	38688.8	0.000136593	
2530	400	733	15.3518	10.8637	1028	13	6	460	16	60	327	6	0.292945	39133.5	0.000141703	
2699	102	746	18.4433	15.4548	1027	17	8	464	10	47	342	6	0.097775	49093	0.000184672	
2662	389	744	14.4703	14.1503	1032	17	4	474	3	50	344	4	0.310743	32510.4	0.000157828	
2627	370	727	12.1892	10	937	11	5	468	19	54	315	5	0.314627	41710.6	0.000137155	
2398	208	729	18.3595	12.2691	937	15	6	489	10	57	328	5	0.143164	42051.9	0.000163052	
2665	373	747	11.4863	13.0662	965	14	8	464	16	56	345	6	0.342188	35964.3	0.000147842	
2589	367	734	18.2574	15.6049	989	16	10	482	4	41	323	5	0.26	31160.9	0.000183587	
2656	192	734	12.4953	10.8976	930	18	4	489	1	79	315	5	0.193424	45339	0.000141343	
2497	324	760	13.043	13.1665	998	13	7	482	4	66	300	5	0.269318	35083.1	0.000157282	
2377	382	757	12.6984	13.1294	904	10	9	463	14	71	340	5	0.300384	34454.1	0.000156372	
2423	303	751	22.2644	14.769	997	13	9	476	7	78	344	5	0.194892	34501.1	0.000177904	
2314	275	744	21.4828	14.7712	928	14	8	479	10	72	306	5	0.170345	35396.1	0.00019015	
2665	373	772	11.4863	13.0662	917	14	8	464	16	56	345	5	0.35364	36375.6	0.000147232	
2458	345	766	23.2935	15.5867	929	12	9	478	10	65	341	5	0.227198	32271.6	0.000186081	
2428	232	735	21.5082	10.4198	1043	11	6	481	3	60	336	6	0.150541	57875	0.000152068	
2676	112	725	18.9468	13.6543	1038	16	6	475	5	69	306	5	0.098286	49903.2	0.000172087	
2608	229	764	17.0704	10.2146	926	16	7	465	7	64	310	5	0.183526	48094.4	0.000141343	
2332	263	728	16.6027	10.0797	1035	15	5	462	9	44	350	5	0.178576	50255.3	0.000143968	
2509	141	775	14.5044	13.8035	948	10	7	473	5	42	342	4	0.1392	44098.7	0.000159591	
2388	238	730	19.474	12.2691	1012	13	9	467	13	71	324	4	0.156279	41582.5	0.000161473	
2481	269	743	19.1862	14.4553	964	13	5	461	6	53	329	6	0.18576	34624.4	0.000173702	
2476	215	750	21.4232	14.5744	986	16	8	464	10	54	305	4	0.146301	37839.4	0.000181455	
2315	230	774	15.4755	11.8549	918	17	5	470	18	60	331	5	0.174455	40359.9	0.000153965	
2659	299	764	10.9054	11.5747	998	11	8	472	15	66	319	5	0.306896	39723.1	0.000137798	
2598	176	759	12.7527	12.2109	994	16	4	488	16	59	322	5	0.181398	43759	0.000145497	
2539	416	743	13.0904	10.52	1016	12	6	477	5	66	324	4	0.331463	37869.1	0.000137174	
2523	347	725	14.0307	15.9201	1016	14	8	470	8	49	319	4	0.264726	31662.5	0.00018005	
2537	418	744	14.5392	13.0563	958	14	8	474	8	42	340	5	0.318263	33774.1	0.000156863	
2658	434	725	19.6031	14.8191	937	11	6	463	10	57	328	6	0.303686	31453.6	0.000173521	
2401	411	766	17.4693	15.4943	915	11	9	461	15	73	306	5	0.286619	30476.5	0.000181028	
2619	277	747	16.9849	11.6742	1001	17	9	482	5	68	307	4	0.211787	39017.3	0.000149031	
2562	187	731	10.6471	10.9933	977	17	9	464	1	67	324	5	0.214182	46744.2	0.000140017	
2483	298	746	23.3766	15.2457	995	12	6	467	6	71	341	5	0.192442	34258.1	0.000182515	
2520	378	771	21.4526	15.4196	991	17	5	470	1	62	337	4	0.261768	31696.8	0.000176616	
2563	273	739	19.4782	11.7725	993	10	10	466	12	49	336	4	0.192023	41265	0.00015163	
2557	415	739	17.468	13.09	989	14	6	472	15	54	323	5	0.295958	34094.8	0.000159388	
2533	325	757	23.9616	15.8666	920	15	8	474	7	59	334	6	0.215541	32370	0.000189861	
2661	242	757	24.7652	16	984	18	9	470	13	50	315	5	0.168691	35817.8	0.000191314	
2607	170	750	15.7401	15.8632	1040	17	7	483	18	55	306	5	0.149615	38510.8	0.00017696	
2359	176	727	19.528	11.6912	981	16	7	476	9	45	325	6	0.118568	48447	0.000166085	
2353	276	752	15.927	12.3896	1013	14	7	463	5	58	332	5	0.197639	37693.7	0.000154512	
2435	272	765	11.9171	13.6486	1043	15	4	480	5	68	317	5	0.245391	37256.5	0.000155958	
2592	181	736	24.645	13.5594	946	18	9	466	0	68	343	4	0.122337	44252.5	0.000173521	
2633	154	728	11.2637	10.9834	949	12	4	476	2	46	332	6	0.18483	49814.4	0.000140607	