2700	500	741	17.5345	16	1033	10	8	482	8	80	335	5	0.374305	28399.3	0.000169722	
2672	500	771	11.2458	10.0185	1020	11	4	479	11	75	350	5	0.460961	38713.3	0.000122956	
2300	100	725	25	15.8842	927	16	9	472	7	56	348	4	0.06317	51902.5	0.000217202	
2339	100	738	25	10	1015	12	7	485	5	64	333	5	0.06567	83759.3	0.000185426	
2700	468	775	10.8067	10	1050	11	4	479	7	67	350	5	0.452451	39584.7	0.000120992	
2300	100	735	24.973	15.8237	913	12	6	483	8	73	333	5	0.064044	53144.3	0.000214869	
2697	496	773	14.5109	15.0984	1050	11	10	490	1	76	348	5	0.41066	29394.1	0.000154847	
2700	468	775	10.8067	10	1050	11	6	480	7	73	350	5	0.452451	39081.2	0.000121065	
2672	500	771	11.2458	10.0185	1020	11	4	479	11	76	350	5	0.460961	38713.2	0.000122986	
2617	500	765	12.9237	13.2414	1032	12	9	490	3	80	346	4	0.418623	31891	0.000143906	
2300	100	742	24.6009	10	1006	11	8	485	5	64	339	5	0.065196	82723.2	0.000186116	
2339	100	737	25	10	1015	12	7	485	7	70	333	5	0.065581	83135.1	0.00018546	
2303	102	744	23.9229	10	1023	12	6	487	9	74	345	5	0.0676	82015.7	0.000181719	
2700	458	769	10.7845	10.0185	1033	12	4	473	3	62	347	5	0.441501	40334.9	0.000122459	
2672	500	771	11.7253	10.0185	1020	11	4	479	7	75	350	5	0.450118	38440.6	0.000123213	
2668	458	769	10.7845	10.0185	1038	12	4	473	3	62	348	5	0.437061	40183.9	0.00012273	
2682	493	767	12.3235	11.8178	1050	12	9	482	7	66	346	5	0.431972	34385.2	0.000133067	
2373	100	761	23.9806	10	1050	15	9	468	14	68	339	4	0.070648	79256.2	0.000177242	
2689	500	768	12.3318	12.766	1039	13	10	489	5	80	346	5	0.439206	32805.9	0.000138543	
2394	100	746	24.8602	10.0018	1031	14	8	469	5	75	338	4	0.06834	80067.3	0.000180571	
2700	464	775	10.9352	10.3092	1048	10	4	480	6	64	350	5	0.446057	38868.9	0.000122504	
2574	228	770	12.8381	10.0346	1026	13	7	487	4	75	350	6	0.215966	43101.9	0.000126695	
2358	100	737	24.0299	14.1784	988	12	7	486	5	64	333	5	0.067884	56629.4	0.000197628	
2689	500	768	13.0039	12.766	1039	13	10	489	5	80	350	5	0.428471	32333.4	0.000138562	
2672	481	771	11.2458	10.0185	1020	11	4	479	7	76	350	5	0.445302	38852.6	0.000122926	
2300	185	742	24.206	16	931	16	9	475	4	47	314	5	0.111174	38667.2	0.000213675	
2323	100	734	25	10.0154	990	13	9	485	3	64	340	5	0.064756	81181.3	0.000186916	
2373	100	755	25	10.0089	1050	15	9	469	14	68	341	4	0.068402	81711	0.000180375	
2651	420	760	16.3537	13.6029	1050	12	7	484	10	80	347	6	0.324455	31485.4	0.000148787	
2594	354	758	14.7447	13.9302	1034	11	6	483	12	80	348	6	0.282108	31987.2	0.00015163	
2300	100	734	24.9535	15.4165	917	13	8	475	10	80	333	6	0.063958	53415.8	0.000212857	
2342	100	743	24.7112	15.888	951	13	8	477	9	71	332	5	0.066767	52568.1	0.000208943	
2593	194	736	17.7431	16	1029	14	8	478	6	60	331	4	0.15023	35780.2	0.00017584	
2300	103	744	23.9229	10	976	12	6	482	6	66	349	6	0.068012	78768.4	0.000181389	
2323	100	742	24.6495	10	984	12	8	485	3	63	334	5	0.066008	80559.1	0.000185048	
2700	384	768	12.3318	11.8573	1000	13	8	490	4	74	350	4	0.348453	35168.6	0.00013328	
2611	184	771	18.5075	11.3852	936	10	9	483	3	78	346	4	0.14889	45105.8	0.000141583	
2700	380	775	12.0464	10.542	1048	11	9	487	2	67	350	4	0.353638	37549.7	0.000124363	
2387	115	774	20.9162	10.6215	1020	12	5	478	3	63	341	6	0.087653	64987.6	0.000160746	
2700	470	771	10.8067	10	1050	11	4	479	7	62	350	5	0.451771	39826.7	0.000121374	
2700	380	770	12.0464	10.542	1048	11	9	487	0	72	350	4	0.351356	37394.5	0.000124735	
2654	207	763	15.5061	11.4172	1047	11	6	478	0	72	350	6	0.181338	41821.6	0.000133887	
2393	100	748	21.549	10.5095	1001	13	7	465	12	55	330	5	0.075652	68527.5	0.000175316	
2330	100	740	22.7966	15.8842	927	16	4	472	7	43	349	4	0.069304	50337.8	0.0002096	
2315	100	742	25	10	983	12	8	467	3	63	334	4	0.06518	79806	0.000186602	
2497	110	741	21.2802	10	1007	13	6	470	9	61	343	5	0.085043	68891.4	0.000162048	
2682	493	767	12.2132	11.5008	1050	11	9	484	9	66	346	5	0.434285	34884.9	0.000131182	
2700	427	771	10.6258	10.0185	1040	12	4	475	7	62	349	5	0.42188	40661	0.000121788	
2688	438	743	16.6285	15.0301	1000	16	10	490	6	76	344	4	0.333034	29565.6	0.000162075	
2665	422	762	13.4798	11.2317	1050	10	8	482	1	78	350	5	0.354981	35107.5	0.000130582	
2689	485	768	14.4626	11.8573	1040	14	10	477	5	72	350	5	0.398965	33798.5	0.000134463	
2482	215	732	19.7597	14.874	1007	11	9	480	9	58	350	6	0.147845	36380.1	0.00017313	
2632	409	775	15.0299	14.666	1021	16	8	490	17	70	349	4	0.330515	30508.4	0.000155183	
2680	500	745	14.7703	13.1737	1046	13	9	473	14	71	346	4	0.39378	31567.4	0.000145815	
2300	100	739	24.9535	14.9663	988	13	8	486	5	76	333	5	0.064394	56218.6	0.000207297	
2635	385	770	13.8053	10.8866	1048	10	9	471	1	71	350	5	0.322766	36621.1	0.000128999	
2670	422	771	13.3238	11.8481	1050	10	8	483	0	76	349	6	0.361197	34096.8	0.000133138	
2697	497	769	14.9303	14.2227	1046	11	9	483	6	80	348	6	0.404742	30108.9	0.000149993	
2662	193	772	11.9604	10.0124	1050	13	9	471	6	74	346	5	0.212284	45761.4	0.000123793	
2658	346	728	16.5281	15.5204	1040	10	7	482	8	71	322	5	0.258322	30374.7	0.00016852	
2608	228	770	12.6286	10	1010	13	10	490	4	59	350	6	0.221976	43484.5	0.000126183	
2432	138	772	20.4498	10.0831	1050	15	5	478	7	67	344	4	0.104469	64604.6	0.000146692	
2680	494	749	14.7703	12.845	1046	13	9	474	12	71	347	4	0.391233	32056.3	0.000143041	
2544	117	756	20.9397	10.5242	1019	13	8	468	16	65	338	4	0.093358	61940.1	0.000156226	
2619	146	756	22.1052	10.4611	1023	13	5	474	5	79	344	5	0.111116	62191.5	0.000144592	
2680	494	745	14.7703	13.1279	1046	13	9	470	12	71	346	4	0.389144	31742.3	0.000145624	
2323	100	753	24.721	11.2814	988	12	9	486	5	64	332	5	0.066982	69983.1	0.00018797	
2652	282	758	12.2096	10	1003	11	7	473	7	76	350	5	0.265792	41277.1	0.00012536	
2584	233	749	15.4976	11.3222	1047	11	6	477	11	66	339	5	0.190102	41024.5	0.000138122	
2632	146	751	14.4207	10	1027	14	8	474	5	62	348	5	0.145635	50990.9	0.000133476	
2638	312	753	14.1168	10.2939	1050	12	9	473	6	65	346	5	0.26009	40122	0.0001287	
2384	100	728	22.5396	16	993	10	8	477	13	60	341	6	0.070651	51622.8	0.000203625	
2652	277	747	12.6286	10.1404	992	12	9	488	10	67	348	5	0.252565	40837.7	0.000128025	
2590	415	732	16.8466	15.5988	1037	11	8	482	8	80	333	4	0.299898	29405.1	0.00016975	
2300	100	742	22.7083	11.8209	988	13	7	474	13	66	339	5	0.068916	63791.6	0.000186811	
2469	343	775	16.5415	15.8696	1047	14	6	486	0	72	350	6	0.254858	31001.9	0.000169005	
2700	204	745	16.5812	11.4844	1033	13	10	487	2	73	345	4	0.171282	42007	0.000137024	
2700	389	768	14.3575	11.8573	997	13	8	490	5	75	350	4	0.326327	34443.8	0.000134898	
2349	100	738	21.714	14.6189	900	15	7	474	1	52	346	4	0.07246	51243.6	0.000198255	
2502	344	766	16.499	14.9586	1041	11	7	486	10	71	348	6	0.256365	31493.4	0.000162311	
2592	310	743	16.8466	16	1050	11	7	483	11	78	335	5	0.231834	30772.6	0.000170765	
2677	355	769	15.6855	13.3974	1047	11	6	467	3	75	346	5	0.287576	32928.4	0.000146092	
2330	127	762	18.7135	10	978	13	7	477	11	77	347	4	0.097581	60151.8	0.000152416	
2514	296	756	16.7352	13.864	1041	10	9	482	7	65	349	5	0.220509	33778.9	0.000155352	
2682	464	775	11.7272	10.8866	1042	11	8	474	1	70	342	5	0.42431	36667	0.000127551	
2622	500	739	17.5345	16	1021	10	8	482	8	80	337	5	0.363981	28450.8	0.000172414	
2462	100	738	25	10.9603	983	13	7	471	4	67	336	6	0.069981	70776.4	0.000182249	
2689	443	768	15.3238	12.7312	1024	14	10	489	6	80	350	5	0.357776	32358.4	0.000140885	
2320	100	734	24.5518	11.564	990	13	9	485	5	64	332	5	0.065198	68352.4	0.000191534	
2672	272	735	14.6871	11.3538	1050	12	9	468	9	80	350	6	0.225068	38284.8	0.000135026	
2333	122	757	23.1164	15.4142	915	16	9	468	2	50	331	6	0.082363	46437.7	0.000199402	
2615	355	775	15.5061	11.4814	1047	11	7	479	0	72	346	5	0.285055	36237	0.000134372	
2662	151	764	19.8884	10	1048	14	6	482	14	62	335	5	0.124361	60764.6	0.000137684	
2536	393	772	15.488	14.3721	1033	10	7	486	8	80	348	6	0.303415	31131.8	0.000155473	
2562	301	757	15.3197	11.2426	1041	10	9	482	6	80	347	6	0.237209	37702	0.000136221	
2450	103	761	22.682	11.6293	1010	11	9	474	10	77	336	5	0.078033	61698	0.000174581	
2476	389	768	14.1073	11.8573	1036	14	8	490	5	75	350	4	0.304757	34925.1	0.000139665	
2464	100	752	22.0475	10	1021	17	7	474	7	60	344	5	0.07709	73177.4	0.00017191	
2662	266	773	11.3892	10.2939	1050	12	9	471	8	72	346	5	0.275299	41508.1	0.000124316	
2610	111	771	25	10.0259	1050	15	9	468	16	76	339	4	0.085152	75321.2	0.000160308	
2700	380	770	14.8733	10.542	1048	11	9	487	0	72	350	4	0.315313	37701.2	0.000126904	
2415	111	771	25	15.1946	1041	15	7	468	19	77	338	4	0.077581	51880.4	0.000190331	
2699	169	765	15.5871	10.6598	972	12	9	468	5	71	342	5	0.1588	47244.8	0.00013289	
2300	212	744	23.2339	16	916	16	9	477	4	46	310	5	0.128836	36506.2	0.00021182	
2676	500	725	16.3412	15.6379	1033	11	8	483	4	80	345	5	0.370569	28677.1	0.000167616	
2658	277	747	13.1651	10.7645	977	12	8	488	8	67	348	5	0.245912	39390.4	0.000131804	
2300	223	744	22.5913	15.8411	916	16	9	476	3	46	315	5	0.136227	35867.4	0.000207641	
2692	141	748	21.1868	10.2739	1001	13	5	478	9	70	349	4	0.112708	62521.3	0.000142369	
2625	378	764	13.2173	11.9036	1047	13	6	477	6	75	349	6	0.320958	34840.3	0.000135281	
2617	500	767	14.9889	13.9007	1046	13	9	490	6	77	347	5	0.395798	30462.5	0.000149544	
2694	170	740	14.9936	10.121	1047	12	9	482	8	69	334	5	0.158203	48365.7	0.000131909	
2662	438	733	15.3129	14.6771	1045	12	7	480	8	72	342	6	0.334791	30138.5	0.000158932	
2652	443	765	15.3238	12.7312	1006	14	9	488	6	80	350	5	0.352072	32498.2	0.000142694	
2700	153	733	14.9936	14.082	979	12	7	479	6	80	334	5	0.146276	41728.9	0.000157134	
2429	114	725	23.9986	10.2875	1029	16	8	481	6	54	344	5	0.076736	74648.1	0.000171174	
2617	500	767	12.9237	13.2414	1032	11	9	490	3	80	346	4	0.419717	31878.6	0.000143658	
2485	137	753	19.382	10	984	18	9	483	10	79	328	4	0.107228	58806	0.000148017	
2417	100	740	23.4444	10	968	16	10	484	4	64	336	6	0.071376	74907.6	0.000177904	
2573	358	738	16.8466	15.5988	1038	11	8	482	8	80	334	5	0.261026	30156.8	0.000169549	
2380	100	738	23.4039	10.9081	983	16	5	475	7	73	336	6	0.069852	70070	0.000182448	
2300	100	742	24.7112	15.8977	942	13	8	477	7	71	336	5	0.065189	52817.3	0.000212179	
2551	121	758	23.9806	10.0227	1050	15	8	479	6	76	350	5	0.089137	72647.1	0.000155763	
2660	132	768	25	10.2086	1021	15	8	467	2	75	339	4	0.099698	70532.3	0.00015067	
2300	100	740	24.7112	15.8977	1031	13	8	477	7	78	331	5	0.065013	54625.6	0.000209996	
2594	148	753	17.4129	12.4354	1037	14	7	472	9	78	338	6	0.126829	45688.3	0.000148324	
2700	210	764	10.8067	10	1050	13	4	476	7	77	350	5	0.247962	46214.6	0.000122249	
2652	149	758	12.2096	10	1003	10	7	473	7	76	350	5	0.174434	49492.4	0.000130157	
2323	100	742	24.6495	12.8056	996	12	8	485	3	63	334	5	0.066008	62359.2	0.000194932	
2644	138	763	20.0501	10.4338	992	14	9	472	4	64	327	6	0.114527	57983.4	0.000144467	
2468	119	746	23.1531	10	1000	14	6	471	10	80	343	5	0.084996	71002.2	0.000160617	
2700	500	768	15.3238	12.7312	1034	12	10	488	5	80	350	5	0.403978	31942.5	0.000140193	
2300	110	727	22.7671	15.8842	927	16	7	482	7	55	348	4	0.072125	48670	0.000206697	
2538	110	760	21.2802	10.0766	1007	13	9	472	9	61	343	5	0.088899	66619.8	0.000159084	
2623	198	770	14.3445	12.6031	1030	15	8	481	3	80	344	4	0.18364	39437.3	0.000141044	
2687	472	775	13.4474	10.8866	1042	11	8	474	1	71	344	5	0.403287	35928.3	0.00012832	
2584	182	749	15.4976	11.3222	1047	11	6	481	11	66	339	5	0.157386	44505.5	0.000138408	
2339	100	731	23.1147	13.4746	988	18	9	478	5	63	331	5	0.068257	57061.6	0.000195313	
2619	308	773	12.9637	10	1050	13	8	466	7	70	350	4	0.275895	40472.6	0.000124162	
2529	344	763	15.7501	14.8608	1030	11	7	476	8	78	340	6	0.262515	31371.3	0.000161624	
2425	304	771	18.4402	16	1001	13	9	479	5	78	348	4	0.213731	31632.5	0.000176772	
2300	127	738	20.9617	11.4698	990	13	7	487	8	80	346	5	0.086365	58222.3	0.000167701	
2593	291	769	17.3926	14.5691	1010	15	8	474	15	61	348	5	0.223563	32693.9	0.000160359	
2643	208	758	16.7907	10	1046	12	6	481	17	60	345	5	0.171914	49484.1	0.000130497	
2640	191	775	12.4217	10.0346	990	12	7	488	4	58	348	5	0.202933	46121.8	0.000125549	
2567	261	732	18.7273	14.0998	1050	14	10	471	8	78	345	5	0.18597	34703.3	0.000161057	
2643	151	758	15.6515	10	1046	12	7	478	12	60	344	5	0.141802	52101.4	0.000132661	
2300	103	743	23.4444	11.1664	978	17	6	479	2	67	339	6	0.068984	68175.4	0.000184434	
2602	393	760	15.905	15.4687	1047	11	7	486	8	76	348	5	0.302166	29900.2	0.000162734	
2586	360	767	15.7501	14.1463	1029	11	5	472	10	80	348	6	0.280779	31766.4	0.000154107	
2674	355	767	14.6715	11.0487	1050	10	6	479	0	73	348	6	0.294915	37086.3	0.000130361	
2569	280	767	15.3207	12.607	969	12	8	476	2	70	347	5	0.226511	35474.8	0.00014537	
2397	109	774	23.9806	10.0259	1050	15	9	469	12	80	339	4	0.077812	75593.1	0.000167785	
2613	186	766	15.4682	10.6308	1022	14	7	474	16	78	335	6	0.165407	45454.3	0.000134066	
2621	448	771	13.1444	12.5069	1038	14	8	481	13	68	343	4	0.377631	33289.8	0.000139489	
2380	100	738	24.9466	10.9603	983	11	7	472	4	64	336	6	0.067111	72067.7	0.00018622	
2672	263	735	14.6871	11.3538	1034	14	9	465	10	80	345	6	0.219008	38809.3	0.000136351	
2303	102	749	23.9229	10	956	15	6	487	9	66	343	5	0.068054	76937.5	0.000182083	
2606	194	774	12.9637	10.1827	1024	13	7	481	14	74	348	5	0.195187	44909.3	0.000126807	
2662	410	733	14.9403	14.6771	1045	11	7	480	9	72	342	6	0.317176	30496.8	0.000158504	
2635	129	736	22.7966	15.8842	907	15	9	475	7	46	349	5	0.09699	43650	0.000191278	
2300	100	742	25	11.7522	939	11	6	483	7	73	327	5	0.064652	66320.8	0.000194628	
2300	100	743	24.7112	15.8977	983	13	8	477	9	71	333	5	0.065277	53682.5	0.000211104	
2642	459	725	16.3412	15.6379	1042	11	9	483	3	80	345	5	0.336521	28864.8	0.000168011	
2300	100	734	25	14.5629	979	13	8	486	7	78	323	4	0.063955	56850.8	0.000206868	
2619	322	775	12.9637	10	1050	12	8	466	7	65	350	4	0.286822	40275.2	0.000123962	
2640	191	763	12.4217	10.0346	990	10	8	488	4	58	348	5	0.199791	45886.8	0.000126358	
2559	134	736	16.451	12.6616	1019	16	7	472	7	76	332	6	0.118371	46585.7	0.000155328	
2638	285	732	14.8074	11.3538	1034	13	9	472	10	78	339	6	0.228829	37817.3	0.000138274	
2606	100	730	25	14.4378	1003	15	5	486	11	66	348	6	0.074213	55678.3	0.000190549	
2536	146	772	19.4727	10	1031	11	5	480	2	66	325	4	0.117337	60567.7	0.000141764	
2300	118	757	23.7118	15.384	949	16	9	473	2	50	312	6	0.077743	48114.4	0.000204625	
2567	186	732	20.9379	14.2589	1050	15	10	480	8	78	345	4	0.131831	39747.1	0.000165317	
2548	131	763	20.6548	10.4028	1015	13	6	467	19	58	343	5	0.103942	61296.5	0.000148302	
2526	194	774	14.4677	10.386	995	13	6	483	14	75	348	5	0.173907	45007.4	0.000131926	
2635	296	745	14.6871	11.9497	1050	14	9	478	12	73	345	5	0.241474	36129.3	0.000138947	
2523	100	748	24.4779	12.4863	992	15	6	484	11	75	344	5	0.074262	61456	0.000181984	
2617	490	765	14.9889	13.9007	1046	13	9	490	6	77	347	5	0.386973	30515.3	0.000149745	
2612	351	764	15.3675	15.339	1037	11	9	489	8	79	350	6	0.278503	30524.1	0.000160901	
2650	256	732	17.3827	13.3669	998	14	8	490	5	71	350	4	0.194246	35402.6	0.000152742	
2667	485	775	14.6984	11.8573	1039	11	10	486	7	65	348	5	0.396707	33750.7	0.000134644	
2402	100	746	23.8476	10.0259	1031	15	8	470	5	75	342	4	0.070848	77202.8	0.000177085	
2660	296	768	14.6715	10.8866	1050	11	7	473	0	72	347	6	0.251143	38890.4	0.000129988	
2387	114	734	21.8963	10.4873	974	15	10	488	12	72	331	5	0.080441	65455	0.000168606	
2602	139	760	15.905	10	1047	13	7	486	8	76	348	4	0.130517	52750.1	0.000136184	
2648	387	773	16.1607	14.666	1033	16	9	481	17	67	349	4	0.306329	30569.8	0.000156079	
2363	100	736	25	13.4862	964	14	8	486	3	68	314	5	0.066331	58699.1	0.000198649	
2353	100	736	19.5267	12.5808	964	11	10	474	14	67	335	4	0.078156	55262.6	0.000182749	
2579	281	768	14.6715	10.8866	1050	11	8	482	0	72	344	6	0.233541	39166.7	0.00013245	
2501	194	740	14.8675	10.8917	1048	13	8	481	14	71	348	5	0.161728	44395	0.000137363	
2651	396	758	14.7447	13.1989	1034	11	7	483	11	80	347	6	0.31852	32183.8	0.000145285	
2666	334	765	15.146	13.9007	1038	13	6	490	6	77	347	5	0.273879	32307.9	0.000149076	
2555	198	774	16.9223	10	1032	12	5	477	14	78	348	5	0.162522	49687.9	0.000131027	
2609	228	766	14.7757	10	1026	13	9	490	7	68	350	5	0.197962	44174.8	0.000127812	
2443	121	745	23.7332	15.4081	956	10	6	481	8	76	344	5	0.083852	47646.4	0.000189394	
2700	435	746	15.5466	12.589	1016	15	10	485	6	78	347	5	0.34059	32982.1	0.000142878	
2617	500	749	15.181	13.9007	1032	13	9	490	2	77	347	4	0.384302	30422.7	0.000151999	
2674	256	735	15.5526	11.9526	998	12	7	490	12	62	347	4	0.207503	37858.2	0.000141203	
2577	301	757	15.3197	13.9007	1041	11	9	486	6	79	350	6	0.238514	33076.6	0.000151953	
2682	493	766	12.2132	11.8178	1050	11	9	484	8	66	346	5	0.433719	34411.8	0.000132996	
2625	378	775	13.2173	11.9036	1047	13	8	479	6	75	349	6	0.32558	34623.8	0.0001343	
2613	384	767	14.7447	12.4837	1021	11	8	488	5	80	348	6	0.309298	33249.6	0.000140825	
2649	374	769	16.5415	15.8696	1047	14	6	479	0	72	350	6	0.292422	29740.7	0.000164989	
2300	100	747	25	15.9799	948	12	6	487	7	73	337	5	0.065087	53773.4	0.00021254	
2612	222	768	12.9353	10.0346	1033	13	8	483	4	63	348	5	0.213089	43865.1	0.000126103	
2695	482	767	12.2132	11.2625	1050	12	9	476	8	64	350	5	0.427124	35575.7	0.000129116	
2402	111	748	24.838	10.0259	1036	16	9	478	17	71	338	5	0.074788	78316.4	0.000172533	
2340	100	744	23.9229	15.071	962	11	7	480	7	71	333	5	0.067887	54117.7	0.000202306	
2345	111	771	25	15.1946	1050	15	6	468	19	77	339	4	0.074863	52993.1	0.000194439	
2654	489	763	18.1694	15.8179	1030	11	7	482	4	76	345	5	0.367485	28772.7	0.000167392	
2349	202	757	22.5218	15.8842	918	16	7	474	5	48	344	6	0.129354	36585.8	0.000198965	
2466	118	753	20.9537	15.384	900	16	9	469	2	57	310	6	0.090278	46204.3	0.000189789	
2512	183	771	12.9637	10.1827	1024	15	7	481	17	78	348	6	0.180278	46150.8	0.000130124	
2300	100	742	25	15.8977	914	13	8	490	7	71	337	5	0.064652	53138.3	0.00021427	
2577	301	757	15.8798	13.9007	1041	11	9	481	6	73	347	6	0.234626	33136.9	0.000152975	
2700	402	767	10.4456	10.0228	1010	12	5	473	15	64	350	5	0.405615	41165.3	0.000122609	
2640	468	742	18.1694	15.5235	1050	11	7	482	1	77	340	5	0.340148	29173.1	0.000167252	
2363	100	736	25	13.4862	963	11	8	486	3	66	333	5	0.066331	58859.9	0.000197355	
2678	151	729	13.7802	11.1732	1013	14	9	484	19	56	347	5	0.152986	47126.4	0.000139063	
2379	147	742	19.1054	13.0197	978	17	8	482	8	69	345	5	0.106787	46273.5	0.000164339	
2305	100	738	24.3047	10.4976	987	16	6	470	9	58	342	6	0.065556	75861.6	0.000187477	
2632	455	750	17.2949	16	984	14	9	478	9	69	340	4	0.338282	28827.6	0.000172801	
2678	151	729	16.5651	11.1732	1017	14	9	485	19	51	344	6	0.133004	48914.7	0.000142816	
2323	100	734	24.6037	10	990	13	9	485	5	64	336	5	0.0653	80652.2	0.000185977	
2674	256	735	15.6264	11.9526	1013	14	8	490	7	62	347	4	0.206866	37938.8	0.000141383	
2648	466	773	16.4713	14.666	1033	17	8	485	17	67	347	5	0.364197	29995	0.000156764	
2300	100	742	25	15.8237	913	12	6	483	8	73	333	5	0.064652	53178.2	0.000213904	
2621	184	748	17.1842	12.9722	1041	14	9	485	3	73	341	5	0.151095	40414.3	0.000148699	
2700	500	772	14.9303	13.8423	1036	11	9	489	7	80	350	6	0.409122	30433	0.000146972	
2700	344	770	12.6364	10.542	1049	11	8	487	0	72	350	4	0.313738	37800.8	0.000125109	
2640	456	734	18.2592	16	997	12	7	487	10	78	338	5	0.327758	28752.9	0.000173883	
2619	351	775	13.5203	10	1050	11	9	479	9	71	346	4	0.301264	39123.9	0.000125251	
2340	100	744	23.9229	15.1099	962	11	7	480	7	71	326	5	0.067887	54043.6	0.000202799	
2373	100	768	21.4543	11.0261	1050	15	9	468	14	80	340	4	0.076892	65191.4	0.000174429	
2384	140	731	19.9551	10.3971	981	11	8	486	5	65	345	4	0.098905	59142.7	0.00015387	
2668	316	771	14.1168	10.2939	1050	12	9	473	7	68	346	5	0.272032	39764.1	0.000126438	
2674	500	772	14.9303	13.9007	1036	11	9	489	6	80	343	6	0.405748	30412.8	0.000148456	
2592	301	757	15.3197	13.9007	1041	11	9	490	6	76	347	6	0.23982	33113.3	0.000151722	
2689	464	725	16.3412	16	1037	13	9	483	3	80	334	5	0.345419	28548.8	0.000170532	
2697	497	773	14.9303	15.0984	1046	11	9	487	1	76	348	5	0.406847	29327.7	0.000155545	
2405	128	734	21.9842	10.9183	1005	16	9	476	10	70	342	5	0.088772	61190.3	0.00016247	
2692	146	756	21.9553	10	1041	14	5	477	5	62	344	5	0.115173	67225.7	0.000140548	
2661	408	743	16.8466	16	1033	10	7	488	8	77	334	5	0.306758	29036.9	0.000169434	
2561	247	760	17.3926	14.5691	1010	14	9	474	15	61	348	6	0.189141	34218.5	0.000162153	
2629	360	772	11.2458	10	1020	11	5	479	9	71	350	5	0.344449	39950.4	0.000123579	
2324	111	740	25	11.0958	971	11	10	483	9	73	344	4	0.07107	67394.6	0.000183016	
2674	256	732	17.3827	11.9526	998	14	8	490	5	64	344	4	0.195967	38991.2	0.000144113	
2700	285	764	10.8067	10	1050	13	4	476	7	80	350	5	0.302796	42615.8	0.000122145	
2300	100	734	24.9535	14.5629	988	13	8	486	5	80	333	5	0.063958	57127.7	0.000206101	
2653	256	735	15.2384	11.7196	998	15	8	490	12	62	348	4	0.208446	38374.3	0.000140371	
2301	100	745	23.9229	15.071	948	12	5	482	6	68	333	5	0.066576	54633.6	0.000205086	
2560	213	760	14.8186	13.9237	1022	11	7	481	15	77	345	5	0.182986	36835	0.000153069	
2497	110	741	21.2802	10	1007	13	9	475	9	61	343	5	0.085043	68040.2	0.000162101	
2621	205	748	15.0424	11.7783	1050	13	9	483	1	69	339	5	0.177307	40736.9	0.000139334	
2662	438	733	15.4096	14.6771	1025	12	7	480	7	63	349	6	0.334098	30209	0.000159821	
2327	118	757	23.1164	15.16	986	16	9	475	10	47	307	6	0.079941	48227.2	0.000200763	
2617	500	767	16.7582	13.9007	1032	13	9	490	6	80	347	4	0.381619	30477.3	0.000151699	
2552	257	774	14.4562	10.2839	1027	12	6	485	14	71	350	5	0.218507	41882.7	0.000129366	
2420	114	737	21.8963	10.4873	980	10	10	490	6	74	333	6	0.082083	65569.3	0.000166251	
2341	100	750	24.6495	10.4827	995	14	7	480	4	62	333	5	0.067365	76003.9	0.000184638	
2605	117	749	18.3167	14.6553	1037	11	6	474	14	69	324	6	0.103792	46984.8	0.000171233	
2552	256	762	12.6286	10.1914	1010	13	7	473	14	77	348	5	0.234081	41357.4	0.000128899	
2454	100	725	20.1367	15.8842	907	16	9	472	7	51	348	4	0.078777	48504.7	0.00020141	
2366	102	740	25	14.4937	973	17	10	483	14	73	342	4	0.067855	55050.4	0.000199561	
2300	183	740	23.0678	16	908	15	8	472	4	54	310	5	0.112026	38492.1	0.00020842	
2300	100	725	22.7671	15.8842	927	16	9	472	7	56	348	4	0.066827	50773.3	0.000210837	
2391	103	743	23.4444	11.1664	978	17	6	479	2	67	339	6	0.072337	66842.9	0.000179695	
2303	102	744	23.9229	10	982	12	6	487	9	66	343	5	0.0676	79540.4	0.000182149	
2581	348	771	18.9587	16	1014	11	8	479	17	75	350	4	0.255397	30015.5	0.00017135	
2300	118	757	23.1164	15.384	920	16	9	476	3	50	316	6	0.078842	47435.9	0.000203335	
2425	310	771	18.4402	15.6908	1001	12	9	479	5	78	350	4	0.217679	31674.6	0.000174186	
2606	194	760	12.9637	10.1827	1024	13	9	477	10	73	346	5	0.191656	44816.7	0.000128222	
2300	100	740	22.519	15.8842	927	16	6	468	7	46	346	4	0.068734	50176.3	0.000209908	
2671	245	732	15.6264	11.9629	1032	11	7	488	5	66	345	4	0.198545	38309.7	0.000140647	
2656	466	772	14.598	12.8144	1037	11	8	482	17	67	341	4	0.380321	32238.9	0.000141743	
2700	483	746	14.52	12.1388	1015	15	10	489	5	72	348	5	0.386606	33303.1	0.000139121	
2697	267	725	15.9686	12.2311	1033	11	8	483	4	77	345	5	0.211164	36882.2	0.000142531	
2638	336	771	14.1168	10	1050	12	8	473	7	74	346	5	0.283709	40078.1	0.000125676	
2645	325	760	12.9637	11.181	1043	12	6	479	12	76	346	4	0.286004	36979.7	0.000131458	
2697	407	773	14.9303	15.6545	1046	11	8	487	5	76	348	5	0.336084	29647.8	0.000159566	
2302	109	736	21.7851	11.2825	975	14	6	479	2	67	339	5	0.074669	63190.1	0.000177431	
2696	420	760	16.3537	13.6029	1050	12	7	484	10	80	347	6	0.329354	31506.6	0.000147798	
2323	100	743	25	14.1784	988	13	8	486	5	64	333	5	0.06555	57826.4	0.000201735	
2523	100	748	23.895	12.4863	992	15	6	484	11	75	343	5	0.074861	60903.5	0.000181818	
2652	166	754	16.1475	12.8423	972	10	7	487	9	76	328	6	0.148113	42150	0.000149009	
2657	192	775	17.1842	11.7783	1050	14	9	483	1	69	346	5	0.164085	42675.5	0.000137306	
2300	100	742	25	15.8185	962	12	6	486	9	73	336	5	0.064652	54301.1	0.000211999	
2689	500	730	16.3412	15.6379	1037	11	9	483	3	80	345	5	0.374683	28611.4	0.000166556	
2323	100	740	24.721	14.1784	988	12	7	486	5	64	331	5	0.065826	57662.5	0.000201207	
2538	301	770	15.3432	14.5393	999	11	8	468	4	75	340	5	0.239167	32638.5	0.000159439	
2379	167	743	22.737	15.8842	953	15	9	465	2	69	338	5	0.108732	39510.3	0.000193536	
2402	100	746	24.8602	10.0018	1031	14	9	469	2	75	338	4	0.068624	79558.8	0.000180148	
2300	100	742	24.4683	15.8977	942	13	8	472	7	71	336	5	0.065723	52472.9	0.000211372	
2465	241	745	19.5018	15.9166	954	18	8	460	6	74	336	6	0.166478	33283.8	0.000184128	
2384	141	731	19.9551	10.7094	981	11	7	486	5	65	345	5	0.099454	57590.7	0.000155063	
2645	500	740	16.8466	16	1033	12	7	482	10	78	334	5	0.371588	28423.9	0.00017059	
2330	127	762	18.7135	10	978	12	5	477	8	77	347	4	0.097581	61095	0.0001523	
2300	101	744	22.0001	10	971	11	8	487	4	62	334	6	0.071203	74064.6	0.000178031	
2643	151	758	16.7907	10	1046	12	6	478	17	60	343	5	0.135169	54263.2	0.000133941	
2516	100	745	24.4779	12.4863	950	13	9	482	13	70	337	5	0.073714	59973.5	0.000183554	
2300	106	725	22.7671	14.4522	927	16	5	472	14	56	348	5	0.069883	52187.3	0.00019996	
2638	271	774	14.4562	10.2839	1027	12	6	486	14	71	350	5	0.235414	41161.3	0.00012721	
2324	111	753	25	15.1571	983	17	10	486	5	75	344	4	0.072318	52309.3	0.00019972	
2676	500	727	14.9643	15.4955	1033	11	8	489	4	80	345	5	0.382357	28938.2	0.000164582	
2316	241	745	19.5018	15.9166	914	16	8	460	3	74	324	6	0.156443	33991.2	0.000192827	
2323	100	748	23.9806	10.0259	935	15	7	474	2	65	340	4	0.067636	74302.4	0.000182815	
2599	228	766	14.3525	10	1007	13	9	490	7	68	350	5	0.201021	43754.5	0.000128074	
2670	422	771	13.4798	11.0453	1050	10	7	482	1	76	350	6	0.359765	35617.1	0.0001288	
2574	259	766	16.8362	13.8766	997	13	7	488	8	68	346	6	0.202779	34486.5	0.000154847	
2300	100	740	22.7966	15.8842	927	16	6	472	5	46	348	4	0.068209	50347.5	0.000210482	
2417	100	740	23.2503	10.3437	967	16	10	484	4	64	336	6	0.071924	71566.7	0.000178348	
2415	142	771	25	15.1946	1034	16	7	468	19	65	342	4	0.095293	45996.1	0.000186672	
2334	110	736	23.4444	11.1664	978	12	6	479	5	67	339	6	0.073244	66654.9	0.000178635	
2460	127	737	17.9564	11.4698	990	13	5	473	8	67	347	5	0.103033	52299.6	0.0001554	
2676	500	725	16.6331	15.6379	1033	11	8	483	7	80	345	5	0.369158	28640.8	0.00016787	
2436	100	740	23.1422	11.0972	998	14	5	473	9	76	347	5	0.072617	67849.5	0.000179308	
2375	123	745	20.5277	10.8993	993	12	8	483	6	72	341	6	0.089337	59667.4	0.000161342	
2663	111	771	23.9806	10.7984	997	15	9	473	17	77	339	4	0.089123	66134.7	0.000160488	
2300	100	738	22.7966	15.5246	927	15	10	472	9	46	349	4	0.068025	50601.2	0.000208507	
2700	424	746	14.5308	12.3809	1028	12	6	487	7	65	350	5	0.341635	33451.7	0.000139978	
2388	100	771	23.9806	14.5661	952	14	9	466	19	77	339	4	0.072135	53572.9	0.000193911	
2429	114	725	18.768	10.2875	1019	16	8	479	6	54	344	5	0.089617	61850.6	0.000161186	
2327	221	737	22.212	15.8842	927	14	9	471	5	62	349	5	0.136579	35627.7	0.000196889	
2658	277	747	12.6286	10.1404	992	12	8	488	8	67	348	5	0.253101	40936.4	0.000127845	
2610	111	771	22.3725	12.0231	1050	13	9	476	17	77	339	4	0.090734	57268.9	0.000163052	
2300	100	726	22.7671	15.2641	994	16	9	472	7	65	348	4	0.066919	53303.3	0.000204415	
2608	228	771	12.6286	10	1010	13	10	490	4	69	350	6	0.222265	43092	0.000125897	
2355	100	753	23.9806	10.0259	922	15	7	474	2	75	339	4	0.069251	73257.7	0.000180571	
2630	381	729	16.8466	14.9684	1033	11	7	481	8	78	349	5	0.278947	30341.9	0.000163613	
2315	148	728	21.9676	15.7855	933	16	4	481	9	80	347	4	0.094847	42758.3	0.000196464	
2643	151	754	15.6515	10	1046	12	6	478	12	60	343	5	0.141054	52415.5	0.000133138	
2617	409	767	14.5436	13.9007	1046	13	8	490	6	76	347	5	0.329691	31247.8	0.000149165	
2648	393	768	15.488	14.3721	1020	13	7	488	8	80	348	6	0.313759	30835.5	0.000153704	
2385	127	770	22.4979	15.4588	1014	11	4	466	10	68	346	5	0.090524	47022.7	0.000183824	
2678	156	754	16.93	10	1001	15	6	488	8	62	349	4	0.138936	53950.7	0.000132943	
2584	369	770	14.7447	13.1989	1021	11	9	488	8	80	348	6	0.296446	32471.5	0.000145943	
2466	142	750	16.0162	11.3889	1050	13	8	475	14	67	350	5	0.1228	49038.9	0.000145201	
2497	116	741	19.6253	10	1007	11	8	471	9	62	343	6	0.092903	63599.5	0.000155909	
2603	409	731	17.3329	15.9902	982	14	9	479	9	70	327	5	0.293915	29209.1	0.000176491	
2632	320	750	17.2949	14.6967	984	15	9	478	9	58	343	4	0.241654	31878	0.000164177	
2561	198	770	18.8071	12.6031	1029	15	5	481	3	80	350	4	0.153418	41666.3	0.000147341	
2320	100	740	22.7966	15.5154	940	15	6	480	6	50	347	5	0.068939	51423.1	0.000205761	
2434	100	746	23.9229	14.0069	930	11	7	473	10	65	330	5	0.071455	54832.4	0.000193349	
2652	277	739	12.6286	10.1404	992	12	9	487	10	67	348	5	0.24986	40880	0.000128717	
2558	128	771	24.7204	10	1050	13	9	484	16	70	343	4	0.09391	72749.9	0.00015321	
2689	144	746	16.1566	12.7312	1024	14	10	488	5	66	350	5	0.134681	44643.7	0.000147471	
2300	100	742	24.6009	15.685	1006	11	8	485	2	64	342	5	0.065196	55012.9	0.000208768	
2382	100	738	24.196	11.2478	1004	16	6	470	9	59	342	5	0.06829	69589.3	0.000185254	
2561	146	762	21.6212	10	1033	15	8	474	8	73	347	5	0.110465	63342.3	0.000143	
2341	241	761	18.5367	15.9166	949	18	8	460	3	80	337	6	0.165048	33851.9	0.000185667	
2300	156	744	22.5913	16	916	16	9	477	3	46	328	5	0.098934	40305.1	0.000207168	
2353	116	736	20.5256	12.8511	953	11	7	467	7	73	343	4	0.083558	51999.9	0.000175531	
2574	213	770	12.8381	10.6762	1026	13	9	487	4	75	350	6	0.20579	42249.9	0.000129786	
2323	100	742	24.6037	10	995	12	8	485	5	64	337	5	0.066011	80818.6	0.000184911	
2584	310	743	16.8466	16	1033	11	7	482	13	78	334	5	0.23116	30794.9	0.00017191	
2638	285	732	14.6871	11.3538	1034	14	9	472	10	80	339	6	0.230112	37796.3	0.000138236	
2415	111	769	23.9806	15.1634	1028	16	10	468	19	77	338	4	0.079139	50815.3	0.000188359	
2656	320	750	17.2949	14.6967	980	15	9	478	9	58	343	4	0.243724	31921.9	0.000163425	
2320	100	734	25	10	1000	13	9	485	5	64	336	5	0.064652	81836.4	0.000187336	
2648	117	749	18.3167	11.0869	1037	11	8	468	5	65	324	6	0.105717	55426.6	0.000154131	
2700	351	764	15.2603	15.339	1012	11	7	489	11	79	347	6	0.288522	30598.3	0.000160102	
2558	150	771	17.4944	10	1050	13	9	484	16	68	343	4	0.128566	54455	0.000135796	
2558	131	771	24.7204	10	1050	10	9	484	16	70	340	4	0.095716	72885.2	0.000152277	
2625	308	768	14.7416	10	1019	11	9	476	4	78	346	6	0.255853	40785.2	0.000127597	
2515	235	770	15.3432	14.5393	999	11	8	468	4	75	340	5	0.19286	34808.2	0.000160077	
2678	151	736	13.7802	11.1732	1013	15	9	484	20	56	347	5	0.154455	47211.3	0.0001386	
2461	119	774	20.8997	10.0296	1004	13	6	482	10	55	343	5	0.093163	66420.7	0.00015444	
2465	136	768	17.9279	14.5387	946	18	8	462	5	68	335	4	0.112955	43292.5	0.000169578	
2646	303	768	13.7313	10.8866	1049	11	8	471	4	75	344	6	0.263612	38162.3	0.000129971	
2327	167	743	22.212	15.8842	1014	15	9	467	5	62	349	5	0.107254	40624.2	0.000192049	
2339	100	731	23.1147	13.9187	988	18	9	486	5	63	333	5	0.068257	56069.6	0.000197122	
2674	215	732	15.6264	11.9526	1013	13	7	483	18	62	342	4	0.179202	40059.3	0.000142328	
2300	100	742	24.8934	14.648	927	13	8	490	8	71	337	5	0.064659	55566.8	0.000206954	
2302	100	742	25	15.8977	910	13	9	490	7	71	337	5	0.064722	53016.2	0.00021427	
2594	396	758	14.7447	13.1989	1034	11	7	483	11	80	348	6	0.312399	32238	0.000146477	
2662	500	725	16.3412	15.5775	1030	11	8	483	4	80	345	5	0.368903	28710.5	0.000167616	
2453	148	739	15.5796	10.8206	1050	12	5	460	9	72	342	5	0.126564	50556	0.000142613	
2323	100	742	23.1399	15.6645	995	12	9	486	5	64	333	5	0.0687	53364.6	0.000203915	
2555	194	774	16.9223	10.1827	1032	12	5	477	14	73	348	5	0.159935	49281.1	0.000131857	
2700	153	733	14.9936	14.082	1047	12	7	479	6	75	334	5	0.146276	41871.6	0.000154703	
2303	102	742	23.9229	11.1779	976	12	7	487	6	67	344	5	0.067418	69196.4	0.000186359	
2347	100	736	22.8591	10	988	15	7	486	5	72	333	5	0.069545	75705.5	0.00018005	
2416	114	732	19.8643	10	1040	16	8	481	5	54	340	5	0.086747	67104.6	0.000161108	
2616	116	757	18.9191	10.7117	962	14	9	475	4	72	327	6	0.102438	57247.1	0.000154536	
2539	124	725	18.4925	10.1644	1017	13	7	468	14	55	337	5	0.101048	59884.5	0.000151837	
2519	109	770	24.2263	12.4863	1006	15	5	486	11	66	344	6	0.081566	59790.4	0.00017328	
2617	500	767	14.4577	13.9007	1046	13	9	490	6	77	348	6	0.401022	30563.7	0.00014912	
2601	376	731	17.3329	15.5284	1020	13	9	489	9	73	342	5	0.270823	29863.5	0.000169779	
2659	235	773	11.8184	10	1050	13	9	471	6	80	346	5	0.24455	42978.2	0.000123472	
2560	237	760	15.4767	13.9237	1033	10	8	482	17	80	348	6	0.193751	35323.8	0.000153069	
2514	190	774	13.6302	10.4978	1050	11	7	475	14	69	343	6	0.178395	45163.6	0.00013128	
2623	198	770	16.443	12.6031	1030	14	8	481	1	80	334	5	0.168577	39663.6	0.0001443	
2544	116	750	21.1328	10	1019	12	7	468	16	65	338	5	0.091456	66802.7	0.000155958	
2436	100	738	23.1422	10	993	14	5	474	4	75	347	5	0.072421	76142.5	0.000176025	
2700	402	771	12.2223	10.0228	1020	12	4	473	18	66	350	5	0.366059	39592.6	0.000123198	
2547	131	733	21.0706	10.4028	1019	13	6	470	4	58	343	5	0.098671	63058.3	0.000151976	
2622	500	741	17.5345	16	1033	10	8	482	8	80	337	5	0.364967	28416.9	0.000171615	
2421	114	744	22.4378	10	973	16	8	481	5	60	348	5	0.081795	69915.4	0.000164393	
2341	100	742	25	10.208	979	12	7	485	5	80	340	5	0.066096	77721.8	0.000185357	
2402	111	750	21.3782	10.0259	1036	15	9	468	17	71	338	4	0.082247	69297.7	0.000163908	
2551	216	769	14.6386	10.027	1000	13	6	490	14	80	344	5	0.187706	44669.2	0.000130736	
2450	121	745	23.7332	15.4081	967	10	6	483	9	76	344	5	0.084133	47787.9	0.000188501	
2665	422	771	13.4798	11.2317	1050	10	8	482	1	80	350	5	0.359174	35047.7	0.00012982	
2689	485	771	14.4626	11.8573	1040	14	10	477	5	72	350	5	0.400523	33779.3	0.000134174	
2300	185	742	23.1164	15.5577	908	16	9	475	4	47	314	5	0.113432	38655.2	0.000207771	
2300	102	746	25	12.5011	1047	11	7	486	3	63	332	5	0.066041	66989.5	0.000193723	
2514	190	774	14.6239	10.4978	1050	13	7	475	14	69	343	5	0.169278	45722.1	0.00013231	
2606	228	766	14.3525	10	1026	13	9	490	7	68	350	5	0.201552	43820	0.00012747	
2513	194	774	14.4677	10.1827	1018	13	6	481	10	76	348	5	0.173006	45975.1	0.000130668	
2333	122	757	24.1279	15.4142	915	16	9	474	2	52	331	6	0.080682	46844.6	0.000202102	
2402	111	748	24.838	10	1036	16	9	478	17	71	338	5	0.074788	78561.1	0.000172444	
2323	100	752	24.721	14.1784	985	13	7	486	3	64	345	5	0.066893	57439.8	0.000199005	
2355	100	775	22.6797	10.2086	1043	16	8	466	2	76	339	4	0.074095	73389.6	0.000173792	
2621	201	775	18.0343	11.7783	1050	13	9	482	1	69	349	5	0.163291	42815.4	0.000138754	
2465	136	745	17.9279	14.5387	946	18	8	462	5	67	335	4	0.109572	43265	0.000172325	
2641	450	767	17.2238	14.7131	1047	14	6	472	4	72	350	6	0.343172	30301.4	0.000157928	
2621	448	768	13.1444	12.5069	1038	14	8	481	13	72	343	4	0.376161	33182.4	0.000139606	
2700	358	775	18.0674	14.7787	1022	11	9	484	16	80	348	6	0.27936	30976.7	0.000157381	
2680	300	751	14.7703	13.1279	1027	13	9	469	12	71	346	4	0.248775	34207.8	0.000145836	
2613	186	768	15.4682	12.628	1022	12	7	482	16	78	344	6	0.165839	40364.8	0.000143143	
2640	459	734	18.5381	15.6474	1048	12	8	487	10	79	350	6	0.328523	28985.2	0.000168919	
2415	111	763	23.9806	15.1634	1028	16	10	468	19	77	338	4	0.078521	50855.7	0.000189143	
2640	397	734	18.5381	16	982	12	8	487	10	78	338	5	0.284247	29280.3	0.000174978	
2323	100	735	23.7737	14.2725	988	12	7	486	5	69	339	4	0.066989	56430.5	0.000199124	
2655	488	742	14.7703	13.7441	1050	13	8	473	9	71	349	4	0.379903	30935.1	0.00015024	
2700	402	769	12.2223	10.0228	1020	11	4	473	18	64	350	5	0.365109	39544.5	0.000123305	
2551	121	758	23.9841	10	1050	15	8	479	6	75	346	5	0.089136	72928.8	0.000155909	
2305	100	743	24.3047	14.0505	987	16	6	470	9	58	342	6	0.066	57140.4	0.000200844	
2638	316	771	14.1168	10.2939	1050	12	9	473	7	64	346	5	0.269191	39967.6	0.000127162	
2300	100	742	22.7083	12.445	972	13	8	474	13	66	345	5	0.068916	60292.2	0.000189036	
2578	485	775	14.6984	11.8573	1039	11	10	487	7	65	348	5	0.385328	33946.2	0.000136761	
2617	500	745	14.9889	13.8315	1050	11	8	490	7	77	347	5	0.384446	30553.7	0.000150989	
2544	116	745	21.1328	10.2529	1019	12	8	468	16	65	338	4	0.090847	64463.2	0.000157307	
2638	226	756	14.8186	13.9237	1033	11	6	477	12	78	346	6	0.196197	36024.5	0.000151355	
2700	296	732	14.6871	11.3538	1034	14	10	473	10	80	345	6	0.242768	37610	0.000135962	
2665	482	767	12.2132	11.2625	1050	11	9	471	8	64	350	5	0.423081	35601.3	0.00012955	
2596	272	734	17.3093	15.0851	1006	14	7	476	7	73	326	6	0.201859	32737.7	0.000168976	
2680	494	743	14.7703	13.1279	1046	13	9	470	12	71	347	4	0.388099	31736.3	0.00014573	
2658	467	772	13.1637	11.4921	1031	10	8	476	12	58	348	5	0.397771	34957	0.000132223	
2519	100	768	22.8851	12.4863	1006	15	6	490	9	66	347	5	0.079082	59585.8	0.000177651	
2417	100	740	23.4444	10.6649	986	16	10	484	4	65	343	6	0.071376	70213.2	0.000179501	
2570	101	735	19.7968	12.0913	962	10	8	462	5	67	329	4	0.086031	55847.6	0.000175162	
2300	101	746	22.8933	10	976	10	5	483	11	59	337	5	0.069282	78253.3	0.000179986	
2374	102	744	23.9229	10	979	12	6	487	11	69	343	5	0.070178	77533.6	0.000178221	
2355	100	748	23.9806	10.0259	922	15	6	473	2	75	345	4	0.068791	73991.6	0.000180995	
2578	206	736	21.1092	15.1603	1034	16	7	473	4	75	342	5	0.145342	36719.8	0.000172682	
2341	273	738	19.2041	15.9166	922	14	8	460	3	80	345	5	0.176752	32583.9	0.000190114	
2629	399	746	15.3914	12.9847	1035	15	7	489	4	80	348	5	0.30782	32500.7	0.0001459	
2593	158	736	18.9697	14.6836	990	14	8	478	6	60	326	4	0.12355	40661.7	0.000169981	
2698	402	773	12.2223	10	1014	11	4	473	18	64	350	5	0.366769	39629.8	0.000123047	
2665	500	747	16.5352	14.7303	1046	11	8	490	7	79	349	5	0.378989	29444.4	0.00015758	
2300	100	734	24.9535	14.5422	917	13	8	486	5	80	333	6	0.063958	55476.9	0.00020816	
2577	261	730	16.2483	14.519	962	14	7	488	2	75	341	6	0.197788	33684.8	0.000164501	
2564	245	771	12.8381	10	1046	13	7	490	4	72	348	6	0.227057	42552.1	0.000126711	
2468	142	774	14.6239	10.4978	1050	13	7	475	14	69	348	5	0.136064	50365.7	0.000137912	
2512	167	774	12.9637	10.1827	1024	13	7	481	12	74	346	5	0.170577	47403.9	0.000130753	
2650	130	733	19.87	13.115	1025	14	8	490	6	72	350	4	0.106094	47872.8	0.000158705	
2421	100	755	25	10.0089	968	15	9	478	13	68	349	4	0.070123	76502.7	0.000178603	
2696	413	753	13.4748	12.3809	1028	11	10	487	5	70	350	5	0.347519	33414.3	0.00013816	
2686	322	760	12.804	10	1044	12	6	478	13	70	346	4	0.289924	40175.8	0.000124735	
2470	100	733	24.9544	15.5061	975	15	6	475	9	77	339	4	0.069788	52686.5	0.000201045	
2700	112	743	21.4966	13.0237	1032	12	6	480	6	76	333	6	0.093989	53517.2	0.000166778	
2305	100	738	21.4787	10	987	16	6	470	8	58	342	6	0.071335	73620.1	0.000178094	
2651	420	758	13.7384	13.3207	1050	12	7	484	9	75	350	5	0.346371	32031.9	0.000144259	
2300	100	736	24.9535	14.5422	917	13	9	486	5	64	338	6	0.064132	55248	0.00020803	
2300	183	740	23.0678	15.5222	908	15	8	472	4	50	310	5	0.112026	39034.8	0.000206441	
2449	100	775	23.8756	10.2606	1023	12	6	472	8	78	339	4	0.074796	74468.9	0.000173461	
2353	100	736	19.9266	12.5808	964	11	9	474	14	53	335	4	0.076591	55804.8	0.000184196	
2514	274	756	16.7352	13.7194	1041	10	9	482	7	65	350	5	0.205999	34626.8	0.000154226	
2628	295	754	16.7633	14.2107	988	13	6	480	20	65	348	6	0.228021	33065.4	0.000158028	
2300	100	725	24.9535	10	917	13	8	486	5	80	336	6	0.063174	76227.6	0.000190949	
2617	500	745	16.4217	14.1689	1013	11	8	490	7	74	348	5	0.372844	30241.1	0.000156372	
2651	396	751	14.7447	13.1989	1034	11	7	483	13	80	339	6	0.315579	32197	0.000146757	
2300	118	760	23.7118	14.8014	949	16	9	474	0	50	312	5	0.078051	49172.9	0.000200441	
2676	500	725	15.9686	15.6379	1033	11	8	483	4	80	345	5	0.373442	28659.5	0.000167224	
2700	204	754	16.048	11.4844	1033	12	10	487	2	73	346	4	0.17651	41578.7	0.000135428	
2518	344	770	16.499	14.9586	1049	11	7	473	10	71	348	6	0.25922	31373.4	0.000161499	
2300	100	734	24.9535	14.5629	988	13	8	467	9	80	333	5	0.063958	56339.3	0.000206398	
2594	310	758	14.7447	13.1989	1034	11	8	483	8	80	348	6	0.251125	33602.2	0.000146477	
2420	114	734	21.8963	10.4873	985	10	10	490	5	74	331	6	0.081749	65904.2	0.000166639	
2689	500	768	15.3238	12.7312	1024	14	10	489	5	80	350	5	0.402566	32013.3	0.000140885	
2662	216	773	11.8184	10.0124	1050	14	9	476	7	67	347	5	0.231312	44385.1	0.000123503	
2509	293	747	17.887	14.5838	1006	10	5	487	9	80	350	4	0.209238	33056.9	0.000164177	
2569	243	767	15.3231	12.607	969	16	8	470	1	71	347	5	0.201486	37134	0.000146242	
2560	226	760	14.8186	13.9237	1033	11	7	481	16	77	350	6	0.191489	36036.6	0.000152323	
2323	100	742	24.6037	10	995	11	8	485	5	64	337	5	0.066011	81107.4	0.000184843	
2689	443	765	15.3238	12.7312	1000	14	10	489	6	80	350	5	0.356379	32454.3	0.000141824	
2633	455	750	17.2949	16	1028	14	9	478	7	69	348	4	0.338394	28721.4	0.000170155	
2300	220	735	20.803	15.3982	908	13	8	479	13	46	347	5	0.137391	35722.1	0.000196232	
2617	500	745	16.5701	14.1689	1013	11	8	490	9	74	348	5	0.372131	30279.2	0.000156544	
2329	167	743	22.6628	15.8842	927	14	9	472	5	62	349	5	0.10624	39724.4	0.000197278	
2638	307	771	14.1168	10	1050	12	8	473	7	74	346	5	0.262711	40725.1	0.000125676	
2379	167	743	22.212	15.8842	953	15	9	465	5	69	349	5	0.109867	39316.6	0.000191681	
2303	102	744	23.9229	15.1704	1023	12	6	487	6	74	345	5	0.0676	55707.9	0.000201979	
2349	114	740	20.3988	14.6189	900	15	7	481	1	50	346	4	0.083302	47572.7	0.000189573	
2623	319	770	14.3445	12.0885	1030	15	7	476	0	79	345	5	0.267558	35367.1	0.000137779	
2300	166	752	23.424	15.7413	908	14	9	474	4	47	334	6	0.103827	40030.4	0.000205508	
2641	349	775	12.9637	10.717	1050	12	8	466	7	70	346	4	0.309073	37722.1	0.000127535	
2700	470	771	10.8067	10	1050	11	4	474	7	62	350	5	0.451771	39960.7	0.0001213	
2662	266	773	10.4869	10.2939	1050	13	9	471	6	72	346	5	0.29727	42922	0.000123854	
2651	396	758	16.2944	13.1989	1027	13	8	483	11	80	347	6	0.306594	32316.2	0.000147167	
2576	152	762	17.4564	11.3383	962	12	8	478	17	63	338	5	0.129881	47954.2	0.000143781	
2689	144	746	15.3238	12.7312	1024	14	10	489	5	80	350	5	0.140085	44424.2	0.000146349	
2640	161	763	12.4217	10.0346	990	13	8	488	4	58	340	5	0.179653	48818.1	0.000129921	
2300	100	735	24.2176	15.8185	948	14	6	485	8	73	333	5	0.065118	53431.3	0.000211461	
2416	115	756	19.2439	10.7542	1021	12	8	478	3	77	344	6	0.091798	59237.7	0.000159312	
2349	199	757	22.5218	15.8842	920	15	7	474	5	48	344	6	0.127613	36747.4	0.000198334	
2378	100	738	21.4787	10	987	13	6	475	10	73	342	6	0.074076	71776.6	0.000175285	
2672	263	732	14.6871	11.3538	1034	14	9	468	10	80	345	6	0.218114	38751	0.000136593	
2378	100	773	23.9806	14.5661	949	15	9	468	19	77	339	4	0.071948	53670.6	0.000194212	
2325	149	766	23.1164	15.4142	915	15	8	475	3	54	331	6	0.098009	42471.4	0.00019658	
2397	100	748	23.8373	12.7417	1043	15	8	465	2	75	341	4	0.070857	60689.5	0.00018615	
2603	351	754	16.9541	15.5211	1037	13	8	489	8	80	346	6	0.263944	30236.2	0.000165563	
2578	485	775	14.6984	11.8573	1039	11	10	488	7	67	348	6	0.385328	33926.1	0.000136836	
2300	100	742	20.803	15.3982	908	13	9	479	8	46	347	5	0.073087	49936.3	0.000203087	
2551	304	771	18.4402	16	1007	13	9	479	5	78	348	5	0.224267	30828.1	0.000172295	
2572	344	763	15.7501	14.3721	1033	11	7	476	8	70	340	6	0.266614	31829.9	0.000156887	
2300	241	745	19.5018	15.9166	914	16	8	460	4	76	350	6	0.155366	34067.2	0.00019216	
2658	467	772	13.1637	11.5161	1031	10	8	476	12	58	348	5	0.397771	34915.6	0.000132363	
2698	163	749	14.7703	12.845	1046	13	9	474	12	71	347	4	0.157014	42412.5	0.00014341	
2300	183	740	18.4101	15.2469	913	15	8	472	4	50	305	5	0.125157	38064.7	0.000193686	
2590	147	769	19.8884	10	1017	13	7	485	14	60	345	5	0.119013	59747.1	0.000139218	
2568	277	765	18.7273	14.1552	1050	13	7	471	8	78	344	5	0.205081	34169.5	0.000157803	
2439	113	744	22.7301	10.3757	977	18	5	483	9	76	344	4	0.081396	69011.5	0.000165865	
2450	103	761	22.1208	11.6293	993	11	9	474	10	77	336	5	0.079173	60397.2	0.000174095	
2373	102	773	23.2582	11.4476	991	15	8	468	17	73	342	5	0.074575	63932.9	0.000177525	
2349	114	740	20.3988	14.6189	906	14	9	479	1	65	346	4	0.083302	48004.6	0.000187126	
2644	113	744	25	15.4081	972	18	5	483	9	76	347	4	0.084624	50041.8	0.000185151	
2627	145	761	17.3438	10.1176	959	14	5	478	5	64	350	5	0.128025	55201.7	0.000137174	
2564	189	769	12.9637	10.9795	1046	11	7	481	11	70	348	4	0.187505	43621.3	0.00013132	
2700	251	775	10.4456	10.0228	1010	12	5	473	12	64	350	5	0.2921	44847.5	0.000121966	
2638	297	774	14.4562	10.2839	1019	12	6	486	15	73	348	5	0.253877	40255.2	0.000127714	
2691	151	764	15.6515	10.0717	1046	12	6	478	11	60	342	5	0.145663	52037.9	0.000131648	
2428	119	759	20.8997	10.624	1009	14	7	484	14	55	341	5	0.089945	62815.7	0.000159668	
2466	115	742	18.8253	16	1028	12	5	471	10	63	346	5	0.093889	46380.3	0.000184162	
2548	131	763	15.6201	10.4028	1015	13	5	467	19	58	344	5	0.124933	53109.8	0.000142025	
2601	372	731	17.2947	15.477	1020	13	9	490	9	71	342	5	0.268069	30006.6	0.000169405	
2600	148	765	16.486	12.2694	1037	14	7	474	18	80	339	6	0.133971	45407.7	0.000145054	
2601	385	731	17.3169	15.5284	981	13	9	489	9	73	343	5	0.277021	29757.1	0.000171204	
2583	156	754	15.2904	12.2975	968	10	7	487	8	75	349	6	0.143151	44163.4	0.000145054	
2443	114	734	21.8963	10.4873	985	10	9	490	8	74	331	6	0.082661	65710.8	0.000165728	
2697	434	773	14.9303	15.6545	1046	11	8	487	5	80	348	5	0.356969	29331.2	0.000159541	
2439	113	744	24.031	10.3757	977	17	5	483	9	75	344	4	0.07858	71644.5	0.000168947	
2363	123	745	21.2617	10.9187	980	12	8	467	4	71	341	5	0.0872	60032.4	0.000163345	
2424	115	756	19.2439	10.7542	1021	12	8	478	3	74	340	6	0.092147	59274.5	0.000159261	
2700	151	754	15.6515	10.0717	1030	12	6	478	11	60	343	5	0.144264	51993.1	0.000132521	
2516	112	748	23.336	10.8933	956	13	9	483	4	68	341	5	0.082581	64054	0.000166889	
2300	183	744	20.9916	16	916	16	9	477	3	46	315	6	0.117639	37445.9	0.000204708	
2700	435	742	15.5466	12.589	1016	15	8	485	6	78	347	5	0.338764	33118.2	0.000143246	
2470	276	770	19.28	14.7666	999	11	8	468	1	72	340	5	0.19559	33538.2	0.000168209	
2512	194	774	12.9637	10.1827	1024	13	7	481	14	73	348	5	0.188191	45196.9	0.000129216	
2649	149	758	12.7777	10.2696	1003	10	7	473	7	76	350	5	0.166923	48835.2	0.000131527	
2300	100	742	25	10	984	12	8	469	3	63	334	5	0.064652	80615.2	0.000187723	
2617	100	728	22.5396	16	993	10	8	477	11	60	341	6	0.07906	50304.3	0.000195465	
2439	113	744	18.122	10.3757	977	17	5	484	8	72	344	5	0.094559	59493.3	0.000158655	
2700	296	732	14.6871	12.2644	1034	14	9	470	10	80	345	6	0.242768	35785	0.000141363	
2474	115	742	25	15.4315	991	12	5	471	10	63	346	5	0.079092	49766.7	0.000192382	
2638	116	768	21.2329	13.4716	1033	12	9	469	8	60	341	6	0.097647	50708.9	0.000165426	
2610	111	738	23.9806	10.0526	1050	15	9	468	17	77	339	4	0.083309	73782.2	0.00016247	
2552	257	739	14.4562	10.2839	1027	12	6	486	14	71	350	5	0.208626	42168.6	0.000132556	
2379	147	730	20.8539	15.3861	978	17	5	482	7	68	347	4	0.100223	42666.4	0.000185117	
2574	225	765	17.1303	13.2812	1017	13	6	488	7	68	346	6	0.178122	37291.6	0.000150716	
2613	384	770	14.7447	13.1989	1021	11	8	488	8	80	348	6	0.310507	32257.2	0.000145243	
2565	146	770	19.0172	11.1759	1030	11	5	480	1	66	325	4	0.120306	52621.4	0.000145138	
2588	401	764	16.9541	16	1037	11	9	490	8	78	346	6	0.301871	29257.7	0.000168294	
2677	355	775	14.6715	10.8866	1042	11	8	471	1	72	344	5	0.298296	37480.9	0.000129567	
2578	485	775	14.4136	11.8573	1039	12	10	487	7	65	348	5	0.388293	33915	0.000136612	
2457	100	740	22.7966	15.8842	927	11	9	472	7	57	349	5	0.073939	50105.7	0.000200642	
2385	215	736	20.8329	15.4989	1024	11	9	468	12	52	350	6	0.139872	36532	0.000183688	
2632	129	734	22.7966	15.8842	908	15	9	475	7	66	344	5	0.096601	44023.2	0.000186498	
2437	106	746	21.2722	10	1050	13	9	471	4	76	345	4	0.080989	69771.8	0.000165645	
2464	100	775	23.9806	10.6022	1050	15	7	469	12	80	339	4	0.075352	72467.6	0.000173611	
2666	129	762	21.6212	10	1046	15	8	477	8	62	350	5	0.104871	66108.3	0.00014476	
2420	100	738	24.3047	13.14	987	16	6	470	9	65	342	6	0.06963	59074.5	0.000190767	
2619	215	773	12.9637	10	1047	15	8	466	5	70	350	4	0.210242	44390.3	0.000124517	
2360	144	733	18.5361	12.2347	965	14	5	490	11	67	335	6	0.105053	49040	0.000162549	
2617	230	737	15.6264	11.0896	1008	10	10	488	3	62	340	4	0.186224	41160	0.000138217	
2509	293	751	17.887	14.5838	1006	10	5	487	11	78	350	6	0.210358	33130.5	0.000163988	
2389	215	743	22.212	15.8842	924	15	9	473	5	69	349	6	0.137948	35543.2	0.00019253	
2323	100	728	25	13.9401	985	12	7	486	5	68	327	5	0.064227	58643	0.000202922	
2385	215	736	19.7597	15.4989	1024	11	9	468	9	52	350	6	0.142722	36162.8	0.000181488	
2584	366	761	14.7447	13.1543	1021	11	9	488	8	80	350	6	0.290823	32566.4	0.000146349	
2522	356	762	16.499	14.9586	1050	11	7	486	2	75	347	6	0.26522	31202.8	0.000161681	
2305	100	738	24.3047	11.061	987	16	6	470	9	65	342	6	0.065556	70932.2	0.000189072	
2449	111	775	23.8756	10.2003	1020	12	6	472	8	80	339	4	0.08111	72418.6	0.000164826	
2417	100	740	23.4444	10.6649	960	16	10	484	4	65	343	6	0.071376	69132.9	0.000179856	
2574	252	771	16.8362	13.2812	1010	13	7	488	7	70	350	6	0.199395	35692.2	0.000149522	
2617	377	767	16.7582	13.9007	1032	14	9	486	4	74	346	4	0.28924	31556.8	0.000152138	
2519	100	768	24.2263	12.4863	1006	15	6	490	9	66	344	6	0.076116	61565.8	0.000180148	
2625	393	768	15.488	14.3721	1019	14	6	488	2	80	348	6	0.311312	30927.5	0.000154321	
2700	460	775	13.7157	11.9347	1043	14	9	486	5	71	338	5	0.392318	33783.5	0.000135099	
2574	228	747	12.8381	10.0346	1015	13	7	487	5	75	350	6	0.209516	43177.8	0.000128966	
2682	464	768	14.7503	12.5502	1042	12	8	474	1	70	342	5	0.378494	32879.2	0.00013988	
2670	422	770	13.3238	11.6569	1050	10	8	480	1	76	347	6	0.360728	34480.8	0.000132468	
2320	102	744	23.9229	10	976	12	6	487	2	66	343	5	0.068217	78696.7	0.000181094	
2436	100	740	23.1422	10.7066	998	14	5	471	9	76	347	5	0.072617	70426.6	0.000177999	
2300	105	742	22.4151	15.4762	968	13	7	467	7	71	337	4	0.072051	50932.1	0.000200401	
2700	316	767	11.1016	10.2939	1047	13	9	468	7	70	350	5	0.320333	40590.2	0.000123381	
2514	271	736	19.3566	15.4989	1024	11	9	468	12	75	350	6	0.187041	32601.3	0.000174734	
2664	280	767	15.1675	12.607	1022	15	8	474	1	68	344	5	0.23583	35695	0.000142106	
2700	151	754	15.6515	10.0717	1046	12	6	478	11	60	343	5	0.144264	52150.1	0.000132258	
2538	116	745	21.1328	10	1050	12	8	468	16	65	337	4	0.090599	67642.6	0.00015625	
2584	144	749	15.4976	10.7725	1047	11	6	481	11	66	339	5	0.133672	49860.2	0.000139684	
2674	355	769	14.6715	11.0487	1050	10	6	470	0	72	348	6	0.295684	37365.8	0.000130225	
2665	482	767	12.2132	11.2625	1050	11	9	481	8	64	350	5	0.423081	35401.7	0.000129601	
2300	154	735	20.5482	15.5577	949	16	9	477	5	46	350	5	0.101489	40566.9	0.000195198	
2544	116	750	21.1328	10.2529	1019	13	8	468	16	65	338	4	0.091456	64409.6	0.000156838	
2333	149	766	23.1164	15.4142	915	15	9	475	0	55	331	6	0.098388	42465.2	0.000195733	
2355	100	775	23.9806	10.2086	1043	15	8	466	2	75	339	4	0.071274	76410.3	0.000176929	
2620	197	763	15.5061	11.4172	1047	11	6	483	0	72	350	6	0.172422	42513	0.000134698	
2304	100	727	25	14.1784	988	12	6	486	7	64	333	5	0.063483	58573.2	0.000205297	
2519	152	769	20.345	12.4863	1006	15	6	490	9	66	345	5	0.116692	47901.9	0.000153799	
2452	113	740	17.3664	10.3757	971	15	5	483	9	76	344	4	0.097303	57768.6	0.000158228	
2300	100	739	22.275	10.5433	969	13	6	487	13	59	333	5	0.069164	71209.7	0.000182949	
2677	325	775	19.4809	14.3712	1046	11	8	465	0	76	344	5	0.246855	32967.6	0.000157085	
2700	376	768	12.3318	11.8573	997	13	8	490	5	74	350	4	0.342289	35292.7	0.000133387	
2300	197	734	20.4703	16	900	14	9	484	2	48	310	6	0.125434	36551.1	0.000204918	
2697	407	773	14.9303	14.6989	1046	11	8	487	4	73	348	5	0.336084	30415.2	0.000152695	
2659	300	769	14.0513	11.4172	1048	11	8	478	0	77	348	6	0.259618	36906.9	0.000132031	
2330	117	759	23.9806	10.368	1050	13	9	468	4	78	343	4	0.078061	72485.6	0.00017001	
2427	100	772	24.4101	10.0027	1050	15	10	468	16	79	339	4	0.073091	77886.5	0.000174125	
2427	100	770	23.8647	10.0027	1050	15	10	468	16	79	339	4	0.074061	76651.7	0.00017304	
2662	347	764	12.2211	11.4172	1048	11	8	478	0	72	348	6	0.316556	36490.5	0.000131027	
2429	110	742	22.7236	10.1776	1014	13	8	488	6	64	334	5	0.079135	71907.3	0.000167898	
2434	100	746	23.9229	14.619	954	11	7	473	10	65	330	5	0.071455	53829.4	0.00019558	
2300	100	735	20.803	15.3982	908	13	9	477	13	46	347	5	0.072398	49906.4	0.000204123	
2428	105	738	20.8997	10.624	1004	14	8	484	13	55	341	5	0.079762	65259.8	0.000171057	
2617	280	767	15.3207	12.2706	988	12	8	476	2	64	347	5	0.230542	36209.5	0.000141844	
2700	460	775	13.7157	11.9347	1043	14	9	486	8	71	338	5	0.392318	33779	0.000135153	
2482	236	732	19.7597	14.874	1007	11	9	480	9	66	350	6	0.160472	35231.6	0.000172533	
2482	236	729	19.7597	15.1051	1007	13	9	480	9	66	350	6	0.159814	34853	0.000174825	
2428	119	738	20.8997	10.624	1004	14	7	484	13	74	341	5	0.087457	62415.2	0.000161421	
2437	108	728	19.7329	10.5189	1050	12	9	471	4	76	345	4	0.0844	62684.6	0.000165371	
2474	186	747	18.4442	15.7364	938	15	9	472	9	49	346	5	0.13756	36534.1	0.000183284	
2678	194	774	14.4677	10.1827	1018	13	6	483	14	73	347	5	0.184449	45879.6	0.000126759	
2382	114	734	21.8963	10.4873	985	10	10	490	5	80	331	5	0.080242	65826	0.00016835	
2634	205	769	17.1842	12.776	1050	14	9	483	1	70	346	5	0.169931	39245.7	0.000144279	
2428	119	756	20.8997	10.624	1009	14	7	480	10	55	341	5	0.08959	62872	0.000159872	
2300	100	725	24.9535	10	923	13	8	486	5	79	336	6	0.063174	76708.4	0.00019084	
2389	167	743	22.212	15.8842	927	14	9	472	5	69	349	5	0.11037	39078.3	0.000192197	
2552	139	751	20.1201	11.6614	1015	12	9	471	2	72	340	4	0.108401	51342.9	0.000151286	
2417	100	755	25	10.0089	1050	15	9	469	14	68	341	4	0.069979	81046	0.000178158	
2661	140	742	24.721	14.1784	988	12	7	486	5	64	329	5	0.101798	47686.3	0.000172176	
2592	134	732	15.6822	10.309	979	16	7	469	5	76	329	6	0.123913	52681.8	0.000144634	
2641	285	753	13.5487	10	1050	12	10	473	6	65	346	5	0.247382	41485.6	0.000126759	
2574	228	765	16.8362	13.7147	1010	13	7	488	7	70	346	6	0.181979	36143.8	0.000153516	
2692	496	767	12.9374	10.4352	1041	11	8	470	8	78	348	5	0.42583	36768.1	0.000125802	
2593	137	736	18.7801	10.362	1050	16	6	481	6	55	340	5	0.111568	59031	0.00014556	
2695	150	772	21.201	12.5996	1030	11	5	482	1	66	338	4	0.122246	48689.1	0.000149365	
2617	228	737	15.6264	11.0896	1042	11	10	488	3	61	340	4	0.184934	41569.9	0.000137571	
2300	100	740	22.7966	15.2428	927	16	8	472	13	46	348	4	0.068209	51142.9	0.000206911	
2341	100	750	24.6495	10.4827	995	12	7	480	5	62	333	5	0.067365	76312.2	0.000184468	
2689	143	746	15.3238	12.7312	1011	14	9	489	5	80	350	5	0.13945	44600.5	0.000146972	
2619	146	752	22.1052	10.4611	1023	13	6	474	5	79	344	5	0.110528	61506.7	0.000144991	
2300	101	739	22.0001	10	959	11	8	487	8	62	334	6	0.070724	73526	0.000178859	
2300	100	734	24.743	14.5629	971	13	8	486	5	80	333	5	0.064484	56414.8	0.000205634	
2355	100	746	23.1933	10.0259	922	15	7	476	2	75	339	4	0.07024	71890.8	0.000179308	
2429	111	743	17.5286	10.2003	953	15	6	468	8	80	344	4	0.095009	58427.9	0.000159261	
2617	236	767	14.8324	13.1794	1032	13	9	490	7	80	341	4	0.204259	36088.7	0.000145582	
2680	476	745	14.7703	13.0349	1046	11	9	470	13	71	345	4	0.375318	31955.3	0.000144907	
2617	500	766	12.9237	13.2414	1032	12	9	490	3	80	350	4	0.41917	31879	0.00014339	
2334	109	736	23.4444	11.1664	978	17	6	479	2	67	339	6	0.072718	66402.6	0.000179565	
2664	235	773	11.8184	10.5629	1050	13	9	471	6	72	346	5	0.244989	41970.5	0.000125945	
2677	422	769	15.5061	12.1492	1047	11	6	481	0	72	350	6	0.339242	34032.8	0.000136893	
2677	355	769	16.7818	13.77	1047	13	8	476	3	80	346	5	0.279853	32189.8	0.000149388	
2373	102	773	23.9079	11.4476	1002	15	9	468	19	73	348	5	0.072876	65311.7	0.000179244	
2389	177	743	22.212	15.8842	927	10	7	472	5	72	349	5	0.116041	38312.5	0.000191939	
2347	100	754	20.7522	10	935	15	7	474	2	65	330	4	0.076099	67728	0.000174246	
2349	125	738	23.9351	14.6189	900	15	7	474	1	55	346	4	0.080908	47548.8	0.000195925	
2373	100	758	21.273	10.0259	1050	15	9	468	14	80	343	4	0.076436	71436.3	0.000172058	
2689	459	725	15.749	15.6379	1037	11	9	483	3	80	345	5	0.345966	28924.1	0.000166556	
2621	448	764	15.7597	12.5069	1038	14	8	481	13	78	350	5	0.348179	32891.5	0.000141443	
2429	110	742	23.9434	10.1776	1018	13	8	488	6	64	334	5	0.076346	75234.8	0.000170911	
2565	146	772	19.0172	11.094	1016	11	5	480	1	70	325	4	0.120619	52391.8	0.000144781	
2382	110	743	25	12.9964	949	11	6	487	6	59	330	5	0.072991	57927.5	0.000188857	
2610	111	771	25	10.0259	1050	15	9	468	16	76	344	5	0.085152	75669.1	0.000160179	
2383	100	768	23.0185	11.0261	1032	15	9	468	14	80	339	4	0.073927	67222.5	0.000176741	
2621	205	775	17.1842	11.7783	1050	13	9	483	1	69	346	5	0.170398	41770.5	0.000137988	
2416	115	753	19.2439	10.7542	1021	12	8	482	3	77	340	6	0.091434	59407.8	0.000159949	
2384	102	736	21.1092	15.1603	962	16	6	464	8	75	341	5	0.076235	50533.4	0.00019478	
2373	114	744	22.4378	10	1048	16	8	472	6	60	340	5	0.079884	74519.4	0.00016592	
2678	188	756	16.93	10	1001	14	6	489	5	73	349	4	0.159993	50385.7	0.000129887	
2700	305	775	13.7157	11.8801	1043	15	10	487	7	71	338	5	0.273276	36009.4	0.000135007	
2700	204	741	16.5812	11.4727	1033	14	10	487	4	73	345	4	0.170362	42110.6	0.000137476	
2621	194	760	13.6261	10.8771	1024	13	9	481	11	73	346	5	0.185292	43022.9	0.000131857	
2419	100	752	20.4297	10	1021	17	8	486	5	60	348	5	0.07979	69421.1	0.000170358	
2571	206	737	15.6412	14.0724	994	13	7	482	8	80	348	6	0.167828	36949.6	0.000158378	
2389	160	739	22.212	15.8842	927	13	9	471	20	69	342	5	0.10585	39922.5	0.000193013	
2385	263	737	18.7187	14.7554	980	11	8	468	9	56	350	6	0.175444	34303.2	0.000175346	
2316	241	745	19.5018	15.9166	914	16	8	460	3	67	324	6	0.156443	33987.7	0.000193237	
2700	113	743	21.4966	13.0237	1032	12	6	480	6	76	333	6	0.094594	53277	0.000166196	
2565	146	772	20.5157	11.094	1030	11	5	480	1	66	325	4	0.115162	55503	0.000146821	
2645	500	740	17.7131	16	1033	12	7	482	9	78	334	5	0.366506	28451.1	0.000171556	
2320	100	740	22.7966	15.5154	940	15	6	485	7	50	349	5	0.068939	51549.8	0.000205719	
2563	415	732	16.8466	15.5988	1037	11	8	482	6	80	333	4	0.297113	29467.5	0.000170532	
2380	100	740	25	10.9603	1027	11	7	472	4	64	336	6	0.067289	74324.7	0.000185322	
2300	105	765	23.6433	11.2015	942	13	8	467	5	71	337	4	0.071555	64521	0.000181455	
2349	114	740	21.2574	14.6189	906	14	9	481	1	65	340	4	0.081181	48445.3	0.000188964	
2595	139	751	20.1201	11.6614	987	12	9	470	5	78	340	5	0.110424	51169.1	0.000150852	
2619	330	775	13.5203	10	1048	11	9	479	10	71	344	4	0.285813	39524.6	0.000125676	
2427	116	757	17.1295	14.9586	1010	11	6	486	7	55	347	6	0.101208	47225.3	0.000176211	
2664	280	767	15.1675	12.7144	1012	15	8	474	11	70	344	5	0.23583	35466.7	0.000143102	
2469	122	741	22.4378	10	1040	16	8	481	5	54	340	5	0.087846	71898.1	0.000158983	
2700	402	771	10.4456	10.0228	1020	12	4	473	18	66	350	4	0.407731	41084.8	0.000121966	
2672	242	732	14.6871	11.3383	1034	14	7	468	10	78	345	6	0.204151	39878.6	0.000136482	
2606	116	762	22.1098	10	1045	12	8	469	8	59	350	4	0.093126	69062.7	0.000153421	
2470	126	772	19.4727	10	1031	11	5	480	2	66	325	4	0.10207	63477.8	0.00014912	
2571	130	737	15.6412	13.9746	1037	15	7	485	8	80	348	6	0.121262	45249.4	0.000160849	
2593	197	736	17.7431	16	990	14	8	478	6	60	326	4	0.152088	35451.1	0.000178063	
2387	115	725	20.9162	10.8579	1020	13	5	490	3	76	341	6	0.082104	64276.7	0.000167364	
2654	333	755	18.1694	16	1024	11	6	482	4	77	338	5	0.249534	30287.4	0.000170329	
2638	226	760	14.8186	13.9237	1033	11	7	481	12	78	347	6	0.197235	35898.7	0.000150693	
2619	368	775	12.9637	10	1050	12	8	466	10	70	346	4	0.320937	39224.9	0.000124611	
2385	209	745	19.4457	15.9166	935	10	9	460	0	77	336	5	0.14209	35037.5	0.000187266	
2519	100	753	24.7404	10.888	1024	15	6	482	11	68	344	6	0.074028	72197.9	0.000176585	
2529	146	757	17.5745	11.3734	915	13	7	472	13	65	333	6	0.122286	48730.5	0.000148743	
2675	322	760	12.804	10	1044	12	6	478	11	70	346	4	0.288834	40157.6	0.000124922	
2677	333	769	14.6041	12.0801	1050	10	8	485	12	70	344	6	0.280485	34935.3	0.000136351	
2572	333	771	14.3445	13.131	1040	15	7	481	0	80	345	6	0.273035	33468.4	0.000145159	
2700	427	771	10.6258	10.0185	1040	12	4	477	8	62	349	5	0.42188	40594.9	0.000121818	
2416	116	756	19.2439	10.7542	1021	12	9	478	3	77	340	6	0.092364	58955.6	0.000158932	
2621	377	767	16.2747	13.9007	1032	14	9	486	4	69	346	4	0.293144	31551.4	0.000151745	
2619	351	775	13.5203	10.3368	1050	11	9	479	7	71	346	4	0.301264	38182	0.000126727	
2321	100	734	24.6037	10	990	13	8	485	5	64	336	5	0.065229	80925.1	0.000186081	
2465	138	772	20.4498	10.0831	1050	15	5	478	8	67	344	4	0.106052	64179.6	0.000145412	
2497	116	741	19.6253	10	1007	13	8	471	9	62	343	5	0.092903	63416.7	0.000155933	
2464	100	752	22.9962	10	1021	17	8	474	7	60	345	5	0.075392	75091.6	0.000172712	
2340	177	725	19.9606	15.7855	933	16	6	483	8	79	339	4	0.116161	38513.4	0.000191205	
2568	277	765	18.7273	15.0799	1031	13	7	471	8	79	349	5	0.205081	32671.8	0.000165071	
2645	500	740	15.8806	16	1033	12	7	482	9	78	334	5	0.378106	28553.7	0.000169607	
2626	285	767	15.7501	14.1463	1029	11	5	472	8	80	348	6	0.231467	33344.7	0.000153233	
2300	196	743	23.1164	16	900	16	9	471	2	48	310	6	0.119695	37330.7	0.000211416	
2700	402	773	10.4456	10.0185	1030	12	4	478	7	64	349	6	0.408788	41038.3	0.000121847	
2613	384	770	14.7447	13.1989	1050	11	8	488	8	72	344	6	0.310507	32431.4	0.000144634	
2349	100	757	23.1164	15.1315	980	10	9	476	6	49	335	5	0.071056	52778.4	0.000199164	
2591	228	758	15.8649	13.2206	1034	11	7	483	9	80	348	6	0.187106	36683.5	0.000147885	
2334	109	736	21.7851	11.0506	950	16	7	473	2	67	339	5	0.075911	62626.9	0.000175469	
2610	131	771	24.7204	10	1047	13	9	472	12	74	340	4	0.097955	71277.4	0.000150353	
2700	406	746	14.52	12.1388	1024	16	9	489	5	72	350	5	0.328179	33895.7	0.000138696	
2692	496	767	12.9374	10.2753	1038	11	7	470	8	77	349	5	0.42583	37333.3	0.000124938	
2640	146	759	13.1031	10	1027	14	8	474	5	62	348	5	0.160324	50227.8	0.000131683	
2561	153	774	16.1549	10.1827	1024	13	8	481	13	63	346	5	0.138331	51264.8	0.000134138	
2638	226	758	14.8186	12.798	1022	11	7	481	12	78	347	6	0.196716	37344.8	0.000143534	
2690	497	767	14.5285	13.9007	1046	13	9	490	8	77	347	6	0.407376	30454.3	0.000147645	
2418	108	728	20.5741	10.5189	1050	10	9	471	4	76	350	4	0.080979	65044.9	0.000167364	
2563	100	738	24.9535	14.5629	979	13	8	486	5	80	333	5	0.073523	54526.3	0.000191902	
2300	127	738	20.9617	11.4698	990	13	5	473	8	80	346	5	0.086365	58502.7	0.000167476	
2529	146	752	17.5745	11.3734	915	13	7	472	13	61	333	6	0.121478	48873.6	0.000149566	
2695	150	768	21.201	12.5996	1030	12	5	482	5	66	343	4	0.121613	48697.6	0.000149499	
2387	127	737	20.9617	11.4698	990	13	5	473	8	80	347	5	0.089998	57337.4	0.000163159	
2349	202	748	22.5218	15.8842	918	16	7	474	1	48	344	6	0.127816	36555.8	0.00020016	