2622	500	739	17.5345	16	1025	10	8	487	8	80	343	5	0.363981	28385.3	0.000171615	
2300	100	742	24.6009	10	1022	11	8	485	5	64	339	5	0.065196	84276.8	0.000185908	
2672	500	771	11.2458	10.0185	1020	11	4	479	11	76	350	5	0.460961	38713.2	0.000122986	
2300	100	725	25	16	909	16	8	472	6	60	348	4	0.06317	51769	0.000218103	
2700	468	775	10.8067	10	1050	11	4	479	7	68	350	5	0.452451	39549.3	0.000120992	
2700	452	771	10.8067	10	1050	11	4	479	7	62	350	5	0.436939	39954.2	0.000121374	
2699	490	771	11.2458	10.0185	1020	11	4	479	11	76	350	5	0.456544	38893.9	0.000122474	
2300	109	725	25	16	909	16	8	472	6	60	348	4	0.067734	49510.9	0.000215193	
2672	481	771	11.2458	10.0185	1020	11	4	479	7	76	350	5	0.445302	38852.6	0.000122926	
2300	185	741	25	16	931	16	9	475	4	47	314	5	0.109873	39008.4	0.000217014	
2339	100	737	25	10	1015	12	7	485	7	70	333	5	0.065581	83135.1	0.00018546	
2700	500	772	14.0818	13.8423	1036	11	9	489	7	80	347	5	0.41835	30673.3	0.000146349	
2700	468	771	10.8067	10	1050	11	6	480	9	73	350	5	0.450116	39071.7	0.000121418	
2672	500	771	11.2458	10	1020	11	4	479	11	75	350	4	0.460961	38765.6	0.00012279	
2700	464	775	10.9352	10.3092	1048	10	4	480	6	64	350	5	0.446057	38868.9	0.000122504	
2684	500	772	14.0818	13.8423	1036	11	9	489	7	80	347	6	0.416235	30680.6	0.0001468	
2301	100	744	23.9229	15.071	948	12	9	482	6	68	328	5	0.066487	54167.3	0.000205465	
2665	482	767	12.2132	11.528	1050	11	9	481	8	64	350	5	0.423081	34965.2	0.000131044	
2300	100	742	24.6009	10	1006	11	8	485	5	64	339	5	0.065196	82705.3	0.000186116	
2700	468	775	10.8067	10	1050	11	6	480	7	73	350	5	0.452451	39081.2	0.000121065	
2682	493	767	12.3235	11.8178	1050	12	9	482	7	77	346	5	0.431972	34096.9	0.000132908	
2300	100	735	24.973	15.8237	913	12	6	479	8	73	335	5	0.064044	53004.2	0.000214823	
2366	102	740	25	14.4937	973	17	10	483	14	73	342	4	0.067855	55050.4	0.000199561	
2692	496	767	12.9374	10.4352	1041	11	8	470	8	78	348	5	0.42583	36768.1	0.000125802	
2339	100	738	25	10	1015	12	7	485	6	64	337	5	0.06567	83652.2	0.000185219	
2638	307	771	14.1168	10	1050	12	8	473	7	74	346	5	0.262711	40725.1	0.000125676	
2300	100	725	25	15.8842	927	16	9	472	7	56	348	4	0.06317	51902.5	0.000217202	
2316	122	732	24.1279	15.4142	915	16	9	474	2	52	331	6	0.077345	46951.1	0.000206825	
2300	183	744	20.9916	16	916	16	9	477	3	46	315	6	0.117639	37445.9	0.000204708	
2427	116	757	17.1295	14.9586	1010	11	6	486	7	55	347	6	0.101208	47225.3	0.000176211	
2417	100	740	23.4444	10	968	16	10	484	4	64	336	6	0.071376	74907.6	0.000177904	
2576	152	762	17.4564	11.3383	962	12	8	478	17	63	338	5	0.129881	47954.2	0.000143781	
2333	130	759	23.1164	15.4142	915	16	9	468	2	50	331	6	0.086968	44812.6	0.000198847	
2623	319	770	14.3445	12.0885	1030	15	7	476	0	79	345	5	0.267558	35367.1	0.000137779	
2697	446	775	15.4222	16	1050	11	9	489	12	76	350	5	0.363588	28775.7	0.000161865	
2614	488	772	12.902	12.2766	1049	13	10	484	9	80	349	5	0.412445	33058	0.000136612	
2700	435	766	15.5466	12.1223	1016	15	10	485	6	78	347	5	0.349721	33817.8	0.000138026	
2700	500	772	14.9303	13.8423	1036	11	9	489	7	80	350	6	0.409122	30433	0.000146972	
2427	100	772	24.4101	10.0027	1050	15	10	468	16	79	339	4	0.073091	77886.5	0.000174125	
2465	138	772	20.4498	10.0831	1050	13	5	478	8	66	344	4	0.106052	64076.6	0.000145243	
2356	100	725	25	16	909	16	9	472	6	61	345	4	0.065099	51170	0.000214087	
2651	396	751	14.7447	13.1989	1034	11	7	483	13	80	339	6	0.315579	32197	0.000146757	
2696	404	747	16.3537	13.6029	1050	12	7	480	10	80	347	6	0.31191	31760.3	0.000149298	
2619	322	775	12.9637	10	1050	12	8	466	7	65	350	4	0.286822	40275.2	0.000123962	
2682	493	767	12.2132	11.5008	1050	11	9	484	9	67	346	5	0.434285	34835.2	0.000131148	
2353	100	736	19.9266	12.5808	964	11	9	474	14	53	335	4	0.076591	55804.8	0.000184196	
2460	127	739	17.9564	11.7162	986	13	5	473	5	61	347	5	0.103313	51458.6	0.000156642	
2619	146	756	22.1052	10.4611	1023	13	5	474	5	79	344	5	0.111116	62191.5	0.000144592	
2316	241	745	19.5018	15.9166	914	16	8	460	4	74	324	6	0.156443	33986.8	0.000192827	
2654	333	755	17.2526	16	1024	11	5	482	3	72	338	5	0.254276	30268.6	0.000169377	
2700	424	746	14.7009	12.3809	1049	12	6	487	3	65	350	5	0.339471	33473.2	0.000139373	
2605	184	761	14.7757	12.2458	1026	13	9	490	7	70	350	5	0.167397	41181	0.000140193	
2618	455	750	17.2949	16	1024	14	9	485	9	70	340	4	0.336703	28724	0.000170823	
2300	100	725	25	13.2945	909	12	8	474	6	60	348	4	0.06317	57801.3	0.000203542	
2322	100	735	24.973	15.8237	911	12	6	483	11	68	335	5	0.064812	52785.2	0.000213356	
2323	100	734	25	10.0154	990	13	9	483	5	64	340	5	0.064756	81148	0.000186916	
2363	100	736	25	13.4862	963	11	8	486	3	66	333	5	0.066331	58859.9	0.000197355	
2373	100	758	21.273	10.0259	1050	15	9	468	14	80	343	4	0.076436	71436.3	0.000172058	
2579	281	765	14.6715	10.8866	1050	11	9	482	0	72	344	6	0.232629	39136.8	0.000132732	
2552	256	762	12.6286	10.1914	1010	13	7	473	14	77	348	5	0.234081	41357.4	0.000128899	
2609	231	767	14.7757	10.2204	1023	13	9	475	7	70	350	5	0.200243	43188.8	0.000128502	
2629	399	746	15.3914	12.9847	1035	15	7	489	4	80	348	5	0.30782	32500.7	0.0001459	
2339	100	754	25	10	1015	12	7	485	7	70	333	5	0.067094	82466.8	0.000183284	
2662	410	733	14.9403	14.6771	1045	11	7	480	9	72	342	6	0.317176	30496.8	0.000158504	
2603	409	731	17.3329	15.9902	982	14	9	479	9	70	327	5	0.293915	29209.1	0.000176491	
2429	110	742	23.9434	10.1776	1018	13	8	488	6	64	334	5	0.076346	75234.8	0.000170911	
2300	100	742	21.1097	15.8237	913	12	6	483	6	73	333	5	0.072572	50910.7	0.000203998	
2574	225	769	17.1303	13.2812	1021	13	6	488	7	68	346	6	0.179053	37308.4	0.00015015	
2658	346	728	16.5281	15.5204	1040	10	7	482	8	71	322	5	0.258322	30374.7	0.00016852	
2300	100	761	23.9229	10	1004	12	6	480	6	66	349	6	0.067969	80795.9	0.000181357	
2437	106	746	21.2722	10	1050	13	9	471	4	76	345	4	0.080989	69771.8	0.000165645	
2353	100	736	19.5267	12.5808	964	11	10	474	14	67	335	4	0.078156	55262.6	0.000182749	
2323	100	749	23.9806	10.0087	920	15	7	474	6	65	340	4	0.067726	73550.4	0.000182949	
2593	197	736	17.7431	16	990	14	8	478	6	60	326	4	0.152088	35451.1	0.000178063	
2323	100	752	24.721	14.1784	985	13	7	486	3	64	345	5	0.066893	57439.8	0.000199005	
2300	212	741	23.2339	16	916	16	9	477	4	46	310	6	0.128316	36521.9	0.000212404	
2667	485	774	14.6984	11.8573	1039	11	10	484	7	65	348	5	0.396195	33776	0.000134735	
2684	333	728	16.5281	15.5204	1040	10	9	482	4	71	322	5	0.251704	30534.5	0.000167898	
2339	100	757	25	10.0862	1015	12	7	481	4	64	333	5	0.067361	81856.8	0.000183184	
2605	184	761	18.6849	11.8886	1026	13	9	490	7	68	350	5	0.145995	44208.7	0.000142878	
2538	110	760	21.2802	10.0766	1007	13	9	472	9	61	343	5	0.088899	66619.8	0.000159084	
2487	158	746	15.3238	12.7312	1024	15	10	489	4	80	347	5	0.13733	43474.5	0.000149745	
2514	190	774	14.6239	10.4978	1050	13	9	475	14	69	344	5	0.169278	45498.1	0.000132188	
2495	100	742	22.9353	15.8977	942	17	8	480	7	71	340	5	0.075525	50369.7	0.000198295	
2700	483	746	14.52	12.1388	1015	15	10	489	5	72	348	5	0.386606	33303.1	0.000139121	
2665	422	755	13.4798	10.9779	1050	10	8	482	5	78	350	5	0.35172	35632.2	0.000129938	
2651	420	760	16.3537	13.6029	1050	12	7	484	10	80	346	6	0.324455	31485.3	0.000148854	
2342	147	743	24.7112	16	969	12	8	477	9	72	332	5	0.091943	43665.3	0.000201776	
2617	500	767	14.4577	13.9007	1046	13	9	490	6	77	348	6	0.401022	30563.7	0.00014912	
2403	100	725	20.1367	15.6908	907	15	9	470	7	54	349	4	0.076837	48994.1	0.000201248	
2658	463	772	13.1637	11.4921	1031	10	8	476	13	58	350	5	0.394597	34946.3	0.000131944	
2348	100	734	23.7198	11.3157	917	13	8	475	10	80	333	6	0.067791	64729.5	0.000187477	
2696	346	728	16.6326	15.5204	1040	11	7	482	8	71	323	5	0.261762	30348.9	0.000167673	
2300	241	745	19.5018	15.9166	914	16	8	460	4	76	350	6	0.155366	34067.2	0.00019216	
2300	109	740	22.519	15.9777	927	12	6	468	7	46	344	4	0.073421	48256.7	0.000205846	
2661	408	743	16.8466	16	1033	10	7	488	8	77	334	5	0.306758	29036.9	0.000169434	
2516	100	746	24.4785	12.4863	950	13	9	476	13	70	332	5	0.073812	59905.9	0.000183587	
2664	500	768	15.3238	12.7312	1029	12	10	490	5	80	350	5	0.399359	31884.6	0.000141064	
2700	500	741	16.1904	16	1035	11	8	478	8	80	341	5	0.383157	28479.7	0.000168237	
2674	256	735	15.5526	11.9526	998	12	7	490	12	62	347	4	0.207503	37858.2	0.000141203	
2320	102	744	23.9229	10	976	12	6	487	2	66	343	5	0.068217	78696.7	0.000181094	
2355	167	740	22.7137	15.8842	953	15	9	467	5	69	349	5	0.107101	39724.1	0.00019459	
2697	496	773	14.5109	15.0984	1050	11	10	490	1	76	348	5	0.41066	29394.1	0.000154847	
2519	152	769	20.345	12.4863	1006	15	6	483	8	66	345	5	0.116692	47825.6	0.000153752	
2697	407	773	18.3283	15.6545	1046	11	8	480	4	76	346	5	0.313456	29494.9	0.000163559	
2606	228	766	14.3525	10	1026	13	9	490	7	68	350	5	0.201552	43820	0.00012747	
2339	100	738	25	10	1015	11	7	485	5	64	337	5	0.06567	84014.8	0.000185151	
2315	148	728	21.9676	15.7855	933	16	4	481	9	80	347	4	0.094847	42749.2	0.000196464	
2564	188	757	15.3197	13.9007	1040	11	9	486	6	79	350	6	0.16282	38517.9	0.000152462	
2401	100	775	24.8676	14.7428	1023	12	6	472	6	78	339	4	0.071254	55578.5	0.000193986	
2300	186	740	23.0678	16	908	15	8	474	4	54	310	5	0.113679	38273.6	0.000208464	
2382	100	738	24.196	11.2478	1004	16	6	470	9	59	342	5	0.06829	69589.3	0.000185254	
2659	300	769	14.0513	11.4172	1048	11	8	478	0	77	348	6	0.259618	36906.9	0.000132031	
2665	482	767	12.2132	11.2625	1050	11	9	481	8	67	350	5	0.423081	35278.4	0.000129534	
2638	500	759	15.2802	13.2414	1032	11	9	490	4	80	341	4	0.391364	31141.4	0.000146456	
2394	100	746	21.3573	10.0018	1031	18	8	470	5	69	334	4	0.075485	71832.7	0.000173913	
2700	210	764	10.8067	10	1050	13	6	476	7	77	350	5	0.247962	45909.1	0.000122249	
2300	103	743	23.3785	11.7501	985	17	6	479	2	68	343	4	0.068987	64393.7	0.000186254	
2590	147	769	19.8884	10	1017	13	6	485	14	60	349	5	0.119013	60133.5	0.000138812	
2402	100	746	23.8476	10.0259	1031	15	8	470	5	75	342	4	0.070848	77202.8	0.000177085	
2300	100	742	25	10.208	1003	12	7	485	5	80	340	5	0.064652	80077.1	0.000188041	
2466	118	748	20.9537	15.384	900	12	9	469	3	57	310	6	0.089679	46118.2	0.000189215	
2643	151	754	15.6515	10	1046	12	6	478	12	60	343	5	0.141054	52415.5	0.000133138	
2558	131	771	24.7204	10	1050	10	9	484	16	70	340	4	0.095716	72885.2	0.000152277	
2512	167	774	12.9637	10.1827	1024	13	7	481	12	74	346	5	0.170577	47403.9	0.000130753	
2617	377	751	16.7582	13.9007	1004	14	9	487	4	74	345	4	0.283206	31650.9	0.000155039	
2619	351	775	13.5203	10	1050	11	9	479	9	71	346	4	0.301264	39123.9	0.000125251	
2670	422	771	14.4852	11.6389	1050	10	8	482	1	76	350	6	0.348056	34454.8	0.000132784	
2646	148	755	18.1634	12.4354	1041	14	7	472	9	75	336	6	0.126277	46333.3	0.000147885	
2648	393	768	15.488	14.3721	1020	10	7	488	8	80	348	6	0.313759	30783.5	0.000153586	
2700	316	732	14.6871	11.3538	1034	16	10	473	10	80	345	6	0.256583	37205.9	0.00013611	
2629	371	765	15.3914	12.9847	1035	15	7	489	4	80	348	5	0.295061	32801.6	0.00014403	
2645	500	740	16.8466	16	1033	12	7	482	10	78	334	5	0.371588	28423.9	0.00017059	
2300	103	744	23.9229	10	976	12	7	482	6	65	349	6	0.068012	78226.5	0.000181389	
2649	374	769	16.5415	15.8696	1047	14	6	479	0	72	350	6	0.292422	29740.7	0.000164989	
2617	500	745	16.5701	14.1689	1013	11	8	490	9	74	348	5	0.372131	30258.8	0.000156544	
2342	124	736	24.7112	15.888	951	13	8	477	6	71	332	5	0.078766	47273.2	0.0002035	
2519	100	768	22.8851	12.4863	1006	15	6	490	9	66	347	5	0.079082	59585.8	0.000177651	
2655	138	763	20.0501	10.3565	992	14	9	472	2	60	348	6	0.115052	58422.2	0.000142328	
2689	144	746	15.3238	12.7312	1024	14	10	489	5	80	350	5	0.140085	44424.2	0.000146349	
2300	101	732	22.0001	10	962	11	8	486	8	62	333	6	0.070054	73855.4	0.000179727	
2641	450	767	17.2238	14.7131	1047	14	6	472	4	72	350	6	0.343172	30301.4	0.000157928	
2417	100	740	23.2503	12.9508	969	16	10	484	4	64	336	6	0.071924	57919.2	0.000187864	
2574	259	766	16.8362	13.8766	997	13	7	488	8	68	346	6	0.202779	34486.5	0.000154847	
2700	370	732	14.4343	12.2644	1034	12	7	470	10	80	345	6	0.296667	34388.3	0.000141004	
2564	189	769	12.9637	10.9795	1046	11	7	481	11	70	348	4	0.187505	43621.3	0.00013132	
2303	102	742	23.9229	10.0817	1001	12	7	487	6	68	349	5	0.067418	79211.9	0.000182315	
2691	278	756	14.9303	15.6545	1046	11	8	473	5	80	348	6	0.234586	32309.3	0.000162681	
2625	378	775	13.5072	11.9036	1044	13	8	479	6	75	349	6	0.322041	34540.1	0.000134608	
2300	196	743	23.1164	16	900	16	9	471	2	48	310	6	0.119695	37330.7	0.000211416	
2689	443	765	15.3238	12.7312	1000	14	10	489	6	80	350	5	0.356379	32454.3	0.000141824	
2557	301	757	15.3197	13.9007	1041	10	9	490	6	76	350	5	0.236773	33105.6	0.000152184	
2686	422	771	13.4798	10.817	1050	10	7	482	1	76	350	6	0.361658	36145.2	0.000127324	
2304	100	742	24.1232	14.0505	987	17	6	470	9	60	342	6	0.066405	56782.9	0.0002002	
2697	278	758	14.9303	15.6545	1046	11	8	471	5	80	348	6	0.235707	32374.2	0.000162522	
2401	100	755	25	10	1004	15	9	469	16	67	341	4	0.069406	78500.1	0.000179501	
2300	100	725	24.9535	10	917	13	8	486	5	80	336	6	0.063174	76226.2	0.000190949	
2638	307	771	15.7029	15.722	1050	12	8	473	7	80	350	5	0.249906	31032.2	0.000162999	
2561	198	770	18.8071	12.6031	1029	15	5	481	3	80	350	4	0.153418	41666.3	0.000147341	
2697	407	773	14.9303	15.6545	1046	11	8	487	5	76	348	5	0.336084	29647.8	0.000159566	
2593	194	739	22.0782	15.75	998	14	8	478	6	60	332	4	0.136357	36807.6	0.000180832	
2373	102	773	22.6886	11.4476	1002	15	9	468	19	73	340	5	0.075708	63324.8	0.000176398	
2640	456	734	18.2592	16	997	12	7	487	10	78	338	5	0.327758	28752.9	0.000173883	
2300	100	746	22.7083	10.9258	972	13	8	476	13	75	345	4	0.069287	67334.3	0.000182815	
2420	114	737	21.8963	10.4873	980	10	10	490	6	74	333	6	0.082083	65569.3	0.000166251	
2535	114	733	21.8963	10.4873	985	12	10	465	8	80	325	5	0.086192	63551.4	0.00016284	
2601	301	746	13.9199	14.2509	1042	11	8	486	7	79	350	6	0.248684	32958.6	0.000153681	
2474	115	742	25	15.4315	991	12	5	471	10	63	346	5	0.079092	49766.7	0.000192382	
2640	463	734	18.5381	15.6474	1046	12	8	487	11	79	350	5	0.33143	28939.6	0.000168862	
2510	237	760	15.4767	13.9237	1033	10	8	482	14	80	348	6	0.190038	35584	0.000154416	
2339	100	729	23.1147	10.7147	997	14	9	486	5	66	333	5	0.06807	71231.5	0.000184332	
2300	100	736	23.4238	15.8237	913	12	6	483	8	73	333	5	0.066789	52225.2	0.000210128	
2358	100	737	24.0299	14.1784	988	12	7	486	5	64	333	5	0.067884	56629.4	0.000197628	
2434	100	746	23.9229	14.0069	930	11	7	473	10	65	330	5	0.071455	54832.4	0.000193349	
2665	500	747	16.5352	14.7303	1050	11	8	490	7	79	349	5	0.378989	29414	0.000157406	
2601	376	725	17.3329	15.5284	1020	13	9	485	8	73	342	5	0.2686	29856.8	0.000170648	
2514	190	774	13.6302	10.4978	1050	11	7	475	14	69	343	6	0.178395	45163.6	0.00013128	
2629	360	772	11.2458	10	1020	11	5	479	9	71	350	5	0.344449	39950.4	0.000123579	
2682	493	769	12.2132	11.5008	1050	10	9	484	10	66	346	5	0.435418	34846.7	0.000130924	
2445	116	736	20.5256	10.1463	932	11	7	470	6	78	343	5	0.087358	62805.6	0.000160798	
2375	100	738	24.208	11.2099	1004	16	6	470	9	59	337	5	0.068042	70012	0.000185736	
2586	370	767	15.7501	14.1463	1029	11	5	472	10	80	348	6	0.287972	31626	0.000154107	
2424	115	756	19.2439	10.7542	1021	12	8	478	3	74	340	6	0.092147	59274.5	0.000159261	
2574	228	765	16.8362	13.7147	1050	13	7	488	6	70	346	6	0.181979	36416.7	0.000151883	
2700	316	747	10.8067	10.0097	1050	13	4	476	8	80	350	6	0.318861	41666.2	0.000123732	
2593	448	771	13.1444	12.2388	1038	14	8	481	13	68	343	4	0.374143	33696.4	0.000138543	
2609	228	765	14.7757	10	1040	13	10	490	7	67	350	5	0.197704	44320.5	0.000127632	
2327	167	743	22.212	15.8842	1014	15	9	467	5	62	349	5	0.107254	40624.2	0.000192049	
2540	263	737	18.7187	14.7554	977	11	8	468	9	56	350	6	0.186577	33645.3	0.000170242	
2544	117	756	20.9397	10.5242	1019	12	8	468	14	65	338	4	0.093358	61911.1	0.000156128	
2512	183	771	12.9637	10.1827	1024	15	8	481	17	78	348	6	0.180278	46029.7	0.000130141	
2619	274	766	14.7757	10	1042	12	8	483	7	70	350	5	0.23016	42250	0.000126871	
2300	100	734	24.5166	15.4165	903	13	8	475	9	80	333	5	0.064499	52921.1	0.000211954	
2432	138	771	18.1711	10.0831	1045	15	7	483	7	69	344	4	0.11177	58030.3	0.000143451	
2387	114	734	21.8963	10.4873	974	15	10	488	12	72	331	5	0.080441	65423.4	0.000168606	
2449	100	775	23.8756	10.2606	1023	12	6	472	6	78	339	4	0.074796	74437.1	0.00017343	
2700	285	770	10.8067	10	1050	11	4	476	5	80	350	5	0.305173	42444.3	0.000121536	
2584	144	749	15.6708	11.1289	1047	11	6	481	8	74	342	5	0.132505	48591.5	0.000140885	
2621	448	768	13.1444	12.3434	1050	13	8	481	10	72	343	4	0.376161	33373.3	0.00013816	
2700	335	745	13.5921	11.4844	1033	11	9	485	2	73	345	4	0.28547	35946.8	0.000134048	
2621	500	730	16.3412	15.8704	1037	11	9	483	3	79	345	5	0.366533	28494.3	0.000169981	
2700	208	764	10.8067	10	1050	11	4	476	5	80	350	5	0.24653	46170.6	0.000122205	
2695	150	768	21.201	12.5996	1030	12	5	482	5	66	343	4	0.121613	48697.6	0.000149499	
2402	111	748	23.2792	10.0259	1036	16	10	480	9	66	338	5	0.078155	74716.4	0.000168011	
2518	344	770	16.499	14.9586	1049	11	7	473	10	71	348	6	0.25922	31373.4	0.000161499	
2300	109	725	25	16	909	15	8	472	6	60	348	4	0.067734	49597.1	0.000214961	
2670	153	733	14.9936	14.082	979	12	6	479	9	80	334	5	0.144576	41947.2	0.000157704	
2464	100	775	23.9806	10.6022	1050	15	7	469	12	80	339	4	0.075352	72467.6	0.000173611	
2689	143	746	15.3238	12.7312	1011	14	9	489	13	71	350	5	0.13945	44576	0.000147167	
2417	100	740	23.2503	10.3437	967	16	10	484	4	64	336	6	0.071924	71566.7	0.000178348	
2558	150	771	17.4944	10	1050	13	9	484	16	68	343	4	0.128566	54455	0.000135796	
2662	266	773	11.3892	10.2939	1050	12	9	471	8	72	346	5	0.275299	41508.1	0.000124316	
2513	209	775	14.8969	10.1827	1025	13	6	480	6	76	348	5	0.17996	45314.1	0.000130651	
2605	293	770	14.7703	12.4297	1027	13	9	469	14	77	346	4	0.243433	35235.3	0.000140687	
2552	257	774	14.4562	10.2839	1027	12	6	485	14	71	350	5	0.218507	41882.7	0.000129366	
2689	464	725	16.3412	16	1037	13	9	490	3	80	334	5	0.345419	28456.6	0.000170126	
2339	100	731	23.1147	13.4746	988	18	9	478	5	63	338	5	0.068257	57060.3	0.000194856	
2300	105	733	23.5982	15.2641	1005	16	9	472	7	65	346	4	0.068564	52862.5	0.000202634	
2629	399	748	15.3914	12.5937	1035	15	7	489	4	80	348	5	0.308645	33147	0.000143164	
2434	120	746	23.9229	14.0069	944	11	7	473	10	65	330	5	0.082481	50756.2	0.000183925	
2613	384	767	14.7447	12.4837	1021	11	8	488	5	80	348	6	0.309298	33249.6	0.000140825	
2697	407	773	15.4222	15.6545	1050	11	9	487	12	76	350	5	0.332467	29388.2	0.000159668	
2300	118	760	23.7118	14.8014	949	16	9	474	0	50	312	5	0.078051	49172.9	0.000200441	
2700	285	766	10.8067	10	1050	13	4	476	7	68	350	5	0.303588	42894.1	0.000121892	
2632	312	750	17.2949	14.6967	984	12	7	479	9	56	343	4	0.236153	32113.9	0.000163399	
2387	127	737	20.9617	11.4698	990	13	5	473	8	80	347	5	0.089998	57337.4	0.000163159	
2700	305	775	13.7157	11.8801	1043	15	10	487	7	71	338	5	0.273276	36009.4	0.000135007	
2548	131	763	15.6201	10.4028	1015	13	5	467	19	58	344	5	0.124933	53109.8	0.000142025	
2700	273	775	14.8733	10.542	1040	11	9	487	0	73	350	4	0.238352	40038.8	0.000126695	
2519	100	753	24.7404	10.888	1024	15	6	482	11	68	344	6	0.074028	72197.9	0.000176585	
2300	195	731	20.6908	15.8842	927	15	9	472	4	57	348	4	0.123271	36711.7	0.000196464	
2484	166	754	16.1475	12.8423	972	10	7	487	9	68	332	6	0.13832	42501.6	0.000153492	
2617	500	767	16.2884	13.9007	1032	13	9	490	6	80	347	4	0.385368	30414.8	0.000151217	
2339	100	757	25	10.2413	1015	12	7	476	4	64	337	5	0.067361	79896	0.000183385	
2684	500	772	16.7055	13.8423	1036	11	9	489	7	80	347	6	0.393325	30535.5	0.000149187	
2378	100	768	23.9806	13.4067	930	15	9	466	19	70	339	4	0.071483	56050.8	0.000190223	
2309	102	742	23.9229	10	1031	11	7	487	8	74	345	5	0.067636	82084.6	0.000181488	
2465	241	745	19.5018	15.9166	954	18	8	460	6	74	336	6	0.166478	33283.8	0.000184128	
2548	131	763	15.6201	10.0255	1015	13	5	467	19	58	344	5	0.124933	54704.6	0.000140509	
2640	425	734	18.2592	16	1011	13	7	487	10	80	345	5	0.305448	28979.5	0.00017322	
2619	146	752	22.1052	10.4611	1023	13	6	474	5	79	344	5	0.110528	61506.7	0.000144991	
2615	294	743	16.3241	13.9007	1046	13	9	490	7	77	350	5	0.225532	33168.9	0.000153163	
2480	100	769	22.9353	15.8977	942	13	8	480	5	71	338	5	0.077705	50514.5	0.000195084	
2594	354	758	14.7447	13.9302	1034	11	6	483	12	80	348	6	0.282108	31987.2	0.00015163	
2416	114	732	19.8643	10.753	977	16	8	482	5	54	340	5	0.086747	60276.4	0.000164718	
2373	100	758	21.7488	10.0259	1050	15	9	468	14	71	343	4	0.075345	73054.5	0.000172652	
2300	100	725	24.9535	10	973	13	8	486	5	79	336	6	0.063174	80279.2	0.000190114	
2653	256	775	15.2384	11.7196	998	15	8	487	11	62	348	4	0.21979	38220.6	0.000136556	
2538	301	770	15.3432	14.5393	999	11	8	468	4	75	340	5	0.239167	32638.5	0.000159439	
2609	228	770	14.7757	10	1040	13	9	490	7	72	350	5	0.198996	43987.6	0.000127113	
2305	100	743	22.3361	14.0505	1001	16	6	470	6	58	342	6	0.069723	55589	0.000195351	
2692	151	756	21.9553	10	1041	13	7	480	5	62	345	5	0.118313	65010.9	0.000139431	
2340	100	744	23.9229	15.1099	962	11	7	480	7	71	326	5	0.067887	54043.6	0.000202799	
2700	499	772	17.3084	13.8423	1036	11	9	489	7	80	350	6	0.390711	30703.1	0.000149231	
2689	500	775	13.1527	12.766	1039	13	10	484	5	80	346	5	0.430052	32328.2	0.000138543	
2513	100	775	22.5669	10.1827	1025	13	6	480	6	74	348	5	0.080169	71708.7	0.000168776	
2382	114	734	21.8963	10.4873	985	10	10	490	5	80	331	5	0.080242	65826	0.00016835	
2609	228	766	14.7757	10	1026	13	9	490	7	68	350	5	0.197962	44174.8	0.000127812	
2465	138	769	20.6311	10.0831	1050	15	5	478	8	67	344	5	0.105056	64944.4	0.000146135	
2300	111	730	25	15.4165	917	13	9	475	10	76	333	6	0.069227	50695.2	0.0002096	
2697	496	773	15.3627	15.0984	1050	11	10	490	1	76	345	5	0.402221	29173.1	0.000155763	
2653	256	735	15.2384	11.7196	998	15	8	490	12	62	348	4	0.208446	38374.3	0.000140371	
2401	100	755	25	10	1050	15	9	469	16	66	341	4	0.069406	81512.2	0.000178955	
2661	420	758	13.7384	13.7839	1050	11	8	479	9	75	350	5	0.347521	31602.5	0.000147427	
2689	500	775	13.1527	11.5786	1039	13	10	484	5	65	346	5	0.430052	34401.7	0.000131909	
2385	209	749	19.4457	15.9166	935	10	9	460	0	77	336	5	0.142852	35047.8	0.000186741	
2300	183	740	23.0678	16	915	15	8	472	4	54	310	5	0.112026	38465.4	0.000208073	
2689	500	772	13.1527	12.2766	1039	13	10	484	11	80	346	5	0.428387	32914.4	0.000135888	
2300	100	742	23.9473	10	1006	11	8	471	5	64	339	5	0.066271	80376.3	0.000183891	
2313	100	761	23.0754	10.4589	1050	16	8	468	14	68	344	4	0.070089	74629.3	0.000179308	
2484	166	755	16.5288	12.8423	972	10	8	487	9	68	332	6	0.13619	42620.9	0.00015387	
2700	316	767	11.1016	10.2939	1031	13	9	473	7	77	350	5	0.320333	40353.8	0.000123808	
2623	198	770	16.443	12.6031	1030	14	8	481	1	80	334	5	0.168577	39663.6	0.0001443	
2700	424	746	14.5308	12.3809	1028	12	6	487	7	65	350	5	0.341635	33451.7	0.000139978	
2629	399	748	15.3914	11.3583	1037	15	7	489	4	80	348	5	0.308645	35824.8	0.000136091	
2606	116	762	22.1098	10	1045	12	8	469	8	59	350	4	0.093126	69062.7	0.000153421	
2601	376	731	17.3329	15.5284	1020	13	9	489	9	73	346	5	0.270823	29845.6	0.000169492	
2413	221	740	17.33	14.4937	973	17	10	483	14	75	342	4	0.158573	35946.5	0.000169693	
2415	111	763	24.4936	15.1634	1029	16	10	468	19	77	338	4	0.077371	51286.4	0.000190512	
2526	194	774	14.4677	10.386	995	13	6	483	14	75	348	5	0.173907	45007.4	0.000131926	
2686	322	760	12.804	10	1044	12	6	478	13	70	346	4	0.289924	40175.8	0.000124735	
2663	111	771	23.9806	10.7984	997	15	9	473	17	77	339	4	0.089123	66134.7	0.000160488	
2697	291	725	15.9686	12.2311	1048	11	8	482	4	72	345	5	0.227187	36183.9	0.000142106	
2551	121	758	23.9806	10.0227	1050	14	7	488	6	76	350	5	0.089137	73193.7	0.000155715	
2339	100	731	23.1147	10	988	18	9	476	5	63	338	5	0.068257	75872.7	0.000181719	
2300	100	740	22.519	15.8842	927	16	6	468	7	46	346	4	0.068734	50176.3	0.000209908	
2661	199	743	17.2129	16	1033	11	7	488	8	77	334	5	0.162042	35186.9	0.000169981	
2385	263	737	18.7187	14.7554	980	11	8	468	9	56	350	6	0.175444	34303.2	0.000175346	
2428	119	759	20.8997	10.624	1009	14	7	484	14	65	348	5	0.089945	62524	0.00015873	
2617	500	767	16.7582	13.9007	1032	13	9	490	6	80	347	4	0.381619	30476.4	0.000151699	
2699	169	765	17.7212	10.6598	1004	13	9	468	5	72	342	4	0.14688	49423.5	0.000134192	
2698	440	771	10.8067	10	1050	11	6	480	9	73	349	5	0.426854	39289.6	0.00012164	
2481	138	769	20.6311	10.5611	1050	15	5	478	8	67	344	6	0.105818	61279.5	0.000147471	
2300	212	744	23.2339	16	916	14	9	477	4	46	310	5	0.128836	36499.4	0.000210571	
2300	100	742	22.7671	15.8842	927	14	9	472	7	58	348	4	0.068394	51083.9	0.000207771	
2571	206	737	15.6412	14.0724	994	13	7	482	8	80	348	6	0.167828	36949.6	0.000158378	
2700	412	771	11.4841	10	1050	11	4	479	7	62	350	5	0.387994	39674.4	0.000121788	
2494	271	736	17.0873	14.6595	1050	11	9	468	12	80	350	6	0.195302	33491.5	0.000164501	
2313	100	761	20.9626	10.4945	1050	16	8	468	14	68	344	4	0.074935	69386.8	0.000175039	
2315	100	734	25	10	1017	12	8	467	0	63	341	4	0.064477	82273.5	0.000186846	
2623	198	767	14.3445	12.6031	1030	15	8	481	3	80	344	4	0.182924	39441.3	0.000141323	
2300	100	726	23.5982	15.2641	994	16	9	472	7	65	346	4	0.065366	53887	0.000206569	
2300	100	742	24.7112	15.3458	942	13	8	477	7	71	331	5	0.065189	53783.7	0.000209424	
2315	202	728	21.9676	15.7855	933	16	4	481	9	80	347	4	0.124176	37660.5	0.000196309	
2689	488	742	14.7703	14.485	1050	13	8	473	9	71	349	4	0.384078	30145.2	0.000154943	
2658	277	747	13.5628	10.7645	1002	12	8	488	8	67	348	6	0.241363	39360.7	0.000131804	
2512	183	775	15.6861	10.1827	1020	15	8	481	16	78	348	6	0.157634	47785.6	0.000132485	
2670	153	733	15.2749	14.082	973	12	5	479	9	80	334	5	0.142197	41981.4	0.000158253	
2443	116	738	23.7332	15.4081	956	10	6	481	8	76	344	5	0.08031	48665.6	0.000191498	
2468	125	746	23.1531	10	1000	14	6	471	10	80	343	5	0.088379	70105.5	0.000158103	
2300	185	742	24.206	16	931	16	9	475	4	47	314	5	0.111174	38667.2	0.000213675	
2697	497	773	14.9303	15.0984	1046	11	9	487	1	76	348	5	0.406847	29327.7	0.000155545	
2567	261	732	18.7273	14.0998	1050	14	10	471	8	78	345	5	0.18597	34703.3	0.000161057	
2379	147	742	19.1054	13.0197	978	17	8	482	8	69	345	5	0.106787	46273.5	0.000164339	
2700	470	771	10.8067	10	1050	11	4	474	7	62	350	5	0.451771	39960.7	0.0001213	
2689	500	759	16.3412	15.6379	1026	11	9	483	3	80	345	5	0.389568	28685.3	0.0001638	
2522	256	762	12.6286	10.1914	1010	13	7	473	14	77	348	5	0.23147	41406.5	0.000129685	
2592	301	757	15.3197	13.9007	1041	10	9	490	6	76	349	5	0.23982	33084.1	0.000151355	
2616	116	757	18.9191	10.7117	962	14	9	475	4	72	327	6	0.102438	57247.1	0.000154536	
2331	102	742	23.9229	10	1032	12	7	487	8	74	345	5	0.068432	81294.4	0.000180213	
2323	100	742	24.6495	10	984	12	8	485	3	63	334	5	0.066008	80559.1	0.000185048	
2548	116	745	20.9311	10	1050	12	8	468	16	65	335	4	0.091586	67077	0.000155788	
2300	100	752	24.8988	11.4069	972	11	7	478	11	78	339	5	0.06553	68694.2	0.000190767	
2617	133	731	15.6264	11.0896	1042	12	10	488	3	61	340	4	0.124404	49862.6	0.000145688	
2689	485	768	14.4626	11.8573	1040	14	10	477	5	72	350	5	0.398965	33796.3	0.000134463	
2699	169	765	16.9745	10.6598	1004	13	9	468	3	72	342	4	0.150655	48445.1	0.000133333	
2700	153	733	14.9936	14.082	979	12	7	479	6	80	334	5	0.146276	41728.9	0.000157134	
2632	319	747	17.7009	14.6967	984	12	9	479	9	56	336	4	0.238026	32008.6	0.000164853	
2640	390	734	20.412	16	997	13	7	487	10	71	338	5	0.27183	29757.9	0.000176803	
2596	129	737	17.1928	13.682	977	14	7	490	4	71	350	4	0.113984	45407.2	0.000161316	
2700	464	775	12.5784	10.2548	1050	10	6	480	9	66	350	4	0.411468	37527.8	0.000123213	
2700	250	770	16.2926	10.542	1049	11	8	487	0	72	350	4	0.210602	42377	0.000128304	
2649	349	769	16.5415	15.8696	1043	14	6	478	0	72	350	6	0.274191	30103.4	0.000165235	
2341	100	742	25	10.208	979	12	7	485	5	80	340	5	0.066096	77721.8	0.000185357	
2584	500	767	16.7582	13.9007	1032	13	9	490	4	80	347	4	0.37749	30564.7	0.000152579	
2654	207	763	15.5061	11.4172	1047	11	6	478	0	72	350	6	0.181338	41812.3	0.000133887	
2393	100	748	21.549	10.5095	1001	13	7	465	12	56	330	5	0.075652	68515.7	0.000175285	
2700	432	750	14.52	12.1388	1015	15	10	490	5	72	348	5	0.349513	33621.9	0.000138735	
2300	100	734	24.9535	15.4165	917	12	8	475	10	77	333	6	0.063958	53418.3	0.000212811	
2355	102	753	23.9806	10.0259	922	15	7	474	2	75	339	4	0.070326	72712	0.000178987	
2590	147	769	18.7475	10	1044	13	7	485	9	60	350	5	0.122641	57975.2	0.000136705	
2425	304	771	18.4402	16	1001	13	9	476	5	78	348	4	0.213731	31522.1	0.000176897	
2678	176	766	13.7802	11.1732	1013	15	10	484	20	56	350	5	0.177412	44357.9	0.000133049	
2339	100	754	25	10	1040	12	7	485	5	77	333	5	0.067094	83841.6	0.000182882	
2555	198	749	17.1666	10.4027	1032	12	5	477	14	78	348	5	0.156078	48393	0.000135465	
2548	131	758	20.2159	10.4028	1015	13	6	467	19	58	343	5	0.104434	60524.4	0.00014817	
2485	137	730	19.8799	10	998	17	9	481	6	69	330	4	0.10229	60921.3	0.000150875	
2555	194	774	16.9223	10.1827	1032	12	5	477	14	73	348	5	0.159935	49281.1	0.000131857	
2672	272	735	14.6871	11.3538	1050	12	9	468	9	80	350	6	0.225068	38284.8	0.000135026	
2690	497	767	14.5285	13.9007	1046	13	9	490	8	77	347	6	0.407376	30454.3	0.000147645	
2615	355	775	15.5061	11.4814	1047	11	7	479	0	72	346	5	0.285055	36237	0.000134372	
2700	200	764	10.8067	10.1382	1050	13	4	476	7	77	350	5	0.24082	46629.6	0.000122956	
2632	409	775	15.0299	14.666	1021	16	8	490	17	70	349	4	0.330515	30508.4	0.000155183	
2300	100	735	21.8909	15.3982	920	14	9	479	8	46	344	5	0.069825	50484.6	0.000206186	
2373	102	773	23.2582	11.4476	991	15	8	468	17	73	342	5	0.074575	63932.9	0.000177525	
2315	100	742	25	10	983	12	8	467	2	63	341	4	0.06518	79634.4	0.000186324	
2603	393	768	15.1981	14.3721	1019	14	6	488	2	80	347	6	0.31106	30997.8	0.000154631	
2700	470	771	10.8067	10	1050	11	4	479	7	62	350	5	0.451771	39826.7	0.000121374	
2421	114	744	24.8497	10.1886	973	16	8	481	5	60	348	5	0.076741	73388.9	0.000171703	
2303	102	743	23.9229	10	1033	12	8	487	9	74	347	5	0.067509	81739.6	0.000181686	
2689	144	746	16.1566	12.7312	1024	14	10	488	5	66	350	5	0.134681	44643.7	0.000147471	
2681	489	725	15.3397	16	1037	14	9	483	3	80	334	5	0.370825	28603.3	0.000169808	
2608	443	765	16.2857	12.7312	1006	14	9	488	6	78	350	5	0.339768	32650.8	0.00014476	
2664	235	773	11.8184	10.5629	1050	13	9	471	6	72	346	5	0.244989	41970.5	0.000125945	
2544	116	749	21.1328	10	1037	12	7	468	16	65	340	5	0.091334	67562.8	0.000155739	
2333	122	757	24.1279	15.4547	915	16	9	474	2	52	334	6	0.080682	46716.5	0.000202102	
2300	100	742	24.7112	15.8977	942	13	8	477	7	71	336	5	0.065189	52817.3	0.000212179	
2657	192	775	17.1842	11.7783	1050	14	9	483	1	69	346	5	0.164085	42675.5	0.000137306	
2522	356	762	16.499	14.9586	1050	11	7	486	2	75	347	6	0.26522	31202.8	0.000161681	
2677	355	769	16.7818	13.77	1047	13	8	479	3	80	346	5	0.279853	32131.4	0.000149231	
2619	308	773	12.9637	10	1050	13	8	466	7	70	350	4	0.275895	40472.6	0.000124162	
2676	453	725	16.6331	15.6379	1049	11	7	483	7	80	345	5	0.334552	28902.7	0.000167112	
2300	100	734	24.5166	15.4165	917	13	8	475	10	80	333	6	0.064499	53239.7	0.000211595	
2619	344	773	12.9637	10	1050	13	7	466	7	70	350	4	0.302249	39881.5	0.000124146	
2661	408	749	19.1253	16	1033	10	5	483	8	77	334	5	0.297268	29447.1	0.000171585	
2481	100	738	25	10.9603	972	13	7	489	3	67	342	6	0.070646	70802.1	0.000181324	
2443	121	745	23.7332	15.4081	956	10	6	481	8	76	344	5	0.083852	47646.4	0.000189394	
2674	256	735	15.6264	11.9526	1013	14	8	490	7	62	347	4	0.206866	37938.8	0.000141383	
2327	221	737	18.1271	15.8842	927	14	9	469	4	63	349	5	0.148953	34771.1	0.000188288	
2402	111	748	24.838	10.0746	1027	16	8	482	15	71	349	5	0.074788	77433.8	0.000172206	
2632	147	736	22.7966	15.8842	907	14	9	475	7	46	349	6	0.107563	41102.6	0.000190621	
2651	420	758	13.7384	13.3207	1050	12	7	484	9	75	350	5	0.346371	32031.9	0.000144259	
2454	119	746	23.1531	10	1000	14	7	471	9	80	343	5	0.084432	70483.8	0.000161238	
2300	100	734	25	14.5629	979	13	8	486	7	78	323	4	0.063955	56849.1	0.000206868	
2697	434	773	14.9303	15.6545	1046	11	8	487	5	80	348	5	0.356969	29331.2	0.000159541	
2700	460	775	13.7157	13.3016	1043	14	9	486	5	71	338	5	0.392318	31839.1	0.000143287	
2632	409	775	16.6418	14.666	1021	16	8	490	17	70	347	4	0.318289	30349.3	0.000156937	
2330	100	743	25	14.0505	987	14	6	470	9	61	342	6	0.065797	57657.6	0.000200763	
2689	500	768	13.0039	10.1589	1039	12	10	489	5	80	350	5	0.428471	36756	0.000124502	
2425	103	767	23.0168	10.0259	1050	15	9	472	9	80	343	4	0.077109	74068.5	0.000169176	
2300	100	725	22.7671	15.8842	927	16	9	472	7	56	348	4	0.066827	50725.7	0.000210837	
2618	455	744	17.2949	16	984	14	9	485	9	67	340	4	0.33401	28695.3	0.00017325	
2665	151	758	17.3279	10.1713	1046	12	7	478	12	60	344	5	0.133946	53766.2	0.000134409	
2643	208	758	16.7907	10	1050	12	8	481	17	70	348	5	0.171914	48234.5	0.00012955	
2417	100	740	24.7494	10	971	12	10	484	8	64	335	6	0.069145	78291.9	0.00018031	
2428	105	738	20.8997	10.624	1004	14	8	484	13	55	341	5	0.079762	65259.8	0.000171057	
2375	140	736	19.7211	10.8993	993	12	8	483	6	71	341	6	0.100249	56129	0.00015586	
2643	208	758	16.7907	10	1046	12	6	481	17	70	350	5	0.171914	48759.5	0.000129299	
2625	378	764	13.2173	11.9036	1047	13	6	477	6	75	349	6	0.320958	34840.3	0.000135281	
2652	149	765	15.453	10.0949	973	10	8	473	5	74	348	5	0.143548	50733.3	0.000133049	
2300	100	735	20.803	15.3982	908	13	9	477	13	46	347	5	0.072398	49906.4	0.000204123	
2697	267	730	15.9686	12.1495	1035	11	8	483	4	77	345	5	0.212621	37039.7	0.000141463	
2697	267	725	15.9686	12.2311	1033	11	8	483	4	77	345	5	0.211164	36882.2	0.000142531	
2559	194	775	16.9223	10.1827	1032	12	5	477	14	76	348	5	0.160399	49109	0.000131648	
2373	114	744	22.4378	10	1048	16	8	472	6	60	340	5	0.079884	74519.4	0.00016592	
2656	466	772	14.598	12.8144	1037	11	8	482	17	67	341	4	0.380321	32238.9	0.000141743	
2652	166	754	16.1475	12.8423	972	10	7	487	9	76	328	6	0.148113	42150	0.000149009	
2447	100	725	20.1367	15.8842	1050	16	9	472	7	51	348	4	0.078511	49990.8	0.00019685	
2574	252	771	16.8362	13.2812	1010	13	7	488	7	70	350	6	0.199395	35692.2	0.000149522	
2665	401	771	13.5161	11.2317	1050	10	8	466	2	80	350	6	0.342258	35714.5	0.000130056	
2700	402	771	12.2223	10.0228	1028	12	4	473	18	66	350	5	0.366059	39535.7	0.000123001	
2638	226	758	14.8186	12.798	1022	11	7	481	12	78	347	6	0.196716	37344.8	0.000143534	
2700	124	743	18.404	13.0237	1032	12	6	480	6	76	336	5	0.111499	48493.7	0.000157456	
2300	127	738	20.9617	11.4698	990	13	7	487	8	80	346	5	0.086365	58220	0.000167701	
2315	100	742	25	10	978	12	9	467	5	63	339	4	0.06518	79023.2	0.000186463	
2556	140	751	20.1201	11.6614	1015	12	9	471	2	72	340	4	0.109186	51191.1	0.000150943	
2700	389	768	14.3575	12.1228	997	13	8	481	8	75	350	4	0.326327	34245.3	0.000137005	
2373	100	768	21.4543	11.0261	1050	15	9	468	13	80	340	4	0.076892	65190.2	0.000174429	
2646	303	768	13.7313	10.8866	1049	11	8	471	4	75	344	6	0.263612	38162.3	0.000129971	
2700	351	764	15.2603	15.339	1012	11	7	489	11	79	347	6	0.288522	30598.3	0.000160102	
2700	376	768	12.3318	11.8573	997	13	8	490	5	74	350	4	0.342289	35292.7	0.000133387	
2700	285	764	10.8067	10	1050	11	4	476	5	80	350	5	0.302796	42461.5	0.000122041	
2660	307	771	14.1168	10	1050	12	9	471	7	74	346	5	0.264754	40725.6	0.000125188	
2325	103	758	23.0168	10.0259	1050	15	9	472	14	80	343	4	0.072407	76399.4	0.000174581	
2590	147	769	19.8884	10.8959	1014	13	7	485	11	65	346	5	0.119013	54008.7	0.000142674	
2494	280	750	15.3207	12.7999	969	12	8	476	2	70	347	5	0.215332	35281.5	0.000150308	
2665	422	771	15.2911	11.2317	1032	10	8	482	0	80	350	4	0.340211	35477.4	0.000131804	
2638	285	732	14.8074	11.3538	1034	13	9	472	10	78	339	6	0.228829	37817.3	0.000138274	
2672	186	764	17.4564	11.3383	962	12	8	478	16	63	338	5	0.15749	44941.7	0.000139665	
2700	344	770	12.6364	10.542	1049	11	8	487	0	72	350	4	0.313738	37800.8	0.000125109	
2300	100	734	25	11.6958	979	13	8	480	7	78	323	4	0.063955	67188.9	0.00019497	
2677	355	769	15.6855	13.3974	1047	11	6	467	3	75	346	5	0.287576	32928.4	0.000146092	
2340	100	744	23.9229	15.071	962	11	7	480	7	71	333	5	0.067887	54117.7	0.000202306	
2349	114	740	20.3988	14.6189	900	15	7	481	1	50	346	4	0.083302	47572.7	0.000189573	
2379	242	725	18.7409	16	1045	16	10	472	6	79	340	4	0.159214	34164.4	0.00018352	
2666	407	773	14.9303	15.5686	1046	11	7	487	8	76	348	5	0.332639	29759.3	0.000159591	
2348	100	725	24.9535	10	975	13	8	468	5	79	336	6	0.064826	78842.3	0.000186811	
2443	114	734	21.8963	10.4873	985	10	9	490	8	74	331	6	0.082661	65710.8	0.000165728	
2342	100	743	24.7112	15.888	951	13	8	478	10	66	332	5	0.066767	52552.6	0.000209074	
2661	100	748	18.1121	12.9722	1041	14	9	468	3	74	341	4	0.097012	52638.5	0.000172801	
2610	355	769	15.6855	13.3974	1047	11	7	472	3	75	346	6	0.280977	32756.1	0.000147341	
2300	185	742	24.206	16	931	16	9	475	4	51	319	5	0.111174	38785	0.000211193	
2343	100	771	25	13.4178	952	14	9	466	19	77	339	4	0.068753	57605.5	0.000193761	
2638	301	762	14.1168	10	1050	12	8	478	7	74	346	5	0.255392	40842.5	0.000126534	
2564	189	761	12.9637	10.1311	1046	11	7	481	11	70	348	4	0.185555	45677.7	0.000128025	
2417	108	743	23.4444	10.6649	986	16	10	478	4	65	343	5	0.076019	67958.8	0.00017298	
2677	355	775	14.6715	12.306	1042	11	5	471	1	72	344	5	0.298296	34665.3	0.000137438	
2544	116	750	21.1328	10	1019	12	7	468	16	65	338	5	0.091456	66802.7	0.000155958	
2700	200	764	10.8067	10.1382	1050	13	4	471	7	77	350	5	0.24082	46767.2	0.000122895	
2547	131	733	21.0706	10.4028	1019	13	6	470	4	58	343	5	0.098671	63058.3	0.000151976	
2625	378	775	14.5009	11.0233	1050	13	9	479	6	75	350	6	0.311443	36340.4	0.000130429	
2300	100	741	24.9535	14.5422	1050	13	8	479	5	77	350	6	0.064568	58501.8	0.000203128	
2429	100	755	25	10.0089	1050	15	9	471	13	63	341	4	0.07041	81203.5	0.000177715	
2611	184	769	18.5075	11.3852	1050	10	9	483	3	78	346	6	0.148504	45941.8	0.000138332	
2692	141	748	20.2641	10.2739	989	13	5	478	6	60	349	5	0.115779	60751.6	0.000141784	
2698	163	749	14.7703	12.845	1046	13	9	474	12	62	350	4	0.157014	42310.8	0.000143637	
2630	381	729	16.8466	14.9684	1033	11	7	481	8	78	349	5	0.278947	30341.9	0.000163613	
2381	137	736	16.4256	13.9313	1050	16	7	475	6	55	340	5	0.111114	45208.3	0.00016742	
2562	186	732	20.9379	14.2589	1050	15	10	480	8	78	345	4	0.131561	39753.3	0.000165508	
2300	101	739	25	10.7028	959	11	8	487	8	62	342	6	0.064906	73958.2	0.000189861	
2394	100	746	24.8602	10.0018	1027	14	8	469	5	75	338	4	0.06834	79775.2	0.000180603	
2450	103	761	22.1208	11.6293	993	11	9	474	10	77	336	5	0.079173	60397.2	0.000174095	
2556	247	760	17.3926	14.5691	1010	14	9	474	15	60	348	6	0.188777	34265.9	0.000162417	
2689	500	731	17.5593	15.6379	1037	11	9	483	3	77	345	5	0.367959	28668.7	0.000167729	
2640	459	734	18.5381	15.6474	1046	12	8	487	10	79	350	6	0.328523	28977.2	0.000169005	
2623	198	770	17.4041	12.6031	976	14	8	481	0	80	334	5	0.163556	40137.8	0.000146994	
2695	482	767	12.2132	11.2625	1050	12	9	476	8	64	350	5	0.427124	35575.7	0.000129116	
2605	407	773	18.3283	15.6545	1046	11	8	480	4	76	346	4	0.303809	29487.5	0.0001657	
2680	476	745	14.7703	13.0349	1046	11	9	470	13	71	345	4	0.375318	31955.3	0.000144907	
2300	100	742	20.803	15.3982	908	13	9	479	8	46	347	5	0.073087	49936.3	0.000203087	
2617	377	767	16.7582	13.9007	1016	14	9	487	4	74	346	4	0.28924	31544.4	0.000152765	
2457	100	740	22.7966	15.8842	927	11	9	472	7	57	349	5	0.073939	50105.7	0.000200642	
2494	359	771	18.9587	16	1014	11	8	479	18	75	350	4	0.254986	30223.5	0.000174064	
2355	100	770	23.9806	10.2086	1049	15	8	463	2	75	339	4	0.070814	76994.7	0.000177431	
2697	497	769	14.9303	14.2227	1046	11	9	483	6	80	348	6	0.404742	30108.9	0.000149993	
2437	304	770	18.115	16	1001	13	8	476	7	78	348	4	0.216383	31421.1	0.000176118	
2363	100	736	25	13.4862	996	10	8	487	3	65	350	5	0.066331	59830.2	0.000195925	
2333	130	759	23.1164	12.886	915	16	8	475	2	50	331	6	0.086968	51187.8	0.000182715	
2481	125	746	23.1531	10	959	14	6	471	10	80	341	5	0.088918	68852.9	0.000158303	
2674	355	767	14.6715	11.0487	1050	10	6	479	0	73	348	6	0.294915	37086.3	0.000130361	
2560	125	760	15.4767	13.32	1029	14	8	482	17	79	350	5	0.122563	46531.7	0.000156789	
2330	100	740	24.7112	15.639	1031	13	8	477	8	78	338	4	0.066074	54555	0.000206228	
2300	118	757	23.7118	15.384	949	16	9	473	2	50	312	6	0.077743	48114.4	0.000204625	
2330	127	762	18.7135	10	978	12	5	477	8	77	347	4	0.097581	61095	0.0001523	
2660	332	768	14.6715	10.8866	1050	10	7	471	0	72	350	6	0.277059	38041.2	0.000129483	
2646	294	769	14.6041	12.0801	1050	10	8	485	12	70	344	6	0.249478	35882.5	0.000137061	
2593	291	769	18.0554	14.5691	1030	14	8	475	15	61	346	5	0.22026	32879.3	0.000160256	
2323	100	742	24.6037	10	995	12	8	485	3	73	337	5	0.066011	80022.8	0.000184809	
2674	256	735	16.0765	11.9526	1013	14	8	490	7	60	347	4	0.204364	38195.8	0.000142146	
2391	221	737	18.1271	13.2096	927	14	7	469	5	63	349	5	0.153081	37957.1	0.000164799	
2428	119	756	20.8997	10.624	1009	14	7	480	10	55	341	5	0.08959	62872	0.000159872	
2653	256	747	15.2384	11.7196	1023	15	8	487	11	75	343	4	0.211849	38050.3	0.000138639	
2393	100	741	21.4787	10.0692	987	13	6	475	10	73	343	6	0.074943	70925.5	0.000174581	
2373	102	773	23.9079	11.4476	1002	15	9	468	19	73	348	5	0.072876	65311.7	0.000179244	
2667	287	774	14.6984	11.497	1039	13	10	484	7	65	348	5	0.246571	37383.8	0.000133032	
2300	100	734	24.9535	14.5629	988	13	8	467	9	80	333	5	0.063958	56339.3	0.000206398	
2645	193	775	13.5143	10.0124	1050	13	9	469	6	74	346	5	0.191278	45669.3	0.000124984	
2619	126	752	17.199	10.4611	1025	13	6	479	15	60	341	5	0.115594	55166.2	0.000145243	
2665	319	770	14.0791	15.8123	1046	11	8	490	7	80	347	5	0.274281	31349.2	0.000160901	
2692	146	756	21.9553	10	1041	13	7	478	5	62	344	5	0.115173	65616.9	0.000140371	
2670	422	771	13.4798	11.0453	1050	10	7	477	1	69	350	6	0.359765	35931.8	0.000128783	
2375	140	731	19.7211	10.8993	993	12	9	483	6	71	341	6	0.099568	56059.7	0.000156421	
2300	100	747	25	10.9999	948	12	6	487	5	73	337	5	0.065087	71070.8	0.000190694	
2606	194	774	15.3259	10.1674	1024	13	7	483	14	72	348	4	0.173225	46181.1	0.000128849	
2395	100	731	23.1147	13.4746	988	18	9	480	5	64	331	5	0.070265	56590.4	0.00019253	
2304	100	742	24.1232	14.0505	987	16	6	470	9	60	342	6	0.066405	56922.9	0.00020008	
2643	157	772	15.6515	10	1046	12	7	473	12	60	344	5	0.148325	51401.4	0.000130293	
2700	316	767	11.1016	10.2939	1047	13	9	468	7	70	350	5	0.320333	40587.8	0.000123381	
2678	194	774	14.4677	10.1827	1018	13	6	483	14	73	347	5	0.184449	45879.6	0.000126759	
2640	397	734	18.5381	16	982	12	8	487	10	78	338	5	0.284247	29280.3	0.000174978	
2574	228	773	12.8381	10.0346	1035	13	7	484	6	80	350	6	0.216808	42966.2	0.000126279	
2656	466	772	14.598	12.8144	1050	11	7	482	17	67	341	4	0.380321	32282.8	0.000141303	
2355	100	748	25	10.0259	922	15	6	473	4	75	345	4	0.067128	75773.6	0.00018379	
2429	110	745	23.9434	10.0139	1018	13	7	472	5	62	334	5	0.076655	76787.7	0.000169866	
2700	204	741	16.5812	11.4727	1033	14	10	487	4	73	345	4	0.170362	42110.6	0.000137476	
2667	485	775	14.6984	11.8573	1039	11	10	486	7	65	348	5	0.396707	33750.7	0.000134644	
2677	333	740	14.6041	12.0801	1039	10	8	485	12	70	345	6	0.269907	34993.6	0.000139256	
2300	106	739	22.7671	14.4522	927	15	7	472	14	66	348	5	0.071232	52325.2	0.000196928	
2300	100	743	24.7112	15.8977	983	13	8	477	9	71	333	5	0.065277	53682.5	0.000211104	
2569	280	767	15.3207	12.607	969	12	8	476	2	70	347	5	0.226511	35474.8	0.00014537	
2512	194	774	12.9637	10.1827	1024	13	7	481	14	73	348	5	0.188191	45196.9	0.000129216	
2300	100	734	24.9535	15.4165	917	13	8	475	10	80	333	6	0.063958	53415.8	0.000212857	
2305	100	743	24.3047	14.0505	987	16	6	470	9	58	342	6	0.066	57140.4	0.000200844	
2700	427	746	13.1983	12.71	1040	13	6	487	7	65	350	5	0.358142	33178.4	0.000140746	
2665	340	767	12.8457	11.2625	1045	11	10	481	8	64	350	5	0.303089	36634.7	0.000130208	
2622	500	741	17.5345	16	1033	10	8	483	8	80	337	5	0.364967	28434.7	0.000171556	
2665	422	771	14.0036	11.2317	1050	10	8	482	0	80	350	6	0.352582	35112	0.000130327	
2416	116	773	19.2439	10.7542	1021	12	9	479	2	75	350	6	0.094441	58733.6	0.000156568	
2300	100	743	22.7083	11.4069	988	13	7	474	14	66	339	5	0.069009	66001.7	0.000185151	
2400	118	743	17.5286	10.2003	953	15	6	468	8	80	344	4	0.09762	57533	0.000155594	
2617	486	767	14.9889	13.2498	1046	13	9	490	6	77	347	5	0.384871	31311	0.000145096	
2612	222	768	12.9353	11.1873	1033	12	8	483	4	63	348	5	0.213089	40948.4	0.000131718	
2560	213	760	17.6333	14.8236	1022	11	7	481	5	47	345	5	0.165805	35898	0.000165837	
2418	122	741	23.1164	15.8665	932	16	9	468	3	64	332	6	0.084075	45640.6	0.000195695	
2598	147	769	19.5353	10.8959	1014	13	7	485	11	59	343	4	0.120635	53489.4	0.000142633	
2700	112	743	21.4966	13.0237	1045	12	6	480	6	76	333	6	0.093989	53642.6	0.000166472	
2432	138	772	20.4498	10.0831	1050	15	5	478	7	67	344	4	0.104469	64604.6	0.000146692	
2544	116	745	21.1328	10.2529	1019	12	8	468	16	65	338	4	0.090847	64463.2	0.000157307	
2643	151	758	16.7907	10	1046	12	6	476	17	78	343	5	0.135169	53262.8	0.000133636	
2594	310	758	14.7447	13.1989	1034	11	8	483	8	80	348	6	0.251125	33602.2	0.000146477	
2674	256	725	15.6264	11.9526	1013	14	8	489	6	62	347	4	0.204051	37989.7	0.000142369	
2300	106	725	22.7671	14.4522	927	16	5	472	14	56	348	5	0.069883	52187.3	0.00019996	
2619	215	773	12.9637	10	1047	15	8	466	5	70	350	4	0.210242	44390.3	0.000124517	
2637	357	770	14.8733	10.542	1048	11	9	487	0	72	350	4	0.291698	38011.2	0.00012832	
2656	313	762	17.2949	14.6967	980	15	7	478	9	62	340	4	0.242698	32062.8	0.000161734	
2355	100	748	23.9806	10.0259	922	15	6	473	2	75	345	4	0.068791	73991.6	0.000180995	
2581	303	772	19.4251	16	1014	11	8	478	15	75	350	4	0.222371	30928.6	0.00017191	
2426	100	775	23.8756	10.2606	1023	12	6	470	6	62	339	4	0.073936	75562.5	0.000174368	
2551	100	758	23.9806	10	1050	15	8	479	6	76	350	5	0.076882	76561.4	0.000170823	
2700	296	732	14.6871	11.3538	1041	14	10	473	10	80	345	6	0.242768	37575.2	0.000135759	
2393	100	739	23.2993	10.8171	998	13	7	465	7	72	330	5	0.070955	69225.6	0.000180408	
2494	115	774	24.742	10.012	1020	13	6	478	3	63	340	6	0.083903	76624.7	0.000162075	
2621	184	748	17.1842	12.9722	980	14	8	485	3	73	341	5	0.151095	40304.2	0.000150739	
2416	116	756	19.2439	10.7542	1021	12	9	478	3	77	340	6	0.092364	58955.6	0.000158932	
2617	460	767	14.4577	13.9007	1028	12	7	490	6	77	348	6	0.369897	30866.3	0.000149768	
2474	100	742	23.5006	15.4315	991	12	5	469	10	63	346	5	0.07363	52044.8	0.000196232	
2650	175	772	15.6515	10	1046	12	7	473	12	50	344	5	0.160563	50295	0.000129032	
2462	133	735	22.6051	15.7372	959	14	7	482	8	73	333	5	0.09242	44136.1	0.000188395	
2643	151	758	14.8454	10	1046	12	7	478	7	80	344	5	0.147856	50201.6	0.000131683	
2567	186	732	20.9379	14.2589	1050	15	10	480	8	78	345	4	0.131831	39747.1	0.000165317	
2593	137	736	18.7801	13.4038	1050	16	6	481	10	55	340	6	0.111568	46469.4	0.000160849	
2595	291	769	17.3926	14.9412	1010	15	8	474	17	61	348	5	0.223728	32225.8	0.000163052	
2688	450	771	13.959	11.1192	1050	10	7	482	1	76	350	6	0.377893	35318.4	0.000129182	
2432	102	736	21.1092	15.1603	958	16	6	464	8	75	349	6	0.078069	50268.3	0.000193013	
2425	310	771	18.4402	15.6908	1001	12	9	479	5	78	350	4	0.217679	31674.6	0.000174186	
2544	116	749	19.6292	10.5601	1042	12	7	468	12	66	340	5	0.095928	60493	0.000155376	
2658	467	772	13.1637	11.5161	1031	10	9	476	10	58	348	5	0.397771	34873.7	0.000132345	
2443	114	734	21.96	10.4873	950	10	9	490	8	76	325	6	0.082661	64564.6	0.000166667	
2596	129	731	21.008	13.682	977	14	7	490	5	68	350	4	0.099365	47444.6	0.000166722	
2617	409	767	14.5436	13.9007	1046	13	8	490	6	76	347	5	0.329691	31247.8	0.000149165	
2700	380	775	12.0464	10.542	1048	11	9	487	3	80	350	4	0.353638	37120.7	0.000124425	
2560	237	760	15.4767	13.9237	1033	10	8	482	17	80	348	6	0.193751	35323.8	0.000153069	
2557	123	767	20.0583	10.2695	1050	12	5	490	6	66	325	4	0.101849	63137.1	0.000149925	
2700	210	764	15.6959	10	1050	13	4	476	8	80	350	6	0.185484	48035.2	0.000126103	
2300	100	735	24.6074	15.3982	920	14	9	479	6	46	344	5	0.064581	52010.5	0.000213904	
2689	143	738	15.3238	13.1776	1043	14	9	489	13	71	350	6	0.137954	44128.4	0.000149633	
2625	378	775	13.2173	11.9036	1047	13	8	479	6	75	349	6	0.32558	34623.8	0.0001343	
2680	132	768	22.9008	10.2086	1049	15	8	467	2	79	339	4	0.10505	66422	0.000145455	
2519	146	770	19.0172	16	1026	11	6	480	1	66	331	4	0.117957	41000.5	0.000174703	
2700	204	754	16.048	11.4844	1033	12	10	487	2	73	346	4	0.17651	41578.7	0.000135428	
2665	422	762	13.4798	11.2317	1050	10	8	482	1	78	350	5	0.354981	35107.5	0.000130582	
2665	422	762	13.4798	11.0294	1050	12	8	482	1	78	350	5	0.354981	35574.1	0.000129634	
2700	380	770	13.0859	10.542	1029	11	9	487	0	71	350	4	0.335454	37179.1	0.000125913	
2594	354	758	14.7447	13.0599	1027	11	6	483	12	80	348	6	0.282108	33048.4	0.000145815	
2665	422	771	13.4798	11.2317	1050	10	8	482	1	80	350	5	0.359174	35047	0.00012982	
2303	130	757	23.1164	15.4142	915	16	9	468	1	50	323	6	0.085446	44992.7	0.000201857	
2640	456	734	19.1438	16	997	13	7	487	10	75	338	5	0.32352	28906.8	0.000175039	
2617	481	766	14.811	13.9594	1046	13	9	490	6	77	347	5	0.381955	30532.8	0.00014988	
2310	100	737	24.0969	13.4746	998	12	9	477	5	63	338	5	0.066172	59141.6	0.000197083	
2567	147	732	18.7273	14.0998	1050	14	10	467	15	78	345	5	0.116202	42946.8	0.000162127	
2619	363	775	13.5203	10	1040	11	9	479	10	71	343	4	0.310173	38907.2	0.000126008	
2563	277	771	18.7273	14.1552	1050	13	7	468	7	78	344	4	0.2063	34146.2	0.000157356	
2617	490	765	14.9889	13.9007	1046	13	9	490	6	77	347	5	0.386973	30515.3	0.000149745	
2576	233	749	15.4976	12.1176	1047	11	6	477	11	66	339	5	0.189523	38972.7	0.000142653	
2341	130	758	23.1164	15.4142	915	12	9	473	2	50	331	6	0.087198	45085.4	0.000196812	
2581	348	772	18.9587	16	1016	11	8	479	17	72	346	4	0.255728	30040.2	0.000171321	
2465	136	745	17.8779	14.5387	946	18	8	462	5	67	334	4	0.109564	43329	0.000172384	
2584	146	757	22.1052	10.4611	1023	13	4	474	5	75	344	5	0.109617	63288.6	0.000145773	
2563	291	769	18.88	14.5691	1010	10	8	474	16	62	348	5	0.214547	33090.2	0.000162232	
2584	366	761	14.7447	13.1543	1021	11	9	488	8	80	350	6	0.290823	32565.6	0.000146349	
2331	102	742	23.525	10	992	12	7	480	8	74	342	5	0.069502	76813.2	0.000179115	
2513	194	774	14.4677	10.1827	1030	13	7	485	10	76	348	5	0.173006	45897.7	0.000130565	
2665	500	766	16.5352	13.6276	1032	11	9	489	7	74	349	5	0.388628	30860.6	0.0001485	
2339	100	735	25	10	1015	12	7	490	7	70	333	5	0.065403	83749.5	0.000185839	
2300	100	725	22.7671	15.8842	927	14	9	472	7	56	348	4	0.066827	50936.2	0.000210438	
2439	113	744	22.7301	10.3757	977	18	5	483	9	76	344	4	0.081396	69011.5	0.000165865	
2562	234	764	15.3197	11.2426	1041	10	9	482	7	80	347	6	0.194194	40194.4	0.00013563	
2700	415	746	14.5308	12.3809	1028	12	6	487	7	65	350	5	0.334894	33530.2	0.000139978	
2373	100	761	23.9806	10	1050	15	8	464	18	68	339	4	0.070648	79428.7	0.000177211	
2700	500	772	14.6276	14.0312	1036	11	9	489	9	80	349	6	0.412195	30286.3	0.000148104	
2700	350	743	16.8466	16	1033	10	7	476	8	77	334	5	0.268995	29930.8	0.000169262	
2385	209	745	19.4457	15.9166	935	10	9	460	0	77	336	5	0.14209	35037.5	0.000187266	
2668	316	771	14.1168	10.2939	1050	12	9	473	7	68	346	5	0.272032	39764.1	0.000126438	
2590	122	769	19.8385	10	1017	13	6	483	14	60	342	5	0.10359	62951.5	0.000147601	
2622	126	771	15.5486	10	1050	13	9	484	18	68	339	4	0.127635	53644.2	0.000140331	
2609	228	768	14.7757	11.5308	1026	13	9	490	7	68	350	4	0.198479	39588.7	0.000135117	
2524	308	773	12.9637	10	1050	13	8	466	12	70	350	4	0.266644	40553.8	0.000126406	
2384	140	731	19.9551	10.3971	981	11	8	486	5	65	345	4	0.098905	59142.7	0.00015387	
2602	139	760	15.905	10	1047	13	7	486	8	76	348	4	0.130517	52750.1	0.000136184	
2700	417	733	14.9403	12.0584	1045	11	8	480	9	72	342	6	0.326322	34076.5	0.00013986	
2300	100	726	22.7671	15.2641	994	16	9	472	7	65	348	4	0.066919	53303.3	0.000204415	
2640	227	774	12.8763	10	1048	11	8	477	11	71	344	4	0.221818	43106.6	0.000124813	
2443	114	762	21.8963	10.4873	985	10	9	490	8	74	331	5	0.085815	64811	0.00016247	
2548	131	762	19.1459	10.4028	1015	12	6	467	19	63	343	5	0.108512	58016.6	0.000145815	
2602	249	760	15.905	15.4687	1032	14	7	486	8	74	348	5	0.201703	33282.5	0.000163693	
2625	393	768	15.488	14.3721	1019	14	6	488	2	80	348	6	0.311312	30927.5	0.000154321	
2593	194	736	17.7431	16	1045	10	8	479	6	60	336	4	0.15023	35885.9	0.000173732	
2660	132	768	22.9008	10.2086	1021	15	8	467	2	75	339	4	0.104165	65911.9	0.000146649	
2700	112	743	25	13.0237	1045	12	6	480	6	76	328	6	0.086027	58273.9	0.00017138	
2700	344	770	11.3962	10.542	1049	11	8	487	1	72	350	4	0.336582	38582.3	0.000124316	
2700	444	775	10.7354	10.1938	1050	11	6	480	3	73	350	5	0.434949	39023.6	0.000121847	
2329	100	738	25	15.8977	1008	13	9	473	5	78	338	5	0.06532	53744.6	0.000209688	
2646	308	764	13.7313	10.8866	1049	13	8	471	6	75	344	6	0.265815	38117.7	0.00013048	
2300	100	726	24.0393	15.2641	1009	16	9	475	7	65	346	4	0.064837	54538.5	0.000207125	
2330	100	725	24.9171	10	921	13	8	488	5	80	336	5	0.064209	76108.5	0.000188644	
2312	100	739	24.7112	15.8977	942	12	8	477	7	71	336	5	0.065349	52677.5	0.00021173	
2462	100	738	25	10.9603	983	13	7	471	3	67	342	6	0.069981	70683.1	0.000182083	
2590	147	769	19.8884	10	1017	13	7	485	14	60	345	5	0.119013	59747.1	0.000139218	
2672	263	735	14.6871	11.3538	1034	12	9	467	10	79	345	6	0.219008	38654.8	0.000136203	
2333	131	757	24.1279	15.4142	915	13	9	474	2	52	331	6	0.085596	45542.6	0.000200562	
2603	351	754	16.9541	15.5211	1037	13	8	489	8	80	346	6	0.263944	30236.2	0.000165563	
2374	100	773	23.9806	13.4067	964	15	9	465	19	69	350	4	0.071799	56611	0.000188857	
2351	103	744	23.9229	10	1007	11	6	482	6	73	348	5	0.069874	79106.7	0.000178126	
2594	233	766	15.6412	10.7338	1026	13	9	490	7	65	350	5	0.193878	42228.1	0.000132661	
2619	368	775	12.9637	10	1050	12	8	466	10	70	346	4	0.320937	39224.9	0.000124611	
2332	100	770	23.9806	10.2086	1049	15	8	463	4	75	339	4	0.069959	77282.6	0.000178603	
2402	111	748	23.5803	10.0259	1036	16	10	476	17	66	338	5	0.077594	75370.1	0.000168748	
2402	100	746	24.8602	10.0018	1029	14	9	469	2	78	346	4	0.068624	79295.8	0.000179953	
2619	328	774	14.213	10	1048	11	8	477	11	71	344	4	0.276444	40127	0.00012631	
2379	167	743	22.6733	15.8842	984	15	9	465	2	69	338	5	0.108733	39882.6	0.00019216	
2594	148	753	17.4629	12.4354	1037	14	7	472	9	80	338	6	0.126839	45650.3	0.000148302	
2356	100	725	21.3211	16	909	16	9	474	6	61	345	4	0.072479	49404.3	0.000205592	
2659	228	770	12.6286	10	1007	13	9	488	8	73	350	6	0.226173	43075.8	0.000124938	
2551	121	758	23.9806	10.0227	1050	15	8	479	6	76	350	5	0.089137	72627.9	0.000155763	
2300	100	748	25	10	1006	11	8	473	5	67	339	5	0.065174	82154.9	0.000186359	
2382	100	738	25	11.2478	997	16	6	466	9	59	342	5	0.067177	70405.3	0.000187091	
2436	100	758	23.1422	10.7066	998	15	5	479	8	78	344	5	0.074384	70294.6	0.000175963	
2300	100	747	25	11.2186	963	12	6	487	7	73	337	5	0.065087	70565.3	0.000191205	
2700	192	745	13.5921	11.7198	1033	11	10	485	2	69	345	4	0.18642	41421.2	0.000135593	
2379	140	731	16.2693	10.3971	981	11	8	478	7	65	344	4	0.112998	52693.3	0.000147863	
2420	110	737	21.8963	11.281	980	10	10	483	6	74	338	6	0.0799	61332.6	0.000171262	
2416	115	756	19.2439	10.7542	1021	12	8	478	3	77	344	6	0.091798	59237.7	0.000159312	
2677	355	775	14.6715	10.8866	1042	11	8	471	1	72	348	5	0.298296	37469.4	0.000128982	
2379	167	743	22.212	15.8842	953	15	9	465	5	69	349	5	0.109867	39316.6	0.000191681	
2572	333	771	14.3445	13.131	1040	15	7	481	0	80	345	6	0.273035	33468.4	0.000145159	
2662	193	772	11.9604	10.0124	1050	13	9	471	6	74	346	5	0.212284	45761.4	0.000123793	
2678	156	754	16.93	10	1001	15	6	488	8	62	349	4	0.138936	53950.7	0.000132943	
2332	100	736	24.6623	13.4862	963	11	8	481	3	70	333	5	0.06579	58649.2	0.000198216	
2633	228	765	16.8406	13.7147	1041	13	6	488	6	79	335	6	0.186131	36209.2	0.0001514	
2700	435	771	15.5466	12.1223	1016	15	10	481	6	78	347	5	0.352004	33882.7	0.000137627	
2300	100	747	25	11.7045	948	12	6	487	7	73	337	5	0.065087	66893.4	0.000193237	
2648	466	773	16.4713	14.666	1033	17	8	485	17	67	347	5	0.364197	29993.1	0.000156764	
2300	101	739	19.8955	10	959	11	8	487	3	62	340	6	0.075882	68188.3	0.000174459	
2700	485	738	14.4626	11.8573	1040	14	10	477	5	72	348	5	0.384728	33921.2	0.000137287	
2385	263	737	18.7187	14.7554	980	13	8	466	9	56	350	6	0.175444	34244.2	0.000175778	
2574	393	760	15.905	15.4687	1047	11	7	486	8	74	348	5	0.299245	30005.1	0.000163506	
2611	184	771	18.5075	11.3852	936	10	9	483	3	78	346	4	0.14889	45105.8	0.000141583	
2584	310	743	16.8466	16	1033	11	7	482	13	78	334	5	0.23116	30794.9	0.00017191	
2353	116	736	20.5256	12.8511	953	11	7	467	6	73	343	4	0.083558	51997.5	0.0001755	
2316	134	732	24.1279	15.4142	900	16	9	472	4	65	330	6	0.083648	45070.6	0.000204415	
2540	151	750	18.4104	10	1023	12	7	468	17	63	338	5	0.121262	57102.1	0.000140036	
2449	111	775	23.8756	10.2003	1020	12	6	472	8	80	339	4	0.08111	72418.6	0.000164826	
2565	146	770	19.0172	11.1759	1044	11	6	480	1	66	331	4	0.120306	52453.7	0.000144051	
2417	100	740	23.4444	10.6649	986	16	10	483	4	61	343	5	0.071376	70197.9	0.000179501	
2635	385	770	13.8053	10.8866	1048	10	9	471	1	71	350	5	0.322766	36621.1	0.000128999	
2599	228	766	14.3525	10	1007	13	9	490	7	68	350	5	0.201021	43754.5	0.000128074	
2300	100	734	24.743	14.5629	971	13	8	486	5	80	333	5	0.064484	56414.8	0.000205634	
2300	149	744	22.5913	16	916	16	9	482	3	46	328	5	0.095138	41167.1	0.000207297	
2563	150	765	17.4944	10	1050	13	9	484	16	68	343	5	0.127833	54729.6	0.000136277	
2609	274	766	14.7757	10	1042	12	9	490	7	68	350	5	0.229321	42253.4	0.000127307	
2460	127	737	17.9564	11.4698	990	13	5	473	8	67	347	5	0.103033	52299.6	0.0001554	
2696	420	760	16.3537	13.6029	1050	12	7	484	10	80	347	6	0.329354	31506.6	0.000147798	
2689	471	767	13.0112	11.5693	1046	11	10	481	8	64	350	5	0.404603	34569.2	0.000131492	
2466	119	746	23.1531	10	1000	14	7	471	9	80	343	5	0.084915	70338.9	0.000160694	
2659	235	773	11.8184	10	1050	13	9	471	6	80	346	5	0.24455	42978.2	0.000123472	
2655	500	742	14.7703	13.6994	1050	13	8	478	9	71	350	4	0.389067	30819.5	0.000149611	
2651	420	758	13.7384	13.6605	1050	12	7	484	9	75	350	5	0.346371	31671	0.000146628	
2402	115	746	23.6897	10.0018	1020	14	9	469	2	75	338	4	0.079022	73460.4	0.000166917	
2323	100	734	24.6037	10	990	13	9	485	5	64	336	5	0.0653	80652.2	0.000185977	
2502	344	766	16.499	14.9586	1041	11	7	486	10	71	348	6	0.256365	31493.4	0.000162311	
2387	115	775	20.9162	10.874	1020	13	9	479	3	71	339	6	0.087767	61758.1	0.000161681	
2387	115	774	20.9162	10.874	1020	12	9	479	3	63	341	6	0.087653	62286	0.000161734	
2661	398	743	16.8466	16	1028	10	7	488	8	77	330	5	0.299535	29164.4	0.000169952	
2621	184	748	17.1842	12.9722	1041	14	9	485	3	73	341	5	0.151095	40414.3	0.000148699	
2380	100	738	24.9466	10.9356	1012	11	7	478	3	61	340	6	0.067111	74188.9	0.000185632	
2389	215	743	22.212	15.8842	924	15	9	473	5	69	349	6	0.137948	35543.2	0.00019253	
2640	468	742	16.1141	15.5235	1050	11	7	482	3	76	340	5	0.352284	29071.8	0.000165017	
2700	460	775	13.7157	11.9347	1043	14	9	486	8	71	338	5	0.392318	33779	0.000135153	
2593	291	769	16.5735	14.5691	1030	15	8	475	15	61	346	5	0.228179	32820	0.00015873	
2563	291	769	17.3926	14.5691	1010	11	8	474	15	62	348	5	0.221092	32726.1	0.000160411	
2616	116	757	20.1383	10.7117	962	14	9	475	4	72	341	6	0.098302	59043	0.000155183	
2657	207	763	15.5061	11.4172	1047	10	6	481	0	72	350	6	0.181544	41753.6	0.000133726	
2402	100	746	24.8602	10.0018	1020	14	9	469	2	75	338	4	0.068624	79006.7	0.000180278	
2609	274	766	14.7757	10.6635	1042	14	9	490	7	63	350	5	0.229321	40280.5	0.000130822	
2300	129	738	20.9617	11.4698	990	13	7	487	8	80	346	5	0.087427	57921.2	0.000167196	
2652	166	741	15.7335	12.8423	960	10	7	487	9	80	328	6	0.14794	42113	0.000150421	
2635	129	772	21.662	15.8842	907	15	9	475	7	46	345	5	0.104855	43350	0.000185014	
2538	303	771	18.4331	14.5393	1026	11	9	468	4	75	340	5	0.223179	32607	0.00016176	
2497	116	741	21.7382	10	1007	11	8	471	9	62	343	6	0.087307	68642.4	0.000158806	
2640	284	734	19.0454	15.8496	956	13	7	487	10	79	345	6	0.205434	31658.9	0.000175716	
2341	100	746	25	12.7362	979	12	8	478	5	80	342	5	0.066453	61567.5	0.000193573	
2680	422	770	13.4798	11.2317	1050	10	8	482	1	80	350	5	0.36048	35072.4	0.000129601	
2674	500	772	14.9303	13.9147	1041	11	9	489	6	80	343	6	0.405748	30371.8	0.000148324	
2519	100	752	22.8851	12.4863	1006	15	6	490	9	66	341	5	0.077435	59791.6	0.000179824	
2325	100	748	22.7635	14.0069	930	11	7	472	12	65	330	5	0.070399	54472.4	0.000195236	
2640	500	767	15.1281	12.766	1039	13	10	489	7	80	346	5	0.397252	31824.4	0.000141884	
2617	236	767	14.8324	13.1794	1032	13	9	490	7	80	341	4	0.204259	36088.7	0.000145582	
2429	107	752	24.3616	10.2733	1018	13	7	488	5	63	334	5	0.075135	75970.3	0.000172741	
2349	202	748	22.5218	15.8842	911	14	7	476	1	48	344	6	0.127816	36545.1	0.000199641	
2671	245	732	15.6264	11.9629	1032	11	7	488	5	66	345	4	0.198545	38309.7	0.000140647	
2538	116	745	21.1328	10	1050	12	8	468	16	65	337	4	0.090599	67642.6	0.00015625	
2632	129	734	22.7966	15.8842	938	15	9	475	7	66	344	5	0.096601	43981.9	0.000184809	
2497	110	741	21.2802	11.2035	1024	13	6	473	5	63	343	6	0.085043	61652	0.000166058	
2428	119	735	20.2024	10.624	992	14	7	484	13	74	341	5	0.089276	60704.1	0.000160359	
2621	448	768	13.1444	12.5069	1038	14	8	481	13	72	343	4	0.376161	33182.4	0.000139606	
2373	100	755	25	12.9927	1050	14	9	472	11	68	341	4	0.068402	61862.2	0.000190367	
2300	100	739	24.9535	14.9663	988	13	8	486	5	76	333	5	0.064394	56218.6	0.000207297	
2305	100	748	21.4795	10.4976	987	16	7	466	9	58	342	6	0.072301	68929.3	0.000178476	
2333	122	752	23.1164	14.2242	916	16	9	468	3	64	343	6	0.081819	48904.2	0.000188822	
2417	100	740	23.4444	10	971	11	10	484	8	64	336	6	0.071376	75467.2	0.00017762	
2300	172	745	18.9291	15.9954	914	15	8	460	4	76	350	6	0.117661	38217.2	0.000191791	
2677	333	769	14.6041	12.0801	1050	10	8	485	12	70	344	6	0.280485	34935.3	0.000136351	
2612	372	731	17.2947	15.2922	1038	10	9	489	12	71	337	5	0.269103	30193.8	0.000167056	
2373	100	733	25	10	948	13	8	486	5	79	336	6	0.066409	77493.2	0.00018457	
2300	100	762	23.9473	10	1006	11	8	471	5	60	344	5	0.068057	79748.1	0.000181225	
2675	126	740	24.4439	16	1033	13	7	482	10	78	334	5	0.09432	45808.3	0.000182017	
2668	316	766	14.1168	10.2939	1039	12	9	470	7	68	346	5	0.270268	39868	0.000127097	
2571	130	737	15.6412	13.9774	1037	10	7	485	8	80	348	6	0.121262	45239.1	0.000160694	
2300	172	745	18.9291	15.9954	914	15	8	460	4	55	350	6	0.117661	38071.6	0.000193424	
2465	136	745	17.9279	14.5387	946	18	8	462	5	67	335	4	0.109572	43265	0.000172325	