2370	102	744	25	10	1050	12	6	487	8	66	343	5	0.068365	85839.4	0.000180278	
2699	432	775	10.8067	10	1050	11	6	480	3	73	350	4	0.422661	39372.5	0.000120948	
2300	100	725	25	16	905	16	8	472	4	60	349	4	0.06317	51685.7	0.000218198	
2300	100	725	25	16	909	16	8	472	6	60	349	4	0.06317	51699.3	0.000218055	
2657	500	745	16.5701	16	1016	13	8	490	8	66	348	5	0.377008	28381.7	0.000169434	
2700	500	775	10.8067	10	1050	11	7	480	7	69	350	5	0.479254	38936.1	0.000121036	
2700	468	775	10.8067	10	1050	11	5	479	6	74	350	5	0.452451	39201.8	0.000121036	
2700	468	771	11.0983	10	1050	11	6	480	5	73	350	5	0.442396	38742	0.000121521	
2300	100	742	24.3562	10	1022	11	6	485	4	64	344	5	0.06573	84651.6	0.000184672	
2700	468	771	10.8067	10	1050	11	6	480	9	73	350	5	0.450116	39071.7	0.000121418	
2300	100	741	24.6009	10	1022	11	8	483	5	64	339	5	0.065109	84219.8	0.000186012	
2689	500	731	17.5593	15.6379	1042	11	9	483	3	77	345	5	0.367959	28657.6	0.000167504	
2700	500	772	14.0844	11.3776	1040	11	9	486	7	76	350	6	0.418352	34304.1	0.000130719	
2300	100	725	25	15.8842	927	16	9	472	7	56	348	4	0.06317	51902.5	0.000217202	
2584	144	749	15.6708	11.1289	1047	11	6	481	8	74	342	5	0.132505	48591.5	0.000140885	
2300	100	734	24.743	14.5629	971	13	8	486	5	80	333	5	0.064484	56414.8	0.000205634	
2339	100	754	25	10	1040	12	8	485	4	79	333	5	0.067094	83119.1	0.000182949	
2700	401	746	14.9403	15.075	1032	11	7	480	0	72	336	6	0.320228	30336.5	0.000160231	
2342	124	736	24.9197	16	951	13	8	479	6	71	332	5	0.078222	47350.3	0.00020496	
2401	100	755	25	10	1050	15	9	469	16	66	347	4	0.069406	81503.6	0.000178763	
2700	453	772	10.8067	10	1049	11	6	488	9	73	350	5	0.438328	38978.8	0.000121521	
2689	500	772	13.1527	12.2766	1039	13	10	484	11	80	346	5	0.428387	32914.4	0.000135888	
2625	378	775	13.2173	11.9036	1047	11	9	479	11	75	349	6	0.32558	34538.7	0.000134246	
2323	100	734	25	10.0154	990	13	9	483	5	64	340	5	0.064756	81139.7	0.000186916	
2356	100	725	25	16	909	16	9	472	6	61	345	4	0.065099	51170	0.000214087	
2363	100	725	22.5792	12.9786	907	15	9	470	14	72	349	4	0.069605	55819.8	0.000191902	
2300	185	744	24.9483	16	931	16	10	479	4	47	314	5	0.110322	39001.2	0.00021645	
2632	409	775	16.6418	14.666	1021	16	8	490	17	70	347	4	0.318289	30349.3	0.000156937	
2700	412	770	12.6364	10.542	1046	11	7	485	0	73	345	4	0.366023	36954	0.00012596	
2323	100	734	24.6037	10	990	13	9	485	5	64	336	5	0.0653	80620.6	0.000185977	
2682	493	767	12.3235	11.8178	1050	12	10	482	7	77	346	5	0.431972	34090.6	0.000132908	
2300	100	748	25	10	1004	11	8	473	5	67	339	5	0.065174	81977.3	0.000186393	
2339	100	754	25	10	1025	12	7	485	8	77	333	5	0.067094	82748.1	0.00018315	
2300	100	742	24.6009	10	1022	11	8	480	5	63	350	5	0.065196	83818.3	0.000185391	
2689	500	775	13.1527	12.766	1039	13	10	484	5	80	346	5	0.430052	32328.2	0.000138543	
2692	496	767	12.9374	10.4352	1041	11	8	470	8	78	348	5	0.42583	36768.1	0.000125802	
2697	434	773	14.9303	15.6545	1046	11	8	487	5	80	348	5	0.356969	29331.2	0.000159541	
2700	500	769	15.3238	12.7312	1029	11	10	490	5	80	344	5	0.404504	31920.7	0.000140766	
2635	385	770	13.8053	10.6887	1022	12	8	474	1	69	350	5	0.322766	37222.4	0.0001288	
2586	370	767	15.7501	14.1463	1029	11	5	472	10	80	348	6	0.287972	31626	0.000154107	
2564	189	769	12.9637	10.9795	1046	11	7	481	11	70	348	4	0.187505	43621.3	0.00013132	
2300	185	742	24.206	16	931	16	9	475	4	47	314	5	0.111174	38667.2	0.000213675	
2700	468	775	10.8067	10	1050	11	6	480	7	73	350	5	0.452451	39081.2	0.000121065	
2614	488	772	12.902	12.2766	1049	13	10	484	9	80	349	5	0.412445	33058	0.000136612	
2301	100	744	23.9229	15.494	948	12	8	482	6	72	328	5	0.066487	53556.3	0.000207598	
2698	440	771	12.7946	10	1038	11	6	480	9	76	349	5	0.386119	38237	0.000123168	
2518	324	771	16.499	14.9586	1049	11	7	473	10	71	349	6	0.245676	31730.2	0.000161316	
2402	100	745	23.8476	10.0259	1038	15	8	470	5	65	343	4	0.070753	78159.6	0.000177179	
2485	137	730	19.8799	10	998	17	9	481	6	69	330	4	0.10229	60921.3	0.000150875	
2350	100	775	24.8676	14.7428	1023	12	6	472	6	78	339	4	0.069377	56252.9	0.000196812	
2595	298	769	17.3926	14.9412	1010	14	8	474	17	61	350	5	0.228549	32112.8	0.000162681	
2663	482	757	12.2132	11.341	1050	11	9	490	8	74	350	5	0.417299	34816.3	0.000130941	
2305	100	748	21.4795	10.4976	990	13	7	466	9	69	342	6	0.072301	68812.3	0.000178221	
2300	100	742	23.835	10	1023	11	6	485	4	64	344	5	0.066795	83388.9	0.000182849	
2417	100	740	23.4444	10	968	16	10	484	4	64	336	6	0.071376	74907.6	0.000177904	
2700	468	771	10.8067	10	1050	10	8	480	13	72	350	5	0.450116	38895.1	0.000121433	
2443	114	762	21.8963	10.4873	985	10	9	490	8	74	331	5	0.085815	64811	0.00016247	
2663	482	767	12.2132	11.2625	1050	11	9	481	8	74	350	5	0.422812	35081.3	0.000129534	
2682	493	771	12.3235	11.8178	1050	12	9	482	7	77	346	5	0.434225	34090	0.000132538	
2643	151	754	15.6515	10.2345	1046	12	6	478	10	61	343	5	0.141054	51323.9	0.000133994	
2650	175	772	15.6515	10	1046	12	7	473	12	50	344	5	0.160563	50295	0.000129032	
2690	497	767	14.5285	13.9007	1046	13	9	490	8	77	347	6	0.407376	30454.3	0.000147645	
2300	100	725	22.7671	15.8842	927	14	9	472	7	56	350	4	0.066827	50874	0.000210349	
2300	185	741	25	16	931	16	8	475	7	50	314	5	0.109873	39141.4	0.000215843	
2638	226	756	14.8186	10.8056	1031	13	6	481	18	74	344	6	0.196197	41932.4	0.000132714	
2700	500	772	14.3385	11.3776	1036	11	9	489	7	80	350	6	0.415267	34209.5	0.000131079	
2689	443	765	15.3238	12.7312	1000	14	10	489	7	80	350	5	0.356379	32447.1	0.000141824	
2300	100	730	25	10	977	12	8	467	7	63	341	4	0.063606	79921.9	0.000189072	
2619	308	775	12.3361	10.001	1050	13	8	466	7	70	350	4	0.285467	40450.4	0.000123487	
2300	100	746	24.7112	15.8977	983	13	8	477	12	70	333	5	0.065541	53699.4	0.000210704	
2605	184	761	18.6849	11.8886	1026	13	9	490	7	68	350	5	0.145995	44208.7	0.000142878	
2300	118	760	23.7118	14.8014	949	16	9	474	0	50	312	5	0.078051	49172.9	0.000200441	
2363	104	734	24.2207	15.2641	1005	16	9	471	7	65	346	4	0.06935	52642.5	0.000200763	
2303	100	744	23.9229	15.1869	1020	11	7	480	8	76	333	5	0.066559	55569.1	0.000203791	
2700	438	771	10.8067	10	1050	10	8	480	13	75	349	4	0.425494	39002	0.000121581	
2512	183	775	15.6861	10.1827	1020	15	8	481	16	78	348	6	0.157634	47783.5	0.000132485	
2497	110	741	21.2802	11.2035	1024	13	6	473	5	63	343	6	0.085043	61652	0.000166058	
2700	369	775	10.8067	10	1050	11	7	480	6	69	350	5	0.372162	40209.4	0.000121036	
2661	398	743	16.8466	16	1028	10	7	488	8	77	330	5	0.299535	29164.4	0.000169952	
2355	100	775	22.7219	11.0496	1011	15	8	463	2	75	341	4	0.074094	66142.8	0.00017671	
2700	435	765	15.5466	12.1223	1016	15	10	488	6	78	347	5	0.349265	33756.3	0.000138064	
2670	247	770	14.8733	10.542	1048	11	7	487	0	69	350	4	0.216076	41419.8	0.000127616	
2538	116	745	21.1328	10	1050	12	8	468	16	65	337	4	0.090599	67642.6	0.00015625	
2300	100	734	24.5166	14.5345	917	11	8	474	6	73	333	6	0.064499	54925.1	0.000206782	
2522	356	762	16.499	14.9586	1050	11	7	486	2	75	347	6	0.26522	31202.8	0.000161681	
2375	107	742	25	15.1357	985	13	7	486	6	64	345	5	0.071027	52912	0.000199045	
2342	100	743	24.7112	15.888	951	13	8	478	10	66	332	5	0.066767	52552.6	0.000209074	
2696	346	728	16.6326	15.5204	1040	11	7	482	8	71	323	5	0.261762	30348.9	0.000167673	
2333	122	757	24.1279	15.4547	915	16	9	474	2	52	334	6	0.080682	46716.5	0.000202102	
2651	396	751	14.7447	13.1989	1034	11	7	483	13	80	339	6	0.315579	32197	0.000146757	
2601	376	731	17.3329	15.5284	1020	13	9	489	4	76	346	5	0.270823	29840.2	0.000169434	
2402	100	746	24.8602	10.0018	1020	14	9	469	2	75	338	4	0.068624	79006.7	0.000180278	
2632	110	736	22.0047	15.8842	938	15	9	482	7	66	343	5	0.088057	47116.6	0.000187652	
2300	100	762	23.9609	13.1306	1015	13	6	485	7	69	342	5	0.068056	61453.7	0.000192382	
2700	468	775	11.7088	10	1050	12	6	480	7	73	350	5	0.430807	38357	0.00012164	
2535	114	733	21.8963	10.4873	985	12	10	465	8	80	325	5	0.086192	63546.1	0.00016284	
2333	130	759	23.1164	15.4142	915	16	9	468	2	50	333	6	0.086968	44805.6	0.000198689	
2427	106	772	25	11.0962	1050	15	10	468	16	79	340	4	0.075312	69195.8	0.000174398	
2587	184	761	18.6849	11.8886	1026	13	9	490	8	68	350	5	0.144943	44313.7	0.00014341	
2665	500	766	16.5352	13.6276	1032	11	9	489	7	74	349	5	0.388628	30860.6	0.0001485	
2425	103	767	23.0168	10.0259	1050	15	9	472	9	80	343	4	0.077109	74068.5	0.000169176	
2621	435	768	14.8361	12.3434	1050	13	9	483	8	75	347	4	0.348088	33024.5	0.000138908	
2619	128	752	22.1052	10.4611	1023	13	6	474	4	79	344	5	0.099629	63680.1	0.000150015	
2429	107	752	24.3616	10.2733	1018	13	7	488	5	63	334	5	0.075135	75970.3	0.000172741	
2494	359	771	18.9587	16	1014	11	8	479	18	75	350	4	0.254986	30223.5	0.000174064	
2682	493	769	12.2132	10.9104	1050	11	9	484	10	66	349	5	0.435418	35845.4	0.000127421	
2700	468	775	12.797	10.2254	1050	13	6	476	9	76	346	5	0.410872	37688.1	0.000124116	
2700	493	767	14.7904	11.8178	1036	12	10	482	6	77	346	5	0.40241	33645.3	0.000134753	
2665	422	771	13.4798	11.2317	1050	10	8	482	1	80	350	5	0.359174	35047	0.00012982	
2693	193	768	16.0014	10.0124	1050	13	9	469	6	74	342	5	0.172563	48006.6	0.000127518	
2584	125	749	18.4291	11.1289	1047	11	6	481	8	74	342	5	0.10765	54203.7	0.000149678	
2665	151	758	17.3279	10.1713	1046	12	7	478	12	60	344	5	0.133946	53766.2	0.000134409	
2640	397	734	18.5381	16	1013	10	8	487	10	78	338	5	0.284247	29234.8	0.000173732	
2563	272	769	17.3926	14.5691	1010	11	8	474	14	61	348	5	0.20823	33315.2	0.000160514	
2333	122	752	23.1164	14.2242	916	16	9	468	3	64	343	6	0.081819	48904.2	0.000188822	
2330	100	740	24.7112	15.639	1031	13	8	477	8	78	338	4	0.066074	54555	0.000206228	
2300	100	725	24.9535	10	917	13	8	486	5	80	336	6	0.063174	76226.2	0.000190949	
2417	100	742	23.4444	10	968	12	10	484	4	65	336	6	0.071568	75132.5	0.000177399	
2665	482	767	13.774	11.2625	1050	11	9	481	8	67	350	5	0.400506	34871	0.000130719	
2544	116	750	21.1328	10	1019	12	7	468	11	65	338	5	0.091456	66773.2	0.000155933	
2436	100	758	23.1422	10.7066	998	15	5	479	8	78	344	5	0.074384	70294.6	0.000175963	
2464	100	775	23.9806	10.6022	1050	15	7	469	12	80	339	4	0.075352	72467.6	0.000173611	
2478	100	775	23.9806	10.6022	1050	15	7	473	12	80	339	4	0.075876	72298.7	0.00017316	
2700	208	764	10.8067	10	1050	11	4	476	5	80	350	5	0.24653	46170.6	0.000122205	
2625	237	757	14.4791	10.1417	1033	10	8	481	18	80	350	5	0.205378	42559.8	0.000128205	
2300	183	740	23.0678	16	915	15	8	472	4	54	310	5	0.112026	38465.4	0.000208073	
2300	185	741	24.9483	16	931	16	10	475	4	47	314	5	0.109877	38968.6	0.000216779	
2638	236	771	14.1168	10	1050	12	8	471	7	74	346	5	0.212732	43346.9	0.000125691	
2698	257	765	12.3752	10	1050	14	6	480	9	73	349	5	0.251795	42358.3	0.00012335	
2657	192	775	17.1842	11.7783	1050	14	9	483	1	69	346	5	0.164085	42675.5	0.000137306	
2700	210	764	11.2324	10	1050	12	5	476	8	71	350	5	0.238719	45524.7	0.000122369	
2700	376	768	12.3318	11.8573	997	12	8	490	5	74	346	4	0.342289	35278.9	0.000133887	
2564	127	767	19.8884	10	1017	13	7	484	14	60	345	5	0.105183	62150	0.000145858	
2700	327	772	17.3084	13.8423	1036	11	9	489	7	80	350	6	0.259854	32538	0.000149254	
2300	100	742	24.7112	15.8977	942	13	8	477	7	71	336	5	0.065189	52817.3	0.000212179	
2584	138	749	15.6708	11.1289	1047	11	6	481	8	73	343	5	0.128817	49289.2	0.00014241	
2638	285	732	14.8074	11.3538	1034	13	9	472	10	78	339	6	0.228829	37817.3	0.000138274	
2300	100	742	24.7112	15.3458	942	13	8	477	7	71	331	5	0.065189	53783.7	0.000209424	
2325	103	751	23.0168	10.0259	1033	13	9	472	15	80	343	4	0.071738	75768.6	0.000175593	
2327	102	736	20.977	10	1031	11	7	487	8	74	345	5	0.074053	73595.5	0.000174734	
2434	108	755	25	10	1050	15	9	469	16	66	347	4	0.075024	79274.6	0.000171116	
2450	100	740	22.6186	15.8842	1014	15	8	467	5	74	349	5	0.074236	50843.9	0.000197785	
2611	184	771	18.5075	11.3852	936	10	9	483	3	78	346	4	0.14889	45105.8	0.000141583	
2700	499	772	17.3084	13.8423	1036	15	9	489	7	80	350	4	0.390711	30694.1	0.000149165	
2462	133	735	22.6051	15.7372	959	14	7	482	8	73	333	5	0.09242	44136.1	0.000188395	
2521	207	760	15.4767	13.9237	1015	10	8	477	17	80	348	4	0.17153	37026.5	0.000154823	
2563	277	771	18.7273	14.1552	1050	13	7	468	7	78	344	4	0.2063	34146.2	0.000157356	
2677	333	769	14.6041	12.0801	1050	10	8	485	12	70	344	6	0.280485	34935.3	0.000136351	
2665	500	764	16.5352	14.3404	1032	11	9	489	7	74	349	5	0.387613	29930.6	0.000153704	
2340	100	744	23.9229	15.1869	962	11	7	480	7	71	333	5	0.067887	53884.9	0.000202881	
2379	115	774	22.0149	10.9044	1010	14	9	479	7	68	341	6	0.085055	63310.6	0.000164096	
2625	500	773	14.9303	15.0984	1046	11	9	487	1	76	348	5	0.399906	29409	0.000157109	
2373	102	773	23.2582	11.4476	991	15	8	468	17	73	342	5	0.074575	63932.9	0.000177525	
2379	100	738	25	11.2478	1004	15	6	470	16	65	337	5	0.067072	70816.6	0.000187126	
2619	274	766	14.7757	10	1042	12	8	483	6	70	350	5	0.23016	42250.1	0.000126855	
2693	462	771	13.3831	10.5518	1050	11	8	482	4	77	350	6	0.394739	36341.5	0.000125913	
2640	227	774	12.8763	10	1048	11	8	477	11	71	344	4	0.221818	43106.6	0.000124813	
2640	459	734	18.5381	15.6474	1046	12	8	487	10	79	350	6	0.328523	28977.2	0.000169005	
2590	147	769	19.8884	10.1979	1043	13	7	485	14	60	345	5	0.119013	59111.4	0.000139509	
2674	256	735	15.5526	11.9526	998	12	7	490	12	62	347	4	0.207503	37858.2	0.000141203	
2427	100	772	24.3582	10.0027	1050	15	10	468	16	79	339	4	0.073094	77794.4	0.000174155	
2625	378	775	13.5072	11.9036	1044	13	8	479	6	75	349	6	0.322041	34540.1	0.000134608	
2592	301	757	15.3197	13.9007	1041	10	9	490	6	76	349	5	0.23982	33084.1	0.000151355	
2340	100	744	23.9229	15.071	962	11	7	480	7	71	333	5	0.067887	54117.7	0.000202306	
2619	308	775	12.9637	10.001	1050	13	8	466	7	70	350	4	0.276609	40450.2	0.000123993	
2665	422	762	13.4798	11.0294	1050	12	8	482	1	78	350	5	0.354981	35574.1	0.000129634	
2494	280	750	15.3207	12.7999	969	12	8	476	2	70	347	5	0.215332	35281.5	0.000150308	
2649	346	728	16.5281	15.5204	1040	10	7	482	8	71	322	5	0.257513	30384.5	0.000168748	
2300	100	748	23.5353	10	1006	11	8	470	5	67	341	5	0.067873	78438.6	0.000181324	
2581	348	766	18.9702	14.0593	1048	11	8	479	17	72	346	4	0.253742	32656.7	0.000156421	
2593	448	771	13.1444	12.2388	1038	14	8	480	13	73	344	4	0.374143	33556.6	0.000138236	
2698	397	771	12.338	10	1050	11	6	480	9	71	349	6	0.359696	38775	0.000122654	
2393	100	748	21.549	10.5095	1001	13	7	465	12	56	330	5	0.075652	68515.7	0.000175285	
2300	100	734	24.5166	15.4165	917	13	8	475	10	80	333	6	0.064499	53239.7	0.000211595	
2617	481	766	14.811	13.9594	1046	13	9	490	6	77	347	5	0.381955	30532.8	0.00014988	
2548	131	758	20.2159	10.4028	1015	13	6	467	19	58	343	5	0.104434	60524.4	0.00014817	
2613	285	757	14.8074	11.3538	1034	13	9	472	10	78	339	6	0.234518	37685	0.0001365	
2638	226	758	14.8186	12.798	1022	11	7	481	12	78	347	6	0.196716	37344.8	0.000143534	
2662	387	733	14.9403	14.6771	1045	11	7	481	9	72	342	6	0.300654	30748.5	0.000158453	
2300	100	742	25	10.208	1003	12	7	485	5	80	340	5	0.064652	80077.1	0.000188041	
2355	174	740	22.7137	15.8842	953	12	9	467	5	80	349	5	0.111	39029.1	0.000194439	
2609	228	766	14.7757	10	1026	13	9	490	7	68	350	5	0.197962	44174.8	0.000127812	
2562	234	764	15.3197	11.2426	1031	10	9	478	7	80	350	5	0.194194	40014.1	0.000135318	
2340	100	744	25	15.071	997	11	7	480	7	71	333	5	0.066239	55469.7	0.000204248	
2653	233	775	15.2384	11.7196	1035	15	8	478	11	62	350	4	0.203828	39369.9	0.000135391	
2593	277	770	14.6041	12.0801	1050	10	8	485	12	70	344	6	0.233237	36538.6	0.000138274	
2698	440	771	12.338	10	1050	11	6	480	9	71	349	5	0.393609	38325.2	0.000122549	
2700	343	775	13.6159	10.5319	1048	11	9	487	5	79	350	5	0.30224	37544.1	0.000125581	
2598	147	769	19.5353	10.8959	1014	13	7	485	11	59	343	4	0.120635	53489.4	0.000142633	
2300	100	734	25	11.6958	979	13	9	480	7	78	341	4	0.063955	66891.5	0.000194137	
2617	447	770	14.4577	13.9007	1028	12	7	490	5	77	348	6	0.361327	31003.6	0.000149477	
2574	228	773	12.8381	10.0346	1035	13	7	484	6	80	350	6	0.216808	42966.2	0.000126279	
2300	100	734	24.5166	14.5345	917	13	8	474	6	73	333	6	0.064499	54878.9	0.000206878	
2514	190	774	14.6239	10.4978	1050	13	9	475	14	69	344	5	0.169278	45498.1	0.000132188	
2543	151	747	14.9465	10	1018	12	6	479	13	58	343	5	0.138757	51507.6	0.000135962	
2300	109	725	25	16	909	15	8	481	6	62	348	4	0.067734	49903.5	0.000214638	
2487	131	763	15.6201	11.2123	1015	13	5	467	20	58	349	5	0.1217	50477.5	0.00014652	
2697	424	761	15.4222	15.6545	1043	16	9	487	19	76	350	5	0.340184	29235.9	0.000161525	
2348	100	734	23.7198	11.3157	917	13	8	475	10	80	333	6	0.067791	64729.5	0.000187477	
2565	146	770	19.0172	11.1759	1044	11	6	480	1	66	331	4	0.120306	52453.7	0.000144051	
2412	100	741	23.1164	15.4613	932	16	9	468	3	64	332	6	0.071844	51104.4	0.000201086	
2402	115	746	23.6897	10.0018	1020	14	9	469	2	75	338	4	0.079022	73460.4	0.000166917	
2300	100	726	25	10.4551	928	13	8	486	4	80	341	6	0.063258	73278.3	0.000191975	
2518	344	770	16.499	14.9586	1049	11	7	473	10	71	348	6	0.25922	31373.4	0.000161499	
2630	381	729	16.8466	14.9684	1035	11	7	482	8	76	349	5	0.278947	30330.1	0.000163452	
2310	100	737	24.0969	13.4746	998	12	9	477	5	63	338	5	0.066172	59141.6	0.000197083	
2339	100	731	23.1147	13.4746	988	18	9	478	5	63	338	5	0.068257	57060.3	0.000194856	
2586	100	746	24.4785	12.2898	950	13	9	476	13	61	332	5	0.076319	61078.9	0.000180766	
2627	324	756	15.6855	13.3974	1038	11	7	467	3	72	346	5	0.255942	33364.2	0.00014881	
2492	115	742	25	15.4315	991	12	6	471	10	63	346	5	0.079779	49460.2	0.000191498	
2643	151	754	17.6911	10	1046	12	6	478	1	62	343	5	0.130255	55967.7	0.000134953	
2304	100	745	24.1232	13.7014	987	11	6	470	9	56	349	6	0.066673	58340.1	0.000197433	
2677	333	740	14.6041	12.0801	1039	10	8	485	12	70	345	6	0.269907	34993.6	0.000139256	
2698	163	749	14.7703	12.845	1046	13	9	474	12	62	350	4	0.157014	42310.8	0.000143637	
2619	322	775	12.9637	10	1050	10	9	464	7	66	350	4	0.286822	40084.3	0.000123762	
2638	247	768	14.8186	10.8056	1031	13	9	481	18	74	344	6	0.213665	40416.3	0.000131648	
2700	287	775	12.0464	10.542	1048	11	9	487	3	80	350	4	0.282816	39168.5	0.000124456	
2465	138	769	20.6311	10.0831	1050	15	5	478	8	67	344	5	0.105056	64944.4	0.000146135	
2646	155	755	18.1634	12.4354	1020	13	7	472	9	80	336	6	0.130668	45361.9	0.000147471	
2342	124	751	24.051	15.888	996	13	8	477	10	71	338	5	0.081496	47666.8	0.000197239	
2664	422	755	13.4798	12.0137	1050	10	8	482	5	78	350	5	0.351604	33749.6	0.000135593	
2590	147	769	18.7475	10	1044	11	7	485	10	67	350	5	0.122641	57536.5	0.000136351	
2300	103	749	23.3785	11.7955	985	16	9	479	2	68	344	4	0.069544	63413.6	0.000185563	
2557	301	757	15.3197	13.9007	1041	10	9	490	6	76	350	5	0.236773	33105.6	0.000152184	
2652	166	745	16.1475	12.8423	956	10	7	487	10	76	328	6	0.146345	42210.6	0.000150534	
2479	115	756	19.7599	10.7542	1021	12	8	478	4	71	340	5	0.092858	59422	0.000158253	
2550	117	756	20.5887	10.5242	1050	12	8	468	14	65	334	4	0.094779	62254.9	0.000155111	
2666	165	772	15.6515	10	1046	12	7	473	13	50	338	5	0.154945	51216.9	0.000130361	
2645	404	775	13.7627	12.0123	1048	10	9	469	1	71	350	5	0.341157	34195.2	0.000134571	
2700	500	772	14.6276	14.0312	1036	11	9	489	9	80	349	6	0.412195	30286.3	0.000148104	
2681	489	725	15.3397	16	1037	14	9	483	3	80	334	5	0.370825	28589.6	0.000169808	
2664	263	735	14.6871	11.3538	1035	12	9	467	10	79	345	6	0.218378	38639.6	0.000136351	
2379	167	743	22.6733	15.8842	984	15	9	465	2	69	338	5	0.108733	39882.6	0.00019216	
2571	130	737	15.6412	13.9774	1037	10	7	485	8	80	348	6	0.121262	45239.1	0.000160694	
2300	100	747	25	10.9999	948	12	6	487	5	73	337	5	0.065087	71070.8	0.000190694	
2599	228	766	14.3525	10	1007	13	9	490	7	68	350	5	0.201021	43754.5	0.000128074	
2658	346	728	16.5281	15.5204	1040	10	7	482	8	71	322	5	0.258322	30374.7	0.00016852	
2638	301	762	12.733	10	1050	12	8	478	7	74	346	5	0.27143	40268.3	0.000125423	
2609	228	770	14.7757	10	1040	13	9	490	7	72	350	5	0.198996	43987.6	0.000127113	
2378	103	755	21.6977	10.0259	1033	11	9	472	15	80	343	4	0.076879	71196.2	0.000170387	
2434	120	757	23.9229	14.0069	951	11	7	473	10	65	330	5	0.083697	50822.9	0.000182315	
2632	319	747	17.7009	14.6967	984	12	9	479	9	56	336	4	0.238026	32008.6	0.000164853	
2300	100	736	23.4238	15.8237	913	12	8	483	8	73	333	5	0.066789	52086.8	0.000210128	
2309	100	737	24.3184	10	1022	11	8	485	5	64	339	5	0.065607	83553.9	0.00018498	
2303	102	742	23.9229	10	1033	15	8	476	10	74	347	5	0.067418	80519.4	0.000181653	
2562	297	756	16.4034	14.2589	1050	15	10	480	7	78	345	4	0.227106	32717.4	0.000156397	
2433	114	742	22.4378	10	1048	15	8	472	7	60	340	4	0.082051	73128.5	0.000163372	
2648	466	773	16.4713	14.666	1039	17	8	485	17	67	347	5	0.364197	29993.6	0.000156519	
2637	357	770	14.8733	10.542	1048	11	9	487	0	72	350	4	0.291698	38011.2	0.00012832	
2629	360	772	11.2458	10	1020	11	5	479	9	71	350	5	0.344449	39950.4	0.000123579	
2689	139	738	15.6222	13.1776	1043	14	9	489	13	71	349	6	0.133056	44611.2	0.000151012	
2544	122	747	21.3769	10	1010	12	8	480	11	65	348	5	0.094	66007.8	0.000152835	
2402	115	746	21.2308	10.0018	1020	14	9	469	2	76	338	4	0.084557	67511.1	0.000161264	
2385	209	745	19.4457	15.9166	935	10	9	460	0	77	336	5	0.14209	35037.5	0.000187266	
2391	118	746	23.1531	10	959	14	6	471	10	75	341	5	0.081345	70606.1	0.000165426	
2697	407	761	15.4222	15.6545	1050	16	9	487	12	76	350	5	0.327306	29401.6	0.000161238	
2375	140	736	19.7211	10.8993	993	12	8	483	6	71	341	6	0.100249	56129	0.00015586	
2420	114	760	21.8963	10.9583	980	11	10	490	5	74	350	6	0.084645	61866.4	0.000164474	
2640	463	734	18.5381	15.6474	1046	12	8	487	11	79	350	5	0.33143	28939.6	0.000168862	
2426	100	775	23.8756	10.2606	1023	12	6	470	6	62	339	4	0.073936	75562.5	0.000174368	
2625	378	775	14.5009	11.0233	1050	13	9	479	6	75	350	6	0.311443	36340.4	0.000130429	
2558	131	771	24.7204	10	1050	10	9	484	16	70	340	4	0.095716	72885.2	0.000152277	
2443	114	734	21.96	10.4873	950	10	9	490	8	76	325	6	0.082661	64564.6	0.000166667	
2373	100	761	23.9806	10	1050	15	8	464	18	68	339	4	0.070648	79406.3	0.000177211	
2652	166	754	16.1475	12.8423	972	10	7	487	9	76	328	6	0.148113	42150	0.000149009	
2662	500	768	15.3238	12.7312	1029	13	10	490	3	80	350	5	0.399102	31935.6	0.000141143	
2300	100	726	21.4983	15.2641	994	16	9	469	10	65	348	4	0.06999	52186.5	0.000201248	
2300	183	744	20.6543	16	911	14	9	468	3	46	322	4	0.118743	37245.5	0.000201532	
2300	101	739	19.8955	10	959	11	8	487	3	62	340	6	0.075882	68188.3	0.000174459	
2437	106	746	21.2722	10	1050	13	9	471	4	76	345	4	0.080989	69771.8	0.000165645	
2609	274	766	14.7757	10	1042	12	9	490	7	68	350	5	0.229321	42253.4	0.000127307	
2417	100	740	23.2503	10	967	14	10	484	4	64	336	5	0.071924	74271.4	0.000177022	
2300	118	757	23.7118	15.384	949	16	9	473	2	50	312	6	0.077743	48114.4	0.000204625	
2526	194	774	14.4565	10.386	995	13	6	483	14	75	348	5	0.174552	44941	0.000131909	
2548	131	763	15.6201	10.0255	1015	13	5	467	19	58	344	5	0.124933	54704.6	0.000140509	
2667	485	774	14.6984	11.8573	1039	11	10	484	7	65	348	5	0.396195	33776	0.000134735	
2662	410	733	14.9403	14.6771	1045	11	7	480	9	72	342	6	0.317176	30496.8	0.000158504	
2693	422	771	14.4852	11.6389	1050	10	8	482	1	78	350	6	0.350703	34448.8	0.00013231	
2300	100	742	24.6009	10	1006	11	8	485	5	64	339	5	0.065196	82682	0.000186116	
2590	147	765	21.2074	10	1017	13	7	487	14	58	345	5	0.11413	62973.7	0.000142066	
2433	263	737	18.7187	15.4239	977	11	8	468	9	56	350	6	0.178892	33211.3	0.000178923	
2420	110	737	21.8963	11.281	980	10	10	483	6	74	338	6	0.0799	61332.6	0.000171262	
2417	100	740	23.2503	12.9508	969	16	10	484	4	64	336	6	0.071924	57919.2	0.000187864	
2559	194	775	16.0676	10.1827	996	12	9	477	14	70	348	5	0.165342	46553.1	0.00013151	
2300	111	730	25	15.4165	917	13	9	475	10	76	333	6	0.069227	50688.2	0.0002096	
2603	351	754	16.9541	15.2458	1037	13	8	483	7	80	343	6	0.263944	30493.1	0.000163988	
2323	100	742	24.6037	10	1036	12	8	488	5	73	337	5	0.066011	83622	0.0001844	
2325	103	758	23.0168	14.3296	1050	15	9	475	14	80	343	4	0.072407	55375.7	0.00019084	
2300	100	734	24.5166	15.4165	903	13	8	475	8	80	333	5	0.064499	52910.4	0.000211954	
2623	319	770	14.3445	12.0885	1030	15	7	476	0	79	345	5	0.267558	35367.1	0.000137779	
2700	500	741	16.1904	16	1035	11	8	478	8	80	341	5	0.383157	28479.7	0.000168237	
2688	450	771	16.7212	13.5839	1050	10	7	477	1	76	350	6	0.354103	31563	0.000147189	
2658	277	755	13.5628	10.7645	997	12	8	488	8	74	348	6	0.243947	39087.8	0.000130907	
2601	455	740	16.8466	16	1018	11	7	482	10	78	346	5	0.333128	28774.2	0.000171792	
2593	197	736	17.7431	16	990	14	8	478	6	60	326	4	0.152088	35451.1	0.000178063	
2518	281	765	16.499	14.9586	1050	11	9	473	10	71	348	6	0.214695	32744	0.000162022	
2594	310	758	17.6595	13.0541	1034	13	7	483	4	80	348	6	0.23207	34582.9	0.000148832	
2541	114	762	21.4696	10	985	10	8	486	10	74	330	5	0.091027	66347.3	0.00015674	
2700	305	775	13.7157	11.8801	1043	15	10	487	7	71	338	5	0.273276	36009.4	0.000135007	
2300	105	733	23.4505	10	1005	12	9	476	9	63	346	5	0.069085	77968.2	0.000179469	
2333	100	759	23.1164	15.4142	915	16	9	468	2	50	331	6	0.070648	50982.2	0.00020475	
2320	100	736	23.4238	15.8237	913	12	8	483	8	73	333	5	0.067507	51821.3	0.000208855	
2400	115	774	21.3085	10.9044	1020	14	9	479	7	68	341	6	0.087647	62044.4	0.000161681	
2605	407	773	18.3283	15.6545	1046	11	8	480	4	76	346	4	0.303809	29487.5	0.0001657	
2676	500	743	17.0236	14.1782	1039	13	9	489	7	80	350	5	0.37537	30169.2	0.000154655	
2434	100	725	20.1367	15.6908	961	15	9	470	7	54	349	4	0.078016	49491.8	0.000198059	
2544	116	749	19.6292	10.5601	1042	12	7	468	12	66	340	5	0.095928	60493	0.000155376	
2672	272	735	14.6871	11.3538	1050	12	9	468	9	80	350	6	0.225068	38284.8	0.000135026	
2584	310	743	16.8466	16	1033	11	7	482	13	78	334	5	0.23116	30794.9	0.00017191	
2300	100	741	24.9535	14.5422	1050	13	8	479	5	77	350	6	0.064568	58498.5	0.000203128	
2583	237	760	15.4767	14.5942	1033	10	8	482	17	80	348	6	0.195459	34634.4	0.000157307	
2612	372	731	17.2947	15.2922	1038	10	9	489	12	71	337	5	0.269103	30193.8	0.000167056	
2656	313	762	17.2949	14.6967	980	15	7	478	9	62	340	4	0.242698	32062.8	0.000161734	
2305	100	743	22.3361	14.0505	1001	16	6	470	6	58	342	6	0.069723	55589	0.000195351	
2300	186	740	23.0678	16	908	15	8	474	4	54	310	5	0.113679	38273.6	0.000208464	
2625	378	775	14.0232	11.9036	1037	13	8	479	5	75	349	6	0.316393	34473.8	0.000135227	
2544	117	756	20.9397	10.5242	1050	10	8	468	14	65	338	4	0.093358	63094.1	0.000155569	
2402	111	748	23.2792	10.0259	1036	16	10	480	9	66	338	5	0.078155	74680.6	0.000168011	
2643	151	754	15.6515	11.0521	1046	13	7	478	10	61	343	5	0.141054	48199.1	0.000137608	
2300	101	739	25	10.7028	959	11	8	487	8	62	342	6	0.064906	73958.2	0.000189861	
2678	176	766	13.7802	10.9833	1013	15	10	483	20	56	350	5	0.177412	44819.8	0.000131996	
2519	100	756	25	10.888	1024	15	6	483	11	68	344	6	0.073734	72738	0.000176897	
2540	263	737	18.7187	14.7554	977	11	8	468	9	56	350	6	0.186577	33645.3	0.000170242	
2402	115	745	23.1168	10.0018	1020	14	9	469	2	75	338	4	0.080034	72158	0.000165563	
2643	203	758	16.7907	12.4007	1029	12	7	480	17	70	350	5	0.168639	40058.4	0.000142552	
2662	387	757	14.9403	14.6771	1045	11	7	481	9	72	342	5	0.310498	30782.2	0.000155739	
2666	407	773	14.9303	15.5686	1046	11	7	488	18	76	343	5	0.332639	29711.8	0.000159795	
2645	500	740	16.8466	16	1033	12	7	482	10	78	334	5	0.371588	28423.9	0.00017059	
2658	277	747	13.5628	10.7645	1002	12	8	488	8	67	348	6	0.241363	39360.7	0.000131804	
2382	114	734	21.8963	10.4873	985	10	10	490	5	80	331	5	0.080242	65826	0.00016835	
2633	228	765	16.8406	13.7147	1041	13	6	488	6	79	335	6	0.186131	36209.2	0.0001514	
2617	460	767	14.4577	13.9007	1028	12	7	490	6	77	350	6	0.369897	30863	0.000149611	
2330	100	725	24.9171	10	921	13	8	488	5	80	336	5	0.064209	76083.1	0.000188644	
2402	100	746	23.034	11.7004	1028	14	9	470	2	78	346	4	0.071966	63720.5	0.00018162	
2519	100	753	24.7404	10.888	1024	14	6	482	11	75	344	6	0.074028	72039.9	0.000176491	
2700	500	772	14.3385	13.8423	1036	11	9	489	7	80	350	6	0.415267	30566.3	0.000146477	
2348	100	725	24.9535	10	975	13	8	468	5	79	336	6	0.064826	78842.3	0.000186811	
2432	147	772	18.7544	10.0831	1031	15	7	483	7	75	340	4	0.114967	57651.7	0.000143041	
2640	463	734	17.1129	15.6474	1046	12	8	487	11	79	350	5	0.338475	28821.9	0.000167196	
2416	116	773	18.6607	10.7542	1021	13	9	479	2	71	350	6	0.096691	57725.2	0.000155594	
2465	241	745	19.5018	15.9166	954	18	8	460	6	74	336	6	0.166478	33283.8	0.000184128	
2557	359	773	15.3627	15.0984	1050	13	10	490	1	76	345	5	0.282081	30937.3	0.000159337	
2551	121	758	23.9806	10.0227	1050	15	8	479	6	76	350	5	0.089137	72627.9	0.000155763	
2550	134	756	20.5887	16	948	14	8	468	14	65	332	4	0.104865	42482.6	0.00018205	
2614	483	772	13.0855	12.2766	1049	13	10	485	9	80	349	5	0.406252	32978.2	0.000136761	
2601	376	725	17.3329	15.5284	1020	13	9	485	8	73	342	5	0.2686	29856.8	0.000170648	
2319	106	736	20.492	10.208	1003	12	7	485	5	80	340	5	0.077403	68077.7	0.000171438	
2649	374	769	16.5415	15.8696	1047	14	6	479	0	72	350	6	0.292422	29740.7	0.000164989	
2567	194	774	14.4677	10.386	995	13	6	483	14	71	348	5	0.176751	45041.4	0.00013077	
2322	104	773	21.7003	11.4476	1016	15	9	469	19	71	339	5	0.077035	62691.1	0.000174978	
2606	313	760	12.804	10	1044	12	6	478	12	76	348	4	0.27556	40078.2	0.000126151	
2446	166	754	15.5765	12.526	972	12	7	488	9	80	333	6	0.139509	43026.5	0.000152462	
2337	167	740	22.7137	15.8842	953	15	9	467	5	69	339	5	0.106208	39924.6	0.000196194	
2632	116	730	22.7966	15.8776	907	13	9	475	7	46	349	6	0.088488	46324.4	0.000192567	
2590	147	769	19.8884	10	1017	13	7	485	14	60	345	5	0.119013	59747.1	0.000139218	
2315	148	728	21.9676	15.7855	933	16	4	481	9	80	347	4	0.094847	42749.2	0.000196464	
2638	500	759	15.2802	13.2414	1032	11	9	490	4	80	341	4	0.391364	31141.4	0.000146456	
2513	194	774	14.4677	10.1827	1030	13	7	485	10	76	348	5	0.173006	45897.7	0.000130565	
2698	319	772	14.0791	15.8123	1046	11	7	490	7	80	347	5	0.27815	31337.7	0.000159949	
2667	372	731	17.2947	15.2922	1023	10	9	490	9	71	334	5	0.274273	30054.4	0.000166445	
2393	100	741	21.4787	10.0692	987	13	6	475	10	73	343	6	0.074943	70925.5	0.000174581	
2611	455	740	16.8466	16	1029	11	7	482	10	80	345	5	0.334248	28729	0.000171028	
2380	100	731	23.1147	13.0835	988	17	9	480	3	64	331	5	0.069727	58005.7	0.000191388	
2300	195	731	19.0783	15.8842	927	15	9	472	4	57	348	4	0.127594	36487	0.00019305	
2300	100	734	22.6062	10.3467	917	13	8	484	6	74	333	6	0.068175	69530.5	0.000183993	
2697	446	762	19.788	16	1050	11	9	488	16	76	350	5	0.331677	28830.5	0.000167983	
2497	178	744	16.1475	12.8423	972	10	7	485	9	80	333	6	0.144478	41020.8	0.000153775	
2605	184	761	18.4309	12.2458	1025	13	9	490	7	70	350	5	0.147233	42814.3	0.00014455	
2667	151	757	15.6515	10.2924	1046	11	8	478	10	63	349	5	0.142972	50456.9	0.000132626	
2494	271	736	17.0873	14.6595	1050	11	9	468	12	80	350	6	0.195302	33491.5	0.000164501	
2454	119	746	23.1531	10	1000	14	7	471	9	80	343	5	0.084432	70483.8	0.000161238	
2417	100	740	23.4444	10	971	11	10	484	8	64	336	6	0.071376	75467.2	0.00017762	
2670	426	769	12.0555	10.6082	1050	10	8	483	5	77	350	6	0.383217	36672.5	0.000125865	
2416	114	732	19.8643	10.753	977	16	8	482	5	54	340	5	0.086747	60276.4	0.000164718	
2700	453	771	10.8067	10	1050	11	6	480	9	73	350	5	0.43776	39178.2	0.000121418	
2316	241	745	19.5018	15.9166	914	16	8	460	4	74	324	6	0.156443	33986.8	0.000192827	
2682	493	767	12.5241	11.8178	1050	12	9	482	7	77	344	5	0.428943	33963.4	0.000133333	
2334	103	744	23.9229	10	993	12	7	482	1	65	350	6	0.069253	78473.9	0.000179211	
2581	303	772	19.4251	16	1014	11	8	478	15	75	350	4	0.222371	30928.6	0.00017191	
2327	221	737	18.1271	15.8842	927	14	9	469	4	63	349	5	0.148953	34771.1	0.000188288	
2678	176	760	13.7802	11.1732	1037	16	10	484	20	59	350	5	0.176023	44349.4	0.000132873	
2670	153	733	15.2749	14.082	973	12	5	482	8	80	333	5	0.142197	41836	0.000158228	
2625	219	755	15.9178	11.0964	1033	10	8	483	18	80	350	5	0.182212	41631	0.000134517	
2394	100	746	25	10.0018	1027	12	8	469	8	75	330	4	0.06833	80269.8	0.000180865	
2300	100	735	24.973	15.8237	913	12	6	479	8	73	335	5	0.064044	53004.2	0.000214823	
2472	212	737	18.1271	15.8842	927	13	8	469	4	63	350	5	0.152868	34497.3	0.000182448	
2355	100	748	25	10.0259	922	11	6	477	4	75	344	4	0.067128	75789.2	0.000183688	
2551	151	754	15.6515	10	979	12	7	477	12	60	343	5	0.135873	51635.7	0.000136426	
2304	100	742	24.1232	14.0505	995	16	6	470	9	61	342	6	0.066405	57139.3	0.0001998	
2617	133	731	15.6264	11.0896	1042	12	10	488	3	61	340	4	0.124404	49862.6	0.000145688	
2698	133	742	22.6075	13.2361	1046	14	9	474	11	62	350	4	0.103492	49989.8	0.000160333	
2300	183	744	20.9916	16	916	16	9	477	3	46	322	5	0.117639	37410.8	0.000203459	
2619	345	773	12.9637	10	1050	13	8	472	7	70	350	4	0.302988	39513.9	0.000124239	
2655	138	763	20.0501	10.3565	992	14	9	472	2	60	348	6	0.115052	58422.2	0.000142328	
2416	105	738	20.8997	10.624	924	14	8	477	13	61	341	5	0.079295	62844	0.000172147	
2700	500	772	14.9303	13.8423	1036	11	9	489	7	80	350	6	0.409122	30433	0.000146972	
2485	116	730	19.8799	10	1023	12	8	481	6	69	330	4	0.09048	64301.7	0.000158103	
2700	377	771	12.7816	10	1011	12	5	473	18	66	350	5	0.337152	39832.2	0.000123716	
2525	194	733	14.9711	10.5173	1030	13	7	485	10	76	348	5	0.161185	45310.9	0.000136036	
2596	131	732	21.0341	10.753	977	16	8	482	5	54	348	5	0.10067	59697.3	0.000153351	
2484	166	754	16.1475	12.8423	972	10	7	487	9	68	332	6	0.13832	42501.6	0.000153492	
2420	114	764	21.8963	10.9583	1004	10	10	487	5	74	350	6	0.085091	62581.6	0.000163747	
2402	100	746	24.8602	10.0018	1029	14	9	469	2	78	346	4	0.068624	79295.8	0.000179953	
2402	100	746	25	10.0018	1025	14	9	469	3	75	331	4	0.068614	79521.7	0.000180473	
2700	460	775	13.7157	13.3016	1043	14	9	486	5	71	338	5	0.392318	31839.1	0.000143287	
2395	100	731	23.1147	12.9751	988	18	10	480	5	74	340	5	0.070265	58147.2	0.000189609	
2339	100	754	23.1644	11.0871	1015	11	7	485	8	71	333	5	0.070403	69735	0.000181917	
2402	100	745	23.9806	10.2086	1049	15	8	464	2	75	339	4	0.070205	77094.8	0.00017838	
2657	500	745	16.0836	15.9322	1013	11	8	490	9	72	350	5	0.380679	28491.2	0.000168039	
2661	420	758	13.7384	13.7839	1050	11	8	479	9	75	350	5	0.347521	31602.5	0.000147427	
2697	427	761	15.8888	15.8706	1043	16	9	487	19	76	350	5	0.338838	28962	0.000163532	
2300	100	735	20.803	15.3982	908	13	9	477	13	46	347	5	0.072398	49906.4	0.000204123	
2649	374	762	16.5415	15.8696	1047	14	8	479	0	72	350	6	0.289761	29652.1	0.000165782	
2393	114	731	19.8643	14.986	1030	16	9	482	5	54	340	5	0.085676	48176.8	0.000185632	
2672	263	735	14.6871	11.3538	1034	12	9	467	10	79	345	6	0.219008	38654.8	0.000136203	
2475	100	744	23.9229	15.494	948	12	7	482	6	72	332	5	0.072736	51990.3	0.000198373	
2525	124	736	24.9197	16	951	13	8	479	6	71	336	5	0.085463	45926.8	0.000193424	
2560	237	748	15.4767	11.0964	1015	10	8	483	17	80	348	5	0.190692	40411.6	0.00013725	
2618	194	774	12.0192	10	1018	13	6	483	14	73	350	5	0.209445	45758.2	0.000124828	
2696	352	728	16.6326	15.5204	1042	11	7	482	8	67	323	5	0.265929	30330.9	0.000167898	
2605	184	761	14.7757	12.2458	1026	13	9	490	7	70	350	5	0.167397	41181	0.000140193	
2601	301	757	15.3197	13.9124	1041	12	7	490	6	71	349	5	0.240603	33034.9	0.000151469	
2638	307	771	14.092	10.0067	1018	12	8	473	7	76	346	5	0.263414	40565.3	0.000126422	
2300	114	739	22.4378	10	1048	15	8	472	7	60	337	4	0.07646	76344.6	0.000170387	
2478	100	775	23.9806	10.6022	1029	15	7	473	12	75	339	4	0.075876	71324.3	0.00017337	
2662	266	773	11.3892	10.2939	1050	12	9	471	8	72	346	5	0.275299	41508.1	0.000124316	
2339	100	754	25	10	1015	12	7	485	7	70	333	5	0.067094	82466.8	0.000183284	
2348	100	734	23.7198	13.3233	917	14	8	475	10	64	333	6	0.067791	56676	0.00019604	
2315	100	742	25	10	983	12	8	467	2	63	341	4	0.06518	79634.4	0.000186324	
2332	100	770	23.9806	10.2086	1049	15	8	463	4	75	339	4	0.069959	77282.6	0.000178603	
2700	460	775	16.0742	13.3016	1043	14	9	486	5	71	338	5	0.369687	31618.3	0.000145285	
2619	402	775	12.9637	10.001	1050	12	8	466	7	70	350	4	0.346705	38762.6	0.0001239	
2320	102	744	23.9229	10	976	12	6	487	2	66	343	5	0.068217	78696.7	0.000181094	
2315	100	734	25	10	1017	12	8	467	0	63	341	4	0.064477	82247.1	0.000186846	
2417	108	743	23.4444	10.6649	986	16	10	478	4	65	343	5	0.076019	67958.8	0.00017298	
2594	310	758	14.7447	13.1989	1034	11	8	483	8	80	348	6	0.251125	33602.2	0.000146477	
2456	131	735	24.973	16	900	13	6	489	11	68	339	5	0.086487	44905.2	0.000199283	
2460	127	737	17.9564	11.4698	990	13	5	473	8	67	347	5	0.103033	52299.6	0.0001554	
2595	138	761	20.0501	10.1311	992	13	9	472	2	58	348	6	0.11189	59593.3	0.000143102	
2624	319	747	17.7009	14.6967	984	12	9	479	9	56	336	4	0.237345	32018.6	0.000165071	
2700	500	772	14.0818	13.1298	1038	11	9	489	7	77	347	5	0.41835	31456.7	0.000141443	
2632	263	737	18.7187	14.7554	1044	11	8	466	9	56	350	6	0.193185	33894.6	0.000164663	
2665	401	771	13.5161	11.2317	1050	10	8	466	2	80	350	6	0.342258	35714.5	0.000130056	
2697	496	773	15.3627	15.0984	1050	11	10	490	1	76	345	5	0.402221	29139.4	0.000155763	
2617	409	767	14.5436	13.9007	1046	13	8	490	6	76	347	5	0.329691	31247.8	0.000149165	
2413	221	740	17.33	14.4937	973	17	10	483	14	75	342	4	0.158573	35946.5	0.000169693	
2300	183	744	23.1329	16	916	16	9	477	3	43	322	5	0.11263	38099.6	0.000211104	
2538	110	760	21.2802	10.0766	1007	13	9	472	9	61	343	5	0.088899	66619.8	0.000159084	
2414	103	749	23.3785	11.7501	965	17	6	479	2	69	345	4	0.073778	62400.8	0.000179888	
2300	136	725	25	16	909	15	8	473	7	62	350	4	0.081611	44493.2	0.00021254	
2303	130	757	23.1164	15.4142	915	16	9	468	1	50	323	6	0.085446	44992.7	0.000201857	
2559	194	775	15.2139	10.1827	991	12	9	477	10	70	348	5	0.170886	45688.4	0.000130582	
2402	111	761	23.2792	10.0259	1036	15	10	480	9	72	338	5	0.079513	73934	0.000166251	
2640	500	767	15.1281	12.766	1039	13	10	489	7	80	346	5	0.397252	31824.4	0.000141884	
2691	493	769	15.8691	13.2643	1050	11	9	484	10	66	346	6	0.39321	31494.8	0.000144676	
2684	278	728	16.5281	15.5204	1025	11	9	482	4	71	316	5	0.21454	31931	0.000169262	
2427	116	757	17.1295	14.9586	1010	11	6	486	7	55	347	6	0.101208	47225.3	0.000176211	
2692	146	756	21.9553	10	1041	13	7	478	5	62	344	5	0.115173	65616.9	0.000140371	
2665	500	747	16.5352	14.7303	1050	11	8	490	7	79	349	5	0.378989	29414	0.000157406	
2558	147	764	19.8884	10	1041	13	6	485	7	60	349	5	0.116643	61238.7	0.000139665	
2323	100	734	25	12.0468	990	13	9	483	10	64	340	5	0.064756	66045.9	0.000193836	
2484	116	749	17.1295	14.9586	1010	11	6	486	7	55	347	6	0.10278	46846.2	0.000175439	
2558	150	771	17.4944	10	1050	13	9	484	16	68	343	4	0.128566	54455	0.000135796	
2623	198	767	16.0132	12.7194	1030	17	8	481	3	80	344	5	0.170415	39454.1	0.000143947	
2416	116	756	19.2439	10.7542	1021	12	9	478	3	77	340	6	0.092364	58955.6	0.000158932	
2429	110	742	23.9434	10.1776	1018	13	8	488	6	64	334	5	0.076346	75205.8	0.000170911	
2578	110	736	22.0047	15.8842	938	15	9	482	7	66	343	5	0.085952	47182.1	0.000189322	
2700	468	770	12.9274	10	1048	11	6	480	8	73	350	5	0.406734	38117.4	0.00012288	
2603	409	731	17.3329	15.9902	1037	14	9	479	9	70	332	5	0.293915	29207	0.000173913	
2670	426	769	14.5437	11.6389	1050	10	8	483	5	80	350	6	0.349488	34321.3	0.000133085	
2647	277	755	13.5628	10.7645	998	12	8	490	8	62	348	5	0.242992	39396.5	0.000131234	
2670	119	745	21.1328	10	1050	12	8	468	16	62	339	5	0.097851	67044.6	0.000151217	
2668	316	771	14.1168	10.2939	1050	12	9	473	7	68	346	5	0.272032	39764.1	0.000126438	
2457	100	743	22.7966	15.8842	927	11	10	472	7	57	346	5	0.074239	50103.6	0.00020028	
2654	218	763	14.9468	11.4172	1047	11	6	478	0	72	350	6	0.192498	40852.5	0.000133316	
2653	194	738	22.11	15.75	998	14	8	478	6	73	332	5	0.139479	36943.8	0.000177873	
2660	132	768	22.9008	10.2086	1021	15	8	467	2	75	339	4	0.104165	65911.9	0.000146649	
2355	150	738	22.7137	15.8842	953	15	9	467	5	69	349	5	0.097449	41680.9	0.000194932	
2657	207	763	15.5061	11.4172	1047	10	6	481	0	72	350	6	0.181544	41753.6	0.000133726	
2635	404	775	13.8053	10.8866	1048	10	9	471	1	71	350	5	0.33928	36374.6	0.000128551	
2677	333	769	14.6041	11.6428	1050	12	8	485	10	70	344	6	0.280485	35829	0.00013412	
2605	398	768	15.488	15.2917	1027	10	7	488	5	79	350	6	0.312872	30032.9	0.000160901	
2620	100	752	25	15.2744	1034	13	8	486	3	64	345	5	0.076949	53301.4	0.000190114	
2379	101	742	19.1054	13.0197	978	18	8	484	8	69	345	5	0.081413	53962.6	0.000181851	
2689	500	731	16.4218	15.6379	1037	11	9	483	3	76	348	5	0.374465	28626.8	0.000166389	
2454	119	746	23.1531	10	1003	14	7	471	9	80	344	5	0.084432	70687.7	0.000161134	
2675	378	770	14.5009	11.4146	1050	13	9	479	3	75	350	6	0.314737	35499.7	0.000131787	
2653	256	775	15.2384	11.7196	998	15	8	487	11	62	348	4	0.21979	38219.1	0.000136556	
2587	148	755	18.1634	12.2978	1041	14	8	472	9	75	336	6	0.123241	46602.7	0.000148655	
2404	271	742	19.1252	15.4315	1026	12	5	480	10	63	346	5	0.181116	33862.6	0.000177117	
2322	102	741	23.3577	10	976	12	6	487	2	66	334	5	0.069087	77703.3	0.000180213	
2313	100	761	20.9626	10.4945	1050	16	8	468	14	67	349	4	0.074935	69463.4	0.000174886	
2413	221	743	17.3301	14.4937	973	17	10	483	14	75	350	4	0.159216	35918.7	0.000168577	
2568	140	751	20.3755	12.0609	1005	12	9	471	2	72	341	4	0.109167	49784.9	0.000153163	
2443	120	763	21.6734	10.4873	1040	10	9	490	5	75	326	5	0.08993	65518.6	0.000158781	
2438	100	755	22.7966	15.8842	927	11	10	472	7	57	350	5	0.07473	50217.1	0.000199283	
2660	415	729	18.2592	16	992	13	7	487	9	80	347	5	0.29831	29100.5	0.000173792	
2300	100	742	24.7112	16	942	13	8	477	7	71	336	5	0.065189	52716.4	0.000212766	
2700	344	770	14.143	10.3334	1049	11	8	487	0	72	350	4	0.295416	38572.8	0.000125282	
2483	147	769	18.7475	10	1044	13	7	485	9	60	350	5	0.117141	58891.6	0.00013986	
2694	497	769	14.8971	11.9131	1046	11	8	483	6	79	348	6	0.40514	33444.9	0.000134789	
2700	380	770	13.7503	10.542	1010	11	9	486	0	80	350	4	0.326795	37141.1	0.000126984	
2460	271	745	19.5018	15.9166	954	18	8	460	6	74	336	6	0.184752	32264	0.000184298	
2564	188	758	15.3197	13.9007	1040	11	9	486	6	80	350	6	0.163035	38534.5	0.000152369	
2426	100	775	23.8756	10.4687	1023	12	6	470	6	62	339	4	0.073936	73826	0.000174978	
2665	422	755	13.4798	10.9779	1050	10	8	482	5	78	350	5	0.35172	35632.2	0.000129938	
2537	133	769	17.1395	12.0132	1050	10	9	484	4	80	350	5	0.118407	48446.5	0.00014782	
2394	100	746	24.8602	10.0018	1027	14	8	469	5	75	338	4	0.06834	79775.2	0.000180603	
2313	100	761	23.0754	10.4589	1050	16	8	468	14	70	344	4	0.070089	74519.6	0.000179308	
2560	198	754	17.6333	15.6109	1050	12	7	481	5	50	345	5	0.155011	36100.4	0.000170823	
2578	313	762	17.2949	14.6967	944	13	9	470	10	62	342	4	0.235972	31982.7	0.000165207	
2680	476	745	14.7703	13.0349	1046	11	9	470	13	71	345	4	0.375318	31955.3	0.000144907	
2355	102	753	23.9806	10.0259	922	15	7	474	2	75	339	4	0.070326	72712	0.000178987	
2605	171	761	18.6849	11.8886	1026	13	9	490	6	68	350	5	0.137762	45468.7	0.000143041	
2432	147	734	18.7544	10.0831	1026	15	8	481	7	75	340	4	0.109308	58049.1	0.000146864	
2300	185	741	25	16	931	16	9	475	4	47	314	5	0.109873	39008.4	0.000217014	
2512	183	771	12.9637	10.1827	1024	15	8	481	17	78	348	6	0.180278	46029.7	0.000130141	
2432	100	738	25	11.2384	953	15	7	489	0	67	342	6	0.068929	68337.1	0.000184843	
2327	167	743	22.212	15.8842	1014	15	9	467	5	62	349	5	0.107254	40624.2	0.000192049	
2607	184	761	14.7757	12.2458	1026	13	9	490	7	70	350	5	0.167528	41245.5	0.000140115	
2700	389	768	14.3575	12.1228	997	13	8	481	8	75	350	4	0.326327	34245.3	0.000137005	
2552	276	767	17.2734	12.607	1050	12	8	476	2	70	349	5	0.210151	36669	0.000145159	
2623	198	763	17.4041	12.6031	976	14	8	490	0	80	347	5	0.162069	40130.9	0.000146284	
2300	113	725	19.5097	16	900	15	8	473	12	66	348	4	0.081646	46624.1	0.000199561	
2570	170	770	20.2258	12.0885	1029	15	7	486	0	78	345	5	0.131263	46748.2	0.000147037	
2428	119	735	20.2024	10.624	992	14	7	484	13	74	341	5	0.089276	60704.1	0.000160359	
2300	100	736	22.7083	11.4069	988	13	7	472	8	66	339	5	0.068359	65896.4	0.000185943	
2325	103	758	23.0168	10.0259	1050	15	9	472	14	77	347	4	0.072407	76580	0.000174398	
2300	100	742	23.3466	16	1003	12	7	485	6	80	340	5	0.067336	53716.2	0.000207168	
2700	490	772	14.0818	13.8423	1036	11	9	489	7	80	347	5	0.410269	30726.9	0.000146349	
2682	493	769	12.2132	12.0027	1050	10	9	484	10	66	349	5	0.435418	34089.3	0.000133245	
2300	100	746	22.7083	10.9258	972	13	8	476	13	75	345	4	0.069287	67334.3	0.000182815	
2550	115	752	20.9261	10.5242	1050	14	8	477	14	65	334	5	0.091945	63646.6	0.000157754	
2416	116	773	19.2439	10.7542	1021	12	9	479	2	75	350	6	0.094441	58733.6	0.000156568	
2548	116	753	20.9311	10	1050	12	8	468	16	65	344	4	0.09257	66669.5	0.000154464	
2665	320	747	16.5352	14.7303	1050	11	8	490	7	74	349	5	0.2475	31471.5	0.000157505	
2304	100	742	24.1232	14.0505	987	16	6	470	9	60	342	6	0.066405	56922.9	0.00020008	
2560	237	760	15.4767	13.9237	1033	10	8	482	17	80	348	6	0.193751	35323.8	0.000153069	
2300	127	738	20.9617	11.4698	990	13	7	487	8	80	346	5	0.086365	58220	0.000167701	
2697	470	773	15.3627	14.7923	1050	11	10	475	4	80	345	5	0.381505	29752.4	0.000154416	
2433	114	742	20.7148	10	1048	15	8	479	7	60	340	4	0.085912	68687.2	0.000160668	
2562	186	732	20.9379	14.2589	1050	15	10	480	8	78	345	4	0.131561	39753.3	0.000165508	
2300	149	744	22.5913	16	916	16	9	482	3	46	328	5	0.095138	41167.1	0.000207297	
2310	100	746	22.7083	10.9258	972	13	8	476	18	75	345	4	0.069657	67163.3	0.000182382	
2689	464	725	16.3412	16	1037	13	9	490	3	80	334	5	0.345419	28456.6	0.000170126	
2511	100	739	25	13.4862	963	11	8	486	3	66	343	5	0.071795	57511.2	0.000189286	
2677	355	775	14.6715	12.306	1042	11	5	471	1	72	344	5	0.298296	34665.3	0.000137438	
2325	103	758	20.5743	11.8261	1050	15	9	472	7	60	343	4	0.077796	60865.9	0.000176243	
2464	100	775	23.9806	10.6022	1040	15	7	469	12	80	336	4	0.075352	71867.2	0.000173792	
2680	124	743	17.9385	12.8207	1028	12	7	480	6	77	336	5	0.112352	48422.3	0.000156691	
2551	119	759	20.8997	10.9493	1009	14	7	484	14	80	348	4	0.095209	58688.9	0.000155739	
2349	114	740	20.3988	14.6189	900	15	7	481	1	50	346	4	0.083302	47572.7	0.000189573	
2353	100	736	19.5267	12.5808	964	11	10	474	14	67	335	4	0.078156	55262.6	0.000182749	
2682	228	765	16.8406	14.3089	1018	13	6	488	6	79	335	6	0.189578	35368.6	0.000155231	
2304	100	742	24.1232	14.0505	987	17	6	470	9	60	342	6	0.066405	56782.9	0.0002002	
2300	100	742	24.7112	14.0209	942	13	8	472	7	71	336	5	0.065189	56477.1	0.000202593	
2474	205	736	17.7431	16	975	15	8	478	6	60	326	4	0.149716	35134.8	0.000182615	
2645	193	775	13.5143	10.0124	1050	13	9	469	6	74	346	5	0.191278	45665	0.000124984	
2444	129	738	21.1328	10.2981	1050	12	8	465	8	57	335	4	0.093142	65655.5	0.000155521	
2385	263	737	18.7187	14.7554	980	13	8	466	9	56	350	6	0.175444	34244.2	0.000175778	
2375	105	742	24.8599	15.1357	985	13	7	485	7	64	345	5	0.069968	53383.5	0.000199681	
2691	232	756	15.5921	15.6545	1013	11	8	481	5	76	348	5	0.198379	33886.4	0.000164204	
2567	261	732	18.7273	14.0998	1050	14	10	471	8	78	345	5	0.18597	34703.3	0.000161057	
2680	228	770	14.0771	10.8243	1007	14	9	472	7	69	346	6	0.210857	41562.1	0.00013031	
2443	114	736	21.8963	13.6516	959	10	9	490	8	74	331	6	0.082887	51527.9	0.00017963	
2589	253	767	16.2884	13.9007	1032	13	9	490	6	80	350	4	0.203367	34393.7	0.000151745	
2646	303	768	13.7313	10.8866	1049	10	8	471	4	75	348	6	0.263612	38146.7	0.000129299	
2617	377	767	16.7582	13.9007	1016	14	9	488	4	74	350	4	0.28924	31522.1	0.000152416	
2659	235	773	11.8184	10	1050	13	9	471	6	80	346	5	0.24455	42978.2	0.000123472	
2300	109	752	25	16	909	16	9	472	6	60	348	4	0.070257	49558.3	0.000211282	
2560	141	748	20.2641	10.2739	989	13	5	478	6	60	347	4	0.109542	59970.6	0.000145433	
2314	100	734	25	15.8452	927	15	9	469	7	68	348	4	0.064443	52207.6	0.000213402	
2436	104	758	23.1422	10.7066	998	15	7	479	8	78	344	5	0.076618	67999.8	0.000172533	
2342	147	743	24.7112	16	969	12	8	477	9	72	332	5	0.091943	43665.3	0.000201776	
2598	148	745	17.4629	15.32	1037	14	9	468	9	80	338	6	0.125699	40814.2	0.000167983	
2363	100	736	25	13.4862	963	11	8	486	3	66	333	5	0.066331	58859.9	0.000197355	
2315	136	728	21.9676	15.7855	933	16	4	481	9	80	347	4	0.08848	44540.2	0.000196657	
2340	100	755	25	11.6856	997	11	7	480	7	74	333	5	0.067219	67848.8	0.000188679	
2619	287	769	12.9637	10	1050	13	8	472	7	69	350	4	0.259415	40968.7	0.000124595	
2400	109	774	21.3085	10.9044	1020	14	9	479	8	68	341	6	0.084225	63041.2	0.000165317	
2300	100	743	23.377	15.8977	983	13	8	477	9	72	333	5	0.067426	52973.8	0.000207469	
2689	139	748	15.6222	13.1776	1043	14	9	480	13	65	349	6	0.134859	44662.7	0.000150353	
2670	422	771	13.2129	10.4609	1050	10	7	480	1	69	350	4	0.362661	37116.9	0.000125486	
2649	391	749	16.5415	15.8697	1047	14	6	479	0	72	350	6	0.297032	29513	0.000167224	
2551	116	745	21.1328	10	1050	13	9	468	16	65	334	4	0.091135	67259.1	0.000156152	
2609	231	767	14.7757	10.2204	1023	13	9	474	7	70	350	5	0.200243	43193.4	0.000128485	
2665	480	745	16.5352	14.7303	1050	11	8	490	7	79	349	5	0.362779	29528.1	0.000157629	
2605	181	761	18.6849	11.8886	1031	13	9	490	17	62	350	5	0.144089	44786.1	0.000143349	
2348	100	730	25	10	1017	12	9	467	1	63	341	4	0.06527	81431.2	0.000185275	
2361	100	736	23.8489	10.3219	988	11	8	486	3	66	349	5	0.068434	75305.3	0.000181357	
2625	237	755	15.4767	11.0964	1033	10	8	483	18	80	350	5	0.197272	40314.2	0.00013403	
2300	100	725	25	15.5968	927	16	9	472	7	56	348	4	0.06317	52338.1	0.00021561	
2643	151	758	16.7907	10	1046	12	6	476	17	78	343	5	0.135169	53262.8	0.000133636	
2459	100	739	24.743	14.5629	971	13	8	486	5	80	336	5	0.070534	54632.1	0.000195465	
2574	228	761	17.3387	13.7147	1050	13	7	488	6	70	344	6	0.178538	36575.6	0.000153092	
2692	151	757	21.9553	10	1041	13	7	477	5	62	345	5	0.11847	65078.7	0.000139353	
2649	349	769	16.5415	15.8696	1043	14	6	478	0	72	350	6	0.274191	30103.4	0.000165235	
2653	256	747	15.2384	11.7196	1023	15	8	487	11	75	343	4	0.211849	38050.3	0.000138639	
2667	287	774	14.6984	11.497	1039	13	10	484	7	65	348	5	0.246571	37383.8	0.000133032	
2532	131	763	15.6201	11.2123	1015	13	5	467	20	58	349	5	0.124085	50326.8	0.000145539	
2617	486	767	14.9889	13.2498	1046	13	9	490	6	77	347	5	0.384871	31311	0.000145096	
2402	111	748	23.2792	10.0259	1036	17	10	480	7	66	338	5	0.078155	74607.9	0.000168095	
2431	123	775	21.0074	10.5902	1050	15	7	473	9	80	339	4	0.094301	62546.8	0.000154321	
2561	198	770	18.8071	12.6031	1029	15	5	481	3	80	350	4	0.153418	41666.3	0.000147341	
2692	141	748	20.2641	10.2739	989	13	5	478	6	60	349	5	0.115779	60751.6	0.000141784	
2682	493	766	14.9477	11.8178	1050	12	9	482	7	77	346	5	0.398075	33626.4	0.000134971	
2363	100	736	25	13.4862	996	10	8	487	3	65	350	5	0.066331	59830.2	0.000195925	
2630	409	775	15.0299	14.666	1021	16	8	490	17	70	349	4	0.330292	30470.9	0.000155231	
2318	100	734	25	10	1017	13	8	467	0	63	341	5	0.064582	82403.1	0.000186776	
2609	145	765	15.6771	10.0001	1042	13	10	484	7	67	350	5	0.137365	51751.1	0.000133476	
2648	386	768	15.488	14.3721	1020	10	7	489	7	80	347	6	0.308553	30848.2	0.00015361	
2613	384	767	14.7447	13.1863	1021	11	8	488	10	80	350	6	0.309298	32301.1	0.000145285	
2424	115	756	19.2439	10.7542	1021	12	8	478	3	74	340	6	0.092147	59274.5	0.000159261	
2373	100	761	23.9806	10	1032	15	7	464	18	68	339	4	0.070648	78572.8	0.000177431	
2300	240	725	25	16	909	16	8	472	7	60	348	4	0.137646	35896.1	0.000213083	
2449	100	775	23.8756	10.2606	1023	12	6	472	6	78	339	4	0.074796	74437.1	0.00017343	
2537	133	769	17.1395	11.2504	1050	10	9	484	4	78	349	5	0.118407	50587	0.000144467	
2402	100	752	23.8476	10.0259	1038	15	8	471	5	72	340	4	0.071418	77527.2	0.000176367	
2300	103	741	23.3785	10.6432	994	17	6	479	2	68	343	4	0.068801	71791.7	0.000182415	
2700	277	747	13.5876	10.6189	1006	11	8	488	10	70	348	6	0.244988	39676.8	0.000129971	
2661	408	749	19.1253	16	1033	10	5	483	8	78	334	5	0.297268	29448.7	0.000171556	
2673	422	755	13.4798	10.9779	1050	10	8	482	5	78	350	5	0.352647	35647.2	0.000129786	
2538	303	771	18.4331	14.5393	1026	11	9	468	4	75	340	5	0.223179	32607	0.00016176	
2625	336	775	14.8367	11.9036	1047	13	8	475	6	75	349	6	0.277726	35275.8	0.000135685	
2659	228	770	12.6286	10	1007	13	9	488	8	73	350	6	0.226173	43075.8	0.000124938	
2555	198	749	17.1666	10.4027	1032	11	8	490	14	79	348	5	0.156078	47372.2	0.000135722	
2575	135	739	25	13.4862	963	11	8	486	3	66	345	5	0.094169	50403.4	0.000172891	
2657	355	775	14.6715	12.306	1018	11	5	471	14	72	344	5	0.296262	34584	0.000138715	
2495	100	742	22.9353	15.8977	942	17	8	480	7	71	340	5	0.075525	50369.7	0.000198295	
2661	408	743	16.1588	15.2638	1035	10	7	488	4	79	334	5	0.310918	29735.9	0.000163239	
2379	147	742	19.1054	13.0197	978	17	8	482	8	69	345	5	0.106787	46273.5	0.000164339	
2538	116	745	19.0489	10	1050	12	8	475	16	65	337	4	0.09743	62479.2	0.000153116	
2638	481	766	14.811	13.7608	1031	13	9	490	6	75	347	5	0.384588	30732.3	0.000148677	
2606	116	768	22.9794	10	1045	12	8	469	8	71	350	4	0.092021	69996.8	0.000153586	
2483	129	745	21.1328	10.2981	1050	12	8	468	16	63	337	5	0.095732	65108.8	0.000152952	
2300	100	733	24.5166	14.8552	917	14	8	476	5	80	333	6	0.064411	54261.8	0.000208681	
2621	184	748	17.1842	12.9722	980	14	8	485	3	73	341	5	0.151095	40304.2	0.000150739	
2300	109	740	22.519	15.9777	927	12	6	468	7	46	344	4	0.073421	48256.7	0.000205846	
2574	228	773	14.6053	10.0346	1035	13	7	479	6	80	350	6	0.199063	43827.1	0.000127681	
2375	100	752	25	14.5905	985	13	7	486	3	64	345	5	0.068201	55994.8	0.000198531	
2648	393	768	15.488	14.3721	1020	10	7	488	8	80	348	6	0.313759	30783.5	0.000153586	
2640	308	734	18.3828	15.6474	1046	12	7	487	10	79	350	6	0.223918	30940.5	0.000168862	
2399	112	734	23.686	10.4873	982	10	9	486	5	77	331	4	0.076024	69321.8	0.000172533	
2309	102	742	23.9229	10	1031	11	7	487	8	74	345	5	0.067636	82084.6	0.000181488	
2310	100	730	23.2226	12.5334	909	16	8	472	6	70	346	4	0.067121	58314.4	0.000193125	
2610	481	766	15.1364	13.9594	1046	14	8	490	7	77	347	5	0.378137	30548.9	0.000150421	
2300	113	725	20.2159	14.9639	900	16	8	473	14	67	348	4	0.07962	47918	0.000193986	
2309	102	742	23.9229	10	1050	11	7	487	8	74	347	5	0.067636	83733.5	0.000181159	
2670	143	769	14.5437	11.6389	1040	10	8	483	5	80	350	5	0.148175	46439.6	0.000138217	
2560	213	760	17.6333	14.8236	1022	11	7	481	5	47	345	5	0.165805	35898	0.000165837	
2300	109	725	25	16	909	16	8	472	6	60	344	4	0.067734	49506.1	0.000215378	
2478	118	743	17.5286	10.2003	982	15	6	476	8	80	342	4	0.101191	57381.3	0.000153398	
2700	412	771	11.4841	10	1050	11	4	479	7	62	350	5	0.387994	39674.4	0.000121788	
2653	256	775	16.3759	12.1957	998	15	8	488	16	64	348	4	0.211852	37497.3	0.000140528	
2662	193	758	13.4234	10.0124	1050	13	9	471	6	74	346	5	0.188886	45782	0.000126056	
2615	294	743	16.3241	13.9007	1046	13	9	490	7	77	350	5	0.225532	33168.9	0.000153163	
2608	443	765	16.2857	12.7312	1006	14	9	488	6	78	350	5	0.339768	32650.8	0.00014476	
2635	385	770	13.8053	13.1844	1022	12	8	471	1	80	350	5	0.322766	32770.2	0.000144113	
2416	116	773	19.2439	10.955	971	13	9	479	2	75	350	6	0.094441	56617.5	0.000157978	
2612	274	775	13.2173	11.5778	1050	11	8	479	6	75	349	6	0.248168	37479.7	0.000132591	
2558	131	774	24.7204	12.6123	1048	10	9	483	16	70	341	4	0.096088	55175.9	0.000162549	
2300	100	738	23.4238	15.8237	913	12	8	483	8	73	333	5	0.06697	52106	0.000209864	
2348	100	741	23.7198	11.3157	917	13	8	475	10	80	333	5	0.068437	64452.8	0.000186498	
2648	466	773	16.4713	14.666	1033	17	8	485	17	67	347	5	0.364197	29993.1	0.000156764	
2525	139	770	14.6701	10	1032	13	9	486	16	78	350	5	0.136824	51188.3	0.000136091	
2680	132	768	22.9008	10.2086	1049	15	8	467	2	79	339	4	0.10505	66422	0.000145455	
2700	389	757	13.0859	10.542	1042	11	9	487	13	71	350	4	0.336589	36978.3	0.000126904	
2544	117	756	20.9397	10.5242	1019	11	8	468	14	65	338	4	0.093358	61961.4	0.000156079	
2538	129	745	21.1328	10.2981	1050	12	8	468	16	63	337	4	0.098139	64053.4	0.000151035	
2700	380	775	12.0464	10.542	1048	11	9	487	3	80	350	4	0.353638	37120.7	0.000124425	
2625	350	775	14.5009	11.0233	1050	13	9	479	6	75	350	6	0.290711	36776.7	0.000130446	
2300	100	730	22.8524	10	1017	11	8	485	5	64	339	5	0.067286	79831.1	0.000182582	
2606	116	762	22.1098	10	1012	12	8	487	8	59	350	4	0.093126	67861.6	0.000153917	
2512	167	772	12.9637	10.1827	1024	13	8	481	12	77	346	5	0.170136	47215.7	0.00013101	
2617	500	767	16.2884	13.9007	1032	13	9	490	6	80	347	4	0.385368	30414.8	0.000151217	
2305	100	743	22.3361	14.0505	976	15	6	470	6	56	345	6	0.069723	55034.6	0.000195771	
2552	146	756	20.8568	10.4611	1023	13	5	474	5	79	344	5	0.111558	59484.6	0.00014453	
2623	198	769	14.3445	12.6031	1030	15	8	481	3	80	346	4	0.183401	39432.8	0.000140905	
2304	100	745	24.3676	13.002	987	10	6	470	9	60	342	5	0.066138	61228.6	0.000195274	
2623	198	767	14.3445	12.6031	1030	15	8	481	3	80	344	4	0.182924	39441.3	0.000141323	
2689	236	765	15.3238	12.7312	1019	14	10	489	6	80	350	5	0.205294	36827.6	0.000141443	
2700	285	770	10.8067	10	1050	11	4	476	5	80	350	5	0.305173	42444.3	0.000121536	
2700	175	770	16.3577	10.542	1049	11	8	487	-0	72	350	5	0.158832	47473.5	0.000129132	
2534	166	767	16.7843	12.8423	978	10	7	487	9	68	332	6	0.140098	42461.1	0.00015108	
2661	408	743	16.8466	16	1033	10	7	488	8	77	334	5	0.306758	29035.8	0.000169434	
2316	122	732	24.1279	15.4142	915	16	9	474	2	52	331	6	0.077345	46951.1	0.000206825	
2300	109	725	25	16	909	15	8	473	6	62	348	4	0.067734	49699.9	0.000214684	
2432	147	771	18.1711	10.0831	1031	15	7	483	7	75	344	4	0.117114	56486	0.000141723	
2700	363	745	13.5921	11.3892	1035	11	9	485	8	73	345	6	0.305798	35709.3	0.000133761	
2638	307	771	15.7029	15.722	1050	12	8	473	7	80	350	5	0.249906	31032.2	0.000162999	
2674	500	772	14.9303	13.9147	1041	11	9	489	6	80	343	6	0.405748	30371.8	0.000148324	
2700	468	770	12.9274	10	1045	10	6	476	12	76	350	5	0.406734	38079.9	0.000122941	
2342	145	734	22.6051	15.7372	959	14	7	482	8	73	328	5	0.09362	43435.2	0.000195313	
2700	132	768	22.9008	10.2086	1049	15	8	468	2	79	339	4	0.105936	66634.1	0.000144886	
2618	455	744	17.2949	16	984	14	9	485	9	67	340	4	0.33401	28695.3	0.00017325	
2312	100	739	24.7112	15.8977	942	12	8	477	7	71	336	5	0.065349	52677.5	0.00021173	
2700	285	764	10.8067	10	1050	11	4	476	5	80	350	5	0.302796	42461.5	0.000122041	
2621	184	748	20.5435	14.3263	980	14	8	480	3	73	336	5	0.137685	39281.8	0.000165153	
2378	100	768	23.9806	13.4067	930	15	9	466	19	70	339	4	0.071483	56050.8	0.000190223	
2594	148	753	17.4629	12.4354	1037	14	7	472	9	80	338	6	0.126839	45650.3	0.000148302	
2300	113	725	20.6069	16	900	15	8	473	14	66	348	4	0.078604	46905.4	0.000201613	
2488	116	773	15.4385	10.6887	1021	13	9	478	1	71	350	6	0.115369	53117.7	0.000150421	
2574	276	773	12.8381	13.6127	1030	13	7	484	6	80	348	6	0.250111	35129.4	0.000146929	
2418	122	741	23.1164	15.8665	932	16	9	468	3	64	332	6	0.084075	45640.6	0.000195695	
2625	148	755	18.1634	12.634	1041	14	7	472	9	80	336	6	0.125196	45733.4	0.000149365	
2325	103	758	23.0168	10.0259	1050	15	9	472	14	80	343	4	0.072407	76399.4	0.000174581	
2446	166	754	16.1475	12.3949	972	12	7	487	9	68	333	6	0.136105	43547.2	0.000152253	
2383	100	746	24.8602	10	1027	14	8	471	5	72	338	4	0.067951	80237.8	0.000181192	
2700	351	770	15.2603	15.339	1012	12	7	489	11	76	347	6	0.290788	30603.8	0.00015949	
2555	100	775	23.4239	10.2606	1023	12	6	473	6	61	339	4	0.07997	72998.7	0.000169033	
2300	100	725	25	13.2945	909	12	8	474	6	60	348	4	0.06317	57801.3	0.000203542	
2416	116	756	19.2439	10.7542	1024	12	9	478	3	77	340	6	0.092364	59063.2	0.000158907	
2342	145	734	20.5793	15.4165	959	13	8	482	8	73	328	5	0.098482	42881.8	0.000188147	
2576	152	762	17.4564	11.3383	962	12	8	478	17	63	338	5	0.129881	47954.2	0.000143781	
2657	415	729	18.2592	16	1000	13	7	487	9	80	347	5	0.298008	29127.9	0.000173853	
2595	138	763	20.0501	10.1311	992	13	9	472	2	60	348	6	0.112184	59468.6	0.000142776	
2569	280	767	15.3207	12.607	969	12	8	476	2	70	347	5	0.226511	35474.8	0.00014537	
2657	500	743	16.5701	15.9322	1013	11	8	490	9	72	348	5	0.375996	28438.8	0.00016889	
2661	199	743	17.2129	16	1033	11	7	488	8	77	334	5	0.162042	35186.9	0.000169981	
2519	100	752	22.8851	12.4863	1006	15	6	490	9	66	341	5	0.077435	59791.6	0.000179824	
2656	466	772	14.598	11.764	1050	11	7	482	17	71	341	4	0.380321	34011.7	0.000135153	
2550	194	775	16.0676	10.1827	1017	12	9	485	14	70	350	5	0.16475	46920.2	0.000131113	
2516	100	746	24.4785	12.4863	950	13	9	476	13	70	332	5	0.073812	59905.9	0.000183587	
2574	184	765	16.8362	13.7147	1050	13	7	488	6	70	346	6	0.153494	39445.9	0.000151999	
2300	100	740	22.519	15.8842	927	16	6	468	7	46	346	4	0.068734	50176.3	0.000209908	
2373	100	758	21.273	10.0259	1050	13	9	468	14	80	343	4	0.076436	71469.3	0.000172028	
2658	277	747	13.5628	10.6256	974	11	8	488	8	70	348	6	0.241363	39652.2	0.000131492	
2677	310	740	14.6041	12.0801	1039	10	8	485	12	70	348	6	0.253803	35486.8	0.00013887	
2300	100	739	25	15.8842	927	16	9	472	7	56	348	4	0.06439	51956.9	0.000215146	
2316	104	726	24.9171	10	900	13	8	486	5	80	337	5	0.065855	73888.5	0.000186986	
2620	100	752	25	13.8622	1034	13	8	486	3	64	345	5	0.076949	56941.9	0.000184162	
2665	500	744	16.5352	14.7303	1050	11	8	490	7	80	349	5	0.377466	29431.1	0.000157729	
2342	148	755	18.1634	12.4354	988	14	7	472	9	75	336	6	0.110634	47423.5	0.000159591	
2300	118	759	23.7118	15.384	949	16	9	476	2	50	312	6	0.077949	48198.3	0.000204457	
2300	119	742	20.5883	10.208	1003	12	7	485	5	80	340	5	0.083626	66531.7	0.000164555	
2640	500	743	15.1281	12.766	1039	13	9	489	7	80	346	5	0.384822	31891.4	0.000144238	
2586	100	746	24.2341	12.4723	950	13	9	476	13	61	332	6	0.076334	60318.3	0.000181818	
2300	118	757	23.3209	15.384	949	16	8	479	2	51	312	6	0.078297	48273	0.000203211	
2680	500	759	16.3412	14.6167	1026	11	9	483	3	80	345	4	0.388446	29616.1	0.000156372	
2590	147	769	19.8884	10	1017	13	6	485	14	60	349	5	0.119013	60133.5	0.000138812	
2300	241	745	19.5018	15.9166	914	16	8	460	4	76	350	6	0.155366	34067.2	0.00019216	
2413	221	767	17.33	14.4937	973	17	10	483	14	75	342	4	0.164359	35959.4	0.000166611	
2665	422	755	13.9663	10.9779	1050	10	8	482	5	78	350	5	0.345997	35707.8	0.000130344	
2316	185	741	19.4368	16	1022	11	10	475	4	47	314	5	0.123543	37854.9	0.000193911	
2374	100	759	23.9806	13.4067	973	15	9	465	19	69	350	4	0.070499	56887.1	0.00019044	
2426	100	775	22.2384	13.8077	1023	12	6	470	6	62	339	4	0.077971	55067.6	0.000183352	
2623	178	773	12.9637	10	1050	13	8	466	7	70	350	4	0.185379	46949.8	0.000124891	
2700	403	745	13.5921	11.4834	1036	11	9	482	10	73	346	6	0.335369	35049.1	0.000134084	
2700	422	771	13.4798	10.817	1050	10	7	482	5	76	350	6	0.363314	36147.9	0.000127081	
2379	100	746	23.8476	10.0259	1016	15	7	470	7	75	342	4	0.070015	77187.5	0.000178317	