2700	490	775	10	10	1050	11	5	479	9	74	350	5	0.498641	40460.8	0.000120656	
2300	100	725	25	16	900	17	8	472	11	57	349	4	0.06317	51397.6	0.00021925	
2300	100	725	25	15.986	900	16	8	472	6	60	349	4	0.06317	51571.6	0.000218388	
2657	500	740	16.5701	16	1016	13	8	490	8	66	348	5	0.374478	28374.3	0.00017001	
2300	100	742	23.835	10	1049	11	6	485	4	64	344	5	0.066795	85874.1	0.000182548	
2700	500	775	10.8067	10	1050	11	7	480	7	69	350	5	0.479254	38936.1	0.000121036	
2700	485	775	10.8067	10.0178	1050	11	7	480	6	69	350	5	0.466638	38993	0.000121095	
2370	102	744	25	10	1050	12	6	487	8	66	343	5	0.068365	85839.4	0.000180278	
2700	470	775	11.387	10	1050	11	6	480	7	73	350	5	0.439381	38442.7	0.000121389	
2700	445	775	10.0804	10	1050	11	6	480	7	73	350	6	0.457485	40533.2	0.000120802	
2300	100	742	24.3562	10	1022	11	6	485	4	64	344	5	0.06573	84651.6	0.000184672	
2309	102	742	23.9229	10	1050	11	7	487	8	74	347	5	0.067636	83733.5	0.000181159	
2700	464	771	10.8067	10	1050	11	6	480	7	69	350	5	0.446812	39252.4	0.000121359	
2300	100	742	24.3562	10	1022	11	6	485	4	64	344	5	0.06573	84651.6	0.000184672	
2700	493	771	11.0983	10	1050	10	6	484	5	73	350	5	0.463091	38428.9	0.000121551	
2512	110	755	21.2802	10	1019	13	6	477	5	63	343	6	0.087259	68909.5	0.00016	
2700	464	775	10.8067	10	1050	11	6	480	7	70	350	5	0.44913	39207	0.000121036	
2355	100	775	22.7219	11.0496	1011	15	8	463	4	75	341	4	0.074094	66120.5	0.00017671	
2700	468	775	10.8067	10	1050	11	6	480	7	73	350	5	0.452451	39081.2	0.000121065	
2682	494	771	12.2132	10.9104	1050	11	7	484	10	66	349	5	0.437367	35932	0.000127226	
2401	100	755	25	10	1050	15	9	469	16	66	347	4	0.069406	81490.9	0.000178763	
2391	118	746	23.1531	10	959	14	6	471	10	75	341	5	0.081345	70606.1	0.000165426	
2300	100	743	25	11.6958	1019	13	9	480	7	78	341	4	0.064739	68497.4	0.000192382	
2300	119	742	20.5883	10.208	1003	12	7	485	5	80	340	5	0.083626	66531.7	0.000164555	
2700	449	775	10.0804	10	1050	11	6	480	7	68	350	6	0.460826	40650.2	0.000120744	
2638	500	759	15.2802	13.2414	1032	11	9	490	4	80	341	4	0.391364	31141.4	0.000146456	
2443	120	763	21.6734	10.4873	1040	10	9	490	5	75	326	5	0.08993	65518.6	0.000158781	
2688	397	771	16.7845	13.5839	1050	10	7	477	1	72	350	6	0.312894	32074.6	0.000147297	
2606	116	767	23.075	10	1045	12	8	469	8	71	350	4	0.091292	70331.7	0.000154226	
2700	493	767	14.7904	11.8178	1036	12	10	484	6	77	346	5	0.40241	33602.8	0.000134753	
2619	287	769	12.9637	10	1050	13	8	472	7	69	350	4	0.259415	40968.7	0.000124595	
2323	100	734	25	10.0154	990	13	9	483	5	64	340	5	0.064756	81139.7	0.000186916	
2416	105	738	20.8997	10.624	924	14	8	477	13	61	341	5	0.079295	62844	0.000172147	
2680	228	770	14.0771	10.8243	1007	14	9	472	7	69	346	6	0.210857	41562.1	0.00013031	
2436	104	758	24.6757	10.7066	990	16	7	479	8	78	344	5	0.073746	70878.1	0.000175747	
2315	148	728	24.7466	15.7855	933	17	5	481	9	73	347	4	0.089433	43895.3	0.000206058	
2414	103	749	23.3785	11.7501	965	17	6	479	2	69	345	4	0.073778	62400.8	0.000179888	
2700	479	772	12.9202	11.3776	1036	11	9	489	7	80	350	6	0.416666	34398.9	0.000130022	
2300	104	725	22.5296	16	905	16	8	472	4	60	349	5	0.069378	49508.3	0.000209468	
2302	100	725	24.9569	16	909	16	8	474	6	60	349	4	0.063242	51694	0.000217817	
2590	135	769	18.7475	10.0225	1044	11	7	485	5	67	350	5	0.115179	58544.3	0.000139626	
2402	104	746	24.8602	10.0018	999	15	9	469	3	75	338	4	0.070787	76821.2	0.000177399	
2564	127	767	19.8884	10	1017	13	7	481	14	61	345	5	0.105183	62103.7	0.000145773	
2667	500	772	13.1527	12.2766	1039	13	10	484	11	80	346	5	0.425412	32888.3	0.000136351	
2320	102	744	23.9229	10	976	12	6	487	2	66	343	5	0.068217	78696.7	0.000181094	
2309	100	737	24.3184	10	1023	11	8	477	5	64	339	5	0.065607	83009.6	0.000184775	
2336	100	734	25	10	1017	12	8	467	0	63	341	4	0.06521	81711.5	0.000185494	
2665	500	767	13.774	11.2625	1035	12	9	480	8	70	350	5	0.414838	34748.5	0.000131148	
2319	106	736	20.492	10.208	1003	12	7	485	5	80	340	5	0.077403	68077.7	0.000171438	
2427	100	772	24.3582	10.0027	1050	15	10	468	16	79	339	4	0.073094	77794.4	0.000174155	
2697	446	762	19.788	16	1050	11	9	488	16	79	350	5	0.331677	28834.2	0.000167954	
2617	486	767	14.9889	13.2498	1046	13	9	490	6	77	347	5	0.384871	31311	0.000145096	
2353	100	741	25	12.7353	1022	14	9	483	5	64	339	5	0.06643	63185.4	0.000193237	
2563	231	738	17.3926	14.5691	1010	11	9	474	13	61	350	5	0.173675	34909.6	0.0001638	
2665	500	747	16.4411	14.7303	1050	11	8	490	10	79	349	5	0.379728	29377	0.000157307	
2417	108	743	22.4805	10.6649	986	16	10	480	-0	70	343	5	0.078234	65803.9	0.000170532	
2700	497	774	12.9202	11.3776	1035	11	9	489	7	80	350	6	0.432423	34289.1	0.00012987	
2697	434	773	14.9303	15.6545	1046	11	8	487	5	80	348	5	0.356969	29331.2	0.000159541	
2417	108	771	23.4444	10.3746	986	16	10	474	3	65	343	5	0.078883	69200.6	0.000168634	
2300	118	738	23.7118	15.384	949	12	9	473	2	50	312	6	0.075792	48549.2	0.000205465	
2700	500	769	15.3238	12.7312	1029	11	10	490	5	80	344	5	0.404504	31920.7	0.000140766	
2626	440	756	15.168	14.6771	1045	11	7	480	9	72	342	5	0.344124	30250.2	0.000156887	
2622	214	755	13.5628	10.7645	997	12	8	488	8	74	348	6	0.198018	41942.2	0.000131804	
2300	100	734	24.5166	14.5345	917	11	8	474	6	73	333	6	0.064499	54925.1	0.000206782	
2652	166	745	16.1475	12.8423	956	10	7	487	10	76	328	6	0.146345	42210.6	0.000150534	
2680	500	774	13.1527	11.6796	1039	13	10	484	11	80	346	5	0.428277	33774.8	0.000132556	
2532	131	763	15.6201	11.2123	1015	13	5	482	20	63	349	5	0.124085	50211.5	0.000145476	
2300	100	730	25	10	977	12	8	467	9	63	343	4	0.063606	79884.2	0.000189	
2617	481	766	14.811	13.9594	1046	13	9	490	6	77	347	5	0.381955	30532.8	0.00014988	
2586	370	767	15.7501	14.1463	1029	11	5	472	10	80	348	6	0.287972	31626	0.000154107	
2334	100	740	24.8599	15.1357	985	13	7	484	7	70	348	5	0.065682	55266.7	0.00020496	
2449	127	736	21.9844	13.6516	959	10	9	490	9	74	336	6	0.090326	49184.1	0.000174795	
2446	166	754	16.1475	12.3949	972	12	7	487	9	68	333	6	0.136105	43547.2	0.000152253	
2677	310	740	14.6041	12.9338	1036	10	8	485	6	70	349	6	0.253803	34073.3	0.000144363	
2682	432	775	10.8067	10	1049	11	6	480	3	75	350	5	0.420377	39275.6	0.000121389	
2700	500	772	14.0818	13.1298	1038	11	9	489	7	77	347	5	0.41835	31456.7	0.000141443	
2601	376	754	17.3329	16	1020	13	9	482	9	72	342	5	0.279344	29492.9	0.000171028	
2300	100	742	24.7112	15.8977	942	13	8	477	7	71	336	5	0.065189	52817.3	0.000212179	
2619	308	775	13.1761	10.001	1048	13	8	466	7	75	344	4	0.273889	40281.8	0.000125235	
2315	100	725	23.9285	10	1014	12	8	467	0	63	341	4	0.065279	80077.6	0.000184911	
2611	390	734	17.0614	15.4587	1046	12	9	487	9	76	350	5	0.283949	29706.9	0.000166528	
2700	416	738	16.1904	16	1035	10	8	478	8	80	341	5	0.318729	29068.8	0.000168577	
2680	500	759	16.3731	14.5018	1026	11	9	483	3	76	348	5	0.388456	29800.5	0.000155521	
2300	100	725	25	15.5968	927	16	9	472	7	56	348	4	0.06317	52338.1	0.00021561	
2348	100	730	25	10	1017	12	9	467	2	72	341	4	0.06527	80622.6	0.000185219	
2558	150	771	17.4944	10	1050	13	9	483	16	68	343	4	0.128566	54444.5	0.000135759	
2300	100	747	25	10.9999	948	12	6	487	5	73	343	5	0.065087	71024	0.00019044	
2670	247	770	14.8733	10.542	1048	11	7	469	0	68	350	4	0.216076	41906.5	0.000127584	
2700	468	775	10.8067	10	1050	11	5	479	6	74	350	5	0.452451	39201.8	0.000121036	
2374	100	759	23.9806	13.4067	973	15	9	465	19	69	350	4	0.070499	56887.1	0.00019044	
2325	103	758	23.0168	10.0259	1050	15	9	472	14	80	343	4	0.072407	76399.4	0.000174581	
2598	147	769	19.3192	10.8959	1018	13	7	481	8	59	343	4	0.121239	53261.2	0.000142187	
2337	167	740	22.7137	15.8842	953	15	9	467	5	69	339	5	0.106208	39924.6	0.000196194	
2385	209	745	19.4457	15.9166	935	10	9	460	0	80	340	5	0.14209	35004.6	0.000187126	
2663	482	767	12.2132	11.2625	1050	11	9	481	8	74	350	5	0.422812	35081.3	0.000129534	
2606	313	760	12.804	10	1044	12	6	478	12	76	348	4	0.27556	40078.2	0.000126151	
2595	138	761	20.0501	10.1311	992	13	9	472	2	58	348	6	0.11189	59593.3	0.000143102	
2700	464	771	10.8215	10	1050	11	6	480	7	69	350	5	0.446841	39223.2	0.000121359	
2700	132	768	22.9008	10.2086	1049	15	8	468	2	79	339	4	0.105936	66634.1	0.000144886	
2670	119	745	21.1328	10	1050	12	8	468	16	62	339	5	0.097851	67044.6	0.000151217	
2300	100	748	25	10	1004	11	8	473	5	67	339	5	0.065174	81966.2	0.000186393	
2623	178	773	12.9637	10	1050	13	8	466	7	70	350	4	0.185379	46949.8	0.000124891	
2315	100	734	25	10	1022	12	8	467	0	63	344	4	0.064477	82492	0.000186672	
2699	432	775	10.8067	10	1050	11	6	480	3	73	350	4	0.422661	39371.9	0.000120948	
2578	110	736	22.0047	15.8842	938	15	9	482	7	66	343	5	0.085952	47182.1	0.000189322	
2574	184	765	16.8362	12.6831	1050	13	7	489	8	70	346	6	0.153494	41376.4	0.000145264	
2667	192	775	17.1842	11.7783	1050	13	9	483	1	69	346	5	0.164718	42628.9	0.00013693	
2300	101	739	25	10.7028	959	11	8	487	8	62	342	6	0.064906	73958.2	0.000189861	
2593	273	770	14.6041	12.0801	1023	10	8	485	12	70	344	6	0.230465	36540.4	0.000139063	
2700	343	775	13.6159	10.4374	1049	11	9	490	5	79	350	5	0.30224	37712.8	0.000125141	
2698	397	771	12.338	10	1050	11	6	480	9	71	349	6	0.359696	38775	0.000122654	
2693	422	771	14.4852	11.6389	1050	10	8	482	1	78	350	6	0.350703	34448.8	0.00013231	
2419	184	741	23.0792	15.4613	932	16	9	468	3	64	332	6	0.118993	38496.5	0.000191571	
2670	422	771	13.2129	10.4609	1050	10	7	480	1	69	350	4	0.362661	37116.9	0.000125486	
2350	100	775	24.8676	14.7428	1023	12	6	472	6	78	339	4	0.069377	56252.9	0.000196812	
2640	500	767	15.1281	12.766	1039	13	10	489	7	80	346	5	0.397252	31824.4	0.000141884	
2681	409	775	16.6418	15.6678	1021	16	9	490	17	71	346	4	0.323589	29257.3	0.000162893	
2417	108	743	23.4444	10.6649	986	16	10	478	4	65	343	5	0.076019	67958.8	0.00017298	
2325	103	757	21.5514	10	1042	16	9	472	6	60	343	4	0.075019	74137.5	0.000172354	
2652	166	754	16.1475	12.8423	972	10	7	487	9	76	328	6	0.148113	42143	0.000149009	
2375	105	746	24.8599	15.1357	985	13	7	485	7	65	348	5	0.070346	53446.5	0.000198965	
2536	194	775	16.0676	10.1827	992	12	9	477	14	72	349	5	0.163828	46521.8	0.000132118	
2300	185	740	25	16	959	16	8	488	7	50	314	5	0.109725	39702.8	0.000215285	
2466	100	725	22.5792	10.4193	907	15	9	470	14	72	345	4	0.073307	67240.2	0.000178126	
2609	145	765	15.6771	10.0001	1042	13	10	484	7	67	350	4	0.137365	51595.6	0.000133404	
2700	175	770	16.3577	10.542	1049	11	8	487	-0	72	350	5	0.158832	47473.5	0.000129132	
2522	356	762	16.499	14.9586	1050	11	7	486	2	75	347	6	0.26522	31202.8	0.000161681	
2623	319	770	14.3445	12.0885	1030	15	7	476	0	79	345	5	0.267558	35367.1	0.000137779	
2700	363	745	13.5921	11.3892	1035	11	9	485	8	73	345	6	0.305798	35709.3	0.000133761	
2433	114	742	22.4378	10	1048	15	8	472	7	60	340	4	0.082051	73128.5	0.000163372	
2314	100	734	25	15.8452	927	15	9	469	7	68	348	4	0.064443	52207.6	0.000213402	
2515	147	769	18.7475	10	1024	13	6	485	9	60	350	5	0.118786	58382.3	0.000139179	
2665	500	738	16.4411	14.7303	1050	13	8	489	10	79	349	5	0.375153	29409.5	0.000158403	
2559	194	775	15.2139	10.1827	991	12	9	477	10	70	348	5	0.170886	45687.7	0.000130582	
2693	193	768	16.0014	10.0124	1050	12	9	469	6	74	342	4	0.172563	47696.4	0.000127372	
2464	100	775	23.9806	10.6022	1050	15	7	469	12	80	339	4	0.075352	72467.6	0.000173611	
2630	381	729	16.8466	14.9684	1035	11	7	482	8	76	349	5	0.278947	30330.1	0.000163452	
2402	100	746	23.8476	10.0259	1038	15	8	476	5	80	343	4	0.070848	77597.4	0.000177085	
2700	500	772	14.0385	13.8423	1036	11	8	489	7	80	350	5	0.419133	30719.2	0.000146092	
2483	147	769	18.7475	10.2925	1043	12	7	485	8	60	350	5	0.117141	57092.9	0.000140905	
2300	183	753	23.1104	16	909	16	9	477	4	43	350	5	0.113993	37792.9	0.000208247	
2665	500	764	16.5352	14.3404	1032	11	9	489	7	74	349	5	0.387613	29930.6	0.000153704	
2309	102	742	23.9229	10	1031	11	7	487	8	74	345	5	0.067636	82084.6	0.000181488	
2700	438	771	10.8067	10	1050	10	8	480	13	75	349	4	0.425494	39002	0.000121581	
2562	263	764	13.9406	11.2426	1044	10	9	477	7	80	350	5	0.224997	38369	0.000133547	
2321	100	742	24.6188	10.208	1049	12	7	485	6	70	340	5	0.065939	83232.2	0.00018474	
2574	228	773	12.8381	10.0346	1035	13	7	484	6	80	350	6	0.216808	42966.2	0.000126279	
2664	422	755	13.4798	12.0137	1050	10	8	482	5	78	350	5	0.351604	33749.6	0.000135593	
2662	500	768	15.3238	12.7312	1029	12	10	490	4	80	350	5	0.399102	31882.8	0.000141103	
2648	386	768	15.488	14.3721	1020	10	7	489	7	80	347	6	0.308553	30848.2	0.00015361	
2616	261	755	15.6855	12.9249	1038	11	7	467	4	76	348	5	0.211405	35814.7	0.000145645	
2316	234	745	19.5018	15.9166	914	16	8	460	4	70	326	6	0.152348	34276	0.000192864	
2300	100	725	24.8061	15.986	900	12	8	469	6	60	350	4	0.063184	51771.4	0.000217297	
2379	100	746	23.8476	10.0259	1016	15	7	470	7	75	342	4	0.070015	77187.5	0.000178317	
2700	500	772	12.9202	11.3776	1036	11	9	489	7	80	350	6	0.433758	34280.2	0.000130022	
2618	398	741	16.8466	16	1031	12	6	488	8	75	349	5	0.294381	29272.2	0.000170126	
2640	459	734	18.5381	15.6474	1046	12	8	487	10	79	350	6	0.328523	28977.2	0.000169005	
2700	175	774	16.3577	10.542	1029	11	8	489	-0	72	350	5	0.159657	47345.9	0.000129249	
2370	102	749	23.2048	10	1050	12	6	489	6	66	343	5	0.072151	80872.5	0.000175162	
2427	107	772	25	11.0962	1050	14	10	468	16	79	340	4	0.075878	69020	0.000173702	
2355	174	740	22.7137	15.8842	953	12	9	467	5	80	349	5	0.111	39020.1	0.000194439	
2402	111	748	23.2792	10.0259	1036	17	10	480	5	66	344	5	0.078155	74559.3	0.000167701	
2639	184	760	14.7907	12.2458	1004	13	9	490	7	69	350	5	0.169405	41037.7	0.000139997	
2700	422	762	13.4798	11.0294	1035	12	8	482	1	80	350	5	0.359073	35673.6	0.000129333	
2300	109	728	25	16	909	15	9	481	6	62	348	4	0.068015	49889.8	0.000214225	
2562	234	764	15.3197	11.2426	1031	10	9	478	7	80	350	5	0.194194	40014.1	0.000135318	
2315	148	728	22.2916	15.7855	916	17	6	481	9	73	347	4	0.093779	42388.4	0.000198649	
2627	324	738	15.6855	14.0093	1049	11	7	467	3	76	346	5	0.249849	32501.5	0.000154607	
2613	384	767	14.7447	13.1863	1021	11	8	488	10	80	350	6	0.309298	32301.1	0.000145285	
2457	100	743	22.7966	15.8842	927	11	10	472	7	57	346	5	0.074239	50103.6	0.00020028	
2478	100	775	23.9806	10.6022	1029	15	7	473	12	75	339	4	0.075876	71324.3	0.00017337	
2609	231	767	14.7757	10.2204	1023	13	9	474	7	70	350	5	0.200243	43193.4	0.000128485	
2590	131	769	18.7475	10.0225	1050	11	8	485	10	68	350	5	0.112705	58801.4	0.000141084	
2416	116	773	18.1257	10.7135	1006	12	9	481	-0	75	350	6	0.098936	56642.5	0.000154751	
2617	286	767	16.2884	13.9007	1032	13	10	490	6	80	347	4	0.228123	33231.9	0.00015124	
2632	319	747	17.7009	14.6967	987	12	9	481	4	56	343	6	0.238026	31995.4	0.000164636	
2300	109	725	25	16	909	15	8	481	6	62	348	4	0.067734	49837.7	0.000214638	
2700	202	770	16.3577	10.542	1049	11	8	487	-0	72	350	5	0.176964	45299.1	0.000128568	
2379	147	742	19.1054	13.0197	978	17	8	482	8	69	345	5	0.106787	46273.5	0.000164339	
2322	102	736	22.7299	10	976	12	6	487	2	66	334	5	0.070203	76139.2	0.000178731	
2460	120	763	21.6734	10.4873	1050	10	10	490	5	75	350	5	0.090655	65268.3	0.000156128	
2380	100	731	23.1147	13.0084	988	17	9	478	5	62	331	5	0.069727	58228.6	0.000191205	
2558	131	774	24.7204	12.6123	1048	10	9	483	16	70	341	4	0.096088	55175.9	0.000162549	
2687	384	758	14.3369	13.7839	1050	10	8	479	9	75	350	5	0.316944	31730.3	0.000147406	
2700	449	775	10.0804	10	1050	11	6	482	7	68	350	6	0.460826	40597.5	0.000120788	
2462	133	735	22.6051	15.7372	959	14	7	482	8	73	333	5	0.09242	44136.1	0.000188395	
2609	177	764	13.1278	10	1026	12	9	490	7	68	350	5	0.179731	46795.2	0.000127146	
2641	267	766	14.7757	11.4676	1026	11	9	490	9	68	348	5	0.227134	37943.3	0.000134372	
2300	100	725	25	16	905	16	8	472	4	60	349	4	0.06317	51685.7	0.000218198	
2300	100	726	25	10.4551	928	13	8	486	4	80	341	6	0.063258	73278.3	0.000191975	
2625	336	733	14.8308	14.0961	1042	13	8	475	9	75	349	6	0.262672	32123	0.000154871	
2700	334	775	12.0464	10.2901	1048	10	9	487	3	80	350	4	0.318169	38411.5	0.000123229	
2649	386	769	16.5415	15.8696	1044	14	6	478	0	72	350	6	0.301263	29599.4	0.00016518	
2621	201	748	16.4487	12.9722	983	14	8	485	3	75	341	5	0.165557	38888.8	0.000149611	
2678	176	766	13.7802	10.8465	1006	12	10	483	20	56	350	5	0.177412	44972.4	0.000130839	
2617	378	772	14.4577	13.9007	1028	11	7	483	5	77	348	6	0.310105	31697.4	0.000149454	
2679	154	757	16.3955	11.5868	1046	12	6	478	1	61	347	4	0.141325	46785.9	0.000138619	
2700	468	759	12.9274	10	1048	11	6	490	11	73	350	5	0.400923	37907.6	0.000124039	
2402	100	746	24.8299	10.0018	1029	14	9	469	0	79	346	4	0.068626	79232.8	0.000179953	
2618	455	744	17.2949	16	984	14	9	485	9	67	340	4	0.33401	28695.3	0.00017325	
2608	443	765	16.2857	12.7312	1006	14	9	488	6	78	350	5	0.339768	32650.8	0.00014476	
2662	497	772	14.3385	11.3776	1039	12	9	489	7	80	350	6	0.407873	34173	0.000131874	
2693	319	772	14.1506	13.5228	1046	11	7	488	7	79	347	5	0.27698	33080.6	0.000143988	
2300	185	741	24.9483	16	931	15	10	475	4	47	314	5	0.109877	39000.1	0.000216123	
2609	230	767	14.1822	10	1028	13	9	479	6	72	350	5	0.20465	43468.7	0.000126791	
2370	102	749	23.2048	10	1050	11	6	487	5	66	343	5	0.072151	80925.1	0.00017507	
2315	100	742	25	10	983	12	8	467	2	63	341	4	0.06518	79634.4	0.000186324	
2700	460	775	16.0742	13.3016	1043	14	9	486	6	71	350	5	0.369687	31547.8	0.000144113	
2417	108	769	23.4444	10.6649	986	16	10	478	3	65	343	5	0.078679	67317.8	0.000169895	
2420	114	760	21.8963	10.9583	980	11	10	490	5	74	350	6	0.084645	61866.4	0.000164474	
2574	276	773	12.8381	13.6127	1030	13	7	484	6	80	348	6	0.250111	35129.4	0.000146929	
2617	377	767	16.7582	13.9007	1016	14	9	488	4	74	350	4	0.28924	31522.1	0.000152416	
2300	100	725	22.7671	15.8842	927	14	9	472	7	56	350	4	0.066827	50874	0.000210349	
2342	124	751	24.051	15.888	996	13	8	477	10	71	338	5	0.081496	47666.8	0.000197239	
2654	218	763	14.9468	11.4172	1047	11	6	478	0	72	350	6	0.192498	40852.5	0.000133316	
2698	440	771	12.338	10	1050	11	6	480	9	71	349	5	0.393609	38325.2	0.000122549	
2661	420	758	13.7384	13.7839	1050	11	8	479	9	75	350	5	0.347521	31602.5	0.000147427	
2557	305	756	15.7915	14.2142	1041	10	9	490	5	74	350	5	0.235963	32639.2	0.000155039	
2678	176	760	13.7802	11.1732	1037	16	10	484	20	59	350	5	0.176023	44349.4	0.000132873	
2300	118	757	23.7118	15.384	949	16	9	473	2	50	312	6	0.077743	48114.4	0.000204625	
2315	148	728	21.9676	15.7855	933	16	4	481	9	80	347	4	0.094847	42749.2	0.000196464	
2614	483	772	13.0855	12.2766	1049	13	10	485	9	80	349	5	0.406252	32978.2	0.000136761	
2597	100	734	25	13.6211	996	10	8	487	3	71	350	5	0.074306	57323.4	0.000186463	
2690	310	740	14.308	12.0801	1050	10	9	485	12	70	348	6	0.257593	35425.4	0.000137988	
2355	100	748	25	10.2048	922	11	6	479	4	75	344	4	0.067128	74367.8	0.000184298	
2697	424	761	15.4222	15.6545	1043	16	9	487	19	76	350	5	0.340184	29235.9	0.000161525	
2436	100	758	23.1422	10.1966	998	15	5	479	8	78	344	5	0.074384	74223.1	0.000174368	
2685	468	775	11.7088	10	1050	11	6	480	7	73	350	5	0.428768	38196.8	0.000121862	
2336	100	734	25	10.7282	1017	12	8	478	0	63	346	4	0.06521	75655.1	0.000187688	
2363	100	725	22.5792	12.9786	907	15	9	470	14	72	349	4	0.069605	55819.8	0.000191902	
2625	334	775	14.6041	11.0233	1050	13	7	479	5	75	350	6	0.278335	37305	0.000130497	
2657	355	775	14.6715	12.306	1018	11	5	471	14	72	344	5	0.296262	34584	0.000138715	
2300	105	733	23.4505	10	1005	12	9	476	9	63	346	5	0.069085	77968.2	0.000179469	
2604	422	755	13.4798	12.1389	1050	10	9	482	5	74	350	5	0.344653	33652.1	0.000137646	
2667	485	770	14.6984	11.8573	1048	11	10	484	6	65	348	5	0.394147	33806.4	0.000134825	
2536	212	775	16.0676	10.1827	1010	12	9	477	14	72	349	5	0.175524	45461.1	0.000131562	
2700	468	775	11.7088	10	1050	12	6	483	6	73	350	5	0.430807	38269.9	0.000121669	
2666	407	773	14.9303	15.3032	1046	11	7	488	17	76	343	5	0.332639	29915.8	0.000157903	
2689	500	731	16.4218	15.6379	1037	11	9	483	3	76	348	5	0.374465	28626.8	0.000166389	
2560	237	748	15.4767	11.0964	1015	10	8	483	17	80	348	5	0.190692	40411.6	0.00013725	
2663	491	771	13.4798	10.6517	1050	10	8	482	9	80	343	5	0.413313	35764.7	0.000128205	
2613	424	767	17.0267	13.9007	1046	13	8	490	7	76	344	5	0.321963	31183.8	0.000151999	
2651	396	751	14.7447	13.1989	1034	11	7	483	13	80	339	6	0.315579	32194.4	0.000146757	
2619	128	766	21.3656	10.4611	1023	13	6	474	4	79	344	5	0.103324	61731.1	0.000147514	
2313	100	761	20.9626	10.4945	1050	16	8	468	14	67	349	4	0.074935	69463.4	0.000174886	
2420	114	764	21.8963	10.9583	1004	10	10	487	5	74	350	6	0.085091	62581.6	0.000163747	
2402	104	757	24.8602	10.0018	1050	11	9	470	3	70	338	4	0.07183	80399.1	0.000175223	
2574	228	773	14.6053	10.0346	1035	13	7	479	6	80	350	6	0.199063	43827.1	0.000127681	
2585	123	754	20.0501	10.1311	992	12	9	479	2	58	348	6	0.101362	61341.5	0.000149388	
2693	319	772	15.3174	15.8123	1046	11	7	488	7	79	347	5	0.266595	30681.1	0.000161238	
2623	198	769	17.8957	12.6031	1014	15	8	464	3	80	344	4	0.160821	40553.1	0.00014622	
2611	280	775	12.9637	10.0417	987	13	8	465	7	70	348	4	0.255686	41234.4	0.000126199	
2363	104	734	24.2207	15.2641	1005	16	9	469	7	65	338	4	0.06935	52573.7	0.000201207	
2352	100	730	20.5534	11.5952	1017	12	9	468	1	63	341	4	0.074383	61030.9	0.000180701	
2648	466	773	16.4713	14.666	1033	17	8	485	17	67	347	5	0.364197	29993.1	0.000156764	
2664	263	732	14.6871	11.9788	1035	12	9	467	18	80	343	5	0.217486	37163.4	0.00014041	
2300	100	725	24.9535	10	917	13	8	486	5	80	336	6	0.063174	76226.2	0.000190949	
2310	100	739	24.9181	15.8842	926	11	10	474	2	61	346	5	0.064747	52387.2	0.000213083	
2633	202	772	14.9501	10	1050	12	8	471	7	73	346	5	0.182449	46103.4	0.000126614	
2640	463	734	17.1129	15.6474	1046	12	8	487	11	79	350	5	0.338475	28821.9	0.000167196	
2638	230	768	14.8186	10.8239	1031	13	9	477	16	74	344	6	0.202032	41245	0.000131666	
2667	151	757	15.6515	10.2924	1046	11	8	478	10	63	349	5	0.142972	50456.9	0.000132626	
2558	150	771	17.8975	10	1050	13	9	484	16	68	343	4	0.126773	55228.7	0.00013624	
2601	455	740	16.8466	16	1018	11	7	482	10	78	346	5	0.333128	28770.6	0.000171792	
2605	184	761	14.7757	12.2458	1026	13	9	490	7	70	350	5	0.167397	41181	0.000140193	
2460	271	745	19.5018	15.9166	954	18	8	460	10	74	336	5	0.184752	32235.6	0.000184128	
2564	138	773	20.6311	10.0831	1050	15	5	478	8	72	344	5	0.110338	63530.1	0.000142207	
2402	111	753	22.3311	10.8025	1050	16	10	480	11	66	338	5	0.08036	66946.2	0.000168209	
2483	173	744	16.1475	12.8423	983	10	7	485	11	80	333	6	0.140628	41659.8	0.000153988	
2700	491	775	12.797	10.2254	1050	13	6	476	9	76	346	5	0.429591	37548.1	0.000124116	
2601	301	757	15.3197	13.9124	1013	13	8	489	6	71	349	5	0.240603	33027.4	0.000152765	
2697	369	773	14.9303	12.7528	1046	11	8	487	5	80	346	5	0.30719	33027.3	0.00013947	
2479	115	756	19.7599	10.7542	1021	12	8	478	4	71	340	5	0.092858	59422	0.000158253	
2495	100	742	22.9353	15.8977	942	17	8	480	7	71	340	5	0.075525	50369.7	0.000198295	
2683	379	769	14.9303	15.6545	1046	11	8	480	6	80	349	5	0.31164	30024.4	0.000160694	
2322	102	741	23.3577	13.447	976	15	6	487	2	66	334	5	0.069087	57685.8	0.000193461	
2472	115	746	24.3457	10.0018	1020	14	9	469	2	75	338	4	0.080605	73653.8	0.000165071	
2674	417	738	15.5919	15.7646	1035	10	8	478	8	80	346	5	0.320888	29283	0.000166556	
2691	500	775	13.1527	12.766	1039	13	7	483	5	78	346	5	0.430323	32454.2	0.000138504	
2689	464	725	15.8307	16	1037	13	10	490	3	80	334	5	0.348938	28540.6	0.000169635	
2559	194	761	16.0676	10.1827	996	12	9	477	14	70	348	5	0.162355	46706.4	0.000132767	
2700	371	770	13.7503	10.542	1010	11	9	486	0	76	350	4	0.319957	37361	0.000126936	
2300	100	743	23.835	10	1023	13	6	482	4	64	344	5	0.066885	82709	0.000182749	
2419	198	741	23.0792	15.4613	932	13	9	468	3	67	332	5	0.127074	37437.8	0.000190658	
2618	398	743	16.8466	16	1028	12	7	488	8	75	349	5	0.295175	29201.8	0.000170068	
2625	378	775	13.2173	11.9036	1047	11	9	479	11	75	349	6	0.32558	34538.7	0.000134246	
2670	426	769	12.0555	10.6082	1050	10	8	483	5	77	350	6	0.383217	36672.5	0.000125865	
2674	256	742	15.5526	12.5171	998	12	9	490	12	62	347	4	0.20948	36565.3	0.000144113	
2700	468	775	12.797	10.2254	1050	13	6	476	9	76	346	5	0.410872	37688.1	0.000124116	
2325	103	751	23.0168	10.0259	1050	13	8	472	11	80	343	4	0.071738	76974.1	0.000175316	
2696	483	771	16.2193	12.7036	1050	10	7	477	1	76	348	6	0.383869	32731.9	0.000140667	
2432	147	734	18.7544	10.0831	1026	15	8	485	7	75	348	4	0.109308	58046.5	0.000145985	
2619	128	752	22.1052	10.4611	1023	13	6	474	4	79	344	5	0.099629	63680.1	0.000150015	
2700	380	770	13.7503	10.542	1010	11	9	486	0	80	350	4	0.326795	37141.1	0.000126984	
2379	167	743	22.6733	15.8842	984	15	9	465	2	69	338	5	0.108733	39882.6	0.00019216	
2300	183	744	23.1104	16	913	16	9	477	3	43	322	5	0.11263	38062.9	0.000211238	
2597	121	742	20.7148	10	1048	15	8	479	7	65	340	4	0.09676	65339.6	0.00015163	
2375	140	736	19.7211	10.8993	993	12	8	483	6	71	341	6	0.100249	56129	0.00015586	
2446	141	752	15.5765	12.7395	944	14	7	475	9	77	333	6	0.124257	45205.8	0.000156568	
2682	493	769	12.2132	10.9104	1050	11	9	484	10	66	349	5	0.435418	35845.4	0.000127421	
2625	336	775	13.8664	11.0194	1047	13	8	475	9	75	349	6	0.286658	36991	0.000130073	
2617	296	757	16.4129	13.9007	1042	10	9	490	6	77	349	5	0.231347	33063.9	0.000151814	
2325	103	755	20.5743	11.8261	1050	12	9	472	7	57	343	4	0.077488	61128.9	0.00017646	
2402	115	745	23.1168	10.0018	1020	14	9	469	2	75	338	4	0.080034	72158	0.000165563	
2700	500	772	14.3385	13.8423	1036	11	9	489	7	80	350	6	0.415267	30566.3	0.000146477	
2668	316	771	14.1168	10.2939	1050	12	9	473	4	68	346	5	0.272032	39788.3	0.000126406	
2657	207	763	15.5061	11.4172	1047	10	6	481	0	72	350	6	0.181544	41753.6	0.000133726	
2314	100	734	25	15.7425	939	15	9	470	7	68	348	6	0.064443	52712.9	0.000212585	
2681	409	775	16.8935	15.6678	1021	16	9	490	17	71	346	4	0.322137	29231.3	0.000163132	
2669	369	768	10.8067	10	1050	11	7	480	5	67	350	5	0.365066	40219.5	0.000122175	
2638	266	758	14.8186	12.798	1042	11	7	481	12	78	347	6	0.223851	35526	0.000142714	
2700	468	771	13.4215	10	1050	11	6	480	5	73	350	5	0.400451	38311.4	0.000123092	
2303	102	742	23.9229	10	1033	15	8	476	10	74	347	5	0.067418	80519.4	0.000181653	
2300	100	748	23.5353	10	1006	11	8	470	5	67	341	5	0.067873	78438.6	0.000181324	
2320	100	736	23.4238	15.8237	913	12	8	483	8	73	333	5	0.067507	51821.3	0.000208855	
2596	131	732	21.0341	10.753	977	16	8	482	5	54	348	5	0.10067	59697.3	0.000153351	
2638	307	775	15.7029	15.722	1050	12	8	473	7	80	349	5	0.251203	31037.4	0.000162602	
2363	100	736	25	13.4862	996	10	8	487	3	65	350	5	0.066331	59825.7	0.000195925	
2627	500	767	15.1281	12.7493	1050	14	10	489	7	80	339	5	0.395581	31922.6	0.000142755	
2668	316	771	14.1168	10	1031	12	9	473	4	68	346	5	0.272032	40752.3	0.000125471	
2661	420	758	14.2222	13.7839	1050	11	8	479	9	69	350	5	0.342531	31446.6	0.000147973	
2548	131	758	20.2159	10.4028	1015	13	6	467	19	58	343	5	0.104434	60524.4	0.00014817	
2300	109	725	25	16	909	13	8	481	6	66	348	4	0.067734	50157.8	0.00021395	
2700	189	775	14.402	11.7442	1043	15	10	487	7	71	338	5	0.183435	41693	0.000134989	
2700	210	766	12.8802	10	1050	13	5	476	8	71	350	5	0.21248	45038.7	0.000123365	
2416	114	732	19.8643	10.753	977	16	8	482	5	54	340	5	0.086747	60276.4	0.000164718	
2624	376	731	17.3329	15.5284	1020	13	9	489	4	80	346	5	0.273003	29767.4	0.000168748	
2342	145	734	20.537	15.4165	959	13	8	482	8	73	328	5	0.09848	42874.2	0.000188041	
2325	103	751	23.0168	10.0259	1033	13	9	472	15	80	343	4	0.071738	75768.6	0.000175593	
2550	100	757	25	13.2945	909	12	8	474	6	77	348	4	0.074945	56961.4	0.000186012	
2610	210	767	11.7697	10.0021	1050	12	9	476	6	74	350	5	0.221668	44486.1	0.000124301	
2625	100	734	24.743	14.5629	971	13	8	486	5	80	343	5	0.075874	54127.7	0.000189717	
2356	100	725	25	12.1036	909	13	9	472	6	61	345	4	0.065099	61561.9	0.00019478	
2693	319	772	19.2104	15.8123	1046	11	7	488	7	79	350	5	0.244393	30631.1	0.000165153	
2356	100	725	25	11.5585	911	13	9	471	6	61	345	4	0.065099	64244.9	0.000192567	
2385	209	747	18.7223	15.9166	954	10	9	460	0	77	336	5	0.145345	34981.9	0.000185185	
2356	100	729	25	15.8925	909	16	8	472	6	61	345	4	0.065458	51375.1	0.000212902	
2300	100	741	24.6009	10.0219	1022	11	8	475	5	64	339	5	0.065109	83359.1	0.000185908	
2322	104	773	21.7003	11.4476	1016	15	9	469	19	71	339	5	0.077035	62691.1	0.000174978	
2639	184	761	14.7907	12.2458	1026	13	9	490	7	69	350	5	0.169628	41111.5	0.000139451	
2619	308	775	12.9637	10.001	1050	13	8	466	7	70	350	4	0.276609	40450.2	0.000123993	
2661	408	743	16.8466	16	1033	10	7	488	8	77	334	5	0.306758	29035.8	0.000169434	
2586	100	746	24.2341	12.4723	950	13	9	476	13	61	332	6	0.076334	60318.3	0.000181818	
2618	404	769	13.7801	12.0102	1048	10	9	481	6	71	350	5	0.335466	33995.8	0.000135575	
2564	189	769	12.9637	10.9795	1046	11	7	481	11	70	348	4	0.187505	43612.4	0.00013132	
2323	100	734	24.0423	10.0154	990	13	9	475	5	64	336	5	0.066366	78522.1	0.000184128	
2601	376	731	19.5042	15.5284	1020	13	9	489	4	76	346	5	0.260861	30138	0.000172087	
2595	123	754	20.0501	10.1311	992	12	9	472	2	58	348	6	0.101805	61432	0.00014912	
2665	500	744	16.5352	14.7303	1050	11	8	490	7	80	349	5	0.377466	29431.1	0.000157729	
2315	100	737	24.0969	13.4746	998	12	9	477	7	64	332	5	0.06635	59036.6	0.000197044	
2698	163	749	14.7703	12.845	1046	13	9	474	12	62	350	4	0.157014	42310.8	0.000143637	
2548	116	753	20.9311	10	1050	12	8	468	16	65	344	4	0.09257	66669.5	0.000154464	
2300	136	725	24.1735	16	900	15	8	473	7	62	350	4	0.083222	43900.4	0.000209688	
2610	481	752	15.5922	13.9594	1046	12	9	480	6	77	340	5	0.367624	30569.1	0.000153092	
2691	468	772	16.3725	15.6466	1050	11	9	490	9	68	348	5	0.371194	28793.7	0.000160901	
2621	201	748	17.2828	12.9722	980	14	8	485	3	73	341	5	0.161285	39052.5	0.000150784	
2551	121	758	23.9806	10.0227	1050	15	8	479	6	76	350	5	0.089137	72627.9	0.000155763	
2402	100	746	25	10.0018	1025	14	9	469	3	75	331	4	0.068614	79521.7	0.000180473	
2673	422	745	13.4798	10.7129	1050	10	8	482	5	78	350	5	0.347976	36280.5	0.000129349	
2700	151	758	15.8125	10.1713	1046	12	7	478	12	60	344	5	0.143791	51626.8	0.000132398	
2397	271	742	18.8707	15.4315	1045	13	5	480	10	64	348	5	0.181801	33976.7	0.000176025	
2682	455	767	14.7904	11.8178	1036	12	10	484	6	77	346	5	0.370209	33793.8	0.000135135	
2375	116	736	19.7211	11.327	992	12	8	483	6	69	341	6	0.087127	57430.4	0.000165673	
2428	100	744	23.8332	15.3003	997	11	7	481	7	72	331	5	0.071598	53074.8	0.000197628	
2612	234	775	13.2173	11.5778	1030	11	8	481	6	75	349	6	0.220116	39139.9	0.000133209	
2340	111	767	23.1164	15.4142	915	16	9	467	2	50	333	6	0.077676	48367.9	0.000199243	
2401	100	755	23.7601	10	1050	15	9	469	16	64	347	5	0.07167	79007.8	0.000175871	
2677	333	769	14.6041	11.6428	1050	12	8	488	10	70	344	6	0.280485	35781.5	0.000134138	
2627	324	756	15.6855	13.3974	1041	11	7	468	3	75	346	5	0.255942	33315	0.000148588	
2563	277	771	18.7273	14.1552	1046	13	7	468	6	78	344	4	0.2063	34102.5	0.000157505	
2464	100	775	23.9806	10.6022	1040	15	7	469	12	80	336	4	0.075352	71867.2	0.000173792	
2572	281	765	16.4671	14.9586	1050	11	9	473	5	70	350	5	0.219091	32482.4	0.000160333	
2472	189	733	18.1271	15.9917	927	13	9	469	4	63	350	5	0.138358	35865.3	0.000183857	
2619	345	773	12.9637	10	1050	13	8	472	7	70	350	4	0.302988	39513.9	0.000124239	
2698	440	771	12.7946	11.1769	1038	11	6	480	8	76	349	5	0.386119	35538.4	0.000128899	
2637	357	770	14.8733	10.542	1048	11	9	487	0	72	350	4	0.291698	38011.2	0.00012832	
2405	111	751	23.1164	15.4142	915	16	8	467	1	50	333	6	0.078591	48183.5	0.000197863	
2649	343	769	16.5415	15.8696	1046	14	6	490	3	72	350	5	0.269853	30101.6	0.000164231	
2443	114	725	21.96	10.4873	950	10	9	490	8	76	325	6	0.081648	64766.1	0.000167729	
2690	499	767	14.8933	13.6236	1017	13	9	477	8	77	347	6	0.405166	31081.6	0.000147754	
2300	185	741	25	16	931	16	8	475	7	50	314	5	0.109873	39141.4	0.000215843	
2658	277	755	13.5628	10.7645	997	12	8	488	8	74	348	6	0.243947	39087.8	0.000130907	
2478	100	775	23.9806	10.6022	1050	15	7	473	12	80	339	4	0.075876	72298.7	0.00017316	
2300	185	741	24.9483	16	931	16	10	475	4	47	314	5	0.109877	38968.6	0.000216779	
2657	500	743	16.5701	15.9322	1013	11	8	490	9	72	348	5	0.375996	28438.8	0.00016889	
2478	100	775	23.9806	10.9661	1021	15	8	473	10	70	339	4	0.075876	68296.1	0.000174642	
2673	422	748	13.4798	12.2934	1050	10	8	482	5	78	342	5	0.349377	33379.4	0.000138812	
2494	311	741	17.0873	14.6595	1050	11	9	468	12	80	350	5	0.22238	32327.3	0.000163773	
2348	100	755	25	10	1050	15	8	469	16	66	347	4	0.067505	82731.5	0.00018162	
2485	137	730	19.8799	10	998	17	9	481	6	69	330	4	0.10229	60921.3	0.000150875	
2679	348	747	16.5352	14.7303	1050	11	8	490	7	74	350	5	0.268418	30949.1	0.000157085	
2300	100	725	25	13.2945	909	12	8	474	6	60	348	4	0.06317	57801.3	0.000203542	
2660	415	729	18.04	16	992	13	7	487	9	80	347	5	0.298985	29070.6	0.000173521	
2657	226	775	17.1842	12.3811	1050	14	9	481	1	70	347	5	0.186956	38850	0.000140607	
2670	379	769	12.0878	10.4718	1050	10	8	483	8	77	350	6	0.345952	37452.1	0.000125282	
2355	100	748	25	10.0259	946	11	6	477	4	75	344	4	0.067128	77121.8	0.000183318	
2633	228	765	16.8406	13.7147	1041	13	6	488	6	79	335	6	0.186131	36209.2	0.0001514	
2435	368	772	20.0573	15.8842	927	14	9	469	12	57	350	4	0.251897	30520.1	0.00018315	
2300	136	733	25	16	909	15	8	473	8	69	350	4	0.082512	44679.9	0.000210659	
2700	412	770	12.6364	10.542	1027	11	7	485	0	73	349	4	0.366023	37053.6	0.000125755	
2550	117	762	20.5887	10.5242	1050	12	8	471	14	65	342	4	0.095531	61959.2	0.000154059	
2643	203	758	16.7907	12.4007	1029	12	7	480	17	70	350	5	0.168639	40058.4	0.000142552	
2342	100	743	24.7112	15.888	951	13	8	478	10	66	332	5	0.066767	52552.6	0.000209074	
2633	202	775	14.9501	10	1050	12	9	471	5	73	346	5	0.183158	45943.6	0.000126342	
2698	163	758	14.7703	12.845	1046	13	9	474	12	68	350	4	0.158901	42460.2	0.000142389	
2394	100	746	24.8602	10.44	1027	14	8	469	5	75	337	4	0.06834	75848	0.000181984	
2459	100	739	24.743	14.5629	971	13	8	486	5	80	336	5	0.070534	54632.1	0.000195465	
2665	422	775	13.4798	11.2317	1050	10	7	482	1	80	350	5	0.361037	35111.1	0.00012945	
2700	488	772	13.7011	13.8423	1036	15	9	489	7	80	350	4	0.413245	30910.6	0.0001459	
2667	287	775	16.1307	11.497	1043	13	10	484	7	65	348	5	0.236073	38064.4	0.000134246	
2315	100	742	21.8232	10	992	12	8	467	0	63	339	4	0.071051	73025.9	0.000177904	
2593	290	770	14.6041	12.0801	1050	10	8	485	12	70	345	6	0.24229	36126.2	0.000138122	
2417	103	740	23.4444	10	971	11	10	483	8	64	336	6	0.072999	74778.1	0.000175009	
2518	281	765	16.499	14.9586	1047	11	9	476	10	71	350	6	0.214695	32734.7	0.000161891	
2617	500	768	16.2884	13.9007	1032	13	8	490	6	80	348	4	0.385871	30447.2	0.000151035	
2300	100	742	23.3466	16	1003	12	7	485	6	80	340	5	0.067336	53716.2	0.000207168	
2689	249	765	15.3238	12.7312	1019	14	10	489	6	71	350	5	0.214278	36290	0.000141683	
2353	100	725	25	15.9909	927	16	9	472	7	60	344	4	0.064995	51466.1	0.00021363	
2697	407	761	15.4222	15.6545	1050	16	9	487	12	76	350	5	0.327306	29401.6	0.000161238	
2653	125	749	18.4291	10.0617	1047	11	6	481	8	78	342	5	0.110848	58770.2	0.000144217	
2512	183	775	16.2032	10.1827	1020	15	8	481	16	78	348	6	0.154628	48365.5	0.000133103	
2335	103	751	23.2106	10.0259	1033	16	9	472	15	80	343	4	0.071573	75955.6	0.000175901	
2611	463	741	16.6254	15.6474	1046	12	8	487	11	79	343	5	0.341971	28943.2	0.000167056	
2665	151	758	20.8769	10.1713	1046	12	7	472	12	80	344	5	0.120441	60140.6	0.000138332	
2370	100	748	25	10.0259	946	11	9	477	4	75	344	4	0.067661	75431.6	0.000182415	
2433	114	744	22.4378	10	1048	11	8	472	7	60	344	4	0.082272	73394.1	0.000162522	
2383	100	746	24.8602	10	1027	14	8	471	5	72	338	4	0.067951	80237.8	0.000181192	
2300	114	741	25	16	931	16	8	474	7	50	314	5	0.071834	48283.9	0.00021645	
2300	100	742	23.835	10	1023	11	6	485	4	64	344	5	0.066795	83388.9	0.000182849	
2555	198	769	14.3445	13.3602	1030	14	8	481	4	80	346	4	0.178634	38564.5	0.000147471	
2658	322	775	12.9637	10	1050	10	9	464	7	66	350	4	0.29074	40132.3	0.000123016	
2598	147	769	19.5353	10.8959	1018	13	7	481	7	59	343	4	0.120635	53567.4	0.00014245	
2345	100	754	22.7766	10.4976	990	13	7	466	9	52	342	6	0.071174	71624.1	0.000179308	
2659	247	770	14.8733	10	1048	11	7	487	0	73	350	4	0.215211	43187.6	0.00012536	
2484	116	749	17.1295	14.9586	1010	11	6	486	7	55	347	6	0.10278	46846.2	0.000175439	
2557	106	765	16.8362	12.6831	1050	13	7	489	8	61	346	5	0.104121	51795.3	0.000165399	
2700	445	772	14.6276	14.0312	1036	11	9	489	8	80	349	6	0.368429	30671.1	0.000148104	
2700	202	770	16.3577	11.8864	1049	11	8	487	0	72	346	5	0.176964	41041.4	0.000135962	
2681	327	768	17.3084	13.954	1036	11	9	489	7	80	349	6	0.256803	32350.2	0.000150943	
2337	167	740	16.1052	15.8842	953	15	9	467	5	69	339	5	0.127895	39116.4	0.000183587	
2300	100	739	25	15.8842	927	16	9	472	7	56	348	4	0.06439	51956.9	0.000215146	
2475	194	775	14.8457	10.1827	1002	12	8	477	14	73	345	5	0.168227	45848.8	0.000132908	
2581	281	772	19.4251	16	1014	11	8	473	15	77	350	4	0.207371	31497.1	0.000172265	
2682	493	766	14.9477	11.8178	1050	12	9	482	7	77	346	5	0.398075	33626.4	0.000134971	
2665	151	758	17.3279	10.1713	1046	12	7	478	12	80	344	5	0.133946	52917.7	0.000134066	
2657	422	771	13.2129	10.4609	1050	10	7	480	1	69	350	4	0.361112	37091.4	0.000125739	
2300	136	725	25	16	909	15	8	473	7	62	350	4	0.081611	44493.2	0.00021254	
2657	500	745	16.5701	16	1016	12	8	490	8	66	348	5	0.377008	28401.3	0.000169319	
2615	226	758	14.648	12.798	1022	11	7	481	12	78	347	6	0.196274	37355.1	0.000143885	
2550	117	756	19.4632	10.5242	1050	11	8	468	14	65	348	4	0.098254	59756.1	0.000152929	
2688	151	757	18.6365	10	1046	12	6	478	1	70	348	4	0.128846	56999.3	0.000133923	
2363	104	734	23.0586	15.8221	1005	16	8	471	7	65	348	4	0.07151	50969.7	0.000200884	
2700	500	775	12.9202	11.3776	1036	11	9	489	7	76	350	4	0.435444	34285	0.0001295	
2674	256	735	15.5526	11.9526	998	12	7	490	12	62	347	4	0.207503	37858.2	0.000141203	
2645	404	775	13.7627	12.0123	1048	10	9	469	1	71	350	5	0.341157	34195.2	0.000134571	
2598	398	743	16.8466	16	1028	12	7	490	8	72	346	5	0.293148	29315.9	0.000170736	
2603	351	754	16.9541	15.2458	1037	13	8	483	7	80	343	6	0.263944	30493.1	0.000163988	
2643	422	767	15.1266	13.9007	1049	13	8	490	6	76	344	5	0.337412	30970.9	0.000149231	
2417	108	769	23.4444	10.6649	997	16	10	478	3	73	343	5	0.078679	67457.2	0.000169549	
2638	247	770	14.8583	10.542	1048	11	7	483	0	70	350	4	0.213552	41471.1	0.000128271	
2513	194	774	14.4677	10.1827	984	13	7	485	10	76	348	5	0.173006	45470.6	0.000131389	
2584	144	749	15.6708	11.1289	1047	11	6	481	8	74	342	5	0.132505	48591.5	0.000140885	
2609	228	770	14.7757	10	1040	13	9	490	7	72	350	5	0.198996	43987.6	0.000127113	
2300	100	734	24.5166	14.5345	917	11	8	474	6	73	333	6	0.064499	54925.1	0.000206782	
2342	114	747	24.051	15.888	996	12	8	477	10	74	338	5	0.075687	49630.3	0.000199481	
2300	100	745	21.3496	10	1022	11	8	478	5	59	350	5	0.07182	75088.5	0.000177022	
2300	183	744	20.6543	16	911	14	9	468	3	46	322	4	0.118743	37245.5	0.000201532	
2310	100	743	22.7966	15.8842	926	11	10	472	7	57	346	5	0.068852	51220.1	0.000206954	
2605	184	761	18.4309	12.2458	1025	13	9	490	7	70	350	5	0.147233	42814.3	0.00014455	
2700	287	775	12.0464	10.542	1048	11	9	482	3	80	350	4	0.282816	39272.7	0.000124394	
2373	100	761	23.9806	10	1050	15	8	464	18	68	339	4	0.070648	79406.3	0.000177211	
2300	236	725	25	15.986	900	16	8	472	6	60	349	4	0.135415	35963.6	0.000213493	
2300	100	742	24.6009	10.1873	900	11	8	478	5	63	350	4	0.065196	72293.7	0.000187758	
2700	422	771	13.4798	10.817	1050	10	7	482	5	76	350	6	0.363314	36147.9	0.000127081	
2611	184	771	18.5075	11.3852	936	10	9	483	3	78	346	4	0.14889	45105.8	0.000141583	
2401	100	745	23.8476	10.0259	1038	15	8	470	5	65	343	4	0.070717	78217.2	0.000177211	
2688	450	771	16.7212	13.5839	1050	10	7	477	11	76	350	6	0.354103	31506.7	0.000147145	
2312	100	736	23.9285	10	1014	12	8	467	0	63	341	4	0.066162	79710.6	0.000183655	
2427	116	757	17.1295	14.9586	1010	11	6	486	7	55	347	6	0.101208	47225.3	0.000176211	
2325	103	758	23.0168	10.0259	1050	15	9	472	14	77	347	4	0.072407	76580	0.000174398	
2300	100	734	24.743	14.5629	971	13	8	486	5	80	333	5	0.064484	56414.8	0.000205634	
2563	272	769	17.3926	14.5691	1010	11	8	474	14	61	348	5	0.20823	33315.2	0.000160514	
2576	152	762	17.4564	11.3383	962	12	8	478	17	63	338	5	0.129881	47954.2	0.000143781	
2618	404	769	14.2429	12.0102	1048	10	9	481	1	71	350	5	0.330493	33985.4	0.000135925	
2605	184	761	18.6849	11.8886	1026	13	9	490	7	68	350	5	0.145995	44208.7	0.000142878	
2539	236	771	15.4161	10	1048	13	8	471	7	74	346	5	0.194949	44879.7	0.000129618	
2649	391	749	16.5415	15.8697	1047	14	6	479	0	72	350	6	0.297032	29513	0.000167224	
2700	389	757	13.6605	10.542	1042	11	9	487	13	71	350	4	0.329477	37050.9	0.00012734	
2538	116	743	22.795	10	1040	12	8	468	16	65	337	4	0.086328	71557	0.00015921	
2617	409	767	15.1266	13.9007	1046	13	8	490	6	76	344	5	0.324744	31154.1	0.00014997	
2300	100	734	20.4632	15.6709	931	11	8	474	6	73	333	6	0.073323	50738.4	0.000202675	
2629	376	771	15.4856	11.6389	1050	10	8	482	1	78	350	6	0.30036	35251.6	0.000134644	
2393	114	731	19.8643	14.986	1030	16	9	482	5	54	340	5	0.085676	48176.8	0.000185632	
2619	128	765	22.5181	10.4611	1023	14	6	473	3	78	343	5	0.100122	64414.6	0.000149589	
2660	500	743	17.0236	14.1782	1039	13	9	489	7	80	350	6	0.373436	30180.5	0.000155183	
2649	374	769	16.5415	15.8696	1047	14	6	479	0	72	350	6	0.292422	29740.7	0.000164989	
2402	115	746	23.6897	10.0018	1020	14	9	469	2	75	338	4	0.079022	73460.4	0.000166917	
2700	500	772	14.6276	14.0312	1036	11	9	489	9	80	349	6	0.412195	30286.3	0.000148104	
2590	246	769	11.6259	10.6082	1050	10	8	483	5	77	350	6	0.248184	41218.3	0.000127405	
2427	106	772	24.2201	11.0962	1050	15	10	468	16	79	340	4	0.076498	67832.2	0.000172801	
2300	103	749	23.3785	11.7955	985	16	9	479	2	68	344	4	0.069544	63413.6	0.000185563	
2700	366	775	12.0464	10.4971	1048	10	9	485	3	80	347	4	0.342752	37458.9	0.000124657	
2670	447	769	12.4669	10.7014	1050	10	8	478	6	68	350	6	0.392358	36515.5	0.000126502	
2436	104	758	23.1422	10.7066	990	15	7	479	8	78	344	5	0.076618	67769.8	0.000172622	
2590	147	769	17.9396	10.0225	1044	11	8	485	8	67	350	5	0.126272	55454.3	0.000135355	
2300	100	725	25	15.8842	927	16	9	472	7	56	348	4	0.06317	51902.5	0.000217202	
2312	100	739	24.7112	15.8977	942	12	8	477	7	71	336	5	0.065349	52677.5	0.00021173	
2300	100	742	24.7112	14.0209	942	13	8	472	7	71	336	5	0.065189	56477.1	0.000202593	
2697	446	760	19.788	16	1050	11	9	487	16	79	350	5	0.330807	28854.5	0.000168265	
2682	280	775	13.7157	13.3016	1048	14	7	486	5	72	338	5	0.253381	34692.9	0.00014341	
2661	391	771	10.8067	10	1050	11	6	480	7	66	350	5	0.38276	39978.4	0.000122085	
2300	100	736	22.7083	11.4069	988	13	7	472	8	66	339	5	0.068359	65896.4	0.000185943	
2538	116	745	21.1328	10	1050	12	8	468	16	65	337	4	0.090599	67642.6	0.00015625	
2633	387	733	14.9403	14.6771	1045	11	7	481	6	72	342	6	0.297709	30778.1	0.000159134	
2568	140	751	20.3755	12.0609	1005	12	9	471	2	72	341	4	0.109167	49784.9	0.000153163	
2664	263	735	14.6871	11.3538	1035	12	9	467	10	79	345	6	0.218378	38639.6	0.000136351	
2601	301	761	15.3197	13.9124	1041	12	7	489	6	71	349	5	0.241875	33032.1	0.00015108	
2661	199	743	17.2129	16	1033	11	7	488	8	77	334	5	0.162042	35186.9	0.000169981	
2345	100	748	22.7766	10.4976	990	13	7	466	9	52	342	6	0.070607	71761.8	0.00018005	
2518	149	772	16.499	14.9586	1044	11	7	473	14	71	348	6	0.131275	41666.8	0.000162101	
2300	100	742	23.835	10	1049	11	7	485	4	77	344	5	0.066795	83567.6	0.000182615	
2483	147	769	14.8324	11.3897	1044	13	7	485	7	65	345	4	0.138011	47440	0.000141183	
2628	319	770	14.3445	12.0885	1023	15	8	476	9	79	345	5	0.268031	35268.2	0.000137988	
2300	100	725	25	15.8842	927	15	9	472	7	56	348	4	0.06317	51997.3	0.000216967	
2696	346	728	16.6326	15.1235	1040	11	7	482	7	71	323	5	0.261762	30730	0.000164826	
2661	409	743	15.7934	15.8203	1035	11	8	488	4	78	334	5	0.314434	29272.6	0.000167001	
2677	333	769	14.6041	12.2173	1050	12	8	485	10	70	348	6	0.280485	34683.3	0.000136761	
2590	147	769	18.7475	10.0225	1044	11	7	485	10	67	350	5	0.122641	57372.5	0.000136426	
2322	100	725	24.7791	10	909	13	8	472	8	55	345	4	0.064453	74903.7	0.000188644	
2337	167	728	22.7137	15.8842	949	16	9	467	5	72	339	5	0.104485	39863.5	0.00019802	
2617	296	757	15.9024	13.9007	1042	10	9	490	6	76	349	5	0.234621	33049.5	0.000151286	
2674	256	741	16.3474	12.8341	998	12	6	490	12	62	347	4	0.204111	36351.2	0.000147167	
2325	103	758	20.5743	11.8261	1038	15	9	472	7	60	343	4	0.077796	60421.3	0.000176398	
2678	278	728	22.6333	15.5204	1025	11	9	485	11	71	318	5	0.190991	33516.7	0.000176616	
2429	110	742	23.9434	10.1776	1018	13	8	488	5	64	334	5	0.076346	75198.7	0.000170882	
2318	100	733	25	10	1017	13	8	465	0	63	341	5	0.064494	82283.7	0.000186916	
2619	322	775	12.9637	10	1050	10	9	467	6	66	350	4	0.286822	40021.9	0.000123778	
2333	100	759	23.1164	15.1323	915	16	9	468	2	50	338	6	0.070648	51336.7	0.00020284	
2416	116	773	19.2439	10.955	971	13	9	479	2	75	350	6	0.094441	56617.5	0.000157978	
2544	116	750	21.1328	10	1019	12	7	468	11	65	338	5	0.091456	66773.2	0.000155933	
2601	376	731	17.3329	15.5284	1020	13	9	489	4	76	346	5	0.270823	29840.2	0.000169434	
2593	277	770	13.8732	12.0801	1050	10	8	481	12	70	344	6	0.239761	36567	0.000137608	
2325	118	751	23.0168	10.0259	1033	13	9	472	7	80	350	4	0.079768	72761.3	0.000166279	
2677	365	769	14.6041	12.2173	1050	11	8	485	10	79	348	6	0.304124	33931.6	0.000136556	
2700	210	764	11.2324	10	1050	12	5	476	8	71	350	5	0.238719	45523.6	0.000122369	
2435	362	730	20.0573	15.8842	927	14	9	472	7	56	350	4	0.234332	30617.8	0.000188537	
2518	281	759	16.499	14.9586	1050	11	9	473	10	71	348	6	0.213012	32741	0.000162681	
2550	152	762	17.4564	11.0803	962	12	9	478	17	63	338	5	0.128479	48773.6	0.000143225	
2315	118	728	21.9676	15.006	933	16	5	481	9	80	346	4	0.079033	48638.2	0.000193536	
2373	102	773	23.2582	11.4476	991	15	8	468	17	73	342	5	0.074575	63932.9	0.000177525	
2653	194	738	22.11	15.75	998	14	8	478	6	73	332	5	0.139479	36943.8	0.000177873	
2613	144	747	16.1625	11.1289	1047	14	6	481	8	74	349	5	0.130802	49086.5	0.000140233	
2699	309	775	10.8067	10	1050	11	6	480	4	73	349	4	0.325327	41415.9	0.000121153	
2599	228	766	14.3525	10	1007	13	9	490	7	68	350	5	0.201021	43754.5	0.000128074	
2700	468	770	12.9274	10	1048	11	6	480	8	73	350	5	0.406734	38117.4	0.00012288	
2698	397	771	12.338	10	1042	10	6	480	8	72	349	6	0.359696	38698.7	0.00012276	
2485	112	730	19.8799	10	1023	14	8	480	8	69	330	4	0.08825	64886.4	0.000160772	
2300	100	763	24.5166	12.8903	917	14	8	474	6	73	345	6	0.067047	59097.1	0.000194932	
2700	100	730	23.2226	12.5334	909	17	8	478	6	64	346	4	0.081086	59338.2	0.000179759	
2632	319	747	17.7009	14.6967	1039	12	9	480	8	56	350	4	0.238026	31995.7	0.000161368	
2421	100	745	23.8476	10.7172	1039	15	8	470	5	65	343	4	0.07144	72007.3	0.00017854	
2379	167	743	20.3732	15.8842	984	15	9	462	2	69	333	5	0.114355	39038.5	0.000187441	
2640	463	734	14.7682	15.6474	1046	12	8	487	11	79	350	5	0.356089	29163.4	0.000164799	
2300	100	734	24.5166	15.4165	903	13	8	475	8	80	333	5	0.064499	52910.4	0.000211954	
2557	359	773	15.3627	15.0984	1050	13	10	490	1	76	345	5	0.282081	30937.3	0.000159337	
2300	118	760	23.7118	14.8014	949	16	9	475	0	47	336	5	0.078051	48964.6	0.000198177	
2638	285	732	14.8074	11.3538	1034	13	9	472	10	78	339	6	0.228829	37817.3	0.000138274	
2449	100	775	23.8756	10.2606	1023	12	6	472	6	78	339	4	0.074796	74437.1	0.00017343	
2443	114	762	20.5573	10.4873	975	10	9	476	10	80	343	5	0.089215	60988.8	0.000159719	
2412	100	741	23.1164	15.4613	932	16	9	472	3	64	341	6	0.071844	51145.6	0.000200682	
2700	419	772	14.0385	13.8423	1036	11	8	489	6	77	344	5	0.354809	31309.6	0.000146585	
2342	124	767	24.0768	15.888	996	13	8	477	10	71	338	5	0.083231	47679.2	0.000195198	
2625	350	775	14.5009	11.0233	1050	13	9	479	6	75	350	6	0.290711	36776.7	0.000130446	
2619	308	775	12.3361	10	1050	13	8	466	7	74	350	4	0.285467	40287.3	0.000123503	
2444	129	738	21.1328	10.2981	1050	12	8	465	8	57	335	4	0.093142	65655.5	0.000155521	
2342	100	742	24.7112	15.9144	951	13	9	478	10	66	332	5	0.066677	52471.8	0.00020938	
2567	194	774	14.4677	10.386	995	13	6	483	14	71	348	5	0.176751	45041.4	0.00013077	
2661	408	743	16.1155	15.2638	1035	10	7	488	4	79	334	5	0.310904	29736.5	0.000163185	
2300	100	725	25	13.2945	909	12	8	474	6	78	348	4	0.06317	57936.4	0.000203211	
2484	116	747	22.303	14.9586	1010	11	8	486	6	55	347	5	0.085777	48830.1	0.000182149	
2664	466	755	13.4798	12.0137	1050	10	8	482	5	78	350	5	0.38535	33413.9	0.000135593	
2443	114	734	21.96	10.4873	950	10	9	490	8	76	325	6	0.082661	64564.6	0.000166667	
2484	166	754	16.1475	12.8423	972	10	7	487	9	68	332	6	0.13832	42501.6	0.000153492	
2300	100	734	25	14.9177	917	11	8	474	6	73	333	6	0.063955	54349.3	0.000210172	
2678	499	767	14.5285	12.6266	1017	13	9	488	8	77	347	6	0.407416	32212.5	0.000140509	
2691	468	769	15.8691	12.745	1050	11	9	490	10	65	346	5	0.373499	32446.3	0.000141103	
2454	119	746	23.1531	10	1003	14	8	471	9	80	344	5	0.084432	70178.6	0.000161134	
2558	131	771	24.7699	10	1050	10	9	484	16	65	340	4	0.095712	73831.9	0.000152602	
2538	110	760	21.2802	10.0766	1013	13	9	472	9	61	343	5	0.088899	66812.1	0.000159008	
2300	100	759	24.5166	14.5345	917	13	8	474	6	73	333	6	0.066696	54826.2	0.000203376	
2402	100	745	23.9806	10.2086	1049	15	8	464	2	75	339	4	0.070205	77094.8	0.00017838	
2443	114	762	21.8963	10.4873	985	10	9	476	8	75	334	5	0.085815	64096.4	0.000162259	
2435	114	760	21.8963	11.9374	1015	11	10	490	5	74	350	6	0.085261	57886.2	0.000167224	
2615	319	772	14.0791	11.3204	1046	11	7	490	10	80	350	5	0.270212	36441.4	0.000132188	
2401	126	755	25	15.5753	986	15	9	469	8	66	334	4	0.083742	47083.9	0.000194818	
2625	378	775	14.0232	11.9036	1037	13	8	479	5	75	349	6	0.316393	34473.8	0.000135227	
2546	110	743	22.4401	10.0766	1013	13	9	472	11	61	343	5	0.084358	70068.8	0.000162417	
2300	109	741	22.519	15.9777	927	12	9	468	7	46	344	4	0.07352	48050.6	0.000205761	
2603	350	767	17.3926	14.9412	1010	14	9	474	17	61	350	5	0.265037	30980.5	0.000162681	
2605	407	773	18.3283	15.6545	1046	11	8	480	4	76	346	4	0.303809	29487.5	0.0001657	
2527	151	757	15.6515	15.8703	1044	11	8	478	10	63	349	5	0.135056	40823.6	0.000169147	
2572	147	769	19.5353	11.09	1018	13	6	483	11	59	343	4	0.119319	53017.6	0.000144155	
2527	281	731	16.4671	14.7024	1050	13	8	473	4	66	350	5	0.205846	33003.3	0.000163613	
2375	105	746	24.8599	15.1357	997	11	7	487	9	65	348	5	0.070346	53857.3	0.000198452	
2657	415	729	18.2592	16	1000	13	7	487	9	80	347	5	0.298008	29127.9	0.000173853	
2337	115	758	23.1168	10.0018	1020	14	9	473	2	80	338	4	0.07882	72706.4	0.000167504	
2417	100	740	23.4444	10	971	11	10	484	8	64	336	6	0.071376	75467.2	0.00017762	
2700	195	742	19.3966	16	1003	12	7	485	6	80	340	5	0.151675	35731.5	0.000172891	
2623	193	775	13.5143	10.0131	1040	13	9	469	6	74	344	5	0.189687	45598.7	0.000126008	
2570	245	769	11.6259	10.6082	1050	10	8	483	5	77	350	6	0.245672	41317.1	0.000127894	
2559	194	775	16.0676	10.1827	996	12	9	477	14	70	348	5	0.165342	46553.1	0.00013151	
2667	287	774	14.6984	11.497	1039	13	10	484	7	65	348	5	0.246571	37383.8	0.000133032	
2363	100	737	22.5792	13.4228	911	15	9	472	14	69	345	4	0.070757	54748.4	0.000192308	
2614	488	772	12.902	12.2766	1049	13	10	484	9	80	349	5	0.412445	33058	0.000136612	
2340	143	744	23.9229	15.1869	929	11	7	479	7	71	333	5	0.090935	44788.1	0.000195351	
2402	100	745	23.8476	10.0259	1038	15	8	470	5	65	343	4	0.070753	78159.6	0.000177179	
2379	115	774	22.0149	10.9044	1010	14	9	479	7	68	341	6	0.085055	63310.6	0.000164096	
2602	110	736	22.0047	15.8842	938	12	9	482	7	66	346	5	0.086888	47123.3	0.000188253	
2700	228	770	12.6286	10	1007	13	9	488	8	73	350	5	0.229547	43195.5	0.000123993	
2374	100	759	20.7239	13.4067	973	15	9	465	19	69	350	4	0.077661	53984.3	0.000184468	
2664	241	732	13.5497	11.9788	1029	12	9	469	18	80	343	5	0.212821	38141.9	0.000139665	
2661	398	743	16.8466	16	1028	10	7	488	8	77	330	5	0.299535	29164.4	0.000169952	
2665	203	758	16.7907	12.4007	1029	12	7	484	17	70	350	5	0.170063	40050.8	0.000141965	
2695	285	770	10.8067	10	1050	11	4	476	5	77	350	5	0.304654	42463.7	0.000121566	
2609	178	763	15.6771	10.1228	1042	13	10	483	6	67	350	5	0.158103	48390.4	0.000129634	
2598	135	769	21.3671	10.8959	1012	13	7	481	7	58	343	4	0.107086	58106.4	0.000148346	
2420	114	764	21.8963	11.4393	1004	10	10	487	5	74	350	6	0.085091	60002.4	0.000165563	
2537	133	769	17.1395	11.2504	1050	10	9	484	4	78	349	5	0.118407	50587	0.000144467	
2432	100	738	25	11.2384	953	15	7	489	0	67	342	6	0.068929	68337.1	0.000184843	
2607	184	761	14.7757	12.2458	1026	13	9	490	7	70	350	5	0.167528	41245.5	0.000140115	
2567	228	774	14.6053	10.0346	1035	12	7	479	6	80	350	6	0.198789	43772.6	0.00012773	
2689	236	765	15.3238	12.7312	1019	14	10	489	6	80	350	5	0.205294	36827.6	0.000141443	
2623	198	767	16.0132	12.7194	1030	16	8	481	3	80	344	4	0.170415	39346.5	0.00014374	
2655	482	767	12.2843	11.2625	1050	10	9	481	7	73	350	5	0.420209	35040	0.000129668	
2363	100	725	22.5792	13.4228	907	15	9	470	14	72	345	4	0.069605	54686.8	0.000193986	
2300	100	734	22.6062	10.3467	917	13	8	484	6	74	333	6	0.068175	69530.5	0.000183993	
2300	105	733	23.4505	10	1005	12	6	476	9	63	346	5	0.069085	79330.6	0.000179437	
2661	181	759	18.4586	13.2414	1032	11	9	490	4	80	341	4	0.147554	40477.9	0.000149566	
2462	133	725	22.6051	15.7372	983	13	7	482	8	73	333	5	0.091162	44462.6	0.000188466	
2617	207	725	15.5061	11.4172	1047	10	8	481	0	72	350	6	0.169896	41799.6	0.000138255	
2656	176	766	16.5039	11.0463	1006	12	10	483	20	56	350	5	0.155383	45846.7	0.000135208	
2300	100	735	24.973	15.8237	913	12	6	479	8	73	335	5	0.064044	53004.2	0.000214823	
2682	493	754	13.3138	11.4963	1050	12	10	482	6	78	346	5	0.409686	34135.2	0.000132996	
2612	372	731	17.2947	15.2922	1038	10	9	489	12	71	337	5	0.269103	30193.8	0.000167056	
2700	386	757	13.0859	10.542	1042	11	9	487	13	71	350	4	0.334319	37017.3	0.000126904	
2356	100	736	25	15.8925	909	14	8	473	6	61	345	4	0.066086	51533.3	0.000211551	
2465	155	758	16.0436	14.164	1049	11	9	479	6	80	350	5	0.131862	42276.4	0.000158028	
2333	100	759	22.0345	15.1323	914	16	9	468	2	50	335	6	0.072826	50803.2	0.000200723	
2562	297	755	16.4034	14.2589	1050	12	10	480	7	78	345	4	0.226806	32677.9	0.000156274	
2333	122	741	20.1235	15.4547	915	16	9	474	2	52	334	6	0.087572	45528.5	0.000193723	
2301	145	734	20.537	15.4165	959	13	8	482	8	74	328	5	0.096563	43387.2	0.000190476	
2662	193	758	13.4234	10.0124	1050	13	9	471	6	74	346	5	0.188886	45782	0.000126056	
2300	109	769	25	16	909	15	8	481	6	62	348	4	0.071845	49951.9	0.000208333	
2311	135	760	20.7075	12.529	1023	11	6	485	3	75	344	5	0.094375	53321.5	0.000166141	
2443	110	753	21.96	10.2648	946	15	9	463	8	76	325	5	0.082552	65427.9	0.000165837	
2310	100	737	24.0969	13.4746	998	12	9	477	5	63	338	5	0.066172	59141.6	0.000197083	
2643	151	754	17.6911	10	1046	12	6	478	1	62	343	5	0.130255	55967.7	0.000134953	
2300	195	731	19.7934	15.8842	927	12	9	470	1	58	348	4	0.125437	36624.6	0.000193461	
2650	175	772	15.6515	10	1046	12	8	473	12	50	344	5	0.160563	49975.2	0.000129032	
2402	111	751	23.8476	10.0259	1038	15	8	476	5	80	343	4	0.077343	75346.3	0.000168265	
2665	277	747	13.5876	10.6189	1006	11	8	487	9	70	348	6	0.241981	39565.9	0.000130685	
2548	131	756	16.6647	10.4028	1031	13	6	484	19	58	350	4	0.118048	54177.5	0.000143021	
2680	500	766	16.3412	14.6167	1026	11	9	484	3	80	345	4	0.392029	29597.1	0.000155569	
2485	112	730	19.8799	10	1023	12	8	480	6	69	330	4	0.08825	64907.2	0.000160643	
2353	102	731	23.4505	10	1005	12	9	476	9	63	346	5	0.069268	77442.8	0.000179051	
2342	114	747	24.051	15.888	996	13	8	477	10	75	338	5	0.075687	49591.7	0.000199521	
2300	183	744	20.9354	16	911	14	9	468	3	47	322	4	0.117638	37475.3	0.000201816	
2310	100	767	24.0969	13.4746	998	12	9	477	5	63	338	5	0.068866	58921.7	0.00019305	
2590	147	769	18.7475	12.9433	1044	11	7	478	10	67	350	5	0.122641	45614.3	0.000150173	
2667	500	746	16.5701	16	1016	13	8	490	8	66	347	5	0.378735	28387.5	0.000169119	
2657	162	775	17.1842	11.7783	1050	14	9	480	6	69	346	5	0.144293	45440.9	0.000138179	
2646	303	767	14.2705	10.8866	1042	10	8	471	3	75	350	6	0.257889	38289.5	0.000129752	
2429	107	752	24.3616	13.4784	1018	13	7	488	7	63	334	5	0.075135	57163.8	0.000184877	
2557	305	746	15.7915	14.4901	1041	10	9	489	5	74	350	5	0.232841	32319.3	0.000158128	
2632	319	747	17.4866	14.6967	987	12	9	481	5	59	343	6	0.23867	31938.7	0.000163934	
2544	115	750	21.3628	10.5611	1011	13	7	466	10	65	331	5	0.090296	63503.9	0.000159337	
2333	130	759	23.592	15.4142	915	16	9	468	2	49	333	5	0.085849	45003	0.000200441	
2700	210	767	11.2324	10.3284	1050	12	5	473	8	71	350	5	0.239656	44865.9	0.000123609	
2590	147	769	19.8884	10	1017	13	6	485	14	60	349	5	0.119013	60133.5	0.000138812	
2601	301	757	15.3197	13.9124	1041	12	7	490	6	71	349	5	0.240603	33034.9	0.000151469	
2638	257	765	12.3752	10	1050	14	9	480	9	73	339	6	0.246481	41916.9	0.000126646	
2697	433	773	15.2957	15.6545	1046	12	6	487	5	80	348	5	0.353245	29289.2	0.000159898	
2300	100	743	23.377	15.8977	983	13	8	477	9	72	333	5	0.067426	52973.8	0.000207469	
2332	100	770	23.9806	10.3151	1050	15	8	471	4	75	339	4	0.069959	76579.9	0.000178987	
2327	102	736	20.977	10	1031	11	7	487	8	74	345	5	0.074053	73595.5	0.000174734	
2662	364	733	15.228	14.6771	1044	13	7	480	9	72	342	6	0.282346	30932.1	0.000158983	
2625	145	755	18.1634	12.634	1041	14	7	472	9	79	336	6	0.123333	46129.9	0.000149858	
2700	380	775	12.0464	10.542	1048	11	9	487	3	80	350	4	0.353638	37120.7	0.000124425	
2475	114	747	24.051	10.3101	998	13	8	476	10	75	338	5	0.080846	70207.7	0.000166085	
2300	183	744	23.1104	16	916	16	9	477	3	43	322	5	0.11263	38081.6	0.000211015	
2594	310	758	17.6595	13.0541	1034	13	7	483	4	80	348	6	0.23207	34582.9	0.000148832	
2301	100	737	23.9229	15.5371	979	12	8	482	8	72	328	4	0.065861	54027.5	0.000207771	
2477	108	735	24.973	15.8024	900	12	6	489	8	71	339	5	0.074605	49726.3	0.000200361	
2625	148	755	18.1634	12.634	1041	14	7	472	9	80	336	6	0.125196	45733.4	0.000149365	
2665	422	762	13.4798	11.0294	1050	12	8	482	1	78	350	5	0.354981	35574.1	0.000129634	
2460	104	758	24.3955	10.7066	990	16	7	474	8	78	344	5	0.075214	69812.7	0.000173943	
2534	166	767	16.7843	12.8423	1038	10	7	487	7	68	332	5	0.140098	43083.3	0.000149209	
2497	178	744	16.1475	12.8423	972	10	7	485	9	80	333	6	0.144478	41020.8	0.000153775	
2300	100	742	24.6009	10	1022	11	10	480	5	70	350	5	0.065196	82436.4	0.000185391	
2617	483	772	13.0855	11.6715	1049	13	10	485	9	80	349	5	0.406648	33831.7	0.000133298	
2484	123	747	22.303	14.849	1010	11	8	486	6	55	338	5	0.089752	47797.6	0.000180148	
2689	500	731	17.5593	15.6379	1042	11	9	483	3	77	345	5	0.367959	28657.6	0.000167504	
2373	100	758	21.273	10.0259	1050	13	9	468	14	80	343	4	0.076436	71469.3	0.000172028	
2300	113	725	20.6069	16	900	15	8	473	14	66	348	4	0.078604	46905.4	0.000201613	
2333	100	759	23.1164	15.4142	915	16	9	468	2	50	331	6	0.070648	50982.2	0.00020475	
2449	116	745	25	15.5968	927	13	9	472	7	56	348	5	0.079009	47845.4	0.000197355	
2342	147	743	24.7112	16	969	12	8	477	9	72	332	5	0.091943	43665.3	0.000201776	
2326	100	742	24.7112	16	942	12	7	477	8	71	336	5	0.06611	52457.4	0.000210881	
2450	100	740	23.9	15.8842	1022	15	8	467	5	73	349	5	0.071453	51743.1	0.0002	
2340	100	744	23.9229	15.071	962	11	7	480	7	71	333	5	0.067887	54117.7	0.000202306	
2300	103	725	24.9535	10.7538	917	12	8	485	5	80	338	6	0.064692	69836.2	0.000191351	
2609	228	770	16.1994	10.0667	1040	13	9	479	11	76	350	5	0.189476	45180	0.000128766	
2361	100	736	23.8489	10.3219	988	11	8	486	3	66	349	5	0.068434	75305.3	0.000181357	
2345	100	744	25	15.071	1012	11	7	481	8	71	329	5	0.066416	55860.1	0.000203666	
2330	100	740	23.049	15.639	1041	13	8	477	8	78	338	4	0.068772	53675.1	0.000202143	
2625	378	772	14.0232	11.9036	1037	13	8	479	5	75	349	6	0.315169	34481.5	0.000135501	
2402	100	746	23.034	11.7004	1028	14	9	470	2	78	346	4	0.071966	63720.5	0.00018162	
2638	236	771	14.1168	10	1050	12	8	471	7	74	346	5	0.212732	43346.9	0.000125691	
2632	483	772	13.0855	11.4068	1049	13	10	485	12	80	349	5	0.408631	34230.6	0.000131596	
2401	100	744	25	10	1050	15	8	469	16	66	347	4	0.068394	82235.4	0.000180115	
2700	151	757	16.6407	10	1041	13	7	477	5	75	345	5	0.138693	53048.6	0.000132188	
2640	227	774	12.8763	10	1048	11	8	477	8	71	344	4	0.221818	43113	0.00012475	
2325	103	758	20.5743	11.8261	1050	15	9	472	7	60	343	4	0.077796	60865.9	0.000176243	
2647	277	755	13.5628	10.4759	998	12	8	490	6	62	348	5	0.242992	40191.5	0.000129735	
2356	100	755	25	11.5585	922	11	9	471	5	62	345	4	0.067792	64353	0.000188147	
2300	100	743	23.377	15.8977	992	13	8	482	9	80	333	5	0.067426	53440.3	0.000207211	
2318	100	734	25	10	1017	13	8	467	0	63	341	5	0.064582	82403.1	0.000186776	
2665	305	775	13.774	12.6688	1043	15	10	487	7	80	336	5	0.269284	34648.4	0.000140311	
2323	100	742	24.6037	10	1036	12	8	488	5	73	337	5	0.066011	83622	0.0001844	
2300	100	725	22.1853	15.8842	927	14	10	474	7	57	350	4	0.068364	50556.7	0.000208551	
2300	100	736	23.4238	11.6108	929	12	8	483	8	73	333	5	0.066789	63879.8	0.000190042	
2340	100	744	25	15.071	997	12	7	480	7	71	333	5	0.066239	55451	0.00020429	
2300	100	736	23.4238	15.8237	913	12	8	483	8	73	333	5	0.066789	52086.8	0.000210128	
2322	102	773	23.2582	11.4476	991	15	8	468	17	73	342	5	0.072621	64646.2	0.000179986	
2342	100	747	23.0439	12.9672	996	13	8	484	10	75	338	5	0.069863	59257.9	0.000189825	
2375	105	742	24.8599	15.1357	985	13	7	485	7	64	345	5	0.069968	53383.5	0.000199681	
2537	133	769	17.1395	12.0132	1050	10	9	484	4	80	350	5	0.118407	48446.5	0.00014782	
2337	167	744	22.7137	15.8842	953	15	9	467	5	71	339	5	0.106782	39934.8	0.00019558	
2524	131	758	20.2159	10.4028	1015	13	6	472	19	57	343	5	0.103333	60676.8	0.000148965	
2330	100	740	25	12.6397	1036	13	8	481	8	78	342	4	0.065532	64048.7	0.000193761	
2560	141	748	18.7604	12.8808	985	13	6	481	11	60	347	4	0.114192	46355.8	0.000156201	
2638	226	758	14.8186	12.798	1022	11	7	481	12	78	347	6	0.196716	37333.3	0.000143534	
2512	100	755	21.2802	13.2355	1019	13	6	477	5	69	344	6	0.081502	55396.3	0.000179662	
2416	116	773	18.6607	10.7542	1021	13	9	479	2	71	350	6	0.096691	57725.2	0.000155594	
2363	100	738	22.5792	12.9786	907	15	10	471	14	72	349	4	0.070853	55718.2	0.00019015	
2698	257	765	12.3752	10	1050	14	6	480	9	73	349	6	0.251795	42356	0.000123457	
2355	100	775	22.7219	11.0496	983	15	8	463	4	75	343	4	0.074094	64999.7	0.000177054	
2558	131	771	24.7204	10	1050	10	9	484	16	70	340	4	0.095716	72885.2	0.000152277	
2665	500	747	16.5352	14.7303	1050	11	8	490	7	79	349	5	0.378989	29414	0.000157406	
2693	131	753	16.0014	10	1050	13	8	468	6	74	339	5	0.129109	54216.5	0.000138179	