2494	420	732	16.3264	15.4944	1019	18	8	461	17	77	334	6	0.29603	29982.1	0.000173853	
2562	165	731	17.4755	15.7585	951	15	5	483	5	60	335	6	0.131029	38469.2	0.000178699	
2389	147	740	14.7817	12.545	976	11	6	484	1	77	337	5	0.127477	45474.7	0.000155448	
2689	360	765	16.807	12.5943	1024	11	5	465	8	73	340	4	0.283208	34965.7	0.000143349	
2529	121	772	20.9299	14.427	910	17	10	490	17	71	326	4	0.09708	46907.9	0.000174795	
2481	269	743	18.3748	14.4553	964	13	5	461	6	53	333	6	0.18881	34306.8	0.000171939	
2608	117	744	20.5651	14.3771	934	12	8	474	12	49	309	6	0.095706	47921.6	0.000179211	
2372	236	736	17.6523	15.4382	994	11	6	462	10	57	350	6	0.162177	34597.4	0.000179051	
2669	420	739	18.1549	15.9087	1007	17	7	474	11	51	337	5	0.30691	29782.5	0.000177117	
2656	443	745	14.7703	13.6518	1037	17	8	470	17	58	345	4	0.34755	31861.6	0.000152253	
2510	489	761	14.6779	11.7487	1028	17	8	468	2	74	329	6	0.373581	34717	0.00014298	
2528	168	732	17.1412	15.4486	983	10	4	484	9	55	339	5	0.132862	38777.2	0.000174338	
2572	261	772	17.1923	11.3907	959	16	7	483	20	78	327	6	0.203626	40188.1	0.00014339	
2346	121	740	18.7029	13.1858	1035	14	7	476	14	41	340	4	0.092226	49618.9	0.000172682	
2320	120	730	18.9106	11.4465	1026	17	10	475	4	49	327	6	0.088266	56346.3	0.000168606	
2620	193	772	21.4489	14.9587	986	16	6	467	6	63	341	5	0.145293	37996.4	0.00016975	
2580	186	759	18.3594	15.1041	984	17	7	471	10	50	346	5	0.146629	37368.5	0.000171674	
2611	301	746	19.1686	15.1346	1001	14	6	481	8	63	344	6	0.217244	32138.6	0.00016909	
2567	277	747	12.6286	11.1592	992	12	7	488	14	67	348	6	0.244964	38598.7	0.000135391	
2489	233	774	18.3317	15.0778	961	14	9	490	10	77	337	5	0.173856	34482.3	0.000169119	
2610	172	730	23.5774	15.2581	1050	17	4	476	20	60	344	4	0.119311	41482.7	0.000178412	
2699	307	775	13.398	12.388	1004	11	8	473	16	55	316	6	0.278112	36402.4	0.00014339	
2432	237	766	17.9753	13.1267	1016	11	8	470	7	63	343	4	0.172456	37857.8	0.000155545	
2439	201	773	14.473	10.9504	954	16	8	481	0	55	345	5	0.172094	43302	0.000139665	
2539	219	731	15.8253	14.9061	1047	17	5	470	5	53	349	5	0.171244	35776.5	0.000167308	
2316	193	743	19.5018	15.9166	931	16	9	474	3	72	324	4	0.128399	36780.1	0.000191828	
2699	102	752	22.9202	15.4548	1027	17	8	464	10	47	342	6	0.08532	50935.3	0.000188041	
2696	240	735	19.9874	15.8401	993	11	6	465	5	42	345	6	0.177023	34001.8	0.000179565	
2618	217	731	15.6264	14.9734	1026	15	10	488	2	66	324	4	0.176484	35351.9	0.000165975	
2695	150	743	20.1435	12.2545	1030	12	5	480	4	75	338	5	0.120718	49235.4	0.00014881	
2440	234	764	17.3011	12.7888	920	17	8	485	13	79	349	5	0.173695	37571.3	0.000155642	
2572	327	758	17.3667	12.3907	972	11	6	489	16	69	338	6	0.243133	35683	0.000148082	
2443	204	764	17.6737	13.3752	1003	11	9	488	2	74	345	4	0.153413	38906.5	0.000156006	
2366	111	773	20.2044	15.1634	1041	15	10	468	18	77	315	4	0.086612	49265.1	0.000184094	
2361	112	725	18.9468	13.6543	1038	16	6	475	5	69	306	5	0.085172	51265.2	0.000181686	
2353	163	728	20.5277	10.5189	993	11	8	475	6	73	341	6	0.107989	57644.1	0.0001554	
2614	178	762	17.1334	13.4996	939	11	6	488	9	51	338	6	0.149636	40141.5	0.000157456	
2607	167	751	19.4118	14.2835	946	12	9	478	2	65	310	6	0.130551	40543.2	0.000167983	
2509	327	742	16.2012	12.4861	1048	10	6	484	12	52	345	4	0.239542	35934.3	0.000148478	
2559	151	729	19.8884	10.1644	1048	14	6	481	19	55	335	5	0.113684	61459.8	0.000145497	
2485	181	768	18.9691	10.1381	1035	14	4	463	20	75	331	4	0.137213	56236.3	0.000140272	
2559	346	748	18.6667	15.4679	956	12	7	468	9	65	327	5	0.245782	30800.2	0.000175254	
2470	139	740	21.7018	13.2218	1015	15	9	462	4	57	337	6	0.099068	48714	0.000168691	
2673	251	756	18.438	14.9834	1044	11	9	477	4	49	335	5	0.193733	34166.5	0.000165399	
2563	224	742	12.823	10.6041	943	13	7	490	1	68	345	6	0.205276	42203.6	0.000134989	
2524	117	763	19.8947	13.5968	934	16	8	470	1	74	339	5	0.096864	48586.3	0.00016952	
2471	117	736	19.9923	15.2281	952	10	9	474	18	53	335	4	0.090642	46295.9	0.000184332	
2397	213	770	20.5401	15.1183	957	15	4	488	9	61	338	5	0.146469	36920.9	0.000179051	
2472	132	754	22.4766	12.0842	1017	16	8	471	8	57	321	4	0.09525	54956.1	0.0001657	
2323	149	757	15.5516	11.9174	1019	12	8	474	6	73	329	4	0.122909	47361	0.000153657	
2383	186	774	15.7277	13.8117	907	12	9	474	0	59	341	6	0.150376	38914.9	0.000163586	
2420	194	767	16.5663	13.0425	928	11	9	490	8	73	348	6	0.151661	39468	0.000156079	
2636	373	734	13.5633	12.6057	904	12	10	469	11	64	345	5	0.301907	34474.4	0.000149187	
2577	182	728	19.3358	14.1281	945	15	6	484	7	68	332	6	0.134557	39305.8	0.000168095	
2665	135	751	18.2895	14.1109	945	15	5	480	14	58	308	5	0.117869	45211.1	0.000167308	
2675	327	772	18.9587	15.9277	1014	11	7	479	17	64	350	4	0.249248	30375.3	0.00016835	
2691	217	755	18.5703	13.6951	984	12	5	482	1	72	320	6	0.172068	37866.5	0.000156642	
2622	120	745	24.4779	12.4863	950	15	9	484	11	70	337	5	0.08924	56134.2	0.000168464	
2596	141	774	21.0807	10.0831	1002	14	4	463	2	64	312	4	0.112649	64633.6	0.000145751	
2380	106	763	18.5127	13.9253	995	16	9	480	2	69	322	5	0.088727	50919.8	0.000179759	
2528	103	770	22.4979	14.651	1018	13	5	471	13	77	305	5	0.082572	52308.3	0.000183925	
2603	210	773	16.1662	11.2997	994	10	4	465	4	69	322	6	0.177751	42818	0.000139978	
2328	124	758	15.1609	10.7711	996	16	9	468	9	56	330	6	0.111776	52835.1	0.000153846	
2375	208	728	15.0024	10.2994	915	11	9	469	12	55	348	5	0.158654	44947.4	0.000143041	
2655	340	759	15.8667	11.3396	920	11	10	461	18	61	340	5	0.269547	37842.4	0.000140135	
2653	272	734	14.5455	11.9245	966	13	8	488	6	50	346	6	0.223834	37756.6	0.00014403	
2678	307	747	14.6288	12.8176	1017	11	4	481	12	57	346	5	0.253498	34957.6	0.00014497	
2647	112	763	23.4427	13.7132	1008	14	9	460	4	44	308	6	0.089423	53578.1	0.000178667	
2611	272	756	14.1861	12.8683	947	17	8	464	1	61	337	6	0.230276	36232.5	0.000150105	
2588	177	749	11.8116	10.8395	1042	15	7	481	11	66	339	5	0.192252	45855.9	0.000133529	
2621	484	763	19.1235	15.9342	984	14	6	466	10	68	349	5	0.355271	29223.4	0.000173762	
2337	200	755	17.8087	15.4843	999	14	8	463	1	70	316	4	0.141981	36746.5	0.000180963	
2669	122	728	18.603	12.6352	904	10	5	464	13	59	305	5	0.105494	50317.8	0.000165098	
2558	172	731	15.48	12.4143	913	15	7	490	4	77	333	5	0.145919	42346.6	0.0001523	
2610	103	769	22.9619	14.1856	1033	14	6	462	20	75	300	5	0.084439	53486.6	0.000180375	
2649	157	735	19.3139	14.6502	937	13	6	474	3	70	305	6	0.124442	41109.7	0.000171821	
2679	219	775	18.3167	13.9365	1042	12	10	465	19	78	309	4	0.177824	36641.1	0.000155715	
2538	230	762	17.1471	13.0935	972	13	5	468	18	75	324	5	0.178173	37380.8	0.000154895	
2357	127	734	21.5302	15.3861	978	17	5	473	7	68	347	4	0.087277	46074	0.000188822	
2314	148	739	22.5735	15.4081	967	18	4	486	11	79	344	4	0.094605	44439.3	0.000192753	
2441	123	747	16.6164	11.9602	1037	14	8	480	17	50	338	5	0.107256	50486.5	0.000158103	
2700	296	745	14.6871	13.8807	1034	14	9	470	11	63	345	5	0.24708	33546.6	0.000151768	
2589	150	730	19.9048	12.266	955	15	8	484	12	59	329	6	0.114702	48082	0.000157978	
2661	134	741	20.4512	11.2955	1015	13	6	465	18	78	326	4	0.108387	55198.5	0.000150376	
2558	172	731	15.48	12.4143	917	15	6	490	9	77	333	5	0.145919	42548.8	0.000152207	
2618	217	727	15.6264	14.9734	1017	15	10	488	3	66	324	4	0.175518	35308.3	0.000166778	
2593	376	736	17.3329	16	952	15	8	478	10	60	326	4	0.271912	29765.8	0.000179211	
2383	186	774	16.885	15.3363	969	12	9	474	0	51	335	6	0.144026	37471.9	0.000175531	
2611	301	752	19.1686	15.1346	1024	14	6	481	8	63	344	6	0.218991	32219.8	0.000167336	
2559	195	732	17.1336	12.1748	1018	16	8	466	0	73	315	6	0.150937	41712.5	0.000152277	
2571	206	735	16.7395	14.0724	994	13	6	462	8	69	304	6	0.161473	37268.9	0.000165344	
2513	385	769	14.9303	13.9007	1046	11	8	472	6	51	338	6	0.298104	32414.9	0.0001554	
2580	420	732	16.3264	14.9111	1019	17	8	460	17	77	334	5	0.305049	30339.9	0.000166694	
2530	266	733	13.4212	11.3618	1015	15	5	468	15	63	327	6	0.220729	39327	0.000143021	
2513	230	735	19.1644	14.6728	964	11	6	465	0	58	350	5	0.16187	35302.1	0.00017188	
2431	137	727	21.3892	11.9492	956	18	8	474	10	67	322	6	0.095049	52879.9	0.000167448	
2389	147	740	16.4178	12.545	976	11	6	484	4	77	327	5	0.117791	45952.3	0.000158831	
2689	356	765	16.807	12.5943	1024	11	5	470	6	73	336	4	0.280283	34884.8	0.000143493	
2611	356	756	14.1861	12.8683	947	17	8	464	-0	61	337	6	0.289186	34367	0.00015006	
2645	113	742	21.2312	13.8662	1006	18	7	468	12	77	345	5	0.092843	50582.5	0.000171939	
2619	162	725	12.0174	10.3614	1031	10	9	464	17	68	344	4	0.175829	47537	0.000132873	
2316	189	745	19.5018	15.9166	927	16	8	479	3	74	324	4	0.126477	37282	0.000191718	
2449	228	764	15.5433	15.1747	1040	13	6	481	14	72	329	4	0.180138	35288.8	0.000166834	
2653	272	740	14.5455	11.9245	966	13	7	488	7	50	346	6	0.225664	37804.8	0.000143431	
2544	327	754	17.3667	12.3907	972	12	7	489	10	69	334	6	0.239389	35763.8	0.00014988	
2484	248	766	18.063	14.9051	978	10	4	480	7	69	340	5	0.182545	34311.7	0.000167616	
2527	182	740	21.5087	14.1666	1003	15	8	489	8	50	344	6	0.127508	40786	0.000172444	
2435	444	742	12.0718	11.6283	1028	13	8	479	9	59	347	4	0.353703	35960.6	0.000140805	
2401	273	750	15.63	12.8822	951	17	6	481	10	69	347	5	0.200846	36020.9	0.000155885	
2539	219	731	18.011	15.5841	1047	17	4	470	5	53	349	5	0.160058	35059.7	0.000175285	
2380	166	763	18.5127	14.0276	967	16	9	480	2	69	322	6	0.123156	41407.1	0.000169981	
2596	141	772	21.0807	10.8752	1002	13	4	463	15	60	312	4	0.112358	58986.4	0.000149566	
2349	143	757	23.1164	15.384	908	16	9	474	2	46	310	6	0.094633	42913.1	0.000202511	
2562	165	731	17.4755	16	951	15	5	483	5	64	342	6	0.131029	38216.8	0.000179372	
2592	251	763	16.1862	15.3454	1044	12	9	477	4	50	335	5	0.201833	33535.5	0.000166806	
2466	127	734	21.5302	15.3861	978	16	5	471	7	68	341	4	0.091913	45237	0.000184128	
2592	181	736	19.8224	12.5296	946	18	9	466	0	68	343	4	0.134467	43484.7	0.000156397	
2689	387	765	16.807	12.5943	1024	11	4	465	10	73	341	4	0.30312	34854.7	0.000143266	
2620	161	772	21.4489	14.9587	986	16	6	467	14	63	341	6	0.124839	40815.2	0.000169952	
2471	100	736	19.9923	13.1638	952	10	9	474	17	53	335	4	0.081173	53629.5	0.00018305	
2359	176	727	17.5998	12.9988	982	16	6	490	9	45	337	5	0.125012	42434.5	0.000168011	
2622	100	745	24.4779	12.4863	950	15	9	484	11	70	344	5	0.077504	60323.5	0.000179986	
2397	218	770	20.5401	15.1183	954	12	4	488	7	64	338	5	0.149518	36718.6	0.000177999	
2403	127	767	20.3621	15.1634	1030	15	10	468	17	77	315	4	0.096074	45896.5	0.000179083	
2613	138	770	14.3445	12.9973	1029	15	5	481	3	78	344	5	0.143635	45344.2	0.00014806	
2668	418	754	15.205	11.5457	1007	13	4	478	13	69	347	5	0.330763	36073.3	0.000136537	
2607	254	765	15.3751	12.6205	986	15	9	464	6	40	349	5	0.210652	37500.2	0.000149365	
2665	157	751	18.2895	14.1109	945	15	9	480	14	58	308	5	0.131622	41884.7	0.000166445	
2663	251	757	18.438	15.3251	1044	11	8	477	2	49	335	5	0.193273	33697	0.000168039	
2607	150	735	19.7348	12.266	916	15	8	460	12	59	329	6	0.116949	47907.6	0.000158253	
2344	100	738	19.8876	13.48	1032	15	7	470	1	68	308	5	0.076977	54707.7	0.000187935	
2346	110	757	18.7029	13.1858	1035	14	7	474	14	41	340	4	0.091269	62479.5	0.00016072	
2631	171	731	23.1983	10.2645	910	16	7	471	20	56	322	4	0.091269	62479.5	0.00016072	
2550	112	742	20.1766	10.6887	1015	12	5	470	16	52	339	5	0.091269	62479.5	0.00016072	
2688	186	761	18.7615	12.4177	969	13	8	482	6	44	348	5	0.151506	43189.4	0.000150399	
2376	170	759	18.9158	14.934	1017	17	6	480	17	62	314	6	0.122924	40380.6	0.000179051	
2670	188	737	15.7956	12.8645	952	14	7	462	5	59	329	6	0.16217	40435.7	0.000153139	
2570	210	768	16.1662	11.2719	994	10	4	468	4	71	328	6	0.17435	42778.5	0.000140135	
2655	340	763	15.8667	11.3396	920	11	10	461	18	60	340	5	0.270967	37835.4	0.000139821	
2510	358	727	21.7377	15.5612	930	17	9	490	5	77	332	4	0.232209	31301.2	0.000184911	
2470	139	736	21.7018	13.2218	1015	15	9	468	8	57	337	6	0.098532	48774.8	0.000169147	
2348	161	746	19.1686	15.1346	1001	14	9	481	8	65	344	6	0.113679	41214	0.00017886	
2660	476	766	10.7845	10.0185	913	12	4	473	7	62	346	5	0.448892	41223.4	0.00012655	
2415	111	771	23.9806	15.1634	1041	15	10	468	19	77	338	4	0.079345	51088.7	0.000187652	
2372	236	736	19.5363	15.4382	1024	11	7	462	9	54	350	6	0.155336	35225.5	0.000180995	
2486	309	737	14.9857	15.9297	971	16	8	484	5	54	336	4	0.232176	31674.8	0.000179019	
2621	274	763	19.1235	15.9342	984	14	6	488	10	68	349	5	0.20462	31819.2	0.000172028	
2602	364	754	17.886	15.0531	988	11	6	485	3	53	344	6	0.267551	31008	0.000167308	
2489	233	752	18.3317	15.0778	1019	14	9	490	12	80	337	5	0.168914	34732.5	0.000169319	
2634	122	745	18.603	12.6352	919	10	5	464	13	59	305	5	0.106379	50073.7	0.000163532	
2444	188	742	15.7956	10.201	1038	14	7	462	12	59	333	6	0.149165	49451.1	0.000139723	
2487	435	762	15.4005	12.7253	958	16	8	473	14	78	339	5	0.325058	33042.1	0.000150512	
2387	106	774	20.0435	14.6597	900	11	6	485	19	80	317	5	0.085339	49902.7	0.000186081	
2413	123	747	16.6164	11.9758	1037	14	8	480	17	50	338	5	0.105896	50574.4	0.000158957	
2649	147	735	19.3139	14.2651	937	13	6	475	3	72	305	6	0.118354	43128.8	0.000169147	
2380	106	760	18.5127	13.7997	995	16	9	480	2	69	321	5	0.088378	51083.1	0.000179598	
2319	124	758	15.1609	10.7711	997	16	9	468	9	56	330	6	0.111304	52842.2	0.000154131	
2660	500	767	10.0204	10.0185	957	12	4	473	7	62	346	5	0.495036	41877.2	0.000124719	
2700	216	747	13.9	12.8176	1018	11	4	481	12	57	346	5	0.199862	38636.2	0.000143926	
2623	148	734	23.0049	15.5124	979	18	4	486	10	79	344	4	0.107452	42801.6	0.000178827	
2451	205	737	19.3439	13.1376	979	12	9	472	6	76	339	6	0.142765	39709.2	0.000162338	
2502	446	760	15.7501	14.3721	1031	10	5	486	8	56	348	6	0.331135	31244.3	0.000159185	
2580	186	747	18.3594	14.9074	984	17	9	471	10	50	346	5	0.144311	37538	0.000171585	
2613	200	755	17.5439	11.4036	999	14	8	463	4	70	316	4	0.160415	43686.5	0.000144718	
2559	151	729	19.8884	10.1644	1041	14	6	482	19	55	335	5	0.113684	61152.5	0.000145666	
2639	168	765	21.3622	12.1013	1033	10	7	460	5	68	335	5	0.129102	48887	0.000149165	
2436	269	739	13.6837	10.4343	1035	18	6	469	9	74	340	6	0.213603	41938.8	0.000137741	
2629	436	743	16.451	13.4334	1040	16	9	472	9	74	329	6	0.325791	32002.2	0.000153116	
2610	131	765	22.9619	14.1856	1033	14	6	462	20	75	321	5	0.100939	48002.1	0.000168663	
2558	277	736	15.48	12.4143	913	15	7	490	4	62	337	5	0.213267	36624.4	0.000152184	
2370	147	734	19.4111	10.4476	1001	14	7	487	4	75	311	6	0.104122	57641.7	0.000158178	
2694	377	760	15.5697	14.9884	967	11	7	484	12	78	332	6	0.302731	30652.7	0.000161394	
2607	213	751	19.4118	14.2835	946	12	10	478	2	65	310	6	0.159452	37010.3	0.00016787	
2583	103	770	22.4979	14.2631	1018	11	5	474	13	77	311	5	0.084716	52944.4	0.000180018	
2522	154	770	22.9104	14.8279	1018	15	5	481	3	75	309	4	0.111543	43476.3	0.000175039	
2528	168	732	20.0128	15.474	984	10	4	484	9	55	328	5	0.122009	39242.4	0.000179533	
2607	150	730	19.9048	12.811	916	14	8	487	12	59	340	6	0.11557	46017.8	0.000160927	
2567	277	751	12.6286	11.1592	996	12	7	488	14	61	348	6	0.246276	38749	0.000135044	
2613	154	770	14.3445	12.9973	1018	12	6	481	8	78	344	5	0.153974	43175.2	0.000145433	
2696	483	746	12.3318	12.5025	997	13	10	487	5	48	348	5	0.414113	34458.6	0.000142674	
2502	414	760	15.7501	14.3721	1033	10	5	486	9	56	348	5	0.308033	31502.9	0.000158983	
2697	247	755	18.5703	13.6951	984	12	5	482	1	72	320	6	0.192508	36412.5	0.00015647	
2328	124	758	15.1609	10.7711	984	16	9	468	9	56	330	6	0.111776	52603.8	0.000154036	
2611	272	756	15.083	12.8683	947	17	8	470	1	61	333	6	0.223231	36119.1	0.000151355	
2529	121	772	20.9299	14.427	936	16	10	487	17	71	326	4	0.09708	47027.7	0.000173671	
2469	152	736	15.2502	11.7225	1037	10	8	465	17	47	325	6	0.131487	46698.4	0.000149948	
2464	326	725	14.2539	13.3049	1031	18	8	464	17	72	346	4	0.24289	33917.5	0.000154919	
2494	297	732	16.3305	15.4944	1019	10	8	461	17	77	334	6	0.214347	31712.5	0.00017334	
2565	224	742	14.7489	10.6041	943	12	6	481	4	68	345	6	0.186638	42776.6	0.000136575	
2471	117	736	20.4184	15.2281	952	11	10	474	18	53	335	4	0.089545	46305.8	0.000185048	
2683	111	727	23.2935	10.7573	901	17	6	488	2	54	330	5	0.086568	70814.7	0.000167029	
2564	171	773	14.3841	11.2408	983	16	7	483	18	74	307	4	0.162552	44529.1	0.000143802	
2629	429	768	16.451	14.1552	957	16	9	472	8	78	339	5	0.331481	31192.9	0.00015748	
2653	272	734	14.5455	13.3838	966	13	8	488	6	50	346	6	0.223834	35138.8	0.000154392	
2593	138	774	21.0807	10.0831	992	14	5	472	2	64	315	4	0.110642	63303.5	0.000146242	
2692	193	730	15.7687	13.0016	1032	18	7	472	20	50	337	6	0.165162	40404	0.000153657	
2529	149	760	18.9938	11.3734	915	10	7	473	17	61	330	6	0.118741	49796.1	0.000150399	
2533	176	749	14.1776	10.9482	959	12	8	479	19	47	345	5	0.160429	45132.9	0.000139276	
2359	173	768	18.4084	15.5777	1005	15	6	486	20	40	343	5	0.127478	38508.6	0.000183688	
2513	370	769	14.9303	13.9007	1050	11	8	472	6	51	338	6	0.287376	32555.4	0.000155255	
2513	245	730	18.5566	14.6728	982	11	6	465	6	58	326	5	0.172336	34706.4	0.000172652	
2567	277	774	12.6286	11.547	992	13	7	488	14	67	348	6	0.253818	37959.3	0.000135153	
2402	194	769	16.5663	13.0425	928	11	9	490	8	73	350	6	0.150899	39553.4	0.000156348	
2615	165	731	17.4755	15.7585	944	14	5	483	5	60	339	6	0.133893	38375.4	0.000176929	
2509	141	775	18.1106	13.7515	959	15	7	475	5	40	342	4	0.118697	43964.6	0.000165536	
2566	165	731	17.4755	15.7585	972	15	5	473	5	60	335	6	0.131245	38501.2	0.000178126	
2581	342	727	12.9273	11.9841	996	12	6	487	4	79	331	4	0.279803	35333.5	0.000144155	
2329	106	767	21.022	13.77	905	11	5	487	14	80	322	5	0.079445	52545.6	0.000185943	
2431	137	727	21.3892	12.2179	978	18	8	481	6	67	312	6	0.095049	52260.8	0.000169722	
2638	420	744	18.1549	15.9087	1007	17	7	474	11	51	337	5	0.305774	29756.6	0.000177336	
2521	229	765	13.3449	11.5071	1041	15	9	476	1	57	331	4	0.205394	40367.5	0.000139723	
2695	150	743	20.1435	12.2545	1030	12	5	480	4	75	339	5	0.120718	49244.2	0.000148743	
2439	215	773	14.473	10.9504	954	16	8	481	0	55	349	5	0.181023	42327.4	0.000139043	
2431	137	727	21.3892	12.4261	1020	18	8	474	11	67	312	6	0.095049	52092.1	0.000169808	
2351	273	750	15.63	12.5619	988	17	6	481	10	69	347	5	0.196848	37227.2	0.000154464	
2645	459	734	18.7636	15.6474	1046	11	7	482	5	50	334	6	0.327645	29754.3	0.000173762	
2413	100	754	19.6001	15.3107	931	14	5	466	1	47	331	5	0.081937	49661.3	0.000194818	
2699	102	752	22.9202	15.4548	1027	17	8	473	10	47	338	6	0.08532	50897.5	0.000188324	
2699	226	765	16.9218	13.5228	972	14	5	469	3	58	331	5	0.188753	37314.4	0.000154083	
2465	122	745	17.1173	14.9519	946	17	7	462	2	67	324	4	0.104797	45033	0.000177494	
2645	407	747	14.6288	12.8176	1017	11	4	473	12	57	350	5	0.321981	33435	0.000145264	
2502	344	744	15.7501	13.425	1018	10	5	486	8	71	348	6	0.253468	33389	0.000153586	
2577	182	728	21.4798	14.1281	945	15	6	480	7	68	323	6	0.128073	40635.6	0.000172533	
2669	161	752	20.3641	14.1634	1034	14	9	470	11	52	345	5	0.12717	42068.9	0.000162311	
2650	448	734	17.0764	15.7575	1016	17	4	479	6	66	344	5	0.329358	29321.4	0.000171086	
2572	157	729	20.8244	12.101	973	14	7	468	5	54	345	5	0.114946	48940.4	0.000157307	
2538	277	767	14.158	11.9286	1041	15	9	484	1	79	336	4	0.231479	36743.9	0.00014039	
2300	122	739	22.275	13.6075	948	12	7	487	19	60	331	5	0.080668	51654.6	0.000186393	
2370	111	734	19.4111	15.0513	977	11	8	487	4	75	311	6	0.084498	49061.2	0.000189251	
2375	286	754	18.9219	15.7655	982	15	7	488	17	47	309	4	0.191798	32987	0.000191388	
2617	245	731	15.6264	14.9734	1022	15	10	488	1	66	324	4	0.194354	33932.2	0.000166113	
2509	327	742	16.2012	12.4861	1048	10	6	484	12	52	342	4	0.239542	35907.6	0.000148943	
2405	193	743	19.5018	15.9166	931	16	9	465	2	67	321	4	0.133546	36104.1	0.000188359	
2629	159	743	16.451	13.4334	1005	16	9	472	9	78	329	6	0.138478	41982.1	0.000154679	
2633	168	770	18.3612	10.8055	1013	17	7	472	10	68	312	4	0.140285	50355.4	0.000142349	
2617	199	775	18.3167	13.9365	1050	12	8	465	19	77	320	4	0.160451	37956.4	0.00015569	
2607	167	751	20.4405	14.2835	946	12	9	478	2	61	311	6	0.127529	40887.2	0.000169895	
2699	226	765	16.9218	13.3388	972	14	5	469	3	58	331	5	0.188753	37643.7	0.000152801	
2641	157	751	20.3598	14.1109	945	15	9	480	14	58	308	5	0.123085	42492.8	0.000169779	
2513	427	769	14.9303	13.9007	1046	11	8	472	6	51	338	6	0.328623	31975.9	0.0001554	
2660	327	767	17.3667	12.3907	973	11	6	486	16	73	338	6	0.253887	35746.2	0.000144655	
2431	137	727	21.3892	11.1646	956	18	8	481	10	67	322	6	0.095049	56846.1	0.00016372	
2570	248	740	11.5965	11.5285	977	15	6	473	8	68	339	5	0.239059	40475.2	0.000139315	
2300	147	740	18.4566	13.4257	929	11	7	487	5	60	334	5	0.104723	45251.5	0.000172652	
2316	191	743	19.4578	15.9166	950	16	9	475	16	72	324	4	0.127264	37236.7	0.000191168	
2696	134	741	14.6882	11.2955	1009	13	5	465	18	76	329	4	0.13798	49112.4	0.000144051	
2364	273	750	15.63	12.8822	951	16	6	476	10	69	350	5	0.197887	36144.7	0.000156642	
2554	157	729	22.0967	14.9311	973	13	7	482	11	76	345	4	0.110585	41592	0.000176211	
2618	217	731	19.6718	14.9734	1026	15	9	488	2	66	324	4	0.157764	35608	0.000170474	
2489	269	739	13.6837	10.4343	1035	18	7	470	9	74	346	6	0.218004	41437.6	0.000135062	
2527	186	759	18.3594	15.1041	984	17	5	471	11	50	340	5	0.143499	37626.9	0.000173943	
2443	200	764	17.6737	13.3752	1003	11	8	488	2	74	345	5	0.150949	39286.8	0.00015647	
2439	345	746	18.3491	15.3223	1026	11	7	488	4	70	337	4	0.235068	31721.9	0.00017319	
2443	204	764	18.9092	13.3752	1003	11	9	488	1	74	345	4	0.148066	39519.7	0.000157978	
2360	272	739	21.7461	15.7742	942	11	6	474	12	62	330	5	0.170093	33870	0.000192604	
2656	443	742	14.7703	13.6518	1037	14	8	468	8	58	338	4	0.34615	31882.8	0.000152602	
2700	193	730	15.7687	13.0016	1044	18	7	472	20	55	337	6	0.165661	40219.1	0.000151745	
2629	436	739	15.2841	13.4334	1040	16	9	472	9	69	329	6	0.332379	31967.8	0.000152812	
2615	301	752	19.1686	14.7929	1024	14	9	481	8	63	344	6	0.219312	32526.7	0.00016469	
2564	277	774	12.6286	11.547	992	13	7	488	18	54	348	6	0.25354	38285.4	0.000136017	
2669	161	745	14.6871	14.1634	1034	14	9	470	11	69	345	5	0.154397	40705.2	0.00015444	
2373	119	752	23.9806	12.8901	1041	15	10	464	19	77	312	4	0.080139	56375.5	0.000180213	
2558	172	725	15.48	12.7848	913	15	6	490	4	77	333	5	0.144721	41802.2	0.000155352	
2570	266	773	16.1662	11.2719	994	10	4	484	5	71	328	6	0.212934	39952.6	0.000139899	
2564	171	768	14.3841	11.2408	983	16	7	467	18	74	307	4	0.1615	44573.7	0.000143781	
2459	168	725	14.2539	13.3049	1031	10	9	463	17	72	346	5	0.144807	41785.2	0.000154703	
2300	198	772	18.4566	13.4257	948	10	7	487	19	60	334	5	0.138789	40524.1	0.000167983	
2443	204	764	17.6737	13.6567	1001	11	9	474	2	74	345	4	0.153413	38149.2	0.000158554	
2660	500	767	10.4869	10.2939	955	12	8	473	7	62	346	5	0.478582	40034.3	0.000126486	
2485	181	768	18.9691	10	1035	14	4	463	20	74	330	4	0.137213	57262.3	0.000139841	
2464	125	747	21.6452	12.5705	1049	15	9	470	1	46	307	5	0.091752	53883.5	0.000172533	
2506	151	729	20.185	10.1644	1048	13	6	481	19	72	325	5	0.109991	61410	0.000148456	
2513	262	730	18.5566	14.6728	982	11	6	470	6	58	326	5	0.182864	34084.4	0.000172533	
2607	134	736	17.6211	13.9075	925	14	8	460	9	75	304	5	0.115043	44908.5	0.000167785	
2629	159	743	15.9456	13.4334	1005	16	9	472	9	78	329	4	0.141439	41827.2	0.000153917	
2598	162	725	12.5228	11.0155	1043	10	9	462	17	68	347	6	0.167429	46175.3	0.000136203	
2581	326	727	12.9273	11.9841	985	14	4	489	4	79	336	4	0.268849	35954.5	0.000143761	
2567	277	774	12.6286	11.547	992	13	7	480	14	67	348	6	0.253818	37957	0.000135263	
2353	148	728	20.5277	10.5189	993	11	8	483	6	73	341	6	0.09981	59575	0.000156838	
2349	143	757	23.1164	15.0311	914	16	9	474	2	46	310	6	0.094633	43636.8	0.0001998	
2451	205	742	18.37	13.1376	962	12	9	486	6	65	339	6	0.147208	39354.1	0.000160772	
2639	272	734	14.5455	13.3838	966	13	8	488	6	50	346	6	0.222707	35123.1	0.000154679	
2629	436	743	17.5929	13.4334	1050	16	9	472	9	74	329	5	0.319506	32373.1	0.000153894	
2529	121	772	20.9299	14.427	954	17	10	490	17	71	326	4	0.09708	47219.2	0.00017325	
2481	132	754	20.5701	12.0842	1017	16	8	471	8	57	321	4	0.10026	52549.2	0.000161499	
2477	309	737	14.9857	15.9297	971	16	8	484	5	54	336	4	0.231392	31696.7	0.000179308	
2550	112	749	20.1766	10.6887	935	12	10	470	16	52	339	5	0.09213	59992.8	0.000161031	
2500	224	742	14.7489	11.5123	943	13	6	481	4	68	345	6	0.181976	40210.7	0.000143513	
2595	321	742	16.7651	15.5641	1031	16	8	470	19	45	337	5	0.239174	31549.2	0.000175249	
2539	219	737	18.011	15.4754	1050	17	4	470	7	57	349	5	0.161372	35281.9	0.000172592	
2459	188	731	15.7956	10.201	952	14	7	462	10	59	333	6	0.147876	48209.8	0.00014241	
2630	376	759	15.4153	15.1473	1022	17	8	489	14	64	321	4	0.296485	30744.3	0.000165125	
2411	134	755	14.0245	11.8515	1030	13	5	465	18	60	348	4	0.129727	48294.5	0.000149031	
2683	111	727	23.6711	11.5594	962	16	6	484	2	54	330	5	0.085381	64272.8	0.000169578	
2373	171	751	17.9631	12.806	1014	18	6	481	7	49	340	6	0.125948	43775.9	0.00016247	
2559	163	728	20.5277	10.5189	993	11	8	478	8	73	341	6	0.118249	55470	0.000145985	
2675	327	772	18.7933	15.9277	1014	11	7	479	17	64	350	4	0.249945	30334.2	0.00016818	
2513	230	730	19.146	14.6728	978	11	6	473	5	58	342	5	0.160767	35471.9	0.000171939	
2528	168	732	18.0805	15.0392	983	11	4	484	9	51	339	5	0.128884	39330.6	0.000173551	
2613	186	770	15.4682	12.9973	1018	12	6	481	16	78	344	5	0.166271	39900.3	0.000145328	
2629	463	740	15.3371	13.4334	1040	16	7	472	9	74	329	6	0.35275	31728.2	0.000152253	
2329	106	774	20.0649	14.2592	905	11	6	487	19	80	317	5	0.082903	50935.6	0.000186463	
2471	117	736	19.0183	15.2281	952	15	10	474	18	53	335	4	0.093929	45776.4	0.000183993	
2370	147	734	19.9338	10.4476	1001	14	8	487	4	68	311	6	0.102507	58781.6	0.000159109	
2568	289	772	17.3714	10.8522	1003	13	8	490	5	77	335	4	0.220995	40647.4	0.000137874	
2618	217	731	18.8783	14.9734	1026	15	10	488	2	66	324	4	0.160812	35410.3	0.000169463	
2316	193	743	19.5018	15.4731	931	13	10	474	3	73	324	4	0.128399	37271.8	0.00018797	
2362	137	736	15.2502	12.4008	1039	10	8	469	17	47	327	6	0.117013	47504.6	0.000158957	
2516	152	775	13.7664	11.8928	949	10	7	464	8	78	346	4	0.153067	44968	0.000142268	
2613	200	755	17.5439	11.4036	999	14	8	463	1	70	316	4	0.160415	43708.6	0.000144676	
2520	140	734	21.5302	15.3861	978	16	5	471	7	68	341	4	0.101643	42929.5	0.000180897	
2565	308	753	13.0314	12.9542	1009	18	8	473	18	79	330	6	0.262997	34927.1	0.000148633	
2344	100	755	20.0873	14.4512	1036	15	7	468	10	69	308	5	0.07822	52928.6	0.000190295	
2699	102	752	22.9202	15.4548	1027	17	8	473	10	47	338	6	0.08532	50897.5	0.000188324	
2577	122	725	19.3358	14.0258	973	15	6	484	6	68	338	5	0.098794	46971.6	0.00017094	
2634	122	740	18.603	12.6352	919	10	5	464	16	59	305	5	0.105665	50092.7	0.000164123	
2372	238	736	19.5363	15.4382	1024	11	7	462	8	61	349	6	0.156514	35194.3	0.000180473	
2441	123	741	16.6164	11.9602	1037	14	8	477	20	47	338	5	0.106395	50430	0.000159008	
2660	327	766	17.3667	12.3907	972	11	8	486	13	73	338	6	0.253556	35578.7	0.000144781	
2549	120	763	24.4779	12.4863	950	15	9	469	11	75	302	5	0.088431	55757.1	0.000171615	
2622	100	763	22.6334	12.4863	950	15	9	484	14	70	339	5	0.083048	57943.1	0.000175932	
2613	154	770	14.7457	12.9973	1018	15	5	481	3	78	344	5	0.150947	43227.3	0.000145858	
2607	150	736	19.7348	12.3245	916	15	8	460	12	59	329	6	0.117108	47677.7	0.000158504	
2639	168	765	21.3622	12.1013	1033	10	7	460	5	68	335	5	0.129102	48887	0.000149165	
2694	377	763	15.5697	11.4618	975	14	7	479	12	79	332	6	0.303926	36557.2	0.000137969	
2596	151	729	18.0891	10.1644	1041	14	6	482	19	55	345	5	0.121815	56756.7	0.000140449	
2577	122	728	19.3358	14.0258	973	15	6	484	6	70	332	5	0.099203	46987.2	0.000170853	
2686	218	765	16.9218	13.5228	981	14	5	469	3	58	331	5	0.18244	37657.4	0.000154012	
2611	272	756	14.1861	12.2648	947	16	8	466	1	61	347	6	0.230276	36984.1	0.000144571	
2348	161	746	19.1686	15.1346	1001	14	9	469	8	65	344	6	0.113679	40942.2	0.000178891	
2613	200	755	17.5439	11.4036	999	14	8	463	4	70	316	4	0.160415	43686.5	0.000144718	
2607	150	735	19.7348	12.266	916	15	8	460	12	59	329	6	0.116949	47907.6	0.000158253	
2373	279	732	14.1972	13.5267	960	13	8	463	17	69	331	4	0.207953	35098.6	0.000162787	
2669	373	760	15.5697	14.9884	967	13	6	484	12	78	339	6	0.297248	30732.8	0.000161551	
2344	103	755	19.8876	13.48	1036	15	7	468	1	69	319	5	0.080382	53963.4	0.000182482	
2613	154	770	18.8554	12.9973	1018	12	6	481	8	78	344	5	0.128415	44376.9	0.00015006	
2529	150	730	16.9845	12.811	917	14	7	486	12	59	340	6	0.122484	44515.2	0.000158983	
2613	164	755	17.5439	11.4036	999	14	8	463	4	64	316	4	0.137563	46956.2	0.000145433	
2619	162	725	12.0174	10.3992	1031	10	9	464	19	68	338	4	0.175829	47520.8	0.000133958	
2464	266	725	14.2539	13.3049	1031	18	8	464	17	72	346	4	0.204643	35529.8	0.000154943	
2653	332	740	14.5455	11.9245	966	13	7	488	7	50	341	6	0.266945	36447.8	0.000144071	
2465	122	739	17.1173	14.9519	946	18	7	462	2	67	324	4	0.103953	45206.4	0.000178348	
2522	151	770	22.9104	14.8279	1027	15	5	481	4	75	310	4	0.109726	43991.3	0.000174611	
2688	252	763	19.5315	15.63	1035	14	4	490	20	76	325	4	0.193331	33178.9	0.00016742	
2497	153	738	15.6747	10.4705	958	17	5	467	19	78	334	5	0.131207	50492.8	0.000143082	
2615	148	731	17.4755	12.4354	972	14	5	481	5	78	339	6	0.123604	46073	0.000151768	
2497	141	742	18.2746	11.726	962	14	5	466	12	58	312	5	0.112491	49976.4	0.000157109	
2647	100	763	23.0928	13.0365	1019	14	9	460	5	40	334	6	0.082773	58044.5	0.000179565	
2546	199	775	18.3167	13.9365	999	12	7	465	19	77	327	4	0.155981	37858.1	0.000158983	
2471	117	736	19.9923	14.3572	1007	10	9	474	18	53	335	4	0.090642	48091.4	0.000177588	
2601	149	774	19.8627	16	1029	17	10	477	14	45	321	5	0.121597	40338	0.000181984	
2535	149	759	18.9938	10.3359	908	11	4	477	15	66	326	6	0.11889	55924.6	0.000145879	
2550	112	749	24.2585	10.6887	935	12	6	470	16	52	339	5	0.082236	68331.5	0.000168011	
2316	241	745	19.5018	15.9166	927	15	8	460	3	74	324	6	0.156443	34055.8	0.000192012	
2346	153	757	18.7029	13.1858	1019	14	7	476	9	41	332	4	0.112347	44867	0.000168407	
2656	256	768	20.1394	14.71	980	11	5	473	13	55	332	5	0.192349	34744.5	0.000166306	
2399	273	750	15.63	12.5619	991	17	6	481	10	69	347	5	0.200686	36866.3	0.000152439	
2656	466	745	14.7703	13.6518	1037	17	8	470	17	58	345	4	0.364835	31701.5	0.000152253	
2636	460	746	12.3318	12.5025	997	13	10	487	5	48	350	5	0.388523	34432.8	0.000143472	
2379	127	734	20.8539	15.3861	978	17	5	481	7	68	347	4	0.089828	45752	0.000185977	
2562	267	749	15.8241	12.7123	904	13	5	466	11	64	337	5	0.208222	36568.3	0.000153233	
2650	448	734	16.7468	15.7575	1016	18	4	479	6	66	344	4	0.330736	29322	0.000170794	
2618	193	755	12.572	11.9022	1041	17	7	468	13	71	330	6	0.195551	42102.9	0.000139801	
2483	117	751	19.8947	13.5968	934	17	8	470	1	62	339	5	0.093573	48572.7	0.000172861	
2569	366	743	15.0803	11.6517	997	12	9	485	7	72	335	6	0.279817	35438.6	0.000142633	
2420	137	727	21.3892	12.2179	978	18	8	481	5	67	312	6	0.094565	52322.8	0.000170242	
2654	112	758	23.4427	13.7132	1008	14	9	460	4	44	308	6	0.089112	53593.6	0.000179051	
2621	484	763	19.1235	15.9342	984	14	5	466	18	68	347	5	0.355271	29248	0.000173732	
2493	140	736	20.4184	15.2281	952	11	10	474	10	53	330	4	0.10353	42541.2	0.000181291	
2595	186	747	18.4442	15.1494	984	17	9	472	10	50	346	5	0.144572	37155.8	0.00017313	
2700	251	757	18.3532	15.083	1044	11	8	476	2	49	337	5	0.196588	34025.4	0.000165044	
2615	301	746	17.4251	15.1346	959	14	6	483	8	63	344	6	0.225367	31819.2	0.000168492	
2402	420	750	13.938	12.2865	968	14	7	470	6	68	347	5	0.312434	34348.5	0.000148566	
2528	168	732	18.3642	15.474	984	10	4	484	9	55	328	5	0.127742	38896.8	0.000177242	
2312	147	734	19.4111	15.3543	977	14	8	487	4	75	311	6	0.10132	43073.3	0.000188857	
2550	112	742	20.1766	10.6887	1015	12	5	470	16	52	339	5	0.091269	62479.5	0.00016072	
2652	277	747	12.6286	11.1592	992	12	9	488	10	67	348	5	0.252565	38548	0.000133227	
2586	138	747	18.19	10.6592	1036	15	7	479	0	53	306	6	0.115833	55860.9	0.000149925	
2481	252	736	18.2574	15.6049	989	16	10	482	8	69	323	5	0.17707	33171.5	0.000179083	
2446	181	768	18.9691	10.1381	1035	14	4	464	18	75	327	4	0.134952	56507	0.00014247	
2470	137	727	21.3892	12.2179	978	18	8	481	6	67	307	6	0.096766	52145.3	0.000168691	
2510	220	727	21.7377	15.8221	930	16	9	490	5	77	333	4	0.146203	34758	0.000186706	
2611	263	756	15.083	12.607	947	17	8	470	1	61	347	6	0.217123	36584.2	0.00014806	
2402	194	769	16.5663	13.0425	911	14	9	490	8	73	350	6	0.150899	39430.3	0.000157505	
2328	151	758	15.1609	10.7711	984	16	8	468	9	56	330	6	0.127227	49495.2	0.000148082	
2559	124	725	19.8884	10.1644	1048	13	7	481	19	55	331	5	0.097489	64040	0.000153257	
2559	223	732	17.1336	12.5609	1018	16	8	464	11	68	338	6	0.168201	39059.5	0.000151515	
2389	236	736	19.5363	15.6666	1024	11	7	462	0	54	327	6	0.156451	34847.1	0.000184434	
2665	307	745	14.6288	12.8176	1006	11	4	483	14	57	346	5	0.251671	34979.4	0.000145858	
2420	194	767	16.5663	13.0425	939	11	9	490	8	73	348	6	0.151661	39541.1	0.000155545	
2397	155	728	15.2502	11.7225	1049	10	8	467	17	47	330	6	0.127765	46906.5	0.000151561	
2584	237	753	13.0314	12.9542	1009	18	6	462	18	79	327	6	0.21618	37619.8	0.000148544	
2559	195	732	16.576	12.1748	1018	16	8	470	0	73	315	6	0.153861	41326.1	0.000151722	
2380	166	759	18.5127	14.0276	967	16	9	480	2	69	322	6	0.122511	41411.9	0.000170445	
2617	199	775	18.7169	13.9483	982	12	7	465	15	77	329	5	0.159194	38152.8	0.000158303	
2656	295	768	19.7391	14.71	1050	10	6	473	15	55	323	4	0.220428	33728.8	0.000163666	
2407	168	759	16.9237	12.9542	1009	16	9	462	19	79	326	6	0.131965	42568.9	0.000157654	
2653	272	734	14.5455	11.9245	966	13	8	488	6	50	346	6	0.223834	37756.6	0.00014403	
2608	374	745	14.2653	13.4234	1040	16	9	472	9	74	329	6	0.2968	32600.7	0.000151286	
2683	144	727	23.2935	10.2455	914	17	6	488	6	63	330	5	0.106118	69946.9	0.000152532	
2696	472	740	13.0637	12.5025	983	10	9	486	13	48	337	5	0.391276	34040.1	0.000145201	
2538	229	767	12.0834	11.5071	1041	15	9	484	7	71	336	4	0.223573	40558.9	0.000136818	
2492	152	769	22.9619	14.1856	1033	15	9	465	17	70	300	5	0.108735	44967.9	0.000174551	
2662	100	748	24.4779	12.4863	950	15	6	484	11	75	344	5	0.079252	61602.8	0.000178476	
2458	444	742	12.0718	11.6283	1028	13	8	479	16	57	347	4	0.356546	35878.8	0.000140371	
2496	230	762	17.1471	13.0935	972	13	5	468	9	75	324	5	0.175238	37424.1	0.000156104	
2502	344	760	15.7501	14.3721	1033	11	5	486	8	80	348	6	0.258919	32149.6	0.000158028	
2529	149	760	18.9938	11.3734	915	10	7	473	19	63	330	6	0.118741	49807.3	0.000150286	
2618	217	726	16.1477	14.9734	953	14	10	487	2	70	324	4	0.1723	35092.5	0.00016909	
2472	121	738	19.8876	13.48	1032	15	7	470	1	65	308	4	0.093739	49458.8	0.000172206	
2669	420	738	19.3616	15.9087	1011	16	8	480	11	51	337	5	0.301601	29780.4	0.000177904	
2432	237	766	17.9753	13.1267	1049	11	8	470	7	63	348	4	0.172456	38329.1	0.000153775	
2433	188	742	15.7956	10.9729	1038	14	7	462	12	59	330	6	0.148478	46181.7	0.000144446	
2629	159	743	16.451	12.6616	996	16	9	472	9	78	332	6	0.138478	43309.8	0.000149701	
2503	100	729	23.1422	12.5226	960	14	9	464	7	76	345	5	0.073934	58162.5	0.000184264	
2629	429	768	16.451	14.1552	970	16	7	472	8	78	339	5	0.331481	31327.4	0.000157183	
2640	476	766	10.7845	10.0185	913	12	4	473	7	62	345	5	0.446056	41131.9	0.000127065	
2324	160	739	18.4566	14.086	948	12	7	487	19	60	334	5	0.112948	42458.8	0.000175685	
2666	245	732	15.6264	14.9734	1022	17	10	488	2	66	324	4	0.198181	33936.6	0.000165262	
2577	182	728	21.4798	14.1281	987	15	6	478	7	68	323	6	0.128073	40725.1	0.000171116	
2508	167	751	22.1203	13.5054	946	12	9	483	5	70	310	5	0.117603	43635.1	0.000170416	
2617	199	771	18.3167	14.2039	1050	12	8	465	19	72	321	4	0.159623	37597.1	0.000158003	
2688	139	765	20.7773	12.4177	992	13	8	482	6	44	348	5	0.11507	49945.3	0.00015425	
2487	295	762	15.4005	12.7253	974	16	8	473	14	78	339	5	0.227547	35055.2	0.000150213	
2355	110	757	18.7029	14.5667	1035	14	7	474	14	72	340	4	0.088641	49896.2	0.000179921	
2529	116	772	20.9299	13.0461	936	16	10	487	17	47	324	4	0.09409	51302.2	0.000171585	
2576	254	765	15.195	12.6205	986	15	9	464	6	40	339	5	0.209493	37634.4	0.000151126	
2593	210	773	16.1662	11.4083	994	10	4	465	4	62	322	6	0.177064	42735.5	0.000141064	
2651	256	726	14.2678	11.9213	969	14	8	468	19	58	329	6	0.213157	38512	0.000146199	
2415	111	771	23.9806	15.3752	1041	15	10	468	19	77	338	4	0.079345	50645.5	0.000188786	
2329	106	746	21.2409	14.5143	905	11	6	487	19	80	317	5	0.076741	51230.4	0.000193498	
2559	151	757	19.8884	10.1644	1048	14	6	481	19	55	335	5	0.118051	60716.4	0.000142694	
2581	402	769	18.3023	13.7834	990	15	8	474	9	62	348	5	0.296093	32258.5	0.000156937	
2629	159	743	18.9779	13.4334	1005	16	9	485	11	69	329	6	0.127199	42801.6	0.000158103	
2337	152	735	19.3139	14.6502	976	13	6	479	3	67	336	6	0.105944	42944.8	0.000178763	
2329	106	769	21.022	13.0195	905	11	5	485	15	80	326	5	0.079652	54201.4	0.000181785	
2689	387	765	16.807	13.3448	998	11	4	465	10	73	337	4	0.30312	33459.4	0.000149745	
2675	297	769	16.1245	15.9277	1014	11	7	479	17	64	350	4	0.241995	31175.1	0.000165618	
2611	356	750	14.1861	12.8683	934	18	8	464	0	61	337	6	0.286891	34498.5	0.00015163	
2700	203	747	13.9	12.8176	1018	11	4	481	12	54	346	5	0.191133	39487.5	0.000144404	
2502	446	760	15.7501	14.9848	1028	10	5	486	9	56	348	6	0.331135	30562.9	0.000163881	
2699	102	752	22.9202	15.4682	1030	17	8	473	9	47	337	6	0.08532	50880.9	0.000188395	
2562	265	749	17.0159	12.7123	944	13	5	477	20	64	337	5	0.200035	36729.6	0.000152765	
2564	165	731	17.4755	15.1357	989	15	6	473	5	60	335	6	0.131137	39227.3	0.000172533	
2695	110	775	20.1435	12.2083	1030	16	6	482	4	75	338	5	0.100307	54756.7	0.000160333	
2653	265	742	14.5455	11.9245	966	13	6	488	7	50	346	6	0.221536	38149.6	0.000143246	
2454	234	749	14.1776	10.9482	959	12	6	479	19	47	345	5	0.191386	41591.4	0.000141004	
2645	500	734	16.8466	15.6474	1046	11	7	482	5	50	334	5	0.368575	29252.5	0.000171409	
2351	273	750	15.63	12.5619	1025	17	7	481	11	69	347	5	0.196848	37461.4	0.000153257	
2610	103	769	22.9619	14.1856	980	14	6	460	20	75	305	5	0.084439	53071.9	0.000181324	
2539	219	731	18.011	16	1047	17	4	470	5	53	346	5	0.160058	34650.9	0.000178923	
2623	179	734	23.0049	15.5124	979	18	4	486	11	80	347	4	0.126077	39515.8	0.000178444	
2554	157	729	21.4473	12.5226	973	15	7	468	5	74	345	4	0.112333	47665.5	0.000159923	
2593	376	727	17.3329	15.8283	917	15	8	478	10	63	321	5	0.268587	30000.7	0.000180865	
2620	407	747	14.5835	12.8176	1017	12	8	474	12	60	350	5	0.319982	33045.4	0.000145539	
2489	233	752	18.3317	14.4026	1019	13	5	490	12	77	337	5	0.168914	35982	0.000164366	
2651	120	745	24.4779	12.4863	947	15	8	484	9	72	337	4	0.09039	56385.4	0.00016742	
2449	118	760	17.7914	15.1747	1040	13	6	479	14	52	324	4	0.101038	46524.3	0.000178126	
2471	129	736	19.9923	15.2452	949	10	9	474	18	73	335	4	0.097393	44067.1	0.000180538	
2658	416	743	13.0904	13.8249	1016	11	8	477	1	66	326	4	0.345031	32359.2	0.000152788	
2645	355	769	15.5061	11.6238	928	14	6	469	0	63	348	6	0.285814	37003.9	0.000139841	
2470	139	740	21.7017	13.0152	1015	15	9	462	4	57	337	6	0.099068	49385.2	0.000167504	
2691	217	752	18.5703	13.2529	1014	12	5	482	1	68	320	6	0.171385	38788.1	0.000153516	
2700	151	758	19.8884	10.1644	1041	14	6	482	19	58	335	5	0.125294	60031.3	0.000138447	
2469	152	736	16.0098	11.7225	1021	10	8	465	17	52	325	6	0.126489	47032.3	0.000150784	
2559	290	738	14.0466	10	1042	14	7	481	19	55	338	5	0.233693	42761.6	0.000133245	
2337	200	755	18.8943	15.4843	999	15	8	478	2	70	320	4	0.138044	37111.2	0.000182515	
2593	138	774	21.0807	10.0831	947	14	5	478	4	64	317	4	0.110642	62988.7	0.000146692	
2443	204	764	17.6737	12.0961	1003	11	9	486	2	74	346	4	0.153413	41691.8	0.000148214	
2622	120	745	23.3223	12.4863	944	15	8	486	10	70	337	5	0.091073	55097.9	0.000166945	
2457	100	736	19.9923	13.1638	958	11	9	474	14	53	335	4	0.08063	53676.9	0.000183351	
2316	193	743	19.5018	15.6172	950	16	9	473	3	72	324	4	0.128399	37226	0.000188573	
2669	185	745	14.6871	14.1634	1034	14	8	465	11	56	345	5	0.169879	38733.6	0.000155594	
2580	415	743	16.3264	14.9111	1019	17	8	460	10	77	329	5	0.306064	30466.5	0.000165837	
2553	204	752	15.927	10.8217	1013	14	7	463	10	58	332	4	0.166962	44799.4	0.000139353	
2329	179	728	16.6258	10.444	1035	12	5	469	9	67	350	5	0.129985	52266.5	0.000144718	
2588	182	749	13.6543	11.3222	1050	10	6	481	11	66	339	5	0.172597	43768.4	0.000136407	
2598	324	745	17.9638	13.637	967	13	8	469	2	55	314	5	0.23658	34180.3	0.000163452	
2588	177	749	11.8116	10.8395	1042	15	7	481	11	66	339	5	0.192252	45855.9	0.000133529	
2516	163	728	20.0068	10.5189	993	11	8	478	6	79	337	6	0.11782	54330.4	0.000147145	
2490	309	747	14.9857	15.9636	971	16	8	484	14	52	336	4	0.235679	31678.4	0.000178635	
2674	251	756	16.778	14.9834	1044	11	9	477	4	49	335	5	0.202251	33893.3	0.000163532	
2468	169	739	14.3491	10.5649	968	12	4	460	9	71	334	5	0.148213	47382.7	0.000140371	
2481	104	755	19.0235	13.5318	951	14	8	487	1	44	332	6	0.089304	51156.3	0.000179437	
2603	210	773	16.1662	11.6644	994	10	4	465	4	69	324	6	0.177751	41709.4	0.000141563	
2513	385	769	15.221	13.9007	1050	13	8	472	6	51	338	6	0.296084	32388.8	0.000156152	
2469	152	745	15.2502	11.7225	1037	10	8	462	17	47	325	6	0.133094	46664.4	0.000148943	
2329	106	765	21.022	14.5143	905	11	6	487	19	80	317	5	0.079238	51123	0.000190621	
2673	251	765	18.438	14.9834	1044	11	9	477	4	49	335	5	0.196039	34156.5	0.000164393	
2602	364	754	16.7441	15.0531	988	11	7	485	20	53	344	6	0.274348	30774.4	0.000166085	
2656	443	745	14.7703	13.6518	1037	17	7	470	0	58	345	4	0.34755	32002.9	0.000152161	
2695	110	743	20.4028	12.2083	1030	15	6	483	4	75	338	5	0.095573	55238.6	0.000163827	
2607	134	761	16.7183	13.9688	925	14	8	460	9	75	313	5	0.12371	44466.2	0.000163532	
2663	251	757	18.438	15.3251	1044	11	8	472	2	49	335	5	0.193273	33690.6	0.000168124	
2347	178	746	19.1686	15.1346	926	14	9	479	8	65	334	6	0.123251	38691.5	0.000183184	
2465	260	752	17.1173	15.1038	946	17	7	462	2	67	324	4	0.189667	33289	0.000174459	
2550	109	752	20.1766	10.6887	1015	12	9	470	16	52	339	5	0.090744	61512.2	0.000161681	
2439	201	773	14.473	11.0413	954	16	8	481	0	55	345	5	0.172094	43038.3	0.000140193	
2323	142	757	15.2788	11.9174	1019	12	8	474	6	73	329	4	0.12051	48119.3	0.000154297	
2485	181	768	18.9691	13.1631	1035	13	4	463	19	75	331	4	0.137213	42541.7	0.000155885	
2355	138	741	22.1895	10.0563	1030	14	6	467	10	55	343	5	0.092376	70421.9	0.000159109	
2607	157	730	19.9048	12.811	916	12	8	487	12	59	340	6	0.119742	45059	0.000160231	
2559	151	729	19.8884	10.1644	1044	14	6	482	19	55	335	5	0.113684	61344	0.000145603	
2482	139	740	19.5386	13.2218	1015	15	9	462	4	57	335	6	0.105824	46739	0.000164285	
2583	172	730	21.8105	15.2581	1050	17	4	475	20	60	346	4	0.12158	40397.9	0.000175778	
2607	186	762	20.1263	15.1041	984	17	6	471	10	50	344	5	0.141986	37917.3	0.00017325	
2464	109	743	21.6452	12.2234	1049	15	9	470	4	55	304	5	0.082283	58196.5	0.000175716	
2695	150	747	22.7381	12.2545	1030	11	5	480	1	66	338	5	0.11455	52716	0.000152718	
2593	295	728	17.3329	15.8283	917	16	8	478	10	63	317	4	0.214887	31437.3	0.000181324	
2610	272	743	16.4847	13.3838	989	14	8	487	6	50	338	6	0.209826	35354.1	0.000156789	
2617	175	775	18.3167	14.6553	1050	12	7	465	19	77	320	6	0.144803	38974.6	0.000160901	
2418	161	758	15.1609	10.7711	984	15	9	468	7	56	330	6	0.138404	47833	0.000143926	
2629	159	743	16.451	13.4334	1005	16	8	468	9	78	329	6	0.138478	41980.6	0.000154799	
2316	193	728	19.5018	15.9166	931	16	9	474	3	72	324	4	0.125807	36753.3	0.000193836	
2513	225	730	19.1644	14.6728	964	14	6	471	8	73	326	5	0.157729	35542.9	0.00017298	
2439	215	773	14.473	11.1928	954	14	8	481	0	55	349	5	0.181023	41594.8	0.000139938	
2621	239	752	17.6666	12.201	1011	13	8	485	3	69	341	5	0.18494	38962.5	0.000145096	
2533	176	749	13.7333	10.9482	959	12	8	479	19	47	345	5	0.163911	45130.8	0.000138754	
2380	149	763	18.9739	14.0141	947	16	9	478	2	69	322	6	0.111578	43327.5	0.000171644	
2507	239	774	21.171	15.3769	1011	15	8	473	8	70	336	6	0.168882	34729.5	0.000174064	
2417	175	749	16.7411	11.4618	1022	13	8	490	14	45	346	5	0.136055	45935.6	0.000148192	
2552	256	774	12.6286	10.1914	992	13	7	488	14	67	348	6	0.237767	41562.3	0.000128518	
2660	423	767	10.0204	10.0185	957	11	4	474	7	62	342	5	0.431471	42354.2	0.000125298	
2562	165	731	17.4755	16	951	12	5	481	5	64	342	6	0.131029	38224.5	0.000178987	
2687	392	768	20.1394	14.71	980	10	5	473	18	55	332	5	0.291243	32019.5	0.000165207	
2580	369	732	16.3264	14.9111	1016	17	8	460	10	77	334	5	0.269636	30913.1	0.000166834	
2527	100	775	20.9299	14.427	936	16	10	487	17	71	326	4	0.084839	51676.3	0.000183993	
2431	137	725	21.3892	12.4261	1020	18	8	474	11	67	312	6	0.094788	52108.8	0.000170039	
2539	397	735	13.0904	11.1558	1016	11	6	477	1	67	326	4	0.314395	36487.4	0.00014043	
2529	100	772	20.9299	13.872	910	17	10	490	17	71	326	4	0.08459	52455.4	0.000182482	
2502	271	757	15.7501	14.3721	1050	10	5	483	8	56	347	6	0.208947	34236	0.000158907	
2695	110	743	20.1435	12.2083	1030	16	7	482	4	75	338	5	0.096166	54759.1	0.000163854	
2300	160	738	18.4566	13.4257	948	12	7	487	19	60	334	4	0.111542	43846.8	0.000172384	
2593	376	737	15.9443	16	952	15	8	478	10	60	326	5	0.280236	29976.4	0.000177715	
2529	149	737	18.9938	11.3734	915	10	7	473	17	61	330	6	0.115147	50050	0.000152812	
2699	242	765	16.9218	13.5228	970	14	5	469	3	58	331	5	0.199684	36552.8	0.000154154	
2314	148	735	22.5735	15.4081	967	18	4	483	11	79	344	4	0.094093	44342.7	0.000193237	
2624	219	775	18.3167	14.4074	1042	12	10	466	14	80	309	4	0.174139	35821.2	0.000160077	
2643	177	749	11.8116	10.8395	1050	15	7	483	16	66	339	5	0.19631	45805.9	0.000132293	
2554	157	729	23.1422	12.5226	973	14	7	468	5	76	345	5	0.108237	49736.6	0.000163827	
2598	324	756	17.9638	15.1533	967	12	8	469	2	61	314	5	0.240073	31627.4	0.000171468	
2593	138	775	21.0807	10.3388	992	14	5	472	2	64	315	4	0.110785	61377.9	0.000147124	
2529	149	760	17.8594	12.719	932	10	7	473	9	61	331	6	0.123432	44707.8	0.000155618	
2420	141	775	18.1106	11.9637	942	15	7	475	13	40	341	4	0.114104	48402.2	0.000157356	
2649	272	734	19.8443	15.8785	966	13	6	473	12	50	330	5	0.195025	32546.2	0.000181159	
2521	229	769	14.8312	11.5071	1041	14	9	475	1	57	331	4	0.192828	40433.1	0.000140588	
2673	277	756	18.438	14.9834	1019	10	9	477	4	49	335	5	0.211339	33178.4	0.000166003	
2611	356	756	14.1861	12.8683	947	18	8	479	0	61	337	6	0.289186	34305.9	0.000150263	
2509	327	736	16.2012	12.4861	1048	10	6	484	12	52	345	4	0.237605	35965	0.000149098	
2462	123	747	16.6164	11.9602	1037	14	8	480	17	57	348	5	0.108276	50387.9	0.000156079	
2372	236	736	19.4872	15.4989	1024	11	8	462	9	54	350	6	0.155332	35101.2	0.000181357	
2523	240	734	16.1647	13.5272	1043	15	9	471	1	45	349	5	0.182196	36371.7	0.000158579	
2611	316	754	19.1686	15.1346	1024	17	8	481	8	63	344	6	0.22976	31779.5	0.000167729	
2335	100	767	21.022	13.77	905	11	5	486	14	80	321	5	0.076395	53931	0.00018943	
2529	121	772	20.9299	14.427	910	17	10	490	17	71	326	4	0.09708	46907.9	0.000174795	
2300	122	739	22.275	13.8413	988	12	7	487	14	59	331	5	0.080668	51944.2	0.000186359	
2521	229	765	13.3449	11.5071	1001	15	9	476	6	58	334	4	0.205394	40145.5	0.000140174	
2459	188	737	15.7956	10.201	1026	15	7	462	12	59	333	6	0.14909	49232.9	0.000140193	
2457	168	725	14.2539	13.3049	912	14	9	467	17	72	346	5	0.144686	41316.2	0.000160026	
2677	355	769	15.5061	11.4172	1047	10	6	467	0	72	348	6	0.288979	36951.1	0.000133085	
2622	100	745	24.4779	12.4863	950	15	9	484	11	67	338	5	0.077504	60359.8	0.000180213	
2683	484	763	20.1346	15.9342	1000	14	8	466	10	66	337	5	0.358038	29327.4	0.00017328	
2683	100	752	23.2935	10.7573	919	17	6	488	2	54	330	5	0.0829	71478	0.000171762	
2360	272	742	23.1419	16	942	13	6	470	12	50	330	5	0.167165	34102.5	0.000200521	
2660	476	766	10.0204	10.0185	913	12	4	473	7	62	346	5	0.474349	42696.2	0.000126072	
2683	138	725	23.2935	10.427	918	13	5	484	2	56	330	5	0.10225	68046.5	0.000154488	
2696	483	746	12.3318	12.5025	997	13	10	484	5	48	348	5	0.414113	34520.9	0.000143021	
2690	101	728	20.1301	10.5189	993	11	8	478	15	45	337	5	0.088703	64692.2	0.000168776	
2360	272	739	23.1419	15.7742	942	11	6	470	12	50	330	5	0.166489	34409.3	0.00019857	
2637	333	761	15.1529	10.0556	929	14	4	477	6	68	344	4	0.268996	43301.1	0.000131268	
2669	100	739	21.6013	15.9087	1007	17	6	474	11	52	337	5	0.084528	49918.6	0.000192604	
2647	103	753	23.0928	12.1129	1008	14	5	460	5	44	311	6	0.083477	62962.9	0.00017646	
2314	152	737	23.6386	15.0627	967	18	4	486	11	79	344	6	0.094314	45399.2	0.000194401	
2316	204	742	17.7974	15.9166	927	12	8	481	7	74	324	4	0.140541	36180.6	0.000188964	
2506	151	729	19.8884	10.1644	1048	13	6	481	19	55	335	5	0.111122	61731.2	0.000147145	
2596	500	742	12.5119	12.5025	983	10	9	487	10	48	346	6	0.409047	33970.4	0.000145328	
2485	181	763	19.5315	10.1381	1035	14	4	490	20	75	327	4	0.134542	57336.4	0.000143369	
2695	483	751	13.9918	12.5025	983	10	9	487	10	44	336	5	0.393729	33950.4	0.000145985	
2619	100	761	24.1212	13.0365	1008	14	9	460	5	44	308	6	0.079676	59280.6	0.00018379	
2647	100	763	23.0928	13.0365	1008	14	9	460	5	44	308	6	0.082773	58266.3	0.00018162	
2499	451	736	11.716	10.7459	986	14	6	483	9	68	346	6	0.370664	37358.2	0.000135722	
2649	220	745	17.7659	10.3709	935	11	5	487	1	74	325	4	0.172151	47923.1	0.000139528	
2695	110	743	20.1435	12.2083	1030	16	6	482	4	75	338	5	0.096166	55044.6	0.000163881	
2601	169	774	19.8627	11.0526	1029	17	10	477	11	50	321	5	0.134256	51763.7	0.000147558	
2485	190	762	19.5315	10.1381	1035	14	4	485	20	75	327	4	0.139868	56569.6	0.000143164	
2675	327	772	18.9587	10.3317	1014	11	7	479	14	64	350	4	0.249248	45331.3	0.000132275	
2555	325	725	23.9616	15.8666	914	15	8	474	7	57	334	6	0.208138	32454.5	0.000193949	
2529	149	759	18.9938	10.3359	908	11	4	473	17	65	326	6	0.118584	55904.1	0.000146071	
2607	474	730	12.7334	10.5946	973	12	9	463	1	62	339	5	0.38073	37499.6	0.000134789	
2510	489	761	14.6779	11.8183	932	18	8	468	2	75	329	6	0.373581	34725.9	0.000146199	
2344	103	755	19.8876	13.48	1036	15	7	468	1	69	308	5	0.080382	53978.8	0.000183352	
2647	100	764	23.0928	13.0365	1008	14	9	462	5	44	308	6	0.082881	58248.4	0.000181488	
2460	339	771	13.1143	10.253	990	14	7	477	11	71	316	4	0.279369	39366.8	0.000138562	
2686	215	725	12.4551	10	1008	14	7	480	17	45	320	4	0.208252	47089.3	0.000135501	
2439	403	743	18.3491	15.9288	1026	11	7	488	3	70	337	5	0.272588	30421.9	0.000178253	
2605	352	733	12.7334	10.5946	973	12	9	463	-0	62	339	5	0.293425	38669.9	0.000134553	
2609	455	733	13.0186	15.0608	969	10	8	487	16	67	327	4	0.36489	31030.2	0.000164962	
2683	138	725	24.0046	11.4455	918	13	5	484	2	59	330	5	0.100436	60904.5	0.000160436	
2583	391	770	12.2835	11.4945	1019	10	6	469	15	44	340	6	0.341877	37005.4	0.000136388	
2683	138	725	23.2935	11.4455	918	13	5	484	2	56	331	5	0.10225	59804.7	0.000159363	
2669	420	739	18.1549	15.9087	1007	17	7	474	11	49	337	5	0.30691	29884.1	0.000177873	
2412	333	746	11.381	10.1442	974	12	6	469	3	56	335	4	0.287298	41020.9	0.00013541	
2647	112	763	23.4427	13.7132	1008	14	9	460	5	43	308	6	0.089423	53607.6	0.000179051	
2329	210	730	16.6258	10.0797	1035	12	5	469	9	44	350	5	0.14793	52327.4	0.000143431	
2607	150	730	19.9048	12.266	916	15	8	487	12	59	329	6	0.11557	48157	0.000158907	
2501	489	761	14.0142	11.8581	932	18	8	468	0	75	327	6	0.378844	34655.1	0.000146349	
2522	483	742	12.3318	12.5025	992	10	10	487	10	80	336	6	0.389276	33571.1	0.000146499	
2464	125	747	21.6452	12.2234	1049	15	9	470	1	46	304	5	0.091752	55494.4	0.000171174	
2415	111	771	23.9806	15.1634	1041	15	10	468	19	77	338	4	0.079345	51097.1	0.000187652	
2516	163	728	20.0068	10.5189	993	11	8	478	15	79	337	6	0.11782	54341.7	0.000147297	
2550	112	749	20.1766	10.6887	935	12	5	470	16	52	339	5	0.09213	60997.5	0.000161082	
2420	226	739	23.0864	15.146	948	12	7	484	18	60	331	5	0.143139	36949.5	0.000188253	
2694	377	760	15.5697	10.3846	967	14	7	484	12	78	332	6	0.302731	40166.9	0.000133138	
2377	382	758	14.9785	13.1294	904	10	9	463	14	71	340	5	0.277593	33310.3	0.000158831	
2532	100	735	19.3139	14.6502	937	14	6	473	5	70	305	6	0.085636	50520.9	0.000188929	
2605	375	733	12.7334	10.5946	973	12	9	463	1	62	339	5	0.309696	38324.3	0.000134553	
2622	120	745	24.4779	12.4863	950	15	8	484	10	70	337	5	0.08924	56349.4	0.000168464	
2637	333	758	15.1529	10.0556	929	14	4	477	6	68	344	4	0.267936	43333.4	0.000131527	
2377	376	728	12.7665	10.2739	1033	15	5	472	2	63	350	5	0.284281	40296.3	0.000136482	
2435	444	740	12.0718	13.0468	1028	14	8	481	9	62	347	4	0.35275	34213.6	0.000150173	
2475	474	742	17.6113	14.4833	938	17	7	487	7	77	346	5	0.328537	30775.6	0.000168606	
2629	460	768	18.1945	14.1552	999	16	8	472	8	78	339	5	0.344705	31215.2	0.000157828	
2524	117	763	19.1684	13.5968	936	16	4	470	1	68	339	5	0.099173	48757.9	0.000168833	
2673	138	725	23.2935	11.4455	918	13	5	475	2	56	330	5	0.101823	59702	0.000159847	
2694	377	760	15.5697	10.3846	967	14	7	484	12	78	332	6	0.302731	40166.9	0.000133138	
2359	216	768	18.4084	15.5777	939	15	9	486	20	40	343	5	0.153161	35099.3	0.000186986	
2588	455	733	13.0186	15.2918	969	11	8	487	16	74	327	4	0.362362	30862.5	0.000167029	
2680	393	726	13.8044	13.1648	910	10	5	478	1	66	329	4	0.314706	33495.6	0.000153775	
2655	340	759	15.172	11.3396	920	11	5	461	18	61	335	5	0.275009	38089.9	0.000139821	
2620	328	766	11.2927	11.1528	988	10	8	478	17	51	337	6	0.316076	39253.8	0.000133976	
2623	452	733	11.3377	11.8788	991	13	10	462	20	67	331	4	0.393246	36279.9	0.000141383	
2558	458	734	15.8501	15.5641	1038	16	8	470	19	45	337	5	0.333952	30119.1	0.00017584	
2536	438	730	15.4803	13.4943	978	14	9	465	11	69	302	5	0.318203	32258.7	0.000162946	
2691	355	769	14.3761	12.1926	928	17	7	483	0	63	341	6	0.300217	35680.5	0.000142653	
2581	402	774	18.3023	13.7834	990	15	8	487	11	53	348	5	0.298018	32536.9	0.000157505	
2581	402	752	18.3023	13.7834	1048	15	8	487	11	53	348	5	0.289547	32807.5	0.000157853	
2409	146	759	16.4435	12.7104	991	10	6	483	14	42	307	4	0.121322	45760.7	0.000162681	
2413	162	725	14.2539	13.3049	1031	10	9	464	17	72	346	4	0.138551	42761.1	0.000156079	
2391	122	768	18.4084	15.5777	915	15	9	486	20	40	343	5	0.099481	44506.4	0.00018875	
2554	411	770	13.3985	10.6076	984	13	8	475	6	52	335	5	0.338039	38144.9	0.000134336	
2509	360	744	17.0134	15.6997	986	10	6	485	9	65	339	5	0.25719	30484.3	0.000173732	
2666	300	754	16.7697	15.1533	967	13	8	469	2	55	311	5	0.234622	32375.2	0.00017059	
2397	148	738	15.2502	12.068	1039	10	8	465	17	47	325	4	0.125492	46439.7	0.000153965	
2656	443	745	14.7703	13.6518	1037	17	8	470	17	56	345	4	0.34755	31961.5	0.000152648	
2507	483	739	17.9049	15.4672	932	17	5	473	18	68	325	5	0.335919	29796.1	0.000178859	
2590	401	744	14.4703	14.1503	1034	17	4	476	10	50	342	4	0.311802	32387.9	0.000159617	
2516	382	725	21.7377	15.5612	901	17	9	490	5	77	332	4	0.247765	31061.7	0.000186567	
2315	206	735	16.7395	14.6119	957	12	6	462	3	69	325	6	0.145202	37238.5	0.000177085	
2617	199	775	18.3167	13.9365	1050	12	8	465	19	63	320	4	0.160451	38258.9	0.000156715	
2375	256	727	14.6115	16	988	14	9	471	18	51	337	6	0.189813	33766.2	0.000184196	
2471	309	742	14.1533	12.7132	910	15	9	488	5	51	334	4	0.239239	35504	0.000156887	
2613	154	770	14.3445	12.9973	1018	15	5	481	3	78	344	5	0.153974	43487.6	0.000145497	
2379	264	768	16.4362	15.554	956	16	8	463	8	77	303	5	0.193279	33251.7	0.000179953	
2628	145	725	14.1256	15.6566	1003	13	9	480	12	58	348	6	0.14204	42051.3	0.000170155	
2657	444	735	15.9864	15.3273	938	18	8	465	17	66	327	5	0.334663	30040.2	0.000171969	
2502	344	760	15.7501	14.3721	1033	10	5	486	8	56	348	6	0.258919	32389.3	0.000159134	
2590	267	739	14.7206	13.4902	1003	17	5	475	9	50	338	6	0.215704	35721	0.000157555	
2605	445	733	12.7334	10.5946	973	12	9	463	8	62	339	5	0.360462	37611.7	0.000134626	
2470	149	742	18.2012	10.8519	912	12	8	474	10	40	304	5	0.115789	52811.4	0.000158053	
2611	186	756	14.1861	12.8683	947	14	8	479	2	61	337	6	0.172856	40442.1	0.000149276	
2683	484	763	20.5358	15.9342	1000	14	8	466	10	69	338	5	0.356521	29543.6	0.000173611	
2568	289	772	18.8722	11.3605	1003	13	8	490	5	77	335	4	0.214427	40451.7	0.000142328	
2469	152	736	15.2502	11.7225	1037	10	8	465	17	47	325	6	0.131487	46699.3	0.000149948	
2559	290	738	14.0466	10	1042	14	7	481	19	55	335	5	0.233693	42816.7	0.000133833	
2329	179	728	16.6258	10.444	1035	12	5	469	9	48	350	5	0.129985	52562.8	0.000145307	
2633	168	773	20.8382	10.8055	1028	17	7	472	9	68	312	4	0.132041	54306.8	0.000145159	
2577	182	728	23.4179	14.1281	945	15	6	481	10	68	323	6	0.123281	41950.6	0.000176398	
2656	344	747	14.2035	15.9115	991	12	5	476	17	76	342	4	0.281636	31013.9	0.000168124	
2610	103	769	22.9619	14.1856	1033	14	6	461	20	75	300	5	0.084439	53509.8	0.000180375	
2485	181	768	18.9691	12.4461	1035	14	4	469	20	75	324	4	0.137213	44712.5	0.000152718	
2397	180	742	14.7847	11.7225	1039	10	8	465	17	47	321	6	0.147588	44170.6	0.000150716	
2304	157	749	18.7093	11.7579	966	14	6	485	7	73	302	5	0.111222	49192.3	0.000166889	
2510	337	761	14.6779	12.1786	1028	17	8	473	2	74	323	6	0.263704	35325.8	0.000146628	
2677	341	768	20.1394	14.71	982	10	5	474	11	55	332	5	0.253232	32639.9	0.000165371	
2660	327	766	17.3667	12.3907	972	11	6	486	16	73	338	6	0.253556	35751.8	0.000144781	
2681	193	755	12.572	12.8435	1026	14	6	468	13	71	332	6	0.200211	40748.6	0.000143719	
2300	157	729	18.7093	11.3776	966	14	6	485	7	73	310	5	0.108048	50922.4	0.000165563	
2562	451	770	12.2835	11.1555	1019	10	6	469	15	44	340	6	0.385128	37086.3	0.00013468	
2380	339	726	19.9202	15.0769	906	13	8	486	4	80	321	5	0.214463	32314.9	0.00018615	
2562	451	770	12.2835	11.1555	1019	10	6	476	8	44	340	6	0.385128	37049.5	0.000134698	
2593	376	727	17.3329	15.8283	917	16	8	478	10	63	321	4	0.268587	30014.3	0.000180995	
2700	324	761	17.9638	15.1533	967	13	8	469	2	55	318	5	0.250566	31885	0.000169233	
2620	172	734	23.5774	13.8136	1001	17	4	477	20	60	348	4	0.120461	44907.9	0.000169607	
2528	200	741	23.662	15.3113	1019	17	5	476	13	77	333	5	0.133084	38735.4	0.000181225	
2655	340	759	15.8667	11.3396	920	11	10	461	18	61	335	5	0.269547	37916.3	0.000140647	
2439	151	770	15.2112	15.9542	954	16	8	480	0	62	349	5	0.135173	40783	0.000175469	
2509	141	775	15.3845	13.813	952	10	7	475	5	42	343	4	0.132755	43705.3	0.000160282	
2341	250	739	13.9915	11.6205	900	17	7	477	10	80	335	6	0.191166	39153.3	0.000153069	
2696	114	764	17.1654	14.9085	919	10	5	464	13	59	331	5	0.1136	46597.7	0.000172354	
2420	194	767	16.254	13.0425	928	11	5	490	8	73	348	6	0.153412	39662.5	0.000155642	
2459	188	737	15.7956	10.201	952	14	7	462	12	59	333	6	0.14909	48148.7	0.000141864	
2539	416	743	13.0904	10.5378	1016	11	6	477	1	66	326	4	0.331463	37764.5	0.000136631	
2587	156	754	12.925	10.38	910	18	7	473	13	63	324	4	0.164743	49529.5	0.000139082	
2645	280	752	20.4296	15.7655	982	15	7	488	17	47	309	4	0.202893	33079.9	0.000183824	
2451	205	742	19.3439	13.1376	962	12	9	486	6	65	339	6	0.143734	39975.6	0.000162443	
2602	224	738	12.0057	12.5154	976	13	8	473	9	72	341	6	0.218244	39533.9	0.000144865	
2603	386	737	15.9864	15.3273	938	18	10	485	17	66	327	5	0.288227	30361.6	0.000172741	
2584	308	753	13.0314	12.9542	1009	18	6	462	18	79	330	6	0.264796	35192.1	0.000148082	
2380	106	763	17.1841	14.7692	989	16	6	480	2	69	322	5	0.094125	49589.7	0.000182615	
2300	157	746	18.7093	11.7579	966	14	6	489	7	73	302	5	0.110568	49406.2	0.000167898	
2525	229	767	11.8403	11.5071	1041	15	5	480	2	57	336	5	0.226236	41535.2	0.000137306	
2689	356	765	16.807	12.5943	1024	11	5	470	6	73	336	4	0.280283	34885.6	0.000143493	
2621	239	729	17.6666	12.201	1011	14	10	485	4	45	341	5	0.179284	40032.1	0.000151699	
2677	355	769	15.5061	11.4172	928	14	6	483	0	63	348	6	0.288979	37540.7	0.000137646	
2397	152	736	15.2502	11.7225	1039	10	8	465	17	47	325	6	0.127445	47080.9	0.000152045	
2688	186	761	18.7615	11.9165	969	13	8	482	6	44	348	5	0.151506	44922.3	0.000147102	
2431	137	727	21.3892	11.9492	978	17	8	473	14	67	312	6	0.095049	53206.1	0.000168294	
2509	327	742	18.0836	12.4861	1017	10	9	484	12	52	345	4	0.229386	36377.4	0.000152369	
2605	408	769	15.5061	11.4172	928	14	6	469	0	63	348	5	0.320702	36780.3	0.000139159	
2683	148	738	22.5735	15.4081	970	18	4	471	11	79	344	5	0.111398	43530.5	0.000176866	
2523	215	734	15.8525	12.7071	1043	15	5	474	1	45	349	5	0.168399	39589.5	0.000152346	
2395	267	759	18.2449	13.134	944	14	9	471	0	76	334	5	0.185731	36190.2	0.000161681	
2349	317	733	15.7306	14.7492	984	15	7	479	6	65	334	5	0.218725	33032.5	0.000174004	
2513	225	730	19.1644	14.6728	964	14	6	471	8	58	326	5	0.157729	35752.8	0.000174703	
2435	444	742	12.0718	13.0468	1028	13	8	479	9	59	347	4	0.353703	34227.6	0.00014997	
2436	269	729	11.1903	10.4343	1035	18	6	469	11	72	340	6	0.244585	42240.6	0.000136575	
2364	273	750	15.63	12.8822	951	16	6	481	10	69	347	5	0.197887	36197	0.00015706	
2562	265	749	15.8241	12.7123	904	13	5	461	11	64	337	5	0.206905	36799.9	0.000153351	
2520	346	772	20.924	14.6815	948	11	7	479	17	64	350	4	0.241273	32370.3	0.000169549	
2579	172	730	23.5774	15.2581	1050	16	4	476	20	60	344	4	0.117781	41537.9	0.000179308	
2319	101	734	17.3681	13.6988	918	11	6	463	8	51	331	4	0.084214	51221.4	0.000187512	
2315	278	741	14.3094	12.9787	927	17	9	470	0	76	334	4	0.204489	36007.5	0.000161134	
2418	161	767	21.7728	11.625	934	13	9	485	11	63	314	5	0.113088	50764.8	0.000162681	
2494	458	732	15.8501	15.5641	1038	16	8	467	3	47	333	5	0.325804	30241.2	0.00017762	
2665	157	751	18.9856	14.1109	945	15	9	480	14	58	304	5	0.129197	42126.5	0.000167926	
2639	245	763	20.1819	14.1035	980	15	5	473	12	55	331	5	0.18255	36587.3	0.000164555	
2661	134	741	20.4512	11.2955	1015	13	6	462	18	78	326	4	0.108387	55329.6	0.000150421	
2547	232	774	17.1923	11.3907	959	15	7	483	11	78	327	6	0.182945	41262.2	0.000143699	
2460	339	771	13.1143	10.253	1030	14	7	477	11	71	316	5	0.279369	39539.7	0.00013795	
2618	193	755	12.572	13.0946	1026	17	7	468	13	71	325	6	0.195551	40525.1	0.000148126	
2538	230	762	17.1471	13.0935	972	14	5	466	18	75	324	5	0.178173	37419.7	0.000155015	
2598	354	755	17.9638	14.493	967	13	8	469	2	55	310	5	0.260536	32305.2	0.000168947	
2397	180	736	15.2502	11.7225	1039	10	8	465	17	47	325	6	0.143672	44310.6	0.000151126	
2623	340	759	15.8667	11.3396	920	13	10	468	18	61	340	5	0.266544	37739.7	0.000141004	
2355	138	731	19.6961	13.0813	1030	18	6	467	10	54	343	5	0.097548	48765.7	0.000169837	
2471	435	762	15.4005	12.7253	958	16	8	473	14	78	339	5	0.323231	33083.6	0.000150989	
2564	210	768	18.5699	11.2719	994	10	4	468	4	71	328	6	0.162154	45446.7	0.00014341	
2439	228	773	15.1295	10.9504	967	16	8	481	0	55	345	5	0.184559	42027.5	0.000140056	
2300	160	739	18.4566	13.4257	948	12	7	487	19	60	334	5	0.111693	43929.4	0.000172384	
2413	292	733	19.7834	14.6118	954	13	8	467	19	45	326	4	0.190016	34010.8	0.000182349	
2668	418	754	16.6005	14.3319	912	12	4	483	13	70	332	5	0.320833	31343.6	0.000161708	
2543	234	734	15.8525	11.5617	1043	14	5	474	1	45	349	5	0.181624	41792.1	0.000143843	
2341	247	739	13.9915	11.3592	900	17	7	477	6	80	349	6	0.189338	39706.5	0.000149076	
2614	418	755	15.205	11.5457	908	13	4	478	13	69	347	6	0.325255	36519.4	0.000141303	
2415	165	757	22.8038	13.0028	1005	11	10	476	14	41	339	4	0.110869	46783.2	0.00017301	
2681	134	761	16.7183	13.9075	925	14	8	460	9	75	306	4	0.127518	44596.9	0.000161996	
2442	119	737	15.9676	12.002	934	17	8	489	8	78	300	5	0.10681	50066.7	0.000166667	
2398	215	768	13.4604	13.2239	931	15	5	471	16	77	345	5	0.186307	38618.5	0.000154631	
2352	197	750	16.3502	12.8822	951	16	9	481	10	51	347	5	0.146915	39784.2	0.000160953	
2580	251	747	14.4429	14.9074	984	14	9	470	15	50	346	5	0.209128	34338.7	0.000165865	