2700	500	770	12.9202	11.3776	1036	11	9	489	8	80	350	6	0.3769	28361.6	0.00016952	
2300	100	742	23.835	10	1049	11	6	485	4	64	344	5	0.066795	85874.1	0.000182548	
2300	100	725	25	16	900	17	8	472	11	57	349	4	0.06317	51397.6	0.00021925	
2700	490	775	10	10	1050	11	5	479	9	74	350	5	0.498641	40460.8	0.000120656	
2700	500	775	10.8067	10	1050	11	7	480	7	69	350	5	0.479254	38936.1	0.000121036	
2700	487	775	10.8067	10	1050	11	6	480	8	73	350	5	0.468315	38952.1	0.00012108	
2370	102	740	25	10	1050	12	6	478	8	66	343	5	0.067997	84995.9	0.000180636	
2699	500	775	11.612	10.9666	1050	10	7	478	7	61	350	5	0.458635	36508.6	0.000126247	
2700	485	775	10.8067	10.0178	1050	11	7	480	6	69	350	5	0.466638	38991.3	0.000121095	
2370	102	744	25	10	1050	12	6	487	8	66	343	5	0.068365	85839.4	0.000180278	
2682	500	771	12.2132	10.9104	1043	11	7	484	10	66	350	5	0.442277	35910.3	0.000127243	
2370	100	744	25	10	1050	12	7	487	8	76	343	5	0.067299	84348.5	0.000181884	
2700	445	775	10.0804	10	1050	11	6	480	7	73	350	6	0.457485	40533.2	0.000120802	
2309	102	742	23.9229	10	1050	11	7	487	8	74	347	5	0.067636	83733.5	0.000181159	
2355	100	775	22.7219	11.0496	1011	15	8	463	4	75	341	4	0.074094	66120.5	0.00017671	
2700	464	775	10.8067	10	1050	11	6	480	7	70	350	5	0.44913	39204.7	0.000121036	
2300	100	725	25	16	905	16	8	470	4	60	349	4	0.06317	51570.4	0.000218198	
2300	100	742	24.3562	10	1030	12	6	487	4	71	344	5	0.06573	84521.6	0.000184638	
2648	466	773	16.4713	14.666	1033	17	8	485	17	67	347	5	0.364197	29993.1	0.000156764	
2661	420	758	13.7384	13.7839	1050	11	8	479	9	75	350	5	0.347521	31602.5	0.000147427	
2700	468	775	10.8067	10	1050	11	5	479	6	74	350	5	0.452451	39201.8	0.000121036	
2564	189	769	12.9637	10.9795	1046	11	7	481	11	70	348	4	0.187505	43612.4	0.00013132	
2598	147	769	19.3192	10.8959	1018	13	7	481	8	59	343	4	0.121239	53261.2	0.000142187	
2700	464	771	10.8067	10	1050	11	6	480	7	69	350	5	0.446812	39252.4	0.000121359	
2300	100	743	25	11.6958	1019	13	9	480	7	78	341	4	0.064739	68497.4	0.000192382	
2638	500	759	15.2802	13.2414	1032	11	9	490	4	80	341	4	0.391364	31141.4	0.000146456	
2680	500	759	16.3731	14.5018	1026	11	9	483	3	76	348	5	0.388456	29800.5	0.000155521	
2618	244	741	16.574	16	1031	12	6	488	8	77	349	5	0.190858	32880.7	0.000169866	
2436	104	758	24.6757	11.0027	990	16	7	480	8	68	344	5	0.073746	68838.6	0.000176866	
2619	308	775	12.3361	10	1050	13	8	466	7	74	350	4	0.285467	40287.3	0.000123503	
2572	281	765	16.4671	14.9586	1050	11	9	473	5	70	350	5	0.219091	32482.4	0.000160333	
2604	422	755	13.4798	12.1389	1050	10	9	482	5	74	350	5	0.344653	33652.1	0.000137646	
2682	494	771	12.2132	10.9104	1050	11	7	484	10	66	349	5	0.437367	35932	0.000127226	
2625	336	733	14.8308	14.0961	1042	13	8	475	9	75	349	6	0.262672	32123	0.000154871	
2634	290	770	14.6041	12.0801	1050	10	8	485	12	70	345	6	0.245903	36004.3	0.000137099	
2446	141	752	15.5765	12.7201	939	14	7	475	9	77	333	4	0.124257	45132.6	0.000156372	
2700	497	774	12.9202	11.3776	1035	11	9	489	7	80	350	6	0.432423	34289.1	0.00012987	
2401	100	755	25	10	1050	15	9	469	16	66	347	4	0.069406	81490.9	0.000178763	
2319	106	736	20.492	10.208	1003	12	7	485	5	80	340	5	0.077403	68077.7	0.000171438	
2680	500	774	13.1527	11.6796	1039	13	10	484	11	80	346	5	0.428277	33774.8	0.000132556	
2427	100	772	24.3582	10.0027	1050	15	10	468	16	79	339	4	0.073094	77794.4	0.000174155	
2618	218	763	14.9468	11.7162	1050	11	6	478	0	69	350	6	0.189908	40252	0.000135685	
2300	114	741	25	16	931	16	8	474	7	50	314	5	0.071834	48283.9	0.00021645	
2683	379	769	14.9303	15.6545	1046	11	8	480	6	80	349	5	0.31164	30024.4	0.000160694	
2401	104	755	25	10	1050	15	8	467	16	66	350	4	0.071594	80741.1	0.000175469	
2700	470	775	11.387	10	1050	11	6	480	7	73	350	5	0.439381	38442.2	0.000121389	
2668	316	771	14.1168	10	1031	12	9	473	4	68	346	5	0.272032	40752.3	0.000125471	
2640	500	767	15.1281	12.766	1039	13	10	489	7	80	346	5	0.397252	31824.4	0.000141884	
2417	108	769	23.4444	10.6649	997	16	10	478	3	73	343	5	0.078679	67457.2	0.000169549	
2300	119	742	20.5883	10.208	1003	12	7	485	5	80	340	5	0.083626	66531.7	0.000164555	
2611	390	734	17.0614	15.4587	1046	12	9	487	9	76	350	5	0.283949	29706.9	0.000166528	
2340	100	744	25	15.071	997	12	7	480	7	71	333	5	0.066239	55451	0.00020429	
2619	154	769	14.167	10	1050	13	8	481	7	69	350	4	0.155988	49413.1	0.000129299	
2667	151	757	15.6515	10.2924	1046	11	8	478	10	63	349	5	0.142972	50456.9	0.000132626	
2674	256	741	16.3474	12.8341	998	12	6	490	12	62	347	4	0.204111	36351.2	0.000147167	
2654	218	763	14.9468	11.4172	1047	11	6	478	0	72	350	6	0.192498	40852.5	0.000133316	
2700	445	772	14.6276	14.0312	1036	11	9	489	8	80	349	6	0.368429	30671.1	0.000148104	
2606	313	760	12.804	10	1044	12	6	478	12	76	348	4	0.27556	40078.2	0.000126151	
2555	198	769	14.3445	13.3602	1030	14	8	481	4	80	346	4	0.178634	38564.5	0.000147471	
2353	102	731	23.4505	10	1005	12	9	476	9	63	346	5	0.069268	77442.8	0.000179051	
2699	432	775	10.8067	10	1050	11	6	480	3	73	350	4	0.422661	39371.9	0.000120948	
2700	500	772	14.0818	13.1298	1038	11	9	489	7	77	347	5	0.41835	31456.7	0.000141443	
2669	369	768	10.8067	10	1050	11	7	480	5	67	350	5	0.365066	40219.5	0.000122175	
2593	290	770	14.6041	12.0801	1050	10	8	485	12	70	345	6	0.24229	36126.2	0.000138122	
2363	100	725	22.5792	13.4228	907	15	9	470	14	72	345	4	0.069605	54686.8	0.000193986	
2623	198	769	17.8957	12.6031	1014	15	8	464	3	80	344	4	0.160821	40553.1	0.00014622	
2323	100	734	25	10.0154	990	13	9	483	5	64	340	5	0.064756	81139.7	0.000186916	
2700	493	767	14.7904	11.8178	1036	12	10	484	6	77	346	5	0.40241	33602.8	0.000134753	
2466	100	725	22.5792	10.4193	907	15	9	470	14	72	345	4	0.073307	67240.2	0.000178126	
2303	102	742	23.9229	10	1033	15	8	476	10	74	347	5	0.067418	80519.4	0.000181653	
2640	459	734	18.5381	15.6474	1046	12	8	487	10	79	350	6	0.328523	28977.2	0.000169005	
2700	468	771	13.4215	10	1050	11	6	480	5	73	350	5	0.400451	38311.4	0.000123092	
2700	202	770	16.3577	10.542	1049	11	8	482	0	75	350	5	0.176964	45279.8	0.000128535	
2700	460	775	16.0742	13.3016	1043	14	9	486	6	71	350	5	0.369687	31547.8	0.000144113	
2300	105	733	23.4505	10	1005	12	9	476	9	63	346	5	0.069085	77968.2	0.000179469	
2356	100	725	25	11.5585	911	13	9	471	6	61	345	4	0.065099	64244.9	0.000192567	
2590	147	769	17.9396	10.0225	1044	11	8	485	8	67	350	5	0.126272	55454.3	0.000135355	
2402	104	746	24.8602	10.0018	999	15	9	469	3	75	338	4	0.070787	76821.2	0.000177399	
2700	438	767	10.8067	10	1050	10	8	480	13	75	349	4	0.423287	39012.2	0.000121921	
2675	493	738	16.4411	14.7303	1050	13	8	486	10	65	349	5	0.371061	29640.4	0.000158881	
2427	107	772	25	11.0962	1050	14	10	468	16	79	340	4	0.075878	69020	0.000173702	
2603	351	754	16.9541	15.2458	1037	13	8	483	7	80	343	6	0.263944	30493.1	0.000163988	
2633	202	775	14.9501	10	1050	12	9	471	5	73	346	5	0.183158	45943.6	0.000126342	
2606	116	767	23.075	10	1045	12	8	469	8	71	350	4	0.091292	70331.7	0.000154226	
2550	152	762	17.4564	11.0803	962	12	9	478	17	63	338	5	0.128479	48773.6	0.000143225	
2524	131	758	20.2159	10.4028	1015	13	6	472	19	57	343	5	0.103333	60676.8	0.000148965	
2700	468	775	11.7088	10	1050	12	6	483	6	73	350	5	0.430807	38269.9	0.000121669	
2700	468	775	10.8067	10	1050	11	6	480	7	73	350	5	0.452451	39081.2	0.000121065	
2700	195	742	19.3966	16	1003	12	7	485	6	80	340	5	0.151675	35731.5	0.000172891	
2700	500	772	14.3385	13.8423	1036	11	9	489	7	80	350	6	0.415267	30566.3	0.000146477	
2623	178	773	12.9637	10	1050	13	8	466	7	70	350	4	0.185379	46939.3	0.000124891	
2417	108	771	23.4444	10.3746	986	16	10	474	3	65	343	5	0.078883	69200.6	0.000168634	
2353	100	741	25	12.7353	1022	14	9	483	5	64	339	5	0.06643	63185.4	0.000193237	
2325	103	757	21.5514	10	1042	16	9	472	6	60	343	4	0.075019	74137.5	0.000172354	
2300	100	725	25	13.2945	909	12	8	474	6	78	348	4	0.06317	57936.4	0.000203211	
2300	100	725	25	13.2945	900	12	8	474	6	60	348	4	0.06317	57529.4	0.000203832	
2687	384	758	14.3369	13.7839	1050	10	8	479	9	75	350	5	0.316944	31730.3	0.000147406	
2300	100	725	24.9535	10	917	13	8	486	5	80	336	6	0.063174	76226.2	0.000190949	
2330	100	740	23.049	15.639	1041	13	8	477	8	78	338	4	0.068772	53675.1	0.000202143	
2558	150	771	17.8975	10	1047	13	9	484	16	68	345	4	0.126773	55164.9	0.000136036	
2601	455	740	16.8466	16	1018	11	7	482	10	78	346	5	0.333128	28770.6	0.000171792	
2348	100	755	25	10	1050	15	8	469	16	66	347	4	0.067505	82731.5	0.00018162	
2590	135	769	18.7475	10.0225	1044	11	7	485	5	67	350	5	0.115179	58544.3	0.000139626	
2567	100	750	23.8332	15.3003	997	10	7	481	7	72	331	5	0.077234	52265.3	0.000191461	
2697	446	762	17.2741	16	1050	12	9	490	15	74	349	5	0.344247	28514.7	0.000165153	
2661	420	758	14.2222	13.7839	1050	11	8	479	9	69	350	5	0.342531	31446.6	0.000147973	
2665	151	758	17.3279	10.1713	1046	12	7	478	12	80	344	5	0.133946	52917.7	0.000134066	
2443	120	763	21.6734	10.4873	1040	10	9	486	5	75	326	5	0.08993	65410.7	0.000158655	
2417	100	740	23.4444	10	971	11	10	484	8	64	336	6	0.071376	75467.2	0.00017762	
2667	192	775	17.1842	11.7783	1050	13	9	483	1	69	346	5	0.164718	42628.9	0.00013693	
2389	100	748	25	10.0259	986	13	6	477	6	75	344	4	0.068336	78855.6	0.000181028	
2315	148	728	22.2916	15.7855	912	17	7	483	9	72	347	4	0.093779	42374.1	0.000198965	
2522	356	762	16.499	14.9586	1050	11	7	486	2	75	347	6	0.26522	31202.8	0.000161681	
2332	100	770	23.9806	10.3151	1050	15	8	471	4	75	339	4	0.069959	76579.9	0.000178987	
2345	100	746	24.0317	10.4976	990	11	7	466	8	52	342	6	0.068244	74678.8	0.000182916	
2660	500	743	17.0236	14.1782	1039	13	9	489	7	80	350	6	0.373436	30180.5	0.000155183	
2539	236	771	15.4161	10.1788	1048	13	8	473	6	74	346	5	0.194949	44078.2	0.000130429	
2665	500	747	16.4411	14.7303	1050	11	8	490	10	79	349	5	0.379728	29377	0.000157307	
2300	100	725	25	15.5968	927	16	9	472	7	56	348	4	0.06317	52338.1	0.00021561	
2700	438	771	10.8067	10	1050	10	8	480	13	75	349	4	0.425494	39002	0.000121581	
2596	327	768	17.3084	13.954	1035	11	9	489	7	80	348	6	0.249178	32377.4	0.000153163	
2325	103	758	23.0168	10.0259	1050	15	9	472	14	80	343	4	0.072407	76399.4	0.000174581	
2321	100	742	24.6188	10.208	1049	12	7	485	6	70	340	5	0.065939	83232.2	0.00018474	
2300	100	734	22.6062	10.3467	917	13	8	484	6	74	333	6	0.068175	69530.5	0.000183993	
2300	100	725	22.7671	15.8842	927	14	9	471	7	56	350	4	0.066827	50851.2	0.000210349	
2336	100	734	25	10	1017	12	8	467	0	63	341	4	0.06521	81711.5	0.000185494	
2685	142	745	16.1475	11.5907	956	10	7	487	10	76	328	6	0.133025	47582	0.000145412	
2374	100	759	23.9806	13.4067	973	15	9	465	19	69	350	4	0.070499	56887.1	0.00019044	
2665	500	764	16.5352	14.3404	1032	11	9	489	7	74	349	5	0.387613	29930.6	0.000153704	
2679	348	747	16.5352	14.7303	1050	11	8	490	7	74	350	5	0.268418	30949.1	0.000157085	
2300	100	736	23.4238	15.8237	913	12	8	483	8	73	333	5	0.066789	52086.8	0.000210128	
2429	110	742	23.9434	10.1776	1018	13	8	488	5	64	334	5	0.076346	75198.7	0.000170882	
2562	234	764	15.3197	11.2426	1031	10	9	478	7	80	350	5	0.194194	40014.1	0.000135318	
2645	404	775	13.7627	12.0123	1048	10	9	469	1	71	350	5	0.341157	34195.2	0.000134571	
2443	110	753	21.96	10.2648	946	15	9	463	8	76	325	5	0.082552	65427.9	0.000165837	
2668	316	771	14.1168	10.2939	1050	12	9	473	4	68	346	5	0.272032	39788.3	0.000126406	
2322	100	725	24.7791	10	909	13	8	472	8	55	345	4	0.064453	74903.7	0.000188644	
2546	110	743	22.4401	10.0766	1013	13	9	472	11	61	343	5	0.084358	70068.8	0.000162417	
2700	500	769	15.3238	12.7312	1029	11	10	490	5	80	344	5	0.404504	31920.7	0.000140766	
2558	131	771	24.7699	10	1050	10	9	484	16	65	340	4	0.095712	73831.9	0.000152602	
2300	236	725	25	15.986	900	16	8	472	6	60	349	4	0.135415	35963.6	0.000213493	
2574	276	773	12.8381	13.6127	1030	13	7	484	6	80	348	6	0.250111	35129.4	0.000146929	
2536	194	775	16.0676	10.1827	992	12	9	477	14	72	349	5	0.163828	46521.8	0.000132118	
2685	468	775	11.7088	10	1050	11	6	480	7	73	350	5	0.428768	38196.8	0.000121862	
2643	151	754	17.6911	10	1046	12	6	478	1	62	343	5	0.130255	55967.7	0.000134953	
2300	109	728	25	16	909	15	9	481	6	62	348	4	0.068015	49889.8	0.000214225	
2608	443	765	16.2857	12.7312	1006	14	9	488	6	78	350	5	0.339768	32650.8	0.00014476	
2700	464	771	10.8215	10	1050	11	6	480	7	69	350	5	0.446841	39223.2	0.000121359	
2697	434	773	14.9303	15.6545	1046	11	8	487	5	80	348	5	0.356969	29331.2	0.000159541	
2300	100	738	24.5166	14.5345	917	11	8	472	6	73	329	6	0.06485	54892	0.000206398	
2300	100	734	25	14.9177	917	11	8	474	6	74	349	6	0.063955	54261.2	0.000209688	
2444	129	738	21.1328	10.2981	1050	12	8	465	8	57	335	4	0.093142	65655.5	0.000155521	
2619	128	766	21.3656	10.4611	1023	13	6	474	4	79	344	5	0.103324	61731.1	0.000147514	
2443	114	725	21.96	10.4873	950	10	9	490	8	76	325	6	0.081648	64766.1	0.000167729	
2700	228	770	12.6286	10	1007	13	9	488	8	73	350	5	0.229547	43195.5	0.000123993	
2380	100	731	23.1147	13.0084	988	17	9	478	5	62	331	5	0.069727	58228.6	0.000191205	
2665	500	744	16.5352	14.7303	1050	11	8	490	7	80	349	5	0.377466	29431.1	0.000157729	
2617	290	757	16.4129	13.9007	1036	10	9	490	8	77	349	5	0.227236	33215.9	0.000152068	
2688	151	757	18.6365	10	1046	12	6	478	1	70	348	4	0.128846	56999.3	0.000133923	
2664	441	755	13.4798	11.9228	1050	10	8	482	5	75	350	5	0.366082	33781.4	0.000135044	
2617	415	767	17.2604	13.9007	1032	13	10	490	6	78	347	4	0.314291	31117.8	0.0001523	
2700	491	775	12.797	10.2254	1050	13	6	476	9	76	346	5	0.429591	37548.1	0.000124116	
2657	355	775	14.6715	12.306	1018	11	5	471	14	72	344	5	0.296262	34584	0.000138715	
2325	103	751	23.0168	10.0259	1050	13	8	471	7	80	343	4	0.071738	76876.3	0.000175254	
2300	126	754	23.1104	16	913	15	9	477	3	43	322	5	0.082823	44543.1	0.000209336	
2325	103	758	20.5743	11.8261	1050	15	9	472	7	60	343	4	0.077796	60865.9	0.000176243	
2526	127	767	19.8884	10	1017	13	7	481	14	61	345	5	0.103433	62345.9	0.000146821	
2402	115	745	23.1168	10.0018	1020	14	9	469	2	75	338	4	0.080034	72158	0.000165563	
2577	165	770	17.8957	12.6031	1014	15	8	464	3	80	344	4	0.137056	43332.9	0.000147536	
2605	184	761	18.6849	11.8886	1026	13	9	490	7	68	350	5	0.145995	44208.7	0.000142878	
2658	277	755	13.5628	10.7645	997	12	8	488	8	74	348	6	0.243947	39087.8	0.000130907	
2673	422	748	13.4798	12.2934	1050	10	8	482	5	78	342	5	0.349377	33379.4	0.000138812	
2653	194	738	22.11	15.75	998	14	8	478	6	73	332	5	0.139479	36943.8	0.000177873	
2590	135	769	18.7475	10.0225	1050	11	7	485	5	67	350	5	0.115179	58696	0.000139528	
2320	102	744	23.9229	10	976	12	6	487	2	66	343	5	0.068217	78696.7	0.000181094	
2300	109	725	25	16	909	15	8	481	6	62	348	4	0.067734	49837.7	0.000214638	
2671	285	732	14.8074	11.3538	1034	13	9	472	10	78	339	6	0.231544	37907.5	0.000137514	
2612	234	775	13.2173	11.5778	1030	11	8	481	6	75	349	6	0.220116	39139.9	0.000133209	
2353	100	725	25	15.9909	927	16	9	472	7	60	344	4	0.064995	51466.1	0.00021363	
2335	103	751	23.2106	10.0259	1033	16	9	472	15	80	343	4	0.071573	75955.6	0.000175901	
2336	100	734	25	10.7282	1017	12	8	478	0	63	346	4	0.06521	75655.1	0.000187688	
2300	100	745	21.3496	10	1022	11	8	478	5	59	350	5	0.07182	75088.5	0.000177022	
2601	376	731	19.5042	15.5284	1020	13	9	489	4	76	346	5	0.260861	30138	0.000172087	
2619	308	775	13.1761	10.001	1048	13	8	466	7	75	344	4	0.273889	40281.8	0.000125235	
2300	100	725	22.1853	15.8842	927	14	10	474	7	57	350	4	0.068364	50556.7	0.000208551	
2402	100	746	24.8299	14.7816	1039	14	9	469	0	79	346	4	0.068626	55329.6	0.000197472	
2300	118	757	23.7118	15.384	949	16	9	473	2	50	312	6	0.077743	48114.4	0.000204625	
2373	100	758	21.273	10.0259	1050	13	9	468	14	80	343	4	0.076436	71469.3	0.000172028	
2623	319	770	14.3445	12.0885	1030	15	7	476	0	79	345	5	0.267558	35367.1	0.000137779	
2640	463	734	14.7682	15.6474	1046	12	8	487	11	79	350	5	0.356089	29163.4	0.000164799	
2590	246	769	11.6259	10.6082	1050	10	8	483	5	77	350	6	0.248184	41218.3	0.000127405	
2460	104	758	24.3955	10.7066	990	16	7	474	8	78	344	5	0.075214	69812.7	0.000173943	
2428	100	744	23.8332	15.3003	997	11	7	481	7	72	331	5	0.071598	53074.8	0.000197628	
2616	261	755	15.6855	12.9249	1038	11	7	467	4	78	348	5	0.211405	35797.8	0.000145645	
2417	108	743	23.4444	10.6649	986	16	10	478	4	65	343	5	0.076019	67958.8	0.00017298	
2446	125	749	20.0501	10.1311	992	12	9	479	2	58	348	6	0.095711	62111	0.000152975	
2639	226	760	14.7907	12.2458	1004	13	9	490	7	69	350	5	0.197295	38155.9	0.000139821	
2300	100	730	25	10	977	12	8	467	9	63	343	4	0.063606	79882.8	0.000189	
2615	123	754	20.0501	10.1311	992	12	9	472	2	58	346	6	0.10269	61524.6	0.000148765	
2661	391	771	10.8067	10	1050	11	6	480	7	66	350	5	0.38276	39978.4	0.000122085	
2693	422	771	14.4852	11.6389	1050	10	8	482	1	78	350	6	0.350703	34448.8	0.00013231	
2632	483	772	13.0855	11.4068	1049	13	10	485	12	80	349	5	0.408631	34230.6	0.000131596	
2689	500	771	16.4218	15.523	1037	11	9	484	3	76	348	5	0.394955	28732.1	0.000161005	
2557	305	756	15.7915	14.2142	1041	10	9	490	5	74	350	5	0.235963	32639.2	0.000155039	
2614	228	765	18.9148	13.7147	1041	13	6	488	5	79	335	6	0.174594	37043.1	0.000154345	
2598	398	743	16.8466	16	1028	12	7	490	8	72	346	5	0.293148	29315.9	0.000170736	
2300	185	741	25	16	931	16	8	475	7	50	314	5	0.109873	39141.4	0.000215843	
2315	201	728	22.2916	15.7974	917	17	6	481	12	73	347	4	0.122514	37385.1	0.00019861	
2538	116	745	21.1328	10	1050	12	8	468	16	65	337	4	0.090599	67642.6	0.00015625	
2689	453	763	15.8307	16	1045	13	9	490	3	80	334	5	0.358723	28691.1	0.000164935	
2300	183	744	20.6543	16	911	14	9	468	3	46	322	4	0.118743	37245.5	0.000201532	
2700	500	772	14.0385	13.8423	1036	11	8	489	7	80	350	5	0.419133	30719.2	0.000146092	
2300	100	741	23.7527	16	931	16	8	474	7	50	314	5	0.066709	50928	0.000215193	
2700	132	768	22.9008	10.2086	1049	15	8	468	2	79	339	4	0.105936	66634.1	0.000144886	
2681	409	775	16.6418	15.6678	1021	16	9	490	17	71	346	4	0.323589	29257.3	0.000162893	
2637	357	770	14.8733	10.542	1048	11	9	487	0	72	350	4	0.291698	38011.2	0.00012832	
2363	100	738	22.5792	12.9786	907	15	10	471	14	72	349	4	0.070853	55718.2	0.00019015	
2495	100	742	22.9353	15.8977	942	17	8	480	7	71	340	5	0.075525	50369.7	0.000198295	
2316	234	745	19.5018	15.9166	914	16	8	460	4	70	326	6	0.152348	34276	0.000192864	
2700	500	772	12.8555	10.9649	1033	12	9	489	7	76	350	6	0.434518	35183.2	0.000127926	
2515	147	769	18.7475	10	1024	13	6	485	9	60	350	5	0.118786	58382.3	0.000139179	
2417	108	743	22.4805	10.6649	986	16	10	480	-0	70	343	5	0.078234	65803.9	0.000170532	
2301	100	737	23.9229	15.5371	979	12	8	482	8	72	328	4	0.065861	54027.5	0.000207771	
2698	163	749	14.7703	12.845	1046	13	9	474	12	62	350	4	0.157014	42310.8	0.000143637	
2663	491	771	13.4798	10.6517	1050	10	8	482	9	80	343	5	0.413313	35764.7	0.000128205	
2342	100	743	24.7112	15.888	951	13	8	478	10	66	332	5	0.066767	52552.6	0.000209074	
2559	194	775	15.2139	10.1827	991	12	9	477	10	70	348	5	0.170886	45687.7	0.000130582	
2665	500	738	16.4411	14.7303	1050	13	8	489	10	79	349	5	0.375153	29409.5	0.000158403	
2625	445	730	14.9922	14.0961	1042	12	8	475	9	75	349	6	0.337175	30775	0.00015528	
2667	500	772	13.1527	12.2766	1039	13	10	484	11	80	346	5	0.425412	32888.3	0.000136351	
2312	100	739	24.7112	15.8977	942	12	8	477	7	71	336	5	0.065349	52677.5	0.00021173	
2363	100	725	22.5792	12.9786	907	15	9	470	14	72	349	4	0.069605	55819.8	0.000191902	
2385	209	747	18.7223	15.9166	954	10	9	460	0	77	336	5	0.145345	34981.9	0.000185185	
2697	446	762	19.788	16	1050	11	9	488	16	79	350	5	0.331677	28834.2	0.000167954	
2574	184	765	17.4993	12.6831	1050	13	7	489	8	70	346	6	0.149822	41825	0.000146113	
2363	104	734	24.2207	15.2641	1005	16	9	469	7	65	338	4	0.06935	52573.7	0.000201207	
2421	100	745	23.8476	10.7172	1039	15	8	470	5	65	343	4	0.07144	72007.3	0.00017854	
2700	416	738	16.1904	16	1035	10	8	478	8	80	341	5	0.318729	29068.8	0.000168577	
2420	114	764	21.8963	11.4393	1004	10	10	487	5	74	350	6	0.085091	60002.4	0.000165563	
2443	114	762	21.8963	10.4873	985	10	9	476	8	75	334	5	0.085815	64096.4	0.000162259	
2574	214	755	12.9306	10.7645	1042	12	8	488	8	74	349	6	0.201864	42128.5	0.000131423	
2665	442	764	16.5352	14.3404	1050	11	9	490	0	74	349	5	0.342866	30232.7	0.000152905	
2479	115	756	19.7599	10.7542	1021	12	8	478	4	71	340	5	0.092858	59422	0.000158253	
2593	277	770	13.8732	12.0801	1050	10	8	481	12	70	344	6	0.239761	36567	0.000137608	
2402	111	753	22.3311	10.8025	1050	16	10	480	11	66	338	5	0.08036	66946.2	0.000168209	
2401	100	744	25	10	1050	15	8	469	16	66	347	4	0.068394	82235.4	0.000180115	
2700	470	775	11.387	10	1050	11	6	481	7	76	350	5	0.439381	38319.7	0.000121448	
2355	174	740	22.7137	15.8842	953	12	9	467	5	80	349	5	0.111	39020.1	0.000194439	
2700	500	772	14.6276	14.0312	1036	11	9	489	9	80	349	6	0.412195	30286.3	0.000148104	
2300	100	730	25	15.986	900	16	8	473	6	60	350	4	0.063606	51621.1	0.000217581	
2558	131	771	24.7204	10	1050	10	9	484	16	70	340	4	0.095716	72885.2	0.000152277	
2657	207	763	15.5061	11.4172	1047	10	6	481	0	72	350	6	0.181544	41753.6	0.000133726	
2662	497	772	14.3385	11.3776	1039	12	9	489	7	80	350	6	0.407873	34173	0.000131874	
2627	500	767	15.1281	12.7493	1050	14	10	489	7	80	339	5	0.395581	31922.6	0.000142755	
2700	422	762	13.9524	12.4419	1035	12	8	482	1	80	350	5	0.353232	33152.8	0.000137798	
2402	100	746	23.8476	10.0259	1038	15	8	476	5	80	343	4	0.070848	77597.4	0.000177085	
2638	266	758	14.8186	12.798	1042	11	7	481	12	78	347	6	0.223851	35526	0.000142714	
2636	497	767	14.3385	11.7832	1039	12	9	488	7	80	350	6	0.401853	33408.2	0.000135099	
2538	116	743	22.795	10	1040	12	8	468	16	65	337	4	0.086328	71557	0.00015921	
2632	319	747	17.7009	14.6967	987	12	9	481	4	56	343	6	0.238026	31995.4	0.000164636	
2657	500	743	16.5701	15.9322	1013	11	8	490	9	72	348	5	0.375996	28438.8	0.00016889	
2693	193	768	16.0014	10.0124	1050	12	9	469	6	74	342	4	0.172563	47690.6	0.000127372	
2460	271	745	19.5018	15.9166	954	18	8	460	10	74	336	5	0.184752	32235.6	0.000184128	
2682	432	775	10.8067	10	1049	11	6	480	3	75	350	5	0.420377	39275.6	0.000121389	
2407	108	769	23.4444	10.4352	997	16	10	481	3	73	343	5	0.078287	69303.1	0.000169262	
2609	227	767	14.1822	10	1028	13	9	477	7	72	350	5	0.202619	43667.1	0.000126791	
2609	177	764	13.1278	10	1026	12	9	490	7	68	350	5	0.179731	46795.2	0.000127146	
2670	422	771	13.2129	10.4609	1050	10	7	480	1	69	350	4	0.362661	37116.9	0.000125486	
2700	234	759	16.3731	14.5018	1026	11	9	483	4	57	348	5	0.195999	34807.3	0.000156152	
2300	100	742	24.7112	14.0209	942	13	8	472	7	71	336	5	0.065189	56477.1	0.000202593	
2300	100	743	23.377	15.8977	983	13	8	477	9	72	333	5	0.067426	52973.8	0.000207469	
2613	384	767	14.7447	13.5799	1021	11	8	488	10	80	349	6	0.309298	31793.3	0.000148104	
2544	115	750	21.3628	10.5611	1011	13	7	466	10	65	331	5	0.090296	63503.9	0.000159337	
2300	100	748	25	10	1004	11	8	473	5	67	339	5	0.065174	81966.2	0.000186393	
2300	100	735	24.973	15.8237	913	12	6	479	8	73	335	5	0.064044	53004.2	0.000214823	
2618	434	769	13.7801	12.0102	1048	10	9	481	6	71	350	5	0.358262	33723	0.000135575	
2337	167	728	22.7137	15.8842	949	16	9	467	5	72	339	5	0.104485	39863.5	0.00019802	
2315	148	728	21.9676	15.7855	933	16	4	481	9	80	347	4	0.094847	42749.2	0.000196464	
2659	247	770	14.8733	10	1048	11	7	487	0	73	350	4	0.215211	43187.6	0.00012536	
2596	131	732	21.0341	10.753	977	16	8	482	5	54	348	5	0.10067	59697.3	0.000153351	
2484	116	747	22.303	14.9586	1010	11	8	486	6	55	347	5	0.085777	48830.1	0.000182149	
2667	500	772	13.872	12.2766	1039	14	10	484	11	74	347	5	0.416265	32797.4	0.000136874	
2340	100	744	23.9229	15.071	962	11	7	480	7	71	333	5	0.067887	54117.7	0.000202306	
2563	272	769	17.3926	14.5691	1010	11	8	474	14	61	348	5	0.20823	33315.2	0.000160514	
2696	483	771	16.2193	12.7036	1050	10	7	477	1	76	348	6	0.383869	32731.9	0.000140667	
2315	100	725	23.9285	10	1014	12	8	467	0	63	341	4	0.065279	80077.6	0.000184911	
2363	100	736	25	13.4548	1008	10	8	486	9	67	350	5	0.066331	60247.7	0.000195771	
2379	100	746	23.8476	10.0259	1016	12	7	470	7	75	342	4	0.070015	77218.4	0.000178221	
2300	185	741	24.9483	16	931	16	10	475	4	47	314	5	0.109877	38968.6	0.000216779	
2300	100	761	25	10.9999	948	13	6	487	6	64	343	5	0.066307	70951.4	0.000188822	
2689	236	765	15.3238	12.7312	1019	14	10	489	6	80	350	5	0.205294	36827.6	0.000141443	
2375	105	742	24.8599	15.1357	985	13	7	485	7	64	345	5	0.069968	53383.5	0.000199681	
2300	185	741	24.9483	16	931	15	10	475	4	47	314	5	0.109877	39000.1	0.000216123	
2436	104	758	23.1422	10.7066	990	15	7	479	8	78	344	5	0.076618	67769.8	0.000172622	
2325	116	758	21.5429	11.8261	1038	15	9	479	8	60	343	4	0.082707	59569.3	0.000170271	
2593	273	770	14.6041	12.0801	1023	10	8	485	12	70	344	6	0.230465	36540.4	0.000139063	
2565	257	764	13.9406	11.2426	1044	10	9	477	6	80	350	5	0.221172	38609.8	0.000133458	
2652	166	745	16.1475	12.8423	956	10	7	487	10	76	328	6	0.146345	42210.6	0.000150534	
2419	198	741	23.0792	15.4613	932	13	9	468	3	67	332	5	0.127074	37437.8	0.000190658	
2629	376	771	15.4856	11.6389	1050	10	8	482	1	78	350	6	0.30036	35251.6	0.000134644	
2619	287	769	12.9637	10	1026	13	8	472	7	69	350	4	0.259415	40924.1	0.000125125	
2300	104	725	22.5296	16	905	16	8	472	4	60	349	5	0.069378	49508.3	0.000209468	
2548	131	756	16.6647	10.4028	1031	13	6	484	19	58	350	4	0.118048	54177.5	0.000143021	
2559	194	758	18.5815	10.1827	996	11	9	477	14	75	349	5	0.149619	50107.6	0.000136295	
2700	422	771	13.4798	10.817	1050	10	7	482	5	76	350	6	0.363314	36147.9	0.000127081	
2313	100	761	20.9626	10.4945	1050	16	8	468	14	67	349	4	0.074935	69463.4	0.000174886	
2682	493	754	13.3138	11.4963	1050	12	10	482	6	78	346	5	0.409686	34135.2	0.000132996	
2300	100	736	22.7083	11.4069	988	13	7	472	8	66	339	5	0.068359	65896.4	0.000185943	
2662	500	768	15.3238	12.7312	1029	12	10	490	4	80	350	5	0.399102	31882.8	0.000141103	
2677	310	740	14.6041	12.8789	1036	10	8	485	6	70	349	6	0.253803	34157.8	0.000143988	
2325	103	755	20.5743	11.8261	1050	12	9	472	7	57	343	4	0.077488	61128.9	0.00017646	
2333	100	759	23.1164	15.1323	915	16	9	468	2	50	338	6	0.070648	51336.7	0.00020284	
2590	147	769	18.7475	12.9433	1044	11	7	478	10	67	350	5	0.122641	45614.3	0.000150173	
2598	147	770	17.2339	10.8959	1018	10	7	481	8	59	343	4	0.129867	50264.7	0.000139043	
2544	116	750	21.1328	10	1019	12	7	468	11	65	338	5	0.091456	66773.2	0.000155933	
2648	386	766	15.488	13.9928	1020	10	6	489	7	69	347	5	0.307749	31369.7	0.000151126	
2300	147	728	25	16	909	15	9	481	6	62	348	5	0.087705	43132.6	0.000212179	
2649	386	769	16.5415	15.8696	1044	14	6	478	0	72	350	6	0.301263	29599.4	0.00016518	
2417	100	754	23.2483	15.888	951	13	8	478	10	66	332	5	0.073285	51027.9	0.00020012	
2559	194	761	16.0676	10.1827	996	12	9	477	14	70	348	5	0.162355	46706.4	0.000132767	
2560	141	748	18.7604	12.8808	985	13	6	481	11	60	347	4	0.114192	46355.8	0.000156201	
2420	114	760	21.8963	10.9583	980	11	10	490	5	74	350	6	0.084645	61866.4	0.000164474	
2300	109	725	25	16	909	13	8	481	6	66	348	4	0.067734	50157.8	0.00021395	
2618	398	741	16.8466	16	1031	12	6	488	8	75	349	5	0.294381	29272.2	0.000170126	
2619	128	752	22.1052	10.4611	1023	13	6	474	4	79	344	5	0.099629	63680.1	0.000150015	
2310	100	743	22.7966	15.8842	926	11	10	472	7	57	346	5	0.068852	51220.1	0.000206954	
2679	154	757	16.3955	11.5868	1046	12	6	478	1	61	347	4	0.141325	46785.9	0.000138619	
2598	135	769	21.3671	10.8959	1012	13	7	481	7	58	343	4	0.107086	58106.4	0.000148346	
2619	322	775	12.9637	10	1050	10	9	467	6	66	350	4	0.286822	40021.9	0.000123778	
2449	100	772	20.0573	15.8842	926	14	9	469	12	57	350	4	0.084253	48952.8	0.00019279	
2478	100	775	23.9806	10.9661	1021	15	8	473	10	70	339	4	0.075876	68296.1	0.000174642	
2300	100	741	24.6009	10.0219	1022	11	8	475	5	64	339	5	0.065109	83359.1	0.000185908	
2402	100	745	23.9806	10.2086	1049	15	8	464	2	75	339	4	0.070205	77094.8	0.00017838	
2590	147	769	18.7475	10.0225	1044	11	7	485	10	67	350	5	0.122641	57372.5	0.000136426	
2440	104	746	25	10.6306	999	15	9	469	3	75	338	4	0.072153	71139	0.000177525	
2562	297	755	16.4034	14.2589	1050	12	10	480	7	78	345	4	0.226806	32677.9	0.000156274	
2611	280	775	12.9637	10.0417	987	13	8	465	7	70	348	4	0.255686	41234.4	0.000126199	
2639	184	760	14.7907	12.2458	1004	13	9	490	7	69	350	5	0.169405	41037.7	0.000139997	
2483	173	744	16.1475	12.8423	983	10	7	485	11	80	333	6	0.140628	41659.8	0.000153988	
2315	148	728	20.0012	15.7855	933	17	5	481	9	74	347	4	0.099606	41979.8	0.000192123	
2680	228	770	14.0771	10.8243	1007	14	9	472	7	69	346	6	0.210857	41562.1	0.00013031	
2613	144	747	16.1625	11.1289	1047	14	6	481	8	74	349	5	0.130802	49086.5	0.000140233	
2590	147	769	19.8884	10	1017	13	6	485	14	60	349	5	0.119013	60133.5	0.000138812	
2449	100	775	23.8756	10.2606	1023	12	6	472	6	78	339	4	0.074796	74437.1	0.00017343	
2385	209	745	19.4457	15.9166	935	10	9	460	0	80	340	5	0.14209	35004.6	0.000187126	
2450	100	740	23.9	15.8842	1022	15	8	467	5	73	349	5	0.071453	51743.1	0.0002	
2700	210	766	12.8802	10	1050	13	5	476	8	71	350	5	0.21248	45038.7	0.000123365	
2322	102	736	22.7299	10	976	12	6	487	2	66	334	5	0.070203	76139.2	0.000178731	
2345	100	754	22.7766	10.4976	990	13	7	466	9	52	342	6	0.071174	71624.1	0.000179308	
2681	409	775	16.8935	15.6678	1021	16	9	490	17	71	346	4	0.322137	29231.3	0.000163132	
2670	247	770	14.8733	10.542	1048	11	7	469	0	68	350	4	0.216076	41906.5	0.000127584	
2621	201	748	17.2828	12.9722	980	14	8	485	3	73	341	5	0.161285	39052.5	0.000150784	
2643	486	767	14.9889	13.2498	1046	13	9	490	6	77	346	5	0.38815	31250.1	0.000144592	
2625	378	772	14.0232	11.9036	1037	13	8	479	5	75	349	6	0.315169	34481.5	0.000135501	
2422	108	771	23.4444	10.3746	992	16	7	476	3	62	343	5	0.079079	70258.2	0.000168435	
2570	245	769	11.6259	10.6082	1050	10	8	483	5	77	350	6	0.245672	41317.1	0.000127894	
2302	100	725	24.9569	16	909	16	8	474	6	60	349	4	0.063242	51694	0.000217817	
2585	123	754	20.0501	10.1311	992	12	9	479	2	58	348	6	0.101362	61341.5	0.000149388	
2512	183	775	16.2032	10.1827	1020	15	8	481	16	78	348	6	0.154628	48365.5	0.000133103	
2691	468	765	15.8691	12.745	1044	11	9	490	9	65	346	5	0.371556	32455.3	0.000141683	
2300	100	742	23.835	10	1049	11	7	485	4	77	344	5	0.066795	83567.6	0.000182615	
2300	183	753	23.1104	16	909	16	9	477	4	43	350	5	0.113993	37792.9	0.000208247	
2667	500	746	16.5701	16	1016	13	8	490	8	66	347	5	0.378735	28387.5	0.000169119	
2300	183	744	20.9354	16	911	14	9	468	3	47	322	4	0.117638	37475.3	0.000201816	
2472	115	746	24.3457	10.0018	1020	14	9	469	2	75	338	4	0.080605	73653.8	0.000165071	
2559	319	770	14.3445	13.6425	1030	15	7	476	0	79	345	5	0.261505	33231.5	0.000149499	
2638	307	775	15.7029	15.722	1050	12	8	473	7	80	349	5	0.251203	31037.4	0.000162602	
2576	419	768	13.0855	12.2766	1049	13	10	485	9	80	348	5	0.34999	33574.8	0.000138236	
2304	100	734	21.5332	14.5629	976	13	8	486	5	75	342	5	0.070911	53873.1	0.000196812	
2697	419	761	15.4222	15.6545	1043	16	9	487	2	76	348	5	0.336384	29340.7	0.000161734	
2435	362	730	20.0573	15.8842	927	14	9	472	7	56	350	4	0.234332	30617.8	0.000188537	
2700	343	775	13.6159	10.4374	1049	11	9	490	5	79	350	5	0.30224	37712.8	0.000125141	
2625	378	775	14.0232	11.9036	1037	13	8	479	5	75	349	6	0.316393	34473.8	0.000135227	
2700	116	774	19.0949	13.5839	1050	10	6	475	3	72	349	6	0.107921	49225.8	0.000160746	
2300	100	725	25	13.2945	909	12	8	474	6	60	348	4	0.06317	57801.3	0.000203542	
2625	148	755	18.1634	12.634	1041	14	7	472	9	80	336	6	0.125196	45733.4	0.000149365	
2582	131	762	18.7475	10	1043	12	8	487	10	68	350	5	0.111297	58961.3	0.000142045	
2678	499	767	14.5285	12.6266	1017	13	9	488	8	77	347	6	0.407416	32212.5	0.000140509	
2674	256	735	15.5526	11.9526	998	12	7	490	12	62	347	4	0.207503	37858.2	0.000141203	
2632	319	747	17.7009	14.6967	1039	12	9	480	8	56	350	4	0.238026	31995.7	0.000161368	
2619	308	775	12.9637	10.001	1050	13	8	466	7	70	350	4	0.276609	40450.2	0.000123993	
2402	100	745	23.8476	10.0259	1038	15	8	470	5	65	343	4	0.070753	78159.6	0.000177179	
2300	100	726	25	10.4551	928	13	8	486	4	80	341	6	0.063258	73278.3	0.000191975	
2574	228	773	12.8381	10.0346	1049	13	7	484	6	80	350	6	0.216808	43060.1	0.000125992	
2330	100	740	25	12.6397	1036	13	8	481	8	78	342	4	0.065532	64048.7	0.000193761	
2638	247	770	14.8583	10.542	1048	11	7	483	0	70	350	4	0.213552	41471.1	0.000128271	
2649	374	769	16.5415	13.6682	1050	15	6	485	0	79	350	6	0.292422	32071.3	0.000148456	
2618	398	743	16.8466	16	1028	12	7	488	8	75	349	5	0.295175	29201.8	0.000170068	
2402	100	746	24.8299	10.0018	1029	14	9	469	0	79	346	4	0.068626	79232.8	0.000179953	
2619	116	756	21.3656	10.4611	1023	13	6	474	4	79	344	5	0.094727	63758.1	0.000154727	
2416	116	773	18.6607	10.7542	1021	13	9	479	2	71	350	6	0.096691	57725.2	0.000155594	
2695	285	770	10.8067	10	1050	11	4	476	5	77	350	5	0.304654	42463.7	0.000121566	
2310	174	739	24.9181	15.8334	924	11	10	474	2	61	346	5	0.104072	40446.1	0.000206654	
2652	166	754	16.1475	12.8423	972	10	7	487	9	76	328	6	0.148113	42143	0.000149009	
2670	426	769	12.0555	10.6082	1050	10	8	483	5	77	350	6	0.383217	36672.5	0.000125865	
2700	386	757	13.0859	10.542	1042	11	9	487	13	71	350	4	0.334319	37017.3	0.000126904	
2681	100	740	24.8599	15.1357	985	13	7	484	7	70	349	6	0.077874	53458.7	0.000190259	
2356	100	729	25	15.8925	909	16	8	472	6	61	345	4	0.065458	51375.1	0.000212902	
2379	100	746	23.8476	10.8284	1016	15	7	470	7	75	342	4	0.070015	70686.7	0.000180865	
2322	103	751	24.2641	11.024	1033	13	9	472	15	80	343	4	0.068913	70579.4	0.000182916	
2700	479	772	12.9202	11.3776	1036	11	9	489	7	80	349	6	0.416666	34394.6	0.000130157	
2342	100	747	23.0439	12.9672	996	13	8	484	10	75	338	5	0.069863	59257.9	0.000189825	
2697	407	761	15.4222	15.6545	1050	16	9	487	12	76	350	5	0.327306	29401.6	0.000161238	
2315	148	728	24.7466	15.6682	933	15	5	481	9	73	344	4	0.089433	44122.7	0.00020517	
2435	368	772	20.0573	15.8842	927	14	9	469	12	57	350	4	0.251897	30520.1	0.00018315	
2315	118	728	21.9676	15.006	933	16	5	481	9	80	346	4	0.079033	48638.2	0.000193536	
2698	440	771	12.7946	11.1769	1038	11	6	480	8	76	349	5	0.386119	35538.4	0.000128899	
2433	114	744	22.4378	10	1048	11	8	472	7	60	344	4	0.082272	73394.1	0.000162522	
2300	100	734	23.923	14.5345	917	10	8	474	3	73	335	6	0.065558	54477.8	0.000204834	
2586	370	767	15.7501	14.1463	1029	11	5	472	10	80	348	6	0.287972	31626	0.000154107	
2318	100	734	25	10	1017	13	8	467	0	63	341	5	0.064582	82403.1	0.000186776	
2380	108	731	23.1147	13.0084	988	17	9	478	5	62	341	5	0.073957	56333.6	0.000185288	
2598	147	769	19.5353	10.8959	1018	13	7	481	7	59	343	4	0.120635	53567.4	0.00014245	
2300	101	739	25	10.7028	959	10	8	487	8	62	347	5	0.064906	73769.4	0.000189502	
2590	135	738	18.7475	10.0225	1044	11	8	485	5	67	350	5	0.110536	58892.9	0.000142633	
2541	115	745	23.1168	10.0018	1020	14	9	469	3	75	338	4	0.08552	70208.9	0.000159974	
2436	100	758	23.1422	10.1966	998	15	5	479	8	78	346	5	0.074384	74207.5	0.000174307	
2700	419	772	14.0385	13.8423	1036	11	8	489	6	77	344	5	0.354809	31309.6	0.000146585	
2323	100	734	25	10.0154	990	14	9	483	7	64	340	5	0.064756	80998.9	0.000187021	
2656	176	766	16.5039	11.0463	1006	12	10	483	20	56	350	5	0.155383	45846.7	0.000135208	
2700	500	772	12.9202	11.3776	1036	11	9	489	7	80	350	6	0.433758	34280.2	0.000130022	
2700	500	775	12.9202	11.3776	1036	11	9	489	7	76	350	4	0.435444	34285	0.0001295	
2337	167	740	16.1052	15.8842	953	15	9	467	5	69	339	5	0.127895	39116.4	0.000183587	
2657	422	771	13.2129	10.4609	1050	10	7	480	1	69	350	4	0.361112	37091.4	0.000125739	
2300	118	760	23.7118	14.8014	949	16	9	475	0	47	336	5	0.078051	48964.6	0.000198177	
2678	176	766	13.7802	10.8465	1006	12	10	483	20	56	350	5	0.177412	44972.4	0.000130839	
2402	120	757	22.3311	10.8025	1050	16	10	480	11	68	338	5	0.085805	65240.4	0.000162973	
2601	376	754	17.3329	16	1020	13	9	482	9	72	342	5	0.279344	29492.9	0.000171028	
2691	500	775	13.1527	12.766	1039	13	7	483	5	78	346	5	0.430323	32454.2	0.000138504	
2674	417	738	15.5921	15.8043	1046	10	7	478	6	80	345	5	0.320888	29291.8	0.000166362	
2454	119	746	23.1531	10	1003	14	8	471	9	80	344	5	0.084432	70178.6	0.000161134	
2700	210	771	11.2324	10.3284	1050	12	5	473	8	71	350	5	0.240906	44857.5	0.000123274	
2611	184	771	18.5075	11.3852	936	10	9	483	3	78	346	4	0.14889	45105.8	0.000141583	
2325	103	755	20.5743	11.8261	1041	12	9	472	7	57	343	4	0.077488	60800.6	0.000176585	
2300	136	725	25	16	909	15	8	473	7	62	350	4	0.081611	44493.2	0.00021254	
2300	100	725	25	15.8842	927	16	9	472	7	56	348	4	0.06317	51902.5	0.000217202	
2375	140	736	19.7211	10.8993	993	12	8	483	6	71	341	6	0.100249	56129	0.00015586	
2667	287	775	16.1307	11.497	1043	13	10	484	7	65	348	5	0.236073	38064.4	0.000134246	
2356	100	736	25	15.8925	909	14	8	473	6	61	345	4	0.066086	51533.3	0.000211551	
2700	468	775	12.797	10.2254	1050	13	6	476	9	76	346	5	0.410872	37688.1	0.000124116	
2617	486	767	14.9889	13.2498	1046	13	9	490	6	77	347	5	0.384871	31311	0.000145096	
2494	311	741	17.0873	14.6595	1050	11	9	468	12	80	350	5	0.22238	32327.3	0.000163773	
2325	103	751	21.2114	10.0259	1047	13	8	472	11	66	345	4	0.075489	73179.3	0.000171821	
2558	131	774	24.7204	12.6123	1048	10	9	483	14	70	341	4	0.096088	55161.3	0.000162549	
2619	345	773	12.9637	10	1050	13	8	472	7	70	350	4	0.302988	39513.9	0.000124239	
2497	178	744	16.1475	12.8423	972	10	7	485	9	80	333	6	0.144478	41020.8	0.000153775	
2537	133	769	17.1395	12.0132	1050	10	9	484	4	80	350	5	0.118407	48446.5	0.00014782	
2605	184	756	14.7757	12.2458	1026	12	9	489	7	63	350	5	0.166297	41332.7	0.000140905	
2325	103	755	21.5814	11.8261	1050	12	9	472	7	57	343	4	0.074821	62946.2	0.00017854	
2665	277	747	13.5876	10.6189	1006	11	8	487	9	70	348	6	0.241981	39564.5	0.000130685	
2550	117	762	20.5887	10.5242	1050	12	8	471	14	65	342	4	0.095531	61945	0.000154059	
2657	207	763	15.5061	11.4172	1047	11	7	487	0	72	350	6	0.181544	41566.5	0.000133815	
2310	100	739	24.9181	15.8842	926	11	10	474	2	61	346	5	0.064747	52387.2	0.000213083	
2649	343	769	16.5415	15.8696	1046	14	6	490	3	72	350	5	0.269853	30101.6	0.000164231	
2383	100	736	25	14.2231	996	10	8	487	3	65	350	5	0.06703	57219.4	0.000197941	
2643	203	760	18.0349	12.4007	1045	12	7	480	17	70	350	5	0.162809	40985	0.000143369	
2484	166	754	16.1475	12.8423	972	10	7	487	9	68	332	6	0.13832	42501.6	0.000153492	
2700	287	775	12.0464	10.542	1048	11	9	482	3	80	350	4	0.282816	39272.7	0.000124394	
2653	201	750	17.2828	12.9722	980	14	8	485	3	74	341	5	0.163729	39111.9	0.000149768	
2664	263	732	14.6871	11.9788	1035	12	9	467	18	80	343	5	0.217486	37163.4	0.00014041	
2628	319	770	14.3445	12.0885	1023	15	8	476	9	79	345	5	0.268031	35268.2	0.000137988	
2700	343	775	10.8067	10	1050	13	6	480	7	71	350	5	0.351735	40858.9	0.000121197	
2300	100	742	23.835	10	1023	11	6	485	4	64	344	5	0.066795	83388.9	0.000182849	
2689	249	765	15.3238	12.7312	1019	14	10	489	6	71	350	5	0.214278	36290	0.000141683	
2460	120	763	21.6734	10.4873	1050	10	10	490	5	75	350	5	0.090655	65268.3	0.000156128	
2379	167	743	20.8645	15.8842	984	15	9	477	4	69	338	5	0.113243	39405.7	0.000187582	
2700	151	758	15.8125	10.1713	1046	12	7	478	12	60	344	5	0.143791	51626.8	0.000132398	
2625	145	755	18.1634	12.634	1041	14	7	472	9	79	336	6	0.123333	46129.9	0.000149858	
2502	100	755	19.3794	12.0992	1019	13	6	481	5	63	343	6	0.086755	56676.2	0.000173461	
2300	100	736	23.4238	11.6108	929	12	8	483	8	73	333	5	0.066789	63879.8	0.000190042	
2693	319	772	14.4759	13.5228	1042	11	7	488	7	79	347	5	0.273498	33014.6	0.000144404	
2315	100	742	21.8232	10	992	12	8	467	0	63	339	4	0.071051	73023.3	0.000177904	
2314	100	736	25	15.7425	939	12	9	470	7	68	348	6	0.064618	52803.8	0.000212134	
2374	100	759	20.7239	13.4067	973	15	9	465	19	69	350	4	0.077661	53984.3	0.000184468	
2356	100	755	25	11.5585	922	11	9	471	5	62	345	4	0.067792	64353	0.000188147	
2355	174	749	22.7137	15.8842	953	11	6	467	5	80	349	5	0.11235	39291.5	0.000193199	
2584	144	749	15.6708	11.1289	1047	11	6	481	8	74	342	5	0.132505	48591.5	0.000140885	
2417	103	740	23.4444	10	971	11	10	483	8	64	336	6	0.072999	74778.1	0.000175009	
2667	287	774	14.6984	11.497	1039	13	10	484	7	65	348	5	0.246571	37383.8	0.000133032	
2638	226	758	14.8186	12.798	1022	11	7	481	12	78	347	6	0.196716	37333.3	0.000143534	
2300	100	725	25	15.8842	927	15	9	470	7	56	348	4	0.06317	51941.3	0.000216967	
2401	100	755	23.7601	10	1050	15	9	469	16	64	347	5	0.07167	79007.8	0.000175871	
2548	116	753	20.9311	10	1050	12	8	468	16	65	344	4	0.09257	66669.5	0.000154464	
2402	104	757	24.8602	10.0018	1050	11	9	470	3	70	338	4	0.07183	80399.1	0.000175223	
2657	424	740	16.5701	16	1016	13	8	490	4	66	348	5	0.318068	28917.6	0.000170039	
2630	381	729	16.8466	14.9684	1035	11	7	482	8	76	349	5	0.278947	30330.1	0.000163452	
2700	100	730	23.2226	12.5334	909	17	8	478	6	64	346	4	0.081086	59338.2	0.000179759	
2309	102	742	23.9229	10	1025	11	7	487	8	74	345	5	0.067636	81562	0.000181554	
2625	336	775	13.8664	11.0194	1047	13	8	475	9	75	349	6	0.286658	36991	0.000130073	
2325	103	757	20.5743	11.8261	1038	15	9	472	7	60	343	4	0.077693	60436.2	0.000176523	
2699	419	775	12.2565	10.2265	1050	11	6	480	3	76	348	4	0.380528	37801.9	0.000123213	
2576	152	762	17.4564	11.3383	962	12	8	478	17	63	338	5	0.129881	47954.2	0.000143781	
2627	324	756	15.6855	13.3974	1041	11	7	468	3	75	346	5	0.255942	33315	0.000148588	
2700	449	772	12.9202	11.3776	1036	11	10	489	7	80	349	6	0.392557	34575.1	0.000130174	
2518	281	759	16.499	14.9586	1050	11	9	473	10	71	348	6	0.213012	32741	0.000162681	
2300	113	725	20.6069	16	900	15	8	473	14	66	348	4	0.078604	46905.4	0.000201613	
2618	404	769	13.7801	12.0102	1048	10	9	481	6	71	350	5	0.335466	33995.8	0.000135575	
2325	103	751	23.0168	10.0259	1033	13	9	472	15	80	343	4	0.071738	75768.6	0.000175593	
2353	100	725	24.6632	15.9909	927	16	9	472	8	60	343	4	0.065534	51274.9	0.000212675	
2640	463	734	17.1129	15.6474	1046	11	8	487	9	79	345	5	0.338475	28817.6	0.000167448	
2323	100	734	24.0423	10.0154	990	13	9	475	5	64	336	5	0.066366	78522.1	0.000184128	
2609	230	767	14.1822	10	1028	13	9	479	6	72	350	5	0.20465	43468.7	0.000126791	
2393	114	731	19.8643	14.986	1030	16	9	482	5	54	340	5	0.085676	48176.8	0.000185632	
2300	109	741	22.519	15.9777	927	12	9	468	7	46	344	4	0.07352	48050.6	0.000205761	
2322	104	773	21.7003	11.4476	1016	15	9	469	19	71	339	5	0.077035	62691.1	0.000174978	
2327	100	744	24.9181	15.4095	926	11	10	474	2	57	346	5	0.065786	52896.9	0.000208812	
2301	148	728	24.7466	15.7855	933	17	7	481	7	73	347	4	0.088818	43842	0.000207254	
2342	145	734	20.537	15.4165	959	13	8	482	8	73	328	5	0.09848	42874.2	0.000188041	
2605	184	761	18.4309	12.2458	1025	13	9	490	7	70	350	5	0.147233	42814.3	0.00014455	
2439	166	754	16.1475	12.3949	972	12	7	482	8	68	333	6	0.135697	43515.2	0.000152323	
2449	116	745	25	15.5968	927	13	9	472	7	56	348	5	0.079009	47845.4	0.000197355	
2582	191	744	16.1475	12.8423	983	10	6	485	11	80	333	6	0.157692	39922	0.000150625	
2322	102	773	23.2582	11.4476	991	15	8	468	17	73	342	5	0.072621	64646.2	0.000179986	
2564	127	767	19.8884	10	1017	13	7	481	14	61	345	5	0.105183	62103.7	0.000145773	
2697	424	761	15.4222	15.6545	1043	16	9	487	19	76	350	5	0.340184	29235.9	0.000161525	
2446	166	754	16.1475	12.3949	972	12	8	487	9	68	339	6	0.136105	43476.6	0.000151309	
2412	100	741	23.1164	15.4613	932	16	9	472	3	64	341	6	0.071844	51145.6	0.000200682	
2665	151	758	20.8769	10.1713	1046	12	7	472	12	80	344	5	0.120441	60140.6	0.000138332	
2667	485	770	14.6984	11.8573	1048	11	10	484	6	65	348	5	0.394147	33806.4	0.000134825	
2315	100	741	25	10.4948	927	16	9	472	7	56	348	4	0.065092	71313.6	0.000189502	
2655	482	767	12.2843	11.2625	1050	10	9	481	7	73	350	5	0.420209	35040	0.000129668	
2484	116	762	19.6785	14.9586	1013	11	6	487	7	51	347	6	0.094971	47474.3	0.000176835	
2379	115	774	22.0149	10.9044	1010	14	9	479	7	68	341	6	0.085055	63310.6	0.000164096	
2593	232	772	19.4251	15.8989	1014	11	9	472	14	77	350	4	0.175481	33373.5	0.000171262	
2670	119	745	21.1328	10	1050	15	4	468	14	73	339	5	0.097851	69906.4	0.00015108	
2653	125	749	18.4291	10.0617	1047	11	6	481	8	78	342	5	0.110848	58770.2	0.000144217	
2379	147	742	19.1054	13.0197	978	17	8	482	8	69	345	5	0.106787	46273.5	0.000164339	
2610	277	770	13.8732	11.904	1050	10	8	479	12	68	341	6	0.241249	36926.4	0.000136687	
2620	349	741	14.0385	13.8423	1036	11	8	489	7	80	347	5	0.28143	32221.3	0.000151172	
2345	100	748	22.7766	10.4976	990	13	7	466	9	52	342	6	0.070607	71761.8	0.00018005	
2693	319	772	14.1506	13.5228	1046	11	7	488	7	79	347	5	0.27698	33080.6	0.000143988	
2433	114	742	22.4378	10	1048	15	8	472	7	60	340	4	0.082051	73128.5	0.000163372	
2617	286	767	16.2884	13.9007	1032	13	10	490	6	80	347	4	0.228123	33231.9	0.00015124	
2462	133	735	22.6051	15.7372	959	14	7	482	8	73	333	5	0.09242	44136.1	0.000188395	
2670	305	770	14.8733	10.542	1005	11	7	469	9	68	350	4	0.257096	39900.7	0.000128766	
2382	105	746	24.8599	12.8113	997	11	7	487	9	65	349	5	0.0706	61066.7	0.000187336	
2698	163	758	14.7703	12.845	1046	13	9	474	12	68	350	4	0.158901	42460.2	0.000142389	
2648	386	768	15.488	14.3721	1020	10	7	489	7	80	347	6	0.308553	30848.2	0.00015361	
2700	397	772	12.338	10	1050	11	6	480	9	67	349	6	0.360399	38915.9	0.000122549	
2581	222	772	19.4251	16	1014	11	8	473	0	77	350	4	0.16811	33870.8	0.000172473	
2619	128	752	20.5624	10.4611	1023	13	7	474	2	79	344	5	0.103829	59849.4	0.000147732	
2659	422	762	13.4798	11.0294	1005	12	7	482	1	78	349	5	0.354279	35915.2	0.000131148	
2353	102	731	23.4505	10.0759	1005	12	9	476	9	65	348	5	0.069268	76503.2	0.000179211	
2590	131	769	18.7475	10.0225	1050	11	8	485	10	68	350	5	0.112705	58801.4	0.000141084	
2416	116	773	19.2439	10.955	971	13	9	479	2	75	350	6	0.094441	56617.5	0.000157978	
2309	100	737	24.3184	10	1023	11	8	477	5	64	339	5	0.065607	83009.6	0.000184775	
2370	102	749	23.2048	10	1050	12	6	489	6	66	343	5	0.072151	80872.5	0.000175162	
2323	100	742	24.6037	10	1036	12	8	488	5	73	337	5	0.066011	83622	0.0001844	
2416	105	761	20.8997	10.624	924	14	8	477	13	61	341	5	0.081766	62475.4	0.000169434	
2383	100	746	24.8602	10	1027	14	8	471	5	72	338	4	0.067951	80237.8	0.000181192	
2690	310	740	14.308	12.0801	1050	10	9	485	12	70	348	6	0.257593	35425.4	0.000137988	
2700	389	757	13.6605	10.542	1042	11	9	487	13	71	350	4	0.329477	37050.9	0.00012734	
2340	143	744	23.9229	15.1869	929	11	7	479	7	71	333	5	0.090935	44788.1	0.000195351	
2337	115	758	23.1168	10.0018	1020	14	9	473	2	80	338	4	0.07882	72706.4	0.000167504	
2562	229	764	17.8158	11.2426	1047	10	9	478	7	80	350	4	0.176551	42417.8	0.000137855	
2484	123	747	22.303	14.849	1010	11	8	486	6	55	338	5	0.089752	47797.6	0.000180148	
2391	184	741	23.5848	15.4613	932	16	9	468	3	64	332	6	0.11693	38837.3	0.000194553	
2676	316	769	10.8215	10	1050	11	6	480	7	72	348	5	0.325641	41175.4	0.000122384	
2700	371	770	13.7503	10.9547	1013	11	9	486	0	80	350	4	0.319957	36271.5	0.000128966	
2550	100	725	25	14.3028	909	12	8	474	6	77	348	4	0.071777	54330.9	0.000194742	
2700	234	774	16.3577	10.542	1029	11	8	489	17	72	350	5	0.199868	43142.2	0.000128833	
2385	209	745	19.4457	16	935	10	10	460	0	80	340	5	0.14209	34902.1	0.000187793	
2700	380	770	13.7503	10.542	1010	11	9	486	0	80	350	4	0.326795	37141.1	0.000126984	
2337	167	740	22.7137	15.8842	953	15	9	467	5	69	339	5	0.106208	39924.6	0.000196194	
2583	114	731	19.7871	11.6894	1020	16	9	478	5	54	340	5	0.093538	55759.5	0.000163506	
2661	398	743	18.3764	16	1023	10	7	490	8	77	338	5	0.291213	29214	0.000171262	
2698	397	771	12.338	10	1050	11	6	480	9	71	349	6	0.359696	38775	0.000122654	
2693	319	772	15.3174	15.8123	1046	11	7	488	7	79	347	5	0.266595	30681.1	0.000161238	
2300	109	769	25	16	909	15	8	481	6	62	348	4	0.071845	49951.9	0.000208333	
2309	100	737	24.3184	10	1023	11	8	477	5	64	339	5	0.065607	83009.6	0.000184775	
2665	305	775	13.774	12.6688	1043	15	10	487	7	80	336	5	0.269284	34648.4	0.000140311	
2446	141	752	17.1883	12.7395	947	12	7	475	9	77	333	6	0.115925	45575.6	0.000158153	
2606	313	760	12.4853	10	1044	12	6	478	12	76	350	4	0.280252	40054.6	0.000125565	
2363	104	734	23.0586	11.7803	1005	16	8	471	7	65	344	4	0.07151	62817.5	0.000182315	
2417	108	769	23.4444	10.6649	986	16	10	478	3	65	343	5	0.078679	67317.8	0.000169895	
2320	100	736	23.4238	15.8237	913	12	8	483	8	73	333	5	0.067507	51821.3	0.000208855	
2373	100	761	23.9806	10	1050	15	8	464	18	68	339	4	0.070648	79406.3	0.000177211	
2344	100	735	23.2548	15.8237	970	12	8	483	8	73	333	5	0.068806	52315.1	0.000205044	
2633	228	765	16.8406	13.7147	1041	13	6	488	6	79	335	6	0.186131	36209.2	0.0001514	
2385	100	742	23.4244	10	1023	13	6	482	4	64	344	5	0.070411	79064.1	0.000177968	
2301	145	734	20.537	15.4165	959	13	8	482	8	74	328	5	0.096563	43387.2	0.000190476	
2615	319	772	14.0791	11.3204	1046	11	7	490	10	80	350	5	0.270212	36441.4	0.000132188	
2700	363	745	13.5921	11.3892	1035	11	9	485	8	73	345	6	0.305798	35709.3	0.000133761	
2557	106	751	16.8362	12.6831	1050	13	8	489	7	70	346	5	0.102216	51680	0.000166861	
2562	263	763	13.9406	11.2426	1044	10	9	477	7	80	350	5	0.224703	38372.8	0.000133636	
2700	210	764	11.2324	10	1050	12	5	476	8	71	350	5	0.238719	45523.6	0.000122369	
2665	483	772	13.0855	12.2766	1049	13	5	485	9	80	350	5	0.412994	33241.3	0.00013541	
2617	296	757	15.9024	13.9007	1042	10	9	490	6	76	349	5	0.234621	33049.5	0.000151286	
2617	100	745	20.7239	13.3634	1027	10	9	465	19	69	350	4	0.085582	53790.7	0.000178444	
2690	499	767	14.8933	13.6236	1017	13	9	477	8	77	347	6	0.405166	31081.6	0.000147754	
2345	100	744	25	15.071	1012	11	7	481	8	71	329	5	0.066416	55860.1	0.000203666	
2300	100	740	24.5166	14.5345	917	11	8	474	8	73	334	6	0.065026	54943.2	0.000205931	
2624	376	731	17.5619	15.5284	1033	13	9	490	3	80	350	5	0.271666	29748.5	0.000168095	
2697	446	760	19.788	16	1050	11	9	487	16	79	350	5	0.330807	28854.5	0.000168265	
2443	114	734	21.96	10.4873	950	10	9	490	8	76	325	6	0.082661	64564.6	0.000166667	
2601	376	731	17.3329	15.5284	1020	13	9	489	4	76	346	5	0.270823	29840.2	0.000169434	
2300	100	739	25	15.8842	927	16	9	472	7	56	348	4	0.06439	51956.9	0.000215146	
2373	102	773	23.2582	11.4476	991	15	8	468	17	73	342	5	0.074575	63932.9	0.000177525	
2700	468	770	12.9274	10	1048	11	6	480	8	73	350	5	0.406734	38117.4	0.00012288	
2419	198	741	23.0792	15.4613	932	13	9	468	3	67	324	4	0.127074	37391.3	0.000191022	
2391	118	742	23.1531	10	959	10	6	471	10	75	350	5	0.080909	70750.9	0.000165344	
2619	287	769	12.9637	10	1050	13	8	472	7	69	350	4	0.259415	40968.7	0.000124595	
2681	409	775	16.6418	15.2972	1021	13	9	490	17	71	345	4	0.323589	29552.6	0.000159949	
2661	408	743	16.1155	15.2638	1035	10	7	488	4	79	334	5	0.310904	29736.5	0.000163185	
2638	391	759	15.1187	13.2414	1038	11	9	490	4	80	341	4	0.310346	31970.4	0.000146092	
2300	100	736	22.7083	11.4069	988	14	7	472	8	66	339	5	0.068359	65738.3	0.000185977	
2660	415	729	18.04	16	992	13	7	487	9	80	347	5	0.298985	29070.6	0.000173521	
2617	500	768	16.2884	13.9007	1032	13	8	490	6	80	348	4	0.385871	30447.2	0.000151035	
2585	123	754	20.7748	10.1311	992	12	9	479	3	60	348	6	0.099004	62931.6	0.000150444	
2700	373	738	16.1904	16	1050	10	8	478	8	80	341	5	0.287596	29524.4	0.00016787	
2604	150	771	17.4944	10	1050	13	9	483	16	68	343	4	0.131048	54032.6	0.000134517	
2443	100	737	22.5792	13.4228	911	15	9	472	12	69	344	4	0.07368	54399.1	0.000189107	
2618	455	744	17.2949	16	984	14	9	485	9	67	340	4	0.33401	28695.3	0.00017325	
2512	100	755	21.2802	13.2355	1019	13	6	477	5	69	344	6	0.081502	55396.3	0.000179662	
2315	100	734	25	10	1022	12	8	467	0	63	344	4	0.064477	82492	0.000186672	
2300	105	733	23.4505	10	1005	12	6	476	9	63	346	5	0.069085	79330.6	0.000179437	
2432	100	738	25	11.2384	953	15	7	489	0	67	342	6	0.068929	68337.1	0.000184843	
2312	100	736	23.9285	10	1014	12	8	467	0	63	341	4	0.066162	79710.6	0.000183655	
2697	424	757	16.2008	15.5219	1043	16	9	487	19	76	347	5	0.332631	29217.8	0.000161917	
2432	147	734	18.7544	10.0831	1026	15	8	485	7	75	348	4	0.109308	58046.5	0.000145985	
2355	100	748	25	10.0259	946	11	6	477	4	75	344	4	0.067128	77121.8	0.000183318	
2605	407	773	18.3283	15.6545	1046	11	8	480	4	76	346	4	0.303809	29487.5	0.0001657	
2420	114	764	21.8963	10.9583	1004	10	10	487	5	74	350	6	0.085091	62581.6	0.000163747	
2315	148	728	24.7466	15.7855	933	17	5	481	9	73	347	4	0.089433	43895.3	0.000206058	
2544	203	758	16.7907	12.4007	1029	12	7	480	17	70	350	5	0.162229	40375.4	0.000145075	
2646	500	762	14.811	13.9594	1050	13	9	490	6	75	347	5	0.398417	30376.2	0.000149522	
2700	151	757	16.6407	10	1041	13	7	477	5	75	345	5	0.138693	53048.6	0.000132188	
2300	136	733	25	16	909	15	8	473	8	69	350	4	0.082512	44679.9	0.000210659	
2602	131	763	15.6201	10.625	1015	13	5	482	20	63	348	5	0.127794	51967.2	0.000141543	
2379	167	743	20.3732	15.8842	984	15	9	462	2	69	333	5	0.114355	39038.5	0.000187441	
2682	493	769	12.2132	10.9104	1050	11	9	484	10	66	349	5	0.435418	35845.4	0.000127421	
2557	305	746	15.7915	14.4901	1041	10	9	489	5	74	350	5	0.232841	32319.3	0.000158128	
2693	319	772	16.5187	15.7726	1035	11	8	488	7	79	347	5	0.258298	30568.3	0.000162602	
2485	112	730	19.8799	10	1023	12	8	480	6	69	330	4	0.08825	64907.2	0.000160643	
2538	110	760	21.2802	10.0766	1013	13	9	472	9	61	343	5	0.088899	66812.1	0.000159008	
2643	422	767	15.1266	13.9007	1049	13	8	490	6	76	344	5	0.337412	30970.9	0.000149231	
2449	146	737	21.9844	13.6516	959	10	10	490	9	73	336	6	0.101104	46269.8	0.000172236	
2617	377	767	16.7582	13.9007	1016	14	9	488	4	74	350	4	0.28924	31522.1	0.000152416	
2664	263	735	14.6871	11.3538	1035	12	9	467	10	79	345	6	0.218378	38639.6	0.000136351	
2622	214	755	13.5628	10.7645	997	12	8	488	8	74	348	6	0.198018	41942.2	0.000131804	
2300	100	725	24.8061	15.986	900	12	8	469	6	60	350	4	0.063184	51771.4	0.000217297	
2459	100	739	24.743	14.5629	971	13	8	486	5	80	336	5	0.070534	54632.1	0.000195465	
2550	117	762	20.5887	10.3886	1050	12	8	471	14	65	336	4	0.095531	62894.1	0.000153917	
2691	468	769	15.8691	12.745	1050	11	9	490	10	65	346	5	0.373499	32446.3	0.000141103	
2384	167	740	22.7137	15.8842	953	15	9	467	5	70	347	5	0.108542	39486.3	0.000193013	
2355	100	748	25	10.2048	922	11	6	479	4	75	344	4	0.067128	74367.8	0.000184298	
2681	327	768	17.3084	13.954	1036	11	9	489	7	80	349	6	0.256803	32350.2	0.000150943	
2300	100	763	24.5166	12.8903	917	14	8	474	6	73	345	6	0.067047	59097.1	0.000194932	
2544	194	775	14.7207	10.1827	1050	12	8	483	11	72	349	5	0.173554	46087.6	0.000129066	
2680	186	770	14.2767	10.8243	1007	14	9	474	5	69	346	6	0.18014	44373.1	0.000130668	
2574	184	765	16.8362	12.6831	1050	13	7	489	8	70	346	6	0.153494	41376.4	0.000145264	
2625	100	734	24.743	14.5629	971	13	8	486	5	80	343	5	0.075874	54127.7	0.000189717	
2698	500	774	13.1527	11.385	1039	13	9	484	11	80	346	6	0.430717	34359	0.000130719	
2700	485	775	10.8067	10.0178	1050	11	7	480	5	67	350	5	0.466638	39072.6	0.00012108	
2311	135	760	20.7075	12.529	1023	11	6	485	3	75	344	5	0.094375	53321.5	0.000166141	
2315	148	728	22.2916	15.7855	916	17	6	481	9	73	347	4	0.093779	42388.4	0.000198649	
2666	407	773	14.9303	15.3032	1046	11	7	488	17	76	343	5	0.332639	29913.8	0.000157903	
2665	422	762	13.4798	11.0294	1050	12	8	482	1	78	350	5	0.354981	35574.1	0.000129634	
2333	100	759	22.0345	15.1323	914	16	9	468	2	50	335	6	0.072826	50803.2	0.000200723	
2401	126	755	25	15.5753	986	15	9	469	8	66	334	4	0.083742	47083.9	0.000194818	
2485	137	730	19.8799	10.2297	998	17	9	478	6	70	330	4	0.10229	59388.3	0.000151607	
2363	100	737	22.5792	13.4228	911	15	9	472	14	69	345	4	0.070757	54748.4	0.000192308	
2353	100	725	25	15.9909	938	17	9	472	7	60	344	4	0.064995	51532.8	0.000213311	
2700	445	775	10.0804	10	1050	11	6	480	7	73	350	5	0.457485	40533.5	0.000120685	
2326	100	742	24.7112	16	942	12	7	477	8	71	336	5	0.06611	52457.4	0.000210881	
2534	166	767	16.7843	12.8423	1038	10	7	487	7	68	332	5	0.140098	43083.3	0.000149209	
2682	493	766	14.9477	11.8178	1050	12	9	482	7	77	346	5	0.398075	33626.4	0.000134971	
2465	155	758	16.0436	14.164	1049	11	9	479	6	80	350	5	0.131862	42276.4	0.000158028	
2558	150	771	17.4944	10	1050	13	9	483	16	68	343	4	0.128566	54444.5	0.000135759	
2568	140	751	20.3755	12.0609	1005	12	9	471	2	72	341	4	0.109167	49784.9	0.000153163	
2602	110	736	22.0047	15.8842	938	12	9	482	7	66	346	5	0.086888	47123.3	0.000188253	
2640	463	734	17.1129	15.6474	1046	12	8	487	11	79	350	5	0.338475	28821.9	0.000167196	
2489	133	759	17.9396	11.7057	960	11	8	485	8	59	350	5	0.111047	49632.8	0.000151906	
2639	184	761	16.2908	12.2458	1026	13	9	490	7	69	350	5	0.159763	41407.1	0.000140964	
2625	378	771	14.0232	11.9036	1037	13	8	467	3	75	349	6	0.31476	34744.5	0.000135704	
2613	424	767	17.0267	13.9007	1046	13	8	490	5	76	350	5	0.321963	31156.4	0.000151469	
2300	100	743	23.835	10	1023	13	6	482	4	64	348	5	0.066885	82566	0.000182582	
2673	248	738	16.2915	14.5691	1018	11	9	474	13	61	350	5	0.198552	33999.8	0.000159515	
2601	301	757	15.3197	13.9124	1013	13	8	489	6	71	349	5	0.240603	33027.4	0.000152765	
2342	114	747	24.051	15.888	996	13	8	477	10	75	338	5	0.075687	49591.7	0.000199521	
2693	131	753	16.0014	10	1050	13	8	468	6	74	339	5	0.129109	54216.5	0.000138179	
2327	102	736	20.977	10	1031	11	7	487	8	74	345	5	0.074053	73595.5	0.000174734	
2356	100	725	25	12.1036	909	13	9	472	6	61	345	4	0.065099	61561.9	0.00019478	
2605	184	761	14.7757	12.2458	1026	13	9	490	7	70	350	5	0.167397	41181	0.000140193	
2574	228	773	14.6053	10.0346	1035	13	7	479	6	80	350	6	0.199063	43827.1	0.000127681	
2638	285	732	14.8074	11.3538	1034	13	9	472	10	78	339	6	0.228829	37817.3	0.000138274	
2300	100	748	23.5353	10	1006	11	8	470	5	68	341	5	0.067873	78366.8	0.000181324	
2700	175	774	16.3577	10.542	1029	11	8	489	-0	72	350	5	0.159657	47345.9	0.000129249	
2661	408	743	18.3085	16	1033	10	7	488	8	77	334	5	0.298379	29130.7	0.000171028	
2578	110	736	22.0047	15.8842	938	15	9	482	7	66	343	5	0.085952	47182.1	0.000189322	
2563	245	771	18.7273	14.1552	1046	11	7	468	6	80	339	4	0.184962	35239.9	0.000157803	
2619	317	775	14.5009	11.0233	1050	13	9	479	6	75	344	6	0.266119	37475.3	0.000131527	
2688	450	771	16.7212	13.5839	1050	10	7	477	11	76	350	6	0.354103	31506.7	0.000147145	
2650	175	772	15.6515	10	1046	12	8	473	12	50	344	5	0.160563	49975.2	0.000129032	
2567	228	774	14.6053	10.0346	1035	12	7	479	6	80	350	6	0.198789	43772.6	0.00012773	
2625	386	768	15.488	14.3721	1025	10	8	489	7	80	339	6	0.306138	30840.2	0.00015456	
2633	387	729	15.9295	14.6771	1045	11	7	481	6	74	341	6	0.288741	30616.8	0.000160565	
2325	103	758	23.0168	10.0259	1050	15	9	472	14	77	347	4	0.072407	76542.6	0.000174398	
2678	176	766	13.7802	10.8465	1050	12	10	480	7	56	350	5	0.177412	45117.8	0.000129618	
2516	128	745	21.3656	10.1099	1023	13	6	474	3	80	344	5	0.096025	65098.3	0.0001514	
2638	202	772	14.9501	10	1050	12	8	471	7	75	346	5	0.182797	46029.4	0.000126502	
2536	212	775	16.0676	12.5933	1010	14	9	477	14	72	346	5	0.175524	38707.3	0.000145222	
2618	334	775	14.6041	11.0233	1050	13	7	479	3	75	350	6	0.277651	37320.1	0.000130634	
2333	130	759	23.592	15.4142	915	16	9	468	2	49	333	5	0.085849	45003	0.000200441	
2342	147	743	24.7112	16	969	12	8	477	9	72	332	5	0.091943	43665.3	0.000201776	
2300	118	738	23.7118	15.384	949	12	9	473	2	50	312	6	0.075792	48549.2	0.000205465	
2315	100	737	24.0969	13.4746	998	12	9	477	7	64	332	5	0.06635	59036.6	0.000197044	
2300	100	734	24.743	14.5629	971	13	8	486	5	80	333	5	0.064484	56414.8	0.000205634	
2617	481	766	14.811	13.9594	1046	13	9	490	6	77	347	5	0.381955	30532.8	0.00014988	
2615	226	758	14.648	12.798	1022	11	7	481	12	78	347	6	0.196274	37355.1	0.000143885	
2550	117	762	19.9556	10.5242	1050	12	7	471	14	66	342	4	0.097283	60964.8	0.000153374	
2434	194	775	14.8457	10.1827	1002	12	8	477	14	73	345	5	0.165413	46158.4	0.000134282	
2657	500	740	16.5701	16	1016	13	8	490	8	66	348	5	0.374478	28374.3	0.00017001	
2414	103	749	23.3785	11.7501	965	17	6	479	2	69	345	4	0.073778	62400.8	0.000179888	
2664	422	755	13.4798	12.0137	1050	10	8	482	5	78	350	5	0.351604	33749.6	0.000135593	
2618	404	769	14.2429	12.0102	1048	10	9	481	1	71	350	5	0.330493	33985.4	0.000135925	
2300	100	734	20.4632	15.6709	931	11	8	474	6	73	333	6	0.073323	50738.4	0.000202675	
2300	100	725	21.4165	16	922	16	8	471	4	60	349	4	0.069893	50069.3	0.00020803	
2300	100	743	23.377	15.8977	992	13	8	482	9	80	333	5	0.067426	53440.3	0.000207211	
2623	198	767	16.0132	12.7194	1030	16	8	481	3	80	344	4	0.170415	39346.5	0.00014374	
2614	483	771	13.0855	12.2766	1049	12	10	485	9	80	349	5	0.405725	32959.1	0.000136799	
2338	100	739	24.9181	15.8842	926	11	10	474	2	61	346	5	0.06573	52087.9	0.000211149	
2674	256	742	15.5526	12.9611	998	12	9	490	11	73	347	5	0.20948	35617.6	0.000146542	
2680	228	770	14.0771	10	1007	14	9	467	7	69	346	6	0.210857	44303.7	0.000126215	
2698	440	771	12.338	10	1050	11	6	480	9	71	349	5	0.393609	38325.2	0.000122549	
2677	365	769	14.6041	12.2173	1050	11	8	485	10	79	348	6	0.304124	33931.6	0.000136556	
2405	111	751	23.1164	15.4142	915	16	8	467	1	50	333	6	0.078591	48183.5	0.000197863	
2417	146	736	21.0794	10.6649	1050	16	10	477	0	71	349	5	0.101723	60318.8	0.000152672	
2325	118	751	23.0168	10.0259	1033	13	9	472	7	80	350	4	0.079768	72761.3	0.000166279	
2700	380	770	13.7503	10.7557	1010	11	10	486	0	80	350	5	0.326795	36664.5	0.000128139	
2300	103	749	23.3785	11.7955	985	16	9	479	2	68	344	4	0.069544	63413.6	0.000185563	
2574	228	773	12.8381	10.0346	1035	13	7	484	6	80	350	6	0.216808	42966.2	0.000126279	
2581	281	772	19.4251	16	1014	11	8	473	15	77	350	4	0.207371	31497.1	0.000172265	
2460	123	745	19.5018	15.9166	954	18	7	477	10	74	336	5	0.096347	44675.8	0.00018498	
2401	100	745	23.8476	10.0259	1038	15	8	470	5	65	343	4	0.070717	78217.2	0.000177211	
2337	167	745	22.7137	15.8842	953	15	9	467	5	69	339	5	0.106925	39920.2	0.000195503	
2661	408	743	16.8466	16	1033	10	7	488	8	77	334	5	0.306758	29035.8	0.000169434	
2391	118	746	23.1531	10	959	14	6	471	10	75	341	5	0.081345	70606.1	0.000165426	
2612	372	731	17.2947	15.2922	1038	10	9	489	12	71	337	5	0.269103	30193.8	0.000167056	
2700	202	770	14.9334	10.2707	1049	11	7	486	0	80	350	5	0.186618	44823.1	0.000125945	
2433	114	752	22.4378	10	1048	13	8	472	8	60	344	4	0.083157	72819	0.000161786	
2691	468	772	16.3725	15.6466	1050	11	9	490	9	68	348	5	0.371194	28793.7	0.000160901	
2314	100	734	25	15.8452	927	15	9	469	7	68	348	4	0.064443	52207.6	0.000213402	
2512	183	775	16.2032	10.1827	1020	15	4	477	16	78	348	5	0.154628	50002.2	0.000132855	
2369	100	745	25	10.0259	946	12	9	477	4	75	349	4	0.067354	75417.2	0.000182749	
2638	266	758	14.8186	12.129	1042	11	7	481	12	80	347	6	0.223851	36624	0.0001386	
2698	397	771	12.338	10	1042	10	6	480	8	72	349	6	0.359696	38698.7	0.00012276	
2432	147	734	18.7544	10.0831	1044	15	9	479	14	75	347	4	0.109308	58419.5	0.000145751	
2464	100	775	23.9806	10.6022	1050	15	7	469	12	80	339	4	0.075352	72442.5	0.000173611	
2683	301	769	16.2819	15.7053	1029	11	8	480	6	80	349	5	0.244868	31114.1	0.000163159	