2700	490	775	10	10.0189	1050	11	5	479	9	74	350	5	0.498641	40432.7	0.000120744	
2300	100	725	25	16	900	17	8	469	11	57	349	4	0.06317	51298.7	0.000219202	
2300	100	725	25	16	905	16	8	470	4	60	349	4	0.06317	51570.4	0.000218198	
2700	490	775	10	10	1050	11	5	479	9	74	350	5	0.498641	40460.8	0.000120656	
2300	100	742	23.835	10	1049	11	6	485	4	64	344	5	0.066795	85874.1	0.000182548	
2700	500	770	12.9202	11.3776	1036	11	9	489	8	80	350	6	0.3769	28361.6	0.00016952	
2700	500	775	10.8067	10	1050	11	7	480	7	69	350	5	0.479254	38936.1	0.000121036	
2700	487	775	10.8067	10	1050	11	6	480	8	73	350	5	0.468315	38952.1	0.00012108	
2370	100	744	25	10	1050	12	7	487	8	76	343	5	0.067299	84348.5	0.000181884	
2700	484	771	11.387	10	1050	10	6	481	7	76	350	5	0.448632	38189	0.000121729	
2699	500	775	11.612	10.9666	1050	10	7	478	7	61	350	5	0.458635	36508.6	0.000126247	
2370	102	740	25	10	1050	12	6	478	8	66	343	5	0.067997	84995.9	0.000180636	
2700	468	775	10.8067	10	1050	11	6	480	7	73	350	5	0.452451	39081.2	0.000121065	
2700	485	775	10.8067	10.0178	1050	11	7	480	6	69	350	5	0.466638	38991.3	0.000121095	
2699	500	773	12.373	10.9666	1050	10	7	478	7	61	350	5	0.442676	35991.8	0.000126936	
2336	102	740	25	10	1050	12	6	478	9	70	343	5	0.066789	85496.9	0.000182648	
2700	500	775	11.7088	11.1563	1050	12	6	483	7	75	350	5	0.457246	35736.8	0.000127259	
2309	102	742	23.9229	10	1050	11	7	487	8	74	348	5	0.067636	83695.3	0.000181127	
2312	100	736	23.9285	10	1014	12	8	467	0	63	341	4	0.066162	79710.6	0.000183655	
2699	432	775	10.8067	10	1050	11	6	480	3	73	350	4	0.422661	39371.9	0.000120948	
2700	210	764	11.2324	10	1050	12	5	476	8	71	350	5	0.238719	45523.6	0.000122369	
2689	453	763	15.8307	16	1045	13	9	490	3	80	334	5	0.358723	28691.1	0.000164935	
2657	422	771	13.2129	10.4609	1050	10	7	480	1	69	350	4	0.361112	37091.4	0.000125739	
2300	100	748	25	10	1004	11	8	473	5	67	339	5	0.065174	81966.2	0.000186393	
2538	116	743	22.795	10	1040	12	8	468	16	65	337	4	0.086328	71557	0.00015921	
2700	287	775	12.0464	10.542	1048	11	9	482	3	80	350	4	0.282816	39272.7	0.000124394	
2449	116	745	25	15.5968	927	13	9	472	7	56	348	5	0.079009	47845.4	0.000197355	
2679	348	747	16.5352	14.7303	1050	11	8	490	7	74	350	5	0.268418	30949.1	0.000157085	
2665	500	747	16.4411	14.7303	1050	11	8	490	10	79	349	5	0.379728	29377	0.000157307	
2648	466	773	16.4713	14.666	1033	17	8	485	17	69	347	5	0.364197	29949.5	0.000156544	
2689	236	765	15.3238	12.7312	1019	14	10	489	6	80	350	5	0.205294	36827.6	0.000141443	
2682	494	771	12.2132	10.9104	1050	11	7	484	10	66	349	5	0.437367	35932	0.000127226	
2697	424	761	15.4222	15.6545	1043	16	9	487	19	76	350	5	0.340184	29235.9	0.000161525	
2638	500	759	15.2802	13.2414	1032	11	9	490	4	80	341	4	0.391364	31141.4	0.000146456	
2640	500	767	15.1281	12.766	1039	13	10	489	7	80	346	5	0.397252	31824.4	0.000141884	
2304	100	734	21.5332	14.5629	976	13	8	486	5	75	342	5	0.070911	53873.1	0.000196812	
2485	112	730	19.8799	10	1023	12	8	480	6	69	330	4	0.08825	64907.2	0.000160643	
2585	123	754	20.0501	10.1311	992	12	9	479	2	58	348	6	0.101362	61341.5	0.000149388	
2639	184	760	14.7907	12.2458	1004	13	9	490	7	69	350	5	0.169405	41037.7	0.000139997	
2355	100	775	22.7219	11.0496	1011	15	8	463	4	75	341	4	0.074094	66120.5	0.00017671	
2312	100	739	24.7112	15.8977	942	12	8	477	7	71	336	5	0.065349	52677.5	0.00021173	
2363	100	736	25	13.4548	1008	10	8	486	9	67	350	5	0.066331	60247.7	0.000195771	
2700	374	771	12.1199	10.0091	1050	10	8	480	13	75	349	4	0.345702	38603.7	0.000122399	
2375	140	736	19.7211	10.8993	993	12	8	483	6	71	341	6	0.100249	56129	0.00015586	
2336	100	734	25	10	1017	12	8	467	0	63	341	4	0.06521	81711.5	0.000185494	
2682	500	771	12.2132	10.9104	1043	11	7	484	10	70	350	5	0.442277	35762.8	0.000127194	
2667	151	757	15.6515	10.2924	1046	11	8	474	10	69	348	5	0.142972	50283	0.000132608	
2700	500	772	13.0669	13.8415	1036	11	8	489	7	80	350	5	0.431435	31241.1	0.000145328	
2640	459	734	18.5381	15.6474	1046	12	8	487	10	79	350	6	0.328523	28977.2	0.000169005	
2495	100	742	22.9353	15.8977	942	17	8	480	7	71	340	5	0.075525	50369.7	0.000198295	
2616	261	755	15.6855	12.9249	1038	11	7	467	4	78	348	5	0.211405	35797.8	0.000145645	
2700	497	774	12.9202	11.3776	1035	11	9	489	7	80	350	6	0.432423	34289.1	0.00012987	
2459	100	739	24.743	14.5629	971	13	8	486	5	80	336	5	0.070534	54632.1	0.000195465	
2559	194	775	15.2139	10.1827	991	12	9	477	10	70	348	5	0.170886	45687.7	0.000130582	
2670	119	745	20.8558	10	1050	13	4	468	14	79	339	5	0.099054	68655.5	0.000150195	
2494	311	741	17.0873	14.6595	1050	11	9	468	12	80	350	5	0.22238	32327.3	0.000163773	
2315	100	741	25	10.4948	927	16	9	472	7	56	348	4	0.065092	71297.9	0.000189502	
2671	285	732	14.8074	11.3538	1034	13	9	472	10	78	339	6	0.231544	37907.5	0.000137514	
2462	133	735	22.6051	15.7372	959	14	7	482	8	73	333	5	0.09242	44136.1	0.000188395	
2356	100	725	25	11.5585	911	13	9	471	6	61	345	4	0.065099	64244.9	0.000192567	
2325	103	757	21.5514	10	1042	16	9	472	6	60	343	4	0.075019	74137.5	0.000172354	
2574	214	755	12.9306	10.7645	1042	12	8	488	8	74	349	6	0.201864	42128.5	0.000131423	
2680	500	774	13.1527	11.6796	1046	13	10	484	11	80	346	5	0.428277	33739.8	0.000132363	
2300	109	725	25	16	909	13	8	481	6	66	348	4	0.067734	50157.8	0.00021395	
2700	343	772	14.0385	13.8226	1036	12	8	484	7	80	350	5	0.296866	32360	0.00014622	
2697	446	762	17.2741	16	1050	12	9	490	15	74	349	5	0.344247	28514.7	0.000165153	
2562	263	763	13.9406	11.2426	1044	10	9	477	7	80	350	5	0.224703	38372.8	0.000133636	
2598	147	772	15.8744	10.8959	1033	13	7	481	8	59	343	4	0.138073	49065.1	0.000137363	
2638	202	772	14.9501	10	1050	12	8	471	7	75	346	5	0.182797	46029.4	0.000126502	
2680	500	759	16.3731	14.5018	1026	11	9	483	3	76	348	5	0.388456	29800.5	0.000155521	
2606	116	767	23.075	10	1045	12	8	469	8	71	350	4	0.091292	70331.7	0.000154226	
2556	100	738	22.5792	12.9786	907	15	10	474	14	72	349	4	0.077914	55597.3	0.000183352	
2300	100	742	24.7112	14.0209	942	13	8	472	7	71	336	5	0.065189	56477.1	0.000202593	
2538	110	760	21.2802	10.0766	1013	13	9	472	9	61	343	5	0.088899	66812.1	0.000159008	
2700	470	775	11.387	10	1050	11	6	481	7	76	350	5	0.439381	38319.7	0.000121448	
2345	100	746	24.0317	10.4976	990	11	7	466	8	52	342	6	0.068244	74678.8	0.000182916	
2447	114	741	25	16	951	16	8	474	7	50	314	5	0.077406	48005.5	0.00020517	
2300	100	725	22.1853	15.8842	927	14	10	474	7	57	350	4	0.068364	50556.7	0.000208551	
2699	432	775	10.9021	10	1050	11	6	480	3	75	350	4	0.420394	39178.4	0.000121021	
2581	222	772	19.4251	16	1014	11	8	473	0	77	350	4	0.16811	33870.8	0.000172473	
2700	195	742	19.3966	16	1003	12	7	485	6	80	340	5	0.151675	35731.5	0.000172891	
2300	100	741	24.6009	10.0219	1022	11	8	475	5	64	339	5	0.065109	83359.1	0.000185908	
2603	351	754	17.0343	14.8675	1015	12	8	486	7	80	345	6	0.263263	30903.4	0.000161996	
2401	100	744	25	10	1050	15	8	469	16	66	347	4	0.068394	82235.4	0.000180115	
2645	404	775	13.7627	12.0123	1048	10	9	469	1	71	350	5	0.341157	34195.2	0.000134571	
2700	449	772	12.9202	11.3776	1036	11	10	489	7	80	349	6	0.392557	34575.1	0.000130174	
2434	194	775	14.8457	10.1827	1002	12	8	477	14	73	345	5	0.165413	46158.4	0.000134282	
2700	422	762	13.9524	12.4419	1035	12	8	482	1	80	350	5	0.353232	33152.8	0.000137798	
2323	100	734	25	10.0154	990	14	9	483	7	64	340	5	0.064756	80998.9	0.000187021	
2615	123	754	20.0501	10.1311	992	12	9	472	2	58	346	6	0.10269	61524.6	0.000148765	
2391	184	741	23.5848	15.4613	932	16	9	468	3	64	332	6	0.11693	38837.3	0.000194553	
2330	100	740	23.049	15.639	1041	13	8	477	8	78	338	4	0.068772	53675.1	0.000202143	
2640	463	734	17.1129	15.6474	1046	12	8	487	11	79	350	5	0.338475	28821.9	0.000167196	
2353	102	731	23.4505	10	1005	12	9	476	9	63	346	5	0.069268	77442.8	0.000179051	
2639	184	761	14.0327	12.2458	1004	13	8	490	7	69	350	5	0.176454	41119.7	0.000139218	
2667	192	775	17.1842	11.7783	1050	13	9	483	1	72	346	5	0.164718	42530.2	0.000136799	
2700	452	775	11.387	10	1050	10	6	481	7	76	350	5	0.424612	38396.5	0.000121403	
2544	194	775	14.7207	10.1827	1050	12	8	483	11	72	349	5	0.173554	46087.6	0.000129066	
2446	141	752	15.5765	12.7201	939	14	7	475	9	77	333	4	0.124257	45131.6	0.000156372	
2657	500	743	16.5701	15.9322	1013	11	8	490	9	72	348	5	0.375996	28438.8	0.00016889	
2572	281	765	16.4671	14.9586	1050	11	9	473	5	70	350	5	0.219091	32482.4	0.000160333	
2356	100	755	25	11.5585	922	11	9	471	5	62	345	4	0.067792	64353	0.000188147	
2674	256	742	15.5526	12.9611	998	12	9	490	11	73	347	5	0.20948	35617.6	0.000146542	
2565	116	746	20.2563	11.8261	1034	13	9	479	8	60	349	4	0.094726	55070.6	0.000160308	
2596	310	764	17.3084	13.954	1035	11	9	489	7	80	348	6	0.236076	32747	0.000153563	
2300	100	738	24.5166	14.5345	917	11	8	472	6	73	329	6	0.06485	54892	0.000206398	
2676	316	769	10.8215	10	1050	11	6	480	7	72	348	5	0.325641	41175.4	0.000122384	
2700	341	762	13.9524	12.2764	1024	12	8	482	2	80	350	5	0.292229	34526.5	0.000137155	
2623	198	767	16.0132	12.7194	1030	16	8	481	3	80	344	4	0.170415	39346.5	0.00014374	
2665	483	772	13.0855	12.2766	1049	13	5	485	9	80	350	5	0.412994	33241.3	0.00013541	
2675	500	743	16.5352	14.7303	1050	11	8	490	7	75	349	5	0.378175	29463.4	0.000157654	
2462	133	735	23.937	15.7372	959	14	10	482	8	73	333	5	0.089578	44661.9	0.000191461	
2700	500	775	12.9202	11.3776	1036	11	9	489	7	76	350	4	0.435444	34285	0.0001295	
2323	100	734	25	10.0154	990	13	9	483	5	64	340	5	0.064756	81139.7	0.000186916	
2623	178	773	13.91	10.2137	1050	13	8	473	7	70	350	4	0.175389	46469.9	0.000126646	
2355	177	740	22.7137	16	966	12	9	467	6	79	349	5	0.112676	38726.5	0.00019497	
2383	100	746	24.8602	10	1027	14	8	471	5	72	338	4	0.067951	80237.8	0.000181192	
2342	114	747	24.051	15.888	996	13	8	477	10	75	338	5	0.075687	49591.7	0.000199521	
2510	115	750	24.6601	10.7466	1020	14	9	471	2	75	338	4	0.081927	67620.1	0.000166223	
2619	128	752	22.1052	10.4611	1023	13	6	474	4	79	344	5	0.099629	63680.1	0.000150015	
2300	147	728	25	16	909	15	9	481	6	62	348	5	0.087705	43132.6	0.000212179	
2678	499	767	14.5285	12.6266	1017	13	9	488	8	77	347	6	0.407416	32212.5	0.000140509	
2423	104	746	24.8602	10.0018	998	15	8	469	3	75	342	4	0.071547	76653.7	0.00017618	
2700	210	766	12.8802	10	1050	13	5	476	8	71	350	5	0.21248	45038.7	0.000123365	
2443	114	762	21.8963	10.4873	985	10	9	476	8	75	334	5	0.085815	64096.4	0.000162259	
2300	185	741	24.9483	16	931	15	10	475	4	47	314	5	0.109877	39000.1	0.000216123	
2698	163	758	14.7703	12.845	1046	13	9	474	12	68	350	4	0.158901	42460.2	0.000142389	
2700	500	772	14.0818	13.1298	1038	11	9	489	7	77	347	5	0.41835	31456.7	0.000141443	
2563	272	769	17.3926	14.5691	1010	11	8	474	14	61	348	5	0.20823	33315.2	0.000160514	
2564	127	767	19.8884	10	1017	13	7	481	14	61	345	5	0.105183	62103.7	0.000145773	
2464	100	775	23.9806	10.6022	1050	15	7	469	12	80	339	4	0.075352	72442.5	0.000173611	
2617	377	767	16.7582	13.9007	1016	14	9	488	4	74	350	4	0.28924	31522.1	0.000152416	
2385	209	745	19.4457	16	935	10	10	460	0	80	340	5	0.14209	34902.1	0.000187793	
2363	104	734	24.2207	15.2641	1005	16	9	469	7	65	338	4	0.06935	52573.7	0.000201207	
2373	100	758	22.0576	10	1050	13	9	468	14	76	343	4	0.074249	73956.1	0.000173762	
2301	148	728	24.7466	15.7855	933	17	7	481	7	73	347	4	0.088818	43842	0.000207254	
2665	442	764	16.5352	14.3404	1050	11	9	490	0	74	349	5	0.342866	30225.3	0.000152905	
2613	343	734	17.0614	15.4587	1050	12	9	485	9	76	350	5	0.251737	30352.2	0.000166417	
2300	100	725	20.4797	16	905	16	8	470	4	60	349	4	0.072424	49429.9	0.000206825	
2698	316	733	14.8308	12.8267	1042	13	8	479	9	78	349	6	0.255435	34124.5	0.000144113	
2606	313	760	12.4853	10	1044	12	6	478	12	76	350	4	0.280252	40054.6	0.000125565	
2667	500	772	13.1527	12.4136	1050	13	10	484	11	80	346	5	0.425412	32670.2	0.000136818	
2300	100	740	24.5166	14.5345	917	11	8	474	8	73	334	6	0.065026	54943.2	0.000205931	
2356	100	774	25	11.5585	911	13	9	471	8	61	346	4	0.069498	63506.4	0.000186185	
2342	100	747	23.0439	12.9672	996	13	8	484	10	75	338	5	0.069863	59257.9	0.000189825	
2300	119	742	20.5883	10.208	1003	12	7	485	5	80	340	5	0.083626	66531.7	0.000164555	
2524	131	758	20.2159	10.4028	1015	13	6	472	19	57	343	5	0.103333	60676.8	0.000148965	
2436	104	758	24.6757	11.0027	990	16	7	480	8	68	344	5	0.073746	68838.6	0.000176866	
2700	470	775	11.387	10	1050	11	6	480	7	73	350	5	0.439381	38442.2	0.000121389	
2460	104	758	24.3955	10.7066	990	16	7	474	8	78	344	5	0.075214	69812.7	0.000173943	
2664	201	770	14.2767	10.8243	1031	14	9	474	5	69	350	6	0.189192	43146.6	0.000129618	
2700	468	770	12.9274	10	1048	11	6	480	8	73	350	5	0.406734	38117.4	0.00012288	
2385	209	747	18.7223	15.9166	954	10	9	460	0	77	336	5	0.145345	34981.9	0.000185185	
2674	256	741	16.3474	12.8341	998	12	6	490	12	62	347	4	0.204111	36351.2	0.000147167	
2670	426	769	12.0555	10.6082	1050	10	8	483	5	77	350	6	0.383217	36672.5	0.000125865	
2618	398	743	16.8466	16	1028	12	7	488	8	75	349	5	0.295175	29201.8	0.000170068	
2300	100	725	25	15.9103	900	17	8	472	11	57	349	4	0.06317	51515.1	0.000218723	
2617	481	766	14.811	13.9594	1046	13	9	490	6	77	347	5	0.381955	30532.8	0.00014988	
2695	285	770	10.8067	10	1050	11	4	476	5	77	350	5	0.304654	42463.7	0.000121566	
2693	194	764	16.0014	10.0124	1040	12	9	469	6	74	342	4	0.172332	47606	0.000127943	
2336	100	734	25	10.7282	1017	12	8	478	0	63	346	4	0.06521	75655.1	0.000187688	
2700	384	758	13.9209	13.7839	1045	10	8	479	9	75	350	5	0.322565	31898	0.000147016	
2460	104	758	24.3955	10.7066	985	16	7	471	8	78	343	5	0.075214	69576.6	0.000174034	
2593	273	770	14.6041	12.0801	1023	10	8	485	12	70	344	6	0.230465	36540.4	0.000139063	
2619	322	775	12.9637	10	1050	10	9	467	6	66	350	4	0.286822	40021.9	0.000123778	
2627	324	756	15.6855	13.3974	1041	11	7	468	3	75	346	5	0.255942	33315	0.000148588	
2380	108	731	23.1147	13.0084	988	17	9	478	5	62	341	5	0.073957	56333.6	0.000185288	
2300	165	725	23.0793	15.8842	927	14	9	475	7	56	350	4	0.100111	40194.8	0.000203874	
2648	386	766	15.488	13.9928	1020	10	6	489	7	69	347	5	0.307749	31369.7	0.000151126	
2421	100	727	22.5792	10.4193	907	15	9	470	14	72	345	4	0.071887	67020.6	0.000179404	
2596	339	768	16.7745	13.954	1044	11	9	489	8	80	348	6	0.260322	32072.8	0.000152161	
2332	100	770	25	12.0632	1050	15	8	470	4	75	339	4	0.068262	66321.5	0.000187441	
2303	102	742	23.9229	10	1033	15	8	476	10	74	347	5	0.067418	80519.4	0.000181653	
2608	308	775	12.9637	10.001	1050	12	8	466	6	70	350	4	0.275535	40401.2	0.000124131	
2318	100	734	25	10	1017	13	8	467	0	63	341	5	0.064582	82403.1	0.000186776	
2675	493	738	16.4411	14.7303	1050	13	8	486	10	65	349	5	0.371061	29640.4	0.000158881	
2402	104	746	24.8602	10.0018	999	15	9	469	3	75	338	4	0.070787	76821.2	0.000177399	
2678	176	766	13.7802	10.8465	1006	12	10	483	20	56	350	5	0.177412	44972.4	0.000130839	
2614	228	765	18.9148	13.7147	1041	13	6	488	5	79	335	6	0.174594	37043.1	0.000154345	
2300	118	760	23.7118	14.8014	949	16	9	475	0	47	336	5	0.078051	48964.6	0.000198177	
2348	100	755	25	10	1050	15	8	469	16	66	347	4	0.067505	82731.5	0.00018162	
2326	100	742	24.7112	16	942	12	7	477	8	71	336	5	0.06611	52457.4	0.000210881	
2300	114	741	25	16	931	16	8	474	7	50	314	5	0.071834	48283.9	0.00021645	
2374	100	759	24.7102	13.4067	973	14	9	484	13	70	350	4	0.069365	58197.9	0.000191644	
2636	497	767	14.3385	11.7832	1039	12	9	488	7	80	350	6	0.401853	33408.2	0.000135099	
2562	297	755	16.4034	14.2589	1050	12	10	480	7	78	345	4	0.226806	32677.9	0.000156274	
2516	128	745	21.3656	10.1099	1023	13	6	474	3	80	344	5	0.096025	65098.3	0.0001514	
2700	468	771	13.4215	10	1050	11	6	480	5	73	350	5	0.400451	38311.4	0.000123092	
2325	100	743	25	11.7398	1029	13	9	480	7	62	341	4	0.065621	69097.5	0.000190803	
2700	116	774	19.0949	13.5839	1050	10	6	475	3	72	349	6	0.107921	49225.8	0.000160746	
2443	110	753	21.96	10.2648	946	15	9	463	8	76	325	5	0.082552	65427.9	0.000165837	
2384	167	740	22.7137	15.8842	953	15	9	467	5	70	347	5	0.108542	39486.3	0.000193013	
2700	343	774	12.8252	10.2456	1049	12	8	484	5	79	348	5	0.312516	38369.6	0.000124054	
2578	110	736	22.0047	15.8842	938	15	9	482	7	66	343	5	0.085952	47182.1	0.000189322	
2693	319	772	15.3174	15.8123	1046	11	7	488	7	79	347	5	0.266595	30681.1	0.000161238	
2417	108	743	23.4444	10.6649	986	16	10	478	4	65	343	5	0.076019	67958.8	0.00017298	
2667	500	746	16.5701	16	1016	13	8	490	8	66	347	5	0.378735	28387.5	0.000169119	
2300	190	762	22.8412	13.7316	913	15	9	477	3	80	322	6	0.11991	42029.4	0.000184638	
2688	151	757	18.6365	10	1046	12	6	478	1	70	348	4	0.128846	56999.3	0.000133923	
2661	391	771	10.8067	10	1050	11	6	480	7	66	350	5	0.38276	39978.4	0.000122085	
2655	482	767	12.2843	11.2625	1050	10	9	481	7	73	350	5	0.420209	35040	0.000129668	
2619	128	766	21.3656	10.4611	1023	13	6	474	4	79	344	5	0.103324	61731.1	0.000147514	
2484	116	747	22.303	14.9586	1010	11	8	486	6	55	347	5	0.085777	48830.1	0.000182149	
2322	100	725	24.7791	10	909	13	8	472	8	55	345	4	0.064453	74903.7	0.000188644	
2300	236	725	25	15.986	900	16	8	472	6	60	349	4	0.135415	35963.6	0.000213493	
2320	102	744	23.9229	10	976	12	6	487	2	66	343	5	0.068217	78696.7	0.000181094	
2700	335	775	10.0804	10	1050	11	5	480	7	73	350	6	0.368163	42187.9	0.000120802	
2601	455	740	16.8466	16	1018	11	7	482	10	78	346	5	0.333128	28770.6	0.000171792	
2322	100	725	24.7791	10.4236	958	13	8	472	8	55	348	4	0.064453	74446.5	0.000188857	
2618	334	775	14.6041	11.0233	1050	13	7	479	3	75	350	6	0.277651	37320.1	0.000130634	
2401	100	755	23.7601	10	1050	15	9	469	16	64	347	5	0.07167	79007.8	0.000175871	
2689	249	765	15.3238	12.7312	1019	14	10	489	6	71	350	5	0.214278	36290	0.000141683	
2300	183	744	20.6543	16	911	14	9	468	3	46	322	4	0.118743	37245.5	0.000201532	
2347	100	740	23.049	15.1702	1041	13	8	477	7	78	338	5	0.06939	54347.3	0.000199084	
2619	287	769	12.9637	10	1050	13	8	472	7	69	350	4	0.259415	40968.7	0.000124595	
2670	422	771	13.2129	10.4609	1050	10	7	480	1	69	350	4	0.362661	37116.9	0.000125486	
2300	100	743	25	11.6958	1019	13	9	480	7	78	341	4	0.064739	68497.4	0.000192382	
2300	105	733	23.4505	10	1005	12	9	476	9	63	346	5	0.069085	77968.2	0.000179469	
2440	104	746	25	10.6306	999	15	9	469	3	75	338	4	0.072153	71139	0.000177525	
2605	196	761	18.6849	11.8886	1026	13	9	490	7	69	350	6	0.153653	43299.4	0.000142857	
2638	307	775	15.7029	15.722	1050	12	8	473	7	80	349	5	0.251203	31037.4	0.000162602	
2613	384	767	14.7447	13.5799	1021	11	8	488	10	80	349	6	0.309298	31793.3	0.000148104	
2419	198	754	23.0792	15.4613	945	12	8	471	3	67	332	5	0.129304	37633.8	0.000188041	
2322	104	773	21.7003	11.4476	1016	15	9	469	19	71	339	5	0.077035	62691.1	0.000174978	
2700	371	770	13.7503	10.9547	1013	11	9	486	0	80	350	4	0.319957	36271.5	0.000128966	
2309	100	737	24.3184	10	1023	11	8	477	5	64	339	5	0.065607	83009.6	0.000184775	
2336	104	734	25	10	1017	13	8	476	0	63	341	4	0.067287	81306.8	0.000182682	
2618	404	769	14.2429	12.0102	1048	10	9	481	1	71	350	5	0.330493	33985.4	0.000135925	
2345	100	744	25	15.071	1012	11	7	481	8	71	329	5	0.066416	55860.1	0.000203666	
2412	100	741	22.8673	15.4613	914	16	9	472	3	64	341	6	0.072393	50739.5	0.000200844	
2700	319	772	14.4759	13.6289	1042	10	7	488	7	79	347	5	0.274159	32920.7	0.00014497	
2674	417	738	15.5921	15.8043	1046	10	7	478	6	80	345	5	0.320888	29291.8	0.000166362	
2670	247	770	14.8733	10.542	1048	11	7	469	0	68	350	4	0.216076	41906.5	0.000127584	
2680	422	748	13.4798	13.5629	1050	10	8	482	5	78	342	5	0.350181	31834.5	0.000146778	
2443	120	763	21.6734	10.4873	1040	10	9	486	5	75	326	5	0.08993	65410.7	0.000158655	
2431	104	757	24.8602	10.0018	1050	11	8	470	3	70	338	5	0.072896	80799.6	0.000173883	
2613	424	767	17.0267	13.9007	1046	13	8	490	5	76	350	5	0.321963	31156.4	0.000151469	
2300	183	744	20.9354	16	911	14	9	468	3	47	322	4	0.117638	37475.3	0.000201816	
2416	105	738	22.116	14.5345	928	11	8	472	6	73	329	6	0.076588	51040.9	0.000191168	
2690	303	743	14.308	12.0801	1050	10	9	485	12	75	349	6	0.253728	35497.5	0.000137533	
2300	185	741	25	16	931	16	8	475	7	50	314	4	0.109873	39079.9	0.00021575	
2698	440	771	12.338	10	1050	11	6	480	9	71	349	5	0.393609	38325.2	0.000122549	
2661	408	743	16.8466	16	1033	10	7	488	8	77	334	5	0.306758	29035.8	0.000169434	
2681	409	775	16.6418	15.2972	1021	13	9	490	17	71	345	4	0.323589	29552.6	0.000159949	
2378	238	753	16.574	15.3544	1035	14	6	488	8	77	349	5	0.172798	35195.9	0.000171556	
2581	281	772	19.4251	16	1014	11	8	473	15	77	350	4	0.207371	31497.1	0.000172265	
2618	434	769	13.7801	12.0102	1048	10	9	481	6	71	350	5	0.358262	33723	0.000135575	
2550	117	762	20.5887	10.5242	1050	12	8	471	14	65	342	4	0.095531	61945	0.000154059	
2700	485	775	10.8067	10.0178	1050	11	8	480	6	69	350	5	0.466638	38932	0.000121109	
2661	408	743	18.3085	16	1033	10	7	488	8	77	334	5	0.298379	29130.7	0.000171028	
2653	194	738	22.11	15.75	998	14	8	478	6	73	332	5	0.139479	36943.8	0.000177873	
2677	310	747	16.2331	12.8789	1038	10	8	485	6	70	349	6	0.243583	34412.3	0.000144802	
2660	415	729	18.04	16	992	13	7	487	9	80	347	5	0.298985	29070.6	0.000173521	
2536	194	774	16.0676	10.1827	992	12	9	479	14	72	349	5	0.163617	46530.9	0.00013224	
2618	218	763	14.9468	11.7162	1050	11	6	478	0	69	350	6	0.189908	40252	0.000135685	
2582	191	744	16.1475	12.8423	983	10	6	485	11	80	333	6	0.157692	39922	0.000150625	
2536	194	775	16.0676	10.1827	992	12	9	477	14	72	349	5	0.163828	46521.8	0.000132118	
2683	379	760	18.5617	15.5525	1044	11	8	480	6	80	349	5	0.285481	29957.6	0.000164772	
2700	389	757	13.6605	10.542	1042	11	9	487	13	71	350	4	0.329477	37050.9	0.00012734	
2387	108	771	23.4444	10.214	992	13	7	476	3	62	343	5	0.077706	72243	0.000169233	
2604	150	771	17.4944	10	1050	13	9	483	16	68	343	4	0.131048	54032.6	0.000134517	
2427	107	772	25	11.0962	934	15	10	468	16	79	322	4	0.075878	64687	0.000176398	
2555	198	770	14.4437	13.3602	1030	14	8	481	4	80	347	4	0.178267	38497.3	0.000147362	
2700	500	772	14.3385	13.8423	1036	11	9	489	7	80	350	6	0.415267	30566.3	0.000146477	
2700	500	772	14.6276	14.0312	1036	11	9	489	9	80	349	6	0.412195	30286.3	0.000148104	
2700	202	770	16.3577	10.542	1050	11	8	482	0	77	350	5	0.176964	45215.9	0.000128502	
2309	102	742	23.9229	10	1025	11	7	487	8	74	345	5	0.067636	81562	0.000181554	
2661	420	758	14.2222	13.7839	1050	11	8	479	9	69	350	5	0.342531	31446.6	0.000147973	
2385	100	742	23.4244	10	1023	13	6	482	4	64	344	5	0.070411	79064.1	0.000177968	
2356	100	736	25	15.8925	909	14	8	473	6	61	345	4	0.066086	51533.3	0.000211551	
2649	386	769	16.5415	15.8696	1044	14	6	478	0	72	350	6	0.301263	29599.4	0.00016518	
2598	135	769	21.3671	10.8959	1012	13	7	481	7	58	343	4	0.107086	58106.4	0.000148346	
2652	166	754	16.1475	13.8447	972	10	7	487	9	76	328	6	0.148113	40573.8	0.000155618	
2557	305	746	15.7915	14.4901	1041	10	9	489	5	74	350	5	0.232841	32319.3	0.000158128	
2633	202	775	14.9501	10	1050	12	9	471	5	73	346	5	0.183158	45943.6	0.000126342	
2630	381	729	16.8466	14.9684	1035	11	7	482	8	76	349	5	0.278947	30330.1	0.000163452	
2590	135	769	18.7475	10.0225	1044	11	7	485	5	67	350	5	0.115179	58544.3	0.000139626	
2379	100	746	23.8476	10.0259	1016	12	7	470	7	75	342	4	0.070015	77218.4	0.000178221	
2700	500	772	14.0385	13.8423	1036	11	8	489	7	80	350	5	0.419133	30719.2	0.000146092	
2625	378	775	14.1737	11.9036	1037	13	8	479	6	75	349	6	0.31499	34457.7	0.000135355	
2612	234	775	13.2173	11.5778	1030	11	8	481	6	75	349	6	0.220116	39139.9	0.000133209	
2697	419	761	15.4222	15.6545	1043	16	9	487	2	76	348	5	0.336384	29340.7	0.000161734	
2416	116	773	19.2439	10.955	971	13	9	479	2	75	350	6	0.094441	56617.5	0.000157978	
2314	100	736	25	15.7425	939	12	9	470	7	68	348	6	0.064618	52803.8	0.000212134	
2315	148	728	21.9676	15.7855	933	16	4	481	9	80	347	4	0.094847	42749.2	0.000196464	
2300	107	725	25	12.8749	900	12	8	474	4	60	343	4	0.066718	57179.8	0.000198807	
2325	103	751	23.0168	10.0259	1033	13	9	472	15	80	343	4	0.071738	75768.6	0.000175593	
2363	104	734	23.0586	11.7803	1005	16	8	471	7	65	344	4	0.07151	62817.5	0.000182315	
2643	203	760	18.0349	12.4007	1045	12	7	480	17	70	350	5	0.162809	40985	0.000143369	
2300	100	730	25	15.986	900	16	8	473	6	60	350	4	0.063606	51621.1	0.000217581	
2300	100	736	22.7083	11.4069	988	13	7	472	8	66	339	5	0.068359	65896.4	0.000185943	
2611	184	771	18.5075	11.3852	936	10	9	483	3	78	346	4	0.14889	45105.8	0.000141583	
2353	100	725	25	15.9909	927	16	9	472	7	60	344	4	0.064995	51466.1	0.00021363	
2559	194	761	16.0676	10.1827	996	12	9	477	14	70	348	5	0.162355	46706.4	0.000132767	
2654	218	763	14.9468	11.4172	1047	11	6	478	0	72	350	6	0.192498	40852.5	0.000133316	
2546	110	743	22.4401	10.0766	1013	13	9	472	11	61	343	5	0.084358	70068.8	0.000162417	
2309	100	725	25	16	900	18	8	472	11	57	349	4	0.06348	51233.3	0.000218818	
2389	100	748	25	10.0259	986	13	6	477	6	75	344	4	0.068336	78855.6	0.000181028	
2432	147	734	18.7544	10.0831	1044	15	9	479	14	75	347	4	0.109308	58419.5	0.000145751	
2609	227	767	14.1822	10	1028	13	9	477	7	72	350	5	0.202619	43667.1	0.000126791	
2619	317	775	14.5009	11.0233	1050	13	9	479	6	75	344	6	0.266119	37475.3	0.000131527	
2664	263	732	14.6871	11.9788	1035	12	9	467	18	80	343	5	0.217486	37163.4	0.00014041	
2693	319	772	14.4759	13.5228	1042	11	7	488	7	79	347	5	0.273498	33014.6	0.000144404	
2342	100	738	24.7112	15.888	951	13	8	478	10	66	332	5	0.066318	52533.2	0.00020982	
2623	198	769	17.8957	12.6031	1014	15	8	464	3	80	344	4	0.160821	40553.1	0.00014622	
2429	110	742	22.3706	10.2196	1018	13	8	488	5	64	330	5	0.079692	71006.7	0.000167813	
2300	100	763	24.5166	12.8903	917	14	8	474	6	73	345	6	0.067047	59097.1	0.000194932	
2568	140	751	20.3755	12.0609	1005	12	9	471	2	72	341	4	0.109167	49784.9	0.000153163	
2670	305	770	14.8733	10.542	1005	11	7	469	9	68	350	4	0.257096	39900.7	0.000128766	
2417	100	740	23.4444	10	971	11	10	484	8	64	336	6	0.071376	75467.2	0.00017762	
2664	263	735	14.6871	11.3538	1041	12	9	467	10	79	345	6	0.218378	38622	0.000136166	
2541	115	745	23.1168	10.0018	1020	14	9	469	3	75	338	4	0.08552	70208.9	0.000159974	
2446	141	752	17.1883	12.7395	947	12	7	475	9	77	333	6	0.115925	45575.6	0.000158153	
2574	184	765	17.4993	12.6831	1050	13	7	489	8	70	346	6	0.149822	41825	0.000146113	
2623	178	773	12.9637	10	1050	13	8	466	7	70	350	4	0.185379	46939.3	0.000124891	
2300	100	725	25	13.2945	900	12	8	474	6	60	348	4	0.06317	57527.7	0.000203832	
2300	100	730	25	10	977	12	8	467	9	63	343	4	0.063606	79882.8	0.000189	
2659	247	770	14.8733	10	1048	11	7	487	0	73	350	4	0.215211	43187.6	0.00012536	
2315	100	734	25	10	1022	12	8	467	0	63	344	4	0.064477	82492	0.000186672	
2697	434	771	14.9303	15.6545	1047	11	8	487	5	80	348	5	0.356045	29332	0.000159719	
2335	103	751	23.2106	10.0259	1033	16	9	472	15	80	343	4	0.071573	75955.6	0.000175901	
2700	175	774	16.3577	10.542	1029	11	8	489	-0	72	350	5	0.159657	47345.9	0.000129249	
2444	129	738	21.1328	10.2981	1050	12	8	465	8	57	335	4	0.093142	65655.5	0.000155521	
2664	441	756	13.4798	11.9228	1050	10	8	481	5	75	350	5	0.366567	33799.5	0.000134953	
2565	257	764	13.9406	11.2426	1044	10	9	477	6	80	350	5	0.221172	38609.8	0.000133458	
2640	463	734	17.1129	15.6474	1046	11	8	487	9	79	345	5	0.338475	28817.6	0.000167448	
2624	336	733	14.8308	14.0961	1041	13	8	475	7	78	348	4	0.26258	32065.8	0.000154703	
2625	445	730	14.9922	14.0961	1042	12	8	475	9	75	349	6	0.337175	30775	0.00015528	
2601	376	754	17.3329	16	1020	13	9	482	9	72	342	5	0.279344	29492.9	0.000171028	
2332	100	769	23.9806	10	1050	15	8	471	4	76	339	4	0.069869	79525.5	0.000178158	
2300	100	748	23.5353	10	1006	11	8	470	5	68	341	5	0.067873	78366.8	0.000181324	
2443	114	734	21.96	10.4873	950	10	9	490	8	76	325	6	0.082661	64564.6	0.000166667	
2541	105	743	22.4805	10.6649	986	17	10	480	0	70	343	5	0.081306	65493.6	0.000168663	
2537	133	769	17.1395	12.0132	1050	10	9	484	4	80	350	5	0.118407	48446.5	0.00014782	
2576	419	768	13.0855	12.2766	1049	13	10	485	9	80	348	5	0.34999	33574.8	0.000138236	
2485	137	730	19.8799	10.2297	998	17	9	478	6	70	330	4	0.10229	59388.3	0.000151607	
2593	334	774	13.568	12.0801	1050	10	8	485	12	66	345	6	0.285058	35227.3	0.00013693	
2345	100	746	25	15.071	1012	11	7	481	8	71	329	5	0.066594	55852.2	0.000203376	
2300	100	736	23.4238	15.8237	913	12	8	483	8	73	333	5	0.066789	52086.8	0.000210128	
2489	133	759	17.9396	11.7057	960	11	8	485	8	59	350	5	0.111047	49632.8	0.000151906	
2657	424	740	16.5701	16	1016	13	8	490	4	66	348	5	0.318068	28917.6	0.000170039	
2665	500	747	14.9867	14.7303	1050	11	8	486	10	79	349	5	0.391504	29548.3	0.000156104	
2583	114	731	19.7871	11.6894	1020	16	9	478	5	54	340	5	0.093538	55759.5	0.000163506	
2336	100	734	23.2994	10.2283	1017	12	8	478	7	77	346	4	0.068422	75277.4	0.000181028	
2677	310	740	14.6041	12.8789	1036	10	8	485	6	70	349	6	0.253803	34157.8	0.000143988	
2300	185	741	24.9483	16	931	16	10	475	4	47	314	5	0.109877	38968.6	0.000216779	
2337	167	740	22.7137	15.8842	953	15	9	467	5	69	339	5	0.106208	39924.6	0.000196194	
2668	316	771	14.1168	10.2939	1050	12	9	473	4	68	346	5	0.272032	39788.3	0.000126406	
2700	343	775	10.8067	10	1050	13	8	480	7	71	350	5	0.351735	40663	0.000121212	
2700	479	772	12.9202	11.3776	1036	11	9	489	7	80	349	6	0.416666	34394.6	0.000130157	
2300	100	725	22.7671	15.8842	927	14	9	471	7	56	350	4	0.066827	50851.2	0.000210349	
2590	135	766	18.7475	10.0225	1050	11	7	485	2	69	348	5	0.11473	58631.8	0.000139919	
2300	100	742	23.835	10.197	1049	11	7	485	4	77	344	5	0.066795	81529.1	0.000183184	
2548	131	756	16.6647	10.4028	1031	13	6	484	19	58	350	4	0.118048	54177.5	0.000143021	
2330	121	740	21.31	15.639	1018	13	8	477	8	78	344	4	0.084149	47572.1	0.000189717	
2700	500	772	12.8555	10.9649	1033	12	9	489	7	76	350	6	0.434518	35183.2	0.000127926	
2337	167	728	22.7137	15.8842	949	16	9	467	5	72	339	5	0.104485	39863.5	0.00019802	
2637	357	770	14.8733	10.542	1048	11	9	487	0	72	350	4	0.291698	38011.2	0.00012832	
2619	345	773	12.9637	10	1050	13	8	472	7	70	350	4	0.302988	39513.9	0.000124239	
2577	165	770	17.8957	12.6031	1014	15	8	471	3	80	344	4	0.137056	43262.6	0.000147275	
2314	100	734	25	15.8452	927	15	9	469	7	68	348	4	0.064443	52207.6	0.000213402	
2417	108	743	23.4444	10.097	986	16	8	475	4	65	343	5	0.076019	72581.9	0.000170969	
2665	500	738	16.4411	14.7303	1050	13	8	489	10	79	349	5	0.375153	29409.5	0.000158403	
2300	136	725	25	16	909	15	8	473	7	62	350	4	0.081611	44493.2	0.00021254	
2325	116	758	21.5429	11.8261	1038	15	9	479	8	60	343	4	0.082707	59569.3	0.000170271	
2679	154	757	16.3955	11.5868	1046	12	6	478	1	61	347	4	0.141325	46785.9	0.000138619	
2621	201	748	17.2828	12.9722	980	14	8	485	3	73	341	5	0.161285	39052.5	0.000150784	
2700	343	775	13.7869	10.4374	1049	11	9	490	5	79	350	5	0.300105	37771.7	0.000125282	
2577	241	764	15.3163	11.2426	1031	10	9	478	7	80	350	4	0.19997	39496.2	0.000134807	
2629	363	771	15.4856	11.6389	1050	11	8	482	1	78	350	6	0.290808	35418.4	0.000134698	
2657	207	763	15.5061	11.4172	1047	11	7	487	0	72	350	6	0.181544	41566.5	0.000133815	
2628	500	743	16.5701	15.9322	1021	12	8	490	9	72	348	5	0.37247	28471.3	0.000169291	
2617	486	767	14.9889	13.2498	1046	13	9	490	6	77	347	5	0.384871	31311	0.000145096	
2696	483	771	16.2193	12.7036	1050	10	7	477	1	76	348	6	0.383869	32731.9	0.000140667	
2700	151	758	15.8125	10.1713	1046	12	7	478	12	60	344	5	0.143791	51626.8	0.000132398	
2420	114	760	21.8963	10.9583	980	11	10	490	5	74	350	6	0.084645	61866.4	0.000164474	
2300	100	745	21.3496	10	1022	11	8	478	5	59	350	5	0.07182	75088.5	0.000177022	
2593	277	770	13.8732	12.0801	1050	10	8	481	12	70	344	6	0.239761	36567	0.000137608	
2622	214	755	13.5628	10.7645	997	12	8	488	8	74	348	6	0.198018	41942.2	0.000131804	
2603	351	754	16.9541	15.2458	1037	13	8	483	7	80	343	6	0.263944	30493.1	0.000163988	
2300	109	741	22.519	15.9777	927	12	9	468	7	46	344	4	0.07352	48050.6	0.000205761	
2300	100	725	21.4165	16	922	16	8	471	4	60	349	4	0.069893	50069.3	0.00020803	
2700	300	772	10.8067	10	1050	11	7	479	7	64	342	4	0.31732	42013.5	0.000122699	
2379	167	743	20.8645	15.8842	984	15	9	477	4	69	338	5	0.113243	39405.7	0.000187582	
2401	100	755	25	10	1050	15	9	469	16	66	350	4	0.069406	81456.8	0.000178635	
2605	184	761	14.7757	12.2458	1026	13	9	490	7	70	350	5	0.167397	41181	0.000140193	
2300	126	754	23.1104	16	913	15	9	477	3	43	322	5	0.082823	44543.1	0.000209336	
2300	100	735	24.973	15.8237	913	12	6	479	8	73	335	5	0.064044	53004.2	0.000214823	
2300	100	735	21.8872	15.8237	913	12	6	481	8	73	347	5	0.069825	51323.2	0.000206186	
2683	379	769	14.9303	15.6545	1046	11	8	480	6	80	349	5	0.31164	30024.4	0.000160694	
2548	116	753	20.9311	10	1050	12	8	468	16	65	344	4	0.09257	66669.5	0.000154464	
2300	118	757	23.7118	15.384	949	16	9	473	2	50	312	6	0.077743	48114.4	0.000204625	
2330	100	740	25	12.6397	1036	13	8	481	8	78	342	4	0.065532	64048.7	0.000193761	
2300	100	734	23.923	14.5345	917	10	8	474	3	73	335	6	0.065558	54477.8	0.000204834	
2300	100	742	23.835	10	1047	11	6	485	4	64	344	5	0.066795	85725.6	0.000182582	
2417	108	743	22.4805	10.6649	986	16	10	480	-0	70	343	5	0.078234	65803.9	0.000170532	
2652	166	745	16.1475	12.8423	956	10	7	487	10	76	328	6	0.146345	42210.6	0.000150534	
2342	100	743	24.7112	15.888	951	13	8	478	10	66	332	5	0.066767	52552.6	0.000209074	
2605	184	761	18.6849	11.8886	1026	13	9	490	7	68	350	5	0.145995	44208.7	0.000142878	
2659	422	762	13.4798	11.0294	1005	12	7	482	1	78	349	5	0.354279	35915.2	0.000131148	
2629	218	764	14.9468	11.4172	1047	11	6	478	0	72	350	6	0.190949	40859.9	0.000133761	
2700	210	771	11.2324	10.3284	1050	12	5	473	8	71	350	5	0.240906	44857.5	0.000123274	
2402	100	746	24.8299	10.0018	1029	14	9	469	0	79	346	4	0.068626	79232.8	0.000179953	
2300	101	739	25	10.7028	959	10	8	487	8	62	347	5	0.064906	73769.4	0.000189502	
2316	234	745	19.5018	15.9166	914	16	8	460	4	70	326	6	0.152348	34276	0.000192864	
2300	158	741	24.5929	16	931	16	10	475	4	47	314	5	0.095744	41206.9	0.000215332	
2697	424	761	19.3115	15.6545	1043	15	8	487	19	73	350	5	0.316915	29363.6	0.00016559	
2322	104	771	21.7003	11.3378	1016	17	9	469	19	71	343	5	0.076836	63145.1	0.000174764	
2697	407	761	15.4222	15.6545	1050	16	9	487	12	76	350	5	0.327306	29401.6	0.000161238	
2446	125	746	19.1274	10.1311	992	12	9	479	2	58	348	5	0.098088	60062.9	0.000151837	
2300	136	733	25	16	909	15	8	473	8	69	350	4	0.082512	44679.9	0.000210659	
2358	126	754	23.8977	11.6767	913	15	8	477	3	62	322	5	0.083584	57731.2	0.000176991	
2611	390	734	17.0614	15.4587	1046	12	9	487	9	76	350	5	0.283949	29706.9	0.000166528	
2300	100	725	25	15.5968	927	16	9	472	7	56	348	4	0.06317	52338.1	0.00021561	
2618	455	744	17.2949	16	984	14	9	485	9	75	340	4	0.33401	28693.8	0.000172891	
2565	240	764	13.9406	11.2426	1044	10	9	477	6	80	350	5	0.209698	39380.9	0.000133476	
2401	104	755	25	10	1050	15	8	467	16	66	350	4	0.071594	80741.1	0.000175469	
2433	114	742	22.4378	10	1048	15	8	472	7	60	340	4	0.082051	73128.5	0.000163372	
2667	493	775	14.6984	11.8573	1037	11	10	484	6	65	348	5	0.403094	33741.2	0.000134698	
2619	308	775	12.3361	10	1050	13	8	466	7	74	350	4	0.285467	40287.3	0.000123503	
2646	500	762	14.811	13.9594	1050	13	9	490	6	75	347	5	0.398417	30376.2	0.000149522	
2623	319	770	14.3445	12.0885	1030	15	7	476	0	79	345	5	0.267558	35367.1	0.000137779	
2534	166	767	16.7843	12.8423	1038	10	7	487	7	68	332	5	0.140098	43083.3	0.000149209	
2322	103	751	24.2641	11.024	1033	13	9	472	15	80	343	4	0.068913	70579.4	0.000182916	
2625	378	775	13.3719	11.9036	1037	13	8	470	5	75	349	6	0.323443	34755.9	0.000134735	
2697	434	773	14.9303	15.6545	1046	11	8	487	5	80	348	5	0.356969	29331.2	0.000159541	
2322	102	736	22.7299	10	976	12	6	487	2	66	334	5	0.070203	76139.2	0.000178731	
2363	100	739	23.7401	13.9184	1008	10	8	486	9	67	350	5	0.06879	57349	0.000194175	
2429	110	742	23.9434	10.1776	1035	14	8	486	5	64	338	5	0.076346	75887.5	0.000170474	
2615	319	772	14.0791	11.3204	1046	11	7	490	10	80	350	5	0.270212	36441.4	0.000132188	
2590	135	738	18.7475	10.0225	1044	11	8	485	5	67	350	5	0.110536	58892.9	0.000142633	
2373	100	761	23.9806	10	1050	15	8	464	18	68	339	4	0.070648	79406.3	0.000177211	
2586	370	767	15.7501	14.1463	1029	11	5	472	10	80	348	6	0.287972	31626	0.000154107	
2300	109	728	25	16	909	15	8	481	7	62	347	4	0.068015	49869.2	0.00021427	
2677	365	769	14.6041	12.2173	1050	11	8	485	10	79	348	6	0.304124	33931.6	0.000136556	
2300	100	725	25	15.8842	927	16	9	472	7	56	348	4	0.06317	51902.5	0.000217202	
2562	212	764	15.3197	11.2426	1031	10	8	478	7	80	350	5	0.179742	41352.3	0.000135336	
2355	174	749	22.7137	15.8842	953	11	6	467	5	80	349	5	0.11235	39291.5	0.000193199	
2661	420	758	13.7384	13.7839	1050	11	8	479	9	75	350	5	0.347521	31602.5	0.000147427	
2673	248	738	16.2915	14.5691	1018	11	9	474	13	61	350	5	0.198552	33999.8	0.000159515	
2639	226	760	14.7907	12.2458	1004	13	9	490	7	69	350	5	0.197295	38155.9	0.000139821	
2572	156	747	16.6647	10.4028	1031	13	6	484	19	58	350	4	0.133035	51565.6	0.000137061	
2325	103	758	21.8701	10.0259	1050	15	9	476	14	80	343	4	0.07458	73863.2	0.000172682	
2300	118	738	23.7118	15.384	949	12	9	473	2	50	312	6	0.075792	48549.2	0.000205465	
2617	290	757	16.4129	13.9007	1036	10	9	490	8	77	349	5	0.227236	33215.9	0.000152068	
2300	118	760	23.7118	14.8014	949	11	9	472	0	47	336	5	0.078051	49406	0.000196425	
2601	376	731	19.5042	15.5284	1020	13	9	490	4	76	346	5	0.260861	30137	0.000172058	
2315	100	742	21.8232	10	992	12	8	467	0	63	339	4	0.071051	73023.3	0.000177904	
2668	316	772	14.1168	10	1031	12	9	473	4	68	346	5	0.272385	40749.2	0.000125392	
2680	186	770	14.2767	10.8243	1007	14	9	474	5	69	346	6	0.18014	44373.1	0.000130668	
2313	100	761	20.9626	10.4945	1050	16	8	468	14	67	349	4	0.074935	69463.4	0.000174886	
2665	305	775	13.774	12.6688	1043	15	10	487	7	80	336	5	0.269284	34648.4	0.000140311	
2300	100	725	24.8061	15.986	900	12	8	469	6	60	350	4	0.063184	51771.4	0.000217297	
2593	131	771	24.7204	10	1050	10	9	488	16	70	350	4	0.097223	72068	0.000150105	
2700	491	775	12.797	10.2254	1050	13	6	476	9	76	346	5	0.429591	37548.1	0.000124116	
2557	106	751	16.8362	12.6831	1050	13	8	489	7	70	346	5	0.102216	51680	0.000166861	
2648	386	766	15.2911	11.7153	1020	10	6	489	7	69	348	5	0.30915	35105.1	0.000136017	
2300	100	742	23.835	10	1023	11	6	485	4	64	344	5	0.066795	83388.9	0.000182849	
2365	100	740	24.7557	15.639	999	13	7	477	3	75	338	4	0.067307	53492.9	0.000205002	
2698	440	771	12.7946	11.1769	1038	11	6	480	8	76	349	5	0.386119	35538.4	0.000128899	
2697	446	760	19.788	16	1050	11	9	487	16	79	350	5	0.330807	28854.5	0.000168265	
2558	126	771	24.7699	10	1050	10	9	484	16	65	345	4	0.092705	74361.8	0.000153728	
2512	100	755	21.2802	13.2355	1019	13	6	477	5	69	344	6	0.081502	55396.3	0.000179662	
2342	145	734	20.537	15.4165	959	12	7	482	12	69	348	5	0.09848	42992.6	0.000186463	
2693	422	771	14.4852	11.6389	1050	10	8	482	1	78	350	6	0.350703	34448.8	0.00013231	
2309	100	737	24.3184	10	1023	11	8	477	5	64	339	5	0.065607	83009.6	0.000184775	
2433	114	744	22.4378	10	1048	11	8	472	7	60	344	4	0.082272	73394.1	0.000162522	
2648	386	768	15.488	14.3721	1020	10	7	489	7	80	347	6	0.308553	30848.2	0.00015361	
2632	319	747	16.7579	15.437	987	12	9	481	4	61	347	6	0.242622	31017.9	0.00016818	
2656	176	766	16.5039	11.0463	1006	12	10	483	20	56	350	5	0.155383	45846.7	0.000135208	
2338	100	739	24.9181	15.8842	926	11	10	474	2	61	346	5	0.06573	52087.9	0.000211149	
2301	148	759	24.7466	15.7855	909	17	7	481	7	73	347	4	0.0926	43445.6	0.000204248	
2380	108	731	23.1147	13.0084	1000	17	9	480	6	62	346	5	0.073957	56712.3	0.00018474	
2300	100	742	23.835	10	1049	11	7	485	4	77	344	5	0.066795	83567.6	0.000182615	
2363	100	725	22.5792	12.9786	907	15	9	470	14	72	349	4	0.069605	55819.8	0.000191902	
2369	100	745	25	10.0259	946	12	9	477	4	75	349	4	0.067354	75417.2	0.000182749	
2460	271	745	19.5018	15.9166	954	18	8	460	10	74	336	5	0.184752	32235.6	0.000184128	
2649	343	769	16.5415	15.8696	1046	14	6	490	3	72	350	5	0.269853	30101.6	0.000164231	
2618	244	757	16.574	16	1031	12	6	488	8	77	350	5	0.194979	32897.2	0.000167954	
2320	100	736	23.4238	15.8237	913	12	8	483	8	73	333	5	0.067507	51821.3	0.000208855	
2625	386	768	15.488	14.3721	1025	10	8	489	7	80	339	6	0.306138	30840.2	0.00015456	
2405	111	751	23.1164	15.4142	915	16	8	467	1	50	333	6	0.078591	48183.5	0.000197863	
2380	103	751	23.0168	10.0259	1033	13	9	478	15	80	343	4	0.073808	74772	0.00017313	
2379	147	742	19.1054	13.0197	978	17	8	482	8	69	345	5	0.106787	46273.5	0.000164339	
2300	109	725	25	16	909	15	8	481	6	62	348	4	0.067734	49837.7	0.000214638	
2617	500	768	16.2884	13.9007	1032	13	8	490	6	80	348	4	0.385871	30447.2	0.000151035	
2427	100	772	24.3582	10.0027	1050	15	10	468	16	79	339	4	0.073094	77794.4	0.000174155	
2536	212	775	16.0676	12.5933	1010	14	9	477	14	72	346	5	0.175524	38707.3	0.000145222	
2454	119	746	23.1531	10	1003	14	8	471	9	80	344	5	0.084432	70178.6	0.000161134	
2436	104	758	23.1422	10.7066	990	15	7	479	8	78	344	5	0.076618	67769.8	0.000172622	
2300	100	741	24.5166	15.5853	917	10	7	484	5	73	334	6	0.065114	53412.8	0.000211193	
2558	131	771	24.7699	10	1050	10	9	484	16	65	340	4	0.095712	73831.9	0.000152602	
2363	100	725	22.5792	13.4228	907	15	9	470	14	72	345	4	0.069605	54686.8	0.000193986	
2420	114	764	21.8963	11.4393	1004	10	10	487	5	74	350	6	0.085091	60002.4	0.000165563	
2412	100	741	23.1164	15.4613	932	16	9	472	3	64	341	6	0.071844	51145.6	0.000200682	
2637	148	755	18.1634	12.634	1046	14	7	472	9	80	336	6	0.125814	45765.1	0.00014892	
2325	103	757	20.5743	11.8261	1038	15	9	472	7	60	343	4	0.077693	60436.2	0.000176523	
2688	151	757	18.6365	12.0141	1046	12	7	478	3	70	348	4	0.128846	47453.6	0.000143102	
2465	130	740	22.3265	12.6739	1019	13	8	481	8	72	342	4	0.092056	52610.4	0.000166611	
2693	131	753	17.1896	10	1039	13	8	468	6	74	346	5	0.122484	55984.8	0.000138889	
2559	319	770	14.3445	13.6425	1030	15	7	476	0	79	345	5	0.261505	33231.5	0.000149499	
2661	420	758	13.0386	10	1050	11	8	479	9	75	350	5	0.35611	38198.4	0.000124766	
2610	277	770	13.8732	11.904	1050	10	8	479	12	68	341	6	0.241249	36926.4	0.000136687	
2443	100	737	22.5792	13.4228	911	15	9	472	12	69	344	4	0.07368	54399.1	0.000189107	
2300	100	725	25	13.2945	909	12	10	474	6	78	348	4	0.06317	57662.7	0.000203211	
2300	100	741	23.7527	16	931	16	8	474	7	50	314	5	0.066709	50928	0.000215193	
2319	106	736	20.492	10.208	1003	12	7	485	5	80	340	5	0.077403	68077.7	0.000171438	
2550	152	762	17.4564	11.0803	962	12	9	478	17	63	338	5	0.128479	48773.6	0.000143225	
2665	151	758	17.3279	10.1713	1046	12	7	478	12	80	344	5	0.133946	52917.7	0.000134066	
2555	303	769	14.3445	13.3602	1030	14	8	481	4	80	346	4	0.249586	33785.7	0.000147341	
2325	132	758	21.5429	11.8261	1041	13	9	479	8	60	343	4	0.091476	57288.2	0.000165044	
2617	100	745	20.7239	13.3634	1027	10	9	465	19	69	350	4	0.085582	53790.7	0.000178444	
2335	103	751	24.1457	10.0259	1033	16	9	472	16	80	343	4	0.069929	78039.2	0.000178253	
2315	100	730	23.9285	10	1014	12	8	467	0	63	341	4	0.065729	79961.3	0.000184264	
2325	103	758	20.5743	11.8261	1050	15	9	472	7	60	343	4	0.077796	60865.9	0.000176243	
2584	131	758	19.687	10	1043	12	8	487	10	68	350	5	0.107868	60995.2	0.000143266	
2433	114	752	22.4378	10	1048	13	8	472	8	60	344	4	0.083157	72819	0.000161786	
2465	155	758	16.0436	14.164	1049	11	9	479	6	80	350	5	0.131862	42276.4	0.000158028	
2605	407	773	18.3283	15.6545	1046	11	8	480	4	76	346	4	0.303809	29487.5	0.0001657	
2564	189	769	12.9637	10.9795	1046	11	8	481	11	71	348	4	0.187505	43506.8	0.000131337	
2379	100	746	23.8476	10.8284	1016	15	7	470	7	75	342	4	0.070015	70686.7	0.000180865	
2700	234	759	16.3731	14.5018	1026	11	9	483	4	57	348	5	0.195999	34807.3	0.000156152	
2618	398	741	16.8466	16	1031	12	6	488	8	75	349	5	0.294381	29272.2	0.000170126	
2427	107	772	25	10.9488	1050	14	10	468	17	79	340	4	0.075878	70012.3	0.00017322	
2667	500	772	13.872	12.2766	1039	14	10	484	11	74	347	5	0.416265	32797.4	0.000136874	
2325	103	758	23.0168	10.0259	1050	15	9	472	14	80	343	4	0.072407	76399.4	0.000174581	
2300	100	736	22.7083	11.4069	988	14	7	472	8	66	339	5	0.068359	65738.3	0.000185977	
2428	194	736	25	15.8925	909	14	8	473	6	61	345	4	0.120851	37575.2	0.000200521	
2379	115	774	22.0149	10.9044	1010	14	9	479	7	68	341	6	0.085055	63310.6	0.000164096	
2638	266	758	14.8186	12.798	1042	11	7	481	12	78	347	6	0.223851	35526	0.000142714	
2690	499	767	14.8933	13.6236	1017	13	9	477	8	77	347	6	0.405166	31081.6	0.000147754	
2417	108	769	23.4444	10.6649	997	16	10	478	3	73	343	5	0.078679	67457.2	0.000169549	
2617	415	767	17.2604	13.9007	1032	13	10	490	6	78	347	4	0.314291	31117.8	0.0001523	
2574	184	765	16.8362	12.6831	1050	13	7	489	8	70	346	6	0.153494	41376.4	0.000145264	
2323	100	734	24.0423	10.0154	990	13	9	475	5	64	336	5	0.066366	78522.1	0.000184128	
2300	100	725	25	15.8842	927	15	9	470	7	56	348	4	0.06317	51941.3	0.000216967	
2617	223	766	13.7802	10.8465	1006	12	10	483	20	56	350	5	0.20474	41506.2	0.000131718	
2518	237	758	16.499	14.9586	1050	11	9	473	10	71	348	6	0.184017	34401.9	0.000162813	
2598	147	769	19.3192	10.8959	1018	13	7	481	8	59	343	4	0.121239	53261.2	0.000142187	
2632	483	774	13.0855	11.4068	1049	13	10	486	10	74	349	5	0.40969	34378.9	0.000131372	
2605	184	761	18.4309	12.2458	1025	13	9	490	7	70	350	5	0.147233	42814.3	0.00014455	
2700	449	775	11.7088	10	1050	11	7	483	7	73	350	5	0.415306	38203	0.000121655	
2621	201	753	16.6022	12.9722	981	14	8	485	3	73	341	5	0.166062	38803.8	0.000149432	
2613	131	762	18.7475	10	1043	11	8	488	10	68	349	5	0.112777	58751.3	0.000141323	
2300	100	739	25	15.8842	927	16	9	472	7	56	348	4	0.06439	51956.9	0.000215146	
2300	100	725	25	16	905	16	8	470	5	61	349	4	0.06317	51695.4	0.000218103	
2302	132	725	23.8304	16	927	16	8	474	6	60	349	6	0.081764	44752.5	0.000207555	
2300	100	725	25	13.2945	913	12	9	474	6	78	350	4	0.06317	57876.7	0.000203046	
2446	166	754	16.1475	12.3949	972	12	8	487	9	68	339	6	0.136105	43476.6	0.000151309	
2693	193	768	16.0014	10.0124	1050	12	9	469	6	74	342	4	0.172563	47690.6	0.000127372	
2660	500	743	17.0236	14.1782	1039	13	9	489	7	80	350	6	0.373436	30150.9	0.000155183	
2315	201	731	22.2916	15.1465	917	17	6	480	12	73	347	4	0.123019	38257.2	0.000193461	
2342	144	758	20.5743	11.8261	1035	15	9	472	7	70	343	4	0.101141	53231.5	0.000159388	
2432	100	738	25	11.2384	953	15	7	489	0	67	342	6	0.068929	68337.1	0.000184843	
2619	154	769	14.167	10	1050	13	8	481	7	69	350	4	0.155988	49413.1	0.000129299	
2700	228	770	12.6286	10	1007	13	9	484	8	73	350	5	0.229547	43278	0.000123946	
2700	165	770	16.3577	10.542	1050	11	8	482	0	75	350	5	0.15219	48349.8	0.000129921	
2590	147	769	17.9396	10.0225	1044	11	8	485	8	67	350	5	0.126272	55454.3	0.000135355	
2417	108	771	23.4444	10.3746	986	16	10	474	3	70	343	5	0.078883	68983.4	0.00016852	
2653	201	750	17.2828	12.9722	980	14	8	485	3	74	341	5	0.163729	39111.9	0.000149768	
2685	468	775	11.7088	10	1050	11	6	480	7	73	350	5	0.428768	38196.8	0.000121862	
2523	116	741	20.9311	10	1043	12	8	469	15	65	344	4	0.090065	66913.5	0.000156495	
2670	119	745	21.1328	10	1050	15	4	468	14	73	339	5	0.097851	69906.4	0.00015108	
2654	218	768	14.9468	11.4172	1047	11	7	478	0	72	347	6	0.19376	40701	0.00013328	
2590	481	770	14.811	13.9594	1046	13	9	490	6	77	347	5	0.380547	30637.5	0.00015015	
2619	128	752	20.5624	10.4611	1023	13	7	474	2	79	344	5	0.103829	59849.4	0.000147732	
2419	100	762	21.8963	10.4873	990	10	9	476	7	75	334	5	0.076957	67214	0.000173461	
2657	500	740	16.5701	16	1016	13	8	490	8	66	348	5	0.374478	28374.3	0.00017001	
2469	249	765	15.3238	11.3782	1019	14	10	489	6	74	348	5	0.197215	39645.4	0.00013986	
2689	500	771	16.4218	15.523	1037	11	9	484	3	76	348	5	0.394955	28732.1	0.000161005	
2619	154	769	14.0165	10	1050	13	8	481	7	70	350	4	0.157198	49285.3	0.000129249	
2429	110	742	23.9434	10.1776	1018	13	8	488	5	64	334	5	0.076346	75198.7	0.000170882	
2300	100	727	25	13.2945	909	12	8	474	6	78	348	4	0.063345	57943.5	0.000202922	
2602	110	736	25	16	938	12	9	471	7	66	346	5	0.080415	48474.8	0.000194363	
2665	500	744	16.5352	14.7303	1050	11	8	490	7	80	349	5	0.377466	29431.1	0.000157729	
2581	147	769	18.7475	12.9433	1044	11	7	477	10	69	350	5	0.122178	45614.6	0.000150353	
2332	100	770	23.9806	10.3151	1050	15	7	471	4	75	339	4	0.069959	77005	0.000178955	
2603	351	755	16.9541	15.2458	1037	13	8	483	7	80	343	5	0.264294	30479.5	0.00016372	
2582	131	762	18.7475	10	1043	12	8	487	10	68	350	5	0.111297	58961.3	0.000142045	
2390	114	760	21.52	11.4455	980	13	10	490	5	74	350	6	0.084528	58994.2	0.00016675	
2661	420	761	13.7384	13.7839	1050	10	8	479	9	75	349	5	0.348896	31565.8	0.000147167	
2700	416	738	16.1904	15.8714	1035	10	8	478	12	80	341	5	0.318729	29153.7	0.00016756	
2700	343	775	13.6159	10.4374	1049	11	9	490	5	79	350	5	0.30224	37712.8	0.000125141	
2470	202	770	16.3577	10.542	984	11	7	482	0	76	350	5	0.161698	45410.7	0.000136333	
2363	100	738	22.5792	12.9786	907	15	10	471	14	72	349	4	0.070853	55718.2	0.00019015	
2483	173	744	16.1475	12.8423	983	10	7	485	11	80	333	6	0.140628	41659.8	0.000153988	
2374	100	759	20.7239	13.4067	973	15	9	465	19	69	350	4	0.077661	53984.3	0.000184468	
2518	281	759	16.499	14.9586	1050	11	9	473	10	71	348	6	0.213012	32741	0.000162681	
2432	147	734	18.7544	10.0831	1026	15	8	485	7	75	348	4	0.109308	58046.5	0.000145985	
2619	287	769	12.9637	10	1026	13	8	472	7	69	350	4	0.259415	40924.1	0.000125125	
2612	372	731	17.2947	15.2922	1038	10	9	489	12	71	337	5	0.269103	30193.8	0.000167056	
2627	500	767	15.1281	12.7493	1050	14	10	487	7	80	339	5	0.395581	31937.8	0.000142735	
2375	105	742	24.8599	15.1357	985	13	7	485	7	64	345	5	0.069968	53383.5	0.000199681	
2570	245	769	11.6259	10.6082	1050	10	8	483	5	77	350	6	0.245672	41317.1	0.000127894	
2300	100	725	25	13.765	909	12	8	485	6	62	348	4	0.06317	56886.5	0.000205592	
2598	147	770	17.2339	10.8959	1018	10	7	481	8	59	343	4	0.129867	50264.7	0.000139043	
2688	151	757	19.6298	10	1050	12	6	485	3	70	347	6	0.125141	59499.8	0.000135281	
2310	100	743	22.7966	15.8842	926	11	10	472	7	57	346	5	0.068852	51220.1	0.000206954	
2407	108	769	23.4444	10.4352	997	16	10	481	3	73	343	5	0.078287	69303.1	0.000169262	
2300	183	753	23.1104	16	909	16	9	477	4	43	350	5	0.113993	37792.9	0.000208247	
2658	316	770	14.1168	10	1031	11	9	473	4	68	346	5	0.270734	40645.5	0.000125676	
2598	398	743	16.8466	16	1039	12	7	490	8	72	339	5	0.293148	29361.4	0.000170707	
2700	417	767	12.5457	10	1050	10	8	480	13	75	343	4	0.369973	38063.6	0.000124054	
2613	144	747	16.1625	11.1289	1047	14	6	481	8	74	349	5	0.130802	49086.5	0.000140233	
2700	151	757	16.6407	10.2348	1041	13	7	474	6	75	346	5	0.138693	52057	0.000132979	
2485	100	772	22.2975	10.9661	1025	15	8	473	10	70	339	4	0.079371	65321.2	0.000172176	
2300	100	763	24.5166	10.8761	917	14	8	474	4	73	345	6	0.067047	68189.5	0.000187196	
2625	296	733	14.8308	14.0961	1042	13	8	476	9	75	346	6	0.235458	33033	0.000155063	
2402	115	745	23.1168	10.0018	1020	14	9	469	2	75	338	4	0.080034	72158	0.000165563	
2620	349	741	14.0385	13.8423	1036	11	8	489	7	80	347	5	0.28143	32221.3	0.000151172	
2661	420	758	13.7384	13.7839	1050	11	8	479	9	75	350	5	0.347521	31567	0.000147449	
2544	116	750	21.1328	10	1019	12	7	468	11	68	338	5	0.091456	66561.3	0.00015586	
2344	167	743	20.8645	15.8842	1026	15	9	477	9	69	338	5	0.111443	40302.8	0.000187512	
2300	114	743	25	16	931	16	8	474	7	50	342	5	0.072028	48263.6	0.000213174	
2402	120	757	22.3311	10.8025	1050	16	10	480	11	68	338	5	0.085805	65240.4	0.000162973	
2669	369	768	10.8067	10	1050	11	7	480	5	67	350	5	0.365066	40219.5	0.000122175	
2682	493	762	13.6534	11.9547	1035	12	9	482	8	77	346	5	0.4103	33365	0.000135501	
2628	319	770	14.3445	12.0885	1023	15	8	476	9	79	345	5	0.268031	35268.2	0.000137988	
2550	117	762	19.9556	10.5242	1050	12	7	471	14	66	342	4	0.097283	60964.8	0.000153374	
2345	140	734	23.4238	15.8237	913	12	8	483	8	73	333	5	0.089416	43597.1	0.00019996	
2674	256	735	15.5526	11.9526	998	12	7	490	12	62	347	4	0.207503	37858.2	0.000141203	
2643	486	767	14.9889	13.2498	1046	13	9	490	6	77	346	5	0.38815	31250.1	0.000144592	
2638	226	758	14.8186	12.798	1022	11	7	481	12	78	347	6	0.196716	37333.3	0.000143534	
2661	408	743	16.1155	15.2638	1035	10	7	488	4	79	334	5	0.310904	29736.5	0.000163185	
2700	202	770	14.9334	10.2707	1049	11	7	486	0	80	350	5	0.186618	44823.1	0.000125945	
2700	500	769	15.3238	12.7312	1029	11	10	490	5	80	344	5	0.404504	31920.7	0.000140766	
2325	103	755	20.5743	11.8261	1050	12	9	472	7	58	343	4	0.077488	61138.2	0.000176429	
2643	422	767	15.1266	13.9007	1049	13	8	490	6	76	344	5	0.337412	30970.9	0.000149231	
2316	234	745	19.5018	15.9166	937	16	8	460	6	70	326	6	0.152348	34399.2	0.000191644	
2665	422	762	13.4798	11.0294	1050	12	8	482	1	78	350	5	0.354981	35574.1	0.000129634	
2401	126	755	25	15.5753	986	15	9	469	8	66	334	4	0.083742	47083.9	0.000194818	
2615	226	758	14.648	12.798	1022	11	7	481	12	78	347	6	0.196274	37355.1	0.000143885	
2300	100	761	25	10.9999	948	13	6	487	6	64	343	5	0.066307	70951.4	0.000188822	
2419	198	741	23.0792	15.4613	932	13	9	468	3	67	324	4	0.127074	37391.3	0.000191022	
2574	228	773	12.8381	10.0346	1035	13	7	484	6	80	350	6	0.216808	42966.2	0.000126279	
2601	301	757	15.3197	13.9124	1013	13	8	489	6	71	349	5	0.240603	33027.4	0.000152765	
2484	116	762	19.6785	14.9586	1013	11	6	487	7	51	347	6	0.094971	47474.3	0.000176835	
2648	175	771	16.3577	10.542	1029	11	8	489	0	72	350	5	0.155865	47280.1	0.000130719	
2598	398	743	16.8466	16	1028	12	7	490	8	72	346	5	0.293148	29315.9	0.000170736	
2317	102	736	22.7299	11.912	976	12	6	487	2	66	334	5	0.070018	63222.2	0.00018577	
2382	105	746	24.8599	12.8113	997	11	7	487	9	65	349	5	0.0706	61066.7	0.000187336	
2574	228	773	12.8381	10.0346	1049	13	7	484	6	80	350	6	0.216808	43060.1	0.000125992	
2619	308	774	13.9341	10.001	1048	13	8	466	7	74	344	4	0.264717	40677	0.00012596	
2670	247	770	14.0206	10.7814	1048	11	7	469	0	68	348	5	0.223978	40805.1	0.000128353	
2700	456	771	12.0714	10	1050	11	7	480	7	70	350	5	0.411204	38186.1	0.00012213	
2602	110	736	22.0047	15.8842	938	12	9	482	7	66	346	5	0.086888	47123.3	0.000188253	
2658	154	757	13.0774	11.5868	1046	12	6	478	8	61	347	4	0.166894	45825.4	0.000136277	
2309	100	737	22.2694	16	1023	11	8	477	5	64	339	5	0.069307	52802.5	0.000204499	
2584	144	749	15.6708	11.1289	1047	11	6	481	8	74	342	5	0.132505	48591.5	0.000140885	
2687	384	758	14.3369	13.7839	1050	10	8	479	9	75	350	5	0.316944	31730.3	0.000147406	
2700	460	775	16.0742	13.3016	1043	14	9	486	6	71	350	5	0.369687	31547.8	0.000144113	
2484	166	754	16.1475	12.8423	972	10	7	487	9	68	332	6	0.13832	42501.6	0.000153492	
2526	127	767	19.8884	10	1017	13	7	481	14	61	349	5	0.103433	62244.6	0.00014652	
2666	407	773	14.9303	15.3032	1046	11	7	488	17	76	343	5	0.332639	29913.8	0.000157903	
2300	100	726	25	10.4551	928	13	8	486	4	80	341	6	0.063258	73278.3	0.000191975	
2414	103	749	23.3785	11.7501	965	17	6	479	2	69	345	4	0.073778	62400.8	0.000179888	
2638	391	759	15.1187	13.2414	1038	11	9	490	4	80	341	4	0.310346	31970.4	0.000146092	
2625	145	755	18.1634	12.634	1041	14	7	472	9	79	336	6	0.123333	46129.9	0.000149858	
2619	116	756	21.3656	10.4611	1023	13	6	474	4	79	344	5	0.094727	63758.1	0.000154727	
2700	373	738	16.1904	16	1050	10	8	478	8	80	341	5	0.287596	29524.4	0.00016787	
2698	500	774	13.1527	11.385	1039	13	9	484	11	80	346	6	0.430717	34359	0.000130719	
2300	100	734	24.743	14.5629	971	13	8	486	5	80	333	5	0.064484	56414.8	0.000205634	
2661	420	758	15.0327	12.9015	1050	11	8	479	9	75	350	5	0.334667	32392.8	0.00014245	
2598	147	769	19.5353	10.8959	1018	13	7	481	7	59	343	4	0.120635	53567.4	0.00014245	
2583	132	768	22.9008	10	1049	15	8	480	2	79	339	4	0.100754	67487.5	0.000147536	
2691	468	765	15.8691	12.745	1044	11	9	490	9	65	346	5	0.371556	32455.3	0.000141683	
2436	104	751	18.7165	10.7066	998	15	7	479	8	78	343	5	0.08805	59770.4	0.0001665	
2611	249	775	12.9637	10.0417	987	13	8	477	5	70	344	4	0.233758	42133.8	0.000126984	
2700	177	775	10.8067	10	1050	11	6	480	8	72	350	5	0.22778	48334.4	0.000122279	
2421	100	745	23.8476	10.7172	1039	15	8	470	5	65	343	4	0.07144	72007.3	0.00017854	
2300	100	735	24.973	15.7581	913	12	6	479	8	73	329	5	0.064044	53115.2	0.000214684	
2698	163	749	14.7703	12.845	1046	13	9	477	12	62	350	4	0.157014	42307.1	0.000143575	
2601	404	775	12.7268	11.4152	1047	10	9	469	1	71	350	5	0.349722	35470.7	0.000131199	
2662	481	768	15.3238	12.7312	1029	11	9	490	4	80	350	5	0.38413	31985.7	0.000141064	
2417	108	769	23.4444	10.6649	986	16	10	478	3	65	343	5	0.078679	67317.8	0.000169895	
2659	218	763	14.9468	11.7162	1050	11	6	478	0	69	345	6	0.192858	40223.2	0.000135483	
2416	105	761	20.8997	10.624	924	14	8	477	13	61	341	5	0.081766	62475.4	0.000169434	
2402	100	746	24.8299	14.7816	1035	15	9	470	0	79	348	4	0.068626	55281.8	0.000197511	
2682	493	769	12.2132	10.9104	1050	11	9	484	10	66	349	5	0.435418	35845.4	0.000127421	
2356	100	725	25	12.1036	909	13	9	472	6	61	345	4	0.065099	61561.9	0.00019478	
2342	145	734	20.537	15.4165	959	13	8	482	8	73	328	5	0.09848	42874.2	0.000188041	
2593	290	770	14.6041	12.0801	1050	10	8	485	12	70	345	6	0.24229	36126.2	0.000138122	
2342	100	743	24.1223	16	951	13	9	478	10	68	332	5	0.067857	51992.7	0.000207943	
2618	404	769	13.7801	12.0102	1048	10	9	481	6	71	350	5	0.335466	33995.8	0.000135575	
2412	166	754	16.1475	12.3949	972	12	7	482	8	72	333	6	0.134123	43641.8	0.000153304	
2630	381	729	16.3981	14.9684	1035	11	7	482	8	76	349	5	0.28161	30349.5	0.000162973	
2665	277	747	13.5876	10.6189	1006	11	8	487	9	70	348	6	0.241981	39564.5	0.000130685	
2662	500	768	15.3238	12.7312	1029	12	10	490	4	80	350	5	0.399102	31882.8	0.000141103	
2643	151	754	17.6911	10	1046	12	6	478	1	62	343	5	0.130255	55967.7	0.000134953	
2325	103	755	21.5814	11.8261	1050	12	9	472	7	57	343	4	0.074821	62946.2	0.00017854	
2402	104	757	24.8602	10.0018	1050	11	9	470	3	70	338	4	0.07183	80399.1	0.000175223	
2562	229	764	17.8158	11.2426	1047	10	9	478	7	80	350	4	0.176551	42417.8	0.000137855	
2558	128	742	24.7112	12.5157	942	13	8	474	7	71	344	5	0.090379	54878.5	0.000169779	
2574	228	773	14.6053	10.0346	1035	13	7	479	6	80	350	6	0.199063	43827.1	0.000127681	
2604	422	755	13.4798	12.1389	1050	10	9	482	5	75	350	5	0.344653	33633.3	0.000137646	
2678	499	767	15.0192	12.3553	1011	13	9	488	6	76	347	6	0.402087	32744.1	0.000139451	
2558	150	771	17.4944	10	1050	13	9	483	16	68	343	4	0.128566	54444.5	0.000135759	
2460	123	745	19.5018	15.9166	954	18	7	477	10	74	336	5	0.096347	44675.8	0.00018498	
2669	210	764	11.2324	10	1050	12	5	481	7	71	350	5	0.236076	45356.9	0.000123031	
2691	500	775	13.1527	12.766	1039	13	7	483	5	78	346	5	0.430323	32454.2	0.000138504	
2370	102	744	25	10	1050	12	6	487	8	66	343	5	0.068365	85800.7	0.000180278	
2315	148	728	20.0012	15.7855	933	17	5	481	9	74	347	4	0.099606	41979.8	0.000192123	
2415	116	740	23.1531	10	959	10	6	471	10	75	350	5	0.080552	70814.9	0.000165344	
2421	100	745	23.063	10.7172	1039	14	8	470	5	69	343	4	0.072563	70328.2	0.000177651	
2604	422	755	13.4798	12.4525	1050	10	9	482	5	74	350	5	0.344653	33198.7	0.000139509	
2420	114	764	21.8963	10.9583	1004	10	10	487	5	74	350	6	0.085091	62581.6	0.000163747	
2315	201	728	22.2916	15.7974	917	17	6	481	12	73	347	4	0.122514	37385.1	0.00019861	
2621	154	772	14.167	10	1050	13	6	481	7	69	350	4	0.156721	49817.7	0.000128982	
2300	109	769	25	16	909	15	8	481	6	62	348	4	0.071845	49951.9	0.000208333	
2300	100	734	25	14.9177	917	11	8	474	6	74	349	6	0.063955	54261.2	0.000209688	
2668	234	771	14.1168	10	1007	12	9	472	4	68	346	5	0.213698	43638.3	0.000126088	
2325	103	755	20.5743	11.1954	1041	12	9	472	7	57	343	4	0.077488	63822.9	0.000174277	
2300	100	730	25	10	977	11	8	467	11	63	343	4	0.063606	80073.7	0.000188964	
2388	148	728	21.9676	16	933	16	4	481	8	76	347	4	0.098191	41825	0.000193836	
2689	414	775	12.3461	10	1050	11	6	480	7	73	350	5	0.373863	38459.1	0.00012222	
2632	483	772	13.0855	11.4068	1049	13	10	485	12	80	349	4	0.408631	34180.8	0.000131492	
2385	209	754	23.8714	16	935	10	9	460	0	80	341	5	0.132622	36232.2	0.000196734	
2700	445	772	14.6276	14.0312	1036	11	9	489	8	80	349	6	0.368429	30671.1	0.000148104	
2363	100	737	22.5792	13.4228	911	15	9	472	14	69	345	4	0.070757	54748.4	0.000192308	
2633	387	729	15.9295	14.6771	1045	11	7	481	6	74	341	6	0.288741	30616.8	0.000160565	
2348	100	757	25	10	1049	14	8	469	16	66	347	4	0.067684	82566.1	0.000181324	
2624	376	731	17.5619	15.5284	1033	13	9	490	3	80	350	5	0.271666	29748.5	0.000168095	
2315	100	742	21.8232	10.3517	992	12	9	467	-0	78	339	4	0.071051	69319.6	0.000179115	
2373	102	773	23.2582	11.4476	991	15	8	468	17	73	342	5	0.074575	63932.9	0.000177525	
2680	228	770	14.0771	10.8243	1007	14	9	472	7	69	346	6	0.210857	41562.1	0.00013031	
2479	115	756	19.7599	10.7542	1021	12	8	478	4	71	340	5	0.092858	59422	0.000158253	
2402	100	745	23.9806	10.2086	1049	15	8	464	2	75	339	4	0.070205	77094.8	0.00017838	
2333	100	759	22.0345	15.1323	914	16	9	468	2	50	335	6	0.072826	50803.2	0.000200723	
2640	330	732	17.1129	15.6474	1046	13	8	484	11	79	350	5	0.243928	30424.8	0.000167673	
2590	246	769	11.6259	10.6082	1050	10	8	483	5	79	350	6	0.248184	41164.1	0.000127453	
2310	100	739	24.9181	15.8842	926	11	10	474	2	61	346	5	0.064747	52387.2	0.000213083	
2700	202	770	16.3577	11.3899	1038	11	8	482	-0	78	350	5	0.176964	42352	0.000133103	
2700	500	772	12.9202	11.3776	1036	11	9	489	7	80	350	6	0.433758	34280.2	0.000130022	
2629	376	771	15.4856	11.6389	1050	10	8	482	1	78	350	6	0.30036	35251.6	0.000134644	
2337	167	745	22.7137	15.8842	953	15	9	467	5	69	339	5	0.106925	39920.2	0.000195503	
2625	336	775	13.8664	11.0194	1047	13	8	475	9	75	349	6	0.286658	36991	0.000130073	
2418	209	746	19.4457	15.9166	1006	10	9	460	0	70	340	5	0.1443	35367.4	0.000182216	
2320	100	746	25	11.6958	1019	13	9	480	4	78	341	4	0.065709	68037.1	0.000190549	
2665	500	744	16.9538	14.2445	1050	11	8	488	8	80	350	5	0.375289	30038.9	0.000154679	
2678	471	771	13.4215	10.8519	1040	11	6	480	5	73	350	5	0.40003	35924.4	0.000127828	
2325	118	751	23.0168	10.0259	1033	13	9	472	7	80	350	4	0.079768	72761.3	0.000166279	
2311	103	758	23.0168	10.0259	1050	15	9	476	14	71	348	4	0.071875	77772.9	0.000175131	
2664	422	755	13.4798	12.0137	1050	10	8	482	5	78	350	5	0.351604	33749.6	0.000135593	
2303	102	753	23.9229	10	1033	15	8	479	18	74	347	5	0.068418	80455.8	0.00018044	
2682	493	766	14.9477	11.8178	1050	12	9	482	7	77	346	5	0.398075	33626.4	0.000134971	
2325	103	751	23.0168	10.0259	1050	13	8	471	7	80	343	4	0.071738	76873.8	0.000175254	
2300	113	725	20.6069	16	900	15	8	473	14	66	348	4	0.078604	46905.4	0.000201613	
2574	184	751	17.4993	12.6831	1050	13	7	489	8	70	346	6	0.14708	41887.3	0.000147514	
2544	203	758	16.7907	12.4007	1029	12	7	480	17	70	350	5	0.162229	40375.4	0.000145075	
2657	207	763	15.5061	11.4172	1047	10	6	481	0	72	350	6	0.181544	41753.6	0.000133726	
