2700	490	775	10	10.0189	1050	11	5	479	9	74	350	5	0.498641	40432.7	0.000120744	
2300	100	725	25	16	900	17	8	469	11	57	349	4	0.06317	51298.7	0.000219202	
2700	490	775	10	10	1050	11	5	479	9	74	350	5	0.498641	40460.8	0.000120656	
2700	500	770	12.9202	11.3776	1036	11	9	489	8	80	350	6	0.3769	28361.6	0.00016952	
2300	100	749	23.835	10	1049	11	5	485	17	64	350	5	0.067425	86660.4	0.000181587	
2700	500	775	10.8067	10	1050	11	7	480	7	69	350	5	0.479254	38934.9	0.000121036	
2700	485	775	10.8067	10	1050	11	8	480	6	69	350	5	0.466638	38969.2	0.000121036	
2370	102	740	25	10	1050	12	6	474	8	66	343	5	0.067997	84646.7	0.000180603	
2699	500	775	11.612	10.9666	1050	10	7	478	7	61	350	5	0.458635	36508.6	0.000126247	
2696	500	775	11.387	10	1050	11	6	475	7	76	350	5	0.463712	38310.5	0.000121418	
2336	102	740	25	10	1050	12	6	475	9	70	338	5	0.066789	85403.9	0.000182815	
2699	500	773	12.373	10.9666	1050	10	7	488	7	61	350	5	0.442676	35809	0.000127033	
2700	482	775	11.4244	10.44	1033	10	8	481	9	76	350	5	0.448529	37252.1	0.000123885	
2700	468	775	10.8067	10	1050	11	6	480	7	73	350	5	0.452451	39081.2	0.000121065	
2700	468	770	12.9274	10	1048	11	6	480	8	73	350	5	0.406734	38117.4	0.00012288	
2300	100	735	23.835	10	1049	11	6	485	4	64	344	5	0.066165	86209.1	0.000183419	
2423	104	746	24.8602	10.0018	998	15	8	469	3	75	342	4	0.071547	76653.7	0.00017618	
2700	202	770	14.9334	10.2707	1049	11	7	486	0	80	350	5	0.186618	44823.1	0.000125945	
2444	129	739	21.1328	10.2981	1050	10	8	465	4	57	337	4	0.093269	66008	0.000154919	
2657	422	771	13.2129	10.4609	1050	10	7	480	1	69	350	4	0.361112	37091.4	0.000125739	
2700	500	775	11.7088	11.1563	1050	12	6	483	7	75	350	5	0.457246	35736.8	0.000127259	
2300	100	725	20.4797	16	905	16	8	470	4	60	349	4	0.072424	49429.9	0.000206825	
2402	100	746	24.8299	10.0018	1029	14	9	469	0	79	347	4	0.068626	79173.5	0.000179921	
2691	500	775	13.1527	12.766	1039	13	7	483	5	78	346	5	0.430323	32454.2	0.000138504	
2402	114	746	24.8299	10.0018	1029	14	9	469	1	79	346	4	0.076224	76406.8	0.000170387	
2444	129	738	21.1328	10.2981	1050	12	8	465	8	57	335	4	0.093142	65655.5	0.000155521	
2680	228	770	14.0771	10.8243	1007	14	9	472	7	69	346	6	0.210857	41562.1	0.00013031	
2322	102	736	22.7299	10	976	12	6	487	2	67	334	5	0.070203	76075.8	0.000178731	
2336	100	734	23.2994	10.2283	1017	12	8	478	7	77	346	4	0.068422	75277.4	0.000181028	
2483	173	744	16.1475	12.8423	983	10	7	485	11	71	333	6	0.140628	41798.4	0.000153894	
2700	476	770	12.9274	10	1048	11	6	480	10	78	350	6	0.413172	37937.9	0.000123062	
2317	102	736	22.7299	11.912	976	12	6	487	2	66	334	5	0.070018	63222.2	0.00018577	
2665	500	747	14.9867	14.7303	1050	11	8	486	10	79	349	5	0.391504	29548.3	0.000156104	
2363	100	738	22.5792	12.9786	907	15	10	471	14	72	349	4	0.070853	55718.2	0.00019015	
2390	100	725	25	13.0934	900	12	8	469	11	57	349	4	0.066269	57429.4	0.000197278	
2700	175	774	16.3577	10.542	1029	11	8	489	-0	72	350	5	0.159657	47345.9	0.000129249	
2667	500	772	13.1527	12.4136	1050	13	10	484	11	80	346	5	0.425412	32670.2	0.000136818	
2661	390	761	13.7384	13.2055	1050	10	8	479	9	75	350	5	0.326248	32485.1	0.000143041	
2544	116	750	21.1328	10	1019	12	7	468	11	68	338	5	0.091456	66561.3	0.00015586	
2632	483	772	13.0855	11.4068	1049	13	10	485	12	80	349	4	0.408631	34180.8	0.000131492	
2621	201	753	16.6022	12.9722	981	14	8	485	3	73	341	5	0.166062	38803.8	0.000149432	
2693	194	764	16.0014	10.0124	1040	12	9	469	6	74	342	4	0.172332	47606	0.000127943	
2601	376	754	17.3329	16	1020	12	9	482	9	72	342	4	0.279344	29478	0.000170823	
2559	194	775	15.2139	10.1827	991	12	9	477	10	70	348	5	0.170886	45687.7	0.000130582	
2700	456	771	12.0714	10	1050	11	7	480	7	70	350	5	0.411204	38186.1	0.00012213	
2632	483	774	13.0855	11.4068	1049	13	10	486	10	74	349	5	0.40969	34378.9	0.000131372	
2613	424	767	17.0267	13.9007	1046	13	8	490	5	76	350	5	0.321963	31156.4	0.000151469	
2562	151	757	18.6365	10	1047	12	9	478	1	74	348	4	0.122346	56109	0.000137137	
2582	223	743	15.7134	12.8423	983	10	6	485	10	75	341	6	0.180153	37701.5	0.000149254	
2370	100	744	25	10	1050	12	7	487	8	76	343	5	0.067299	84348.5	0.000181884	
2323	100	734	25	10.0154	990	13	9	483	5	64	340	5	0.064756	81139.7	0.000186916	
2330	148	728	24.7466	15.7855	933	17	8	481	7	73	346	5	0.090091	43409.3	0.000204918	
2667	500	752	16.5701	16	1016	13	8	490	5	66	347	5	0.381781	28406.7	0.000168464	
2541	115	745	23.1168	10.0018	1020	14	9	469	3	75	338	4	0.08552	70208.9	0.000159974	
2674	233	741	16.3474	12.8341	998	13	6	490	12	65	347	4	0.188863	37336.4	0.000147059	
2301	148	728	24.7466	15.7855	933	17	7	481	7	73	347	4	0.088818	43842	0.000207254	
2700	482	775	11.387	10.44	1033	10	7	481	7	76	350	5	0.449301	37354.6	0.000123824	
2396	104	743	24.0032	11.4222	986	17	10	479	1	75	343	5	0.071955	64926.4	0.000180636	
2619	308	775	12.3361	10	1050	12	8	466	7	74	350	4	0.285467	40252.1	0.000123426	
2518	173	758	16.499	15.9605	1050	11	9	472	10	68	350	6	0.143623	37900.1	0.000170648	
2680	500	774	13.1527	11.6796	1046	13	10	484	11	80	346	5	0.428277	33739.8	0.000132363	
2682	494	771	12.2132	10.9104	1050	11	7	484	10	66	349	5	0.437367	35932	0.000127226	
2300	100	742	25	10	1049	11	7	486	4	78	344	5	0.064652	86539	0.000186498	
2700	374	771	12.1199	10.0091	1050	10	8	480	13	75	349	4	0.345702	38603.7	0.000122399	
2389	100	748	25	10.0259	986	13	6	477	6	75	344	4	0.068336	78855.6	0.000181028	
2325	103	751	23.0168	10.0259	1050	13	8	471	7	80	343	4	0.071738	76873.8	0.000175254	
2326	100	742	24.7112	16	942	12	7	477	8	71	336	5	0.06611	52457.4	0.000210881	
2300	185	741	24.9483	16	931	15	10	475	4	47	314	5	0.109877	39000.1	0.000216123	
2315	201	728	22.2916	15.7974	917	17	6	481	12	73	347	4	0.122514	37385.1	0.00019861	
2309	100	725	25	16	900	18	8	472	11	57	349	4	0.06348	51233.3	0.000218818	
2605	184	761	18.6849	11.8886	1026	13	9	490	7	68	350	5	0.145995	44208.7	0.000142878	
2314	100	736	25	15.7425	960	12	9	470	7	68	348	6	0.064618	53189.3	0.000211372	
2698	440	775	12.7946	11.1769	1038	11	6	475	8	80	349	5	0.388122	35625.5	0.000128601	
2682	500	771	12.2132	10.9104	1043	11	7	484	10	70	350	5	0.442277	35762.8	0.000127194	
2700	466	775	10.8067	10	1050	11	7	480	7	69	350	5	0.45079	39150	0.000121036	
2325	103	757	21.5514	10	1042	16	9	472	6	60	343	4	0.075019	74137.5	0.000172354	
2624	376	731	17.5619	15.5284	1033	13	9	490	3	80	350	5	0.271666	29748.5	0.000168095	
2615	226	758	14.648	12.798	1022	11	7	481	12	78	347	6	0.196274	37355.1	0.000143885	
2370	102	728	25	10	1050	12	9	478	6	66	343	5	0.066894	83953.7	0.000182216	
2431	104	757	24.8602	10.0018	1050	11	8	470	3	70	338	5	0.072896	80799.6	0.000173883	
2416	105	738	22.116	14.5345	928	11	8	472	6	73	329	6	0.076588	51040.9	0.000191168	
2558	150	771	17.4944	10	1050	13	9	483	16	68	343	4	0.128566	54444.5	0.000135759	
2375	140	736	19.7211	10.8993	993	12	8	471	6	70	341	6	0.100249	55896.4	0.000155521	
2669	297	772	14.1168	10	1031	12	8	471	4	67	349	5	0.2587	41433.5	0.000124875	
2620	349	741	14.0385	13.8423	1036	11	8	489	7	80	347	5	0.28143	32221.3	0.000151172	
2670	422	771	13.2129	10.4609	1050	10	7	480	1	69	350	4	0.362661	37116.9	0.000125486	
2320	100	746	25	11.6958	1019	13	9	480	4	78	341	4	0.065709	68037.1	0.000190549	
2300	100	740	24.5166	14.5345	900	11	8	479	8	73	334	6	0.065026	54737	0.000206441	
2675	493	738	16.4411	14.7303	1050	13	8	486	10	65	349	5	0.371061	29640.4	0.000158881	
2300	183	738	19.1828	16	947	14	9	469	3	60	322	4	0.122125	37498.9	0.000193686	
2640	459	734	18.5381	16	1046	12	8	487	10	79	350	6	0.328523	28643.9	0.000171703	
2629	218	764	14.9468	10.7445	1047	11	6	478	0	72	350	6	0.190949	42808.2	0.000130276	
2300	165	725	23.0793	15.8842	927	14	9	475	7	56	350	4	0.100111	40194.8	0.000203874	
2660	247	769	14.6355	10	1048	11	7	487	0	71	343	4	0.21697	43046.2	0.000126406	
2614	497	748	14.3385	11.7832	1039	12	9	485	7	80	350	6	0.38911	33522.1	0.000137382	
2700	486	775	10.8766	10	1050	11	6	480	5	73	350	5	0.465933	38874.1	0.000121065	
2700	452	775	11.387	10	1050	10	6	481	7	76	350	5	0.424612	38396.5	0.000121403	
2363	104	734	24.2207	15.2641	1005	16	9	469	7	65	338	4	0.06935	52573.7	0.000201207	
2322	100	725	24.7791	10	909	13	8	472	8	55	345	4	0.064453	74903.7	0.000188644	
2629	363	771	15.4856	11.6389	1050	11	8	482	1	78	350	6	0.290808	35418.4	0.000134698	
2485	112	730	20.2009	10	1023	12	6	480	6	73	330	4	0.087156	66263.8	0.000161212	
2380	103	751	23.0168	10.0259	1033	13	9	478	15	80	343	4	0.073808	74772	0.00017313	
2483	100	755	25	10	1050	15	8	469	16	66	347	4	0.072345	80381.5	0.000175101	
2639	184	761	14.0327	12.2458	1004	13	8	490	7	69	350	5	0.176454	41119.7	0.000139218	
2300	183	744	20.9354	16	911	14	9	468	3	47	322	4	0.117638	37475.3	0.000201816	
2325	116	758	21.5429	11.8261	1038	15	9	479	8	59	346	4	0.082707	59544.2	0.000170097	
2622	214	755	13.5628	10.0501	1050	12	8	490	8	74	350	6	0.198018	44019.7	0.000127081	
2619	308	775	12.9637	10	1050	15	9	467	3	75	350	4	0.276609	40325.6	0.000124146	
2384	167	740	22.7137	15.8842	953	15	9	466	5	70	344	5	0.108542	39476.7	0.000193199	
2323	100	734	25	10.0154	1048	14	9	483	7	64	344	5	0.064756	85952.8	0.000186254	
2300	109	741	24.798	15.9777	927	12	10	468	7	46	344	4	0.069764	48928.4	0.000212902	
2314	100	734	25	15.8452	927	15	9	469	7	68	348	4	0.064443	52207.6	0.000213402	
2380	108	731	23.1147	13.0084	988	17	9	478	5	62	341	5	0.073957	56333.6	0.000185288	
2325	103	755	21.5814	11.8261	1050	12	9	472	7	57	343	4	0.074821	62946.2	0.00017854	
2619	128	752	20.5624	10.4611	1023	13	7	474	2	79	344	5	0.103829	59849.4	0.000147732	
2335	103	751	23.2106	10.0259	1033	16	9	472	15	80	345	4	0.071573	75937.8	0.00017584	
2417	100	740	23.4444	10	971	11	10	484	8	64	336	6	0.071376	75467.2	0.00017762	
2300	109	725	25	16	909	15	8	481	6	62	348	4	0.067734	49837.7	0.000214638	
2356	100	725	25	12.1036	909	13	9	472	6	61	345	4	0.065099	61561.9	0.00019478	
2356	100	725	25	12.1036	909	13	8	472	6	68	346	4	0.065099	61727.8	0.000194477	
2325	100	743	25	11.7398	1029	13	9	480	7	62	341	4	0.065621	69097.5	0.000190803	
2325	103	758	20.5743	11.8261	1050	15	9	472	7	60	343	4	0.077796	60865.9	0.000176243	
2380	108	731	23.1147	13.0084	1000	17	9	480	6	62	346	5	0.073957	56712.3	0.00018474	
2312	100	739	24.7112	15.8977	942	12	8	477	7	71	336	5	0.065349	52677.5	0.00021173	
2516	128	745	21.3656	10.1099	1023	13	6	474	3	80	344	5	0.096025	65098.3	0.0001514	
2319	106	736	20.492	10.208	1003	12	7	485	5	80	340	5	0.077403	68077.7	0.000171438	
2700	494	771	12.2132	10.9104	1050	11	7	484	10	66	349	5	0.439849	35953.5	0.000126887	
2380	369	734	18.5545	15.9032	913	12	8	483	8	72	334	5	0.240795	30792.2	0.000187899	
2370	102	736	25	10	1050	12	9	478	8	66	343	5	0.067629	83697.7	0.000181225	
2611	390	734	17.0614	15.4587	1046	12	9	487	9	76	350	5	0.283949	29706.9	0.000166528	
2625	145	755	18.1634	12.634	1041	14	7	472	9	79	336	6	0.123333	46129.9	0.000149858	
2415	116	740	23.1531	10	959	10	6	471	10	75	350	5	0.080552	70814.9	0.000165344	
2596	277	759	15.2107	13.954	1049	11	9	489	7	80	348	6	0.224983	33581.8	0.000151286	
2495	100	742	22.9353	15.8977	942	17	8	480	7	71	340	5	0.075525	50369.7	0.000198295	
2512	100	755	21.2802	13.2355	1019	13	6	477	5	69	344	6	0.081502	55396.3	0.000179662	
2698	440	771	12.7946	11.1769	1038	11	6	480	7	76	349	5	0.386119	35542.4	0.000128883	
2679	154	757	16.3955	11.5868	1046	12	6	478	1	61	347	4	0.141325	46785.9	0.000138619	
2300	100	725	25	13.2945	913	12	9	474	6	78	350	4	0.06317	57876.7	0.000203046	
2379	167	743	20.8645	15.8842	984	15	9	477	4	69	338	5	0.113243	39405.7	0.000187582	
2700	422	762	13.9524	12.4419	1035	12	8	482	1	80	350	5	0.353232	33152.8	0.000137798	
2605	196	758	18.6849	13.0469	1026	13	9	488	2	69	350	6	0.153048	40052.3	0.000150331	
2618	404	769	14.2429	12.0102	1048	10	9	481	1	71	350	5	0.330493	33985.4	0.000135925	
2405	111	751	23.1164	15.4142	915	16	8	467	1	50	333	6	0.078591	48183.5	0.000197863	
2598	147	772	16.6002	11.2751	1033	13	7	476	8	59	343	4	0.133848	48500.3	0.000139801	
2615	123	754	20.0501	10.1311	992	12	9	472	2	58	346	6	0.10269	61524.6	0.000148765	
2342	114	747	24.051	15.888	996	13	8	477	10	75	338	5	0.075687	49591.7	0.000199521	
2700	221	770	16.3577	10.542	1050	11	6	482	0	78	346	5	0.1899	44394.2	0.000128999	
2336	100	734	25	10.7282	1017	12	8	478	0	63	346	4	0.06521	75655.1	0.000187688	
2638	351	730	18.04	16	992	13	7	487	8	74	347	5	0.252771	29809.9	0.000174064	
2510	115	750	24.6601	10.7466	1020	14	9	471	2	75	338	4	0.081927	67620.1	0.000166223	
2661	420	758	13.7384	13.7839	1050	11	8	479	9	75	350	5	0.347521	31602.5	0.000147427	
2300	100	734	25	10	1022	12	8	467	7	63	344	4	0.063955	83232.6	0.000187758	
2584	131	758	19.687	10	1043	12	8	487	10	68	350	5	0.107868	60995.2	0.000143266	
2300	100	742	24.7112	14.0209	942	13	8	472	7	71	336	5	0.065189	56477.1	0.000202593	
2619	347	775	14.5009	12.3887	1050	13	9	479	6	75	344	6	0.287906	34100.9	0.000138889	
2336	102	740	25	10	1050	12	6	478	9	70	343	5	0.066789	85496.9	0.000182648	
2661	420	758	15.0327	12.9015	1050	11	8	479	9	75	350	5	0.334667	32392.8	0.00014245	
2649	386	769	16.5415	15.8696	1044	14	6	478	0	72	350	6	0.301263	29599.4	0.00016518	
2603	351	754	17.0343	14.8675	1015	12	8	486	7	80	345	6	0.263263	30903.4	0.000161996	
2665	500	747	16.4411	14.7303	1050	11	8	490	10	79	349	5	0.379728	29376	0.000157307	
2684	450	767	15.1281	12.766	1039	13	10	489	7	80	346	5	0.363609	32129.5	0.000140905	
2664	441	757	13.4798	11.9228	1050	10	8	488	5	75	350	5	0.367052	33688.9	0.000134862	
2700	343	772	14.0385	13.289	1036	12	8	484	7	80	350	5	0.296866	32942.1	0.000142511	
2638	266	758	14.8186	12.798	1042	11	7	481	12	78	347	6	0.223851	35526	0.000142714	
2581	281	772	19.4251	16	1014	11	8	473	15	77	350	4	0.207371	31497.1	0.000172265	
2353	102	743	23.4505	10	1016	12	9	473	9	64	346	5	0.070406	77615.6	0.000177399	
2637	357	770	14.8733	10.542	1048	11	9	487	0	72	350	4	0.291698	38011.2	0.00012832	
2697	407	761	15.8161	15.6545	1050	16	9	488	12	76	350	5	0.32369	29337.5	0.000161551	
2669	369	768	10.8067	10	1050	11	7	480	5	67	350	5	0.365066	40219.5	0.000122175	
2354	118	761	23.6069	10	1004	15	8	464	18	68	339	4	0.080347	72464.1	0.000166917	
2665	422	762	13.4798	11.0294	1050	12	8	482	1	78	350	5	0.354981	35574.1	0.000129634	
2700	202	775	16.3577	10.542	1047	11	8	482	0	77	350	5	0.178113	45139.9	0.000128139	
2558	126	771	24.7699	10	1050	10	9	484	16	65	345	4	0.092705	74361.8	0.000153728	
2680	407	773	15.028	15.3032	1046	11	7	488	10	76	343	5	0.333477	29890.1	0.000157679	
2700	449	772	12.9202	11.3776	1036	11	10	489	7	80	349	6	0.392557	34575.1	0.000130174	
2429	110	742	22.3706	10.1693	1011	13	8	483	5	64	330	5	0.079692	70955.1	0.000167616	
2666	407	767	14.9303	15.3032	1021	11	7	488	17	76	343	5	0.330057	29974	0.000159668	
2300	119	741	24.5929	16	938	16	10	480	4	47	314	5	0.075001	47011.3	0.000215517	
2300	136	725	25	16	909	15	8	473	7	62	350	4	0.081611	44493.2	0.00021254	
2688	151	757	18.6365	10	1046	12	6	478	1	70	348	4	0.128846	56999.3	0.000133923	
2661	296	743	18.0935	16	1033	11	7	482	8	74	334	5	0.221545	30977.7	0.000171262	
2556	100	738	22.5792	12.9786	907	15	10	474	14	72	349	4	0.077914	55597.3	0.000183352	
2700	500	772	14.0385	13.8423	1036	11	8	489	7	80	350	5	0.419133	30719.2	0.000146092	
2440	104	746	25	10.6306	999	15	9	469	3	75	338	4	0.072153	71139	0.000177525	
2536	180	772	19.1993	11.1052	1010	12	8	484	5	80	350	5	0.139666	47860.8	0.000140786	
2337	100	746	25	13.4548	1008	10	8	486	9	67	350	5	0.066311	60597.1	0.000196078	
2379	147	742	19.1054	13.0197	978	17	8	482	8	69	345	5	0.106787	46273.5	0.000164339	
2625	296	733	14.8308	14.0961	1042	13	8	476	9	75	346	6	0.235458	33033	0.000155063	
2300	118	738	23.7118	15.384	949	12	9	473	2	50	312	6	0.075792	48549.2	0.000205465	
2603	351	754	16.9541	15.2458	1037	13	8	483	7	80	343	6	0.263944	30493.1	0.000163988	
2700	337	772	13.7468	13.7392	1036	11	9	489	9	80	349	6	0.29518	32639.8	0.00014537	
2459	100	739	24.743	14.5629	971	13	8	486	5	80	336	5	0.070534	54632.1	0.000195465	
2309	102	742	23.9229	10	1025	11	7	487	8	74	345	5	0.067636	81562	0.000181554	
2625	378	775	14.1737	11.9036	1037	13	8	479	6	75	349	6	0.31499	34457.7	0.000135355	
2310	100	739	24.9181	15.8842	926	11	10	474	2	61	346	5	0.064747	52387.2	0.000213083	
2300	100	742	23.835	10	1047	11	6	485	4	64	344	5	0.066795	85725.6	0.000182582	
2436	104	751	18.7165	10.7066	998	15	7	479	8	78	343	5	0.08805	59770.4	0.0001665	
2436	104	758	23.1422	10.7066	990	15	7	479	8	78	344	5	0.076618	67769.8	0.000172622	
2309	100	737	24.3184	10	1023	11	8	477	5	64	339	5	0.065607	83009.6	0.000184775	
2689	500	775	16.4218	15.1557	1037	11	9	484	3	58	350	5	0.397004	29280.5	0.000158604	
2407	114	744	21.2211	10	1048	11	8	472	7	60	344	4	0.083985	70598.4	0.00016129	
2653	201	750	17.2828	14.7561	980	15	8	485	3	69	341	5	0.163729	36341	0.000162707	
2402	100	746	24.8299	14.7816	1035	15	9	470	0	79	348	4	0.068626	55281.8	0.000197511	
2313	102	734	25	10	1017	11	8	467	0	63	341	4	0.065437	82131.7	0.00018546	
2433	114	744	22.4378	10	1048	11	8	472	7	60	344	4	0.082272	73394.1	0.000162522	
2633	202	775	14.9501	10	1050	12	9	471	5	73	346	5	0.183158	45943.6	0.000126342	
2518	238	757	15.1989	14.7917	1050	11	9	474	10	71	348	6	0.192356	34720.4	0.000160205	
2700	371	770	13.7503	10.9547	1013	11	9	486	0	80	350	4	0.319957	36271.5	0.000128966	
2337	103	757	21.5514	10	1042	16	9	472	6	60	343	4	0.075486	73769	0.00017188	
2699	500	771	11.8133	10.9666	1050	10	6	478	8	61	350	5	0.452401	36414.4	0.000126727	
2318	100	734	25	10	1017	13	8	467	0	63	341	5	0.064582	82403.1	0.000186776	
2700	497	774	12.9202	11.3776	1035	11	9	490	7	80	350	6	0.432423	34267	0.00012987	
2623	178	773	12.9637	10	1050	13	8	466	7	70	350	4	0.185379	46939.3	0.000124891	
2300	100	739	25	15.8842	927	16	9	472	7	56	348	4	0.06439	51956.9	0.000215146	
2325	103	758	23.0168	10.0259	1050	15	9	472	14	80	343	4	0.072407	76399.4	0.000174581	
2517	194	770	14.8457	11.1089	1002	12	7	477	14	75	345	5	0.170006	42916.3	0.000136612	
2697	434	749	17.2741	16	1036	12	9	490	15	72	349	5	0.329396	28624.9	0.000167308	
2689	500	771	16.4218	15.523	1037	11	9	484	3	76	348	5	0.394955	28732.1	0.000161005	
2613	131	762	18.7475	10	1043	11	8	488	10	68	349	5	0.112777	58751.3	0.000141323	
2604	318	768	16.7745	13.954	1044	11	9	489	8	80	348	6	0.246256	32551.4	0.000151953	
2300	107	725	25	12.4969	900	12	8	474	4	63	343	4	0.066718	58572.8	0.000196812	
2645	404	775	13.7627	10.8127	1048	11	9	469	1	71	350	5	0.341157	36630.8	0.000127992	
2638	180	772	14.9501	10	1050	12	8	471	7	75	346	5	0.168104	47758.9	0.000126904	
2337	167	728	22.7137	15.8842	949	16	9	467	5	72	339	5	0.104485	39863.5	0.00019802	
2300	100	734	25	14.9177	917	11	8	474	6	74	349	6	0.063955	54261.2	0.000209688	
2700	448	775	11.387	10	1050	10	6	483	0	73	350	5	0.421347	38509.4	0.0001213	
2300	100	726	25	10.4551	928	13	8	486	4	80	341	6	0.063258	73278.3	0.000191975	
2356	100	774	25	11.5585	911	13	9	471	8	61	346	4	0.069498	63506.4	0.000186185	
2590	246	769	11.6259	10.6082	1050	10	8	483	5	79	350	6	0.248184	41164.1	0.000127453	
2657	264	771	14.0771	10.8243	1007	14	9	471	7	69	343	6	0.234479	39944.6	0.000131079	
2559	319	770	14.3445	13.6425	1030	15	7	476	0	79	345	5	0.261505	33231.5	0.000149499	
2657	429	771	12.4457	10.6014	1050	10	6	480	1	69	350	4	0.378319	36893.5	0.000125834	
2311	100	736	23.7437	10	998	12	8	467	0	63	341	4	0.066653	78178.8	0.000183083	
2300	126	754	23.1104	16	913	15	9	477	3	43	322	5	0.082823	44543.1	0.000209336	
2300	100	763	24.5166	10.8761	917	14	8	474	4	73	345	6	0.067047	68189.5	0.000187196	
2700	343	775	10.8067	10	1050	13	8	480	7	71	350	5	0.351735	40663	0.000121212	
2401	101	755	25	10	1050	15	8	467	16	67	350	4	0.069952	81293.9	0.000177778	
2654	218	763	13.9853	11.4172	1047	11	6	478	0	72	350	6	0.200768	40598	0.000132433	
2300	100	736	23.4238	15.8237	913	12	8	483	8	73	333	5	0.066789	52086.8	0.000210128	
2435	107	772	25	11.0962	955	15	10	468	16	77	326	4	0.076183	65206.4	0.000175377	
2656	176	766	16.5039	11.0463	1006	12	10	487	20	67	350	4	0.155383	45358.4	0.000134391	
2700	365	769	14.6041	12.2173	1050	11	8	485	10	79	348	6	0.306496	33960.9	0.000136073	
2401	100	755	25	10	1050	15	9	469	16	66	350	4	0.069406	81456.8	0.000178635	
2700	337	762	15.2525	11.8284	1024	13	8	481	2	76	345	5	0.277524	35650.2	0.00013624	
2409	119	746	23.1531	10.5916	1003	14	8	469	9	74	344	5	0.082618	66434.2	0.000165426	
2689	453	763	15.8307	16	1045	13	9	484	3	78	344	5	0.358723	28730.7	0.000164718	
2700	500	769	15.3238	14.6224	1029	11	10	490	5	80	344	5	0.404504	29600.2	0.000153657	
2618	325	743	16.8466	16	1028	12	8	474	8	75	349	5	0.244236	30307.9	0.000170999	
2598	147	771	19.5353	10.8959	1018	14	7	481	7	73	343	4	0.120948	52919.6	0.000141563	
2442	100	757	21.5514	10	1042	16	9	472	5	63	343	4	0.077889	71797.2	0.000171086	
2697	446	762	17.2741	16	1050	12	9	490	15	74	349	5	0.344247	28514.7	0.000165153	
2315	148	728	20.0012	15.7855	933	17	5	481	9	74	347	4	0.099606	41979.8	0.000192123	
2538	110	760	21.2802	10.0766	1013	13	9	472	9	61	343	5	0.088899	66812.1	0.000159008	
2642	268	775	14.71	10	1041	13	8	479	16	70	347	5	0.231259	42390.6	0.000126183	
2697	434	773	14.9303	15.6545	1046	11	8	487	5	80	348	5	0.356969	29331.2	0.000159541	
2572	281	765	16.4671	14.9586	1050	11	9	473	5	70	350	5	0.219091	32482.4	0.000160333	
2670	426	769	12.0555	10.6082	1050	10	8	483	5	77	350	6	0.383217	36672.5	0.000125865	
2670	494	771	12.2132	10.9104	1050	11	7	470	11	66	349	5	0.435712	36199	0.000127356	
2664	263	725	13.14	11.8044	1031	13	9	463	18	80	343	5	0.230415	37774.9	0.000139043	
2300	183	744	20.6543	16	911	14	9	468	3	46	322	4	0.118743	37245.5	0.000201532	
2700	432	775	10.8067	10	1050	11	5	480	3	73	350	4	0.422795	39509	0.000120919	
2617	223	766	13.7802	10.8465	1006	12	10	483	20	56	350	5	0.20474	41506.2	0.000131718	
2685	468	775	11.7088	10	1050	11	6	480	7	73	350	5	0.428768	38196.8	0.000121862	
2550	152	757	17.4564	11.0803	962	12	9	478	17	63	346	5	0.127636	48747.3	0.000142837	
2670	119	745	20.8558	10.1206	1050	13	4	468	14	79	339	5	0.099054	67701.4	0.000150602	
2524	131	748	20.6298	10.4028	1020	13	6	472	19	55	343	5	0.10082	62029.6	0.000150739	
2633	202	775	12.7231	10	1050	12	9	472	5	73	346	5	0.206144	44741.3	0.00012444	
2700	500	772	14.6276	14.0312	1036	11	9	489	9	80	349	6	0.412195	30286.3	0.000148104	
2640	500	767	15.1281	12.766	1039	13	10	489	7	80	346	5	0.397252	31824.4	0.000141884	
2638	285	759	15.2802	13.2414	1032	11	9	490	4	80	341	4	0.233323	34026.9	0.000146499	
2300	100	725	25	16	905	16	8	470	5	61	349	4	0.06317	51695.4	0.000218103	
2700	202	770	16.3577	10.542	1050	11	8	482	0	77	350	5	0.176964	45215.9	0.000128502	
2300	114	741	25	16	931	16	8	474	7	50	314	5	0.071834	48283.9	0.00021645	
2300	100	725	22.7671	15.8842	927	14	9	471	7	56	350	4	0.066827	50851.2	0.000210349	
2548	116	753	20.9311	10	1050	12	8	468	16	65	344	4	0.09257	66669.5	0.000154464	
2427	107	772	25	10.9488	1050	14	10	468	17	80	340	4	0.075878	69961	0.00017322	
2700	347	759	16.3731	14.5018	1026	11	9	483	4	57	349	5	0.275382	31411.7	0.000156031	
2585	123	755	22.0453	10.1311	1006	12	9	479	1	58	348	6	0.09557	66183.4	0.000152212	
2421	100	745	23.063	10.7172	1039	14	8	470	5	69	343	4	0.072563	70328.2	0.000177651	
2639	184	760	14.7907	12.2458	1004	13	9	490	7	69	350	5	0.169405	41037.7	0.000139997	
2700	116	774	19.0949	13.5839	1050	10	6	475	3	72	349	6	0.107921	49225.8	0.000160746	
2326	100	737	22.5792	13.4228	911	15	9	472	12	68	344	4	0.069405	55027.2	0.000194099	
2555	303	769	14.3445	13.3602	1030	14	8	481	4	80	346	4	0.249586	33785.7	0.000147341	
2385	101	742	23.4244	10	1023	14	6	482	2	64	342	5	0.070947	78666.3	0.000177148	
2700	234	759	16.3731	14.5018	1026	11	9	483	4	57	348	5	0.195999	34807.3	0.000156152	
2300	183	753	23.1104	16	909	16	9	477	4	43	350	5	0.113993	37792.9	0.000208247	
2565	240	764	13.9406	11.2426	1044	10	9	477	6	80	350	5	0.209698	39380.9	0.000133476	
2342	144	758	20.5743	11.8261	1035	15	9	472	7	70	343	4	0.101141	53231.5	0.000159388	
2312	100	738	25	16	994	17	6	469	11	59	349	4	0.064724	53114	0.000212404	
2593	277	770	13.8732	12.0801	1050	10	8	481	12	70	344	6	0.239761	36567	0.000137608	
2300	100	725	25	13.2945	909	12	10	474	6	78	348	4	0.06317	57662.7	0.000203211	
2639	132	725	19.8939	16	927	16	8	477	6	73	349	6	0.105632	42606.9	0.000182282	
2443	102	762	21.8963	10.7872	985	10	10	476	8	75	334	5	0.079007	64365	0.00017191	
2300	100	743	25	11.6958	1019	13	9	480	7	78	341	4	0.064739	68497.4	0.000192382	
2462	133	735	23.937	15.7372	959	14	10	482	8	73	333	5	0.089578	44661.9	0.000191461	
2462	147	735	21.926	15.7372	959	14	10	475	8	73	332	5	0.101992	41403.2	0.000186916	
2700	228	770	12.6286	10	1007	13	9	484	8	73	350	5	0.229547	43278	0.000123946	
2300	236	725	25	15.986	900	16	8	472	6	60	349	4	0.135415	35963.6	0.000213493	
2601	404	775	14.1445	11.4152	1047	10	9	469	3	71	350	5	0.331848	35290.2	0.000132433	
2625	336	775	13.8664	11.0194	1047	13	8	475	9	75	349	6	0.286658	36991	0.000130073	
2370	102	744	25	10	1038	13	6	487	9	66	350	5	0.068365	84246.2	0.000180213	
2383	100	746	24.8602	10	1027	14	8	471	5	72	338	4	0.067951	80237.8	0.000181192	
2443	142	753	18.5422	10.2648	946	15	8	463	8	76	325	5	0.110919	55073.8	0.000148633	
2582	191	744	16.1475	12.8423	983	10	6	485	11	80	333	6	0.157692	39922	0.000150625	
2609	227	767	14.1822	10	1028	13	9	477	7	72	350	5	0.202619	43667.1	0.000126791	
2700	177	775	10.8067	10.2361	1050	11	6	480	8	72	350	5	0.22778	47921.7	0.000123259	
2550	117	762	19.9556	10.5242	1050	12	7	471	14	66	342	4	0.097283	60964.8	0.000153374	
2548	131	764	16.6647	10.4028	1031	13	6	484	19	58	350	4	0.119297	54015.8	0.000142248	
2661	408	743	17.1628	16	1033	10	7	488	10	74	336	5	0.304661	29040.4	0.000169664	
2689	249	765	15.3238	12.7312	1019	13	10	489	6	71	349	5	0.214278	36277.3	0.000141663	
2665	500	744	16.5352	14.7303	1050	11	8	490	7	80	349	5	0.377466	29431.1	0.000157729	
2330	100	740	23.049	15.639	1041	13	8	477	8	78	338	4	0.068772	53675.1	0.000202143	
2693	422	771	14.4852	11.6389	1050	10	8	482	1	78	350	6	0.350703	34448.8	0.00013231	
2300	114	741	23.9231	16	1036	16	8	474	7	50	314	5	0.073469	49297.6	0.000209118	
2628	500	743	16.5701	15.9322	1021	12	8	490	9	72	348	5	0.37247	28471.3	0.000169291	
2300	100	742	23.835	10	1023	11	6	485	4	64	344	5	0.066795	83388.9	0.000182849	
2613	338	767	17.0267	13.2766	1046	14	7	473	5	75	350	5	0.259496	33470.1	0.000147885	
2617	290	757	16.4129	13.9007	1036	10	9	490	8	77	349	5	0.227236	33215.9	0.000152068	
2694	197	775	10.8067	10	1050	11	6	480	8	75	350	5	0.241602	46653.4	0.000121521	
2312	100	736	23.9285	10	1014	12	8	467	0	63	341	4	0.066162	79710.6	0.000183655	
2563	285	769	16.6952	14.5691	1026	11	8	474	14	61	348	5	0.220923	32886.3	0.000158983	
2544	194	775	14.7207	10.1827	1050	12	8	483	11	72	349	5	0.173554	46087.6	0.000129066	
2443	114	734	21.96	10.4873	950	10	9	490	8	76	325	6	0.082661	64564.6	0.000166667	
2433	114	732	22.4378	10	1048	13	8	472	7	60	344	4	0.080945	73519.8	0.000164069	
2700	422	762	14.9138	12.4419	1035	12	8	482	1	80	350	5	0.343797	33131.3	0.000138619	
2300	100	725	25	12.591	955	12	10	474	6	75	348	6	0.06317	61802.6	0.000199164	
2674	256	741	16.3474	12.8341	998	12	6	490	12	65	347	4	0.204111	36211.7	0.000146886	
2678	184	759	14.0327	12.2458	1029	13	8	490	7	64	350	5	0.178619	41251.2	0.000138313	
2342	100	747	24.834	12.9672	996	13	8	484	10	75	339	5	0.066589	61344.5	0.000194212	
2617	100	745	20.7239	13.3634	1027	10	9	465	19	69	350	4	0.085582	53790.7	0.000178444	
2382	105	746	24.8599	12.8113	997	11	7	487	9	65	349	5	0.0706	61066.7	0.000187336	
2590	135	766	18.7475	10.0225	1050	11	7	485	2	69	348	5	0.11473	58631.8	0.000139919	
2619	345	773	12.9637	10	1050	13	8	472	7	70	350	4	0.302988	39513.9	0.000124239	
2316	234	745	19.5018	15.9166	914	16	8	460	4	70	326	6	0.152348	34276	0.000192864	
2479	115	756	19.7599	10.7542	1021	12	8	478	4	71	342	5	0.092858	59402.5	0.000158153	
2670	305	770	14.8733	11.3842	1013	11	7	490	9	68	350	4	0.257096	37041.6	0.000132961	
2340	147	739	19.1054	13.0197	978	17	8	482	10	65	346	4	0.104444	46512.4	0.000166722	
2670	119	745	20.8558	10	1050	13	4	468	14	79	339	5	0.099054	68655.5	0.000150195	
2433	114	752	22.4378	10	1048	13	8	472	8	60	344	4	0.083157	72819	0.000161786	
2700	417	767	12.5457	10	1050	10	8	480	13	75	343	4	0.369973	38063.6	0.000124054	
2433	114	742	22.4378	10	1048	15	8	472	7	60	340	4	0.082051	73128.5	0.000163372	
2518	213	758	16.499	14.9586	1012	11	9	471	10	71	348	6	0.168679	35435.4	0.00016469	
2697	407	761	15.4222	15.6545	1050	16	9	487	12	76	350	5	0.327306	29401.6	0.000161238	
2316	236	725	25	15.986	900	16	8	472	6	60	349	4	0.136379	35787.8	0.000212044	
2335	103	751	24.1457	10.0259	1033	16	9	472	16	80	343	4	0.069929	78018.9	0.000178221	
2640	455	734	17.1129	15.6474	1050	12	8	486	11	80	350	5	0.332636	28879	0.000167056	
2443	114	762	21.8963	10.4873	985	10	9	476	8	75	334	5	0.085815	64096.4	0.000162259	
2652	166	754	16.1475	13.8447	972	10	7	487	9	76	328	6	0.148113	40573.8	0.000155618	
2617	377	767	16.7582	13.9007	1016	13	9	488	4	74	350	4	0.28924	31492.9	0.000152323	
2700	335	775	10.0804	10	1050	11	5	480	7	73	350	6	0.368163	42187.9	0.000120802	
2655	482	767	12.2843	11.2625	1050	10	9	481	7	73	350	5	0.420209	35040	0.000129668	
2538	113	743	22.795	10	1040	12	8	468	16	65	339	4	0.08461	71943.8	0.000160979	
2300	185	741	25	16	931	16	8	475	7	50	314	4	0.109873	39079.9	0.00021575	
2358	104	773	21.7003	11.4476	1016	15	8	469	19	71	339	5	0.078473	62192.3	0.000173461	
2300	109	725	25	16	909	13	8	481	6	66	348	4	0.067734	50157.8	0.00021395	
2494	311	741	17.0873	14.6595	1050	11	9	482	11	79	350	5	0.22238	32443.3	0.000163159	
2532	129	739	21.1328	10.2981	1050	10	8	465	5	57	338	4	0.097088	64831.6	0.000151814	
2583	132	768	22.9008	10	1049	15	8	480	2	79	339	4	0.100754	67487.5	0.000147536	
2693	482	772	14.4759	13.5228	1042	11	7	488	7	79	347	5	0.398364	31059.8	0.000144383	
2355	174	749	22.7137	15.8842	953	11	6	467	5	80	349	5	0.11235	39291.5	0.000193199	
2325	103	757	20.5743	11.8261	1038	15	9	472	7	60	343	4	0.077693	60436.2	0.000176523	
2300	185	735	25	16	931	16	8	476	7	50	314	4	0.108984	39096.8	0.000216638	
2541	105	743	22.4805	10.6649	986	17	10	480	0	75	343	5	0.081306	65338.2	0.000168577	
2661	408	743	18.3085	16	1033	10	7	488	8	77	334	5	0.298379	29130.7	0.000171028	
2667	500	772	13.872	12.2766	1039	14	10	484	11	74	347	5	0.416265	32797.4	0.000136874	
2555	303	769	15.2212	13.3602	1030	14	8	481	4	80	346	4	0.242383	33646.1	0.000148214	
2323	100	734	24.0423	10.0154	990	13	9	475	5	64	336	5	0.066366	78522.1	0.000184128	
2678	471	771	13.4215	10.8519	1040	11	6	480	5	73	350	5	0.40003	35924.4	0.000127828	
2645	404	775	13.7627	12.0123	1048	10	9	469	1	71	350	5	0.341157	34195.2	0.000134571	
2363	100	735	25	12.4951	1014	10	8	486	9	67	350	4	0.066241	64218.2	0.000191939	
2700	319	772	14.4759	13.7826	1042	10	7	487	7	79	342	6	0.274159	32758.8	0.000146606	
2418	100	741	22.8673	15.494	914	16	9	472	3	65	341	6	0.072612	50680	0.000200723	
2363	100	734	24.2207	13.4801	1005	16	9	469	7	65	338	4	0.067249	58160.8	0.00019516	
2300	100	725	22.1853	15.8842	927	14	10	474	7	57	350	4	0.068364	50556.7	0.000208551	
2609	147	767	14.1822	10.0013	1028	12	9	472	7	72	350	5	0.149809	49930.4	0.000131666	
2623	178	773	13.91	10.2137	1050	13	8	473	7	70	350	4	0.175389	46469.9	0.000126646	
2652	202	770	12.8901	10.3825	1050	12	9	482	5	76	346	5	0.203678	43552.6	0.000126518	
2562	197	765	17.8158	11.2426	1037	10	9	478	7	80	350	4	0.156155	44259.9	0.000138122	
2363	100	736	25	13.4548	1008	10	8	486	9	67	350	5	0.066331	60247.7	0.000195771	
2300	100	741	23.7527	16	931	16	8	474	7	50	314	5	0.066709	50928	0.000215193	
2617	486	767	14.9889	13.2498	1046	13	9	490	6	77	347	5	0.384871	31311	0.000145096	
2300	100	742	24.7112	14.0209	942	12	8	472	7	71	336	5	0.065189	56537.1	0.000202511	
2310	100	739	22.9951	15.8842	914	11	9	474	2	71	346	5	0.068476	51123	0.000207641	
2611	184	771	18.5075	11.3852	936	10	9	483	3	78	346	4	0.14889	45102.6	0.000141583	
2693	422	753	14.4852	11.6389	1050	13	8	482	1	78	350	6	0.342515	34568.9	0.000134102	
2590	481	770	14.811	13.9594	1046	13	9	490	6	77	347	5	0.380547	30637.5	0.00015015	
2578	110	736	22.0047	15.8842	938	15	9	482	7	66	343	5	0.085952	47182.1	0.000189322	
2315	100	730	23.9285	10	1017	12	8	467	0	63	341	4	0.065729	80081.3	0.00018423	
2637	148	755	18.1634	12.634	1046	14	7	472	9	80	336	6	0.125814	45765.1	0.00014892	
2306	100	725	25	15.9103	900	17	8	472	11	57	343	4	0.063377	51436.4	0.000218531	
2325	119	758	21.5429	11.8261	1035	15	9	479	8	60	343	4	0.084343	58934.7	0.000169147	
2633	387	729	15.9295	14.6771	1045	11	7	481	6	74	341	6	0.288741	30616.8	0.000160565	
2670	256	770	14.8733	10.542	1048	11	9	469	0	68	350	4	0.222353	41273.3	0.000127584	
2538	116	743	22.795	10	1040	12	8	468	16	65	337	4	0.086328	71557	0.00015921	
2675	415	738	16.4411	15.3742	1048	13	8	486	10	65	349	5	0.313263	29528.4	0.00016372	
2300	100	738	21.8701	10.0259	1050	15	9	476	14	80	343	4	0.07011	75845.4	0.000179019	
2678	499	765	15.0192	12.0245	1011	13	9	490	6	76	347	6	0.401039	33315.7	0.000137608	
2632	409	775	16.6418	15.8761	994	13	10	490	17	71	345	4	0.318289	29151.7	0.000166279	
2322	104	773	21.7003	11.4476	1016	15	9	469	19	71	339	5	0.077035	62691.1	0.000174978	
2465	155	758	16.0436	14.164	1049	11	9	479	6	80	350	5	0.131862	42276.4	0.000158028	
2621	324	759	15.6855	12.239	1041	11	7	471	16	75	347	5	0.256412	35207.4	0.000140449	
2327	100	748	25	10	1042	11	8	473	5	67	338	5	0.066134	84152	0.000183993	
2300	109	728	25	16	909	15	8	481	7	62	347	4	0.068015	49869.2	0.00021427	
2700	287	775	12.0464	10.542	1048	11	9	482	3	80	350	4	0.282816	39272.7	0.000124394	
2643	203	760	18.0349	12.4007	1045	12	7	480	5	70	346	4	0.162809	40888.7	0.000143596	
2583	263	763	13.9406	11.2426	1044	10	9	486	7	77	350	5	0.226462	38363.8	0.000133174	
2627	500	767	15.347	12.7493	1050	14	10	487	7	80	345	5	0.394108	31925.8	0.000142126	
2683	379	769	14.9303	15.6545	1046	11	8	480	6	80	349	5	0.31164	30024.4	0.000160694	
2417	100	771	23.4444	10.3746	900	16	10	474	3	70	343	5	0.074366	67972.1	0.000175778	
2300	100	725	25	16	905	16	8	470	4	60	349	4	0.06317	51570.4	0.000218198	
2325	103	758	21.8701	10.0259	1050	15	9	476	14	80	343	4	0.07458	73863.2	0.000172682	
2593	381	768	15.4222	15.6545	1043	16	9	487	19	76	350	5	0.299829	29989.7	0.000163345	
2700	484	770	12.5721	10	1046	10	9	481	7	76	350	5	0.424975	37513.8	0.000122684	
2688	151	757	19.6298	10	1050	12	6	485	3	70	347	6	0.125141	59499.8	0.000135281	
2301	148	759	24.7466	15.7855	909	17	7	481	7	73	347	4	0.0926	43445.6	0.000204248	
2323	100	734	25	10.0154	990	13	9	478	7	65	340	5	0.064756	80539.4	0.000187021	
2663	218	768	14.9468	11.4172	1050	11	6	479	0	72	347	6	0.194412	40832.7	0.000132996	
2678	499	767	15.0192	12.3553	1011	13	9	488	6	76	347	6	0.402087	32744.1	0.000139451	
2536	212	775	16.0676	12.5933	1010	14	9	477	14	72	346	5	0.175524	38707.3	0.000145222	
2300	100	743	22.341	11.6958	1005	13	9	480	7	78	339	4	0.069537	63996.7	0.000185529	
2617	415	767	17.2604	13.9007	1032	13	10	490	6	78	347	4	0.314291	31117.8	0.0001523	
2700	449	775	11.7088	10	1050	11	7	483	7	73	350	5	0.415306	38203	0.000121655	
2667	493	775	14.6984	11.8573	1037	11	10	484	6	65	348	5	0.403094	33741.2	0.000134698	
2700	195	742	19.3966	16	1003	12	7	485	6	80	340	5	0.151675	35731.5	0.000172891	
2356	100	736	25	15.8925	909	14	8	473	6	61	345	4	0.066086	51533.3	0.000211551	
2385	209	747	18.7223	15.9166	954	10	9	460	0	77	336	5	0.145345	34981.9	0.000185185	
2659	247	770	14.8733	10	1048	11	7	487	0	73	350	4	0.215211	43186.3	0.00012536	
2301	148	759	24.7466	15.7855	909	18	7	481	7	71	347	4	0.0926	43391.9	0.000204583	
2606	116	767	23.075	10.34	1045	12	9	470	8	71	350	4	0.091292	67166	0.000155343	
2677	365	769	14.6041	12.2173	1050	11	8	485	10	79	348	6	0.304124	33931.6	0.000136556	
2640	463	734	17.1129	15.6474	1046	12	8	487	11	79	350	5	0.338475	28821.9	0.000167196	
2619	287	769	12.9637	10	1050	13	8	472	7	69	350	4	0.259415	40968.7	0.000124595	
2665	500	738	16.4411	14.7303	1050	13	8	489	10	79	349	5	0.375153	29409.5	0.000158403	
2693	265	765	19.4251	16	1026	11	8	473	0	77	350	4	0.203085	32181.3	0.000169722	
2300	110	736	22.0047	15.8842	939	13	9	482	7	69	346	5	0.075112	48995.8	0.000200965	
2687	384	758	14.3369	13.7839	1050	10	8	479	9	75	350	5	0.316944	31730.3	0.000147406	
2361	100	725	22.975	10.4236	958	13	8	472	8	55	348	4	0.069003	70489.2	0.000181686	
2613	343	734	17.0614	15.4587	1050	12	9	485	9	76	350	5	0.251737	30352.2	0.000166417	
2300	100	734	25	10	977	12	9	467	9	63	343	4	0.063955	79436	0.000188466	
2700	251	775	12.6286	10	1007	12	9	484	8	73	350	5	0.247555	42087	0.000123411	
2664	201	770	14.2767	10.8243	1031	14	9	474	5	69	350	6	0.189192	43146.6	0.000129618	
2700	500	772	14.4019	13.8415	1036	11	8	489	8	80	350	5	0.414494	30579.9	0.000146391	
2322	100	725	24.7791	10.4236	958	13	8	472	8	55	348	4	0.064453	74446.5	0.000188857	
2676	195	742	18.7057	14.9537	1003	12	7	485	6	80	340	5	0.153392	36815.3	0.00016488	
2300	113	725	20.6069	16	900	15	8	473	14	66	348	4	0.078604	46905.4	0.000201613	
2428	194	736	25	15.8925	909	14	8	473	6	61	345	4	0.120851	37575.2	0.000200521	
2590	114	769	17.9396	10.0225	1043	11	8	486	8	68	350	5	0.105813	59198.6	0.000149544	
2446	115	737	22.5792	13.4228	911	15	9	472	13	69	345	4	0.082008	50993.7	0.00018044	
2355	100	775	22.7219	11.0496	1011	15	8	463	4	75	341	4	0.074094	66120.5	0.00017671	
2605	178	766	17.5895	13.0469	1026	13	9	488	2	69	349	5	0.148057	40869.2	0.000148104	
2700	470	775	11.387	10.2219	1050	11	6	481	7	76	350	5	0.439381	37860.3	0.000122444	
2599	103	753	25	10.0259	1037	16	8	472	16	80	343	4	0.078054	77267.9	0.000168833	
2402	100	745	23.9806	10.2086	1049	15	8	464	2	75	339	4	0.070205	77094.8	0.00017838	
2549	277	754	21.5489	15.6194	945	12	8	480	3	66	332	5	0.191064	32744.6	0.000179856	
2700	143	774	19.0949	13.5839	1050	10	6	473	3	72	349	6	0.125273	45031.8	0.000151745	
2309	138	725	25	16	1035	18	8	475	3	62	349	4	0.083025	46236	0.000206186	
2700	227	767	14.4812	10	1028	13	9	479	6	72	350	5	0.206946	44109.6	0.000125094	
2648	466	773	16.4713	14.666	1033	17	8	485	17	69	347	5	0.364197	29949.5	0.000156544	
2300	107	725	23.1875	16	929	16	8	473	7	62	348	4	0.06987	49498.8	0.000208377	
2315	100	741	25	10.4948	927	16	8	472	7	63	348	4	0.065092	71526.5	0.000189	
2700	138	764	24.4351	10	1050	12	5	476	8	69	350	5	0.10594	74009.6	0.000144676	
2387	108	771	23.4444	10.214	992	13	7	476	3	62	343	5	0.077706	72243	0.000169233	
2562	311	755	16.4034	13.959	1050	12	9	480	7	78	348	4	0.236282	32709.7	0.000153894	
2666	407	773	14.9303	15.3032	1046	11	7	488	17	76	343	5	0.332639	29913.8	0.000157903	
2694	422	754	13.2129	10.4609	1050	10	8	479	1	69	350	4	0.35746	37166.1	0.00012647	
2648	386	768	15.488	14.3721	1020	10	7	489	7	80	347	6	0.308553	30848.2	0.00015361	
2680	356	734	16.3731	15.054	1033	11	8	480	3	76	348	5	0.27078	30524.7	0.00016218	
2574	390	775	12.7268	11.8311	1047	10	9	473	1	71	350	5	0.335954	34943	0.00013412	
2654	218	768	14.9468	11.4172	1047	11	7	478	0	72	347	6	0.19376	40701	0.00013328	
2590	147	769	17.9396	10.0225	1044	11	9	485	8	67	350	5	0.126272	55320.5	0.000135355	
2300	100	745	21.3496	10	1022	11	8	478	5	59	350	5	0.07182	75088.5	0.000177022	
2564	171	774	17.1954	10.1827	992	12	9	479	7	72	349	4	0.144512	49674.6	0.000133209	
2678	176	766	13.7802	10.8465	1006	12	10	483	20	56	350	5	0.177412	44972.4	0.000130839	
2608	308	775	12.9637	10.001	1050	12	8	466	6	70	350	4	0.275535	40401.2	0.000124131	
2655	398	767	12.2843	11.206	1050	10	9	481	9	73	350	5	0.354272	35821.5	0.0001294	
2300	100	725	25	16	905	16	8	470	12	67	349	4	0.06317	51865.4	0.000217675	
2700	373	738	16.1904	16	1050	10	8	478	8	80	341	5	0.287596	29524.4	0.00016787	
2549	188	763	16.7679	12.6031	1014	15	8	471	10	80	344	5	0.154071	40651.3	0.00014708	
2332	100	769	23.9806	10	1050	15	8	471	4	76	339	4	0.069869	79525.5	0.000178158	
2385	209	745	19.4457	16	935	10	10	460	0	80	340	5	0.14209	34902.1	0.000187793	
2407	108	769	23.4444	10.4352	997	16	10	481	3	73	343	5	0.078287	69303.1	0.000169262	
2432	147	734	18.7544	10.0831	1044	14	9	479	14	75	347	4	0.109308	58419.7	0.000145666	
2300	100	763	24.5166	12.8903	917	14	8	474	6	73	345	6	0.067047	59097.1	0.000194932	
2598	135	769	21.3671	10.8959	1012	13	7	481	7	58	343	4	0.107086	58019.3	0.000148324	
2343	100	736	25	10	1017	13	8	465	3	63	341	5	0.065632	81782.5	0.000184945	
2598	147	772	15.8744	10.8959	1033	13	7	481	8	59	343	4	0.138073	49065.1	0.000137363	
2493	195	745	16.1475	12.8423	983	10	6	485	4	78	333	5	0.154792	39798.7	0.000153069	
2372	100	739	23.7401	13.9184	1012	11	8	486	8	67	350	5	0.069112	57261.6	0.000193686	
2613	144	747	16.1625	11.1289	1047	14	6	481	8	74	349	5	0.130802	49086.5	0.000140233	
2541	125	749	23.5434	15.0825	927	13	9	472	8	56	349	5	0.091177	45934.4	0.000184026	
2605	184	761	14.7757	13.1249	1024	13	8	490	7	71	350	5	0.167397	39827.7	0.000145879	
2475	116	767	23.075	10.5032	1045	13	8	471	7	80	343	4	0.085944	67314.3	0.000160462	
2697	424	761	19.3115	15.6545	1043	15	8	487	19	73	350	5	0.316915	29363.6	0.00016559	
2665	277	747	13.5876	10.6189	1006	11	8	487	9	70	348	6	0.241981	39564.5	0.000130685	
2697	424	755	18.4536	15.6545	1043	15	8	487	1	73	342	5	0.318033	29340.8	0.00016592	
2670	119	745	21.1328	10	1050	15	4	468	14	73	339	5	0.097851	69906.4	0.00015108	
2401	104	755	25	10	1050	15	8	467	16	66	350	4	0.071594	80741.1	0.000175469	
2689	191	765	15.3238	13.0744	1005	14	10	489	0	78	350	5	0.17472	39182.4	0.000144446	
2353	102	731	23.4505	10	1005	12	9	476	9	63	346	5	0.069268	77442.8	0.000179051	
2693	422	772	14.826	11.6389	1050	10	8	482	1	78	350	6	0.348239	34534	0.000132521	
2660	500	743	17.0236	14.1782	1039	13	9	489	7	80	350	6	0.373436	30150.9	0.000155183	
2401	103	755	23.7601	10	1050	15	9	469	12	64	347	5	0.073316	78349.3	0.00017328	
2421	100	727	22.5792	10.4193	907	15	9	470	14	72	345	4	0.071887	67020.6	0.000179404	
2662	481	768	15.3238	12.7312	1029	11	9	490	4	80	350	5	0.38413	31985.7	0.000141064	
2300	100	730	25	10	977	12	8	467	9	63	345	4	0.063606	79832.4	0.000188929	
2689	453	763	15.8307	16	1045	13	9	490	3	80	334	5	0.358723	28691.1	0.000164935	
2700	500	772	12.9202	11.646	1036	15	9	488	7	77	349	6	0.433758	34088.1	0.000131857	
2508	194	754	23.0792	15.4613	945	12	8	469	5	70	332	6	0.131889	37638.9	0.000183959	
2700	500	772	12.9202	11.3776	1038	11	9	490	7	76	350	4	0.433758	34261.9	0.000129719	
2537	348	745	16.5352	14.7303	1050	11	8	490	7	74	349	5	0.254593	31421.8	0.000161108	
2565	116	746	22.4715	11.8261	1037	12	8	479	8	62	349	4	0.088923	58389.8	0.000163212	
2650	363	771	15.4856	11.6389	1050	11	8	484	16	78	350	5	0.292924	35284.2	0.000134264	
2300	183	738	20.9354	16	911	14	9	469	3	57	322	4	0.116689	37617.5	0.0001998	
2379	167	750	18.8142	15.8842	1050	15	9	477	4	69	338	5	0.120467	39669.4	0.000180018	
2387	108	770	23.2207	10.214	992	13	7	476	5	63	343	5	0.078174	71692.1	0.000168663	
2300	100	742	23.835	10	1049	11	6	485	4	64	344	5	0.066795	85874.1	0.000182548	
2677	310	747	16.2331	12.8789	1038	10	8	485	6	70	349	6	0.243583	34412.3	0.000144802	
2417	108	743	23.4444	10.097	986	16	8	475	4	65	343	5	0.076019	72581.9	0.000170969	
2667	151	757	15.6515	10.2924	1046	11	8	474	10	69	348	5	0.142972	50283	0.000132608	
2614	228	765	18.9148	13.7147	1041	13	6	488	5	79	335	6	0.174594	37043.1	0.000154345	
2471	173	757	19.2096	12.7095	959	10	7	485	11	80	333	6	0.129053	43311.7	0.000157307	
2665	396	770	14.9189	14.3404	1050	11	9	490	0	76	349	5	0.323666	30794	0.000150716	
2700	500	775	12.9202	11.3776	1038	11	9	490	7	76	350	4	0.435444	34256.4	0.00012945	
2611	500	767	15.1281	12.7493	1032	14	10	487	7	80	347	5	0.393525	31930.9	0.000142694	
2484	116	747	22.303	14.9586	1010	11	8	486	6	55	347	5	0.085777	48830.1	0.000182149	
2700	500	772	12.8555	10.9649	1033	12	9	489	7	76	350	6	0.434518	35183.2	0.000127926	
2657	500	740	16.5701	16	1016	13	8	490	8	66	348	5	0.374478	28374.3	0.00017001	
2317	100	734	24.7112	15.888	951	13	8	478	11	68	332	5	0.065082	52889.3	0.000212044	
2371	103	755	23.5431	11.8261	1050	12	8	472	7	57	342	4	0.072752	65477.6	0.000180148	
2677	342	769	14.6041	12.2173	1050	11	8	486	8	70	350	6	0.287092	34471.5	0.000136388	
2348	100	757	25	10	1049	14	8	469	15	66	347	4	0.067684	82529.6	0.000181291	
2363	104	734	23.0586	11.7803	1005	16	9	471	7	65	344	4	0.07151	62704.1	0.000182315	
2591	126	763	17.8901	10.4873	1040	10	9	486	5	77	345	5	0.112358	54870.8	0.000144949	
2300	195	725	23.1573	16	927	14	10	474	7	57	350	4	0.11625	37532.8	0.00020475	
2576	419	768	13.0855	12.2766	1049	13	10	485	9	80	348	5	0.34999	33574.8	0.000138236	
2700	210	763	11.2324	10	1050	12	5	476	8	71	350	5	0.238406	45518.6	0.000122444	
2700	195	738	19.3966	16	1003	12	7	485	6	80	340	5	0.150857	35730.7	0.00017337	
2693	319	755	14.4759	13.5228	1042	11	7	486	7	79	347	5	0.267475	33045.5	0.000146156	
2605	177	754	18.6849	11.8727	1026	13	9	490	4	68	350	5	0.140251	44965.8	0.000143513	
2373	100	761	23.9806	10	1050	15	8	464	17	68	339	4	0.070648	79399.3	0.000177179	
2581	147	769	18.7475	12.9433	1044	11	7	477	10	69	350	5	0.122178	45614.6	0.000150353	
2300	100	735	21.8872	15.8237	913	12	6	481	8	73	347	5	0.069825	51323.2	0.000206186	
2460	104	758	24.3955	10.7066	990	16	7	474	5	78	344	5	0.075214	69794.4	0.000173913	
2300	107	738	23.4031	13.2945	900	12	7	474	6	60	350	4	0.070595	54566.7	0.000193013	
2613	384	767	14.7447	13.7802	1021	11	8	488	10	80	346	6	0.309298	31582.4	0.000149745	
2471	173	761	19.2096	12.7095	1006	10	7	485	11	80	333	6	0.129735	43964.1	0.000155448	
2557	276	743	15.6886	14.4901	1041	10	7	489	5	74	348	5	0.213321	33248.9	0.000158504	
2665	442	764	16.5352	15.6247	1050	11	10	490	0	75	349	5	0.342866	28953.6	0.00016218	
2604	422	755	13.4798	12.1389	1050	10	9	482	5	75	350	5	0.344653	33633.3	0.000137646	
2375	140	739	19.0439	10.1032	993	12	8	483	7	71	341	5	0.102815	59249.5	0.000150921	
2300	171	741	24.2064	16	931	16	10	475	4	47	314	5	0.103358	39783.8	0.000213812	
2460	121	752	22.4378	10.0441	1048	13	8	472	7	60	346	4	0.088206	70930.6	0.000157134	
2460	254	745	17.6109	15.9166	954	14	8	460	12	77	336	5	0.181372	32724.5	0.000181127	
2613	341	767	14.6315	14.4786	1028	11	8	485	10	80	349	6	0.278631	31639.5	0.000154202	
2300	100	741	25	10.4948	927	16	8	472	7	63	348	4	0.064565	71606	0.000190042	
2596	263	767	13.9406	11.2426	1044	10	9	486	7	77	350	5	0.228743	38313.2	0.000132485	
2664	441	756	13.4798	11.9228	1050	10	8	481	5	75	350	5	0.366567	33799.5	0.000134953	
2332	100	770	23.9806	10.3151	1050	15	7	471	4	75	339	4	0.069959	77005	0.000178955	
2648	175	771	16.3577	10.542	1029	11	8	489	0	72	350	5	0.155865	47280.1	0.000130719	
2300	100	736	25	11.4069	988	13	7	472	8	66	347	5	0.064129	69508.8	0.000192678	
2698	163	758	14.7703	12.845	1046	13	9	474	12	68	350	4	0.158901	42460.2	0.000142389	
2432	100	738	25	11.2384	953	15	7	489	0	67	342	6	0.068929	68337.1	0.000184843	
2700	319	772	14.4759	13.6289	1042	10	7	488	7	79	347	5	0.274159	32920.7	0.00014497	
2590	135	769	18.7475	10.0225	1044	11	7	485	5	72	350	5	0.115179	58225.5	0.000139567	
2300	100	748	23.5353	10	1006	11	8	470	5	68	341	5	0.067873	78366.8	0.000181324	
2375	105	742	24.8599	15.1357	985	13	7	485	7	64	345	5	0.069968	53383.5	0.000199681	
2648	386	766	15.488	13.9928	1020	10	6	489	7	69	347	5	0.307749	31369.7	0.000151126	
2325	103	755	20.5743	11.1954	1041	12	9	472	7	57	343	4	0.077488	63822.9	0.000174277	
2427	100	771	24.0685	10.016	1050	15	10	468	5	73	339	4	0.073581	77353.9	0.000173581	
2325	108	746	21.5514	10	1042	16	9	472	6	60	343	4	0.076587	73518.3	0.000169837	
2606	116	767	23.075	10	1045	12	8	473	7	80	350	4	0.091292	69643.3	0.000154154	
2700	343	775	13.6159	10.4374	1049	11	9	490	5	79	350	5	0.30224	37712.8	0.000125141	
2700	287	774	13.1904	10.542	1048	11	9	482	3	78	350	4	0.265919	38926.1	0.000125235	
2617	500	768	16.2884	13.9007	1032	13	8	490	6	80	348	4	0.385871	30447.2	0.000151035	
2572	281	765	16.1626	14.9586	1050	11	10	473	5	70	350	5	0.221034	32464	0.000159974	
2682	408	771	14.4852	12.8823	1050	10	8	482	1	74	350	6	0.338675	32535.3	0.000140135	
2689	422	758	15.0327	11.6581	1050	11	8	479	9	75	350	5	0.339299	34675.3	0.000134174	
2300	100	725	24.8061	15.986	900	12	8	469	6	60	350	4	0.063184	51771.4	0.000217297	
2627	324	756	15.6855	13.3974	1041	11	7	468	3	75	346	5	0.255942	33315	0.000148588	
2655	312	766	12.2843	11.0174	1031	10	9	481	7	73	350	5	0.289321	37726.7	0.000128999	
2664	422	755	13.4798	12.0137	1050	10	8	482	5	78	350	5	0.351604	33749.6	0.000135593	
2363	100	737	22.5792	13.4228	911	15	9	472	14	69	345	4	0.070757	54748.4	0.000192308	
2662	500	768	15.3238	12.7312	1029	12	10	490	4	80	350	5	0.399102	31882.8	0.000141103	
2518	269	757	16.499	14.7917	1050	11	9	473	10	71	348	6	0.204554	33310.6	0.000161655	
2593	241	770	14.6041	12.0801	1023	10	8	485	12	70	344	6	0.208523	37833.5	0.000139082	
2624	336	733	14.8308	14.0961	1041	13	8	475	7	78	348	4	0.26258	32065.8	0.000154703	
2684	263	735	16.1205	11.3538	1041	12	9	467	10	75	345	6	0.209118	39654.1	0.000137174	
2699	432	775	10.8067	10	1050	11	6	480	3	73	350	4	0.422661	39371.9	0.000120948	
2693	319	772	14.4759	13.5228	1042	11	7	488	7	79	347	5	0.273498	33014.6	0.000144404	
2300	109	741	22.519	15.9777	927	12	9	468	7	46	344	4	0.07352	48050.6	0.000205761	
2577	165	770	17.8957	12.6031	1014	15	8	471	3	80	344	4	0.137056	43262.6	0.000147275	
2325	100	766	24.5166	12.8903	917	14	8	474	3	73	345	6	0.068225	58762.9	0.000192901	
2700	460	775	16.0742	13.3016	1043	14	9	486	6	71	350	5	0.369687	31547.8	0.000144113	
2300	136	733	25	16	909	15	8	473	8	69	350	4	0.082512	44669.3	0.000210659	
2325	103	755	20.5743	11.8261	1050	12	9	472	7	58	343	4	0.077488	61138.2	0.000176429	
2300	100	730	25	15.986	900	16	8	473	6	60	350	4	0.063606	51621.1	0.000217581	
2619	116	756	21.3656	10.4611	1023	13	6	474	4	79	344	5	0.094727	63758.1	0.000154727	
2427	107	772	25	10.9488	1021	13	10	468	17	80	340	4	0.075878	68393.9	0.000173671	
2618	244	757	16.574	16	1031	12	6	488	8	77	350	5	0.194979	32897.2	0.000167954	
2700	343	772	14.0385	13.8226	1036	12	8	484	7	80	350	5	0.296866	32360	0.00014622	
2300	100	742	23.835	10	1049	11	7	485	4	77	344	5	0.066795	83567.6	0.000182615	
2306	106	736	21.7021	10.208	1003	13	7	488	5	80	340	5	0.073781	71369.6	0.000174795	
2363	100	736	25	13.4548	1008	11	8	486	8	67	350	5	0.066331	60117.6	0.00019581	
2628	319	770	14.3445	12.0885	1023	15	8	476	9	79	345	5	0.268031	35268.2	0.000137988	
2652	500	747	16.4411	15.5083	1032	11	8	490	10	79	348	5	0.378136	28733.5	0.000164231	
2300	100	748	25	10	1004	11	8	473	5	67	339	5	0.065174	81966.2	0.000186393	
2578	110	736	22.0047	16	938	10	9	482	7	73	343	5	0.085952	47106.4	0.000189645	
2557	106	751	16.8362	12.6831	1050	13	8	489	7	70	346	5	0.102216	51680	0.000166861	
2679	348	747	16.5352	14.7303	1050	11	8	490	7	74	350	5	0.268418	30949.1	0.000157085	
2315	100	730	23.9285	10	1014	12	8	467	0	63	341	4	0.065729	79961.3	0.000184264	
2416	105	761	20.8997	10.624	924	14	8	477	13	61	341	5	0.081766	62475.4	0.000169434	
2667	153	757	14.7088	10.2924	1046	11	8	474	10	69	350	5	0.150936	49158.3	0.000131234	
2427	100	772	24.3582	10.0027	1050	15	10	468	16	79	339	4	0.073094	77794.4	0.000174155	
2336	100	734	25	10	1017	12	8	467	0	63	341	4	0.06521	81711.5	0.000185494	
2700	500	769	15.3238	12.7312	1038	11	10	490	5	80	344	5	0.404504	31878.1	0.00014043	
2695	285	773	10.8067	10	1050	11	4	476	6	77	350	5	0.305841	42449.2	0.00012133	
2300	106	733	25	16	909	15	8	473	11	70	350	4	0.06694	50610.9	0.000213721	
2615	319	772	14.0791	11.3204	1046	11	7	490	10	80	350	5	0.270212	36441.4	0.000132188	
2684	426	768	12.1976	10.5237	1050	10	8	483	5	77	350	6	0.381477	36806.8	0.00012536	
2518	237	758	16.499	14.9586	1050	11	9	473	10	71	348	6	0.184017	34401.9	0.000162813	
2363	103	751	23.0168	10.0259	982	13	8	471	7	80	343	4	0.073168	72214	0.000174338	
2374	100	759	24.7102	13.4067	973	14	9	484	13	70	350	4	0.069365	58197.9	0.000191644	
2348	100	755	25	10	1050	15	8	469	16	66	347	4	0.067505	82731.5	0.00018162	
2549	145	746	15.0839	12.6031	1014	15	8	466	9	80	342	5	0.1347	44620.6	0.000149499	
2657	422	771	13.4471	10.4609	1044	10	7	475	1	69	350	4	0.358202	37271.2	0.000126024	
2300	100	725	25	15.8842	927	15	9	470	7	56	348	4	0.06317	51941.3	0.000216967	
2617	277	757	16.4129	13.9007	1020	10	9	490	8	77	349	5	0.218377	33600.7	0.000152765	
2300	100	725	24.8179	12.591	955	12	10	474	6	69	348	6	0.063183	61879.2	0.000198847	
2665	500	744	16.9538	14.2445	1050	11	8	488	8	80	350	5	0.375289	30038.9	0.000154679	
2315	100	742	21.8232	10	992	12	8	467	0	63	339	4	0.071051	73023.3	0.000177904	
2615	384	772	14.0791	11.3204	1045	11	7	485	10	80	350	5	0.317851	35330.4	0.000132118	
2300	109	741	22.519	15.9777	927	12	9	468	7	53	344	4	0.07352	48580	0.000204374	
2559	194	761	16.0676	10.1827	996	12	9	477	14	70	348	5	0.162355	46706.4	0.000132767	
2363	102	734	24.2207	15.2641	1005	16	9	469	7	65	338	4	0.068299	53092	0.000202224	
2315	100	741	23.3387	10.4948	927	16	9	472	7	56	348	4	0.067788	68842.3	0.000184434	
2374	100	759	20.7239	13.4067	973	15	9	465	19	69	350	4	0.077661	53984.3	0.000184468	
2311	100	736	23.7437	14.8488	1013	12	8	467	0	63	341	5	0.066653	55006.3	0.00020202	
2693	333	757	14.4759	13.5228	1050	11	7	488	7	79	344	5	0.278287	32690.6	0.000145815	
2368	100	743	24.7557	15.639	1023	13	7	477	3	75	338	4	0.067687	53922.4	0.000203666	
2697	424	754	15.4222	15.6545	1043	16	9	487	18	76	349	5	0.337055	29240.2	0.000162364	
2407	130	769	20.4467	10.4352	997	16	10	481	5	73	343	5	0.09824	59840.3	0.000152695	
2700	287	775	12.0464	10	1048	11	8	482	3	80	350	4	0.282816	40511.7	0.000121892	
2669	417	769	12.0555	10.6082	1050	10	9	483	5	77	350	6	0.376029	36724.9	0.000125897	
2653	194	738	22.11	15.75	998	14	8	478	6	73	332	5	0.139479	36943.8	0.000177873	
2337	167	740	22.7137	15.8842	953	15	9	467	5	69	339	5	0.106208	39924.6	0.000196194	
2679	316	749	16.5352	14.7303	1050	10	8	490	7	74	350	5	0.246589	31620.5	0.000156838	
2610	277	770	13.8732	11.904	1050	10	8	479	12	68	341	6	0.241249	36926.4	0.000136687	
2602	110	736	23.1069	10.1892	938	12	9	482	10	66	346	5	0.083974	69173	0.000164015	
2412	166	754	16.1475	12.3949	972	12	7	482	8	72	333	6	0.134123	43641.8	0.000153304	
2700	143	774	18.7154	13.3967	1050	11	6	473	4	72	349	5	0.127175	45075.8	0.00015006	
2524	132	753	20.2159	15.2083	1015	13	8	472	19	57	343	5	0.10324	44076.4	0.000174581	
2661	420	761	13.7384	13.7839	1050	10	8	479	9	75	349	5	0.348896	31565.8	0.000147167	
2618	398	743	16.8466	16	1028	12	7	488	8	75	349	5	0.295175	29201.8	0.000170068	
2700	210	764	11.2324	10	1050	12	5	476	8	71	350	5	0.238719	45523.6	0.000122369	
2300	100	740	22.3964	13.9722	919	11	8	474	8	73	334	6	0.069256	54378.1	0.000197044	
2565	116	746	20.6757	11.8261	1013	13	9	480	8	63	350	4	0.093574	54954.9	0.000161031	
2300	185	741	24.9483	16	931	16	10	475	4	47	314	5	0.109877	38968.6	0.000216779	
2698	440	771	12.338	10	1050	11	6	480	9	71	349	5	0.393609	38325.2	0.000122549	
2666	427	758	13.0386	10	1050	11	8	480	8	75	350	5	0.362052	38127.7	0.000124673	
2660	415	729	18.04	16	992	13	7	487	9	80	347	5	0.298985	29070.6	0.000173521	
2564	127	757	19.4944	10	1017	13	8	481	9	67	347	5	0.10498	60589.2	0.000145964	
2630	381	729	16.8466	14.9684	1035	11	7	482	8	76	349	5	0.278947	30330.1	0.000163452	
2605	407	773	18.3283	15.6545	1046	11	8	480	4	76	346	4	0.303809	29487.5	0.0001657	
2300	100	725	22.7671	15.8842	927	14	9	471	7	66	343	4	0.066827	51262.3	0.000209908	
2638	202	772	14.9501	10	1050	10	8	471	7	79	346	5	0.182797	45851.1	0.000126454	
2373	100	725	23.3241	14.8917	906	16	7	469	11	57	349	4	0.068377	51903.6	0.000203459	
2300	185	741	24.5564	16	931	15	10	475	4	65	314	5	0.110453	39341.9	0.000209205	
2300	100	746	23.7002	10.0219	1022	11	8	475	7	72	339	5	0.067162	79990.8	0.000182448	
2557	305	743	15.7915	14.4901	1041	10	7	488	5	74	350	5	0.231905	32396.1	0.000158479	
2370	110	736	24.2806	10	1050	15	9	477	8	66	343	5	0.072969	79694.7	0.000173974	
2318	174	747	22.7137	15.8842	953	15	9	467	5	69	339	5	0.110144	39459.9	0.000196425	
2335	100	725	21.3304	15.6371	936	14	10	474	7	57	350	4	0.071183	50447.7	0.000203791	
2679	119	745	21.1328	10	1050	15	5	468	14	73	339	5	0.098227	68681.2	0.000150898	
2593	290	770	14.6041	12.0801	1050	10	8	485	12	70	345	6	0.24229	36126.2	0.000138122	
2690	303	743	14.308	12.0801	1050	10	9	485	12	75	349	6	0.253728	35497.5	0.000137533	
2688	151	757	18.6365	12.0141	1046	12	7	478	3	70	348	4	0.128846	47453.6	0.000143102	
2483	201	744	15.6479	12.8423	983	10	7	482	11	71	333	6	0.160516	39316.8	0.000153139	
2436	100	756	25	11.4917	990	13	7	486	8	75	344	5	0.070754	67478	0.000182349	
2318	100	762	23.8533	10.0219	1038	11	7	475	4	65	340	6	0.06926	81962.8	0.000179211	
2695	409	775	14.775	14.9143	1021	13	9	489	18	54	343	4	0.339736	30570.4	0.000157543	
2402	104	746	24.8602	10.0018	999	10	9	469	6	66	338	4	0.070787	77760.2	0.000177305	
2417	108	771	23.4444	10.3746	986	16	10	474	3	70	343	5	0.078883	68983.4	0.00016852	
2420	114	764	21.8963	11.4393	1004	10	10	487	5	74	350	6	0.085091	60002.4	0.000165563	
2700	500	775	11.7088	11.1563	1050	12	6	483	7	75	350	5	0.457246	35736.8	0.000127259	
2449	116	758	25	15.5968	927	13	9	472	7	56	350	5	0.080387	47825.9	0.000195542	
2598	131	772	16.6002	11.2751	1033	13	7	476	6	59	343	4	0.123737	50381	0.000144196	
2699	470	772	12.373	10.9666	1050	10	6	478	7	61	350	5	0.417612	36262.3	0.000127016	
2300	103	725	22.3891	15.8842	927	13	10	474	7	57	350	4	0.06938	49988.7	0.000207383	
2300	100	725	24.5052	15.8842	927	14	10	474	7	72	348	4	0.063709	52312.7	0.000214408	
2638	307	775	15.7029	15.722	1050	12	9	473	7	80	349	5	0.251203	31010.1	0.000162602	
2325	103	757	21.5514	10	1050	16	9	472	6	60	343	4	0.075019	74603.9	0.000172265	
2466	108	769	23.4444	10.6649	1024	16	10	477	3	73	343	5	0.080596	67907.4	0.000167168	
2338	102	740	23.185	10	1050	12	6	481	9	74	347	5	0.07011	80606.9	0.000177462	
2537	133	769	17.1395	12.0132	1050	10	9	484	4	80	350	5	0.118407	48446.5	0.00014782	
2342	100	747	25	12.4923	996	13	8	484	10	72	339	5	0.066577	63416	0.000192493	
2436	104	758	24.6757	11.0027	990	16	7	480	8	68	344	5	0.073746	68838.6	0.000176866	
2538	156	747	16.6647	10.0899	1031	13	6	484	19	58	350	4	0.131171	53400.4	0.000136631	
2673	248	738	16.2915	14.5691	1018	11	9	474	13	61	350	5	0.198552	33999.8	0.000159515	
2643	422	767	15.1266	13.9007	1049	13	8	490	6	76	344	5	0.337412	30970.9	0.000149231	
2643	500	772	14.9889	13.2498	1046	13	9	490	6	77	346	5	0.401753	31166.2	0.000144092	
2608	294	773	12.9637	10.001	1050	12	8	466	6	71	350	4	0.264748	40753.3	0.000124301	
2465	130	740	22.3265	12.6739	1019	12	8	481	10	75	342	4	0.092056	52542.5	0.0001665	
2578	110	736	22.0047	12.741	938	15	9	482	7	66	345	5	0.085952	53913.1	0.000172861	
2640	425	734	17.1129	15.6474	1046	11	8	487	9	79	345	5	0.310959	29108	0.000167448	
2558	277	765	13.9406	11.2426	1044	10	9	477	9	80	350	5	0.234519	37861.9	0.000133583	
2618	331	761	17.4297	16	1028	12	7	487	8	80	349	5	0.250988	30190	0.000168663	
2678	176	766	15.6469	11.2294	1006	11	10	484	20	73	350	5	0.161711	44239.2	0.000133833	
2315	100	734	25	10	1022	12	8	467	0	63	344	4	0.064477	82492	0.000186672	
2373	100	758	22.0576	10	1050	13	9	468	14	76	343	4	0.074249	73956.1	0.000173762	
2700	479	772	12.9202	11.7263	1036	12	9	489	7	74	349	6	0.416666	33980.2	0.000132083	
2623	319	770	14.5326	12.169	1030	15	7	481	0	79	345	5	0.266228	35127.7	0.000138389	
2562	297	755	16.4034	14.2589	1050	12	10	480	7	78	345	4	0.226806	32677.9	0.000156274	
2409	101	746	23.1531	10.5916	1003	14	9	469	9	74	345	5	0.072762	69451.1	0.00017696	
2689	194	738	22.11	15.75	998	11	8	478	6	73	332	5	0.141464	37058.8	0.000176616	
2315	100	741	25	10.4948	927	16	9	472	7	56	348	4	0.065092	71297.9	0.000189502	
2369	100	745	23.7699	10.0259	983	12	9	477	4	76	349	4	0.069564	74639.6	0.000179083	
2557	305	746	15.7915	14.4901	1041	10	9	489	5	74	350	5	0.232841	32319.3	0.000158128	
2579	104	755	25	10	1050	14	8	467	16	66	350	4	0.078116	78473	0.000168067	
2668	234	771	14.1168	10	1007	12	9	472	4	68	346	5	0.213698	43638.3	0.000126088	
2443	110	753	21.96	10.2648	946	15	9	463	8	76	325	5	0.082552	65427.9	0.000165837	
2667	192	775	17.1842	11.7783	1050	14	9	483	1	77	342	5	0.164718	42482.5	0.000137306	
2447	145	755	18.1634	12.634	1041	15	7	472	9	80	336	6	0.114279	47188.1	0.000155255	
2568	140	751	20.3755	12.0609	1005	12	9	471	2	72	341	4	0.109167	49784.9	0.000153163	
2309	100	725	25	16	900	17	8	472	11	57	349	4	0.06348	51279.1	0.000218531	
2416	116	773	19.2439	10.955	971	13	9	479	2	75	350	6	0.094441	56617.5	0.000157978	
2670	247	770	14.8733	10.542	1048	11	7	485	0	68	350	4	0.216076	41492.8	0.000127616	
2664	263	732	14.6871	11.8044	1031	12	9	463	18	80	343	5	0.217486	37611.3	0.000139587	
2315	100	736	25	10	1022	12	8	471	0	63	344	4	0.064653	82889.3	0.000186428	
2549	100	742	25	16	942	12	7	477	8	65	336	5	0.073425	51152.5	0.000200321	
2690	303	743	14.308	12.7009	1050	10	9	485	12	75	349	6	0.253728	34482.9	0.000141383	
2640	459	734	18.5381	15.6474	1046	12	8	487	10	79	350	6	0.328523	28977.2	0.000169005	
2700	151	757	16.6407	10.2348	1041	13	7	474	6	75	346	5	0.138693	52057	0.000132979	
2700	497	774	12.9202	12.2471	1035	11	9	490	7	80	350	6	0.432423	32992.3	0.000134698	
2414	131	749	23.3785	11.7501	965	17	6	479	1	70	344	4	0.089265	57223	0.000167673	
2617	105	745	22.4398	13.3634	1021	10	9	470	19	69	350	4	0.084421	53986.5	0.000175562	
2633	202	775	12.7231	10.3827	1050	12	9	472	5	73	346	5	0.206144	43753.4	0.000126167	
2460	104	758	24.3955	10.7066	1031	16	7	471	6	78	343	5	0.075214	71469.5	0.0001734	
2333	100	735	23.2994	10.2283	1017	12	9	478	9	77	346	4	0.068407	75062.7	0.000181061	
2679	348	749	16.5352	14.7303	1050	11	8	490	7	74	350	5	0.269136	30950.6	0.000156887	
2699	227	773	12.373	10.1493	1050	10	6	478	3	61	350	5	0.232942	43474.1	0.000122941	
2574	228	773	14.6053	10.0346	1035	13	7	479	6	80	350	6	0.199063	43827.1	0.000127681	
2557	107	751	25	13.5565	1050	13	8	489	4	69	346	5	0.078629	56905.6	0.000179533	
2476	167	728	22.0369	16	949	16	9	469	5	72	341	5	0.112427	38616.9	0.000189897	
2574	214	755	12.9306	10.7645	1042	13	8	488	8	74	348	6	0.201864	42121.6	0.000131666	
2700	177	775	10.8067	10	1050	11	6	480	8	72	350	5	0.22778	48334.4	0.000122279	
2689	249	765	15.1049	13.6914	1019	14	10	489	6	71	350	5	0.215571	34914.9	0.000147995	
2589	194	775	14.7207	10.1827	1050	12	8	483	11	79	349	5	0.176651	45476.4	0.00012791	
2339	136	728	25	16	909	15	8	473	7	63	349	5	0.083565	44192.6	0.000208768	
2325	118	751	23.0168	10.0259	1033	13	9	472	7	80	350	4	0.079768	72761.3	0.000166279	
2300	100	725	25	13.765	909	12	8	485	6	62	348	4	0.06317	56886.5	0.000205592