2300	100	734	23.835	10	1049	11	5	483	8	64	344	5	0.066075	87107.3	0.000183554	
2700	500	775	10	10	1050	11	7	480	7	69	350	5	0.507204	40399.8	0.000120613	
2700	500	770	12.9202	11.3776	1036	11	9	489	8	80	350	6	0.3769	28361.6	0.00016952	
2300	100	725	25	16	900	18	8	469	11	57	349	4	0.06317	51267.6	0.000219491	
2700	500	775	10.7778	10	1050	11	7	480	7	69	350	5	0.480042	38977.2	0.000121021	
2700	490	775	10	10	1050	11	5	479	9	74	350	5	0.498641	40460.8	0.000120656	
2700	491	775	10.8067	10	1049	11	7	485	10	69	350	5	0.471674	38854.5	0.000121183	
2700	470	775	11.387	10.2219	1050	11	6	481	7	76	350	4	0.439381	37832	0.000122354	
2700	500	775	10.1689	10	1050	11	7	479	7	72	350	5	0.50079	39950.1	0.0001207	
2700	500	775	10.8766	10.0021	1050	11	6	480	5	73	350	5	0.477699	38794.5	0.00012108	
2640	500	767	15.1281	12.766	1039	13	10	489	4	80	346	5	0.397252	31833.7	0.000141864	
2695	499	775	11.3911	10	1039	13	7	483	5	78	350	5	0.462739	38138.5	0.000121921	
2700	500	775	10	10	1050	11	7	480	7	74	350	5	0.507204	40243.5	0.000120671	
2700	482	767	11.4244	10.2703	1050	10	8	481	9	76	347	5	0.443899	37487.8	0.000123885	
2700	482	768	11.8357	10.44	1050	10	8	476	9	76	350	5	0.435228	36958.6	0.00012427	
2693	424	775	11.375	10	1050	11	7	477	6	73	350	5	0.400977	38809.2	0.000121462	
2700	488	775	11.2201	10	1050	10	6	484	5	73	350	5	0.45818	38327.9	0.000121286	
2700	494	775	11.387	10.44	1033	10	6	480	7	79	350	5	0.459279	37351.8	0.000123854	
2700	485	775	10.8067	10	1050	11	8	476	5	69	350	5	0.466638	39089.2	0.000120948	
2700	482	775	11.4244	10.44	1033	10	8	481	9	76	350	5	0.448529	37252.1	0.000123885	
2700	500	772	14.0385	13.8423	1036	11	8	489	7	80	350	5	0.419133	30719.2	0.000146092	
2629	363	771	14.6021	15.4737	1042	10	8	481	7	78	348	6	0.298478	30577.9	0.000160308	
2300	100	742	24.7112	14.0209	942	13	8	472	7	71	336	5	0.065189	56477.1	0.000202593	
2619	308	775	12.3361	10	1041	12	8	466	7	74	350	4	0.285467	40232.3	0.000123625	
2300	100	735	23.8222	10	1049	11	6	478	6	64	344	5	0.066166	85543.4	0.000183251	
2648	394	767	15.488	13.9793	1020	10	6	489	7	69	349	5	0.314095	31290.7	0.000150761	
2619	291	769	12.9637	10.3673	1050	13	8	472	7	69	350	4	0.262268	39826.8	0.00012631	
2700	500	771	12.2132	10.9104	1043	11	7	484	12	70	350	5	0.44478	35780.2	0.000126871	
2369	100	745	23.7699	10.0259	983	12	9	477	4	76	349	4	0.069564	74639.6	0.000179083	
2425	114	748	23.7958	10.1485	1029	14	9	468	8	80	346	4	0.079578	72160.6	0.000166141	
2316	100	740	25	10	1047	16	7	478	9	67	344	5	0.06504	85277.9	0.000185839	
2485	112	730	21.3254	10.1889	1023	12	6	480	6	73	343	4	0.084418	67440.8	0.000162443	
2449	116	758	25	15.5968	927	13	9	472	7	56	350	5	0.080387	47825.9	0.000195542	
2700	488	775	11.387	10	1050	10	6	484	0	73	350	5	0.454282	38213.3	0.000121315	
2300	100	735	25	10	1048	11	7	484	3	78	344	5	0.064042	86404.1	0.000187371	
2541	115	745	23.1168	10.0018	1020	14	9	469	3	75	338	4	0.08552	70208.9	0.000159974	
2693	422	762	14.4852	11.6389	1050	10	8	485	1	78	350	6	0.346609	34413.4	0.000133103	
2667	500	772	13.1527	12.4136	1050	13	10	484	11	80	346	5	0.425412	32670.2	0.000136818	
2652	446	762	17.6956	16	1050	12	9	487	15	74	349	4	0.336998	28592.9	0.000166778	
2550	141	766	18.8696	10.0225	1050	11	7	481	9	64	348	5	0.116454	58975.9	0.000139295	
2542	104	749	25	10.6306	999	13	9	469	11	75	338	4	0.07615	70417	0.000172801	
2528	102	731	23.4505	10.3355	1010	12	9	476	9	63	346	5	0.075577	71860.2	0.00017331	
2700	486	775	10.8766	10	1050	11	6	480	5	73	350	5	0.465933	38874.1	0.000121065	
2678	176	766	13.7802	10.8465	1011	12	10	485	20	56	350	5	0.177412	44934.8	0.00013077	
2684	450	767	15.1281	12.766	1039	13	10	490	7	80	346	5	0.363609	32111	0.000140885	
2698	440	775	12.7946	11.1769	1038	11	6	475	8	80	349	5	0.388122	35625.5	0.000128601	
2613	390	743	17.0614	15.4587	1046	12	9	487	9	76	350	5	0.287629	29697.5	0.000165453	
2590	135	769	18.7475	10.0225	1044	11	7	485	5	72	350	5	0.115179	58225.5	0.000139567	
2695	409	775	14.775	14.9253	1026	13	9	489	18	54	349	4	0.339736	30473.4	0.000156715	
2300	253	725	16.6813	16	900	17	8	469	11	57	349	4	0.169102	33434	0.000193311	
2614	417	769	12.0555	10.6082	1050	10	9	483	5	77	350	6	0.369273	36719	0.000127081	
2336	100	725	24.6992	16	904	17	8	469	11	57	349	4	0.064943	50837	0.000215424	
2617	251	766	13.7802	10.8465	1006	12	10	483	20	56	350	5	0.223884	40173.3	0.000131683	
2640	403	737	17.1129	15.7915	1046	11	8	487	9	79	345	5	0.296489	29232.7	0.000168209	
2580	349	771	14.0385	13.8423	1036	11	8	489	7	80	350	5	0.288753	32354.3	0.00014881	
2443	102	762	21.8963	10.7872	985	10	10	476	8	75	334	5	0.079007	64365	0.00017191	
2676	214	755	12.9306	10.7645	1042	13	8	482	7	74	348	6	0.209691	42066.6	0.000129149	
2593	381	768	15.4222	15.6545	1050	16	9	485	18	76	350	5	0.299829	29959.8	0.000163106	
2309	103	751	23.0168	10.0259	1050	13	8	471	7	79	343	4	0.071136	77245.8	0.000176056	
2516	128	745	21.3656	10.1099	1023	13	6	474	3	80	344	5	0.096025	65098.3	0.0001514	
2325	103	751	23.0168	10.0259	1041	13	8	471	7	80	343	4	0.071738	76274.9	0.000175377	
2315	147	728	22.2916	15.7974	921	17	6	481	12	73	347	5	0.093247	42624.9	0.000198649	
2433	114	744	22.4378	10	1048	11	8	472	7	60	344	4	0.082272	73394.1	0.000162522	
2316	236	725	25	15.986	900	16	8	472	6	60	349	4	0.136379	35787.8	0.000212044	
2662	481	768	15.3238	12.7312	1029	11	9	490	7	80	350	5	0.38413	31979.7	0.000141084	
2427	100	772	24.3582	10.0027	1050	15	10	468	16	79	339	4	0.073094	77794.4	0.000174155	
2390	100	734	25	13.0934	933	12	8	471	11	56	349	5	0.067092	58508.5	0.00019516	
2670	247	770	14.8733	10.542	1048	11	7	485	0	68	350	4	0.216076	41492.8	0.000127616	
2670	305	770	14.8733	11.3842	1013	11	7	490	9	68	350	4	0.257096	37041.6	0.000132961	
2615	319	772	14.0791	11.3204	1046	11	7	490	10	80	350	5	0.270212	36441.4	0.000132188	
2417	108	741	23.4444	10.097	986	16	9	473	4	65	343	5	0.075814	72317.9	0.000171204	
2336	100	734	25	10	1017	12	8	467	0	63	341	4	0.06521	81711.5	0.000185494	
2562	311	755	16.4034	13.959	1050	12	9	480	7	78	348	4	0.236282	32709.7	0.000153894	
2370	100	728	25	10	1050	12	5	478	3	67	343	5	0.065852	86876.2	0.000183722	
2700	348	745	15.6679	12.5951	1050	11	8	490	6	74	349	5	0.275776	33806.8	0.000141323	
2537	348	745	16.5352	14.7303	1050	11	8	490	7	74	349	5	0.254593	31421.8	0.000161108	
2613	367	767	16.5264	13.2357	1047	13	8	490	5	76	350	5	0.282983	32654.9	0.000146349	
2618	398	743	16.8466	16	1028	12	7	488	8	75	349	5	0.295175	29201.8	0.000170068	
2697	407	761	15.8161	13.044	1050	15	9	488	9	76	350	5	0.32369	32255.9	0.000143143	
2443	142	753	18.5422	10.2648	946	15	8	463	8	76	325	5	0.110919	55073.8	0.000148633	
2606	116	767	23.075	10.34	1045	12	9	470	8	71	350	4	0.091292	67166	0.000155343	
2697	446	762	17.2741	16	1050	12	9	490	15	74	349	5	0.344247	28514.7	0.000165153	
2584	131	758	23.5023	10	1043	12	8	482	7	68	350	5	0.097664	70087.2	0.000149522	
2697	407	756	14.2191	13.2206	1050	16	9	483	7	74	350	5	0.335852	32166.6	0.000143699	
2625	378	771	14.2414	11.7222	1048	15	8	479	6	75	349	6	0.312661	34915.6	0.000134626	
2529	135	766	18.7475	10.0225	1047	11	7	485	2	70	348	5	0.111753	59150	0.000141603	
2629	363	771	15.4856	11.6389	1050	11	8	482	1	78	350	6	0.290808	35418.4	0.000134698	
2650	363	771	15.4856	11.6389	1050	11	8	484	16	78	350	5	0.292924	35284.2	0.000134264	
2300	100	734	24.6728	11.0389	914	12	7	485	0	79	347	5	0.064489	67986.4	0.000191644	
2665	500	741	16.9538	14.2445	1050	11	8	488	8	80	350	5	0.373775	30049.3	0.000155015	
2593	290	772	14.6041	12.0801	1050	10	8	485	12	70	345	5	0.242919	36073.4	0.000137817	
2300	100	773	25	13.765	926	12	9	482	6	62	348	4	0.067353	56968	0.000198373	
2699	234	773	12.373	10.1493	1050	10	6	481	7	61	350	5	0.237944	43026.7	0.000123016	
2541	102	745	23.1168	10.0018	1025	14	9	477	3	75	337	4	0.078084	72817.2	0.000169866	
2334	123	732	25	16	909	15	8	481	9	62	342	4	0.07695	46609.9	0.000209205	
2627	324	756	15.6855	13.3974	1041	11	7	490	4	75	346	5	0.255942	33056	0.000147798	
2680	500	773	13.1527	11.6796	1046	13	10	484	11	80	346	5	0.427723	33739.9	0.00013245	
2300	100	725	25	16	917	18	8	469	11	57	349	4	0.06317	51502.1	0.000218675	
2640	187	735	14.1822	10.0013	1028	12	9	472	7	80	344	5	0.170578	46419.7	0.000130073	
2619	287	769	12.9637	10	1050	13	8	472	7	69	350	4	0.259415	40968.7	0.000124595	
2639	184	761	14.0327	12.2458	1004	13	8	490	7	69	350	5	0.176454	41119.7	0.000139218	
2549	134	737	23.075	11.2671	1037	12	9	474	8	66	347	4	0.095813	59598.8	0.000156912	
2300	100	725	25	16	900	17	8	469	11	63	350	4	0.06317	51589	0.000218293	
2613	410	767	17.0267	13.9505	1048	11	8	490	5	75	350	5	0.311592	31229.5	0.000151607	
2300	118	744	24.5929	16	938	16	9	480	4	57	339	5	0.074779	47962.7	0.00020903	
2300	100	742	24.7112	12.6596	939	12	8	486	7	68	336	5	0.065189	61295.5	0.000196812	
2313	102	734	25	10	1017	11	8	467	0	63	341	4	0.065437	82131.7	0.00018546	
2300	100	742	25	10	1049	11	7	481	3	78	344	5	0.064652	85839.4	0.000186359	
2654	218	767	13.9853	11.4172	1047	11	6	478	0	72	350	6	0.20182	40591.5	0.000132083	
2329	109	726	23.2824	15.968	909	10	8	481	5	62	348	4	0.072068	48914.3	0.000205719	
2300	113	725	20.6069	16	900	15	8	473	14	66	348	4	0.078604	46905.4	0.000201613	
2634	398	767	16.702	12.766	1028	13	10	487	7	80	346	5	0.307085	32977.9	0.000144071	
2544	194	740	14.379	10	1050	12	8	486	11	72	349	5	0.168666	46716.1	0.000131148	
2593	277	770	13.8732	12.0801	1050	10	8	481	12	70	344	6	0.239761	36567	0.000137608	
2700	434	773	14.5803	15.5248	1046	11	8	487	5	80	350	5	0.361045	29563.3	0.000158128	
2668	234	771	14.1168	10	1007	12	9	472	4	68	346	5	0.213698	43638.3	0.000126088	
2353	147	728	25	15.6997	909	15	9	473	7	60	342	4	0.090012	42780.2	0.000206271	
2300	100	760	25	10.2479	974	11	8	486	2	80	341	6	0.06622	77070.3	0.000186047	
2394	100	740	24.4483	10	984	11	6	470	13	75	350	5	0.068887	78126.4	0.000179921	
2670	305	770	15.7736	12.3756	1013	12	8	490	9	68	346	4	0.250308	35122.4	0.000140174	
2688	453	730	18.04	16	984	13	7	487	8	73	347	5	0.32969	28794.5	0.00017319	
2548	169	739	16.6647	12.8739	1031	11	6	485	12	58	347	4	0.138159	42507.6	0.000150875	
2542	131	770	16.6002	10.5917	1033	14	8	476	6	59	343	4	0.120523	52946.1	0.000142755	
2628	500	743	16.5701	15.9322	1021	12	9	488	9	72	348	5	0.37247	28463.2	0.000169405	
2679	354	749	16.5352	14.7303	1048	13	8	490	5	74	350	5	0.273409	30839.5	0.000157085	
2370	102	744	25	10	1038	10	6	487	9	66	350	5	0.068365	85094.1	0.000180083	
2325	103	751	23.0168	10.0259	1050	13	8	471	7	80	343	4	0.071738	76873.8	0.000175254	
2557	276	743	15.6886	14.4901	1041	10	9	489	4	74	349	5	0.213321	33165.5	0.000158428	
2491	184	759	14.0327	12.2458	1029	13	8	490	7	64	350	5	0.166012	41838.9	0.000142857	
2605	196	757	18.1945	13.0903	1026	13	9	488	3	69	350	6	0.15469	39712.1	0.000150038	
2423	104	746	24.8602	10.0018	998	15	8	469	3	75	342	4	0.071547	76653.7	0.00017618	
2598	145	772	16.6002	11.2751	1033	13	7	476	7	59	340	4	0.132578	48724.6	0.000140489	
2636	343	730	18.04	16	992	13	7	487	8	74	347	6	0.247156	29985.1	0.000174277	
2353	136	725	25	16	909	15	9	473	7	62	350	4	0.083798	43906.8	0.000208117	
2615	226	758	14.648	12.798	1022	11	7	481	12	78	347	6	0.196274	37355.1	0.000143885	
2355	100	775	22.7219	11.0496	1011	15	8	463	4	75	341	4	0.074094	66120.5	0.00017671	
2300	100	725	24.5052	15.8842	927	14	10	474	7	72	348	4	0.063709	52312.7	0.000214408	
2472	127	768	16.6002	11.2751	972	13	7	478	6	59	339	5	0.114205	50940.8	0.000150399	
2698	453	763	15.8307	16	1045	13	9	490	3	78	348	5	0.359775	28647	0.000163934	
2666	381	767	14.9303	15.3032	1021	11	7	488	9	76	343	5	0.31054	30303.5	0.000159693	
2607	202	770	14.9334	10	1050	11	7	485	0	80	350	4	0.180164	45735.2	0.000126807	
2309	100	737	24.3184	10	1010	11	8	468	5	64	350	5	0.065607	80967.8	0.000184502	
2479	231	768	19.4251	16	1014	13	8	473	7	77	345	4	0.16623	33885.6	0.000176336	
2654	218	768	15.6301	11.4172	1047	11	7	478	0	72	347	5	0.188636	41006.7	0.000133833	
2558	126	771	24.7699	10	1050	10	9	484	16	65	345	4	0.092705	74361.8	0.000153728	
2620	344	741	14.0385	13.8423	1036	11	8	488	8	80	347	5	0.277915	32310.9	0.000151194	
2686	442	764	16.5352	15.6247	1044	11	9	490	2	75	349	5	0.345248	28965	0.00016197	
2483	100	755	25	10	1050	15	8	469	16	66	347	4	0.072345	80371.7	0.000175101	
2606	134	737	23.075	11.2671	1037	12	9	474	8	71	350	4	0.098247	58850.9	0.000154536	
2330	148	725	24.7466	15.7855	933	17	8	481	8	73	349	5	0.08972	43407	0.000205212	
2483	201	744	15.6479	12.8423	983	10	7	482	11	71	333	6	0.160516	39316.8	0.000153139	
2300	100	730	25	15.986	963	16	8	473	6	60	350	4	0.063606	52736.3	0.000214915	
2300	100	751	22.9616	10	1049	10	6	485	4	64	350	5	0.069218	83244	0.000178987	
2397	100	737	24.7557	15.7685	1023	13	7	488	3	78	332	4	0.068161	53735.4	0.000203583	
2300	100	745	25	10	1022	11	8	478	2	59	350	5	0.064913	84438.2	0.000186254	
2375	140	738	19.5783	10.5001	993	12	8	471	4	70	341	6	0.100511	57971.6	0.000153445	
2491	115	725	23.5684	16	900	18	8	469	11	57	349	4	0.080737	46380.8	0.000199681	
2693	416	772	14.826	11.239	1050	10	8	482	1	78	350	6	0.343608	35500.2	0.000130395	
2664	232	770	14.2767	10.8243	1031	14	9	474	5	69	350	6	0.210436	41273.3	0.000129517	
2402	100	746	25	14.7816	1050	15	9	470	0	79	348	4	0.068614	55629.5	0.000197239	
2628	500	771	15.6713	15.4406	1037	12	8	489	11	72	348	5	0.393272	29018.7	0.000160875	
2417	108	735	23.4444	11.5555	986	10	9	473	4	61	343	5	0.0752	63031.7	0.000176897	
2300	185	741	24.9483	16	931	15	10	475	4	47	314	5	0.109877	38998.3	0.000216123	
2471	173	766	19.2096	12.7095	959	10	7	483	12	80	333	6	0.130587	43231.4	0.000156348	
2512	100	755	20.2335	13.2355	1019	12	6	471	4	72	344	6	0.084339	54203.8	0.00017854	
2300	183	738	20.4171	15.2667	917	14	9	469	3	57	340	4	0.118329	38229.7	0.000190985	
2700	468	775	10.8067	10	1050	11	6	480	7	73	350	5	0.452451	39080.6	0.000121065	
2558	123	755	22.0453	10.1311	1006	12	9	481	1	58	348	6	0.094426	66328.4	0.000153022	
2397	100	743	24.7557	15.639	1023	13	7	488	3	78	332	4	0.068716	53997.1	0.000202102	
2329	109	725	25	15.9111	909	10	8	481	6	62	348	4	0.068782	50007.3	0.00021097	
2682	471	771	13.238	10.8366	1049	13	7	481	10	66	349	5	0.402795	36146.7	0.000127812	
2300	105	725	22.1853	16	927	13	10	474	7	73	350	4	0.070914	49553.9	0.000205973	
2380	108	731	23.1147	13.0084	1000	17	9	480	6	62	346	5	0.073957	56712.3	0.00018474	
2300	100	725	24.4494	10	1022	12	8	471	7	63	344	4	0.064218	82660.6	0.000186776	
2700	482	772	14.9001	12.1945	1050	11	7	487	7	78	347	5	0.395477	32989.6	0.000135851	
2684	407	768	15.8161	12.7892	1050	16	8	484	9	76	347	5	0.325258	32837.1	0.000141543	
2300	100	773	25	12.0559	926	14	9	482	6	62	347	4	0.067353	62469.2	0.000191571	
2300	100	740	22.3964	13.9722	919	11	8	474	8	73	334	6	0.069256	54378.1	0.000197044	
2617	486	751	14.9889	13.007	1046	13	9	478	6	77	347	5	0.376842	31790.1	0.000145307	
2353	102	731	23.4505	10	1005	12	9	476	9	63	346	5	0.069268	77442.8	0.000179051	
2401	101	755	25	10	1050	15	8	467	16	67	350	4	0.069952	81293.9	0.000177778	
2370	102	740	25	10	1050	12	6	474	8	66	343	5	0.067997	84646.7	0.000180603	
2325	103	757	20.5743	11.8261	1038	15	9	470	7	60	343	4	0.077693	60424.7	0.000176491	
2338	102	740	23.185	10	1050	12	6	481	9	74	347	5	0.07011	80606.9	0.000177462	
2300	109	741	22.519	15.9777	927	12	9	468	7	53	344	4	0.07352	48580	0.000204374	
2300	100	726	25	13.4837	1039	13	9	472	6	78	350	4	0.063258	60696.3	0.000200844	
2700	228	775	13.52	10.359	1007	13	9	484	8	73	350	5	0.219738	42294.3	0.000125881	
2300	100	741	23.7527	15.6246	1005	16	8	474	7	50	314	5	0.066709	52445.4	0.000211238	
2402	100	744	24.8299	14.7816	1035	15	9	470	0	79	348	4	0.068442	55279.7	0.000197785	
2693	422	771	14.4852	11.6389	1050	10	8	482	1	78	350	6	0.350703	34448.8	0.00013231	
2623	178	773	12.9637	10	1050	13	8	466	7	70	350	4	0.185379	46939.3	0.000124891	
2518	212	758	16.499	15.9605	1050	11	9	472	10	68	350	6	0.168045	34842.8	0.000170532	
2401	104	755	25	10	1050	15	8	467	16	66	350	4	0.071594	80741.1	0.000175469	
2617	277	757	16.4129	13.9007	1020	10	9	490	8	77	349	5	0.218377	33600.7	0.000152765	
2641	394	767	12.2843	10.9614	1050	10	9	481	9	73	350	5	0.349569	36291.5	0.000128436	
2661	184	771	18.5075	12.0341	936	10	9	483	3	78	346	5	0.15186	43306.4	0.000144425	
2402	100	746	24.8299	14.7816	1035	13	9	470	0	79	350	4	0.068626	55239.7	0.000197433	
2606	116	767	23.075	11.116	1045	12	9	470	8	71	350	4	0.091292	62070.8	0.000158053	
2593	381	761	16.377	13.8383	1043	16	9	487	19	73	350	5	0.290219	31736.4	0.000152161	
2700	162	770	16.3577	14.4344	1050	11	8	482	1	77	350	5	0.150206	40122.2	0.000152742	
2432	147	734	18.7544	10.0831	1045	14	9	479	14	75	347	4	0.109308	58409.4	0.000145645	
2325	108	746	21.5514	10	1042	16	9	472	6	60	343	4	0.076587	73518.3	0.000169837	
2697	228	769	12.6286	10.1537	1031	13	9	484	8	72	350	5	0.229003	42721.9	0.000124208	
2404	153	731	23.1085	15.8035	962	10	6	464	4	71	341	5	0.09931	41563.2	0.000193761	
2700	210	763	11.2324	10	1050	12	5	476	8	71	350	5	0.238406	45518.6	0.000122444	
2512	118	755	20.2335	13.2355	1019	13	6	471	5	72	350	6	0.094766	50435.4	0.000166389	
2368	100	743	24.7557	15.639	1023	13	7	477	3	75	338	4	0.067687	53922.4	0.000203666	
2593	277	735	12.9407	12.1069	1050	10	8	481	12	66	344	5	0.238882	36923.8	0.000140311	
2483	173	744	16.1475	12.8423	967	11	7	484	11	71	331	6	0.140628	41609.7	0.000154847	
2661	427	761	13.7384	11.8591	1050	10	8	479	12	75	350	5	0.354232	33985.6	0.000134481	
2700	482	775	11.188	10.44	1050	11	8	481	9	77	350	5	0.453964	37387	0.000123396	
2322	102	736	22.7299	10	976	12	6	487	2	68	334	5	0.070203	75955.4	0.000178731	
2596	277	759	15.2107	13.954	1049	11	9	489	7	80	348	6	0.224983	33581.8	0.000151286	
2310	100	739	24.9181	15.8842	926	11	10	474	2	61	346	5	0.064747	52386.5	0.000213038	
2300	100	725	24.5052	12.0565	1004	14	10	475	7	72	349	4	0.063709	65311.4	0.00019478	
2301	148	727	24.7466	15.1123	933	17	7	481	7	73	347	4	0.088696	45032.6	0.000202963	
2369	100	746	24.8299	14.7816	1035	15	9	470	0	80	348	4	0.067457	55636.3	0.000199322	
2300	100	739	25	10	977	13	9	467	10	63	346	4	0.06439	79079.8	0.000187758	
2387	153	740	22.7137	15.8842	953	11	5	464	5	69	339	5	0.100864	41345.6	0.000193611	
2700	448	775	11.387	10	1050	10	6	483	0	73	350	5	0.421347	38509.4	0.0001213	
2300	100	734	25	10	1022	12	8	467	7	64	344	4	0.063955	82949.6	0.000187723	
2638	180	772	14.9501	10	1006	12	8	471	9	75	342	5	0.168104	47629.9	0.000128485	
2617	144	751	16.1625	11.1289	1047	14	6	481	8	74	349	5	0.131717	48953.4	0.000139743	
2596	110	736	22.0047	16	938	16	9	482	7	73	343	5	0.086654	47115.8	0.000189215	
2310	100	742	24.7112	13.6724	939	12	8	486	7	68	335	5	0.065544	57772.7	0.000200441	
2604	317	768	16.7745	13.954	1044	11	9	489	8	75	348	6	0.245556	32583.2	0.000151999	
2619	347	775	14.5009	12.3887	1050	13	9	479	6	75	344	6	0.287906	34097.9	0.000138889	
2315	100	741	23.3387	12.509	927	16	9	472	7	56	348	4	0.067788	58655.6	0.000192197	
2484	112	730	20.2009	10	1023	12	8	480	6	72	330	4	0.087116	65505.6	0.000161264	
2677	157	769	14.6041	12.2173	1050	12	8	487	10	79	348	5	0.157837	43721.4	0.000138198	
2301	160	726	23.4628	16	900	17	6	467	7	57	349	4	0.097091	40296.8	0.000208464	
2399	138	735	25	15.906	994	10	8	485	9	67	350	4	0.087969	45306.3	0.000196541	
2689	500	771	16.4218	15.523	1037	11	9	484	3	76	348	5	0.394955	28732.1	0.000161005	
2700	238	763	11.2324	10	1050	13	5	476	8	71	350	5	0.258432	43990.5	0.000122429	
2699	227	773	12.373	10.1493	1050	10	6	478	3	61	350	5	0.232942	43474.1	0.000122941	
2700	193	775	16.3577	10.542	1047	11	8	482	0	77	350	5	0.171997	45800.7	0.000128222	
2624	390	744	13.2161	13.2055	1050	10	8	479	9	75	350	4	0.321163	32722.1	0.000144907	
2700	487	774	12.9202	11.4629	1038	11	8	490	7	76	349	4	0.424253	34245.9	0.000130141	
2665	500	747	14.9867	14.7303	1050	11	8	486	10	79	349	5	0.391504	29548.3	0.000156104	
2447	145	755	18.1634	12.634	1041	15	7	472	9	80	336	6	0.114279	47188.1	0.000155255	
2314	100	745	23.7699	10	983	12	9	473	4	76	349	4	0.067575	75811.2	0.000181785	
2626	424	765	17.0267	13.9505	1048	11	8	490	7	75	350	5	0.322543	31102.9	0.000151492	
2661	390	761	13.7384	13.2055	1050	10	8	479	9	75	350	5	0.326248	32485.1	0.000143041	
2617	145	735	23.937	16	959	14	10	486	8	73	344	5	0.103135	41974.9	0.000185322	
2600	151	757	18.6365	10.5314	1047	12	9	478	1	74	348	4	0.124306	53029.5	0.00013816	
2620	349	741	14.0385	13.8423	1036	11	8	489	7	80	349	5	0.28143	32213.9	0.000151012	
2693	422	753	14.4852	11.6389	1050	13	8	482	1	78	350	6	0.342515	34568.9	0.000134102	
2362	113	740	23.827	16	977	15	9	470	8	78	350	4	0.075758	48468.7	0.00019992	
2661	420	758	15.0327	12.9015	1049	11	8	479	10	75	350	5	0.334667	32392	0.000142491	
2619	345	772	12.9637	10	1050	13	8	472	7	76	350	4	0.302596	39239.1	0.000124332	
2615	319	766	14.0791	11.3204	1046	11	7	490	10	80	350	5	0.268112	36470.6	0.000132732	
2394	100	740	23.5036	10	978	10	10	472	8	75	350	5	0.070543	73703.1	0.000177873	
2690	303	743	14.308	12.7009	1050	10	9	485	12	75	349	6	0.253728	34482.9	0.000141383	
2581	281	772	19.4251	16	1022	11	8	475	15	76	350	4	0.207371	31513.4	0.000171733	
2549	224	770	17.8957	12.6031	1014	15	8	470	4	80	344	4	0.173141	38713.4	0.000147732	
2402	100	740	24.0032	11.4222	986	17	10	472	1	77	343	6	0.069733	65780.4	0.000183925	
2405	153	751	21.3903	15.4142	915	16	8	475	11	47	333	6	0.106076	40784	0.000192271	
2692	253	774	13.1904	10.542	1048	12	9	482	4	69	349	4	0.240581	40466.5	0.000125644	
2638	351	730	18.04	16	1026	13	7	487	10	74	347	5	0.252771	29772.1	0.000172712	
2643	203	736	17.0518	12.4007	1045	12	7	480	5	70	346	4	0.162538	40334.1	0.000144718	
2699	432	775	10.8067	10	1050	11	6	480	3	71	350	4	0.422661	39428.3	0.000120919	
2680	500	773	13.9616	11.6796	1046	12	10	484	11	78	346	5	0.417783	33616.6	0.000132979	
2518	243	758	17.1214	14.9586	1050	11	9	473	10	67	348	5	0.184178	34183.6	0.000163506	
2330	100	740	23.827	15.639	977	15	9	477	8	78	337	4	0.067693	52805.6	0.00020517	
2700	116	774	19.1912	13.5839	1050	11	6	475	3	72	349	6	0.107931	49306.1	0.000160539	
2396	104	743	24.0032	11.061	986	16	10	479	1	75	343	5	0.071955	67034.3	0.000179276	
2337	100	758	23.8677	12.8238	1008	12	8	486	9	72	350	5	0.069595	61098.2	0.000188608	
2564	163	774	15.1416	10.1827	995	12	9	479	7	72	347	4	0.151515	48122.7	0.000131787	
2300	105	725	22.1853	16	927	13	10	474	7	57	350	4	0.070914	49302.5	0.000206654	
2319	106	736	20.492	10.208	1003	12	7	485	5	80	340	5	0.077403	68077.7	0.000171438	
2482	167	728	22.0369	16	949	16	9	469	5	72	341	5	0.112722	38588.7	0.000189645	
2700	482	768	13.463	10.44	1050	10	8	481	9	76	350	5	0.409325	36535.5	0.000125455	
2649	486	775	13.872	12.2766	1034	13	9	484	11	71	348	5	0.404265	32915.4	0.000136986	
2363	104	734	23.0586	11.7803	1005	16	9	471	7	65	344	4	0.07151	62704.1	0.000182315	
2700	190	770	12.9274	10	1048	12	6	478	10	78	350	5	0.19903	45969.2	0.000123335	
2667	153	757	14.9388	10.2924	1046	11	8	474	10	69	350	5	0.149109	49287.5	0.000131423	
2336	135	766	18.7475	10	1050	11	7	485	4	69	348	5	0.102335	63374.1	0.00014839	
2641	398	767	12.2843	11.206	1050	10	9	481	9	73	350	5	0.352627	35821.4	0.000129702	
2700	262	775	13.52	10.6911	1007	13	10	484	8	73	350	5	0.243996	39876.2	0.000127486	
2300	117	754	25	16	913	15	9	477	3	43	322	5	0.07469	47018.9	0.000216685	
2537	348	745	15.6679	14.7303	1007	11	8	490	7	74	349	5	0.260446	31367.9	0.000162101	
2387	153	731	22.7137	15.8842	953	11	6	464	5	69	341	5	0.099637	41228	0.000194742	
2335	103	751	24.1457	10.0259	1033	16	9	472	16	80	343	4	0.069929	78018.9	0.000178221	
2375	183	739	19.617	16	945	12	9	470	2	60	322	4	0.124815	37175.8	0.000190114	
2300	165	725	23.0793	15.8842	927	14	9	475	7	56	350	4	0.100111	40194.8	0.000203874	
2673	121	757	20.2713	10	1050	12	7	481	4	70	347	6	0.103836	63695.5	0.000146757	
2440	104	746	25	10.6306	999	15	9	469	3	75	338	4	0.072153	71139	0.000177525	
2300	100	730	25	10	977	12	10	467	9	66	350	4	0.063606	78775.4	0.00018875	
2300	100	735	23.9568	10	1049	10	6	478	6	64	350	5	0.065645	86113.2	0.000183857	
2550	162	752	17.2532	11.0803	962	13	9	478	10	65	346	5	0.133467	47602.7	0.000141985	
2375	140	738	20.6971	10.5001	993	12	8	472	4	70	341	6	0.097264	60178.5	0.00015586	
2620	398	738	16.8466	16	1044	13	7	488	8	75	347	5	0.29339	29204.1	0.000169981	
2309	102	742	23.9229	10	1025	11	7	487	8	74	345	5	0.067636	81562	0.000181554	
2688	487	774	14.0628	11.4629	1024	11	8	490	7	76	348	4	0.407339	34147.9	0.00013177	
2518	238	757	15.1989	14.7917	1050	11	9	474	1	80	348	4	0.192356	34673.6	0.000159872	
2584	131	758	19.687	10	1043	12	8	482	11	68	350	5	0.107868	60945.6	0.000143225	
2505	128	771	21.3656	10.1099	1023	13	7	474	3	80	344	5	0.098882	63905.3	0.000149098	
2644	172	761	18.0349	14.0438	1045	12	7	480	5	70	338	4	0.143042	39958.5	0.000155087	
2555	303	769	14.3445	13.3602	1030	14	8	481	4	80	346	4	0.249586	33785.7	0.000147341	
2402	114	735	23.7958	10.1485	1029	14	9	465	9	79	346	4	0.077313	72971.1	0.000168833	
2300	109	725	25	16	909	13	8	481	6	66	348	4	0.067734	50157.8	0.00021395	
2697	434	773	14.9273	15.5248	1046	11	8	487	5	80	348	5	0.357747	29401.3	0.000158604	
2697	467	771	14.9273	15.5248	1050	11	8	487	5	80	346	5	0.382694	29164	0.00015873	
2623	116	767	23.075	10.206	1050	12	9	470	8	71	350	4	0.091987	68371.9	0.000154369	
2677	201	772	14.2767	10.8243	1031	14	9	474	5	69	350	6	0.190609	43171.9	0.000129182	
2700	473	770	12.9202	11.0078	1037	10	9	490	8	80	349	6	0.410748	35062.4	0.000128386	
2323	100	749	23.835	10	1050	11	5	485	17	64	350	5	0.068262	85945.2	0.000180278	
2316	100	740	24.4798	10	1047	16	7	478	9	67	344	5	0.066113	84013.5	0.000183824	
2683	311	754	16.5352	14.7303	1050	10	9	490	7	73	350	5	0.245069	31708.2	0.000156226	
2700	335	775	10.0804	10	1050	11	5	480	7	73	350	6	0.368163	42187.9	0.000120802	
2618	168	761	17.4297	15.5758	1028	12	7	487	8	80	349	5	0.142086	38420.5	0.000165673	
2661	390	767	13.7384	10.4511	1050	10	8	487	9	75	350	5	0.32882	37236.2	0.000126711	
2300	117	754	23.1104	16	913	15	9	477	3	43	322	5	0.077995	46228	0.0002096	
2443	114	734	21.96	10.4873	950	10	9	490	8	76	325	6	0.082661	64564.6	0.000166667	
2700	490	775	10	10.0189	1050	11	5	479	9	75	350	5	0.498641	40405.4	0.000120758	
2330	100	740	23.049	15.639	1041	13	9	477	6	77	338	4	0.068772	53623.2	0.000202143	
2693	482	769	14.4759	13.5228	1042	11	7	488	6	79	347	5	0.396816	31064.5	0.000144676	
2658	247	770	14.8733	10.5448	1048	11	5	487	0	73	344	4	0.215132	41806.2	0.000128833	
2674	256	741	16.3474	12.8341	998	12	6	490	12	65	347	4	0.204111	36211.7	0.000146886	
2581	147	769	18.7475	12.9433	1044	11	7	477	10	69	350	5	0.122178	45614.6	0.000150353	
2530	123	754	20.0912	10.1415	992	12	9	472	2	58	346	6	0.098929	61634.2	0.000150875	
2611	257	730	17.3962	15.4587	1033	12	10	487	7	62	350	5	0.191571	32769.3	0.000168606	
2415	116	740	23.1531	10	959	10	6	471	10	75	350	5	0.080552	70749.8	0.000165344	
2644	131	758	20.9195	10	1050	12	8	480	6	68	350	5	0.106408	63709.4	0.00014341	
2496	114	747	20.9699	10.0018	1029	14	9	469	1	79	346	4	0.088532	65651.5	0.000157853	
2665	500	768	16.9538	14.2445	1050	11	8	480	8	74	350	5	0.387395	30219.1	0.000152602	
2390	100	734	25	13.0934	900	12	8	469	11	56	349	5	0.067092	57525.5	0.000196232	
2300	109	725	25	16	909	15	8	481	6	62	348	4	0.067734	49837.7	0.000214638	
2680	407	773	15.028	15.3032	1047	11	7	487	10	79	350	5	0.333477	29851.3	0.000157257	
2300	100	742	23.835	10	1049	11	6	473	4	64	344	5	0.066795	84818.2	0.000182216	
2300	171	741	23.5495	15.8006	931	16	9	472	4	47	322	5	0.105028	39637.4	0.000208594	
2323	100	734	25	10.0154	956	13	9	478	8	66	338	5	0.064756	78340.4	0.000187406	
2339	136	728	25	16	909	15	8	473	7	63	349	5	0.083565	44192.6	0.000208768	
2416	163	732	20.9354	15.2964	900	14	8	466	2	62	322	4	0.110626	39519.6	0.000188964	
2402	114	746	23.7958	10.1485	1029	14	9	465	9	79	346	4	0.07847	72603.7	0.000167532	
2300	106	733	25	16	909	15	8	473	11	70	350	4	0.06694	50610.9	0.000213721	
2312	100	739	24.7112	10.0084	943	12	8	475	7	71	336	5	0.065349	76739.7	0.000186567	
2417	100	771	23.4444	10.3746	900	16	10	474	3	70	343	5	0.074366	67972.1	0.000175778	
2460	104	758	24.3955	10.7066	990	16	7	474	5	78	344	5	0.075214	69794.4	0.000173913	
2318	100	734	25	10	1017	13	8	467	0	63	341	5	0.064582	82403.1	0.000186776	
2661	296	743	18.0935	16	1033	11	7	482	8	74	334	5	0.221545	30977.7	0.000171262	
2685	177	775	10.8067	10	1050	12	6	480	8	72	350	5	0.226541	48375.5	0.000122579	
2300	109	728	25	16	909	15	8	481	7	62	347	4	0.068015	49869.2	0.00021427	
2541	105	744	22.4805	10.6649	986	17	9	480	0	75	343	5	0.081415	65526.2	0.000168464	
2650	463	767	17.0267	14.4025	1046	13	8	490	5	76	350	5	0.35561	30124.7	0.000154059	
2604	481	768	16.7745	13.954	1044	11	9	489	10	80	348	6	0.365856	30605	0.000151953	
2402	104	746	24.9773	11.1056	996	10	9	469	6	67	338	4	0.070778	68881.9	0.000181028	
2632	409	775	16.6418	15.8761	994	13	10	490	17	71	345	4	0.318289	29151.7	0.000166279	
2684	500	772	12.9202	11.2184	1038	11	8	490	7	75	349	4	0.431578	34591.1	0.000129349	
2643	500	772	14.9889	13.7912	1050	12	9	490	5	71	346	5	0.401753	30643.3	0.00014771	
2693	482	772	14.9001	12.1945	1042	11	7	487	7	78	347	5	0.394593	33004.8	0.00013624	
2677	365	769	14.6041	12.2173	1050	11	8	485	10	79	348	6	0.304124	33930.1	0.000136556	
2700	253	774	13.1904	10.542	1048	11	9	482	3	78	350	4	0.241266	40180.6	0.000125266	
2700	343	775	10.8067	10	1050	13	8	480	7	71	350	5	0.351735	40663	0.000121212	
2667	439	771	13.872	12.2766	1034	14	9	484	11	73	348	5	0.367457	33237.5	0.000137024	
2306	106	736	21.7021	10.208	1003	13	7	488	5	80	340	5	0.073781	71369.6	0.000174795	
2691	500	775	13.1527	12.766	1039	13	7	483	5	78	346	5	0.430323	32454.2	0.000138504	
2329	100	738	25	10.7282	1017	12	8	478	0	63	346	4	0.06532	75651.4	0.000187617	
2678	176	766	15.6469	11.2294	1006	11	10	484	20	73	350	5	0.161711	44239.2	0.000133833	
2700	151	757	18.6365	15.038	1046	12	8	478	5	68	344	4	0.129465	41158.5	0.000161891	
2644	389	764	16.5352	15.6247	1050	11	9	490	-0	74	350	5	0.300993	29558.1	0.000162655	
2674	345	773	12.9637	10	1050	13	8	472	7	70	350	4	0.308756	39599.7	0.000123107	
2338	102	740	23.185	10.8684	1050	12	7	481	9	65	347	5	0.07011	73176.3	0.000180213	
2687	384	758	14.3369	13.7839	1050	10	8	479	9	75	350	5	0.316944	31730.3	0.000147406	
2309	100	725	25	16	900	18	8	472	11	57	349	4	0.06348	51233.3	0.000218818	
2402	114	746	24.8299	10.0018	1029	14	9	469	1	79	346	4	0.076224	76406.8	0.000170387	
2423	212	766	16.499	15.9605	1050	11	9	472	10	69	350	6	0.163374	35528.6	0.000172563	
2679	348	749	16.5352	14.7303	1050	11	8	490	8	75	350	5	0.269136	30889.2	0.000156863	
2584	121	758	19.0931	10	1043	12	8	487	17	70	350	5	0.103583	60852.3	0.000147667	
2300	100	736	25	11.4069	988	13	7	472	8	66	347	5	0.064129	69508.8	0.000192678	
2700	195	738	20.3652	16	1003	12	7	485	12	80	340	5	0.147741	35969.3	0.00017452	
2300	100	725	23.3602	12.3942	927	14	8	471	7	66	336	4	0.065793	59831.8	0.000194401	
2700	456	771	12.0714	10	1050	11	7	480	7	70	350	5	0.411204	38186.1	0.00012213	
2300	100	730	19.1228	10	977	12	9	467	9	63	343	4	0.076448	66219	0.000175039	
2686	151	762	19.6298	11.7156	1050	12	6	487	3	70	348	6	0.125866	50073.5	0.000142308	
2660	407	761	14.2191	13.044	1050	16	9	488	7	76	350	5	0.333951	32293.4	0.000142572	
2476	167	730	19.8033	16	949	16	9	469	5	72	341	5	0.118986	38026.3	0.000185667	
2683	141	772	19.6298	10	1050	14	6	487	3	70	348	6	0.120933	60100.9	0.000136463	
2405	103	749	21.7503	15.4142	915	16	8	468	1	50	333	6	0.077307	49124.4	0.000198059	
2665	417	744	16.245	14.7303	1050	11	8	490	7	80	349	5	0.31762	29978.1	0.000157431	
2665	500	747	16.4411	14.7303	1050	11	8	490	10	79	349	5	0.379728	29376	0.000157307	
2657	429	771	12.4457	10.6014	1050	10	6	480	2	69	350	4	0.378319	36888.9	0.000125849	
2509	133	742	24.8599	14.8728	985	12	7	485	6	64	345	5	0.090646	47307.3	0.000183184	
2483	140	769	25	13.9044	1050	14	9	469	16	70	347	4	0.096925	49452.9	0.000173491	
2323	100	734	25	10.0154	981	13	9	478	8	65	338	5	0.064756	79850.9	0.000187231	
2508	140	738	19.407	10.5001	993	12	8	472	3	70	341	6	0.107328	56180.2	0.00014806	
2494	311	741	17.0873	14.6595	1050	10	9	482	11	79	350	5	0.22238	32459.1	0.000163132	
2300	166	750	20.6069	16	900	16	8	473	14	66	341	4	0.1102	39158.4	0.000195886	
2367	100	739	23.7401	10	1012	12	8	486	6	65	350	5	0.068933	78915.5	0.000179695	
2300	100	725	25	10	977	11	8	467	9	63	350	4	0.06317	79985.3	0.000189394	
2693	422	771	15.3436	11.6389	1037	10	8	482	1	78	350	6	0.343399	34780.5	0.000133476	
2562	151	758	18.6365	10.0411	1042	13	9	488	1	74	348	4	0.122507	55834.1	0.000137514	
2618	331	761	17.4297	16	1028	12	7	487	8	80	349	5	0.250988	30190	0.000168663	
2443	102	762	21.8963	10.6977	998	11	10	476	10	75	334	5	0.079007	65266.8	0.000171497	
2462	133	735	23.937	15.7372	959	14	10	486	2	73	332	5	0.089578	44734.1	0.000191351	
2550	135	766	18.7475	10.0225	1050	11	7	485	2	69	348	5	0.112778	59028.5	0.000140964	
2700	301	775	10.8067	10.291	1050	11	7	484	5	69	350	5	0.319317	41057.5	0.000122444	
2660	247	769	14.6355	10	1048	11	7	487	0	71	343	4	0.21697	43044.9	0.000126406	
2593	241	770	14.6041	12.0801	1023	10	8	485	12	70	344	6	0.208523	37833.5	0.000139082	
2700	365	769	14.6041	12.2173	1050	11	8	485	10	79	348	6	0.306496	33960.9	0.000136073	
2300	100	725	24.8179	12.591	955	12	10	474	6	69	348	6	0.063183	61879.2	0.000198847	
2435	107	771	25	10.5334	945	15	10	468	15	72	336	5	0.076084	69063.8	0.00017343	
2435	100	772	25	10.5334	955	15	10	468	15	77	346	5	0.072215	70576.3	0.000177746	
2683	425	734	17.1129	15.6474	1046	11	8	485	7	79	345	5	0.315463	29124.7	0.000166528	
2562	140	739	19.5783	10.5001	993	12	9	471	5	70	341	6	0.109451	56048.2	0.000146585	
2300	100	740	24.5166	14.5345	900	11	8	479	8	73	334	6	0.065026	54737	0.000206441	
2370	102	744	25	10	1038	13	6	487	9	66	350	5	0.068365	84246.2	0.000180213	
2318	100	762	23.8533	10.0219	1038	11	8	475	2	65	340	6	0.06926	81380.4	0.000179179	
2613	341	770	14.1307	14.2503	1028	10	7	481	10	80	349	6	0.284509	32045.9	0.00015193	
2562	151	757	18.6365	10.0411	1047	12	9	478	1	74	348	4	0.122346	55881.4	0.000137287	
2531	311	755	16.4034	13.959	1050	12	9	480	7	78	348	4	0.233597	32875.8	0.000154727	
2306	106	736	21.7021	10.208	1003	13	7	488	5	80	340	5	0.073781	71369.6	0.000174795	
2300	100	725	25	16	900	17	8	469	11	57	349	4	0.06317	51298.7	0.000219202	
2698	419	775	12.7946	11.1769	1033	11	6	475	7	80	349	5	0.371466	35851.5	0.000128733	
2700	252	770	15.0514	13.9178	1050	11	6	480	2	77	350	5	0.220627	34694.4	0.000147558	
2462	281	755	16.4034	13.959	1050	12	9	481	7	78	350	4	0.208001	34199.9	0.000156617	
2310	100	739	22.9951	15.8842	914	11	9	474	2	71	346	5	0.068476	51123	0.000207641	
2700	500	771	14.4019	13.8415	1036	11	8	489	5	76	350	5	0.413957	30641.7	0.000146499	
2300	100	731	24.751	15.9445	900	15	8	469	11	57	337	4	0.06422	51386.1	0.000217061	
2662	251	768	15.3238	12.8622	1029	11	9	490	4	76	350	5	0.214399	35909.3	0.000142005	
2300	135	725	20.027	10.8328	900	14	8	472	14	66	348	4	0.091614	55195.7	0.000164042	
2579	116	767	23.075	10.206	1050	12	9	483	8	75	350	4	0.09019	68201.4	0.000155545	
2485	211	725	23.5684	16	1003	18	8	469	9	76	349	4	0.134873	36122.7	0.000190295	
2300	100	725	25	15.8842	927	15	9	470	7	56	348	4	0.06317	51941.3	0.000216967	
2605	196	758	18.6849	13.0469	1026	13	9	488	2	69	350	6	0.153048	40052.3	0.000150331	
2334	100	773	21.3206	11.4476	1031	15	9	469	19	73	339	4	0.076408	62850.5	0.000176429	
2590	481	770	14.811	13.9594	1046	13	9	490	6	77	347	5	0.380547	30637.5	0.00015015	
2632	483	772	13.0855	11.4068	1049	13	10	485	12	80	349	4	0.408631	34180.8	0.000131492	
2525	114	762	21.8963	10.4873	980	10	8	477	8	75	334	5	0.08919	63449.9	0.000159541	
2300	107	738	23.4031	13.2945	900	12	7	474	6	60	350	4	0.070595	54566.7	0.000193013	
2334	104	773	21.7003	11.4476	1037	15	8	467	19	73	339	5	0.077515	63202.5	0.000174095	
2414	131	749	21.3989	15.611	965	15	6	478	1	70	344	4	0.093777	44456.8	0.000184911	
2389	114	751	23.8398	10.2271	1033	16	9	472	15	79	343	4	0.078484	72517.6	0.00016818	
2330	148	728	24.7466	15.7855	933	17	8	481	7	73	346	5	0.090091	43409.3	0.000204918	
2536	201	772	14.2767	10.8243	1050	14	9	475	5	69	350	6	0.18057	43453.8	0.000131926	
2385	101	742	23.4244	10	1023	14	6	480	2	64	345	5	0.070947	78519.6	0.000176991	
2673	496	763	15.8307	15.1919	1048	13	9	484	4	78	344	5	0.390233	29100.3	0.000158983	
2693	265	765	19.4251	16	1026	11	8	473	0	77	350	4	0.203085	32181.3	0.000169722	
2654	218	763	13.9853	11.4172	1047	11	6	478	0	72	350	6	0.200768	40598	0.000132433	
2700	422	758	15.0327	11.6581	1050	13	8	479	9	75	350	5	0.340528	34728.7	0.000134066	
2300	100	725	25	13.2945	909	12	10	474	6	78	348	4	0.06317	57662.7	0.000203211	
2337	167	728	22.7137	15.8842	935	16	9	467	6	72	339	5	0.104485	39702.6	0.000198768	
2638	284	754	15.2802	13.2414	1041	11	9	490	5	80	341	4	0.231098	34061.5	0.000146671	
2538	156	747	16.6647	10.0899	1027	13	6	484	17	60	350	4	0.131171	53126.1	0.000136593	
2300	102	725	23.0754	15.8842	927	14	10	474	7	57	350	4	0.067327	50596	0.000209908	
2700	211	757	16.1112	13.9839	1046	11	8	474	10	68	350	5	0.181245	36739.2	0.000150989	
2684	116	767	18.2036	13.5327	1047	11	6	475	2	67	349	5	0.109891	48706.3	0.000160694	
2375	140	735	19.5783	10.5001	993	12	8	471	4	70	338	6	0.100102	58044.1	0.000154107	
2636	190	770	12.9274	10	1048	13	6	478	10	78	350	5	0.19433	45943.8	0.000124719	
2673	496	763	15.8307	15.2414	1048	13	8	484	4	78	344	5	0.390233	29087.2	0.000159337	
2700	448	775	11.387	10.1442	1050	10	6	483	0	73	350	5	0.421347	38199.1	0.000121936	
2300	100	727	23.4238	16	913	12	8	483	8	73	333	4	0.065972	51759.7	0.000212359	
2325	103	759	22.8647	10.0259	1050	15	9	476	14	80	343	4	0.072507	76378.9	0.000174642	
2300	100	725	24.751	15.9445	900	15	8	469	11	57	337	4	0.063693	51365.7	0.00021796	
2380	369	734	18.5545	15.9032	913	12	8	483	8	72	334	5	0.240795	30792.2	0.000187899	
2451	104	758	23.1422	10.7066	990	15	7	479	8	78	344	5	0.077188	67573	0.000172058	
2330	113	740	23.827	16	977	15	9	470	8	78	337	4	0.074528	48896.1	0.000202429	
2379	147	742	19.1054	13.0197	978	17	8	482	8	69	345	5	0.106787	46273.5	0.000164339	
2329	109	725	25	16	909	10	8	483	6	62	346	4	0.068782	49911.5	0.000211551	
2628	226	758	14.648	12.798	1026	11	6	481	12	78	348	6	0.197234	37434.3	0.000143328	
2322	102	738	22.7299	10	976	12	6	487	2	67	337	5	0.070393	75931.8	0.000178317	
2375	140	738	20.6971	10.5001	978	12	8	472	4	74	341	6	0.097264	59420.3	0.000156201	
2325	103	758	21.8701	10.0259	1050	15	9	476	14	80	343	4	0.07458	73863.2	0.000172682	
2669	297	772	14.1168	10	1031	12	8	471	4	67	349	5	0.2587	41433.5	0.000124875	
2700	228	769	12.6286	11.0456	1007	13	9	484	8	73	350	5	0.229249	40849.6	0.000129216	
2637	398	767	12.2843	10.268	1050	10	9	482	9	73	350	5	0.352157	37606.1	0.000125172	
2684	426	768	12.1976	11.4156	1044	10	8	484	5	77	350	6	0.381477	35243.2	0.000130056	
2387	153	741	22.7137	15.7548	944	11	6	464	5	69	341	5	0.101	41347.1	0.00019253	
2537	348	745	15.6679	14.7303	1050	11	8	490	7	74	349	5	0.260446	31410.9	0.000160154	
2624	376	731	19.4054	15.4517	1023	11	9	484	1	80	350	5	0.262966	30171.4	0.00017059	
2700	500	769	15.1943	16	1038	11	8	490	7	76	346	4	0.405249	28557.1	0.000162866	
2688	151	757	18.6365	10.3926	1046	12	6	478	1	70	348	4	0.128846	54682.2	0.000135465	
2617	486	767	14.9889	13.2498	1046	13	9	490	6	77	347	5	0.384871	31311	0.000145096	
2700	483	775	11.387	10.44	1033	10	6	480	7	79	350	4	0.45013	37388.1	0.000123762	
2679	316	749	16.5352	14.7303	1050	10	8	490	7	74	350	5	0.246589	31620.5	0.000156838	
2700	500	772	12.8555	10.9649	1033	12	9	489	7	76	350	6	0.434518	35183.2	0.000127926	
2700	478	774	12.9202	10.8805	1044	11	8	490	3	76	349	4	0.416934	35342	0.000126952	
2330	100	740	23.827	15.639	1003	15	9	477	8	78	337	4	0.067693	53291.3	0.000204666	
2593	219	770	13.8732	12.0801	1050	10	8	481	12	65	344	6	0.199968	39345	0.00013776	
2363	104	734	24.2207	15.2641	1005	16	9	469	7	65	338	4	0.06935	52573.7	0.000201207	
2300	100	725	25	12.591	955	12	10	474	6	75	348	6	0.06317	61802.6	0.000199164	
2300	100	745	22.5614	11.0545	1010	11	8	478	4	59	350	5	0.069198	69252.9	0.000182949	
2485	203	760	18.0349	12.4007	1045	12	7	480	5	70	346	4	0.152866	41783.7	0.000148148	
2672	238	743	18.0935	16	1038	11	7	482	8	74	334	5	0.183696	33067.7	0.000170765	
2300	100	725	22.7671	15.9242	944	14	10	468	7	56	350	4	0.066827	51036.2	0.000209864	
2605	177	754	18.6849	11.8727	1026	13	9	490	4	68	350	5	0.140251	44965.8	0.000143513	
2415	116	740	23.1531	10	953	13	6	471	10	75	350	5	0.080552	70485.3	0.000165536	
2700	484	770	12.5721	10	1046	10	9	481	7	76	350	5	0.424975	37513.8	0.000122684	
2300	100	745	21.1644	10	1022	12	8	478	2	62	350	5	0.072342	74325.1	0.000176554	
2688	398	769	14.6041	12.2347	1050	11	9	485	10	79	350	6	0.330141	33440.8	0.000136184	
2699	126	771	24.7699	10	1050	10	7	484	16	65	345	4	0.098634	74088	0.000148544	
2300	100	725	24.3477	16	909	15	8	481	7	62	343	4	0.064224	51700.2	0.000215796	
2680	356	734	16.3731	15.054	1033	11	8	480	3	76	348	5	0.27078	30524.7	0.00016218	
2562	151	757	17.728	10	1050	12	9	477	1	72	348	4	0.126489	54521.1	0.000135814	
2544	128	743	21.8767	10.1099	1023	13	6	474	10	63	341	4	0.095819	66943.5	0.000152138	
2414	131	749	23.3785	11.7501	965	17	6	479	1	70	348	4	0.089265	57195.3	0.00016742	
2700	485	775	10.4406	10	1050	11	8	479	5	69	350	5	0.478495	39572.3	0.000120802	
2325	114	758	21.5429	11.8261	1038	15	9	479	8	59	339	4	0.081618	59875.8	0.000171585	
2700	470	775	12.6558	10	1050	11	6	481	7	76	350	4	0.414787	37849.2	0.000122175	
2300	183	732	20.9354	16	900	14	8	467	2	47	322	4	0.11574	37407.9	0.000204165	
2603	351	752	18.27	14.7924	1046	13	8	483	7	80	341	6	0.256531	31169.5	0.000162127	
2590	135	762	17.2284	10.0225	1044	11	7	485	5	72	350	5	0.120645	55438.9	0.0001386	
2315	100	748	23.3387	10.4948	927	16	9	472	7	56	348	4	0.068428	68671.1	0.00018352	
2700	129	775	18.2036	13.5756	1050	10	6	478	3	72	349	6	0.120138	46469.7	0.000153846	
2606	116	763	17.5493	10.34	1037	11	9	474	8	71	350	4	0.108708	56113.7	0.000148965	
2581	231	772	19.4251	16	1014	11	8	473	15	77	345	4	0.174008	33394.7	0.000172503	
2654	218	768	14.9468	11.4172	1047	11	7	478	0	72	347	6	0.19376	40701	0.00013328	
2300	100	725	24.8061	15.986	914	12	8	472	6	66	350	4	0.063184	52153.5	0.00021645	
2300	100	737	25	10	977	12	8	469	9	74	345	4	0.064216	78667.9	0.00018797	
2628	500	771	18.647	15.9514	1037	12	8	490	9	76	348	5	0.374451	28453.2	0.000167729	
2429	110	742	22.3706	10.1693	1011	13	8	483	5	64	330	5	0.079692	70909.3	0.000167616	
2606	116	767	23.075	10.34	1037	12	9	474	8	71	350	4	0.091292	66846.1	0.000155424	
2664	441	757	13.4798	11.9228	1050	10	8	488	5	75	350	5	0.367052	33688.9	0.000134862	
2300	100	730	25	15.986	900	16	8	473	6	60	350	4	0.063606	51621.1	0.000217581	
2640	324	756	14.7077	13.3974	1045	11	7	468	4	75	346	5	0.264465	33330.1	0.000147189	
2300	100	737	22.3964	14.5415	919	11	8	474	5	78	334	6	0.068975	53247.9	0.00020028	
2611	390	734	17.0614	15.4587	1046	12	9	487	9	76	350	5	0.283949	29706.9	0.000166528	
2700	190	769	12.9274	10.938	1048	12	6	478	10	78	350	5	0.198771	43579.2	0.000127845	
2700	423	775	11.961	10	1050	11	5	480	3	73	350	6	0.38906	38674.2	0.000121788	
2300	109	725	25	12.1094	1050	15	8	481	6	62	350	4	0.067734	66707.5	0.000190512	
2300	100	734	25	10	999	12	9	467	9	71	347	4	0.063955	80103.9	0.00018797	
2311	100	736	23.7437	10	985	12	8	467	0	63	347	4	0.066653	77166.1	0.00018305	
2657	422	771	13.2129	10.4609	1050	10	7	480	1	69	350	4	0.361112	37091.4	0.000125739	
2300	100	736	23.4238	15.8237	913	12	8	483	8	73	333	5	0.066789	52086.8	0.000210128	
2655	199	771	14.0771	10.8243	1019	14	9	475	7	69	343	6	0.189355	43149.9	0.000130941	
2526	100	727	23.4238	16	913	13	8	483	8	73	343	4	0.073989	50229.3	0.000201207	
2691	500	774	13.1527	12.766	1039	13	7	485	5	74	346	5	0.429768	32473	0.000138639	
2508	140	738	19.407	10.5001	1042	12	9	472	3	70	341	6	0.107328	57402.9	0.000147124	
2559	255	770	14.3445	13.6425	1030	11	9	476	8	79	345	5	0.217208	34996.9	0.000149365	
2700	453	763	15.9663	15.7665	1050	13	8	490	3	80	334	5	0.359283	28827.6	0.000162893	
2572	177	754	18.6849	11.8727	1026	13	9	490	4	68	350	5	0.138386	45185.7	0.000144509	
2638	202	725	14.9501	10	1050	11	8	471	7	79	350	5	0.171668	46359.3	0.000130039	
2401	100	755	25	13.8906	900	15	9	469	16	66	350	4	0.069406	54888.1	0.000196002	
2693	151	769	15.6226	11.9084	1042	11	7	488	6	79	347	5	0.146721	45345.2	0.000138313	
2532	105	741	22.4805	10.6649	986	17	9	484	0	71	343	5	0.080746	65859.2	0.000169005	
2479	115	761	19.7599	10.7542	1021	12	7	478	4	71	342	5	0.093472	59588.7	0.000157604	
2678	184	759	14.0327	12.2458	1029	13	8	490	7	64	350	5	0.178619	41251.2	0.000138313	
2627	162	752	18.078	11.0803	1050	13	9	478	8	71	346	5	0.134127	48965	0.0001386	
2339	113	740	23.827	16	977	15	9	470	8	78	337	4	0.074874	48783.2	0.000201816	
2425	114	748	23.7958	10.0706	1033	14	9	468	8	80	347	4	0.079578	73072.7	0.000165782	
2300	114	741	25	16	931	16	8	474	7	50	314	5	0.071834	48270.9	0.00021645	
2638	180	772	16.3156	10	1006	11	8	471	9	75	341	5	0.158725	49164	0.000129988	
2700	485	775	11.4168	10	1050	11	8	479	2	69	350	5	0.451005	38357.6	0.000121315	
2300	136	725	25	16	909	15	8	473	7	62	350	4	0.081611	44493.2	0.00021254	
2664	263	732	14.6871	11.8044	1031	12	9	463	18	80	343	5	0.217486	37611.3	0.000139587	
2323	100	734	21.2161	10.0154	981	13	7	478	8	65	345	5	0.072138	71726	0.000177462	
2417	101	744	24.8299	14.7816	1035	15	9	470	0	80	348	4	0.069513	54842.1	0.000196348	
2402	168	770	24.8299	14.7816	1043	12	9	470	0	79	348	4	0.109664	44146.7	0.000182749	
2577	135	766	18.7475	10.0225	1047	11	7	485	2	70	349	5	0.114095	58593	0.000140193	
2429	110	742	22.0183	10.1693	1011	10	8	481	5	73	329	5	0.080245	69843.5	0.000166973	
2478	170	757	13.8732	12.0801	1050	10	8	477	12	70	344	6	0.157121	43734.8	0.00014243	
2684	407	761	14.2191	13.044	1050	16	9	488	7	76	350	5	0.336625	32278.3	0.000142066	
2667	192	775	17.1842	11.7783	1050	14	9	483	1	77	342	5	0.164718	42482.5	0.000137306	
2397	100	743	24.7557	13.9583	1023	13	7	488	3	78	333	4	0.068716	57893.9	0.000194401	
2665	500	744	16.9538	14.2445	1050	11	8	488	8	80	350	5	0.375289	30038.9	0.000154679	
2300	100	745	21.3496	10	1022	11	8	478	5	59	350	5	0.07182	75088.5	0.000177022	
2300	100	725	25	16	900	17	8	469	11	58	349	4	0.06317	51345.6	0.000219058	
2432	147	734	18.7544	10	1036	14	9	477	14	76	347	4	0.109308	58583	0.000145433	
2562	197	765	17.8158	11.3062	1037	10	9	478	5	80	350	4	0.156155	44039.4	0.000138427	
2300	100	743	22.341	11.6958	1005	13	9	480	7	78	339	4	0.069537	63996.7	0.000185529	
2300	104	743	25	11.6958	1019	13	9	480	7	79	341	4	0.066814	67514.4	0.000189789	
2612	171	774	17.1954	10.1827	992	12	9	479	6	72	350	4	0.147345	49752.3	0.00013177	
2645	404	775	13.7627	10.8127	1048	11	9	469	1	71	350	5	0.341157	36629.5	0.000127992	
2700	476	770	12.9274	10	1049	12	7	480	6	78	350	5	0.413172	37879.6	0.000122941	
2300	100	741	25	10.8225	927	11	8	470	7	63	348	4	0.064565	69658.1	0.000190803	
2300	100	737	23.8222	10	1048	11	8	474	6	64	344	5	0.066346	83829.9	0.000182949	
2314	100	734	25	15.3288	927	15	9	470	7	68	348	5	0.064443	53139.6	0.000210659	
2686	151	762	19.6298	10	1050	14	8	487	10	70	347	5	0.125866	58295.2	0.000135026	
2693	195	742	20.3652	16	1003	11	6	485	12	80	342	5	0.148142	36062.9	0.000174125	
2353	115	737	23.4505	10	1016	11	9	473	9	64	346	5	0.076717	75550.4	0.000169635	
2508	132	754	23.0792	15.4613	958	12	8	469	5	70	332	6	0.095067	44543.4	0.000183891	
2508	181	754	21.7048	15.4613	983	12	8	469	5	70	332	6	0.127678	38110.7	0.000179598	
2373	100	725	23.3241	14.8917	906	16	7	469	11	57	349	4	0.068377	51903.6	0.000203459	
2562	197	765	17.8158	11.2426	1037	10	9	478	5	80	350	4	0.156155	44259.8	0.000138102	
2664	282	765	14.2767	10.8243	1031	14	9	474	5	69	350	6	0.243921	39312.3	0.000129921	
2300	100	726	25	13.4509	1039	13	8	472	5	78	350	4	0.063258	60915.4	0.000200682	
2363	100	740	23.5036	10	978	11	10	472	8	69	343	5	0.069423	74915.4	0.000179437	
2679	354	749	17.6761	14.7303	1048	13	8	490	5	74	350	5	0.267269	30995.5	0.000158303	
2613	131	762	18.4108	10	1017	11	8	488	7	70	347	5	0.114584	57429.9	0.000141123	
2375	140	739	19.0439	10.1032	993	12	8	483	7	71	341	5	0.102815	59249.5	0.000150921	
2695	285	773	10.8067	10	1041	11	5	476	9	77	350	5	0.305841	42340	0.000121566	
2697	434	752	14.9273	15.5248	1049	11	8	487	5	80	346	5	0.348028	29361.4	0.000160823	
2597	131	745	18.9523	11.9343	1042	12	8	488	10	68	347	5	0.108938	50773.2	0.000151722	
2300	183	744	20.9354	16	911	14	9	468	3	47	322	4	0.117638	37475.3	0.000201816	
2317	102	736	22.7299	11.912	976	12	6	487	2	66	334	5	0.070018	63222.2	0.00018577	
2550	162	757	17.4564	11.0803	962	12	9	478	17	73	349	5	0.133781	47441.6	0.000141163	
2383	100	746	24.8602	10	1027	14	8	471	5	72	338	4	0.067951	80237.8	0.000181192	
2541	105	744	22.4805	11.3764	986	17	9	480	0	78	343	5	0.081415	61422	0.000170882	
2693	422	772	13.9888	11.6389	1050	10	8	482	1	80	350	6	0.356296	34350.9	0.000131839	
2317	100	744	25	10	1022	11	8	476	2	59	350	5	0.065427	83777.8	0.000185185	
2548	126	753	20.9311	10	1050	12	8	469	7	65	344	4	0.098449	65393.3	0.000148987	
2300	100	734	23.0928	10	977	12	9	467	9	70	343	4	0.067133	74971.8	0.000182648	
2661	408	754	17.071	16	1046	10	7	488	10	74	344	5	0.309885	28993.6	0.000167224	
2700	434	769	14.9303	15.6545	1050	11	8	489	5	80	341	5	0.35547	29307.4	0.00016	
2651	442	764	16.5352	15.6247	1044	11	10	490	0	75	349	5	0.341278	29001.5	0.000162787	
2657	422	775	13.2129	10.4609	1050	10	7	480	1	69	350	4	0.362986	37077.3	0.000125408	
2402	114	746	23.7958	10	1049	14	9	467	8	79	345	4	0.07847	75354	0.00016675	
2300	100	749	23.835	10	1049	11	5	485	17	64	350	5	0.067425	86660.4	0.000181587	
2595	231	772	19.4251	16	1014	11	8	473	15	77	345	4	0.174957	33358.5	0.000172087	
2329	136	725	25	16	909	15	9	473	7	62	341	4	0.082808	44182.6	0.000210482	
2700	500	775	10.8067	10	1050	11	7	480	7	69	350	5	0.479254	38934.9	0.000121036	
2346	104	736	24.0032	11.4222	986	17	10	479	1	75	343	5	0.069462	65659.3	0.000184162	
2396	104	743	24.0032	11.4222	984	17	10	479	1	78	343	5	0.071955	64835.7	0.000180636	
2316	100	740	25	10.1787	1047	16	7	478	9	71	344	5	0.06504	83041.3	0.000186289	
2330	148	725	24.7466	15.4612	933	17	8	478	7	73	347	4	0.08972	43828.9	0.000203046	
2300	100	725	24.3477	16	984	15	8	481	7	62	343	4	0.064224	53102.9	0.000212857	
2558	277	768	13.9406	11.2426	1043	10	9	477	9	80	350	5	0.235438	37846.3	0.000133333	
2300	241	744	20.9354	16	911	14	9	468	3	47	322	4	0.150588	34360.8	0.000201776	
2616	381	767	14.9303	15.3032	1021	11	7	488	7	76	343	4	0.305288	30357.1	0.000160772	
2691	100	726	25	13.7017	1047	13	9	472	6	78	349	4	0.076736	57286.4	0.00018457	
2700	164	774	16.3577	10.542	1029	11	8	487	0	72	350	5	0.152316	48387.5	0.000130174	
2666	427	758	13.0386	10	1050	11	8	480	8	75	350	5	0.362052	38127.7	0.000124673	
2638	202	772	14.9501	10	1050	10	8	471	7	79	346	5	0.182797	45851.1	0.000126454	
2370	102	726	25	10	1050	12	9	478	6	66	343	4	0.066711	83458.8	0.000182415	
2700	418	768	11.4244	10.44	1050	10	8	481	9	76	350	5	0.392747	37646	0.000124069	
2525	227	758	15.8241	14.6057	1026	11	8	474	16	43	348	5	0.181729	35415.3	0.000163827	
2356	100	725	25	12.1036	909	13	8	472	6	68	346	4	0.065099	61727.8	0.000194477	
2309	100	737	24.3184	10	1037	11	8	468	5	79	350	5	0.065607	81667.8	0.000184196	
2325	103	752	19.7353	10.0259	1050	13	8	471	7	80	340	4	0.079822	68387.7	0.000169033	
2300	100	725	25	15.9352	928	17	8	469	5	57	349	4	0.06317	51822.1	0.000217439	
2495	103	753	22.2578	10.0259	1050	13	8	471	7	79	343	4	0.080064	71536.8	0.000167084	
2700	348	749	16.0786	14.7303	1050	11	8	490	8	75	350	5	0.274528	30867.7	0.000155933	
2370	103	726	25	10	1050	12	8	478	6	66	343	4	0.067231	83510.5	0.00018162	
2697	424	755	18.4536	15.6545	1043	15	9	485	1	73	342	5	0.318033	29324	0.00016603	
2300	100	726	25	13.2945	1039	13	9	472	6	78	350	4	0.063258	61377.4	0.00020004	
2334	104	773	21.3206	11.4476	1031	15	8	469	19	73	339	5	0.078617	62303.8	0.00017328	
2485	112	730	20.2009	10	1023	12	6	480	6	73	330	4	0.087156	66263.8	0.000161212	
2625	145	755	18.1634	12.634	1041	14	7	472	9	79	336	6	0.123333	46129.9	0.000149858	
2518	169	758	15.9755	15.261	1050	11	9	472	7	66	347	6	0.144079	39033.5	0.000164962	
2526	165	729	21.4617	15.8842	927	14	9	477	7	56	350	4	0.115626	38535.6	0.000187582	
2334	104	773	21.7003	11.4476	1016	15	8	467	19	73	339	5	0.077515	62453.8	0.000174398	
2618	404	769	14.2429	11.1122	1039	13	9	481	2	71	350	5	0.330493	35822.6	0.000131527	
2335	100	745	23.7699	10.0259	983	12	9	477	4	79	349	4	0.068334	75198.6	0.000180799	
2414	100	736	25	10	1050	12	7	477	6	72	346	5	0.068113	83361.7	0.000180408	
2564	171	774	17.1954	10.1827	992	12	9	479	7	72	349	4	0.144512	49674.6	0.000133209	
2363	100	738	22.5792	12.9786	907	15	10	471	14	72	349	4	0.070853	55718.2	0.00019015	
2401	109	755	25	10	1050	15	8	467	16	67	350	4	0.074338	79605.5	0.000172117	
2663	218	768	14.5699	11.4172	1050	11	7	479	0	72	347	6	0.197629	40569.5	0.000132644	
2310	183	738	19.617	16	947	14	9	470	3	60	322	4	0.12105	37536.6	0.000193949	
2300	100	742	24.7112	13.7515	942	12	8	486	7	71	336	5	0.065189	57723.2	0.000201369	
2625	211	757	15.6515	12.9826	1046	11	8	476	10	68	348	5	0.179308	38111	0.00014518	
2544	116	751	21.1328	10	1019	12	7	468	8	68	338	5	0.091578	66517.4	0.000155739	
2300	100	751	25	10.7726	999	12	9	467	9	71	347	4	0.065436	72972.1	0.000188253	
2603	351	754	16.9541	15.2458	1046	13	8	483	7	80	341	6	0.263944	30467.8	0.00016372	
2312	100	736	23.9285	10	1014	12	8	467	0	63	341	4	0.066162	79710.6	0.000183655	
2699	432	775	10.8067	10	1050	11	6	480	4	73	350	4	0.422661	39366.9	0.000120963	
2325	103	758	21.9901	10.4428	928	12	8	486	7	57	343	4	0.074579	66469.4	0.000175285	
2300	100	735	23.835	10	1049	11	6	483	8	64	344	5	0.066165	86074.2	0.000183419	
2688	151	757	19.6298	10	1050	12	7	481	4	70	347	6	0.125141	59157.7	0.000135281	
2700	471	772	12.5721	10	1044	11	9	482	4	78	349	5	0.415524	37532	0.000122775	
2700	500	771	12.9202	11.64	1038	11	9	489	9	80	350	6	0.433196	33825.3	0.000131475	
2617	100	758	20.5708	13.3634	1027	10	9	465	0	71	350	4	0.087668	53469.2	0.000176491	
2699	227	749	12.373	10.1493	1042	13	6	478	3	61	350	5	0.22571	43887.2	0.000125502	
2664	441	757	13.8268	11.9228	1050	10	8	488	5	75	350	5	0.362695	33637.9	0.000135135	
2427	107	772	25	10.9195	1021	13	10	468	12	80	340	4	0.075878	68550.1	0.000173521	
2334	104	773	23.2565	11.4476	1013	16	8	469	19	73	339	5	0.074179	64874.3	0.000177809	
2680	410	764	16.5352	15.6247	1050	11	10	489	1	74	350	5	0.320359	29221.7	0.000161838	
2664	441	756	13.4798	11.9228	1050	10	8	481	5	75	350	5	0.366567	33799.5	0.000134953	
2517	149	770	14.8457	11.1089	1002	12	7	477	14	77	348	5	0.141444	47073.1	0.000138947	
2353	102	743	23.4505	10	1016	12	9	473	9	64	346	5	0.070406	77615.6	0.000177399	
2700	218	761	16.3577	10.542	1050	11	8	484	0	77	350	5	0.185653	44226.9	0.000129232	
2638	231	729	15.5871	13.2414	1032	11	9	490	9	80	350	4	0.186934	36161.4	0.000149054	
2670	426	769	12.0555	10.6082	1050	10	8	483	5	77	350	6	0.383217	36668.7	0.000125865	
2300	100	745	25	10	959	11	8	478	2	59	350	5	0.064913	79195.1	0.000186986	
2700	482	768	11.4244	10.44	1050	10	8	481	9	76	350	5	0.444478	37146.8	0.000124069	
2548	116	753	20.9311	10	1050	12	8	468	16	65	344	4	0.09257	66669.5	0.000154464	
2300	100	734	25	10	977	12	9	467	9	63	343	4	0.063955	79436	0.000188466	
2670	422	775	13.2129	11.2191	1050	10	8	479	1	69	350	4	0.364542	35366	0.000128932	
2667	211	757	15.6515	14.9968	1046	11	8	474	10	68	348	5	0.182182	35514.3	0.000158755	
2323	100	732	22.8745	10.0154	990	13	9	475	5	67	338	5	0.0683	75494.6	0.000181324	
2443	114	762	21.8963	10.4873	985	10	9	476	8	75	334	5	0.085815	64096.4	0.000162259	
2300	100	726	25	13.4837	1029	10	9	472	6	78	350	4	0.063258	60498.9	0.000201005	
2617	210	766	14.6208	10.8465	1006	12	10	483	20	59	350	5	0.187746	42497.3	0.00013238	
2688	151	775	19.6298	10	1050	14	6	487	3	70	350	6	0.128116	59163.7	0.000133476	
2700	471	775	12.5721	10	1043	10	9	481	5	76	349	5	0.417138	37594.3	0.000122474	
2700	482	775	11.387	10.44	1033	10	6	480	7	76	350	5	0.449301	37473.1	0.000123808	
2622	453	771	13.2129	11.2191	1050	10	8	479	1	69	350	5	0.380929	35172.1	0.000130361	
2484	116	747	22.303	14.9586	1010	11	8	486	6	55	347	5	0.085777	48830.1	0.000182149	
2700	202	774	16.3577	10.1764	1050	11	8	482	0	77	350	5	0.177884	46663.6	0.000126486	
2601	376	754	17.3329	16	1020	12	9	482	9	72	342	4	0.279344	29478	0.000170823	
2628	500	771	16.5701	16	1037	12	8	490	9	72	348	5	0.386506	28445.6	0.000165865	
2432	147	734	18.3669	10.138	1045	13	9	479	14	79	347	4	0.110955	57065.6	0.00014518	
2700	151	775	18.2036	13.5756	1050	10	6	478	3	72	349	5	0.134442	43408.2	0.000149165	
2338	102	734	23.185	10	1049	12	6	478	5	66	347	5	0.069542	81339.5	0.000178094	
2697	434	773	14.9303	15.6545	1046	11	8	487	5	80	348	5	0.356969	29331.2	0.000159541	
2619	345	773	12.9637	10.2253	1040	13	8	472	7	70	350	4	0.302988	38837.9	0.000125502	
2700	138	764	24.4351	10	1050	12	5	476	8	69	350	5	0.10594	74009.6	0.000144676	
2700	202	770	15.6021	10.542	1050	11	8	482	0	77	350	5	0.182134	44403	0.000127747	
2304	100	744	25	14.7804	1022	11	8	476	2	59	350	5	0.064967	57124	0.00020429	
2300	100	725	23.9177	15.9352	928	17	8	469	5	50	340	4	0.064754	50833.2	0.000215843	
2686	151	762	19.6298	10	1050	14	6	487	3	78	347	6	0.125866	59061.3	0.00013488	
2548	116	753	20.9311	10	974	11	8	468	16	61	344	4	0.09257	64626.3	0.000155545	
2311	100	736	23.7437	10	1038	12	9	467	0	80	344	4	0.066653	79216.2	0.000182515	
2471	173	757	19.2096	12.7095	959	10	7	485	11	80	333	6	0.129053	43311.7	0.000157307	
2693	400	775	11.961	10	1050	12	5	480	3	77	350	5	0.369954	38921.4	0.000121921	
2518	169	758	15.9755	15.261	1050	10	8	472	7	66	347	6	0.144079	39055.4	0.000164853	
2617	486	767	14.9889	13.2498	1050	13	7	490	6	77	347	5	0.384871	31416	0.000144928	
2623	319	770	14.5326	12.169	1030	15	7	481	0	79	345	5	0.266228	35127.7	0.000138389	
2503	114	766	21.8963	10.3967	999	10	8	476	6	75	334	4	0.088748	64225.5	0.000159109	
2700	449	765	11.4244	10.44	1050	10	8	481	10	76	350	5	0.415967	37367.2	0.000124332	
2598	135	769	21.3671	10.8959	1012	13	7	481	7	58	343	4	0.107086	58019.3	0.000148324	
2700	445	775	11.7088	10	1050	11	7	480	7	73	350	5	0.412061	38314.9	0.000121595	
2385	135	747	18.7223	15.9166	954	10	9	466	-0	77	336	5	0.102687	42447.1	0.00018498	
2700	177	775	10.8067	10	1050	11	6	480	8	72	350	5	0.22778	48334.4	0.000122279	
2300	100	742	24.6728	11.6363	914	12	7	485	0	79	336	5	0.065192	64699.1	0.000193125	
2564	170	757	16.6744	12.0801	1050	10	8	477	12	70	347	6	0.143082	44089	0.00014243	
2700	500	772	14.6276	14.0312	1036	11	9	489	9	80	349	6	0.412195	30286.3	0.000148104	
2583	297	763	14.0796	11.2426	1044	10	9	484	8	77	350	5	0.248624	37238.5	0.000133262	
2320	100	725	22.1853	13.1173	927	14	10	478	5	65	349	4	0.06909	55792.6	0.000192827	
2700	143	774	18.7154	13.3967	1050	11	6	473	4	72	349	5	0.127175	45075.8	0.00015006	
2640	455	734	18.099	15.6474	1050	12	8	486	11	80	350	5	0.327734	28907	0.000168209	
2325	103	755	21.5814	11.8261	973	12	9	472	7	57	343	4	0.074821	59968.6	0.000179662	
2643	203	760	17.4966	12.8112	1045	12	7	480	5	68	346	5	0.16532	39654.2	0.000145688	
2693	365	757	14.4759	13.5228	1050	11	6	488	12	79	344	5	0.301671	32187.7	0.000145815	
2697	250	754	15.4222	15.6545	1042	12	9	487	17	76	349	5	0.211848	32883.2	0.000162206	
2648	386	768	15.488	14.3721	1020	10	7	489	7	80	347	6	0.308553	30848.2	0.00015361	
2670	404	769	13.1156	12.2952	1048	10	9	481	1	71	350	5	0.349289	33780	0.000135648	
2625	378	775	14.1737	11.9036	1037	13	8	479	6	75	349	6	0.31499	34457.7	0.000135355	
2507	173	758	15.8942	15.9605	1050	11	9	472	10	74	350	6	0.146484	38073.3	0.000170184	
2315	100	741	23.3387	10.4948	971	16	9	472	7	56	348	4	0.067788	71013	0.000183722	
2581	281	767	19.4251	16	1022	11	8	475	15	76	350	4	0.206028	31509.1	0.000172295	
2353	102	741	23.4505	10	1016	12	9	473	6	64	346	5	0.070216	77604.7	0.00017762	
2300	100	736	25	12.0565	927	14	10	475	7	72	348	4	0.064129	62704.4	0.000196078	
2679	352	749	15.3528	14.7303	1050	11	8	490	8	75	350	5	0.28016	30896.8	0.000155715	
2385	209	747	18.7223	15.9166	954	10	9	460	0	77	336	5	0.145345	34981.9	0.000185185	
2538	116	743	22.795	10	1040	12	8	468	16	65	337	4	0.086328	71557	0.00015921	
2613	424	767	17.0267	13.9505	1048	11	8	490	7	75	350	5	0.321963	31099.9	0.000151607	
2483	157	744	15.6479	12.9226	983	10	7	482	10	71	333	6	0.133866	43261.8	0.000154178	
2325	146	758	20.9014	11.8261	1038	15	9	479	8	59	346	4	0.100334	54277.9	0.000161551	
2396	209	747	18.7223	15.9166	959	10	9	460	0	77	336	5	0.14603	35027.5	0.000184468	
2700	500	772	12.9202	11.2184	1038	11	8	490	7	76	350	4	0.433758	34598.3	0.000128883	
2611	184	771	18.5075	11.3852	936	10	9	483	3	78	346	4	0.14889	45102.6	0.000141583	
2325	146	758	20.9014	11.8261	1038	15	9	479	8	59	346	4	0.100334	54277.9	0.000161551	
2657	264	771	14.0771	10.8243	1007	14	9	471	7	69	343	6	0.234479	39944.6	0.000131079	
2516	108	745	25	10.1099	1011	10	8	474	3	74	344	5	0.077059	75279.9	0.000169205	
2401	100	755	25	10	1050	15	9	469	16	74	342	4	0.069406	80914.6	0.000178827	
2656	176	766	16.5039	13.5307	1006	12	10	479	20	67	350	4	0.155383	39758.5	0.000149723	
2700	466	775	10.8067	10	1049	11	7	480	9	69	350	5	0.45079	39140.7	0.00012108	
2640	463	730	17.1129	15.6474	1046	12	9	487	11	79	342	5	0.336631	28789.9	0.000168152	
2690	217	743	14.308	12.7009	1050	10	9	485	12	75	349	6	0.194971	37963.5	0.000141463	
2531	180	769	14.9501	10.2931	1041	12	8	471	7	75	346	5	0.160508	46979.9	0.000131285	
2667	153	757	14.7088	10.2924	1046	11	8	474	10	69	350	5	0.150936	49158.3	0.000131234	
2700	473	770	12.9202	11.0078	1037	10	9	489	8	80	350	6	0.410748	35081.5	0.000128222	
2460	123	768	21.5188	10.0441	1048	14	8	472	7	63	346	4	0.093572	67505.9	0.000152579	
2613	343	734	17.0614	15.4587	1050	12	9	485	9	76	350	5	0.251737	30352.2	0.000166417	
2700	262	775	13.52	10.9773	1007	13	10	484	8	75	350	5	0.243996	39159.8	0.000128932	
2599	116	765	23.075	11.3978	1045	12	9	470	8	71	350	4	0.090769	60497.8	0.00015949	
2630	381	740	17.7025	14.9684	1035	11	7	482	8	76	347	5	0.278416	30429.8	0.000163319	
2300	100	736	22.3663	15.8237	929	12	8	483	8	73	333	5	0.068882	51761.1	0.000207039	
2613	384	767	14.7447	13.7802	1021	11	8	488	10	80	346	6	0.309298	31582.4	0.000149745