2355	138	739	22.0658	10	1030	15	6	467	12	55	343	5	0.092128	70771.3	0.000159033	
2496	100	748	24.4779	12.4863	950	15	6	484	11	75	344	5	0.073292	60743.8	0.000183756	
2660	500	767	10.0204	10.0185	996	12	4	482	7	64	346	5	0.495036	41267.1	0.000124069	
2645	500	734	16.8466	15.6474	1033	10	7	482	8	78	334	5	0.368575	28734.9	0.000168577	
2660	500	767	10.0204	10.0185	996	12	4	473	7	68	346	5	0.495036	41283.8	0.000123916	
2349	166	757	23.1164	15.5577	908	16	9	474	4	47	310	6	0.107545	40117.4	0.000203211	
2660	476	766	10.7845	10.0185	913	12	4	473	7	62	346	5	0.448892	41223.4	0.00012655	
2539	500	767	10.0204	10.0185	996	12	4	473	7	68	348	5	0.476471	40896.4	0.000126024	
2680	500	745	14.7703	14.423	1046	17	9	470	17	71	345	4	0.39378	30203.3	0.000155328	
2696	483	746	12.3318	11.8573	997	15	10	490	5	75	348	5	0.414113	34371.7	0.000136073	
2660	423	766	10.0204	10.0185	976	11	4	474	7	62	342	5	0.430909	42240.8	0.000125156	
2660	500	767	10.4869	10.2939	1050	12	9	473	7	64	346	5	0.478582	39242.1	0.000124347	
2550	112	749	24.2585	10.6887	935	12	6	470	16	52	339	5	0.082236	68331.5	0.000168011	
2300	148	735	23.1681	15.3239	967	18	4	483	11	79	311	4	0.09237	44931.1	0.000199005	
2605	476	766	10.7845	10.0185	913	12	4	472	7	62	350	4	0.441093	40898.5	0.000126839	
2562	109	743	22.877	10.8021	1026	15	10	471	16	52	339	4	0.083244	66591.3	0.000166722	
2314	148	735	22.5735	15.4081	953	18	4	483	11	58	344	4	0.094093	43558.8	0.00019658	
2700	483	746	12.3318	12.7935	1038	13	10	487	5	48	348	5	0.414635	33924.7	0.000143451	
2550	112	749	24.7898	11.2802	935	14	6	470	16	52	339	5	0.081626	65020.1	0.000171703	
2629	123	774	21.0807	10.1394	1002	14	4	468	-0	64	312	4	0.102981	66331	0.000149858	
2660	423	766	10.0204	10.0185	978	11	5	474	7	62	339	5	0.430909	42169.6	0.000125628	
2656	466	745	14.7703	13.6518	1037	17	8	472	16	68	345	4	0.364835	31343.8	0.000150852	
2621	484	763	19.1235	15.9342	984	14	6	466	10	68	349	5	0.355271	29223.4	0.000173762	
2464	126	774	21.0807	10	1050	14	5	477	3	64	312	5	0.097414	68733	0.000153186	
2626	162	725	12.0174	10.247	1031	10	8	461	17	68	344	4	0.176302	47880.9	0.00013217	
2677	355	769	15.3319	10.8866	1050	10	6	479	4	72	348	6	0.290382	37996.2	0.000129955	
2656	425	744	14.6768	13.5119	1037	17	8	470	15	58	345	4	0.33515	32199.5	0.000151263	
2393	138	741	22.1895	10.0563	1030	14	6	468	10	55	343	5	0.094067	69772.5	0.000156961	
2333	122	757	23.1164	15.0311	915	16	9	474	2	46	310	6	0.082363	46950.6	0.000201126	
2349	143	757	23.1164	15.384	908	16	9	474	2	46	310	6	0.094633	42913.1	0.000202511	
2656	443	742	14.7703	13.6518	1037	14	8	468	15	58	339	4	0.34615	31836.6	0.000152509	
2349	143	757	22.5218	15.8842	914	16	9	474	2	46	343	6	0.095764	41685.4	0.000200481	
2552	256	774	12.9637	10.1625	1024	13	7	481	14	70	348	6	0.233236	41588.5	0.000127943	
2355	138	741	22.1895	10.0563	1030	14	6	467	10	55	343	5	0.092376	70421.9	0.000159109	
2581	289	774	10.1761	10.354	992	13	7	488	14	67	348	6	0.31509	42720.8	0.000126904	
2656	466	769	14.7703	13.6518	1037	17	8	482	17	58	341	4	0.376588	31675.6	0.000150263	
2552	256	774	12.6286	10.1914	1010	13	7	490	14	70	348	6	0.237767	41443.1	0.000128403	
2677	355	769	14.6715	10.8866	1050	10	6	470	0	72	348	6	0.295987	37835.9	0.000129333	
2636	460	746	12.3318	12.5025	997	13	10	487	5	48	350	5	0.388523	34432.8	0.000143472	
2610	362	732	16.9194	14.5298	1016	17	8	461	10	77	334	6	0.264389	31495.7	0.000163961	
2550	112	742	20.1766	10.6887	1015	12	5	470	16	52	347	5	0.091269	62260.8	0.000160282	
2645	407	747	16.0729	12.8176	1017	10	4	475	12	57	350	5	0.310883	33663	0.000146606	
2666	110	743	21.7885	11.0055	1030	14	6	484	2	75	338	5	0.090233	62839.2	0.000161865	
2593	460	746	12.3318	12.5025	997	12	10	487	5	48	350	5	0.383097	34299.3	0.000144009	
2541	201	749	11.8116	10.8395	1042	15	7	481	15	66	339	5	0.204397	43938.3	0.000134427	
2627	138	761	21.0807	10.0831	947	14	5	478	5	64	350	5	0.110371	63340.5	0.000144009	
2393	138	741	22.1895	10.0563	1030	14	6	474	10	56	344	5	0.094067	69827.7	0.000156814	
2482	166	757	23.1164	15.5577	954	16	9	474	3	44	310	6	0.114223	40277.1	0.000195733	
2669	420	739	18.1549	15.9087	1000	15	7	474	3	51	337	5	0.30691	29687.6	0.000176491	
2416	114	725	19.1767	10.1932	1025	15	8	490	3	54	331	5	0.088027	63844.2	0.000162443	
2416	114	725	19.1767	10.1644	1044	16	8	481	3	54	331	5	0.088027	64559.8	0.000162048	
2502	344	766	15.7501	14.3721	1050	11	7	486	8	71	348	6	0.260963	32170.5	0.000156789	
2602	364	754	16.7441	14.1897	988	11	7	485	10	53	344	6	0.274348	31849.9	0.000159617	
2538	277	760	13.2962	11.9286	1041	15	9	484	1	80	336	4	0.238279	36872	0.000140371	
2353	148	728	20.5277	10.5189	993	11	8	483	6	73	341	6	0.09981	59575	0.000156838	
2487	435	762	15.4005	12.7253	958	16	8	473	14	78	339	5	0.325058	33040.3	0.000150512	
2689	356	762	16.807	12.5943	1024	11	5	468	6	73	336	4	0.279184	34960.5	0.000143864	
2618	455	745	14.7703	13.6518	1037	17	9	469	17	58	345	4	0.352102	31755.1	0.000153092	
2353	100	736	21.1808	12.8511	946	11	8	474	14	53	335	4	0.073463	55978.7	0.000187477	
2669	420	738	19.3616	15.9087	1011	16	8	480	11	51	338	5	0.301601	29750.1	0.000177746	
2349	143	757	22.5218	15.1153	914	16	9	474	2	46	343	6	0.095764	42847.9	0.000194818	
2579	348	772	18.9587	15.9277	1014	11	7	479	17	71	350	4	0.255544	30157	0.000170736	
2696	472	740	13.0637	12.5025	983	10	9	486	13	48	337	5	0.391276	34040.1	0.000145201	
2550	109	744	22.1098	10.8021	1019	14	9	467	16	54	337	4	0.084632	64839.8	0.000165728	
2437	100	758	20.0068	10.5189	1024	11	8	478	6	79	345	6	0.082242	64273.4	0.000170416	
2656	396	745	14.7703	13.6518	1021	17	7	470	0	58	344	4	0.312869	32419.2	0.000152882	
2677	355	769	16.2221	13.3974	1047	11	6	467	0	75	346	6	0.283353	33074.6	0.0001468	
2656	396	753	14.7703	13.6518	1020	17	7	470	3	58	344	4	0.316229	32411.7	0.000152091	
2650	448	734	16.3883	15.7575	1016	17	4	481	5	66	344	5	0.333557	29308.3	0.000170271	
2669	401	739	18.1549	15.974	1007	17	7	474	13	51	337	5	0.293257	29871.8	0.00017762	
2341	241	744	21.8468	15.9166	927	15	8	460	3	74	332	6	0.150947	34492.9	0.000195389	
2588	182	749	13.6543	10.8344	1050	10	6	472	7	66	339	5	0.172597	44935.5	0.000133708	
2502	344	760	15.7501	14.3721	1050	11	5	486	8	80	348	6	0.258919	32271.1	0.000157282	
2669	407	726	18.1549	16	1007	16	7	476	11	51	341	5	0.292319	29652	0.00017838	
2457	100	736	19.9923	11.8407	958	11	10	474	14	53	338	4	0.08063	57417.4	0.000177873	
2559	140	757	19.8884	10	1050	14	6	481	16	56	332	5	0.111392	63103	0.000144155	
2513	385	769	14.9303	13.9007	1046	11	8	471	6	51	338	5	0.298104	32360.8	0.000155231	
2379	127	734	20.8539	15.3861	978	17	5	481	7	68	347	4	0.089828	45752	0.000185977	
2652	277	747	12.6286	11.1592	992	12	9	488	10	67	348	5	0.252565	38548	0.000133227	
2697	151	758	16.7907	10.1644	1041	14	6	482	18	58	331	5	0.138108	53861.5	0.000135612	
2633	448	733	18.6263	16	1027	17	4	478	6	58	346	5	0.318666	29390.8	0.000176025	
2520	114	734	21.5302	15.3861	978	16	5	471	7	68	341	4	0.086842	47451.8	0.000185357	
2602	364	754	17.886	15.0531	988	11	6	485	2	56	344	6	0.267551	30953.5	0.000166722	
2315	241	748	19.7412	15.76	946	17	8	460	4	74	324	6	0.155848	34423.5	0.000190549	
2694	377	760	15.5697	14.9884	967	11	7	484	12	78	332	6	0.302731	30652.7	0.000161394	
2656	443	745	14.7703	13.6518	1037	17	8	470	17	58	345	4	0.34755	31861.6	0.000152253	
2568	289	772	17.3714	10.8522	1003	13	8	490	5	77	335	4	0.220995	40647.4	0.000137874	
2675	327	772	18.9587	15.9277	1014	11	7	479	17	64	350	4	0.249248	30375.3	0.00016835	
2675	327	727	18.7933	15.3484	1011	11	7	479	17	61	350	4	0.235376	30990	0.000169319	
2596	326	735	19.0008	15.6888	993	14	8	481	9	65	344	6	0.23004	30719.3	0.000174948	
2586	455	746	12.3318	12.5025	997	13	8	469	10	48	350	5	0.378432	34680.9	0.000144739	
2567	277	747	12.6286	11.059	993	12	7	488	14	67	348	6	0.244964	38794	0.000134825	
2586	460	746	12.3318	12.5025	997	13	8	469	5	48	350	5	0.382214	34670.8	0.000144697	
2629	436	743	16.451	13.4334	1040	16	7	475	9	74	329	6	0.325791	32062.8	0.000152999	
2559	124	725	19.8884	10.1644	1048	13	7	481	19	55	331	5	0.097489	64040	0.000153257	
2503	100	729	23.1422	12.5226	956	14	9	470	7	76	338	5	0.073934	58362	0.00018423	
2520	100	734	21.5302	15.0231	978	16	5	471	9	60	341	4	0.078979	51199.6	0.000191498	
2675	297	768	16.1245	15.7479	1014	11	7	477	17	42	350	4	0.24168	31691.6	0.000168719	
2570	210	775	16.552	11.2719	1003	10	4	473	4	71	344	6	0.173424	43069.9	0.000137306	
2503	100	729	23.1422	12.5226	960	14	9	464	7	76	345	5	0.073934	58162.5	0.000184264	
2689	356	765	16.807	12.5943	1024	11	6	470	2	71	341	4	0.280283	34742.5	0.000143102	
2580	369	732	16.3264	14.9111	1016	17	8	460	10	77	334	5	0.269636	30913.1	0.000166834	
2700	151	758	19.8884	10.2788	1041	14	6	482	14	58	335	5	0.125294	59192.4	0.00013887	
2535	149	759	18.9627	10.8074	908	11	4	477	15	66	329	5	0.118886	53165.2	0.000147514	
2415	111	765	25	15.1634	1041	15	9	468	19	77	338	4	0.076977	51770.1	0.000190985	
2485	181	768	18.9691	10	1035	12	4	463	20	74	330	4	0.137213	56985.2	0.000139665	
2563	500	769	14.9303	13.9007	1046	11	10	490	6	49	344	6	0.389822	31227.2	0.000153775	
2677	355	769	14.6715	10.8866	1050	10	8	473	0	72	344	6	0.295987	37524.2	0.000129921	
2559	151	729	19.8884	10.1644	1041	14	6	482	19	55	335	5	0.113684	61152.5	0.000145666	
2443	108	728	19.1676	10.5189	993	11	8	481	6	79	345	6	0.086234	60588.5	0.000165673	
2593	138	774	21.0807	10.0831	947	14	5	478	4	64	322	4	0.110642	62878.4	0.000146028	
2450	103	761	22.682	14.651	1026	13	7	471	13	78	305	5	0.078033	52753.5	0.000188182	
2520	140	739	21.5302	14.6952	978	16	5	471	7	67	341	4	0.102336	44186.7	0.000175439	
2420	106	746	21.6506	13.3035	905	11	6	462	19	80	318	4	0.079223	53008.3	0.000183453	
2621	239	752	17.6666	12.201	1026	13	8	485	3	69	341	5	0.18494	39051	0.000144592	
2375	286	747	18.9219	15.7655	982	15	7	488	17	47	309	4	0.190018	32976.7	0.000192271	
2666	110	743	21.7885	12.6046	1030	14	6	484	2	75	338	5	0.090233	55521	0.000167701	
2621	484	763	19.1235	15.9342	984	12	6	466	10	68	349	5	0.355271	29236.5	0.000173655	
2622	374	740	17.5745	13.4234	1040	15	9	486	9	80	329	6	0.273425	32697.1	0.000154154	
2645	407	747	14.6288	12.8176	1017	11	4	473	12	57	350	5	0.321981	33435	0.000145264	
2505	277	767	14.158	11.9286	1041	15	9	484	1	77	336	4	0.228628	36952.8	0.000141403	
2538	229	767	12.0834	11.5071	1017	15	9	484	7	71	342	4	0.223573	40474.9	0.000136258	
2596	141	772	21.0807	10.8752	1002	13	4	463	15	60	312	4	0.112358	58986.4	0.000149566	
2700	296	745	14.6871	13.8807	1034	14	9	470	11	63	345	5	0.24708	33546.6	0.000151768	
2615	165	731	17.4755	15.7585	944	14	5	483	5	60	339	6	0.133893	38375.4	0.000176929	
2550	100	749	21.1883	10.6887	949	10	10	470	16	73	339	5	0.082308	63216.1	0.000171262	
2431	137	727	21.3892	11.1646	956	18	8	481	10	67	322	6	0.095049	56846.1	0.00016372	
2375	286	754	18.9219	16	982	15	7	490	17	47	313	4	0.191798	32673.5	0.000192493	
2645	436	769	15.5061	11.7231	1042	14	6	469	0	64	345	6	0.346287	35554.3	0.000136631	
2314	148	735	22.5735	15.4081	967	18	4	483	11	79	344	4	0.094093	44342.7	0.000193237	
2650	448	733	18.6263	15.7575	1016	17	4	479	6	66	345	5	0.320483	29497.7	0.000172921	
2514	100	735	19.9923	13.1638	952	11	9	474	17	53	335	4	0.082729	53430.2	0.000182116	
2617	106	775	20.858	13.9365	1050	12	8	465	18	80	320	4	0.092707	51371.6	0.000172325	
2622	100	745	25	12.4863	950	15	9	484	17	69	344	5	0.076304	61045.2	0.000181127	
2629	463	740	15.3371	13.7555	1015	16	7	472	9	74	329	6	0.35275	31308	0.000155424	
2349	143	757	20.9633	15.384	900	16	8	478	0	46	333	6	0.099674	42006.3	0.000194401	
2611	148	763	16.7803	12.2648	947	14	8	466	1	61	347	6	0.132413	45423.9	0.000147995	
2550	109	743	22.877	10.8021	1019	14	9	467	16	52	339	4	0.082783	66518.4	0.000167029	
2615	301	746	17.4251	15.1346	981	14	6	486	8	63	344	6	0.225367	31762.9	0.00016728	
2581	326	727	12.9273	11.9841	985	14	4	489	4	80	336	4	0.268849	35934.8	0.000143761	
2453	152	731	15.7956	10.201	952	14	7	461	10	59	333	6	0.126428	51453	0.000144238	
2471	100	736	19.9923	13.1431	952	10	9	476	19	53	335	4	0.081173	53709.9	0.000182983	
2622	100	743	24.4779	12.4863	950	14	9	485	11	70	341	5	0.077296	60364.8	0.000180245	
2645	355	769	15.5061	11.6238	928	14	6	469	0	63	348	6	0.285814	37003.9	0.000139841	
2622	100	745	24.4779	12.4863	950	15	9	484	11	70	344	5	0.077504	60323.5	0.000179986	
2466	127	728	21.5302	15.3861	978	16	5	468	7	68	342	4	0.091162	45162.5	0.000184911	
2597	151	729	19.5259	10.1644	1041	14	6	482	19	55	335	5	0.11668	60117	0.000143885	
2300	122	739	22.275	13.6075	948	12	7	487	19	60	331	5	0.080668	51654.6	0.000186393	
2513	370	769	14.9303	13.9007	1050	11	8	472	6	51	338	6	0.287376	32554.5	0.000155255	
2559	151	757	19.8884	10.1644	1048	14	6	481	19	66	335	5	0.118051	59785.1	0.000141924	
2614	178	762	17.1334	12.9797	939	11	6	486	9	51	338	6	0.149636	41150.3	0.000153822	
2372	255	772	17.9193	15.5771	994	10	6	462	10	57	342	6	0.180788	33771.3	0.000176647	
2700	355	769	15.5061	11.4172	1047	11	6	477	0	72	348	6	0.291253	36733.1	0.000132521	
2513	370	762	14.9303	13.9007	1050	11	7	478	6	51	338	6	0.284761	32630.1	0.000156031	
2534	138	774	21.0807	10.0831	947	10	5	478	4	64	317	4	0.10784	62151.7	0.000148258	
2649	157	735	19.3139	14.6502	942	13	6	479	3	70	305	6	0.124442	41008.4	0.000171468	
2660	500	765	10.4869	10.2939	951	12	8	467	7	61	345	5	0.477334	40336	0.000126887	
2629	261	765	16.451	14.1552	970	14	8	472	8	78	339	5	0.210022	34269.9	0.000157456	
2618	257	731	18.8783	14.9734	1026	15	10	480	2	66	324	4	0.186139	33481.6	0.000169549	
2636	249	756	15.3207	12.607	969	17	8	470	1	59	347	5	0.207694	37254.1	0.000147232	
2570	266	772	16.1662	12.9427	994	10	4	484	5	71	328	6	0.212659	36031.9	0.000149209	
2525	138	774	21.0807	10.9565	983	14	5	477	2	64	315	4	0.107413	57176.5	0.000152393	
2489	112	743	20.4028	12.2755	1032	12	7	483	4	75	333	6	0.088317	55273.3	0.000168039	
2538	277	767	14.158	11.9286	1041	15	9	484	1	79	336	4	0.231479	36743.9	0.00014039	
2673	277	756	18.438	14.9834	1019	10	9	477	4	49	335	5	0.211339	33178.4	0.000166003	
2588	182	749	13.6543	11.3222	1050	10	6	481	11	66	339	5	0.172597	43768.4	0.000136407	
2459	188	750	15.7956	12.4448	1017	15	7	472	12	53	333	6	0.15172	41516.3	0.000152625	
2522	163	728	20.3809	10.7151	1019	11	8	478	6	79	337	6	0.11698	54473.9	0.00014782	
2559	151	729	19.8884	10.1644	1044	14	6	482	19	55	335	5	0.113684	61344	0.000145603	
2622	100	745	23.0507	12.4863	950	15	8	484	11	70	344	4	0.079908	58687.5	0.000178827	
2677	355	769	15.5061	11.4172	1047	12	6	479	0	72	348	6	0.288979	36654.5	0.000133067	
2675	327	772	19.8149	15.9277	1014	11	8	479	17	68	350	4	0.245753	30529	0.000169262	
2516	151	772	20.9299	13.0596	959	17	10	490	17	71	347	4	0.114581	45600.6	0.00015921	
2496	435	762	15.0985	12.7253	958	16	8	471	14	78	339	5	0.328136	33016.8	0.000149903	
2613	138	770	14.3445	12.9205	1029	15	6	481	2	80	344	5	0.143635	45307.4	0.000147601	
2622	104	762	21.8828	12.4863	950	15	9	484	14	70	339	5	0.087149	56136.2	0.000171821	
2629	436	739	15.2841	13.4334	1040	16	9	472	9	69	329	6	0.332379	31967.8	0.000152812	
2581	151	728	20.5416	10.1644	1041	15	6	468	19	71	325	5	0.112275	61662.8	0.000146434	
2649	272	734	19.8443	15.8785	966	13	8	473	12	50	325	5	0.195025	32498.5	0.000181719	
2384	112	734	21.5302	15.0231	978	16	7	471	9	75	341	4	0.080321	48927.5	0.000189215	
2579	348	771	18.9587	15.9277	1014	11	8	479	17	75	350	4	0.255213	30018.8	0.000170823	
2513	385	763	14.9303	13.9007	1046	11	8	481	6	51	338	6	0.295778	32366.2	0.000156079	
2503	100	729	23.1422	13.6687	960	14	6	464	7	76	345	5	0.073934	55099.7	0.000189036	
2569	366	743	15.0803	11.6517	997	12	9	485	7	72	335	6	0.279817	35438.6	0.000142633	
2668	418	754	15.4694	11.5457	1007	14	5	478	13	68	347	5	0.328634	36072.3	0.000136968	
2359	102	767	20.7284	13.2014	905	11	5	487	16	80	322	5	0.078992	54351.8	0.000184196	
2372	236	736	19.4872	15.4989	1024	11	8	462	9	54	350	6	0.155332	35101.2	0.000181357	
2593	376	736	17.3329	16	952	15	8	478	10	60	326	4	0.271912	29765.8	0.000179211	
2656	466	772	14.7703	13.6518	1037	17	8	482	17	64	341	4	0.378057	31390.6	0.000148898	
2507	239	774	21.3531	15.3769	1011	15	8	480	5	70	336	6	0.168242	34859.5	0.000174095	
2596	151	729	17.9637	10.1644	981	13	6	488	10	55	346	5	0.122391	55708.6	0.000141064	
2485	100	758	21.2124	12.5321	1035	14	4	463	20	74	338	5	0.080778	58551.2	0.000177399	
2538	277	752	14.158	12.5201	1041	15	9	484	1	77	334	4	0.226952	35859.7	0.000145518	
2389	236	736	19.5363	15.6666	1024	11	7	462	0	54	327	6	0.156451	34847.1	0.000184434	
2576	132	751	20.5701	12.0842	1017	16	10	471	8	57	315	4	0.104163	52148.9	0.000159515	
2611	249	756	15.3207	12.607	950	17	8	470	1	59	347	5	0.205778	37140.7	0.000148324	
2353	100	736	21.1808	12.8511	964	11	9	474	14	53	335	4	0.073463	56276.6	0.000187126	
2536	393	760	15.7501	14.3721	1033	11	7	486	8	80	348	6	0.296654	31115.7	0.00015706	
2593	434	737	15.9443	16	958	15	8	478	10	60	334	5	0.321254	29332.1	0.000176616	
2510	220	727	21.7377	15.8221	930	16	9	490	5	77	333	4	0.146203	34758	0.000186706	
2567	277	745	12.6286	11.1592	992	12	7	488	14	67	348	6	0.244308	38594.7	0.000135575	
2314	148	739	22.5735	15.4081	967	18	4	486	11	79	344	4	0.094605	44439.3	0.000192753	
2700	151	758	19.8884	10.1644	1041	14	6	482	19	58	335	5	0.125294	60031.3	0.000138447	
2700	299	732	15.6264	12.0669	1022	13	10	488	2	66	344	4	0.237	36094.6	0.000141303	
2550	112	750	21.4077	10.6887	923	12	9	470	1	52	341	5	0.088796	61955.6	0.000162813	
2353	110	752	18.7029	12.8947	994	14	7	474	13	47	340	4	0.087969	51810.3	0.000174307	
2559	272	740	14.0466	10	1039	14	6	481	19	68	338	5	0.222368	42774.8	0.000132714	
2699	242	765	16.9218	13.5228	970	14	5	469	3	58	331	5	0.199684	36552.8	0.000154154	
2694	377	763	15.5697	11.4618	975	14	7	479	12	79	332	6	0.303926	36557.2	0.000137969	
2341	241	745	19.5018	15.9166	927	15	8	460	3	74	332	6	0.158127	33841.8	0.000190259	
2320	120	731	20.8105	11.4465	1014	13	9	475	14	47	331	6	0.083227	58909.7	0.000171615	
2316	241	745	19.5018	15.9166	927	15	8	460	3	74	324	6	0.156443	34055.8	0.000192012	
2593	376	736	17.3329	16	990	15	8	478	10	60	326	4	0.271912	29768.7	0.000177809	
2550	112	751	20.1766	10.6887	923	12	10	470	1	52	339	5	0.092376	59722.5	0.000161005	
2370	147	734	19.4111	10.4476	1001	14	7	487	4	75	311	6	0.104122	57641.7	0.000158178	
2502	344	738	15.7501	13.425	1018	10	5	465	8	71	348	6	0.251424	33347	0.000154751	
2611	301	745	19.1686	15.3397	1001	14	6	481	8	63	344	6	0.216952	31864.7	0.000170736	
2516	152	775	13.7664	11.8928	949	10	7	464	8	78	346	4	0.153067	44968	0.000142268	
2574	170	775	18.3167	14.6553	1050	11	7	467	19	77	314	6	0.139118	39593.7	0.000162575	
2533	176	749	13.7333	10.9482	959	12	8	479	19	47	345	5	0.163911	45130.8	0.000138754	
2300	191	742	19.7736	15.9166	947	16	9	474	16	75	324	4	0.125077	37432.7	0.000192827	
2619	162	725	12.0174	10.3614	1031	10	9	464	17	68	344	4	0.175829	47537	0.000132873	
2364	273	750	15.63	12.8822	951	16	6	476	10	69	350	5	0.197887	36144.7	0.000156642	
2656	466	769	14.7703	13.6518	1037	17	8	489	17	58	341	4	0.376588	31584.8	0.000150286	
2667	269	739	13.6837	10.4343	1035	18	7	470	11	52	346	6	0.232786	42795.8	0.00013245	
2344	100	754	20.0873	13.7474	989	15	7	468	10	69	308	5	0.078116	53550.9	0.000188111	
2522	151	770	22.9104	14.8279	1027	15	5	481	4	75	310	4	0.109726	43991.3	0.000174611	
2370	111	734	19.4111	12.3326	1018	10	8	487	18	75	311	6	0.084498	55603.1	0.00017584	
2571	206	735	16.7395	14.0724	994	13	6	462	8	80	304	6	0.161473	37097.3	0.000164826	
2472	121	738	19.8876	13.48	1032	15	7	470	1	65	308	4	0.093739	49458.8	0.000172206	
2502	345	744	15.7501	13.425	1018	10	5	486	8	71	350	6	0.254141	33351.1	0.000153374	
2622	100	745	23.0507	12.4863	1020	15	8	484	11	70	344	4	0.079908	59116.1	0.000177904	
2588	191	748	11.8116	10.8395	1034	15	7	481	11	66	339	5	0.201192	44671.9	0.000133529	
2581	402	769	16.8606	14.5691	990	15	8	474	12	62	350	5	0.303816	30852.9	0.000160668	
2572	265	770	14.3445	12.8626	1029	15	5	481	2	78	342	6	0.225109	35898.3	0.0001443	
2617	175	775	19.5366	14.6553	1048	12	7	465	17	77	320	6	0.140426	39301.1	0.000162443	
2620	193	772	21.4489	14.9587	998	16	6	467	6	63	348	5	0.145293	38039	0.000168719	
2553	149	729	18.9938	11.3734	915	11	7	473	17	61	330	6	0.115071	50273.1	0.000153046	
2570	269	773	16.1662	13.4102	994	10	4	483	5	71	328	6	0.214976	35134.4	0.000152114	
2500	224	742	14.7489	11.965	943	13	6	481	4	68	343	6	0.181976	39179.9	0.000146563	
2466	159	730	21.5302	14.2399	978	16	9	471	7	68	341	4	0.109396	42433	0.000175039	
2389	272	736	18.1807	15.7482	1018	13	6	462	0	62	327	6	0.182692	33081.9	0.000182382	
2431	128	731	20.3073	10.9188	963	18	9	481	10	67	322	6	0.093327	57590.7	0.000161943	
2353	148	728	19.8272	10.5189	993	11	8	483	6	73	341	6	0.101945	58131.1	0.000155207	
2411	111	771	23.9806	15.1634	1041	15	10	468	19	77	338	4	0.079187	51104.4	0.000187864	
2344	100	738	20.4362	13.48	1032	15	7	470	1	68	313	5	0.075416	55215.5	0.000188395	
2679	242	765	16.9218	12.6159	970	13	5	469	3	58	339	5	0.198226	38277.3	0.000147297	
2468	169	750	14.3491	10.5649	968	12	4	460	9	70	334	5	0.150419	47327.2	0.000139295	
2389	147	740	16.4178	12.545	976	11	6	484	4	77	327	5	0.117791	45952.3	0.000158831	
2389	236	736	17.1973	15.6666	1024	11	7	462	-0	54	327	6	0.165626	34394.5	0.00018093	
2316	193	728	19.5018	15.9166	931	16	9	474	3	72	324	4	0.125807	36753.3	0.000193836	
2451	205	737	19.3439	13.1376	979	12	9	472	6	76	339	6	0.142765	39709.2	0.000162338	
2315	148	734	21.1991	15.7855	933	16	4	483	11	79	350	4	0.097237	42592.3	0.000193611	
2361	148	735	22.5735	15.4081	967	18	4	483	11	79	344	4	0.09624	43821.1	0.000190078	
2565	100	727	19.9923	11.8407	958	11	10	474	14	53	338	4	0.083783	57161.7	0.000176367	
2696	134	741	14.6882	11.2955	1009	13	5	465	18	76	329	4	0.13798	49112.4	0.000144051	
2502	344	760	15.7501	14.3721	1033	10	5	490	8	80	348	6	0.258919	32177.3	0.000157928	
2602	364	754	16.7441	15.0531	988	11	7	485	20	53	344	6	0.274348	30774.4	0.000166085	
2521	165	769	14.8312	11.5071	1041	14	9	475	1	57	331	4	0.151551	45112.1	0.000141084	
2529	149	767	18.9938	13.0155	915	10	7	473	19	66	330	6	0.119834	44631.3	0.000158932	
2349	143	757	20.1276	15.0311	914	16	9	474	6	46	324	6	0.101883	42236.9	0.000189934	
2402	134	755	14.0245	11.8515	1030	13	6	465	18	60	348	4	0.129212	48154.3	0.000149276	
2596	151	729	18.0891	10.1644	1041	14	6	482	19	55	345	5	0.121815	56756.7	0.000140449	
2700	251	757	18.3532	15.083	1044	10	8	476	3	49	348	5	0.196588	33840	0.000163452	
2429	129	737	21.4904	14.4937	949	11	9	481	18	73	336	5	0.091817	46343.7	0.000179727	
2300	148	735	21.5526	15.3239	967	18	4	483	11	79	313	4	0.0956	44061.9	0.000194175	
2409	255	772	17.9193	15.5773	994	10	6	462	10	57	342	6	0.18355	33555.6	0.000175316	
2686	218	754	16.9218	13.5228	981	14	5	469	3	58	334	5	0.179816	37650.6	0.000154823	
2439	201	773	14.473	10.9504	953	15	8	477	0	52	345	5	0.172094	43322.4	0.000139645	
2573	151	735	20.4276	10.1644	1048	14	6	483	17	55	337	4	0.113557	62164.7	0.000145012	
2559	131	735	19.8884	10.4838	1041	14	6	482	19	55	335	5	0.102899	60848.1	0.000150807	
2583	172	730	21.8105	15.2581	1050	17	4	475	20	60	346	4	0.12158	40397.9	0.000175778	
2544	154	732	18.0805	15.4036	955	11	4	484	9	41	339	5	0.121449	40099.3	0.000180701	
2562	265	749	17.0159	12.7123	944	13	5	477	20	64	337	5	0.200035	36729.6	0.000152765	
2352	273	750	15.63	12.8822	951	17	7	481	10	69	347	5	0.196928	36226.1	0.000157754	
2610	131	765	22.9619	14.1856	1033	14	6	462	20	75	321	5	0.100939	48002.1	0.000168663	
2433	188	742	15.7956	10.9729	1038	14	7	462	12	59	330	6	0.148478	46181.7	0.000144446	
2420	141	759	19.4005	11.9637	942	15	8	475	13	40	341	4	0.106687	49596.7	0.000161655	
2675	297	769	16.1245	15.9277	1014	11	7	479	17	64	350	4	0.241995	31175.1	0.000165618	
2483	117	751	19.8947	13.5968	934	17	8	470	1	62	339	5	0.093573	48572.7	0.000172861	
2615	301	752	19.1686	15.4507	1024	14	9	481	15	63	342	6	0.219312	31613.8	0.000169693	
2665	157	751	18.2895	14.1109	945	15	9	480	14	58	308	5	0.131622	41884.7	0.000166445	
2479	144	755	19.1686	15.1346	1026	13	9	480	8	59	350	6	0.111904	42526.5	0.00017135	
2513	225	726	19.1644	14.6728	964	14	6	471	10	73	326	5	0.156865	35531.5	0.000173461	
2470	139	740	21.7017	13.0152	1015	15	9	462	4	57	337	6	0.099068	49385.2	0.000167504	
2423	134	755	14.0245	11.8515	1030	13	6	465	18	61	348	4	0.130413	48071.4	0.000148699	
2375	208	728	15.0024	10.2994	915	11	9	469	12	55	348	5	0.158654	44947.4	0.000143041	
2521	201	769	14.4797	11.5071	1041	14	9	475	4	52	331	4	0.176973	42121.9	0.000140786	
2603	210	773	16.1662	11.6644	994	10	4	465	16	69	324	6	0.177751	41658.2	0.000141723	
2559	346	748	18.6667	15.9772	956	12	7	468	9	65	327	5	0.245782	30304.4	0.000179179	
2471	100	736	19.9923	13.1638	952	10	9	474	17	53	335	4	0.081173	53629.5	0.00018305	
2468	169	739	14.3491	10.5649	960	12	4	460	9	72	342	5	0.148213	47357.6	0.000139373	
2372	236	736	17.6523	15.4382	986	11	6	462	10	59	350	6	0.162177	34546.2	0.000179308	
2675	327	772	18.7933	15.9277	1014	11	7	479	17	64	350	4	0.249945	30334.2	0.00016818	
2316	191	743	19.4578	15.9166	950	16	9	475	16	72	324	4	0.127264	37236.7	0.000191168	
2600	100	729	23.1422	12.5226	1002	14	9	470	7	76	338	5	0.077402	58808.5	0.000180799	
2511	435	762	15.0985	12.7253	962	16	8	471	14	78	347	5	0.329857	32949.2	0.000148522	
2593	138	775	21.0807	10.3388	992	13	8	472	2	64	315	5	0.110785	60043.6	0.00014708	
2677	355	769	15.5339	12.3277	1047	11	6	467	0	75	348	6	0.288253	34822.1	0.000138677	
2439	215	773	14.473	10.9504	954	16	8	481	0	55	349	5	0.181023	42327.4	0.000139043	
2533	151	728	20.5416	10.1644	1041	13	6	468	19	72	325	5	0.109994	61829.3	0.000147907	
2411	134	755	14.0245	11.8515	1030	13	5	465	18	60	348	4	0.129727	48294.5	0.000149031	
2665	307	745	14.6288	12.8176	1006	11	4	483	14	57	346	5	0.251671	34979.4	0.000145858	
2470	139	736	21.5848	13.2218	1015	15	9	462	4	57	337	6	0.098531	48708.8	0.000168976	
2420	141	775	18.1106	11.9637	942	15	7	475	13	40	341	4	0.114104	48402.2	0.000157356	
2673	251	756	18.438	14.9834	1044	11	9	477	4	49	335	5	0.193733	34166.5	0.000165399	
2489	269	739	13.6837	10.4343	1035	18	7	470	9	74	346	6	0.218004	41436.9	0.000135062	
2493	446	760	15.7501	14.9848	1028	10	5	477	7	60	348	6	0.330098	30579.7	0.0001638	
2634	122	740	18.603	12.6352	919	10	5	464	16	58	322	5	0.105665	49819.6	0.000162813	
2431	125	731	21.3892	11.1646	956	10	8	481	10	63	322	6	0.088954	58829.9	0.000165017	
2550	109	752	20.1766	10.6887	1015	12	9	470	16	52	339	5	0.090744	61512.2	0.000161681	
2549	126	763	24.4779	12.4863	930	15	9	469	13	72	302	5	0.091981	54655.4	0.000171028	
2568	289	768	18.8847	14.6251	1003	13	8	490	5	77	331	4	0.213317	32827.6	0.00016292	
2596	151	729	18.4214	10.4452	964	14	6	482	19	55	345	5	0.120672	55013.6	0.000143823	
2376	123	775	21.0807	10.3388	992	13	7	472	2	64	315	5	0.091855	63902.1	0.000159236	
2487	295	762	15.4005	12.7253	974	16	8	473	14	78	339	5	0.227547	35055.2	0.000150213	
2571	296	745	14.6871	14.8678	1000	14	9	470	11	63	345	5	0.235954	32620.2	0.000163319	
2415	111	771	23.9806	14.7174	1050	15	9	468	12	77	341	4	0.079345	52294.7	0.00018498	
2350	286	754	18.9219	16	981	15	7	490	17	47	313	4	0.189858	32800.6	0.000193723	
2529	149	760	18.9938	11.3734	915	10	7	473	15	61	335	6	0.118741	49709	0.000149903	
2642	240	763	18.9832	15.63	1030	14	4	490	20	63	325	4	0.183989	33902.4	0.000169924	
2329	106	769	21.022	13.0195	905	11	5	485	15	80	326	5	0.079652	54201.4	0.000181785	
2569	178	762	17.1334	13.4996	939	11	6	490	9	51	331	6	0.146958	40246.7	0.000159464	
2521	229	769	14.8312	11.5071	1041	14	9	475	1	57	331	4	0.192828	40433.1	0.000140588	
2546	119	743	16.451	12.6616	996	16	9	472	9	73	332	6	0.109934	48618.2	0.00016129	
2629	159	743	15.9456	13.4334	1005	16	9	472	9	78	329	4	0.141439	41827.2	0.000153917	
2529	121	772	20.9299	14.427	910	17	10	486	17	71	338	4	0.09708	46783.1	0.000174034	
2629	176	743	16.451	13.4334	1005	16	8	468	7	78	329	6	0.149115	40213.5	0.00015456	
2613	186	770	15.4682	12.9973	1018	12	6	481	16	78	344	5	0.166271	39900.3	0.000145328	
2464	109	743	21.6452	12.2234	1039	15	9	470	6	55	304	5	0.082283	57962.8	0.000175932	
2471	109	729	23.1422	12.5226	960	13	9	464	7	76	324	5	0.077693	56251.6	0.000179565	
2610	134	741	16.6164	11.9602	1008	14	8	477	20	47	338	5	0.121189	48424.7	0.000151883	
2653	265	742	14.5455	11.9245	966	13	6	488	7	50	346	6	0.221536	38149.6	0.000143246	
2562	149	754	18.9938	11.19	915	10	7	487	7	61	330	6	0.119473	50734.4	0.000149009	
2596	151	729	17.9637	11.9995	981	13	6	488	12	55	348	5	0.122391	47178	0.000150308	
2517	144	731	17.4755	12.2347	966	14	6	490	5	78	339	6	0.116298	46885.3	0.000154226	
2678	307	747	14.6288	12.8176	1017	11	4	481	12	57	346	5	0.253498	34957.6	0.00014497	
2536	393	760	14.7447	14.3721	1033	11	7	483	8	80	348	6	0.30482	31291.3	0.000156128	
2471	117	736	20.4184	15.2281	962	11	10	474	18	58	347	4	0.089545	46431.3	0.000183284	
2459	188	731	15.7956	10.201	952	14	7	462	10	59	333	6	0.147876	48209.8	0.00014241	
2484	204	764	17.6737	12.8284	1002	11	9	474	2	74	344	4	0.156039	39401.6	0.00015163	
2607	134	761	19.0664	13.9688	925	14	8	460	9	71	313	5	0.112995	45020	0.000166334	
2605	122	725	21.3474	14.2877	959	15	6	484	16	68	338	5	0.093736	47735.9	0.000174825	
2559	124	725	18.7801	12.9473	1050	13	6	481	19	55	340	5	0.100825	49653.6	0.000163559	
2502	145	757	17.1357	14.3948	1050	10	5	483	8	56	347	6	0.121985	43366.3	0.00016176	
2615	144	731	17.4755	12.4354	972	14	5	481	5	78	339	6	0.121199	46537.2	0.000152416	
2420	194	767	16.5663	13.0425	966	11	9	490	8	73	350	6	0.151661	39809.6	0.000154131	
2491	151	725	19.8884	10.1644	1039	17	6	481	17	57	335	4	0.109791	61786.2	0.000148832	
2300	127	739	21.2943	13.6075	948	12	7	487	19	59	331	5	0.085958	49833.2	0.000182749	
2471	117	736	19.9923	15.2281	952	10	9	474	18	53	335	4	0.090642	46295.9	0.000184332	
2690	125	771	18.9587	15.9277	1014	11	7	479	17	66	350	4	0.113386	44277.3	0.000170882	
2437	108	728	20.0068	10.5189	993	11	8	471	6	79	345	6	0.083329	61920.2	0.000167001	
2431	137	726	20.3073	10.9188	956	18	8	481	10	67	322	6	0.097641	56529.7	0.000160462	
2535	143	759	18.9938	10.3359	928	11	4	477	13	73	326	6	0.115264	56654.4	0.000146071	
2517	277	760	13.2962	12.1175	1041	15	9	484	1	80	336	4	0.236423	36673.6	0.000142025	
2348	161	746	19.1686	15.1346	1001	15	9	469	8	65	350	6	0.113679	40924.6	0.00017854	
2590	420	732	16.3264	15.4944	1019	18	8	461	8	77	334	5	0.306097	29832.6	0.00017094	
2596	151	734	18.4214	10.4452	964	14	6	482	19	55	345	5	0.121499	54931.7	0.000143328	
2634	115	741	20.4512	11.2955	1015	13	6	465	18	78	326	4	0.095807	57756.4	0.000159084	
2669	161	752	20.3641	14.1634	1034	14	9	470	11	52	345	5	0.12717	42068.9	0.000162311	
2609	134	744	19.8224	12.5296	976	16	9	465	3	49	343	4	0.108226	49072.2	0.000159337	
2380	166	763	18.5127	14.0276	967	16	9	480	2	69	322	6	0.123156	41407.1	0.000169981	
2563	224	742	12.823	10.6041	943	13	7	490	1	68	345	6	0.205276	42203.6	0.000134989	
2521	159	743	18.2265	12.6616	949	16	8	472	9	80	334	6	0.124482	44114.7	0.000156177	
2607	213	751	19.4118	14.2835	946	12	10	478	2	65	310	6	0.159452	37010.3	0.00016787	
2596	151	729	18.0891	10.1644	1050	14	6	482	18	63	340	5	0.121815	56601.1	0.000140469	
2593	227	728	18.1276	15.8283	925	16	8	478	10	59	317	4	0.167818	33860.2	0.000182815	
2503	173	729	19.0402	12.5283	979	15	9	466	6	75	344	6	0.126553	43473.7	0.000156863	
2563	229	742	12.823	10.6041	943	13	6	490	1	68	338	6	0.208548	42135.6	0.000136184	
2700	245	732	15.6264	11.9629	1022	13	10	488	2	66	344	4	0.200652	38191.1	0.000140706	
2433	188	742	15.7956	11.5746	1038	14	7	466	12	57	331	6	0.148478	44126.5	0.000147732	
2529	165	758	17.8594	12.719	924	10	7	473	2	61	322	6	0.132866	42943.6	0.000156593	
2613	100	770	21.2897	12.9205	1029	15	6	481	3	80	344	5	0.087098	55838.9	0.000173883	
2615	148	731	17.4755	11.5382	972	14	5	483	5	80	339	6	0.123604	48845.2	0.000146886	
2481	132	754	20.5701	12.0842	1017	16	8	471	8	57	321	4	0.10026	52549.2	0.000161499	
2464	125	747	20.2825	12.5993	1049	15	9	470	1	52	307	5	0.095695	52005.1	0.000168322	
2443	191	743	19.4578	15.9166	967	12	6	475	16	67	347	4	0.134559	36409.4	0.000182083	
2510	220	727	18.9859	14.1446	930	16	9	490	3	77	333	4	0.154462	36323.8	0.000169808	
2691	217	752	18.5703	13.2529	1014	12	5	482	1	68	320	6	0.171385	38788.1	0.000153516	
2487	435	770	15.4005	12.7253	958	16	8	474	14	78	339	5	0.32847	33028.5	0.000149701	
2650	450	733	18.6263	15.7575	1016	17	4	482	6	66	343	5	0.321929	29464	0.000172951	
2595	186	747	18.4442	15.1494	984	17	9	472	10	50	346	5	0.144572	37155.8	0.00017313	
2669	373	760	15.5697	14.9884	967	13	6	484	12	78	339	6	0.297248	30732.8	0.000161551	
2610	362	732	16.2764	14.5298	1016	17	8	461	10	77	334	5	0.268339	31416.9	0.000163106	
2572	327	758	17.3667	12.3907	972	11	6	489	16	69	338	6	0.243133	35683	0.000148082	
2300	122	739	22.275	13.8413	988	12	7	487	14	59	331	5	0.080668	51944.2	0.000186359	
2469	152	736	16.0098	11.7225	1021	10	8	465	17	52	325	6	0.126489	47032.3	0.000150784	
2607	186	762	20.1263	15.1041	984	17	6	471	10	50	344	5	0.141986	37917.3	0.00017325	
2459	188	729	15.7956	10.201	952	14	7	462	10	59	333	5	0.147471	48183.4	0.000142491	
2453	170	731	14.8395	10.201	952	14	7	462	10	59	333	6	0.142985	48742.2	0.000141563	
2597	100	745	23.0507	12.4863	950	14	8	480	11	70	344	4	0.078994	58544	0.000179437	
2502	344	744	15.7501	13.425	1018	10	5	486	8	71	348	6	0.253468	33389	0.000153586	
2593	138	774	19.0232	10.0831	992	14	9	472	2	64	320	5	0.117357	57597.7	0.000142878	
2617	199	775	18.7169	13.9483	982	12	7	465	15	77	329	5	0.159194	38152.8	0.000158303	
2462	106	731	19.9133	14.2592	960	10	4	488	18	58	317	5	0.084117	50997.8	0.000185254	
2466	185	728	21.0329	15.3861	978	16	5	468	7	68	342	4	0.125102	38020.9	0.000182515	
2610	103	769	22.9619	14.1856	1033	14	6	462	20	75	300	5	0.084439	53486.6	0.000180375	
2613	186	770	14.8833	12.628	1022	12	6	481	16	80	344	5	0.170619	40394.6	0.000142268	
2586	138	747	18.19	10.6592	1036	15	7	479	0	53	306	6	0.115833	55859.1	0.000149925	
2513	225	730	19.1644	14.6728	964	14	6	471	8	73	326	5	0.157729	35542.9	0.00017298	
2662	100	748	24.4779	12.4863	950	15	6	484	11	75	344	5	0.079252	61602.8	0.000178476	
2607	134	761	19.0664	13.9688	925	14	8	460	9	75	313	5	0.112995	45028.6	0.000166196	
2665	307	755	15.8004	12.8176	991	11	4	483	17	57	346	4	0.246409	34968.5	0.000146199	
2314	148	734	22.5735	15.4081	967	18	5	483	11	79	344	4	0.093965	44151.6	0.000193386	
2554	157	729	21.4473	12.5226	973	15	7	468	5	74	345	4	0.112333	47665.5	0.000159923	
2643	177	749	11.8116	10.8395	1050	15	7	483	16	66	339	5	0.19631	45797.5	0.000132293	
2593	138	774	19.0232	10.7381	992	14	9	472	2	64	320	5	0.117357	54085.1	0.000145433	
2361	117	735	22.5735	14.6666	967	18	4	482	11	79	344	4	0.07951	50380.3	0.00018875	
2379	116	734	19.4111	12.3273	1018	10	8	487	18	75	317	6	0.087575	54454.4	0.000172058	
2329	106	769	19.3316	13.0195	905	11	6	485	15	80	326	5	0.084523	52650.9	0.000179019	
2564	149	767	18.6324	11.19	905	10	7	487	17	61	331	6	0.122828	50154.3	0.000147493	
2357	127	734	21.5302	15.3861	978	17	5	473	7	68	347	4	0.087277	46074	0.000188822	
2695	150	772	21.201	12.5996	1030	11	5	480	1	66	338	4	0.122246	48712.9	0.00014941	
2603	210	773	16.0235	11.2088	994	10	4	482	4	69	324	6	0.178368	42796.6	0.000139256	
2559	223	732	17.1057	12.5609	1018	16	8	464	11	68	341	6	0.168195	39040.3	0.000151126	
2593	121	743	21.6452	12.2234	934	15	9	470	4	55	309	4	0.094385	54185.4	0.000167645	
2487	435	770	15.4005	12.9182	950	14	6	474	14	74	339	5	0.32847	32845.4	0.000151172	
2337	152	735	19.3139	14.3707	976	15	6	479	1	67	336	6	0.105944	43365.9	0.000177085	
2503	100	729	19.0402	12.5226	979	14	9	466	6	75	344	5	0.084887	53982.7	0.00017819	
2613	154	770	14.7457	12.9973	1018	15	5	481	3	78	344	5	0.150947	43227.3	0.000145858	
2611	283	730	18.679	15.1346	1025	14	6	481	13	63	344	6	0.202753	32550.3	0.000169205	
2402	194	769	16.5663	13.0425	928	11	9	490	8	73	350	6	0.150899	39553.4	0.000156348	
2346	110	757	18.7029	10.9611	1035	14	6	481	14	41	340	4	0.08825	59913.5	0.000165071	
2629	436	743	17.5929	13.4334	1050	16	9	472	9	74	329	5	0.319506	32373.1	0.000153894	
2582	252	763	18.9832	15.63	1035	15	8	490	20	63	325	4	0.18771	33242.2	0.000171969	
2300	147	740	18.4566	13.4257	929	11	7	487	5	60	334	5	0.104723	45251.5	0.000172652	
2411	134	760	14.0245	11.8515	1030	13	5	465	18	60	348	4	0.130586	48272.4	0.000148522	
2441	123	747	16.6164	11.9602	1037	14	8	480	17	50	338	5	0.107256	50486.5	0.000158103	
2543	156	728	20.5277	10.5189	984	11	7	474	11	73	343	6	0.113372	56395.9	0.000147254	
2618	217	731	15.6264	14.9734	1026	15	10	488	2	66	324	4	0.176484	35351.9	0.000165975	
2563	224	742	12.823	11.4189	945	13	7	488	1	73	345	5	0.205276	40490.4	0.000139218	
2588	177	749	11.8116	10.8395	1042	15	7	481	11	66	339	5	0.192252	45855.9	0.000133529	
2567	277	747	12.6286	11.1592	992	12	7	488	14	67	348	6	0.244964	38598.7	0.000135391	
2459	188	731	15.7956	13.5311	952	14	7	462	10	65	339	6	0.147876	38949.2	0.000162153	
2568	254	772	17.8315	10.8522	1003	13	9	490	5	77	335	4	0.195401	42286.5	0.000138485	
2553	204	752	15.927	10.8217	1013	14	7	463	10	58	332	4	0.166962	44799.4	0.000139353	
2596	301	763	19.1686	15.6888	1024	14	8	481	8	65	344	6	0.220974	31353.2	0.000170387	
2591	217	731	15.6264	14.9734	1019	14	9	486	2	66	325	4	0.174669	35379.6	0.000166639	
2372	127	734	21.5302	15.3861	978	17	5	474	7	68	343	4	0.087915	45967.9	0.000188324	
2316	193	743	19.5018	15.9166	931	16	9	474	3	72	324	4	0.128399	36780.1	0.000191828	
2472	132	754	22.4766	14.1578	1017	16	8	476	8	57	321	4	0.09525	47608.1	0.000176991	
2596	113	772	19.9375	10.8752	1002	13	4	460	15	60	312	4	0.09814	60663.8	0.000157704	
2413	123	750	16.6164	11.9758	998	15	8	480	17	50	337	5	0.106321	50139	0.000159693	
2611	301	746	19.1686	15.1346	1001	14	6	481	8	63	344	6	0.217244	32138.6	0.00016909	
2695	150	743	20.1435	12.2545	1030	12	5	480	4	75	339	5	0.120718	49244.2	0.000148743	
2613	154	770	18.8554	12.9973	1018	12	6	481	8	78	344	5	0.128415	44376.9	0.00015006	
2532	266	760	14.2539	13.3049	1040	15	9	464	20	70	346	5	0.220168	35277.2	0.000148943	
2577	168	767	17.6405	15.4486	983	10	7	488	9	61	347	5	0.139628	38585.8	0.000167757	
2526	188	773	15.9799	11.2997	994	10	5	465	15	70	322	6	0.159513	43962.2	0.000142126	
2496	230	767	14.8426	13.2003	980	12	5	468	9	75	324	5	0.191109	36985	0.000153257	
2581	402	769	16.8606	13.7834	990	15	8	474	9	62	348	5	0.303816	31899.6	0.000155087	
2622	100	744	24.4779	13.1901	999	14	9	473	11	70	344	5	0.0774	57858.4	0.000182116	
2626	161	752	20.8203	14.1634	1034	14	9	474	11	52	345	5	0.123747	42285.1	0.00016415	
2559	121	759	20.9299	14.3562	1050	11	10	486	17	71	338	4	0.096741	48116.1	0.000169405	
2677	355	770	15.5339	12.3277	1047	11	6	467	0	71	348	6	0.288628	34850.1	0.000138639	
2415	111	739	23.9806	15.5061	1050	15	6	466	19	77	339	4	0.076051	50925.7	0.000193349	
2502	446	760	15.7501	14.9848	1028	10	5	486	13	56	348	6	0.331135	30556.3	0.000163934	
2661	151	741	20.1946	11.2955	1018	13	6	465	18	80	326	4	0.119358	52731.6	0.000146778	
2656	443	745	14.7703	13.6518	1037	17	7	470	15	58	345	4	0.34755	31918.1	0.00015223	
2638	420	744	18.1549	15.9087	1007	17	7	474	11	51	337	5	0.305774	29756.6	0.000177336	
2572	265	770	14.0058	12.8626	1015	15	8	481	2	72	342	6	0.228339	35788.9	0.000144718	
2355	110	757	18.7029	14.5667	1035	14	7	474	14	72	340	4	0.088641	49896.2	0.000179921	
2472	130	748	22.4766	12.0842	1017	16	8	471	8	57	341	4	0.093351	55199.1	0.000164393	
2580	238	747	18.2066	14.9074	977	17	9	471	10	68	346	5	0.177741	34150.2	0.000168209	
2500	225	730	19.7935	14.6728	964	14	6	471	8	73	326	5	0.154545	35821.8	0.000174429	
2593	376	737	15.9443	16	952	15	8	478	10	60	326	5	0.280236	29976.4	0.000177715	
2651	160	738	18.4566	13.4257	948	16	7	485	19	60	330	4	0.129874	42653.4	0.000160308	
2572	157	731	22.7241	14.6622	973	14	8	468	5	54	345	5	0.11056	42371.1	0.000177968	
2546	157	735	21.4473	12.5226	973	15	7	468	5	74	341	4	0.112871	47569.1	0.000159821	
2451	131	742	18.37	13.1376	968	12	9	486	5	62	339	6	0.103945	47131.2	0.000164231	
2522	163	727	13.4357	10.1657	1019	11	8	480	5	79	337	6	0.153342	47750.4	0.000137099	
2517	129	736	21.4904	13.9413	949	10	9	481	18	73	336	5	0.09548	47067.8	0.000172741	
2615	148	731	17.4755	12.4354	972	14	5	481	5	78	339	6	0.123604	46073	0.000151768	
2502	414	750	15.7501	13.6576	1033	10	6	485	9	56	348	5	0.30398	32309.6	0.000154871	
2413	172	747	16.6164	12.2325	1004	14	8	482	17	50	339	5	0.134248	43654.5	0.000154202	
2602	286	754	16.7633	15.0531	988	11	7	483	20	53	344	6	0.219782	32337.4	0.000166141	
2348	161	740	19.1686	15.1346	1026	13	9	481	8	59	350	6	0.112765	41471.8	0.000178253	
2471	117	736	20.4184	15.2281	952	11	10	474	18	53	335	4	0.089545	46305.8	0.000185048	
2686	112	743	20.4028	12.2083	1030	12	6	483	4	75	338	6	0.096415	54791	0.000162602	
2439	201	773	14.473	11.0413	954	16	8	481	0	55	345	5	0.172094	43038.3	0.000140193	
2700	120	730	18.9106	11.4465	1043	17	10	475	3	49	327	6	0.104776	55708.1	0.000157754	
2639	272	734	14.5455	13.3838	966	13	8	488	6	50	346	6	0.222707	35123.1	0.000154679	
2570	255	775	16.552	11.2719	1003	17	4	473	4	71	344	6	0.203421	41578.3	0.00013795	
2604	161	758	16.3585	10.7711	984	15	9	468	7	56	331	5	0.141723	48756.8	0.000139997	
2661	134	741	20.4512	11.2955	1015	13	6	465	18	78	326	4	0.108387	55198.5	0.000150376	
2613	186	770	15.4682	12.628	1022	12	6	481	16	78	344	5	0.166271	40462.3	0.000142816	
2491	151	727	19.8884	10.1971	1039	17	7	479	18	57	335	4	0.110094	60821.9	0.000148765	
2459	187	737	14.5873	10.2422	1026	15	8	462	12	59	333	6	0.156391	47463.2	0.00013887	
2566	165	731	17.4755	15.7585	972	15	5	473	5	60	335	6	0.131245	38501.2	0.000178126	
2649	147	735	19.3139	14.2651	937	13	6	475	3	72	305	6	0.118354	43128.8	0.000169147	
2415	111	771	23.9806	15.3752	1050	15	9	468	19	77	339	4	0.079345	50886.9	0.000188466	
2431	137	726	20.3073	10.9188	956	18	8	481	10	67	322	6	0.097641	56506	0.000160488	
2403	127	767	20.3621	15.1634	1030	15	10	468	17	77	315	4	0.096074	45896.5	0.000179083	
2465	186	745	17.1173	14.0863	946	17	7	462	9	67	324	4	0.142415	38467.6	0.000167813	
2353	110	757	18.7029	12.8947	994	14	7	474	14	45	340	4	0.088554	51731.1	0.000173943	
2528	103	770	22.4979	14.651	1018	13	5	471	13	77	305	5	0.082572	52308.3	0.000183925	
2609	177	749	11.8116	10.8395	1050	15	7	483	16	66	339	5	0.193802	45822.1	0.000133049	
2407	168	759	19.7964	12.9542	1009	16	9	462	19	79	322	6	0.120605	44360.6	0.000162866	
2520	112	734	21.5302	15.0231	978	16	5	471	9	73	341	4	0.085714	48436.8	0.000183993	
2577	182	728	21.4798	14.1281	966	15	6	473	7	68	323	6	0.128073	40625.9	0.000171792	
2611	301	752	19.1686	15.1346	1024	14	6	481	8	63	344	6	0.218991	32219.8	0.000167336	
2491	137	727	21.053	11.9492	956	18	8	474	10	61	327	6	0.09881	52439.1	0.000164339	
2567	277	774	12.6286	11.547	992	13	7	488	14	67	348	6	0.253818	37959.3	0.000135153	
2449	228	764	15.8459	15.1747	1040	13	5	481	14	72	329	4	0.178347	35289	0.00016714	
2415	111	771	23.9806	15.3752	1041	15	9	468	19	59	337	4	0.079345	50560.6	0.000189717	
2528	168	732	18.0805	15.0392	983	11	4	484	9	51	339	5	0.128884	39330.6	0.000173551	
2699	226	765	16.9218	13.5228	972	12	4	469	5	55	342	5	0.188753	37274.4	0.000153022	
2405	193	743	19.5018	15.9166	931	16	9	465	2	67	321	4	0.133546	36104.1	0.000188359	
2359	173	757	18.4084	14.4602	1005	15	6	486	20	40	343	5	0.125652	39972.5	0.000176274	
2614	233	774	18.5156	15.0778	961	12	9	490	10	77	334	5	0.181934	34216.9	0.000165426	
2518	194	767	16.9191	12.6853	972	11	8	481	8	73	350	6	0.156138	39984.6	0.000148832	
2316	193	729	19.6246	15.6578	931	11	9	474	7	72	324	4	0.125434	37106	0.000191351	
2506	267	749	15.8241	12.7123	904	13	5	466	14	64	337	5	0.203838	36361.1	0.000154727	
2660	327	766	17.3667	12.3907	972	11	8	486	13	73	338	6	0.253556	35578.7	0.000144781	
2513	262	730	18.1166	14.6728	955	11	6	470	6	58	326	5	0.184671	33852.7	0.000172801	
2516	100	745	24.4779	12.4863	950	14	9	484	11	70	337	5	0.073714	60007.6	0.000183587	
2341	241	745	18.9582	15.9166	927	15	8	460	3	74	332	6	0.15985	33751.3	0.000189358	
2353	148	733	19.8272	10.5189	993	11	8	472	6	73	341	6	0.102645	57807.6	0.000154297	
2359	173	736	18.4084	15.5777	1030	15	6	486	20	40	343	5	0.122166	38499.1	0.000186532	
2568	289	764	17.3714	10.8522	1003	13	8	490	8	77	348	4	0.218705	40715.6	0.000136593	
2504	225	730	19.7935	14.6728	976	14	10	471	8	73	347	5	0.154795	35616	0.000172563	
2694	377	768	15.5697	14.2622	970	11	7	475	12	78	339	6	0.305918	31506.8	0.000155135	
2529	150	730	16.9845	12.811	917	14	7	486	12	59	340	6	0.122484	44515.2	0.000158983	
2431	137	725	21.3892	12.4261	1020	18	8	474	11	74	312	6	0.094788	52111.2	0.000169319	
2380	166	756	18.5127	13.3048	972	16	8	480	2	69	322	6	0.122026	42870.8	0.000165782	
2386	148	742	22.5735	15.4081	986	18	4	483	11	79	341	4	0.098309	43878.2	0.000186951	
2580	415	743	16.3264	14.9111	1019	15	8	464	10	77	333	5	0.306064	30338.8	0.000165153	
2316	193	726	19.6246	15.5036	971	12	9	474	7	72	324	4	0.124918	37668.1	0.000188679	
2469	152	736	15.2502	11.7225	1037	10	8	465	17	47	325	6	0.131487	46698.4	0.000149948	
2607	167	751	19.4118	14.2835	946	12	9	478	2	65	310	6	0.130551	40543.2	0.000167983	
2595	103	770	22.4979	14.2631	1018	11	8	475	13	77	311	5	0.085184	52386.5	0.000179695	
2502	271	757	15.7501	14.3721	1050	10	5	483	8	56	347	6	0.208947	34236	0.000158907	
2554	157	729	22.0967	14.9311	973	13	7	482	11	80	345	4	0.110585	41618	0.00017618	
2465	122	745	17.1173	14.0863	946	17	7	462	9	67	324	4	0.104797	46113.2	0.000172117	
2478	147	740	18.4566	13.5112	938	11	7	487	9	60	336	5	0.113597	43922.5	0.000164935	
2379	147	730	20.8539	15.3861	978	17	5	482	7	68	347	4	0.100223	42659.6	0.000185117	
2493	236	736	17.6523	15.4382	994	11	6	462	10	57	348	6	0.170391	33958	0.00017507	
2554	157	731	21.4473	11.901	973	15	7	468	5	74	345	4	0.112641	50111.2	0.000155933	
2608	374	745	14.2653	13.4234	1040	16	9	472	9	74	329	6	0.2968	32600.7	0.000151286	
2699	226	765	16.9218	13.3388	972	14	5	469	3	58	331	5	0.188753	37643.7	0.000152801	
2592	181	736	19.8224	12.5296	946	18	9	466	0	68	343	4	0.134467	43484.7	0.000156397	
2615	301	752	19.1686	14.7929	1024	14	9	481	8	63	344	6	0.219312	32526.7	0.00016469	
2523	240	734	16.1647	13.5272	1043	15	9	471	1	45	349	5	0.182196	36371.7	0.000158579	
2661	134	735	20.4512	11.9566	1020	13	6	460	18	78	326	4	0.10751	52555.2	0.000153965	
2412	273	750	15.63	12.8822	951	17	6	481	12	71	350	5	0.201726	35959	0.000155063	
2372	236	736	19.5363	15.4382	1024	11	7	462	9	54	350	6	0.155336	35225.5	0.000180995	
2496	230	768	17.1471	12.8845	972	12	5	468	9	75	324	5	0.176617	37809.3	0.000154036	
2619	162	725	12.0174	10.247	1031	11	9	468	17	68	342	4	0.175829	47763.7	0.000132784	
2559	124	725	19.8884	12.9266	1048	13	7	481	19	55	340	5	0.097489	50491	0.000164663	
2660	327	767	17.3667	12.3907	973	11	6	486	16	73	338	6	0.253887	35746.2	0.000144655	
2510	306	725	23.0455	15.865	937	17	9	486	5	63	332	4	0.194621	32380.1	0.000191424	
2387	106	774	20.0435	14.6597	900	11	6	485	19	80	317	5	0.085339	49842.2	0.000186081	
2484	215	762	14.473	11.1928	954	14	8	481	0	55	349	5	0.181708	41560	0.000139743	
2610	227	731	18.1276	16	925	16	8	479	10	67	328	4	0.169617	33537.6	0.000180603	
2560	230	730	19.146	14.6728	978	12	6	472	9	58	342	5	0.163787	35353.2	0.000170678	
2510	220	727	21.7425	15.6301	967	14	9	490	5	77	333	4	0.146203	35149.3	0.00018315	
2539	219	733	16.2692	14.9061	1047	17	6	470	5	53	349	5	0.169369	35478.1	0.000167532	
2470	139	740	21.5848	13.2218	1015	15	9	462	4	57	337	6	0.099067	48671.3	0.000168492	
2610	134	741	16.6164	11.9602	1028	14	8	477	20	47	338	5	0.121189	48464.9	0.000151423	
2407	168	759	16.9237	12.9542	1021	15	9	462	19	79	326	6	0.131965	42701.7	0.000157159	
2524	189	745	21.8783	15.9166	927	16	8	465	6	74	324	4	0.131214	36850.9	0.000186881	
2669	263	760	15.5697	14.9884	967	13	6	484	12	78	339	6	0.218996	33247.6	0.000161603	
2316	238	748	19.7412	15.76	912	15	8	460	4	74	324	6	0.154153	34329.3	0.000191681	
2320	120	728	18.9106	11.4465	1026	17	10	475	4	47	331	6	0.088024	56345.5	0.000168549	
2439	215	773	14.473	11.1928	954	14	8	462	2	55	349	5	0.181023	41568.2	0.000140056	
2520	140	734	21.5302	15.3861	978	16	5	471	7	68	341	4	0.101643	42929.5	0.000180897	
2561	226	756	18.351	15.1533	986	13	8	469	8	61	332	5	0.170229	34571.6	0.000170532	
2529	145	730	18.1552	12.811	917	14	7	486	12	60	340	6	0.114527	45378.4	0.000160927	
2695	130	743	19.797	12.2083	1030	16	7	482	4	71	338	5	0.10957	51063.9	0.00015321	
2316	241	748	19.7412	15.76	912	15	8	460	4	74	324	6	0.155915	34206.8	0.000191681	
2622	120	745	23.3223	12.4863	944	15	8	486	10	70	337	5	0.091073	55097.9	0.000166945	
2466	122	740	22.275	13.8413	992	12	7	487	14	59	329	5	0.087607	50431	0.000177211	
2679	219	775	18.3167	13.9365	1042	12	8	465	7	80	309	5	0.177824	36842.4	0.000155666	
2420	106	746	21.6506	14.5143	905	11	6	487	19	80	318	5	0.079223	50896.3	0.000189717	
2691	217	750	19.4312	13.6951	1030	11	5	482	1	72	331	6	0.167089	38326.5	0.000155497	
2357	160	734	21.5302	15.0386	975	17	5	473	7	68	347	4	0.10524	41962.8	0.000185254	
2466	127	734	21.5302	15.3861	978	16	5	471	7	68	341	4	0.091913	45237	0.000184128	
2614	260	774	18.0555	15.0778	961	15	7	490	10	77	334	5	0.202109	33223.4	0.000165071	
2418	161	758	15.1609	10.7711	984	15	9	468	7	56	330	6	0.138404	47833	0.000143926	
2675	297	769	16.1245	15.1962	1014	15	7	479	17	66	350	4	0.241995	31736.3	0.000160514	
2346	153	757	18.7029	13.1858	1019	14	7	476	9	41	332	4	0.112347	44867	0.000168407	
2669	154	752	20.3641	14.1634	1034	14	9	470	11	52	331	5	0.122785	42964.1	0.000164285	
2502	244	757	15.7501	14.3721	1033	11	5	486	9	80	348	6	0.191378	35019.3	0.000158403	
2415	111	771	23.9806	15.1634	1041	15	10	468	19	77	338	4	0.079345	51085.5	0.000187688	
2493	140	736	20.4184	15.2281	952	11	10	474	10	53	330	4	0.10353	42541.2	0.000181291	
2479	122	728	20.0556	11.9544	900	10	5	464	8	59	305	5	0.092777	53110.1	0.000168634	
2612	164	735	19.3139	14.6502	937	13	6	474	2	67	304	6	0.126809	40182.9	0.00017328	
2620	407	747	14.5835	12.8176	1017	12	8	474	12	60	350	5	0.319982	33045.4	0.000145539	
2383	133	757	18.1362	14.2212	969	12	9	480	0	49	330	6	0.105021	44724.6	0.00017334	
2462	186	747	18.4442	15.1494	938	17	9	472	10	50	346	5	0.136865	37186.4	0.000179598	
2521	252	755	17.1471	13.0935	972	13	5	477	18	75	324	5	0.189463	36396.6	0.000155836	
2454	150	757	17.0129	14.3374	1035	14	7	473	14	77	340	4	0.122988	42580.3	0.000162707	
2618	217	731	18.8783	14.9734	1026	15	10	488	2	66	324	4	0.160812	35410.3	0.000169463	
2436	269	739	13.6837	10.4343	1035	16	6	469	9	74	341	6	0.213603	41730	0.000137268	
2528	168	725	17.1412	15.4486	983	10	4	482	9	55	339	5	0.131591	38764	0.000175223	
2344	100	738	19.8876	13.48	1032	15	7	470	1	68	308	5	0.076977	54707.7	0.000187935	
2401	273	750	15.63	12.8822	951	17	6	481	10	69	350	5	0.200846	36002.5	0.000155545	
2593	295	728	17.3329	15.8283	917	16	8	478	10	63	317	4	0.214887	31437.3	0.000181324	
2668	418	754	15.205	11.5457	1007	13	4	478	13	69	347	5	0.330763	36073.3	0.000136537	
2433	106	769	19.8334	13.1653	905	11	5	485	12	75	326	5	0.087268	52323.3	0.000176429	
2605	307	745	14.6288	12.8176	1011	11	4	483	14	57	346	5	0.246367	35078	0.000146929	
2383	176	757	16.885	15.3363	969	12	9	473	0	51	335	6	0.134938	38277	0.000177936	
2375	286	754	18.9219	15.7655	982	16	7	488	11	47	309	4	0.191798	32975	0.000191755	
2415	111	771	23.9806	15.3752	1041	15	10	468	19	77	338	4	0.079345	50645.5	0.000188786	
2564	117	763	18.7019	13.5968	937	16	8	470	1	74	339	4	0.102709	48023.9	0.000166945	
2300	147	755	18.4566	12.8342	929	11	7	487	5	60	336	5	0.106845	46453	0.000166834	
2539	219	737	18.011	15.4754	1050	17	4	470	6	57	338	5	0.161372	35267.4	0.000173974	
2443	204	764	20.0549	13.3752	1003	11	8	488	1	74	345	4	0.144495	40237.2	0.000160077	
2559	124	725	19.8884	10.8252	939	13	7	481	19	55	331	5	0.097489	57941.9	0.000157878	
2389	272	736	18.1807	15.7482	1018	11	6	462	0	62	327	6	0.182692	33129.7	0.000182017	
2494	297	732	16.3305	15.4944	1019	10	8	461	17	77	334	6	0.214347	31712.5	0.00017334	
2375	286	760	18.9219	15.7106	982	15	7	490	17	47	313	5	0.193325	33050.7	0.000189573	
2619	162	725	12.0174	10.247	1031	10	9	464	17	68	344	4	0.175829	47783.3	0.000132363	
2572	157	731	20.8244	14.6622	973	14	7	468	5	54	345	5	0.115261	41331	0.000174338	
2570	266	773	16.1662	11.2719	986	11	4	484	5	71	335	6	0.212934	39881.1	0.000138754	
2488	236	736	19.5363	15.4382	1024	11	8	464	10	55	350	6	0.162943	34450.6	0.000176367	
2588	460	746	12.3318	12.5025	997	12	7	468	5	48	350	5	0.382466	34643.4	0.000144404	
2329	106	769	19.122	13.0195	905	15	6	485	5	79	328	5	0.085056	52485.7	0.000178699	
2580	420	732	16.3264	14.9111	1019	17	8	460	17	77	334	5	0.305049	30339.9	0.000166694	
2613	198	770	14.3445	13.13	1029	15	6	481	3	80	344	4	0.182938	38858.2	0.000144697	
2537	273	750	15.4114	12.5619	988	17	6	481	10	63	347	4	0.213613	36375.2	0.000148104	
2525	112	746	20.1766	10.6887	935	12	10	467	16	52	339	5	0.090724	59960.1	0.000161996	
2431	137	727	16.4712	11.52	956	18	8	481	10	67	322	6	0.112274	49208.8	0.000157282	
2675	327	771	18.7933	15.9277	1014	11	7	479	17	61	350	4	0.249621	30323.9	0.000168464	
2443	204	764	17.6737	13.6567	1001	11	9	474	2	74	345	4	0.153413	38149.2	0.000158554	
2598	162	725	12.5228	11.0155	1043	10	9	462	17	68	347	6	0.167429	46175.3	0.000136203	
2495	100	763	22.6334	12.4863	950	15	9	484	14	70	339	5	0.078245	57826.1	0.000179469	
2420	141	775	18.1106	12.5538	942	15	7	475	13	40	341	4	0.114104	46653.4	0.000161031	
2542	327	742	16.2012	13.0117	1027	10	7	487	12	52	342	4	0.242467	34466.3	0.000152253	
2318	193	728	19.5018	15.9166	931	16	7	474	3	72	323	4	0.12592	36780.8	0.000193798	
2471	117	736	19.9923	14.3572	1007	10	9	474	18	53	335	4	0.090642	48091.4	0.000177588	
2580	186	747	18.3594	14.9074	984	14	9	471	10	50	346	5	0.144311	37409.5	0.000170387	
2656	289	769	14.7703	13.6518	1037	17	8	480	17	71	341	4	0.244766	33739.9	0.000148434	
2472	132	755	22.4766	12.0842	1017	16	8	473	8	60	321	4	0.095376	54862.6	0.000165098	
2407	168	759	16.9237	12.9542	1009	16	9	462	19	79	326	6	0.131965	42568.9	0.000157654	
2613	154	770	14.3445	12.9973	1018	12	6	480	8	78	344	5	0.153974	43277.6	0.000145391	
2440	234	764	17.3011	12.7888	920	17	8	485	13	79	349	5	0.173695	37571.3	0.000155642	
2415	111	766	21.54	14.7367	1041	15	10	468	19	69	338	4	0.084539	50055.5	0.000181127	
2610	172	730	17.2935	15.2581	1050	17	4	476	20	60	344	6	0.138878	38630.8	0.00016909	
2582	252	763	19.1444	15.63	1035	14	4	489	20	68	325	4	0.187068	33481.1	0.000170969	
2526	120	745	23.3223	12.4863	944	15	8	486	12	68	337	5	0.08721	54670.2	0.000170532	
2481	252	736	18.2574	15.6049	989	16	10	482	8	69	323	5	0.17707	33171.5	0.000179083	
2691	217	755	18.5703	13.6951	984	12	5	482	1	72	320	6	0.172068	37866.5	0.000156642	
2357	127	734	21.5302	15.1243	978	17	5	473	12	68	347	4	0.087277	46505	0.000187126	
2575	265	736	14.5455	11.9245	966	13	6	473	7	80	346	6	0.213549	37502.1	0.000143349	
2623	179	735	23.0049	15.5124	954	18	5	488	11	80	347	4	0.126249	39371.5	0.000179501	
2415	111	771	23.9806	15.1634	1041	15	10	468	19	77	338	4	0.079345	51088.7	0.000187652	
2464	266	741	14.2539	13.5155	1031	18	6	464	14	72	346	4	0.209159	35425.5	0.000154655	
2507	239	774	21.171	15.3769	1011	15	8	473	8	70	336	6	0.168882	34729.5	0.000174064	
2434	111	727	20.992	11.5594	951	14	7	477	2	54	331	4	0.082052	58132.1	0.000172503	
2387	129	774	20.276	14.5517	900	11	8	485	19	80	317	5	0.097941	45724.7	0.000178827	
2344	103	755	19.8876	13.48	1036	15	7	468	1	69	319	5	0.080382	53963.4	0.000182482	
2418	138	736	19.9923	14.5777	952	10	9	474	18	53	337	4	0.100048	44006.3	0.000178158	
2604	149	758	16.3585	10.7711	984	15	9	468	7	56	331	5	0.134178	50015	0.000141323	
2465	260	752	17.1861	15.1038	936	17	7	460	2	67	344	4	0.189682	33193.9	0.000173581	
2300	160	738	18.4566	13.4257	948	12	7	487	19	60	334	4	0.111542	43846.8	0.000172384	
2389	147	740	16.4178	12.545	1031	11	6	484	4	71	327	5	0.117791	46733.1	0.000157555	
2618	217	731	20.0377	15.7048	1020	12	10	488	3	64	324	4	0.156542	34654.3	0.000176025	
2618	197	731	19.6381	15.7048	1020	14	10	488	3	64	324	4	0.145366	35882.5	0.000175994	
2624	219	775	18.3167	14.4074	1042	12	10	466	14	80	309	4	0.174139	35821.2	0.000160077	
2649	272	734	19.8443	15.8913	966	13	8	473	12	50	325	5	0.195025	32480.7	0.000181812	
2678	307	747	14.6288	13.016	1017	11	4	481	12	57	346	5	0.253498	34646.6	0.000146327	
2513	230	735	19.1644	14.6728	964	11	6	465	0	58	350	5	0.16187	35302.1	0.00017188	
2372	236	736	17.6523	15.4382	994	11	6	462	10	57	350	6	0.162177	34597.4	0.000179051	
2335	100	767	21.022	13.77	905	11	5	486	14	80	321	5	0.076395	53931	0.00018943	
2431	137	725	21.3892	11.9492	956	18	8	474	13	67	341	6	0.094788	52717.6	0.000165645	
2651	120	745	24.4779	12.4863	947	15	8	484	9	72	337	4	0.09039	56385.4	0.00016742	
2593	138	775	21.0807	10.3388	992	13	7	472	2	64	315	5	0.110785	60349.6	0.000147059	
2506	151	729	20.185	10.1644	1048	13	6	481	19	72	325	5	0.109991	61410	0.000148456	
2314	148	734	22.5735	15.4081	967	18	5	479	12	79	334	5	0.093965	44063.9	0.000194288	
2507	159	743	18.2265	12.6616	949	16	8	472	9	77	334	6	0.123743	44061.5	0.000156691	
2513	262	730	18.5566	14.6728	982	11	6	470	6	58	326	5	0.182864	34084.4	0.000172533	
2577	182	725	21.4798	14.1281	987	15	6	478	7	68	323	6	0.127546	40748.1	0.000171497	
2329	102	767	21.7726	13.77	905	11	5	487	14	80	322	5	0.075622	53944.8	0.000189394	
2364	238	736	19.5363	15.4382	1028	11	9	462	8	61	349	5	0.155986	35200.8	0.000180473	
2357	127	738	21.5302	15.1243	978	17	5	473	7	76	347	4	0.087752	46664.5	0.000186289	
2695	199	775	20.1435	12.2083	1050	16	9	482	4	75	339	5	0.158174	43531.7	0.00014341	
2629	436	743	16.451	13.4334	1040	16	9	472	9	74	329	6	0.325791	32002.2	0.000153116	
2590	161	744	17.5743	15.1346	1026	13	9	477	8	63	350	6	0.132464	39564.5	0.000166528	
2630	376	759	15.4153	15.1473	1022	17	8	489	14	64	321	4	0.296485	30744.3	0.000165125	
2577	122	728	19.3358	11.4937	973	15	6	483	8	70	332	5	0.099203	54135.1	0.000158378	
2607	167	751	20.208	14.3915	946	12	7	478	2	61	311	6	0.128134	40762.3	0.000170271	
2360	106	769	21.022	13.0195	904	11	5	485	15	79	329	5	0.080915	53917.3	0.00018018	
2402	148	738	22.5735	15.4081	967	16	4	486	11	78	344	4	0.098513	43491.8	0.000187021	
2607	186	765	20.1263	15.1041	984	17	6	471	10	57	344	5	0.142545	37764.2	0.00017094	
2666	110	743	21.7885	12.7417	1030	16	7	484	2	79	338	5	0.090233	54841.2	0.000168265	
2700	245	732	16.2693	11.9629	1022	13	10	488	2	66	344	5	0.196895	38581.8	0.000141503	
2695	141	743	20.4028	12.2083	1030	15	5	482	4	75	341	5	0.114535	50814.1	0.000150331	
2470	225	740	17.0753	13.0152	1017	14	9	462	4	57	337	6	0.165944	38281.5	0.000157159	
2528	168	732	18.3642	15.474	984	10	4	484	9	55	328	5	0.127742	38896.8	0.000177242	
2535	148	759	17.5293	10.3359	928	11	5	477	8	72	326	6	0.124132	53131.7	0.000143369	
2577	182	728	21.4798	14.1281	987	15	6	478	7	68	323	6	0.128073	40725.1	0.000171116	
2337	195	735	17.7878	14.6502	976	12	6	479	3	67	344	6	0.135366	38340.6	0.000174856	
2314	148	735	21.1991	15.4081	967	17	4	483	11	76	344	4	0.097323	43592.9	0.000189502	
2347	178	746	19.1686	15.1346	926	14	9	479	8	65	334	6	0.123251	38691.5	0.000183184	
2622	100	744	24.4779	13.1901	999	15	9	484	11	70	344	5	0.0774	57900.5	0.00018205	
2669	161	752	20.3641	14.1634	1025	14	9	470	11	50	345	5	0.12717	42013.8	0.000163159	
2570	217	731	15.6264	14.9734	1026	13	10	488	0	67	324	4	0.173257	35456.6	0.00016675	
2695	110	743	20.1435	12.2083	1030	16	7	482	4	75	338	5	0.096166	54759.1	0.000163854	
2346	121	740	18.7029	13.1858	1035	14	7	476	14	41	340	4	0.092226	49618.9	0.000172682	
2538	230	762	17.1471	13.0935	972	13	5	468	18	75	324	5	0.178173	37380.8	0.000154895	
2529	149	760	17.7013	12.612	932	10	7	473	9	61	331	6	0.124012	44890.7	0.000154751	
2577	205	768	17.6405	15.4486	1014	10	8	488	15	61	346	5	0.163486	35585.8	0.0001665	
2677	355	769	15.5339	12.4208	1025	11	6	467	2	75	348	6	0.288253	34692	0.000140135	
2489	163	729	20.0068	16	993	11	8	478	15	79	337	6	0.11662	38871.3	0.000183184	
2472	121	738	19.8876	13.0134	1050	15	7	470	1	65	308	4	0.093739	50942.5	0.000169492	
2621	274	763	19.1235	15.9342	984	14	6	488	10	68	349	5	0.20462	31819.2	0.000172028	
2527	182	740	21.5087	14.1666	1003	15	8	489	8	50	344	6	0.127508	40786	0.000172444	
2469	152	741	16.0098	12.1947	995	10	9	465	17	52	325	5	0.127348	45323.9	0.000153445	
2667	227	728	18.1276	15.8283	925	16	8	478	10	59	318	4	0.172617	33941.6	0.000180538	
2577	155	725	22.6696	14.0258	973	15	6	484	7	60	343	5	0.108723	44467.2	0.000172533	
2436	260	752	17.1861	15.1038	946	17	7	460	2	67	344	4	0.187511	33401.8	0.000174338	
2558	172	731	15.48	12.4143	913	15	7	490	4	77	333	5	0.145919	42346.6	0.0001523	
2565	224	742	14.7489	10.6041	943	12	6	481	4	68	345	6	0.186638	42776.6	0.000136575	
2567	277	751	12.6286	11.1592	996	12	7	488	14	61	348	6	0.246276	38749	0.000135044	
2522	151	770	23.2119	14.9956	1027	15	5	481	6	75	310	4	0.109111	43832.7	0.000176336	
2581	195	731	17.4755	15.1357	969	15	6	470	5	63	335	6	0.150287	36553.3	0.000172563	
2610	103	769	22.9619	14.1856	980	14	6	460	20	75	305	5	0.084439	53071.9	0.000181324	
2370	111	734	19.4111	14.5033	977	11	8	487	4	75	311	6	0.084498	49828.4	0.00018622	
2613	154	769	14.3445	12.9973	1015	12	9	480	8	74	344	5	0.153774	43147.8	0.000145666	
2686	218	763	16.9218	13.5228	981	16	5	469	3	60	331	5	0.181963	37774.6	0.000154392	
2636	204	752	15.927	10.8217	1013	14	7	465	16	63	332	4	0.172441	44513	0.000136968	
2603	210	773	16.1662	11.2997	994	10	4	465	4	69	322	6	0.177751	42818	0.000139978	
2521	259	762	17.5024	13.0935	972	13	5	469	18	75	324	5	0.193906	36280.7	0.00015586	
2402	194	769	16.5663	13.0425	911	14	9	490	8	73	350	6	0.150899	39430.3	0.000157505	
2532	266	764	14.2539	13.3049	1040	16	9	464	20	78	346	5	0.221327	35205.6	0.000148412	
2618	217	727	15.6264	14.9734	1017	15	10	488	3	66	324	4	0.175518	35308.3	0.000166778	
2559	234	732	17.1336	12.5609	1018	16	8	464	11	68	339	6	0.175066	38482.9	0.000151378	
2539	219	731	18.011	16	1047	17	4	470	5	53	346	5	0.160058	34650.9	0.000178923	
2527	100	765	20.9299	14.427	936	16	10	487	17	71	326	5	0.083745	51787.9	0.000185288	
2663	251	757	18.438	15.3251	1044	11	8	472	2	49	335	5	0.193273	33690.6	0.000168124	
2459	168	725	14.2539	13.3049	1031	10	9	463	17	72	346	5	0.144807	41785.2	0.000154703	
2316	193	743	19.5018	15.6172	950	16	9	473	3	72	324	4	0.128399	37226	0.000188573	
2571	117	756	20.7926	11.3734	915	18	6	473	15	65	335	6	0.095087	57854.8	0.000161186	
2559	195	732	16.576	12.1748	1018	16	7	470	0	80	315	6	0.153861	41276.8	0.000151469	
2593	376	727	17.3329	15.8283	917	15	8	478	10	63	321	5	0.268587	30000.7	0.000180865	
2618	178	731	18.8783	15.5641	1026	15	10	488	1	66	324	5	0.136708	37433.9	0.000173883	
2548	117	744	20.5651	14.3771	934	12	8	475	12	56	309	6	0.093189	47829.2	0.000179469	
2528	168	731	17.1412	10	973	10	4	484	11	55	339	5	0.13268	53924.4	0.00013986	
2611	263	756	15.083	12.607	947	17	8	470	1	61	347	6	0.217123	36584.2	0.00014806	
2494	420	732	16.3264	15.4944	1019	18	8	461	17	77	334	6	0.29603	29982.1	0.000173853	
2328	124	758	15.1609	10.7711	984	16	10	465	9	56	344	6	0.111776	52397.5	0.000152486	
2415	111	775	23.9806	15.3752	1041	15	10	468	19	77	338	4	0.079756	50621.5	0.000188253	
2646	161	763	20.3641	14.1634	1034	12	9	470	11	52	345	5	0.127835	41995.7	0.000161108	
2673	251	765	18.438	14.9834	1044	11	9	477	4	49	335	5	0.196039	34156.5	0.000164393	
2564	277	774	12.6286	11.547	992	12	7	488	18	80	348	6	0.25354	37612.8	0.000135281	
2508	167	751	22.1203	13.5054	946	12	9	483	5	70	310	5	0.117603	43635.1	0.000170416	
2613	154	770	14.3445	12.9973	1018	12	6	481	8	78	344	5	0.153974	43175.2	0.000145433	
2409	127	770	22.4979	15.2878	1018	13	5	467	13	80	336	5	0.091576	46986.5	0.000181884	
2503	182	730	19.2226	12.5226	955	14	9	470	7	76	330	4	0.130853	42639.1	0.000158504