2555	100	743	24.4382	10	1019	11	9	467	12	52	339	4	0.074909	78236.6	0.000173461	
2300	100	739	22.275	13.8413	988	12	6	487	14	59	331	5	0.069164	56763	0.000195848	
2660	500	775	10.0204	10	996	12	4	473	6	74	346	5	0.500199	41163.7	0.000123198	
2300	185	743	23.1164	15.5577	908	16	9	474	4	47	310	6	0.113585	38722	0.000208464	
2645	500	734	16.8466	15.6474	1033	10	7	482	8	78	334	5	0.368575	28734.9	0.000168577	
2550	112	749	24.2585	10.104	935	12	6	470	16	50	344	5	0.082236	73115.5	0.00016581	
2660	486	766	10.7845	10.0185	913	12	4	475	7	62	346	5	0.457082	41133.6	0.000126582	
2660	500	767	10.0204	10	1013	12	4	482	7	64	346	5	0.495036	41139.9	0.000123609	
2333	122	757	23.1164	15.4142	915	16	9	474	2	46	310	6	0.082363	46249.6	0.000203707	
2660	500	767	10.4869	10.2939	1050	12	9	473	7	64	346	5	0.478582	39242.1	0.000124347	
2539	500	767	10.0204	10.0185	996	12	4	473	7	68	348	5	0.476471	40896.4	0.000126024	
2638	500	769	14.9303	13.9007	1046	11	9	490	6	80	344	6	0.399518	30388	0.000149031	
2355	138	739	22.0658	10	1030	15	6	467	12	55	343	5	0.092128	70771.3	0.000159033	
2578	111	771	23.9806	10.0259	1050	15	9	468	17	77	339	4	0.085772	72867.4	0.000159719	
2656	423	766	10.4795	10.0185	958	11	4	472	7	62	342	5	0.414574	41384.9	0.000125691	
2605	476	766	10.7845	10.0185	913	12	4	472	7	62	350	4	0.441093	40898.5	0.000126839	
2660	476	766	10.7845	10.0185	913	12	4	473	7	62	346	5	0.448892	41223.4	0.00012655	
2660	423	766	10.0204	10.0185	976	11	4	474	7	62	342	5	0.430909	42240.8	0.000125156	
2696	483	746	12.3318	11.8573	997	15	10	490	5	75	348	5	0.414113	34371.7	0.000136073	
2660	423	766	10.0204	10.0185	988	11	5	473	7	62	339	5	0.430909	42089.1	0.000125392	
2540	101	743	21.0556	10.6308	1019	14	9	467	17	53	339	4	0.082407	65210.1	0.000170184	
2552	467	774	12.9637	10	1044	13	7	481	12	70	346	4	0.388068	38211.7	0.000126871	
2386	143	757	22.5218	15.8842	914	16	9	472	7	46	349	6	0.097468	41508.2	0.000198216	
2314	148	735	22.5735	15.4081	953	18	4	483	11	58	344	4	0.094093	43558.8	0.00019658	
2629	123	774	21.0807	10.1394	1002	14	4	468	-0	64	312	4	0.102981	66331	0.000149858	
2656	466	772	14.7703	13.6518	1037	17	8	482	17	64	341	4	0.378057	31390.6	0.000148898	
2626	162	726	12.0174	10.247	1031	10	8	461	17	70	344	4	0.176545	47866.3	0.0001321	
2350	100	734	21.5302	15.3861	978	16	5	471	7	64	336	6	0.072629	51652.3	0.00019972	
2677	355	769	14.6715	10.8866	1050	10	8	481	1	72	344	6	0.295987	37323.2	0.000129955	
2680	500	745	14.7703	14.423	1046	17	9	470	17	71	345	4	0.39378	30203.3	0.000155328	
2656	466	769	14.7703	13.6518	1037	17	7	487	17	61	348	4	0.376588	31448.2	0.000148743	
2553	500	734	16.8466	15.6474	1033	10	7	477	8	78	334	5	0.357559	28993	0.00017138	
2645	500	734	16.8466	15.3175	1033	11	7	482	8	76	334	5	0.368575	29083.2	0.000166196	
2349	143	757	23.1164	15.384	908	16	9	474	2	46	310	6	0.094633	42913.1	0.000202511	
2581	289	774	10.1761	10.354	992	13	7	488	14	67	348	6	0.31509	42720.8	0.000126904	
2660	309	766	10.0204	10.0185	976	11	4	474	2	68	342	5	0.341288	43947.5	0.000125094	
2552	256	774	12.6286	10.1914	1010	13	7	490	14	70	348	6	0.237767	41443.1	0.000128403	
2393	138	749	21.7807	10.0563	1030	14	5	474	10	56	344	5	0.095644	69466.4	0.000154943	
2337	113	744	25	15.4081	967	18	5	483	9	76	344	4	0.073002	51275.1	0.000201491	
2552	256	774	12.9637	10.1625	1024	13	7	481	14	70	348	6	0.233236	41588.5	0.000127943	
2627	146	761	22.9962	10	1050	14	5	478	5	60	350	5	0.110359	70239.4	0.000143493	
2349	143	757	22.5218	15.8842	914	16	9	474	2	46	343	6	0.095764	41685.4	0.000200481	
2656	443	745	14.7703	13.4156	1019	17	8	470	17	58	345	4	0.34755	32219.7	0.00015124	
2487	499	748	15.7501	14.9848	1028	10	5	486	13	56	348	6	0.362589	30326.9	0.000165728	
2677	355	769	14.6715	10.8866	1050	10	6	470	0	72	348	6	0.295987	37835.9	0.000129333	
2656	466	745	14.7703	13.6518	1037	17	8	472	16	68	345	4	0.364835	31343.8	0.000150852	
2645	500	733	16.8466	15.6474	1033	12	7	482	8	78	334	5	0.368073	28747.5	0.000168776	
2464	126	774	21.0807	10	1050	14	5	477	3	64	312	5	0.097414	68733	0.000153186	
2349	166	757	23.1164	15.5577	908	16	9	474	4	47	310	6	0.107545	40117.4	0.000203211	
2583	434	735	17.4385	16	958	13	8	478	10	60	334	5	0.31043	29151.3	0.000178317	
2393	138	741	21.549	10.0563	1030	14	7	468	10	55	336	5	0.09573	67648.7	0.000155885	
2550	100	749	24.7898	11.2802	935	14	6	464	15	53	349	5	0.074739	67107.5	0.000178891	
2581	447	769	16.8606	14.5691	1019	15	8	474	12	62	350	5	0.337104	30483.2	0.000159312	
2656	447	745	14.7703	16	1037	17	8	467	17	58	345	4	0.350541	29527.3	0.000169635	
2675	344	769	16.1245	15.9277	1014	11	7	479	17	56	350	4	0.275816	30191.1	0.000166306	
2393	140	741	22.1895	10.0563	1032	14	7	474	10	56	344	5	0.095174	69041.6	0.000156421	
2333	122	757	23.1164	15.0311	915	16	9	474	2	46	310	6	0.082363	46950.6	0.000201126	
2393	138	741	22.1895	10.0563	1001	14	6	468	9	55	343	5	0.094067	68117.2	0.000157629	
2300	148	735	23.1681	15.3239	967	18	4	483	11	79	311	4	0.09237	44931.1	0.000199005	
2562	109	743	22.877	10.8021	1026	15	10	471	16	52	339	4	0.083244	66591.3	0.000166722	
2559	140	757	19.8884	10	1050	14	6	481	16	56	346	5	0.111392	62732.7	0.000142552	
2590	420	732	16.3264	15.4944	1019	18	8	461	8	77	334	5	0.306097	29832.6	0.00017094	
2416	114	725	19.1767	10.1644	1044	16	8	481	3	54	331	5	0.088027	64559.8	0.000162048	
2629	436	739	14.085	13.4334	1040	16	9	472	9	72	329	6	0.343526	32036.3	0.000151446	
2432	138	774	21.0807	10.0831	947	15	5	478	4	64	344	4	0.102997	62276.1	0.000149948	
2355	138	741	22.1895	10.0563	1030	14	6	467	10	55	343	5	0.092376	70421.9	0.000159109	
2700	355	769	15.5061	11.4172	1047	11	6	477	0	72	348	6	0.291253	36733.1	0.000132521	
2696	468	746	13.1606	11.8573	1025	15	7	490	5	70	346	5	0.389868	34171.9	0.000136426	
2536	380	758	15.7501	14.3721	1034	11	7	486	8	76	348	6	0.28665	31330.4	0.000157233	
2464	126	774	21.0807	10.8434	1033	14	5	477	3	75	312	5	0.097414	61163.9	0.00015625	
2677	355	769	15.5061	11.4172	1047	12	6	479	0	72	348	6	0.288979	36654.5	0.000133067	
2621	484	763	19.1235	15.9342	984	12	6	466	10	68	349	5	0.355271	29236.5	0.000173655	
2550	112	749	24.7898	11.2802	935	14	6	470	16	52	339	5	0.081626	65020.1	0.000171703	
2502	344	766	16.499	14.9586	1050	11	7	486	10	71	348	6	0.256365	31556	0.000161917	
2689	356	762	16.807	12.5943	1024	11	5	468	6	73	336	4	0.279184	34960.5	0.000143864	
2431	137	752	21.3892	11.1646	956	18	5	475	10	71	328	6	0.098318	57307.9	0.000159591	
2656	396	745	14.7703	13.6518	1021	17	7	470	0	58	344	4	0.312869	32419.2	0.000152882	
2487	435	762	15.4005	12.7253	958	16	8	473	14	78	339	5	0.325058	33040.3	0.000150512	
2431	137	727	21.3892	11.1646	963	17	8	481	12	66	322	6	0.095049	56999.7	0.000163452	
2415	111	765	25	15.1634	1041	15	9	468	19	77	338	4	0.076977	51770.1	0.000190985	
2550	112	749	24.2585	10.6887	935	12	6	470	16	52	339	5	0.082236	68331.5	0.000168011	
2550	109	752	20.1766	10.6887	1015	12	9	470	16	52	339	5	0.090744	61512.2	0.000161681	
2629	463	740	15.3371	13.7555	1015	16	7	472	9	74	329	6	0.35275	31308	0.000155424	
2573	151	735	19.2458	10.1644	1048	14	6	483	17	55	337	4	0.11703	59516.1	0.000143123	
2689	356	737	16.807	12.5943	1024	11	9	474	6	69	330	4	0.270024	34521.2	0.000147037	
2534	138	774	21.0807	10.0831	947	10	5	478	4	64	317	4	0.10784	62151.7	0.000148258	
2666	110	745	21.7885	11.0055	1024	14	6	484	2	74	338	6	0.090476	62935.7	0.000161812	
2596	326	735	19.0008	15.6888	993	14	8	481	9	65	344	6	0.23004	30719.3	0.000174948	
2300	148	735	22.1364	15.7272	958	18	4	483	11	78	311	4	0.094529	43492.9	0.000199203	
2645	407	747	19.0834	16	1017	13	4	473	12	57	350	5	0.294143	29693.7	0.000174034	
2677	355	769	16.2221	13.3974	1047	11	6	467	0	75	346	6	0.283353	33074.6	0.0001468	
2633	448	733	18.6263	16	1027	17	4	478	6	58	346	5	0.318666	29390.8	0.000176025	
2538	277	767	14.158	11.9286	1041	15	9	484	1	79	336	4	0.231479	36743.9	0.00014039	
2349	143	745	20.9633	15.2443	900	16	8	478	0	46	328	6	0.098094	42132.7	0.000195389	
2329	106	769	21.022	13.0195	905	11	5	485	15	80	326	5	0.079652	54201.4	0.000181785	
2393	138	741	22.1895	10.0563	1030	12	7	468	6	55	343	5	0.094067	69300.8	0.000156568	
2496	108	736	21.8137	13.1638	952	10	9	474	17	55	335	4	0.081638	53327.6	0.000178955	
2568	289	764	17.3714	10.8522	1003	13	8	490	8	77	348	4	0.218705	40715.6	0.000136593	
2559	151	757	19.8884	10.1644	1048	14	6	481	19	66	335	5	0.118051	59785.1	0.000141924	
2393	138	741	17.4172	10.0563	1040	14	6	474	10	56	346	5	0.108767	58642.4	0.000146327	
2622	359	740	17.5745	13.4234	1041	15	9	486	8	80	338	6	0.262994	32859.5	0.000153069	
2611	123	774	21.0807	10.0135	1021	14	4	468	0	66	317	4	0.102181	67393.5	0.000148943	
2349	143	757	22.5218	15.1153	914	16	9	474	2	46	343	6	0.095764	42847.9	0.000194818	
2443	108	728	19.1676	10.5189	993	11	8	481	6	79	345	6	0.086234	60588.5	0.000165673	
2536	393	760	14.7447	14.3721	1033	11	7	483	8	80	348	6	0.30482	31291.3	0.000156128	
2673	277	756	18.438	14.9834	1019	10	9	477	4	49	335	5	0.211339	33178.4	0.000166003	
2622	100	745	25	12.4863	950	15	9	484	17	69	344	5	0.076304	61045.2	0.000181127	
2550	100	749	21.1883	10.6887	949	10	10	470	16	73	339	5	0.082308	63216.1	0.000171262	
2511	435	762	15.0985	12.7253	962	16	8	471	14	78	347	5	0.329857	32949.2	0.000148522	
2677	355	769	16.5415	11.4172	1047	12	6	479	0	72	348	6	0.28125	37453.3	0.000134138	
2496	435	762	15.0985	12.7253	958	16	8	471	14	78	339	5	0.328136	33016.8	0.000149903	
2629	436	739	15.2841	13.4334	1040	16	9	472	9	69	329	6	0.332379	31967.8	0.000152812	
2629	436	743	16.451	13.4334	1040	16	9	472	9	74	329	6	0.325791	32002.2	0.000153116	
2550	100	756	20.1766	10.6887	923	12	9	470	1	68	339	5	0.085954	61589.5	0.000169578	
2502	344	760	15.7501	14.3721	1033	10	5	490	8	80	348	6	0.258919	32177.3	0.000157928	
2593	379	737	15.9443	16	952	15	8	473	10	61	326	5	0.282326	29950.7	0.00017762	
2559	124	725	19.8884	10.1644	1048	13	7	481	19	55	331	5	0.097489	64040	0.000153257	
2559	127	725	19.8884	10.1644	1048	13	7	481	19	55	331	5	0.099205	63606.7	0.000152045	
2602	364	753	16.7441	14.1897	971	18	7	485	10	80	348	4	0.273984	31686.2	0.000158428	
2568	289	768	18.8847	14.6251	1003	13	8	490	5	77	331	4	0.213317	32827.6	0.00016292	
2694	377	760	15.5697	14.9884	967	11	7	484	12	78	332	6	0.302731	30652.7	0.000161394	
2579	348	771	18.9587	15.9277	1014	11	8	479	17	75	350	4	0.255213	30018.8	0.000170823	
2621	484	761	19.1235	15.8949	984	14	7	466	10	68	349	5	0.35434	29189.4	0.000173671	
2668	418	754	16.1583	11.5457	1014	14	5	478	13	68	347	5	0.32367	36510.2	0.000137476	
2599	176	749	13.6826	10.9482	959	15	8	481	19	47	345	5	0.168857	45667.8	0.000138217	
2567	277	745	12.6286	11.1592	992	12	7	488	14	67	348	6	0.244308	38594.7	0.000135575	
2437	108	728	20.0068	10.5189	993	11	8	471	6	79	345	6	0.083329	61920.2	0.000167001	
2654	297	769	16.1245	15.1962	1014	15	7	479	8	66	350	4	0.240193	31782.6	0.000161031	
2567	229	767	12.4391	11.5071	1017	15	9	484	7	71	342	4	0.220959	40093	0.000135777	
2608	374	745	14.2653	13.4234	1040	16	9	472	9	74	329	6	0.2968	32600.7	0.000151286	
2315	241	748	19.7412	15.76	946	17	8	460	4	74	324	6	0.155848	34423.5	0.000190549	
2552	342	774	14.9916	10.1625	1034	13	6	480	7	70	348	6	0.273189	40759.1	0.00012945	
2697	151	758	16.7907	10.1644	1041	14	6	480	18	60	331	5	0.138108	53741.9	0.000135446	
2521	229	769	14.8312	11.5071	1041	14	9	475	1	57	331	4	0.192828	40433.1	0.000140588	
2344	100	738	19.4357	13.48	1025	15	7	470	1	68	313	5	0.078005	54343.7	0.000187477	
2314	148	734	22.5735	15.4081	967	18	5	479	12	79	334	5	0.093965	44063.9	0.000194288	
2633	420	733	18.688	16	1027	17	4	478	11	58	346	5	0.298689	29617.6	0.000176118	
2593	434	737	19.6183	16	958	15	7	478	10	60	334	5	0.301976	29417.2	0.000180963	
2598	162	725	12.5228	11.0155	1043	10	9	462	17	68	347	6	0.167429	46175.3	0.000136203	
2572	265	770	14.3445	12.8626	1029	15	5	481	2	78	342	6	0.225109	35898.3	0.0001443	
2384	112	734	21.5302	15.0231	978	16	7	471	9	75	341	4	0.080321	48927.5	0.000189215	
2496	100	748	24.4779	12.4863	950	15	6	484	11	75	344	5	0.073292	60743.8	0.000183756	
2320	120	731	20.8105	11.4465	1014	13	9	475	14	47	331	6	0.083227	58909.7	0.000171615	
2448	152	775	13.7664	11.8928	950	10	7	464	8	78	349	4	0.148772	45026.2	0.000143637	
2416	114	725	19.1767	10.1932	1025	15	8	490	3	54	331	5	0.088027	63844.2	0.000162443	
2579	348	772	18.9587	15.9277	1014	11	7	479	17	71	350	4	0.255544	30157	0.000170736	
2550	109	743	22.877	10.8021	900	14	9	467	16	52	339	4	0.082783	64283.6	0.000169205	
2567	277	747	12.6286	11.059	993	12	7	488	14	67	348	6	0.244964	38794	0.000134825	
2672	301	750	19.1686	15.1346	985	14	6	481	9	63	344	6	0.223286	32095.1	0.000167757	
2656	425	744	14.6768	13.5119	1037	17	8	470	15	58	345	4	0.33515	32199.5	0.000151263	
2593	376	736	17.3329	16	952	15	8	478	10	60	326	4	0.271912	29765.8	0.000179211	
2550	109	743	22.877	10.8021	1019	14	9	467	16	52	339	4	0.082783	66518.4	0.000167029	
2349	143	757	20.9633	15.384	900	16	8	478	0	46	333	6	0.099674	42006.3	0.000194401	
2372	236	736	19.4872	15.4989	1024	11	8	462	9	54	350	6	0.155332	35101.2	0.000181357	
2559	131	735	19.8884	10.4838	1041	14	6	482	19	55	335	5	0.102899	60848.1	0.000150807	
2679	377	758	15.5697	15.0551	967	11	7	484	12	78	332	6	0.30041	30586.2	0.000162443	
2571	206	735	16.7395	14.0724	994	13	6	462	8	80	304	6	0.161473	37097.3	0.000164826	
2535	143	759	18.9938	10.3359	928	11	4	477	13	73	326	6	0.115264	56654.4	0.000146071	
2636	249	756	15.3207	12.607	969	17	8	470	1	59	347	5	0.207694	37254.1	0.000147232	
2450	103	761	22.682	12.459	1026	13	7	474	13	80	305	5	0.078033	59200.4	0.000179019	
2503	100	729	23.1422	14.488	956	14	6	470	7	76	341	5	0.073934	53213.6	0.000192641	
2621	455	748	17.3329	16	990	15	8	478	9	60	326	4	0.336151	29033.9	0.000175531	
2559	223	732	17.1057	12.5609	1018	16	8	464	11	68	341	6	0.168195	39040.3	0.000151126	
2627	138	761	21.0807	10.0831	947	14	5	478	5	64	350	5	0.110371	63340.5	0.000144009	
2596	148	729	18.0891	10.1897	1041	13	6	476	19	55	345	5	0.120028	56874.1	0.000140865	
2437	108	728	20.0068	10.5189	1050	11	8	471	6	76	345	6	0.083329	64221	0.000166306	
2622	100	745	23.0507	12.7263	1020	15	8	484	11	70	344	4	0.079908	58275.2	0.000178763	
2314	130	739	22.5735	15.4081	991	18	4	485	12	79	344	4	0.084956	47667.6	0.000192308	
2431	137	727	19.2251	11.1646	956	18	8	481	9	67	322	6	0.101021	53685	0.000159541	
2502	244	757	15.7501	14.3721	1033	11	5	486	9	80	348	6	0.191378	35019.3	0.000158403	
2675	327	772	18.7933	15.3558	1014	13	8	479	17	64	350	4	0.249945	30912	0.000164123	
2662	100	748	24.4779	12.4863	950	15	8	484	11	75	344	5	0.079252	60872.1	0.000178476	
2536	393	760	15.7501	14.3721	1033	11	7	486	8	80	348	6	0.296654	31115.7	0.00015706	
2627	138	760	21.0807	10.0831	947	14	5	478	5	64	340	5	0.110225	63579.1	0.00014476	
2593	407	747	14.6288	12.8176	1017	11	4	473	11	57	350	5	0.316355	33460.3	0.000146327	
2563	500	769	14.9303	13.9007	1046	11	10	490	6	49	344	6	0.389822	31227.2	0.000153775	
2609	134	744	19.8224	12.5296	976	16	9	465	3	49	343	4	0.108226	49072.2	0.000159337	
2393	138	741	21.179	10.0563	1028	14	6	471	10	56	343	5	0.096279	67271.1	0.000154273	
2603	210	773	16.0235	11.2088	994	10	4	482	4	69	324	6	0.178368	42796.6	0.000139256	
2677	355	769	14.6715	10.8866	1050	10	8	476	0	72	344	6	0.295987	37449.8	0.000129921	
2652	277	747	12.6286	11.1592	992	12	9	488	10	67	348	5	0.252565	38548	0.000133227	
2472	121	738	19.8876	13.48	1032	15	7	470	1	65	308	4	0.093739	49458.8	0.000172206	
2669	407	726	18.1549	16	1015	16	7	476	10	51	341	5	0.292319	29651.3	0.000177999	
2619	221	725	12.0174	10.3614	1031	10	9	464	17	68	327	4	0.213796	43126.7	0.000134174	
2622	100	745	24.4779	12.4863	950	15	9	484	11	70	344	5	0.077504	60323.5	0.000179986	
2455	188	731	15.7956	10.201	952	14	7	466	10	59	333	6	0.14763	48327.3	0.000142389	
2559	376	748	18.6667	15.9772	956	12	7	468	9	65	327	5	0.266341	29892.8	0.000179179	
2559	140	757	19.8884	10	952	11	6	481	16	56	334	5	0.111392	60381.9	0.000145096	
2550	109	744	22.1098	10.8021	1019	14	9	469	16	54	337	4	0.084632	64796.2	0.000165728	
2610	362	732	16.9194	14.5298	1016	17	8	461	10	77	334	6	0.264389	31495.7	0.000163961	
2353	100	736	21.1808	12.8511	964	11	9	474	14	53	335	4	0.073463	56276.6	0.000187126	
2700	299	732	15.6264	12.0669	1022	13	10	488	2	66	344	4	0.237	36094.6	0.000141303	
2337	195	735	17.7878	14.6502	976	12	6	479	3	67	344	6	0.135366	38340.6	0.000174856	
2587	255	773	16.552	11.2719	1003	17	4	476	4	71	344	6	0.204204	41562.8	0.000137703	
2593	434	737	15.9443	16	958	15	8	478	10	60	334	5	0.321254	29332.1	0.000176616	
2439	201	773	16.6854	10.9504	953	15	8	477	3	52	345	5	0.157852	44739.5	0.000143123	
2622	100	745	23.0507	12.4863	1020	15	8	484	11	70	344	4	0.079908	59116.1	0.000177904	
2604	149	758	16.3585	10.7711	984	15	9	468	7	56	331	5	0.134178	50015	0.000141323	
2529	145	730	18.1552	12.811	917	14	7	486	12	60	340	6	0.114527	45378.4	0.000160927	
2581	289	767	15.0477	10.7067	991	13	7	488	14	67	346	6	0.235663	39781.2	0.000133511	
2344	100	754	20.0873	13.7474	989	15	7	468	10	69	308	5	0.078116	53550.9	0.000188111	
2570	266	772	16.1662	12.9427	994	10	4	484	5	71	328	6	0.212659	36031.9	0.000149209	
2675	327	727	18.7933	15.3484	1011	11	7	479	17	61	350	4	0.235376	30990	0.000169319	
2679	242	765	16.9218	12.6159	970	13	5	469	3	58	339	5	0.198226	38277.3	0.000147297	
2574	228	770	12.6286	10.1914	1010	13	7	490	14	70	348	6	0.219178	42766.4	0.000128222	
2618	178	731	18.8783	15.5641	1026	15	10	488	1	66	324	5	0.136708	37433.9	0.000173883	
2611	148	763	16.7803	12.2648	947	14	8	466	1	61	347	6	0.132413	45423.9	0.000147995	
2619	162	725	12.0174	10.247	1031	10	9	464	17	68	344	4	0.175829	47783.3	0.000132363	
2650	448	734	16.3883	15.7575	1016	17	4	481	5	66	344	5	0.333557	29308.3	0.000170271	
2593	186	770	15.4682	12.842	1018	12	6	481	18	80	344	5	0.164971	40089.5	0.000144844	
2316	193	726	19.6246	15.5036	971	12	9	474	7	72	324	4	0.124918	37668.1	0.000188679	
2457	100	736	19.9923	11.8407	958	11	10	474	14	53	338	4	0.08063	57417.4	0.000177873	
2645	407	747	16.0729	14.4985	1017	10	4	478	12	57	350	5	0.310883	30944.4	0.000158529	
2588	182	749	13.6543	10.8344	1050	10	6	472	7	66	339	5	0.172597	44935.5	0.000133708	
2669	443	739	18.1549	15.9087	1000	14	7	474	3	53	337	5	0.323625	29336.7	0.0001755	
2619	162	725	12.0174	10.3614	1031	10	9	464	17	68	344	4	0.175829	47537	0.000132873	
2502	344	766	15.7501	14.3721	1050	11	7	486	8	71	348	6	0.260963	32170.5	0.000156789	
2389	218	736	19.5363	15.6666	1024	11	7	462	0	54	326	6	0.145867	35716.6	0.00018457	
2462	106	729	19.9133	14.2592	960	11	4	490	18	60	317	5	0.083887	50907.7	0.000185494	
2550	109	748	22.1098	10.7662	1015	14	9	467	16	54	337	4	0.085087	64813.8	0.00016518	
2621	239	750	17.6666	12.2622	1050	14	9	485	3	69	341	5	0.184449	39060.3	0.00014453	
2669	371	738	19.3616	15.9087	1011	16	7	480	11	80	338	5	0.266854	29964	0.000173461	
2502	344	744	15.7501	13.425	1018	10	5	486	8	71	348	6	0.253468	33389	0.000153586	
2696	134	741	14.6882	11.2955	1009	13	5	465	18	76	329	4	0.13798	49112.4	0.000144051	
2550	112	750	21.4077	10.6887	923	12	9	470	1	52	341	5	0.088796	61955.6	0.000162813	
2626	162	725	12.0174	10.247	1031	10	8	461	17	68	344	4	0.176302	47880.9	0.00013217	
2502	271	757	15.7501	14.3721	1050	10	5	483	8	56	347	6	0.208947	34236	0.000158907	
2550	112	751	20.1766	10.6887	923	12	10	470	1	52	339	5	0.092376	59722.5	0.000161005	
2588	182	749	13.6543	11.3222	1050	10	6	481	11	66	339	5	0.172597	43768.4	0.000136407	
2686	218	775	17.8552	13.5228	981	10	5	486	4	58	334	5	0.180255	37578.2	0.000152114	
2300	108	774	21.0807	10.0831	947	14	5	478	4	64	322	4	0.080079	68264.3	0.000168663	
2505	277	767	14.158	11.9286	1034	11	9	483	1	77	346	6	0.228628	36905.2	0.000139762	
2699	242	765	16.9218	13.5228	970	14	5	469	3	58	331	5	0.199684	36552.8	0.000154154	
2617	106	775	20.858	13.9365	1050	12	8	465	18	80	320	4	0.092707	51371.6	0.000172325	
2353	148	728	20.5277	10.5189	993	11	8	483	6	73	341	6	0.09981	59575	0.000156838	
2669	260	759	15.5697	14.9884	964	13	6	487	12	78	339	5	0.216643	33334.9	0.000161551	
2593	376	736	17.3329	16	990	15	8	478	10	60	326	4	0.271912	29768.7	0.000177809	
2370	147	734	19.4111	10.4476	1001	14	7	487	4	75	311	6	0.104122	57641.7	0.000158178	
2468	169	750	14.3491	10.5649	968	12	4	460	9	70	334	5	0.150419	47327.2	0.000139295	
2516	100	745	24.4779	12.4863	950	14	9	484	11	70	337	5	0.073714	60007.6	0.000183587	
2586	138	747	19.6803	11.0509	1036	15	7	469	0	53	329	6	0.110585	55924.9	0.00015006	
2503	173	729	19.0402	12.5283	979	15	9	466	6	75	344	6	0.126553	43473.7	0.000156863	
2315	148	733	21.1991	15.7855	933	16	4	480	11	79	349	4	0.097105	42500.6	0.000193836	
2489	112	743	20.4028	13.0237	1032	12	7	483	6	76	333	6	0.088317	52951.3	0.000171233	
2677	289	769	14.6715	10.8866	1050	10	8	473	0	72	344	6	0.247975	39001.5	0.000129938	
2502	344	766	15.7501	14.3721	1050	15	7	486	9	71	342	4	0.260963	32085.3	0.000157629	
2672	151	729	18.0891	10.1644	1013	14	9	482	19	55	347	5	0.125648	55456.2	0.000138985	
2604	466	745	15.3561	13.6518	1037	18	8	472	16	68	349	4	0.353695	31372.6	0.000152346	
2603	210	773	16.1662	11.6644	994	10	4	465	16	69	324	6	0.177751	41658.2	0.000141723	
2645	324	750	14.6835	14.3918	1017	12	4	473	12	57	350	5	0.263519	32453.5	0.000156568	
2409	127	770	22.4979	15.2878	1018	13	5	467	13	80	336	5	0.091576	46986.5	0.000181884	
2689	440	765	16.807	12.5943	1026	10	6	470	2	71	344	4	0.343055	33848.6	0.000142714	
2570	255	775	16.552	11.2719	1003	17	4	473	4	71	344	6	0.203421	41578.3	0.00013795	
2450	103	761	22.682	14.651	1026	13	7	471	13	78	305	5	0.078033	52753.5	0.000188182	
2370	111	734	19.4111	12.3326	1018	10	8	487	18	75	311	6	0.084498	55603.1	0.00017584	
2462	186	747	18.4442	15.1494	938	17	9	472	10	50	346	5	0.136865	37186.4	0.000179598	
2543	344	766	15.7501	14.3721	1050	11	7	486	8	71	348	6	0.264887	31899.3	0.000155618	
2483	117	751	19.8947	13.5968	934	17	8	470	3	62	339	5	0.093573	48548.9	0.000172861	
2522	163	728	20.3809	10.7151	1019	11	8	478	6	79	337	6	0.11698	54469.5	0.00014782	
2550	109	775	20.1766	10.7386	1015	12	10	469	16	70	315	5	0.093519	60167	0.000160102	
2572	327	758	17.3667	12.3907	972	11	6	489	16	69	338	6	0.243133	35683	0.000148082	
2517	129	736	21.4904	13.9413	949	10	9	481	18	73	336	5	0.09548	47067.8	0.000172741	
2541	201	759	11.8116	10.8395	1041	15	7	473	18	67	339	5	0.207126	43936.6	0.000133316	
2636	362	725	16.2764	14.5298	1016	17	8	464	10	77	334	5	0.268192	31405.3	0.000163106	
2503	100	729	23.1422	12.5226	960	13	9	464	11	79	345	5	0.073934	58084.5	0.00018423	
2516	152	775	13.7664	11.8928	949	10	7	464	8	78	346	4	0.153067	44968	0.000142268	
2581	402	769	16.8606	14.5691	990	15	8	474	12	62	350	5	0.303816	30852.9	0.000160668	
2565	277	767	14.158	11.9286	1037	15	9	484	1	70	343	4	0.233811	36797	0.000138696	
2349	143	757	20.1276	15.0311	914	16	9	474	6	46	324	6	0.101883	42236.9	0.000189934	
2652	443	734	14.7703	13.6518	1038	14	8	470	15	63	343	4	0.341967	31622.9	0.00015223	
2607	213	751	19.4118	14.2835	946	12	10	478	2	65	310	6	0.159452	37010.3	0.00016787	
2669	161	752	20.3641	14.1634	1025	14	9	470	11	50	345	5	0.12717	42013.8	0.000163159	
2596	151	729	17.9637	10.1644	981	13	6	488	10	55	346	5	0.122391	55708.6	0.000141064	
2502	344	760	15.7501	14.3721	1050	11	5	486	8	80	348	6	0.258919	32270.1	0.000157282	
2451	205	737	19.3439	13.1376	979	12	9	472	6	76	339	6	0.142765	39709.2	0.000162338	
2420	154	732	18.0805	15.4036	955	11	4	484	10	41	339	5	0.115097	40304.2	0.00018474	
2536	393	767	15.7501	14.3721	1033	11	7	486	8	80	348	6	0.299386	31122.3	0.000156323	
2611	249	756	15.3207	12.607	950	17	8	470	1	59	347	5	0.205778	37140.7	0.000148324	
2669	373	760	15.5697	14.9884	967	13	6	484	12	78	339	6	0.297248	30732.8	0.000161551	
2615	165	731	17.4755	15.7585	944	14	5	483	5	60	339	6	0.133893	38375.4	0.000176929	
2300	115	755	18.4566	12.8342	929	11	7	487	5	57	336	5	0.089244	51077.6	0.000173974	
2574	170	775	18.3167	14.6553	1050	11	7	467	20	77	314	6	0.139118	39582.2	0.000162575	
2420	106	746	21.6506	13.3035	905	11	6	462	19	80	318	4	0.079223	53008.3	0.000183453	
2568	254	772	17.8315	10.8522	1003	13	9	490	5	77	335	4	0.195401	42286.5	0.000138485	
2429	129	737	21.4904	14.4937	949	11	9	481	18	73	336	5	0.091817	46343.7	0.000179727	
2645	407	747	16.0729	12.8176	1017	10	4	475	12	57	350	5	0.310883	33663	0.000146606	
2353	100	736	21.1808	12.8511	946	11	8	474	14	53	335	4	0.073463	55978.7	0.000187477	
2459	188	731	15.7956	13.5311	952	14	7	462	10	65	339	6	0.147876	38949.2	0.000162153	
2459	188	750	15.7956	12.4448	1017	15	7	472	12	53	333	6	0.15172	41516.3	0.000152625	
2529	121	768	20.9299	14.427	910	17	10	486	17	55	338	4	0.096577	46717.6	0.000176866	
2700	298	768	15.5697	12.883	970	11	7	480	8	78	339	6	0.248634	34838.1	0.000145117	
2675	327	772	19.8149	15.9277	1014	11	8	479	17	68	350	4	0.245753	30529	0.000169262	
2675	297	769	16.1245	15.9277	1014	11	7	479	17	64	350	4	0.241995	31175.1	0.000165618	
2489	269	739	13.6837	10.4343	1035	18	7	470	9	74	346	6	0.218004	41436.9	0.000135062	
2379	116	734	19.4111	12.3273	1018	10	8	487	18	75	317	6	0.087575	54454.4	0.000172058	
2665	307	755	15.8004	12.8176	991	11	4	483	17	57	346	4	0.246409	34968.5	0.000146199	
2389	272	736	18.1807	15.7482	1018	13	6	462	0	62	327	6	0.182692	33081.9	0.000182382	
2541	201	749	11.8116	10.8395	1042	15	7	481	15	66	339	5	0.204397	43938.3	0.000134427	
2502	446	760	15.7501	14.9848	1028	10	5	486	14	56	348	6	0.331135	30521.1	0.000163934	
2431	137	727	21.3892	11.1646	956	18	8	481	10	67	322	6	0.095049	56846.1	0.00016372	
2610	362	732	16.2764	15.0729	1016	17	8	461	10	76	334	5	0.268339	30829.6	0.000167252	
2387	106	774	20.0435	14.6597	900	11	6	485	19	80	317	5	0.085339	49842.2	0.000186081	
2489	112	738	22.7125	12.2755	1032	12	7	488	4	80	333	6	0.082136	58438.3	0.000171969	
2600	100	729	23.1422	12.5226	1002	14	9	470	7	76	338	5	0.077402	58808.5	0.000180799	
2522	151	770	22.9104	14.8279	1027	15	5	481	4	75	310	4	0.109726	43991.3	0.000174611	
2593	138	775	20.2617	10.3388	992	13	8	472	7	64	315	5	0.113241	58483.6	0.000145964	
2691	217	750	19.4312	13.6951	1030	11	5	482	1	72	331	6	0.167089	38326.5	0.000155497	
2372	236	736	17.6523	15.4382	986	11	6	462	10	59	350	6	0.162177	34546.2	0.000179308	
2652	277	747	12.6286	10.1404	992	12	9	488	10	67	348	5	0.252565	40841	0.000128025	
2596	151	729	17.9637	11.9995	981	13	6	488	12	55	348	5	0.122391	47178	0.000150308	
2668	418	754	15.4694	11.5457	1007	14	5	478	13	68	347	5	0.328634	36072.3	0.000136968	
2613	154	770	18.8554	12.458	1018	12	6	481	8	78	344	5	0.128415	45791.8	0.000146929	
2695	150	743	20.1435	12.2545	1030	12	5	480	4	75	339	5	0.120718	49244.2	0.000148743	
2554	157	731	21.4473	11.901	973	15	7	468	5	74	345	4	0.112641	50111.2	0.000155933	
2663	327	750	18.9587	16	997	11	9	479	17	68	350	4	0.241122	30249.9	0.000172444	
2513	370	769	14.9303	13.9007	1050	11	8	472	6	51	338	6	0.287376	32554.5	0.000155255	
2375	208	728	15.0024	10.2994	915	11	9	469	12	55	348	5	0.158654	44947.4	0.000143041	
2700	251	757	18.3532	15.083	1044	10	8	476	3	49	348	5	0.196588	33840	0.000163452	
2577	182	728	21.4798	14.1281	966	15	6	473	7	68	323	6	0.128073	40625.9	0.000171792	
2562	149	754	18.1165	11.19	922	10	7	487	7	61	337	6	0.123004	49561.8	0.000146735	
2649	157	735	19.3139	14.6502	942	13	6	479	3	70	305	6	0.124442	41008.4	0.000171468	
2372	255	772	17.9193	15.5771	994	10	6	462	10	57	342	6	0.180788	33771.3	0.000176647	
2376	111	771	23.9806	15.1634	1041	13	10	468	18	77	338	4	0.077807	51495.4	0.000189681	
2618	217	731	20.0377	15.7048	1020	12	10	488	3	64	324	4	0.156542	34654.3	0.000176025	
2357	160	734	21.5302	15.0386	975	17	5	473	7	68	347	4	0.10524	41962.8	0.000185254	
2418	161	758	15.1609	10.7711	984	15	9	468	7	56	330	6	0.138404	47833	0.000143926	
2526	233	735	19.1644	14.6728	964	11	6	465	0	58	350	6	0.164559	35163.2	0.000171644	
2521	165	769	14.8312	11.5071	1041	14	9	475	1	57	331	4	0.151551	45112.1	0.000141084	
2453	170	731	14.8395	10.201	952	14	7	462	10	59	333	6	0.142985	48742.2	0.000141563	
2668	418	754	13.9939	11.5457	1007	14	7	478	13	73	350	5	0.342129	35134.1	0.000135007	
2570	100	740	24.4779	12.5563	950	15	8	461	9	72	329	5	0.075137	60142.3	0.000183184	
2699	226	765	16.9218	13.5228	972	12	4	469	5	55	342	5	0.188753	37274.4	0.000153022	
2500	224	742	14.7489	11.965	943	13	6	481	4	68	343	6	0.181976	39179.9	0.000146563	
2645	407	747	14.6288	12.8176	1017	11	4	473	12	57	350	5	0.321981	33435	0.000145264	
2507	251	773	14.473	10.9504	953	15	8	481	0	55	346	5	0.209842	40525.6	0.000137344	
2360	106	769	21.022	13.7758	904	11	5	485	15	46	330	5	0.080915	51696.1	0.000185763	
2549	112	749	20.4239	11.2802	935	12	6	470	16	52	339	5	0.091518	57970.3	0.000163586	
2484	204	764	17.6737	12.8284	1002	11	9	474	2	74	344	4	0.156039	39401.6	0.00015163	
2355	110	757	18.7029	14.5667	1035	14	7	474	14	72	340	4	0.088641	49896.2	0.000179921	
2357	127	734	21.5302	15.3861	978	17	5	473	7	68	347	4	0.087277	46074	0.000188822	
2620	407	747	14.5835	12.8176	1017	12	8	474	12	60	350	5	0.319982	33045.4	0.000145539	
2575	151	729	18.9941	10.1644	971	13	6	488	10	55	346	5	0.117327	57521.3	0.000143431	
2487	295	762	15.4005	12.7253	974	16	8	473	14	78	339	5	0.227547	35055.2	0.000150213	
2562	149	754	18.9938	11.19	915	10	7	487	7	61	330	6	0.119473	50734.4	0.000149009	
2538	277	752	14.158	12.5201	1041	15	9	479	1	77	334	4	0.226952	35845.8	0.000145391	
2314	148	735	22.0563	15.4081	1014	18	4	483	11	58	344	4	0.095175	44310.8	0.000192493	
2300	175	739	21.2943	15.0223	955	11	7	487	19	59	328	5	0.111893	40928.9	0.000190295	
2567	277	774	12.6286	11.547	992	13	7	488	14	67	348	6	0.253818	37959.3	0.000135153	
2361	117	735	22.5735	14.6666	967	18	4	482	11	79	344	4	0.07951	50380.3	0.00018875	
2470	139	736	21.5848	13.2218	1015	15	9	462	4	57	337	6	0.098531	48708.8	0.000168976	
2510	220	727	18.9859	14.1446	930	16	9	490	3	77	333	4	0.154462	36323.8	0.000169808	
2466	159	730	21.5302	14.2399	978	16	9	471	7	68	341	4	0.109396	42433	0.000175039	
2653	265	742	14.5455	11.9245	966	13	6	488	7	50	346	6	0.221536	38149.6	0.000143246	
2433	106	769	19.8334	13.1653	905	11	5	485	12	75	326	5	0.087268	52323.3	0.000176429	
2341	241	744	21.8468	15.9166	927	15	8	460	3	74	340	6	0.150947	34467.1	0.000195008	
2563	224	742	12.823	11.4189	945	13	7	488	1	73	345	5	0.205276	40490.4	0.000139218	
2464	126	774	21.6135	10	1050	14	5	477	3	64	312	5	0.095656	70256.1	0.000154297	
2623	187	771	18.319	14.4074	1030	12	10	463	14	80	309	4	0.152172	37940.6	0.00016116	
2595	186	747	18.4442	15.1494	984	17	9	472	10	50	346	5	0.144572	37155.8	0.00017313	
2577	205	768	17.6405	15.4486	1014	10	8	488	15	61	346	5	0.163486	35585.8	0.0001665	
2596	141	772	21.0807	10.8752	1002	13	5	463	15	60	312	4	0.112358	58187.3	0.000149566	
2470	139	740	21.7017	13.0152	1015	15	9	462	4	57	337	6	0.099068	49385.2	0.000167504	
2610	172	730	17.2935	15.2581	1050	17	4	476	20	60	344	6	0.138878	38630.8	0.00016909	
2572	265	770	17.0753	12.748	1015	16	8	481	2	55	342	6	0.206437	36844.6	0.000149611	
2591	217	731	15.6264	14.9734	1019	14	9	486	2	66	325	4	0.174669	35379.6	0.000166639	
2403	127	767	20.3621	15.1634	1030	15	10	468	17	77	315	4	0.096074	45896.5	0.000179083	
2353	100	736	21.1808	12.8511	964	11	9	474	11	60	335	4	0.073463	56408.9	0.000186811	
2517	277	760	13.2962	12.1175	1041	15	9	484	1	80	336	4	0.236423	36673.6	0.000142025	
2546	119	743	16.451	12.6616	996	16	9	472	9	73	332	6	0.109934	48618.2	0.00016129	
2588	191	748	11.8116	10.8395	1034	15	7	481	11	66	339	5	0.201192	44671.9	0.000133529	
2613	100	770	21.2897	12.9205	1029	15	6	481	3	80	344	5	0.087098	55838.9	0.000173883	
2314	148	734	22.5735	15.4081	967	18	5	483	11	79	344	4	0.093965	44151.6	0.000193386	
2650	448	733	18.6263	15.7575	1016	17	4	479	6	66	345	5	0.320483	29497.7	0.000172921	
2596	113	772	19.9375	10.8752	1002	13	4	460	15	60	312	4	0.09814	60663.8	0.000157704	
2604	161	758	16.3585	10.7711	984	15	9	468	7	56	331	5	0.141723	48756.8	0.000139997	
2520	100	734	21.5302	15.0231	978	16	5	471	9	60	341	4	0.078979	51199.6	0.000191498	
2661	134	741	20.4512	11.2955	1015	13	6	465	18	78	326	4	0.108387	55198.5	0.000150376	
2619	162	725	12.0174	10.247	1031	11	9	468	17	68	342	4	0.175829	47763.7	0.000132784	
2559	195	732	16.576	12.1748	1018	16	7	470	0	80	315	6	0.153861	41276.8	0.000151469	
2465	186	745	17.1173	14.0863	946	17	7	462	9	67	324	4	0.142415	38467.6	0.000167813	
2520	120	734	21.5302	15.0218	962	17	5	484	15	60	339	4	0.090234	46807.4	0.000182648	
2376	123	775	21.0807	10.3388	992	13	7	472	2	64	315	5	0.091855	63902.1	0.000159236	
2629	261	765	16.451	14.1552	1050	14	8	472	8	78	339	5	0.210022	34058.7	0.000153917	
2629	436	743	17.5929	13.4334	1050	16	9	472	9	74	329	5	0.319506	32373.1	0.000153894	
2314	148	735	22.5735	15.4081	967	18	4	483	11	79	344	4	0.094093	44342.7	0.000193237	
2621	274	763	19.1235	15.9342	984	14	6	488	10	68	349	5	0.20462	31819.2	0.000172028	
2409	255	772	17.9193	15.5773	997	10	6	462	10	57	342	6	0.18355	33572.4	0.000175162	
2407	147	759	16.9237	12.9542	1021	15	9	484	19	79	321	6	0.119586	45492.6	0.000159949	
2677	355	770	15.5339	12.3277	1047	11	6	467	0	71	348	6	0.288628	34850.1	0.000138639	
2524	148	731	17.4755	12.4354	972	14	5	481	5	73	339	6	0.118983	45951.7	0.000154392	
2502	297	757	15.7501	14.3721	1033	11	5	486	8	80	348	6	0.226139	33173.4	0.000158378	
2316	241	745	19.5018	15.9166	927	15	8	460	3	74	324	6	0.156443	34055.8	0.000192012	
2471	109	729	23.1422	12.5226	960	12	9	464	7	76	324	5	0.077693	56225	0.000179533	
2668	418	754	15.4694	11.5457	1007	15	6	478	13	68	347	5	0.328634	35960.3	0.000137099	
2559	124	725	19.8884	12.9266	1048	13	7	481	19	55	340	5	0.097489	50491	0.000164663	
2526	188	773	15.9799	11.2997	994	10	5	465	15	70	322	6	0.159513	43962.2	0.000142126	
2607	167	751	19.4118	14.2835	946	12	9	478	2	65	310	6	0.130551	40543.2	0.000167983	
2600	100	729	23.1422	13.3046	1002	14	9	470	6	76	338	5	0.077402	56072.9	0.000183824	
2443	108	728	21.9401	13.1088	985	10	8	481	6	79	342	6	0.078727	54302.6	0.00018018	
2668	418	754	15.205	11.5457	1007	13	4	478	13	69	347	5	0.330763	36073.3	0.000136537	
2521	259	762	17.5024	13.0935	972	13	5	469	18	75	324	5	0.193906	36280.7	0.00015586	
2581	326	727	12.9273	11.9841	985	14	4	489	4	80	336	4	0.268849	35934.8	0.000143761	
2485	181	771	18.9691	10	1031	12	5	486	20	72	346	4	0.137749	55869.8	0.000137495	
2502	345	744	15.7501	13.425	1018	10	5	486	8	71	350	6	0.254141	33347.3	0.000153374	
2521	201	772	14.4797	11.5071	1041	14	9	475	4	65	331	4	0.177664	41753.8	0.00013947	
2352	273	750	15.63	12.8822	951	17	7	481	10	69	347	5	0.196928	36226.1	0.000157754	
2387	129	749	20.276	14.5517	900	11	8	485	19	62	344	5	0.094777	45545.3	0.000180343	
2570	269	773	16.1662	13.4102	994	10	4	483	5	71	328	6	0.214976	35134.4	0.000152114	
2471	117	736	20.4184	15.2281	962	11	10	474	18	58	347	4	0.089545	46431.3	0.000183284	
2413	172	747	16.6164	12.2325	1004	14	8	482	17	50	339	5	0.134248	43654.5	0.000154202	
2510	306	725	23.0455	15.865	937	17	9	486	5	63	332	4	0.194621	32380.1	0.000191424	
2485	100	758	21.2124	12.5321	1035	14	4	463	20	74	338	5	0.080778	58551.2	0.000177399	
2532	266	760	14.2539	13.3049	1040	15	9	464	20	70	346	5	0.220168	35277.2	0.000148943	
2528	103	770	22.4979	14.651	1017	14	5	470	13	74	309	5	0.082572	52236.3	0.000183857	
2583	172	730	21.8105	15.2581	1010	16	4	473	20	60	346	4	0.12158	40014.9	0.000177305	
2618	197	731	19.6381	15.7048	1020	14	10	488	3	64	324	4	0.145366	35882.5	0.000175994	
2567	277	747	12.6286	11.1592	992	12	7	488	14	67	348	6	0.244964	38598.7	0.000135391	
2629	159	743	15.9456	13.4334	1005	16	9	472	9	78	329	4	0.141439	41827.2	0.000153917	
2500	225	730	19.7935	14.6728	964	14	6	471	8	73	326	5	0.154545	35821.8	0.000174429	
2572	239	774	21.3531	15.7259	1011	14	8	475	5	70	339	6	0.172631	34023.9	0.000174216	
2656	424	745	14.7703	13.6518	1021	17	7	470	0	58	346	5	0.333426	32174.3	0.000152765	
2627	138	761	20.3143	10.1642	916	14	5	478	5	64	350	5	0.112194	61585.9	0.000144217	
2496	230	766	14.8426	13.2003	980	12	5	468	9	75	337	5	0.19086	36895.1	0.000151837	
2612	151	757	17.951	10.1644	1030	14	6	478	19	69	338	5	0.127931	54967.3	0.000137533	
2630	376	759	15.4153	15.1473	1022	17	8	489	14	64	321	4	0.296485	30744.3	0.000165125	
2464	125	747	20.2825	12.5993	1049	15	9	470	1	52	307	5	0.095695	52005.1	0.000168322	
2346	110	757	18.7029	10.9611	1035	14	6	481	14	41	340	4	0.08825	59913.5	0.000165071	
2529	149	760	18.9938	11.3734	915	10	7	473	15	61	335	6	0.118741	49709	0.000149903	
2519	351	758	14.7447	13.0483	1033	11	7	484	8	80	348	6	0.272586	33366.7	0.000147427	
2520	114	734	21.5302	15.3861	978	16	5	471	7	68	341	4	0.086842	47451.8	0.000185357	
2638	327	772	19.8149	15.9277	1014	11	8	479	17	68	350	4	0.242543	30510.7	0.000170242	
2315	148	734	21.1991	15.7855	933	16	4	483	11	79	350	4	0.097237	42592.3	0.000193611	
2539	219	733	16.2692	14.9061	1047	17	6	470	5	53	349	5	0.169369	35478.1	0.000167532	
2462	106	731	19.9133	14.2592	960	10	4	488	18	58	317	5	0.084117	50967.8	0.000185254	
2428	269	769	15.9749	13.0425	928	11	9	490	10	73	350	6	0.203714	35506.4	0.000154536	
2675	297	769	16.1245	15.1962	1014	15	7	479	17	66	350	4	0.241995	31736.3	0.000160514	
2329	106	769	21.5399	13.0195	905	12	5	485	15	80	327	5	0.078561	54543.8	0.000182548	
2564	277	774	12.6286	11.547	992	12	7	488	18	80	348	6	0.25354	37612.8	0.000135281	
2602	286	754	16.7633	15.0531	988	11	7	483	20	53	344	6	0.219782	32337.4	0.000166141	
2360	106	769	21.022	13.0195	904	11	5	485	15	79	329	5	0.080915	53917.3	0.00018018	
2503	100	729	23.1422	13.6687	960	14	6	464	7	76	345	5	0.073934	55099.7	0.000189036	
2550	112	742	20.1766	10.6887	1015	12	5	470	16	52	347	5	0.091269	62260.8	0.000160282	
2409	255	772	17.9193	15.5773	994	10	6	462	10	57	342	6	0.18355	33555.6	0.000175316	
2622	104	762	21.8828	12.4863	950	15	9	484	14	70	339	5	0.087149	56136.2	0.000171821	
2574	170	751	18.3167	14.6553	1050	11	8	467	19	77	314	6	0.13481	39527.8	0.000165262	
2634	122	740	18.603	12.6352	919	10	5	464	16	58	322	5	0.105665	49819.6	0.000162813	
2466	216	730	19.7764	14.2399	978	17	9	471	7	68	341	4	0.147065	36957.5	0.000171556	
2459	188	729	15.7956	10.201	952	14	7	462	10	59	333	5	0.147471	48183.4	0.000142491	
2529	150	730	16.9845	12.811	917	14	7	486	12	59	340	6	0.122484	44515.2	0.000158983	
2700	377	763	17.57	15.7702	975	14	7	479	10	79	332	6	0.291784	29899.9	0.000168634	
2341	245	744	21.8468	15.9166	927	14	8	460	3	74	332	5	0.153293	34309.1	0.000195198	
2615	301	746	17.4251	15.1346	981	14	6	486	8	63	344	6	0.225367	31762.9	0.00016728	
2520	140	739	21.5302	14.6952	978	16	5	471	7	67	341	4	0.102336	44186.7	0.000175439	
2596	151	729	18.0891	10.1644	1050	14	6	482	18	63	340	5	0.121815	56601.1	0.000140469	
2529	149	760	17.5745	11.3734	915	10	7	472	13	61	335	6	0.124596	48190.5	0.00014771	
2677	355	769	15.5339	12.3277	1047	11	6	467	0	75	348	6	0.288253	34822.1	0.000138677	
2569	178	762	17.1334	13.4996	939	11	6	490	9	51	331	6	0.146958	40246.7	0.000159464	
2700	296	745	14.6871	13.8807	1034	14	9	470	11	63	345	5	0.24708	33546.6	0.000151768	
2389	272	736	18.1807	15.7482	1018	11	6	462	0	62	327	6	0.182692	33129.7	0.000182017	
2629	176	743	16.451	13.4334	1005	16	8	468	7	78	329	6	0.149115	40213.5	0.00015456	
2618	257	731	18.8783	13.6848	1026	15	10	480	2	66	324	4	0.186139	35664.5	0.000160694	
2502	344	738	15.7501	13.425	1018	10	5	465	8	71	348	6	0.251424	33347	0.000154751	
2493	140	736	20.4184	15.2281	952	11	10	474	10	53	330	4	0.10353	42541.2	0.000181291	
2372	200	772	17.9193	13.6117	994	10	9	465	10	57	349	6	0.146822	39197.5	0.00016129	
2405	193	743	19.5018	15.9166	931	16	9	465	2	67	321	4	0.133546	36104.1	0.000188359	
2669	180	752	20.3641	14.1634	1045	14	9	470	11	50	345	5	0.139172	40379.6	0.000162285	
2515	127	734	21.5302	15.3861	978	16	4	471	7	68	341	4	0.093997	45187	0.000182249	
2559	234	732	17.1336	12.5609	1018	16	8	464	11	68	339	6	0.175066	38482.9	0.000151378	
2471	100	742	22.0659	13.1638	951	12	9	475	17	53	338	4	0.076325	55341.7	0.000185322	
2691	217	752	18.5703	13.2529	1014	12	5	482	1	69	320	6	0.171385	38775.1	0.000153421	
2618	154	770	14.7457	12.9973	1018	15	5	481	3	78	344	5	0.151249	43366.7	0.000145688	
2372	236	736	17.6523	15.8654	986	11	6	462	9	59	350	6	0.162177	34105.6	0.000182815	
2520	112	734	21.5302	15.0231	978	16	5	471	9	73	341	4	0.085714	48436.8	0.000183993	
2481	140	754	20.5701	12.0842	1017	16	10	472	14	53	326	4	0.104918	51130.6	0.000160359	
2316	193	743	19.5018	15.9166	931	16	9	474	3	72	324	4	0.128399	36780.1	0.000191828	
2528	168	732	18.0805	15.0392	983	11	4	484	9	51	339	5	0.128884	39330.6	0.000173551	
2621	239	752	17.6666	12.201	1026	13	8	483	3	80	341	6	0.18494	38869.7	0.000144383	
2656	396	753	14.7703	13.6518	1020	17	7	470	3	58	344	4	0.316229	32411.7	0.000152091	
2694	377	768	15.5697	14.2622	970	11	7	475	12	78	339	6	0.305918	31506.8	0.000155135	
2607	186	762	20.1263	15.1041	984	17	6	471	10	50	344	5	0.141986	37917.3	0.00017325	
2559	124	725	18.7801	12.9473	1050	13	6	481	19	55	340	5	0.100825	49653.6	0.000163559	
2559	121	759	20.9299	14.3562	1050	11	10	486	17	71	338	4	0.096741	48116.1	0.000169405	
2440	234	764	17.3011	11.8882	936	17	8	485	13	79	349	5	0.173695	39740.3	0.000149142	
2689	356	765	16.807	12.5943	1024	11	6	470	2	71	341	4	0.280283	34742.5	0.000143102	
2465	260	752	17.1861	15.1038	936	17	7	460	2	67	344	4	0.189682	33193.9	0.000173581	
2624	219	775	18.3167	14.4074	1042	12	10	466	14	80	309	4	0.174139	35821.2	0.000160077	
2529	149	767	18.9938	13.0155	915	10	7	473	19	66	330	6	0.119834	44631.3	0.000158932	
2453	152	731	15.7956	10.201	952	14	7	461	10	59	333	6	0.126428	51453	0.000144238	
2316	193	729	19.6246	15.6578	931	11	9	474	7	72	324	4	0.125434	37106	0.000191351	
2439	215	773	14.473	10.9504	954	16	8	481	0	55	349	5	0.181023	42327.4	0.000139043	
2346	153	757	18.7029	13.1858	1019	14	7	476	9	41	332	4	0.112347	44867	0.000168407	
2357	236	736	17.6523	15.4382	986	11	6	462	10	59	350	6	0.161158	34645.7	0.000179888	
2642	240	763	18.9832	15.63	1030	14	4	490	20	63	325	4	0.183989	33902.4	0.000169924	
2344	100	738	19.8876	13.48	1032	15	7	470	1	68	308	5	0.076977	54707.7	0.000187935	
2596	151	729	18.4214	10.4452	964	14	6	482	19	55	345	5	0.120672	55013.6	0.000143823	
2431	137	725	21.3892	12.4261	1020	18	8	474	11	74	312	6	0.094788	52111.2	0.000169319	
2389	236	736	17.1973	15.6666	1024	11	7	462	-0	54	327	6	0.165626	34394.5	0.00018093	
2625	161	758	16.3585	10.7711	984	15	9	468	16	56	331	5	0.142924	48814.9	0.000139626	
2611	283	730	18.679	15.1346	1025	14	6	481	13	63	344	6	0.202753	32550.3	0.000169205	
2675	327	725	18.7933	14.8449	1011	11	7	479	17	61	350	4	0.234728	31692.8	0.000165728	
2522	289	772	16.4576	10.8522	1003	13	8	490	5	77	335	4	0.222385	39922.3	0.000138274	
2694	377	763	15.5697	11.4618	975	14	7	479	12	79	332	6	0.303926	36557.2	0.000137969	
2700	120	730	18.9106	11.4465	1043	17	10	475	3	49	327	6	0.104776	55708.1	0.000157754	
2656	289	769	14.7703	13.6518	1037	17	8	480	17	71	341	4	0.244766	33739.9	0.000148434	
2611	301	746	19.1686	15.1346	1001	14	6	481	8	63	344	6	0.217244	32138.6	0.00016909	
2691	368	771	15.5339	12.3277	1046	11	6	467	0	79	348	6	0.300056	34631.8	0.000138255	
2558	260	774	18.0555	14.9455	961	16	7	461	10	75	334	5	0.197873	33530.7	0.000167504	
2483	117	773	19.8947	13.5968	919	17	8	470	1	64	339	5	0.096314	48371.4	0.000170619	
2528	168	740	18.0805	15.0392	999	10	4	484	20	51	339	4	0.130292	39460.2	0.000171939	
2380	166	763	18.5127	14.0276	967	16	9	480	2	69	322	6	0.123156	41407.1	0.000169981	
2572	157	731	20.8244	14.6622	973	14	7	468	5	54	345	5	0.115261	41331	0.000174338	
2314	148	736	22.1321	15.4081	967	18	5	483	11	65	344	4	0.095303	43549.5	0.000193013	
2580	369	732	16.3264	14.9111	1016	17	8	485	10	78	334	5	0.269636	30700.4	0.000165782	
2663	251	757	18.438	15.3251	1044	11	8	472	2	49	335	5	0.193273	33690.6	0.000168124	
2451	131	742	18.37	13.1376	968	12	9	486	5	62	339	6	0.103945	47131.2	0.000164231	
2678	307	747	14.6288	12.8176	1017	11	4	481	12	57	346	5	0.253498	34957.6	0.00014497	
2526	120	745	23.3223	12.4863	944	15	8	486	12	68	337	5	0.08721	54670.2	0.000170532	
2546	157	735	21.4473	12.5226	973	15	7	468	5	74	341	4	0.112871	47569.1	0.000159821	
2472	130	748	22.4766	12.0842	1017	16	8	471	8	57	341	4	0.093351	55199.1	0.000164393	
2598	170	775	18.3167	14.3691	1050	11	7	469	19	77	314	6	0.140488	39947.6	0.000159872	
2528	168	731	17.1412	10	973	10	4	484	11	55	339	5	0.13268	53924.4	0.00013986	
2666	110	743	21.7885	12.6046	1030	14	6	484	2	75	338	5	0.090233	55521	0.000167701	
2436	269	739	13.6837	10.4343	1035	16	6	469	9	74	341	6	0.213603	41730	0.000137268	
2613	138	770	14.3445	12.9205	1029	15	6	481	2	80	344	5	0.143635	45307.4	0.000147601	
2629	436	743	16.451	13.4334	1040	16	7	475	9	74	329	6	0.325791	32062.8	0.000152999	
2493	446	760	15.7501	14.9848	1028	10	5	477	7	60	348	6	0.330098	30579.7	0.0001638	
2613	186	770	15.4682	12.628	1022	12	6	481	16	78	344	5	0.166271	40458.2	0.000142816	
2561	182	749	13.6543	11.3222	932	10	9	481	14	58	339	5	0.17078	43249.3	0.000140469	
2615	301	752	19.1686	14.7929	1024	14	9	481	8	63	344	6	0.219312	32526.7	0.00016469	
2564	117	763	18.7019	13.8305	937	16	10	470	4	46	341	4	0.102709	47420.3	0.000171028	
2615	151	734	18.4214	10.4452	964	14	9	479	19	55	345	5	0.122457	54069.8	0.000142816	
2466	159	730	20.4919	14.2399	978	16	9	471	7	68	341	5	0.112216	41886.2	0.00017301	
2570	266	773	16.1662	11.2719	986	11	4	484	5	71	335	6	0.212934	39881.1	0.000138754	
2337	152	735	19.3139	14.3707	976	15	6	479	1	67	336	6	0.105944	43365.9	0.000177085	
2386	148	742	22.9844	15.4081	986	18	4	483	11	79	341	4	0.097743	44053	0.000188041	
2552	193	774	12.9637	10.1625	1024	13	7	481	14	70	348	5	0.190503	45245.7	0.000128025	
2481	132	754	20.5701	12.0842	1017	16	8	471	8	57	321	4	0.10026	52549.2	0.000161499	
2622	255	775	14.4802	11.2719	1003	17	4	473	3	71	346	6	0.222483	40167.7	0.000134138	
2433	188	742	15.7956	10.9729	1038	14	7	462	12	59	330	6	0.148478	46181.7	0.000144446	
2571	165	735	18.2807	14.9302	944	14	5	483	4	60	338	6	0.129361	39364.4	0.000172414	
2607	224	737	12.823	11.3124	943	13	7	490	2	68	345	6	0.207291	40772.7	0.000138332	
2617	199	775	18.7169	13.9483	982	12	7	465	15	77	329	5	0.159194	38152.8	0.000158303	
2431	137	727	16.4712	11.52	956	18	8	481	10	67	322	6	0.112274	49208.8	0.000157282	
2677	309	740	16.2221	13.3974	1047	11	6	467	0	75	346	6	0.240609	34025.5	0.000149745	
2571	379	745	14.6324	13.7484	1000	13	9	470	11	63	342	5	0.293207	32224.7	0.000155015	
2559	100	754	20.9299	14.3562	967	11	10	486	17	70	338	4	0.083781	51869	0.00018406	
2420	141	775	18.1106	11.9637	942	15	7	475	13	40	341	4	0.114104	48402.2	0.000157356	
2700	245	732	16.2693	11.9629	1022	13	10	488	2	66	344	5	0.196895	38581.8	0.000141503	
2517	144	731	17.4755	12.2347	966	14	6	490	5	78	339	6	0.116298	46885.3	0.000154226	
2613	138	766	14.3445	12.9205	1011	16	6	481	2	80	344	5	0.142888	45306.3	0.000148588	
2459	187	737	14.5873	10.2422	1026	15	8	462	12	59	333	6	0.156391	47463.2	0.00013887	
2431	137	726	20.3073	10.9188	956	18	8	481	10	67	322	6	0.097641	56529.7	0.000160462	
2614	233	774	18.5156	15.0778	961	12	9	490	10	77	334	5	0.181934	34216.9	0.000165426	
2488	236	736	19.5363	15.4382	1024	11	8	464	10	55	350	6	0.162943	34450.6	0.000176367	
2464	266	741	14.2539	13.5155	1031	18	6	464	14	72	346	4	0.209159	35425.5	0.000154655	
2496	230	768	17.1471	12.8845	972	12	5	468	9	75	324	5	0.176617	37809.3	0.000154036	
2451	131	742	16.5738	12.7896	968	13	9	486	5	62	339	6	0.111602	46924	0.000160205	
2359	219	765	18.4084	15.5777	1030	15	6	486	20	40	342	5	0.154375	35419.5	0.000183016	
2431	128	731	20.3073	10.9188	963	18	9	481	10	67	322	6	0.093327	57590.7	0.000161943	
2630	407	727	18.1549	16	1014	16	7	476	11	51	343	5	0.288868	29606	0.000178699	
2613	154	769	14.3445	12.9973	1015	12	9	480	8	74	344	5	0.153774	43147.8	0.000145666	
2379	147	730	20.8539	15.3861	978	17	5	482	7	68	347	4	0.100223	42659.6	0.000185117	
2535	141	759	18.9938	12.8385	928	11	4	477	6	73	326	6	0.114058	46756.5	0.000158806	
2344	100	738	20.4362	13.48	1032	15	7	470	1	68	313	5	0.075416	55215.5	0.000188395	
2554	157	725	21.4473	12.5226	1013	16	7	468	4	74	345	4	0.111716	47987.1	0.000158856	
2573	151	735	17.2134	10.1644	1048	14	6	483	17	55	337	4	0.125672	55123.7	0.000140233	
2618	217	731	15.6264	14.9734	1026	15	10	488	2	66	324	4	0.176484	35351.9	0.000165975	
2405	128	731	20.3073	10.9188	963	18	9	481	10	67	322	6	0.092196	57696.3	0.000163052	
2482	166	757	23.1164	15.5577	954	16	9	474	3	44	312	6	0.114223	40225.4	0.000195313	
2615	144	731	17.4755	12.4354	972	14	5	481	5	78	339	6	0.121199	46537.2	0.000152416	
2677	335	769	14.6715	10.8866	1050	10	8	473	0	72	344	6	0.281253	37883.3	0.000129921	
2580	186	747	18.3594	14.9074	984	14	9	470	12	79	346	5	0.144311	37322.7	0.000167645	
2622	100	743	24.4779	12.4863	950	14	9	485	11	70	341	5	0.077296	60364.8	0.000180245	
2553	149	729	18.9938	11.3734	915	11	7	473	17	61	330	6	0.115071	50273.1	0.000153046	
2451	111	752	19.4111	12.3326	1034	10	8	476	18	75	311	6	0.090005	54562.7	0.000169635	
2449	228	764	15.8459	15.1747	1040	13	5	481	14	72	329	4	0.178347	35289	0.00016714	
2615	301	752	19.1686	15.4507	1024	14	9	481	15	63	342	6	0.219312	31613.8	0.000169693	
2660	327	767	17.3667	12.3907	973	11	6	486	16	73	338	6	0.253887	35746.2	0.000144655	
2361	148	735	22.5735	15.4081	967	18	4	483	11	79	344	4	0.09624	43821.1	0.000190078	
2569	366	743	15.0803	11.6517	997	12	9	485	7	72	335	6	0.279817	35438.6	0.000142633	
2650	450	733	18.6263	15.7575	1016	17	4	482	6	66	343	5	0.321929	29464	0.000172951	
2669	154	752	20.3641	14.1634	1034	14	9	470	11	52	331	5	0.122785	42964.1	0.000164285	
2328	124	758	15.1609	10.7711	984	16	10	465	9	56	344	6	0.111776	52397.5	0.000152486	
2415	111	775	23.9806	15.3752	1041	15	10	468	19	77	338	4	0.079756	50621.5	0.000188253	
2470	225	740	17.0753	13.0152	1017	14	9	462	4	57	337	6	0.165944	38281.5	0.000157159	
2617	175	775	19.5366	14.6553	1048	12	7	465	17	77	320	6	0.140426	39301.1	0.000162443	
2478	147	740	18.4566	13.5112	938	11	7	487	9	60	336	5	0.113597	43922.5	0.000164935	
2666	110	743	21.7885	11.0055	1030	14	6	484	2	75	338	5	0.090233	62839.2	0.000161865	
2402	194	769	16.5663	13.0425	911	14	9	490	8	73	350	6	0.150899	39430.3	0.000157505	
2582	252	763	18.9832	15.63	1035	15	8	490	20	63	325	4	0.18771	33242.2	0.000171969	
2516	151	772	20.9299	13.0596	959	17	10	490	17	71	347	4	0.114581	45600.6	0.00015921	
2595	103	770	22.4979	14.2631	1018	11	8	475	13	77	311	5	0.085184	52386.5	0.000179695	
2364	259	750	15.63	12.8822	947	16	6	475	8	69	350	5	0.189188	36592.3	0.000156789	
2361	148	736	22.5735	15.4081	984	10	4	483	11	57	348	6	0.096371	44204.3	0.000189502	
2523	240	734	16.1647	13.5272	1043	15	9	471	1	45	349	5	0.182196	36371.7	0.000158579	
2513	370	758	14.9303	13.9007	1050	11	7	478	6	56	338	6	0.283266	32568.2	0.000155569	
2466	122	740	22.275	13.8413	992	12	7	487	14	59	329	5	0.087607	50431	0.000177211	
2634	115	741	20.4512	11.2955	1015	13	6	465	18	78	326	4	0.095807	57756.4	0.000159084	
2524	189	745	21.8783	15.9166	927	16	8	465	6	74	324	4	0.131214	36850.9	0.000186881	
2340	173	736	18.4084	15.5777	1030	15	8	486	20	40	339	5	0.121125	38522.7	0.000187864	
2494	297	732	16.3305	15.4944	1019	10	8	461	17	77	334	6	0.214347	31712.5	0.00017334	
2586	138	747	18.19	10.6592	1036	15	7	479	0	53	306	6	0.115833	55859.1	0.000149925	
2471	115	729	23.1422	12.5226	975	13	9	464	7	76	324	5	0.080979	55267.4	0.000176274	
2468	169	739	14.3491	10.5649	960	12	4	460	9	72	342	5	0.148213	47357.6	0.000139373	
2315	241	748	19.7412	15.76	946	17	7	461	4	74	324	6	0.155848	34496.8	0.000190512	
2618	217	727	15.6264	14.9734	1017	15	10	488	3	66	324	4	0.175518	35308.3	0.000166778	
2695	150	772	21.201	12.5996	1030	11	5	480	1	66	338	4	0.122246	48712.9	0.00014941	
2607	186	765	20.1263	15.1041	984	17	6	471	10	57	344	5	0.142545	37764.2	0.00017094	
2510	220	727	21.7425	15.6301	967	14	9	490	5	77	333	4	0.146203	35149.3	0.00018315	
2300	122	739	22.275	13.8413	988	12	7	487	14	59	331	5	0.080668	51944.2	0.000186359	
2439	215	773	14.473	11.1928	954	14	8	462	2	55	349	5	0.181023	41568.2	0.000140056	
2436	260	752	17.1861	15.1038	946	17	7	463	2	71	348	5	0.187511	33306.3	0.000173491	
2387	129	774	20.276	14.5517	900	11	8	485	19	80	317	5	0.097941	45724.7	0.000178827	
2613	154	770	14.7457	12.9973	1018	15	5	481	3	78	344	5	0.150947	43227.3	0.000145858	
2644	212	754	20.0873	14.9909	993	15	7	468	9	69	308	6	0.159871	36196.2	0.000171204	
2675	297	768	16.1245	15.7479	1014	11	7	477	17	42	350	4	0.24168	31691.6	0.000168719	
2669	401	739	18.1549	15.974	1007	17	7	474	13	51	337	5	0.293257	29871.8	0.00017762	
2518	194	767	16.9191	12.6853	972	11	8	481	8	73	350	6	0.156138	39984.6	0.000148832	
2412	273	750	15.63	12.8822	951	17	6	481	12	71	350	5	0.201726	35959	0.000155063	
2595	191	742	19.7564	15.9166	942	16	9	474	16	75	324	4	0.141885	36007.9	0.000180148	
2610	362	755	16.9194	14.5298	1016	17	8	461	9	77	334	6	0.272696	31507.5	0.000161421	
2582	252	763	19.1444	15.63	1035	14	4	489	20	68	325	4	0.187068	33481.1	0.000170969	
2651	160	738	18.4566	13.4257	948	16	7	485	19	60	330	4	0.129874	42653.4	0.000160308	
2562	265	749	17.0159	12.7123	944	13	5	477	20	64	337	5	0.200035	36729.6	0.000152765	
2459	188	729	15.7956	10.9539	974	14	7	460	10	59	333	5	0.147471	45266.3	0.000145751	
2621	265	752	17.6666	12.201	1026	15	8	485	3	69	342	5	0.202126	38059.2	0.000144739	
2559	131	735	20.6548	10.4028	1041	14	6	482	19	55	328	5	0.100613	63315.1	0.000152439	
2559	124	725	19.8884	10.1644	1026	13	7	485	13	55	332	5	0.097489	63274.6	0.000153492	
2570	210	775	16.552	11.2719	1003	10	4	473	4	71	344	6	0.173424	43069.9	0.000137306	
2421	293	736	17.6523	15.4382	986	11	7	461	10	59	350	6	0.200457	32230.4	0.000177525	
2700	151	758	19.8884	10.2788	1041	14	6	482	14	58	335	5	0.125294	59192.4	0.00013887	
2415	111	744	23.9806	15.3752	1050	15	9	468	19	77	339	4	0.076566	50925.4	0.000191939	
2364	238	736	19.5363	15.4382	1028	11	9	462	8	61	349	5	0.155986	35200.8	0.000180473	
2679	219	775	18.3167	13.9365	1042	12	8	465	7	80	309	5	0.177824	36842.4	0.000155666	
2571	420	732	16.3264	15.4944	1019	18	8	461	8	77	334	5	0.304105	29845.8	0.000171438	
2470	139	740	21.5848	13.2218	1015	15	9	462	4	57	337	6	0.099067	48671.3	0.000168492	
2357	127	738	21.5302	15.1243	978	17	5	473	7	76	347	4	0.087752	46664.5	0.000186289	
2415	111	771	23.9806	15.3752	1050	15	9	468	19	77	339	4	0.079345	50886.9	0.000188466	
2443	204	764	17.6737	13.6567	1001	11	9	474	2	74	345	4	0.153413	38149.2	0.000158554	
2642	240	770	18.9832	15.63	1021	14	4	490	20	63	325	4	0.185677	33819.2	0.000169492	
2372	236	736	19.5363	15.4382	1024	11	7	462	9	54	350	6	0.155336	35225.5	0.000180995	
2612	164	735	19.3139	14.6502	937	13	6	474	2	67	304	6	0.126809	40182.9	0.00017328	
2577	168	767	17.6405	15.4486	983	10	7	488	9	61	347	5	0.139628	38585.8	0.000167757	
2300	191	742	19.7736	15.9166	947	16	9	474	16	75	324	4	0.125077	37432.7	0.000192827	
2596	151	735	17.6599	11.9995	981	13	6	488	11	55	348	5	0.124549	46887.7	0.000149298	
2642	240	763	18.9832	15.63	1017	14	4	490	20	63	325	4	0.183989	33806.3	0.000170445	
2610	227	731	18.1276	16	925	16	8	479	10	67	328	4	0.169617	33537.6	0.000180603	
2484	215	762	14.473	11.1928	954	14	8	481	0	55	349	5	0.181708	41560	0.000139743	
2316	241	748	19.7412	15.76	912	15	8	460	4	74	324	6	0.155915	34206.8	0.000191681	
2596	151	729	17.9637	10	981	13	6	488	10	55	346	5	0.122391	56753.1	0.000140311	
2329	102	767	21.7726	13.77	905	11	5	487	14	80	322	5	0.075622	53944.8	0.000189394	
2383	176	757	16.885	15.3363	969	12	9	473	0	51	335	6	0.134938	38277	0.000177936	
2503	182	730	19.2226	12.5226	955	14	9	470	7	76	330	4	0.130853	42639.1	0.000158504	
2580	122	725	21.3474	14.2877	959	15	6	484	16	68	338	5	0.09271	47710.9	0.000175654	
2528	168	732	18.3642	15.474	984	10	4	484	9	55	328	5	0.127742	38896.8	0.000177242	
2472	132	754	22.4766	14.1578	1017	16	8	476	8	57	321	4	0.09525	47608.1	0.000176991	
2700	245	732	15.6264	11.9629	1022	13	10	488	2	66	344	4	0.200652	38191.1	0.000140706	
2348	161	740	19.1686	15.1346	1026	13	9	481	8	59	350	6	0.112765	41471.8	0.000178253	
2596	151	734	18.4214	10.4452	964	14	6	482	19	55	345	5	0.121499	54931.7	0.000143328	
2610	103	769	22.9619	14.1856	980	14	6	460	20	75	305	5	0.084439	53071.9	0.000181324	
2559	124	725	19.2974	11.7465	989	13	5	481	19	55	340	5	0.099159	53554	0.000159719	
2618	217	731	18.8783	15.2423	1018	15	10	488	2	66	324	4	0.160812	34910.9	0.000171674	
2582	301	745	19.1686	15.3397	1001	14	6	481	8	63	344	6	0.214649	31906.9	0.000171585	
2420	194	767	16.5663	13.0425	966	11	9	490	8	73	350	6	0.151661	39809.6	0.000154131	
2466	127	728	21.5302	15.3861	978	16	5	466	7	71	342	4	0.091162	45139	0.000184877	
2349	143	759	20.1276	15.0311	914	16	9	474	6	46	324	6	0.102152	42253.3	0.000189681	
2522	163	728	20.5639	10.7151	1019	12	8	473	6	79	337	6	0.116408	54695	0.00014817	
2559	124	725	19.8884	10.8252	939	13	7	481	19	55	331	5	0.097489	57941.9	0.000157878	
2596	326	735	19.5996	15.6888	993	14	8	481	9	65	344	6	0.227434	30878.3	0.000175716	
2466	127	734	21.5302	15.3861	978	16	5	471	7	68	341	4	0.091913	45237	0.000184128	
2502	283	744	15.7501	13.425	1015	10	5	486	8	71	350	6	0.213125	34760.8	0.000153539	
2439	201	773	14.473	11.0413	954	16	8	481	0	55	345	5	0.172094	43038.3	0.000140193	
2420	141	759	19.4005	11.9637	942	15	8	475	13	40	341	4	0.106687	49596.7	0.000161655	
2443	191	743	19.4578	15.9166	967	12	6	475	16	67	347	4	0.134559	36409.4	0.000182083	
2554	157	729	22.0967	14.9311	973	13	7	482	11	80	345	4	0.110585	41618	0.00017618	
2441	123	747	16.6164	11.9602	1037	14	8	480	17	50	338	5	0.107256	50486.5	0.000158103	
2529	165	758	17.8594	12.719	924	10	7	473	2	61	322	6	0.132866	42943.6	0.000156593	
2649	272	734	19.8443	15.8785	970	14	8	473	12	50	334	5	0.195025	32441.6	0.000180865	
2431	137	726	20.3073	10.9188	956	18	8	481	10	67	322	6	0.097641	56506	0.000160488	
2347	178	746	19.1686	15.1346	926	14	9	479	8	65	334	6	0.123251	38691.5	0.000183184	
2664	175	734	20.6955	15.8785	966	13	8	473	12	50	325	5	0.131261	37785.5	0.000182515	
2320	120	728	18.9106	11.4465	1026	17	10	475	4	47	331	6	0.088024	56345.5	0.000168549	
2593	138	774	19.0232	10.7381	992	14	9	472	2	68	325	6	0.117357	53989.4	0.000144655	
2415	111	771	23.9806	14.7174	1050	15	9	468	12	77	341	4	0.079345	52294.7	0.00018498	
2636	249	756	17.0786	12.607	969	17	9	470	1	59	347	6	0.196834	37595	0.000149499	
2415	111	739	23.9806	15.5061	1050	15	6	466	19	77	339	4	0.076051	50925.7	0.000193349	
2415	111	771	23.9806	15.1634	1041	15	10	468	19	77	338	4	0.079345	51088.7	0.000187652	
2700	151	758	19.8884	10.1644	1041	14	6	482	19	58	335	5	0.125294	60031.3	0.000138447	
2597	151	729	19.5259	10.1644	1041	14	6	482	19	55	342	5	0.11668	60020.5	0.000142898	
2341	241	745	19.5018	15.9166	942	18	8	460	3	74	336	6	0.158127	33932.4	0.000189825	
2621	207	764	19.1758	15.9342	979	14	6	466	10	67	349	5	0.160476	34958.1	0.000174095	
2384	112	734	21.5302	15.0231	971	16	7	471	9	75	341	4	0.080321	48849.4	0.000189466	
2634	186	740	18.603	12.6352	973	10	5	464	14	59	329	5	0.144852	42498.1	0.000153775	
2489	112	742	20.4028	12.2755	1032	12	7	475	3	75	333	6	0.088198	55097.4	0.000168095	
2341	239	743	18.9092	15.9166	927	15	8	460	3	75	332	5	0.158234	33821	0.000189322	
2300	147	740	18.4566	13.4257	929	11	7	487	5	60	334	5	0.104723	45251.5	0.000172652	
2522	100	729	23.1422	12.7019	960	14	9	464	7	76	345	5	0.074613	57596.8	0.000184366	
2520	140	739	20.9324	15.2476	978	16	5	485	7	67	341	4	0.103483	43188.7	0.000177494	
2471	117	747	19.9923	15.2281	952	10	9	474	18	53	335	4	0.091997	46281.8	0.000182916	
2617	175	775	19.5366	14.6553	1003	12	7	465	16	77	320	6	0.140426	39137.7	0.000164312	
2353	110	752	18.7029	12.8947	994	14	7	474	13	47	340	4	0.087969	51810.3	0.000174307	
2614	178	762	17.1334	12.9797	939	11	6	486	9	51	338	6	0.149636	41150.3	0.000153822	
2519	130	774	22.4766	10.7156	1017	16	8	471	8	56	341	4	0.098694	62268.1	0.000153752	
2449	117	736	20.4184	15.2281	952	11	10	474	18	53	335	4	0.088628	46436.6	0.000185839	
2564	149	767	18.6324	11.19	905	10	7	487	17	61	331	6	0.122828	50154.3	0.000147493	
2471	117	736	19.9923	14.3572	1007	10	9	474	18	53	335	4	0.090642	48091.4	0.000177588	
2669	177	745	13.7698	10.8824	1050	15	7	484	9	64	339	5	0.172605	45197.3	0.000133654	
2541	201	749	11.8116	10.8395	1042	15	7	481	15	66	339	5	0.204397	43938.3	0.000134427	
2617	199	775	18.7169	13.9483	982	12	7	465	14	77	333	5	0.159194	38160	0.000158028	
2318	193	728	19.5018	15.9166	931	16	7	474	3	72	323	4	0.12592	36780.8	0.000193798	
2337	168	735	19.3139	14.3707	976	15	6	479	5	67	336	6	0.114773	41556.6	0.000177022	
2677	355	769	15.5339	12.4208	1025	11	6	467	2	75	348	6	0.288253	34692	0.000140135	
2581	195	731	17.4755	15.1357	969	15	6	470	5	63	335	6	0.150287	36553.3	0.000172563	
2466	122	740	22.275	13.8413	992	15	7	487	14	59	329	5	0.087607	50261.3	0.000177904	
2353	110	752	18.7029	12.8947	994	14	7	473	12	63	340	4	0.087969	52172.1	0.00017334	
2300	147	735	18.4566	13.5369	1027	14	7	487	5	60	334	5	0.104015	46630.2	0.000171409	
2629	436	743	17.3648	13.4334	1040	16	7	475	9	74	335	6	0.320187	32335.9	0.000153327	
2532	266	764	14.2539	13.3049	1040	16	9	464	20	78	346	5	0.221327	35205.6	0.000148412	
2618	257	731	18.8783	14.9734	1026	15	10	480	2	66	324	4	0.186139	33481.6	0.000169549	
2668	203	756	15.4694	11.1149	995	14	6	478	13	68	347	5	0.177959	43204.7	0.00013488	
2636	204	752	15.927	10.8217	1013	14	7	465	16	63	332	4	0.172441	44513	0.000136968	
2522	151	770	23.2119	14.9956	1027	15	5	481	6	75	310	4	0.109111	43832.7	0.000176336	
2520	140	734	21.5302	15.3861	978	16	5	471	7	68	341	4	0.101643	42929.5	0.000180897	
2673	251	756	18.438	14.9834	1044	11	9	477	4	49	335	5	0.193733	34166.5	0.000165399	
2695	130	743	19.797	12.2083	1039	15	8	482	4	73	338	5	0.10957	50830	0.000152858	
2533	138	774	17.982	10.9565	983	14	5	477	3	64	315	4	0.118527	52457.2	0.000147689	
2542	373	772	18.9587	15.9277	1014	11	7	479	12	71	350	4	0.269711	29968.2	0.00017188	
2502	344	738	15.7501	13.425	998	10	5	465	8	71	348	6	0.251424	33242.8	0.000155642	
2665	157	751	18.2895	14.1109	945	15	9	480	14	58	308	5	0.131622	41884.7	0.000166445	
2522	135	770	22.9104	14.8279	1027	15	5	478	4	75	315	4	0.1001	46278.9	0.000174734	
2611	301	745	19.1686	15.3397	1001	14	6	481	8	63	344	6	0.216952	31864.7	0.000170736	
2491	137	727	21.053	11.9492	956	18	8	474	10	61	327	6	0.09881	52439.1	0.000164339	
2695	110	743	20.1435	12.2083	1030	16	7	482	4	75	338	5	0.096166	54759.1	0.000163854	
2386	148	742	22.5735	15.4081	986	18	4	483	11	79	341	4	0.098309	43878.2	0.000186951	
2657	222	754	17.4851	11.5457	1007	14	5	478	13	68	347	5	0.177336	42507.6	0.000139665	
2300	122	739	22.275	13.6075	948	12	7	487	19	60	331	5	0.080668	51654.6	0.000186393	
2413	123	750	16.6164	11.9758	998	15	8	480	17	50	337	5	0.106321	50139	0.000159693	
2353	148	728	19.8272	10.5189	993	11	8	483	6	73	341	6	0.101945	58131.1	0.000155207	
2411	194	767	16.5663	13.0425	966	14	9	490	8	73	350	6	0.151084	39856.8	0.000154799	
2666	110	764	21.7885	12.6046	1030	14	7	484	2	60	342	5	0.092784	55277.9	0.000165645	
2613	198	770	14.3445	13.13	1029	15	6	481	3	80	344	4	0.182938	38858.2	0.000144697	
2569	366	741	15.8814	11.6517	997	12	9	485	6	72	335	4	0.273133	35646.8	0.000143431	
2364	273	750	15.63	12.8822	951	16	6	476	10	69	350	5	0.197887	36144.7	0.000156642	
2482	286	763	18.9219	16	981	12	7	490	17	47	317	5	0.202494	32158.5	0.000184809	
2613	154	770	18.8554	12.9973	1018	12	6	481	8	78	344	5	0.128415	44376.9	0.00015006	
2577	155	725	22.6696	14.0258	973	15	6	484	7	60	343	5	0.108723	44467.2	0.000172533	
2669	263	760	15.5697	14.9884	967	13	6	484	12	78	339	6	0.218996	33247.6	0.000161603	
2550	109	744	19.3658	12.602	994	14	9	467	16	51	337	4	0.092615	52567.7	0.000169463	
2565	224	742	14.7489	10.6041	943	12	6	481	4	68	345	6	0.186638	42776.6	0.000136575	
2431	125	731	21.3892	11.1646	956	10	8	481	10	63	322	6	0.088954	58829.9	0.000165017	