2695	500	743	16.3412	16	1030	11	5	480	4	76	345	5	0.382087	28611.6	0.000168209	
2300	100	744	23.9229	14.0069	948	12	6	487	9	59	333	5	0.066451	56898.5	0.000200682	
2300	122	759	25	15.0311	929	14	9	469	1	46	304	6	0.077869	48210.9	0.000209468	
2555	100	743	24.4382	10	1019	11	9	467	10	52	339	4	0.074909	78234.5	0.00017343	
2660	500	767	10.4869	10.2939	1050	12	9	473	7	64	346	5	0.478582	39242.1	0.000124347	
2660	486	771	10.7845	10.0185	1020	12	4	475	7	62	349	5	0.460066	39969.5	0.000123016	
2660	423	766	10.0204	10.0185	988	11	5	473	7	62	339	5	0.430909	42089.1	0.000125392	
2634	500	767	10.4869	10.2939	1050	12	9	473	7	64	346	5	0.474703	39194.4	0.000124844	
2402	100	771	23.9806	10.0259	1050	15	9	468	17	80	339	4	0.072656	77380.2	0.000174856	
2333	122	753	25	15.0311	929	14	9	469	2	46	304	6	0.078577	48110.6	0.000207555	
2349	166	746	22.7831	15.5577	908	14	9	471	5	40	310	6	0.106551	39960.9	0.000205804	
2660	279	766	10.0204	10.0185	1028	11	5	474	3	68	342	5	0.318569	44308.4	0.000123946	
2463	100	752	22.9962	10	1012	17	5	478	6	60	350	4	0.075355	76227.3	0.000172622	
2300	118	757	23.1164	15.384	900	16	9	474	2	50	312	6	0.078842	47201.8	0.00020475	
2689	500	739	12.3318	11.8573	1008	14	10	489	5	80	348	5	0.422622	34161.9	0.000136687	
2660	394	763	10.0204	10.3509	993	10	5	473	7	62	345	5	0.40602	41571.5	0.000126024	
2683	473	762	12.0551	10	1031	11	5	473	7	60	339	4	0.41854	39250	0.000125486	
2393	122	749	21.7807	10.0563	1030	14	5	474	10	56	350	5	0.086741	71427.6	0.000159185	
2447	104	742	22.9844	10	987	18	4	483	6	79	341	4	0.075965	76121.8	0.000171262	
2564	463	765	11.9458	10.9391	996	14	7	478	10	72	350	5	0.398727	36419	0.000131631	
2402	111	754	23.9806	10.0259	1039	15	9	473	17	80	339	4	0.077094	75339.5	0.000168862	
2386	100	734	23.4444	10.553	978	16	10	489	4	64	336	6	0.069687	71655.1	0.000181719	
2660	389	761	10.0204	10	982	11	4	478	9	62	342	4	0.401	42425.4	0.000125125	
2300	185	743	23.1164	15.5577	900	16	9	475	4	48	310	6	0.113585	38686.9	0.00020842	
2393	100	748	21.549	10.0563	1030	14	7	468	10	55	332	5	0.075652	73266.9	0.000173521	
2660	293	766	10.0204	10.0185	1009	11	5	474	3	68	342	5	0.329126	43979.3	0.000124347	
2629	436	739	13.3391	13.8413	1040	16	9	472	9	69	348	6	0.351896	31825.6	0.000151745	
2393	100	748	21.549	10.1615	1030	14	7	468	10	57	332	5	0.075652	72253.2	0.000173792	
2696	483	746	12.4737	11.8573	997	15	10	490	9	75	348	5	0.411898	34258.9	0.000136221	
2416	114	725	21.2307	10.045	1044	16	8	481	3	54	340	5	0.082198	70787.6	0.000164474	
2680	500	745	14.7703	13.4554	1046	13	9	470	12	71	346	4	0.39378	31263.8	0.000147929	
2683	204	762	12.2096	10.0185	1003	11	5	473	7	68	339	5	0.21491	45482.1	0.000126406	
2689	500	746	12.3318	11.8573	997	14	10	490	5	75	348	5	0.426625	34227.2	0.00013611	
2300	100	739	22.275	13.8413	988	12	6	487	13	59	331	5	0.069164	56745.3	0.00019581	
2621	463	768	11.9458	11.5171	1050	14	7	478	10	72	350	5	0.407844	35299.8	0.000131718	
2662	500	733	14.9936	15.0875	1045	12	6	482	8	77	337	5	0.3838	29447.9	0.000161629	
2597	436	743	16.1876	13.4334	1040	11	9	473	9	69	341	6	0.324387	31899.3	0.00015193	
2464	100	746	21.0807	10	1050	14	5	477	3	64	312	5	0.079253	73647.8	0.000171527	
2683	473	762	12.2096	10	1031	11	5	473	7	62	339	4	0.415518	39099.9	0.000125549	
2337	113	740	25	15.4081	965	17	5	483	9	76	344	4	0.07261	51241.9	0.00020202	
2660	450	771	12.4986	10.0185	988	11	5	473	7	62	339	5	0.393723	39210.1	0.000126566	
2552	403	774	12.9637	10	1044	13	7	481	12	70	346	4	0.339199	38739	0.000126887	
2505	296	766	11.8343	10.8966	1039	11	10	483	0	72	346	6	0.270258	38982.8	0.00013224	
2349	166	757	23.1164	15.5577	908	16	9	472	4	48	310	6	0.107545	40095.3	0.000202716	
2656	466	769	15.2971	13.0943	1037	17	7	483	17	59	348	4	0.372156	32352.2	0.000145815	
2640	472	734	16.8466	15.6474	1033	12	7	484	8	78	333	5	0.347217	28900.1	0.000168776	
2696	468	746	13.1606	11.8573	1025	15	7	490	5	70	346	5	0.389868	34171.9	0.000136426	
2326	118	757	23.1164	15.384	900	16	9	474	2	50	310	6	0.0799	47086.9	0.000203293	
2629	436	739	15.2841	13.6012	1040	16	9	472	9	62	350	6	0.332379	31720.8	0.000152207	
2555	100	743	24.4382	10.358	1019	11	9	464	8	56	339	4	0.074909	74760.8	0.000174398	
2627	146	761	22.9962	10	1050	14	5	478	5	60	350	5	0.110359	70239.4	0.000143493	
2677	355	769	15.5061	11.4172	1047	11	6	479	0	72	348	6	0.288979	36629.6	0.000132996	
2550	112	749	24.6937	11.2802	990	14	8	480	15	52	339	5	0.081633	65549.2	0.000170329	
2525	100	740	23.1422	10	998	14	6	471	7	76	344	5	0.075848	74434	0.000172861	
2629	123	768	21.0807	10.1394	1002	14	4	468	6	59	338	4	0.102183	66081.9	0.000148721	
2419	100	745	22.0658	10.5912	1030	15	6	467	12	57	343	5	0.074693	70410.5	0.00017584	
2677	355	767	14.0513	11.4172	1047	11	7	479	0	72	348	6	0.300788	35958.8	0.000131857	
2552	467	774	12.9637	10	1044	13	7	481	12	70	346	4	0.388068	38211.7	0.000126871	
2620	401	747	14.5835	12.8176	1017	12	8	468	12	60	350	5	0.315614	33188.3	0.000145666	
2552	256	768	11.7443	10.1625	1005	13	6	479	14	70	348	6	0.249452	42035.3	0.000127845	
2700	455	733	16.2728	14.4845	1047	12	7	482	4	73	334	6	0.34451	30197.2	0.000158078	
2574	228	770	12.4561	10.0346	1010	13	7	488	4	62	348	6	0.221055	43589.5	0.000127129	
2503	100	756	23.1422	10	998	14	6	471	7	76	347	5	0.076672	74049.2	0.000171556	
2660	423	761	10.0204	10.0185	983	11	4	474	8	62	342	4	0.428096	42185.3	0.000125329	
2324	143	740	23.1164	15.384	959	16	9	474	2	46	325	6	0.091392	43466.4	0.000201491	
2656	466	770	14.9322	13.2719	1037	17	8	478	17	64	336	5	0.375595	32076.9	0.000147471	
2337	113	744	25	15.4081	967	18	5	483	9	55	344	4	0.073002	50418.4	0.000204082	
2668	418	754	11.9458	11.5457	1013	14	7	478	10	73	350	5	0.371515	35836.2	0.000133245	
2567	277	745	12.6286	11.1592	992	12	7	488	14	67	348	6	0.244308	38594.7	0.000135575	
2536	393	767	15.7501	14.3721	1033	11	7	486	8	80	348	6	0.299386	31122.3	0.000156323	
2502	330	766	15.7501	14.3721	1050	11	7	486	8	64	342	6	0.251298	32488.3	0.000157803	
2578	111	771	23.9806	10.0259	1050	15	9	468	17	77	339	4	0.085772	72867.4	0.000159719	
2393	100	744	21.0812	10.0563	1028	14	6	474	10	57	343	5	0.076324	72352.8	0.000172921	
2695	346	769	16.5415	11.4172	1047	12	6	479	2	70	348	6	0.276384	37693.7	0.000133797	
2700	438	746	18.0803	14.5886	997	16	10	490	5	75	348	4	0.327066	30365.2	0.000159693	
2552	256	774	12.9637	10.1625	1024	13	7	481	14	70	348	6	0.233236	41588.5	0.000127943	
2656	466	745	14.7703	13.6518	1037	17	8	483	16	70	345	4	0.364835	31174.8	0.000150421	
2386	100	734	23.4444	10.553	978	16	5	471	4	64	336	6	0.069687	72629.4	0.000181587	
2574	228	770	12.6286	10.0346	1010	13	6	490	4	62	348	6	0.219178	43679.7	0.000127324	
2640	500	733	16.8466	15.6474	1033	12	7	482	8	78	334	5	0.367475	28739.4	0.000168919	
2669	443	739	18.1549	15.9087	1000	14	7	474	3	53	337	5	0.323625	29335.5	0.0001755	
2669	443	733	18.1549	15.9087	1000	14	7	475	3	53	337	5	0.320998	29374.1	0.000176211	
2540	101	743	21.0556	10.6308	1019	14	9	467	17	53	339	4	0.082407	65210.1	0.000170184	
2677	449	770	15.5339	12.3277	1015	11	6	467	0	71	344	6	0.359711	33972.9	0.000140174	
2464	126	774	21.5758	10	1050	15	5	477	9	78	312	4	0.095656	68844.9	0.000154131	
2363	100	728	20.5277	10.5189	993	11	8	483	5	73	341	6	0.074594	66408.2	0.000177746	
2300	185	743	23.1164	15.5577	900	16	9	475	17	64	310	6	0.113585	39078.4	0.000203957	
2337	113	744	24.1643	14.3357	949	18	5	483	15	75	344	5	0.074651	52691.9	0.000193573	
2656	466	772	14.598	13.4662	1037	17	8	482	17	67	341	4	0.380321	31579.3	0.00014708	
2336	113	744	25	15.4081	968	18	5	483	9	76	337	4	0.072964	51301.1	0.000201898	
2590	164	732	16.3264	11.4107	1019	18	8	461	8	77	334	5	0.137901	46250.8	0.000143596	
2596	116	729	17.9637	10.1644	905	13	6	488	5	55	346	5	0.10174	59678	0.000155015	
2386	100	734	22.0641	10.553	978	16	5	471	6	64	345	4	0.072376	69207.6	0.000178603	
2579	500	736	16.6847	14.7734	1033	10	8	482	8	80	340	4	0.362351	29635.2	0.000162866	
2522	147	740	18.4566	13.4257	929	11	7	487	5	60	334	5	0.115791	44164	0.000163372	
2660	423	766	10.0204	10.0185	976	11	4	474	7	62	342	5	0.430909	42240.8	0.000125156	
2660	348	739	10.0204	10.0185	988	11	5	473	7	62	346	5	0.358271	42996.5	0.000126486	
2680	448	729	14.7703	14.3119	1046	16	9	470	17	71	345	4	0.346458	30601.5	0.000156128	
2621	455	748	17.3329	16	990	15	8	478	9	60	326	4	0.336151	29033.9	0.000175531	
2372	236	736	17.6523	15.8654	986	11	6	462	9	59	350	6	0.162177	34105.6	0.000182815	
2562	215	754	18.1165	11.19	922	11	7	487	7	61	337	6	0.164076	44016.9	0.000145243	
2300	148	735	21.7281	15.7272	958	18	4	483	11	78	306	4	0.095601	43232.3	0.000198847	
2431	129	731	21.393	11.1646	956	10	8	481	10	63	324	6	0.091154	58227.3	0.000163613	
2662	500	733	16.9537	15.1794	1042	12	6	482	8	72	332	5	0.369382	29289.2	0.000164935	
2606	393	760	15.7501	14.5832	1033	11	7	486	8	80	341	6	0.303983	30650.2	0.000157257	
2638	500	769	14.9303	13.9007	1046	11	9	490	6	80	344	6	0.399518	30388	0.000149031	
2668	374	754	14.1788	11.7033	990	14	7	478	15	73	343	5	0.308024	35440.4	0.000137608	
2608	374	745	14.2653	13.4234	1040	16	9	472	9	74	329	6	0.2968	32600.7	0.000151286	
2512	122	749	21.7807	10.0563	1030	14	5	474	12	56	350	5	0.091743	69921.7	0.000154655	
2341	241	745	19.5018	15.9166	942	18	8	460	3	74	336	6	0.158127	33932.4	0.000189825	
2677	328	768	14.6715	10.8866	1050	11	8	473	0	72	344	6	0.275775	38023.7	0.000130073	
2594	396	760	14.7447	13.1989	1021	11	7	483	9	80	348	6	0.313223	32250.9	0.0001468	
2693	377	768	15.5697	14.2622	970	11	9	475	9	78	339	6	0.305815	31420.2	0.000155183	
2700	226	732	15.6264	11.4844	1022	13	10	488	2	67	344	4	0.188129	40260.5	0.000137931	
2570	235	775	16.552	11.2719	999	10	4	473	4	71	344	6	0.189988	41660.5	0.0001374	
2489	112	743	20.4028	13.0237	1032	12	7	483	6	76	333	6	0.088317	52951.3	0.000171233	
2389	218	736	19.5363	15.6666	1024	11	7	462	0	54	344	6	0.145867	35704.1	0.000182582	
2475	111	739	23.9806	15.5061	1020	15	6	471	9	77	339	4	0.078319	49887	0.000191278	
2642	220	763	17.5723	15.5671	1030	14	4	490	20	63	325	4	0.177128	34613.6	0.000167954	
2668	349	754	13.9939	11.3935	1010	14	7	478	13	73	350	5	0.291116	36301	0.000134066	
2300	108	774	21.0807	10.0831	947	14	5	478	4	64	322	4	0.080079	68264.3	0.000168663	
2497	119	741	21.2802	10	1019	13	6	471	9	55	343	5	0.090136	68603.2	0.000156568	
2583	500	740	16.8466	15.3175	1040	11	7	481	8	76	348	5	0.364103	29196.4	0.000165948	
2660	309	766	10.0204	10.0185	976	11	4	474	2	68	342	5	0.341288	43947.5	0.000125094	
2607	100	742	24.4382	10.8367	1013	12	9	472	9	55	340	4	0.07666	70658.4	0.000174672	
2431	137	727	19.2251	11.1646	956	18	8	481	9	67	322	6	0.101021	53685	0.000159541	
2537	124	725	19.8884	10.1644	1027	13	7	468	19	55	331	5	0.096544	63488.5	0.000154012	
2349	166	757	23.424	15.5577	908	15	9	474	4	47	313	6	0.106968	40222.4	0.000203046	
2393	140	741	22.1895	10.2777	1032	11	7	474	10	56	344	5	0.095174	67196.8	0.000156789	
2613	257	731	18.8783	14.9734	1038	15	8	480	2	78	324	4	0.185789	33450.5	0.000168124	
2522	356	772	16.499	15.0661	1048	11	7	486	9	75	348	6	0.2687	31083.2	0.000161447	
2550	109	744	22.1098	10.8021	1009	14	9	469	17	54	337	4	0.084632	64513.4	0.000165893	
2696	424	746	13.1606	11.8573	1025	11	7	486	5	70	346	5	0.356129	34383.3	0.000136017	
2300	100	729	21.1664	12.445	971	13	9	476	11	79	345	5	0.070788	58350.1	0.000188005	
2626	252	726	12.0174	10.597	1043	10	8	461	14	70	344	4	0.235192	41131.7	0.000131354	
2300	185	740	23.1164	15.5577	911	16	9	475	4	46	310	5	0.113126	38709	0.00020903	
2570	101	735	24.4779	12.2154	962	10	8	462	8	67	329	4	0.075195	61242	0.000181291	
2483	117	751	19.8947	13.5968	934	17	8	470	3	62	339	5	0.093573	48548.9	0.000172861	
2487	295	762	15.4005	12.7253	974	16	8	473	14	78	339	5	0.227547	35055.2	0.000150213	
2622	359	739	16.6419	13.4234	1041	15	8	486	8	80	338	6	0.267277	32605.4	0.000152091	
2350	100	734	21.5302	15.3861	978	16	6	471	7	64	336	6	0.072629	51525.7	0.00019972	
2515	219	769	15.9961	14.5393	999	11	6	467	6	75	346	5	0.17786	35616.4	0.000160565	
2503	100	740	23.1422	10	998	14	6	471	7	76	347	5	0.075049	74542.9	0.000173461	
2439	215	773	14.473	10.9504	954	16	8	481	0	55	349	5	0.181023	42327.4	0.000139043	
2634	115	741	20.4512	11.2955	1015	13	6	465	18	78	326	4	0.095807	57756.4	0.000159084	
2300	185	742	23.1164	15.5577	908	16	9	475	4	46	310	5	0.113432	38696.9	0.000208899	
2588	191	775	10.4481	10.0346	1010	13	6	490	4	62	348	6	0.237272	48287.3	0.000125251	
2537	109	749	22.877	10.8021	900	14	9	473	16	52	340	4	0.082949	63970.1	0.000168862	
2700	245	732	15.6264	11.9629	1022	13	10	488	2	66	344	4	0.200652	38191.1	0.000140706	
2349	143	757	22.5218	15.8842	929	16	7	474	5	48	343	6	0.095764	42025	0.000198413	
2593	376	736	17.7431	16	990	15	8	478	10	60	326	4	0.269233	29781.8	0.000178285	
2611	249	756	15.3207	12.607	950	17	8	470	1	59	347	5	0.205778	37140.7	0.000148324	
2572	265	770	14.3445	12.8626	1029	15	5	481	-0	78	345	6	0.225109	35886.9	0.000143926	
2700	355	769	16.2221	13.3974	1047	10	6	465	6	75	346	5	0.28559	33123.9	0.000146284	
2300	100	744	22.275	14.1784	988	12	6	487	5	59	333	5	0.069632	55846.4	0.000196386	
2650	448	734	16.3883	15.7575	1027	17	7	479	5	66	344	5	0.333557	29113	0.000169779	
2687	483	746	12.3318	11.4301	997	15	10	490	5	75	349	5	0.412937	35005.7	0.00013369	
2677	355	769	14.6715	10.8866	1034	12	8	481	1	72	344	5	0.295987	37278.8	0.000130378	
2550	109	737	23.0379	10.8021	1009	14	9	472	18	52	342	4	0.081542	66655.2	0.000168294	
2323	100	744	22.275	14.1784	988	12	6	487	5	59	333	5	0.070485	55535.5	0.000195198	
2656	423	766	10.4795	10.0185	958	11	4	472	7	62	342	5	0.414574	41384.9	0.000125691	
2656	425	744	14.6768	13.5119	1037	17	8	470	15	58	345	4	0.33515	32199.5	0.000151263	
2559	131	743	21.8392	10.4838	964	14	6	482	19	55	335	5	0.098214	63330	0.000154823	
2627	138	760	21.0807	10.0831	947	14	5	478	5	64	340	5	0.110225	63579.1	0.00014476	
2307	100	725	20.6463	10.5189	993	11	9	483	5	73	341	6	0.072182	67620.5	0.000179856	
2700	291	750	16.0147	12.2545	1036	12	6	480	4	76	339	5	0.23459	36356.4	0.000140905	
2602	364	753	16.7441	14.1897	971	18	7	485	10	80	348	4	0.273984	31686.2	0.000158428	
2416	114	725	19.1767	10.1644	1044	16	8	481	3	54	331	5	0.088027	64559.8	0.000162048	
2441	128	728	20.3073	10.9188	955	18	9	481	10	77	322	6	0.093378	57125.3	0.000161577	
2482	104	767	22.9844	10	980	18	4	476	7	79	346	5	0.079876	75009.3	0.000167168	
2402	111	750	21.1481	10.0259	1050	15	9	468	17	80	338	4	0.082795	68987.3	0.000163345	
2645	409	748	19.0834	16	1015	13	7	471	12	74	350	5	0.295976	29445	0.00017316	
2503	100	738	23.1422	12.9311	957	14	6	464	7	69	345	5	0.074847	57328.9	0.000184809	
2689	440	765	16.807	13.4603	1026	10	6	470	2	71	343	4	0.343055	32197.5	0.000148655	
2700	483	746	14.1989	12.1388	1014	15	10	490	5	75	348	5	0.389527	33236.2	0.000138754	
2626	220	751	14.126	14.4985	1017	10	5	478	12	57	350	5	0.195641	36208.3	0.000156691	
2568	315	768	19.0108	16	1003	13	8	490	5	79	336	4	0.230359	30589.5	0.000172563	
2668	418	754	13.9939	11.5457	1007	14	7	478	13	73	350	5	0.342129	35134.1	0.000135007	
2552	342	774	14.9916	10.1625	1034	13	6	480	7	74	348	6	0.273189	40559	0.000129433	
2426	152	775	13.7664	11.8928	950	10	7	464	8	75	350	4	0.147383	45117.6	0.000144092	
2300	130	738	22.5735	15.4081	991	16	6	484	12	79	343	4	0.084248	47479.8	0.000193311	
2464	126	774	21.6135	10.395	1050	14	5	477	3	64	312	5	0.095656	66906.6	0.000155715	
2468	169	739	15.5796	10.5649	960	12	5	460	9	72	342	5	0.139801	47895.6	0.000140825	
2627	138	761	20.3143	10.1642	916	14	5	478	5	64	350	5	0.112194	61585.9	0.000144217	
2543	344	766	15.7501	14.3721	1050	11	7	486	8	71	348	6	0.264887	31899.3	0.000155618	
2652	277	747	12.6286	10.1404	992	12	9	488	10	67	348	5	0.252565	40841	0.000128025	
2550	112	749	25	11.4361	990	14	7	464	16	52	339	4	0.081035	64982.6	0.000171674	
2604	151	758	16.7907	10.1644	1046	14	6	480	18	60	336	5	0.133046	53808.5	0.000136761	
2419	101	745	22.0658	10	1030	15	6	467	12	57	343	5	0.075239	75029.7	0.00017301	
2488	236	736	19.5363	15.4382	1024	11	8	464	10	55	350	6	0.162943	34450.6	0.000176367	
2590	358	734	16.8466	15.5988	1033	10	8	482	8	78	334	4	0.261183	30090.5	0.000169607	
2607	224	755	12.823	11.3124	943	12	7	490	2	69	345	6	0.212354	40640.8	0.000136519	
2559	376	748	18.6667	15.9772	956	12	7	468	9	65	327	5	0.266341	29892.8	0.000179179	
2300	117	734	22.5735	13.9685	967	18	4	481	7	57	344	4	0.076982	52099.8	0.000190404	
2552	289	774	13.0155	10.354	972	13	7	488	9	67	348	4	0.255603	39883.9	0.000129786	
2443	108	728	19.1676	12.5299	1002	11	8	481	6	77	345	6	0.086234	53482.1	0.00017331	
2645	500	734	16.8466	15.6474	1033	10	7	482	8	78	334	5	0.368575	28734.9	0.000168577	
2329	106	773	19.7914	12.3756	905	11	4	485	15	80	324	5	0.083333	55050.8	0.000176678	
2450	103	761	22.682	12.459	1027	11	9	474	13	80	336	5	0.078033	58645.3	0.000177368	
2582	376	748	19.3674	15.9772	956	12	7	468	8	65	336	5	0.265823	29974.6	0.000178827	
2660	254	766	10.0204	10.0185	970	11	4	474	2	68	342	5	0.299912	45777.7	0.000125047	
2580	369	732	16.3264	14.9111	1016	17	8	485	10	78	334	5	0.269636	30700.4	0.000165782	
2669	327	772	19.8149	15.9277	1001	13	8	479	17	68	350	4	0.245232	30524.4	0.000170155	
2560	405	760	14.8186	13.9237	1021	11	8	481	10	79	348	6	0.315409	31410.3	0.000152905	
2622	359	740	17.5745	13.4234	1041	14	9	486	8	80	338	6	0.262994	32836.9	0.000152975	
2437	108	728	20.0068	10.5189	1050	11	8	471	6	76	345	6	0.083329	64221	0.000166306	
2649	355	769	16.5415	11.4172	1047	12	6	479	0	72	348	6	0.278543	37414.6	0.000134771	
2552	289	774	12.8184	10.354	972	13	7	488	9	67	348	4	0.258244	39909.2	0.000129618	
2524	189	745	21.8783	15.9166	927	16	8	465	6	74	324	4	0.131214	36850.9	0.000186881	
2613	186	768	15.4682	12.628	1022	12	6	482	16	78	344	5	0.165839	40459.4	0.000143	
2596	272	735	19.0008	15.6888	993	13	8	480	10	65	344	6	0.194623	32072	0.000174886	
2677	355	769	16.5415	11.4172	1047	12	6	477	1	72	348	5	0.28125	37433	0.00013403	
2337	113	744	21.9903	15.4081	964	16	5	483	9	76	349	4	0.078991	49369.1	0.000192715	
2699	226	765	18.8163	13.5228	972	12	5	470	19	60	345	5	0.179614	37639.8	0.000154273	
2614	178	762	17.1334	12.9797	939	11	6	486	9	51	338	6	0.149636	41150.3	0.000153822	
2300	148	735	23.1681	15.4097	964	18	4	484	11	74	311	4	0.09237	44634.1	0.0002002	
2513	194	774	12.9637	10.1827	1024	13	7	481	14	69	348	5	0.188266	45299.4	0.000129132	
2559	140	755	18.6641	10	952	11	6	481	16	56	334	5	0.1152	57970.8	0.000143575	
2612	408	739	15.2936	13.6012	1045	16	8	472	9	62	350	6	0.310276	32017.6	0.000152393	
2502	344	766	15.7501	14.3721	1050	15	7	486	9	71	342	4	0.260963	32085.3	0.000157629	
2386	143	757	22.5218	15.8842	914	16	9	472	7	46	349	6	0.097468	41508.2	0.000198216	
2402	111	771	23.9806	10.0259	1050	15	9	468	17	80	339	4	0.078832	75275.1	0.000166694	
2468	169	739	15.5796	10.5649	1050	12	5	460	9	72	342	5	0.139801	49396.6	0.000138562	
2503	100	729	23.1422	14.488	956	14	6	470	7	76	341	5	0.073934	53213.6	0.000192641	
2699	172	765	14.7272	11.0258	972	12	5	469	5	59	342	5	0.167065	45993.4	0.000134174	
2349	149	757	22.5218	14.4051	929	13	9	477	5	48	343	6	0.099117	43916.4	0.000186602	
2683	268	762	12.2096	10.0185	990	11	5	473	7	62	339	5	0.260022	42608.8	0.000126695	
2627	145	761	15.9753	10.0831	947	14	5	478	5	64	350	5	0.135852	53174.1	0.000135667	
2537	100	749	22.877	10.8021	900	14	9	473	16	52	340	4	0.077791	65827.8	0.000175654	
2567	257	749	12.6286	11.1535	992	12	6	488	4	67	349	5	0.232045	39410.8	0.000134698	
2660	394	766	10.0204	10.3509	988	11	5	473	7	62	345	5	0.407616	41751.7	0.000125976	
2570	101	735	24.4779	12.5563	950	15	8	462	8	67	329	5	0.075195	59848	0.000183117	
2431	125	731	21.3892	10.9762	973	10	8	479	10	63	322	6	0.088954	60474.7	0.0001638	
2550	109	743	22.877	11.4179	900	14	9	467	16	52	339	4	0.082783	60637.4	0.000171762	
2353	106	736	21.905	12.8511	946	11	8	474	13	53	335	4	0.075057	55304.2	0.00018457	
2344	100	738	19.4357	13.48	1025	15	7	470	1	68	315	5	0.078005	54340.3	0.000187336	
2574	170	751	18.3167	14.6553	1050	11	8	467	19	77	314	6	0.13481	39527.8	0.000165262	
2503	100	749	23.0697	14.488	956	14	6	470	7	76	341	5	0.075965	53168	0.000190114	
2496	100	748	24.4779	12.4863	950	15	6	484	11	75	344	5	0.073292	60743.8	0.000183756	
2677	355	769	16.2221	13.3974	1047	11	6	467	3	75	346	5	0.283353	33043.4	0.000146649	
2402	111	772	20.1139	10.0259	1050	16	9	469	17	80	339	4	0.088032	65924.2	0.000159363	
2677	339	769	14.6715	10.8866	1050	10	8	473	0	72	344	6	0.284186	37802.9	0.000129921	
2552	256	774	12.6286	10.1914	1010	13	7	490	14	70	348	6	0.237767	41443.1	0.000128403	
2528	112	734	21.5302	10.9538	975	16	5	471	13	73	341	4	0.086031	62119.9	0.000164718	
2569	280	767	15.3207	12.607	969	17	8	470	1	68	347	5	0.226511	35787.5	0.000146563	
2550	109	743	22.877	10.8021	900	14	9	467	16	52	339	4	0.082783	64283.6	0.000169205	
2528	168	732	18.3642	15.474	984	10	4	482	9	55	328	5	0.127742	38873.1	0.000177242	
2689	251	747	12.3318	11.8573	997	12	7	490	6	75	348	5	0.241557	38522.1	0.000135906	
2696	483	746	12.3318	11.8573	997	15	10	490	5	75	348	5	0.414113	34371.7	0.000136073	
2633	448	733	18.6263	16	1027	17	4	478	6	58	346	5	0.318666	29390.8	0.000176025	
2626	162	726	12.904	10.247	1031	10	7	465	17	70	344	4	0.16481	47701.3	0.000132767	
2670	355	769	15.5061	11.4172	1047	11	6	479	0	72	348	6	0.288287	36619	0.000133138	
2509	276	751	15.7501	14.3721	1006	10	5	486	9	80	348	6	0.211114	33601.4	0.000160051	
2579	500	734	16.8466	15.6474	1033	10	8	482	8	78	334	5	0.360672	28885	0.000170387	
2569	173	768	13.7601	10.7067	999	12	7	488	7	68	348	6	0.168562	45525	0.00013238	
2570	266	772	17.5323	12.9427	994	10	4	484	5	71	328	6	0.204893	36549.1	0.000150761	
2386	134	760	22.5218	15.8842	914	16	9	472	7	70	349	6	0.092766	43448.5	0.000192271	
2550	109	743	21.6117	11.5089	1019	14	10	467	16	53	339	4	0.085667	59799.5	0.000167701	
2567	277	749	12.6286	11.1535	992	12	5	488	4	67	350	5	0.24562	38770.5	0.000134517	
2568	304	768	18.8847	16	1003	13	8	490	5	79	336	4	0.223503	30895.4	0.000172414	
2538	277	767	14.158	11.9286	1041	15	9	484	1	79	336	4	0.231479	36743.9	0.00014039	
2393	119	747	21.2802	10.0563	1028	14	6	468	12	55	343	5	0.086506	69668.8	0.000159821	
2351	111	734	19.4111	11.7519	944	10	8	488	18	75	311	6	0.083712	56067.4	0.000175285	
2604	466	745	15.3561	13.6518	1037	18	8	472	16	68	349	4	0.353695	31372.6	0.000152346	
2677	384	753	15.5339	12.8532	1015	11	6	467	0	71	344	6	0.30333	33611.6	0.000145391	
2519	351	758	14.7447	13.0483	1033	11	7	484	8	80	348	6	0.272586	33366.7	0.000147427	
2615	301	752	19.1686	15.4507	1024	14	9	481	15	63	342	6	0.219312	31613.8	0.000169693	
2567	277	749	12.6286	11.7718	992	12	5	488	4	67	350	5	0.24562	37649.1	0.000138026	
2490	100	744	22.7754	12.4863	967	15	6	484	11	75	344	5	0.07555	59165.1	0.000182083	
2393	138	749	21.7807	10.0563	1030	14	5	473	10	56	349	5	0.095644	69336.1	0.000154464	
2540	133	742	21.0556	10.6308	1019	14	9	467	15	53	339	4	0.100737	60213.7	0.000152602	
2581	116	745	22.1098	10.8021	1019	12	9	469	16	60	338	4	0.090037	63082.8	0.000159668	
2415	111	771	23.9806	14.7174	1050	15	9	468	12	77	341	4	0.079345	52294.7	0.00018498	
2423	117	729	23.1422	12.5226	960	13	9	462	11	79	326	6	0.080205	54900	0.000178063	
2402	111	771	21.1481	10.0259	1050	15	9	468	17	80	338	4	0.085114	68445.2	0.000161005	
2502	271	757	15.7501	14.3721	1050	10	5	483	8	56	347	6	0.208947	34236	0.000158907	
2520	140	739	20.9324	15.2476	978	16	5	485	7	67	341	4	0.103483	43188.7	0.000177494	
2611	281	745	19.1686	15.3397	1001	14	6	483	8	63	344	6	0.203668	32442.4	0.000170648	
2300	100	729	21.1664	12.445	965	13	9	474	11	79	345	5	0.070788	58121.6	0.000188076	
2574	228	770	12.6286	10.1914	1010	13	7	490	14	70	348	6	0.219178	42766.4	0.000128222	
2516	100	745	24.4779	12.4863	950	14	9	482	11	70	337	5	0.073714	59972.8	0.000183587	
2593	138	774	19.0232	10.6329	992	14	9	472	3	68	325	6	0.117357	54456.2	0.000144259	
2349	143	757	23.1164	15.384	1000	16	9	474	2	74	310	6	0.094633	44577.4	0.000191608	
2573	151	735	19.2458	10.1644	1048	14	6	483	17	55	337	4	0.11703	59516.1	0.000143123	
2700	355	769	15.5061	11.4172	1047	11	6	477	0	72	348	6	0.291253	36733.1	0.000132521	
2636	209	763	18.3532	11.9723	1027	10	7	476	3	49	348	5	0.165674	42519	0.000143823	
2503	100	756	23.1422	10.5887	998	14	6	471	7	76	347	5	0.076672	69497.1	0.00017343	
2502	344	766	16.499	14.9586	1050	11	7	486	10	71	348	6	0.256365	31556	0.000161917	
2632	145	761	21.0807	10.0831	961	14	5	478	5	64	350	5	0.114938	62594.4	0.000141844	
2318	193	728	19.5018	15.9166	931	16	7	474	3	72	323	4	0.12592	36780.8	0.000193798	
2621	239	750	17.6666	12.2622	1050	14	9	485	3	69	341	5	0.184449	39060.3	0.00014453	
2570	181	758	15.6071	11.2719	1022	15	4	473	11	69	321	6	0.157163	45167.1	0.000142005	
2337	113	744	25	15.4081	967	18	5	483	9	76	344	4	0.073002	51275.1	0.000201491	
2686	218	775	17.8552	13.5228	981	10	5	486	4	58	334	5	0.180255	37578.2	0.000152114	
2442	236	736	17.6523	15.8654	986	11	6	462	10	59	350	6	0.166929	33678.7	0.000180278	
2543	412	736	17.3329	16	990	15	8	478	10	60	326	4	0.291901	29542.5	0.000179404	
2593	124	725	18.7801	11.5799	1050	13	6	481	18	55	340	5	0.102324	54056.4	0.000156201	
2564	277	774	12.6286	11.547	992	12	7	488	18	80	348	6	0.25354	37612.8	0.000135281	
2574	170	775	18.3167	14.6553	1050	11	7	467	20	77	314	6	0.139118	39582.2	0.000162575	
2523	164	732	16.3264	12.1169	1019	18	7	471	13	74	334	5	0.134161	44471.6	0.000149499	
2544	256	770	14.0634	10.1914	1010	13	7	490	17	70	346	6	0.219201	41873.9	0.000130668	
2606	109	752	20.1766	10.6887	1015	12	9	469	16	52	339	4	0.093052	61153.2	0.000160359	
2615	186	731	17.4755	15.7585	931	14	5	481	5	60	346	6	0.146755	36444.6	0.000177179	
2618	217	727	15.6264	14.9734	1017	15	10	488	3	66	324	4	0.175518	35308.3	0.000166778	
2691	368	771	15.5339	12.3277	1046	11	6	467	0	79	348	6	0.300056	34631.8	0.000138255	
2416	114	725	21.2307	10.1644	1044	16	8	481	3	54	340	5	0.082198	69769.3	0.000164908	
2369	147	768	18.8847	16	981	13	8	475	5	79	336	4	0.111152	41276.2	0.000182282	
2349	157	757	20.1276	16	914	16	8	474	6	45	324	6	0.10979	39314.1	0.000197785	
2423	117	729	23.1422	12.6149	960	13	9	462	11	79	326	6	0.080205	54561.3	0.000178508	
2620	407	747	14.5835	12.4809	1017	12	8	477	12	60	348	5	0.319982	33567.9	0.000143431	
2663	251	757	18.2879	15.5934	1044	11	8	472	2	49	335	5	0.193922	33408.5	0.000169924	
2413	100	757	23.1164	15.5577	1050	10	9	474	4	59	315	6	0.073432	53021.6	0.000196889	
2350	123	734	21.5302	15.3861	981	17	6	471	10	64	338	6	0.084835	46677.5	0.000191022	
2559	140	757	19.8884	10	1050	14	6	481	14	56	346	5	0.111392	62705	0.000142511	
2645	500	733	16.8466	15.4692	1045	12	7	482	8	77	334	5	0.368073	28911.5	0.000166917	
2382	152	728	19.1676	15.9771	992	11	8	481	11	79	345	6	0.107681	40971.4	0.000185839	
2462	186	747	18.4442	15.1494	938	17	9	472	10	50	346	5	0.136865	37186.4	0.000179598	
2629	159	743	15.9456	13.4334	1005	16	9	472	9	78	329	4	0.141439	41827.2	0.000153917	
2525	107	745	21.5842	10	998	14	6	471	7	76	344	5	0.083769	68967.8	0.000163988	
2623	255	772	17.9193	15.5773	997	10	6	462	10	57	347	6	0.199521	33006.2	0.000168606	
2357	127	734	21.5302	15.3861	978	17	5	473	7	68	347	4	0.087277	46074	0.000188822	
2621	274	763	19.1235	15.9342	984	14	6	488	10	68	350	5	0.20462	31816.1	0.000171969	
2593	434	737	19.6183	16	958	15	8	478	10	60	346	5	0.301976	29295	0.00018005	
2669	260	759	15.5697	14.9884	964	13	6	487	12	78	339	5	0.216643	33334.9	0.000161551	
2629	176	743	16.451	13.4334	1005	16	8	468	7	78	329	6	0.149115	40213.5	0.00015456	
2547	131	735	20.6548	10.4028	1041	13	5	467	19	55	343	5	0.100083	63762.6	0.000150943	
2663	251	752	18.2879	15.5934	1044	11	8	472	2	49	335	5	0.192641	33408.2	0.000170503	
2579	468	734	16.8466	15.6474	1033	10	8	482	9	78	334	5	0.337347	29050.9	0.000170387	
2300	147	735	18.4566	13.5369	1027	14	7	487	5	60	334	5	0.104015	46630.2	0.000171409	
2326	118	757	23.1164	15.384	976	15	9	474	8	50	310	6	0.0799	47984.8	0.000200361	
2337	195	735	17.7878	14.1767	957	12	6	479	3	67	344	6	0.135366	38775.2	0.000172206	
2568	289	768	18.8847	14.6251	1003	13	8	490	5	77	331	4	0.213317	32827.6	0.00016292	
2677	385	769	14.4178	10.8866	1050	10	8	481	1	72	350	6	0.320514	36720.7	0.0001288	
2592	256	754	14.2891	10.4437	1024	13	7	472	9	70	348	6	0.216648	41432.9	0.000130976	
2349	143	744	20.9633	15.2443	900	16	8	478	0	46	328	6	0.097962	42121.4	0.000195503	
2613	186	770	15.4682	12.628	1022	12	6	481	16	78	344	5	0.166271	40458.2	0.000142816	
2581	112	742	25	11.4361	990	14	7	464	16	52	343	4	0.081442	65159.7	0.000171028	
2561	182	749	13.6543	11.3222	932	10	9	481	14	58	339	5	0.17078	43249.3	0.000140469	
2669	249	769	15.3207	12.607	950	11	8	487	1	59	347	5	0.213838	36831.2	0.000144175	
2601	376	733	17.3329	16	952	15	8	478	10	60	326	4	0.271564	29744.7	0.00017934	
2677	236	768	15.5339	12.101	1047	11	6	467	2	71	348	6	0.203218	38769.8	0.000137419	
2700	296	732	14.6871	11.3538	1034	14	9	470	10	80	345	6	0.242768	37758.9	0.00013598	
2649	157	733	19.3139	14.6502	1003	13	6	480	3	69	305	6	0.124103	41048.7	0.000169578	
2300	175	739	21.2943	15.0223	955	11	7	487	19	59	328	5	0.111893	40928.9	0.000190295	
2645	422	733	16.8466	15.5204	1033	11	7	481	8	78	338	5	0.310996	29395.4	0.000167588	
2550	109	743	22.877	10.8021	1019	14	9	467	16	52	339	4	0.082783	66518.4	0.000167029	
2415	111	765	25	15.3105	1041	15	9	468	19	78	338	4	0.076977	51440	0.000191718	
2451	131	742	16.5738	12.7896	968	13	9	486	5	62	339	6	0.111602	46924	0.000160205	
2562	149	754	18.1165	11.19	922	10	7	487	7	61	337	6	0.123004	49561.8	0.000146735	
2550	144	743	17.4755	12.2347	966	14	5	490	5	67	336	6	0.119884	47024.3	0.000152648	
2405	126	734	19.7628	10.9188	963	16	9	481	10	67	322	5	0.093091	56925.7	0.000161838	
2560	393	760	14.7447	13.9346	1021	11	7	483	8	80	348	6	0.30739	31554.8	0.000152835	
2496	108	736	21.8137	13.1638	952	10	9	474	17	55	335	4	0.081638	53327.6	0.000178955	
2418	191	743	22.7433	15.5577	908	15	9	474	5	62	310	6	0.12447	37606.9	0.000194553	
2609	134	744	19.8224	12.5296	976	16	9	465	3	49	343	4	0.108226	49072.2	0.000159337	
2699	226	765	16.9218	13.5228	972	12	5	469	5	59	342	5	0.188753	37053.7	0.000152462	
2584	138	774	22.7612	10.0831	1006	16	4	478	4	65	344	4	0.10589	68542.5	0.000146456	
2522	356	766	16.499	14.9586	1050	11	7	486	9	75	348	6	0.266612	31200.4	0.000161212	
2618	217	731	20.0377	15.7048	1020	12	9	488	3	69	341	4	0.156542	34534.7	0.000174095	
2428	119	741	21.2802	10.0563	1001	14	6	471	10	55	343	5	0.087266	68105.1	0.000159591	
2597	151	729	19.2318	10.1644	1041	14	6	482	19	66	342	5	0.117248	58562.9	0.000141804	
2588	191	770	10.4481	10.0346	1010	13	6	490	4	62	348	6	0.235742	48285.8	0.000125676	
2645	398	747	19.0834	16	1020	13	4	480	12	57	350	5	0.287697	29750.9	0.000173581	
2516	152	775	14.2647	11.8928	949	10	7	468	8	77	340	4	0.148304	44924.6	0.000143266	
2593	242	737	19.6183	16	958	15	8	478	10	60	346	5	0.173227	32965.2	0.000180115	
2593	138	775	20.2617	10.3388	992	13	8	472	7	64	315	5	0.113241	58483.6	0.000145964	
2656	289	769	14.7703	13.6518	1037	17	8	480	17	71	341	4	0.244766	33739.9	0.000148434	
2700	455	733	14.9936	14.4845	1047	12	7	482	8	73	334	5	0.354466	30247.9	0.00015674	
2418	126	774	21.6135	10	900	11	5	477	3	64	312	5	0.093611	64741.9	0.000158378	
2593	344	738	19.6183	16	958	15	8	478	10	60	344	5	0.24018	30290.3	0.000180083	
2406	143	757	22.5218	15.8842	914	16	9	474	2	46	347	5	0.098389	41432.8	0.000197083	
2619	162	725	17.8686	11.1184	1031	13	9	464	15	68	340	4	0.129461	48811.2	0.000142653	
2502	344	757	15.7501	14.3721	1033	10	5	489	7	80	348	6	0.257897	32169.7	0.000158253	
2386	148	742	22.5735	15.4081	986	18	4	483	11	79	341	4	0.098309	43878.2	0.000186951	
2672	151	729	18.0891	10.1644	1013	14	9	482	19	55	347	5	0.125648	55456.2	0.000138985	
2453	152	731	15.7839	10.3446	978	14	7	461	10	59	333	5	0.126424	51012.3	0.000144196	
2651	500	733	14.9936	14.4845	1033	12	7	482	8	74	334	4	0.382445	29992.8	0.000158253	
2550	112	742	20.1766	10.6887	1015	12	5	470	16	52	347	5	0.091269	62260.8	0.000160282	
2411	194	767	16.5663	13.0425	966	14	9	490	8	73	350	6	0.151084	39856.8	0.000154799	
2432	138	772	21.0807	10.0831	944	15	5	478	7	69	344	4	0.102731	61981.3	0.000149993	
2593	379	737	15.9443	16	952	15	8	473	10	61	326	5	0.282326	29950.7	0.00017762	
2532	266	760	14.2539	13.3049	1040	15	9	464	20	70	346	5	0.220168	35277.2	0.000148943	
2621	466	749	15.3466	13.0771	1037	17	8	472	14	68	349	4	0.358352	32155.5	0.000147319	
2513	194	771	12.9637	10.2746	1018	13	7	480	14	70	348	5	0.187536	44990.4	0.000129938	
2697	500	769	14.9303	13.9007	1046	11	9	483	6	80	343	6	0.407145	30450.8	0.000148104	
2429	129	737	21.6169	13.0752	951	11	8	481	18	73	344	5	0.091264	49998.7	0.000171145	
2550	109	744	22.1098	10.8021	1048	15	10	469	17	54	337	4	0.084632	65710.8	0.000165481	
2661	134	748	20.6804	11.2955	1015	11	6	467	18	74	326	5	0.108808	55615.5	0.000149925	
2502	344	760	15.7501	14.3721	1033	10	5	490	6	80	348	6	0.258919	32173.1	0.000157903	
2552	256	774	14.2891	10.1625	1024	13	7	472	13	70	348	6	0.219093	42244	0.000128916	
2668	376	754	14.1788	11.5457	1007	14	7	478	15	73	343	5	0.309494	35604.9	0.000136184	
2550	112	750	21.4077	10.6887	923	11	9	470	1	52	341	5	0.088796	61784.7	0.000162707	
2656	449	749	14.7703	13.6518	1050	16	7	487	17	61	348	4	0.353929	31520.8	0.000150038	
2570	266	772	16.1662	12.9427	994	10	4	484	5	71	328	6	0.212659	36031.9	0.000149209	
2629	436	740	15.2841	13.6012	1040	16	9	474	9	62	350	5	0.332829	31671.2	0.000151883	
2349	122	745	20.3988	15.2443	900	15	8	478	0	46	328	6	0.088209	45144.5	0.00019425	
2622	100	745	25	12.4863	950	15	9	484	17	69	344	5	0.076304	61045.2	0.000181127	
2694	377	759	16.9812	14.9884	949	14	6	484	12	78	332	6	0.292465	30772.9	0.000163881	
2559	140	757	19.8884	10	952	11	6	481	16	56	334	5	0.111392	60381.9	0.000145096	
2300	148	735	23.1681	15.3239	955	18	4	483	11	79	311	4	0.09237	44703.1	0.000199521	
2653	220	742	14.5455	12.0149	977	13	6	488	7	50	346	5	0.191531	39934.9	0.000143287	
2671	245	732	15.6264	11.9629	1032	11	10	488	2	66	344	4	0.198545	38150.3	0.000140766	
2370	103	736	22.1895	10.2777	1032	11	7	475	10	56	346	5	0.073575	73789.3	0.00017452	
2432	138	774	21.0807	10.0831	957	15	5	473	4	64	344	4	0.102997	62461.6	0.000149633	
2689	440	765	16.807	12.5943	1026	10	6	470	2	71	344	4	0.343055	33848.6	0.000142714	
2415	111	775	23.9806	15.3752	1041	15	10	468	19	77	338	4	0.079756	50621.5	0.000188253	
2357	127	738	21.5302	15.1243	978	13	5	473	8	80	347	4	0.087752	46633.2	0.000186081	
2405	193	743	19.5018	15.9166	931	16	9	465	2	67	321	4	0.133546	36104.1	0.000188359	
2609	163	744	20.0317	12.5296	977	16	9	464	4	49	343	4	0.125199	45671.3	0.000157406	
2550	116	748	19.3822	10.7662	1015	12	9	473	17	54	337	4	0.097208	58195.2	0.000156421	
2376	123	775	21.0807	10.3388	992	13	7	472	2	64	315	5	0.091855	63902.1	0.000159236	
2393	100	748	21.549	10.5095	1030	14	7	467	11	55	329	5	0.075652	69681.3	0.000175162	
2346	118	757	23.1164	15.384	974	16	9	472	2	50	310	6	0.080714	47709.7	0.000199442	
2607	204	732	18.1276	16	912	16	8	479	10	68	336	4	0.155265	34804.8	0.000180734	
2409	241	745	19.5018	15.9166	942	18	8	460	3	74	337	5	0.162707	33562.8	0.000186289	
2700	347	769	16.5403	11.4172	1047	11	6	476	2	70	348	6	0.277591	37742.9	0.000133654	
2642	240	763	18.9832	15.63	1017	14	4	490	20	63	325	4	0.183989	33806.3	0.000170445	
2360	106	769	21.022	13.7758	904	11	5	485	15	46	330	5	0.080915	51696.1	0.000185763	
2588	182	749	13.6543	11.3222	1050	10	6	481	11	66	339	5	0.172597	43768.4	0.000136407	
2559	376	748	19.3674	15.9772	956	13	9	468	8	61	336	5	0.263655	29927.9	0.000179953	
2652	277	747	12.6286	11.1592	992	12	9	488	10	67	348	5	0.252565	38548	0.000133227	
2629	132	743	20.5798	13.4334	1040	16	9	472	9	76	329	6	0.105428	47625.4	0.00016176	
2656	466	768	14.7703	13.6518	1046	17	8	482	10	64	338	4	0.376099	31431.8	0.000149321	
2572	239	774	21.3531	15.7259	1011	14	8	475	5	70	339	6	0.172631	34023.9	0.000174216	
2700	298	768	15.5697	12.883	970	11	7	480	8	78	339	6	0.248634	34838.1	0.000145117	
2348	241	745	19.5018	15.9166	927	15	8	460	3	74	324	6	0.158598	33812.6	0.000190476	
2689	356	765	16.807	12.5943	1024	11	6	470	2	71	341	4	0.280283	34742.5	0.000143102	
2440	234	764	17.3011	11.8882	936	17	8	485	13	79	349	5	0.173695	39740.3	0.000149142	
2645	407	747	19.0834	16	1001	14	4	473	12	58	350	5	0.294143	29687.8	0.000174886	
2502	344	766	16.499	14.9586	1041	11	7	486	10	71	348	6	0.256365	31494.4	0.000162311	
2613	198	770	14.3445	13.13	1029	15	6	481	3	80	344	4	0.182938	38858.2	0.000144697	
2494	249	756	15.3207	12.607	983	17	6	477	1	55	347	5	0.19681	37389.4	0.000150602	
2598	170	775	18.3167	14.1811	1050	11	8	469	5	76	314	6	0.140488	40169.2	0.000158604	
2677	341	771	14.6471	12.3277	1015	16	8	467	0	71	344	6	0.286386	35011	0.000139665	
2550	109	743	23.0379	10.8021	1019	12	9	465	19	52	342	4	0.082206	66737.4	0.000167196	
2337	113	744	22.7301	15.3539	967	16	6	483	9	76	344	5	0.077376	49737.4	0.000194326	
2568	315	764	19.0108	16	1003	13	8	490	5	79	336	4	0.229159	30592.7	0.00017304	
2665	356	771	16.807	12.5943	1024	11	5	468	10	73	336	4	0.28016	34812.2	0.000143513	
2623	187	771	18.319	15.0339	1030	12	9	463	14	80	347	4	0.152172	37083.7	0.000162813	
2650	453	735	16.3883	15.0883	1016	17	4	480	8	66	348	5	0.337672	29948.3	0.000164826	
2353	100	736	21.1808	12.8511	970	11	8	474	14	54	345	4	0.073463	56485.8	0.000186463	
2548	112	750	19.9557	10.104	935	12	6	470	16	50	344	5	0.09274	63785.9	0.000158529	
2568	148	731	17.4755	12.4354	1037	14	5	471	9	73	339	6	0.121217	46445.9	0.000151446	
2314	143	745	22.5218	15.8842	929	16	9	474	3	63	331	6	0.09266	42783.9	0.000199243	
2316	218	748	19.7412	16	906	15	8	460	6	74	324	6	0.142495	34973.2	0.000193949	
2609	111	761	22.9962	10	1012	14	5	478	1	60	350	5	0.088302	72728	0.000158303	
2497	119	742	22.9698	16	1028	13	5	471	10	55	343	5	0.086274	46879.2	0.000188822	
2372	236	736	19.7597	15.4989	1024	11	9	462	9	54	350	6	0.154178	35170.9	0.000181851	
2349	177	757	23.1164	15.384	980	16	9	474	6	46	325	5	0.113795	39827.8	0.00019685	
2337	152	735	19.3139	14.3707	976	15	6	479	1	67	336	6	0.105944	43365.9	0.000177085	
2382	109	736	23.4444	10.553	978	16	5	470	4	64	336	6	0.074526	70724	0.000175009	
2571	206	737	15.6412	14.0724	994	13	6	481	8	80	348	6	0.167828	36966.3	0.000158403	
2315	241	748	19.7412	15.76	946	17	7	461	4	74	324	6	0.155848	34496.8	0.000190512	
2500	179	748	14.8426	13.2003	980	10	5	468	11	75	337	5	0.154734	40354.3	0.000153657	
2577	277	763	16.0135	11.9286	987	14	10	484	1	73	348	4	0.218783	36868.8	0.000141044	
2353	100	736	21.1808	12.8511	946	11	8	474	14	58	338	4	0.073463	56022.3	0.000187126	
2633	448	733	16.7612	16	1027	17	4	478	6	58	346	5	0.328426	29237.7	0.000173883	
2653	220	762	17.5723	15.5671	1030	14	4	488	20	65	325	4	0.177636	34655.8	0.000167392	
2405	128	731	20.3073	10.9188	963	18	9	481	10	67	322	6	0.092196	57696.3	0.000163052	
2520	140	739	21.5302	14.6952	978	15	5	468	7	67	341	4	0.102336	44147.6	0.000175439	
2413	191	743	23.1164	15.5577	917	16	9	474	4	59	310	4	0.12303	37858.4	0.000196117	
2550	109	748	22.1098	10.7662	1015	14	9	467	16	54	337	4	0.085087	64813.8	0.00016518	
2557	112	738	22.7125	12.2755	1032	12	7	476	4	80	333	6	0.084782	57462.3	0.000169549	
2489	269	739	13.6837	10.4343	1021	18	7	474	11	74	350	6	0.218004	41256.6	0.00013488	
2593	291	769	17.2798	14.5691	1014	15	8	474	15	59	348	5	0.224226	32840.2	0.000160308	
2349	143	745	20.9633	15.2443	900	16	8	478	0	46	328	6	0.098094	42132.7	0.000195389	
2565	277	760	15.2628	11.9286	987	13	10	484	1	73	343	4	0.222058	36675.7	0.000141363	
2562	156	754	18.2666	11.19	960	10	7	487	8	61	349	6	0.12669	49047.6	0.00014374	
2300	113	744	22.7301	15.4081	977	17	5	483	9	76	344	4	0.075917	50400.9	0.00019658	
2626	142	726	12.0644	10.247	1031	10	8	461	2	58	344	4	0.163357	50114	0.00013611	
2583	500	756	15.748	14.4835	1040	11	7	483	8	76	346	5	0.379239	30051.6	0.000156838	
2471	145	738	19.9923	15.2281	952	10	9	475	19	53	335	4	0.10677	41788.1	0.000180408	
2627	145	761	21.0807	10.0831	947	14	5	478	5	64	350	5	0.114697	62622.1	0.00014241	
2523	100	748	24.4779	12.4863	992	15	6	484	11	75	344	5	0.074262	61462.6	0.000181984	
2357	160	734	21.5302	15.0386	975	17	5	473	7	68	347	4	0.10524	41962.8	0.000185254	
2645	386	733	16.8466	15.5204	1033	11	7	482	8	78	334	5	0.285439	29765	0.000167813	
2649	173	725	17.3497	11.1184	1031	13	9	468	15	63	343	4	0.140095	47284.9	0.00014043	
2341	250	744	20.5591	16	927	15	8	461	3	74	332	6	0.159753	33662.9	0.000193087	
2700	151	758	19.8884	10.2788	1050	14	6	482	14	58	335	5	0.125294	59279.9	0.000138696	
2622	100	745	25	12.4863	933	15	9	484	17	69	344	5	0.076304	60923.2	0.000181488	
2584	182	749	15.4976	11.3222	1047	11	6	481	11	66	339	5	0.157386	44484.2	0.000138408	
2376	111	771	23.9806	15.1634	1041	13	10	468	18	77	338	4	0.077807	51495.4	0.000189681	
2621	265	752	17.6666	12.201	1026	15	8	485	3	69	342	5	0.202126	38059.2	0.000144739	
2583	500	734	16.8466	15.3175	1040	11	7	482	8	76	346	5	0.361151	29187.4	0.000166694	
2471	109	729	23.1422	12.5226	960	12	9	464	7	76	324	5	0.077693	56225	0.000179533	
2680	295	745	15.7022	14.4058	1005	17	9	470	17	71	345	5	0.236783	32846.9	0.000158003	
2353	100	757	21.1808	12.8511	975	12	8	474	14	54	345	4	0.075559	56328.7	0.000183959	
2700	296	745	14.6871	13.8807	1034	14	9	470	11	63	345	5	0.24708	33546.6	0.000151768	
2529	149	760	17.5745	11.3734	915	10	7	472	13	61	335	6	0.124596	48190.5	0.00014771	
2556	148	729	18.0891	10.1897	1033	13	6	476	19	58	347	5	0.118033	56614.7	0.000141643	
2611	123	774	21.0807	10.0135	1021	14	4	468	0	66	317	4	0.102181	67393.5	0.000148943	
2315	148	734	21.1991	15.7855	933	16	4	483	11	79	350	4	0.097237	42592.3	0.000193611	
2552	137	751	20.1201	12.4025	1015	12	9	470	16	69	340	5	0.10721	49292.5	0.00015569	
2341	241	744	21.8468	15.9166	927	15	8	460	3	74	340	6	0.150947	34467.1	0.000195008	
2393	119	741	21.2802	10.0563	1028	14	6	471	10	55	343	5	0.085811	69920.1	0.000160514	
2536	393	745	16.8487	15.2061	1033	11	7	485	8	80	348	6	0.28415	30269.2	0.000166168	
2677	341	770	15.5339	12.3277	1015	11	7	473	0	71	344	6	0.278346	34926.9	0.000139978	
2592	256	754	14.2891	10.4437	1024	13	7	472	13	70	348	6	0.216648	41400	0.000131027	
2498	131	735	19.8884	10.4838	1041	14	6	482	19	55	338	5	0.10016	61340.1	0.000152323	
2516	152	775	13.7664	11.3852	949	10	9	463	3	78	346	4	0.153067	45648.3	0.000139451	
2554	100	729	22.0967	15.2072	973	13	8	482	10	80	348	4	0.078019	51133.7	0.00019216	
2475	111	731	23.9806	15.5061	1000	15	6	471	9	77	339	4	0.077471	49564.5	0.000193013	
2654	297	746	15.3707	15.1962	1014	15	7	479	9	66	350	4	0.23823	31804.4	0.000162787	
2570	210	775	16.552	11.2719	1022	15	4	473	9	71	344	6	0.173424	43726.8	0.00013725	
2677	319	749	12.5208	13.3974	1050	11	6	468	0	75	345	6	0.286741	34599.1	0.000145412	
2644	466	769	14.2496	13.0943	1037	16	7	483	16	59	350	4	0.381068	32308.9	0.000144509	
2579	348	771	18.9587	15.9277	1014	11	8	479	17	75	350	4	0.255213	30018.8	0.000170823	
2379	147	730	20.8539	15.3861	978	17	5	482	7	68	347	4	0.100223	42659.6	0.000185117	
2668	351	754	15.205	11.5457	1007	15	4	478	9	64	347	5	0.281626	37274.8	0.000137099	
2629	261	765	16.451	14.1552	1050	14	8	472	8	78	339	5	0.210022	34058.7	0.000153917	
2677	245	732	15.6264	11.549	1032	11	10	488	2	66	344	4	0.198981	39164.7	0.000138313	
2391	111	771	23.9806	15.1634	1019	13	10	468	18	77	338	4	0.078398	50872.6	0.000189538	
2675	327	772	18.7933	15.3558	1014	13	8	479	17	64	350	4	0.249945	30912	0.000164123	
2471	117	736	20.4184	15.2281	962	12	10	474	18	58	347	4	0.089545	46383.3	0.000183419	
2622	100	745	24.4779	12.4863	950	15	9	483	11	70	344	5	0.077504	60317.1	0.000179986	
2315	148	733	21.1991	15.7855	928	16	4	476	11	71	349	5	0.097105	42273.2	0.000194477	
2320	120	731	20.8105	11.4465	1014	13	9	475	14	47	331	6	0.083227	58909.7	0.000171615	
2402	194	769	16.5663	13.0425	911	14	9	490	8	73	350	6	0.150899	39430.3	0.000157505	
2443	108	728	21.9401	13.1088	979	10	8	481	6	79	346	6	0.078727	54181.3	0.000179953	
2700	295	768	15.5697	12.883	970	11	7	480	8	76	339	5	0.246484	34896.7	0.00014497	
2503	100	759	23.1422	10	998	14	6	471	7	76	347	5	0.076976	73957	0.000171204	
2550	116	745	22.1098	10.8021	1019	14	9	469	16	60	338	4	0.088783	63261.6	0.000160746	
2672	385	769	14.4375	13.3974	1047	11	6	467	0	75	348	5	0.319987	32553.4	0.000144886	
2513	194	774	14.6239	10.161	1048	13	7	481	14	69	348	5	0.171795	46558.1	0.000130141	
2376	100	775	21.0807	10.3388	976	16	7	482	2	64	315	6	0.078827	67548.1	0.000172771	
2639	301	750	15.6579	14.3786	985	11	7	481	10	63	340	6	0.239028	32688	0.000158932	
2431	137	751	19.382	11.1646	946	18	5	467	10	71	328	6	0.10437	54110	0.000155763	
2567	277	774	12.6286	11.547	992	13	7	488	14	67	348	6	0.253818	37959.3	0.000135153	
2626	127	744	20.3621	15.1634	1030	15	8	465	19	77	315	4	0.103024	44731.4	0.000173853	
2613	154	770	18.8554	12.458	1018	12	6	481	8	78	344	5	0.128415	45791.8	0.000146929	
2415	111	771	23.9806	15.1634	1041	15	10	468	19	77	338	4	0.079345	51088.7	0.000187652	
2691	217	750	19.4312	13.6951	1030	11	5	482	1	72	331	6	0.167089	38326.5	0.000155497	
2660	423	761	10.0204	10	982	11	4	474	7	62	342	4	0.428096	42242.7	0.000125251	
2384	148	728	20.5277	10.5189	993	11	8	483	5	60	341	6	0.101266	59414.1	0.000155376	
2581	289	767	15.0477	10.7067	991	13	7	488	14	67	346	6	0.235663	39781.2	0.000133511	
2516	151	775	13.7664	11.8928	949	10	7	464	9	74	346	4	0.152431	45076.3	0.000142349	
2505	296	766	11.6798	11.4316	1039	11	10	483	0	72	346	6	0.27356	38281.4	0.000134916	
2546	134	743	16.451	12.6616	996	16	9	472	7	76	332	6	0.118838	46315.8	0.000155521	
2593	274	736	17.7431	16	990	14	8	478	10	60	326	4	0.200967	31828	0.000177999	
2604	151	758	16.7907	10.5931	1046	14	6	478	17	60	336	5	0.133046	51614.1	0.000138466	
2559	131	735	20.6548	10.4028	1041	14	6	482	19	55	343	5	0.100613	62962.3	0.000150875	
2496	100	736	21.8137	13.1638	952	10	9	474	17	78	335	4	0.077186	54795.9	0.000184502	
2393	138	749	21.7807	10.0563	1030	13	5	473	9	56	349	5	0.095644	69426.7	0.000154273	
2615	161	730	17.8125	15.2581	1050	17	4	476	20	56	344	6	0.130133	39913.8	0.000170619	
2341	241	754	19.5018	15.9166	942	18	9	460	10	74	340	6	0.160037	33899.2	0.000188466	
2501	157	731	13.5985	11.901	973	15	7	468	4	74	345	4	0.148166	44637.5	0.000145964	
2346	110	757	18.7029	10.9611	1035	14	6	481	14	41	340	4	0.08825	59913.5	0.000165071	
2663	340	750	18.9587	16	997	11	9	479	17	68	350	4	0.25017	30024.4	0.000172444	
2550	112	749	24.2585	10.6887	935	12	6	470	13	69	339	5	0.082236	67835.1	0.000166973	
2548	109	736	23.0379	10.8021	1019	13	9	467	19	54	342	4	0.081356	66877.4	0.000168067	
2601	376	733	17.3329	16	940	14	9	490	10	60	327	5	0.271564	29701.8	0.000179469	
2393	138	741	17.4172	10.0563	1037	14	6	474	10	56	346	5	0.108767	58512.6	0.00014637	
2349	143	757	22.5218	15.1153	914	16	9	474	2	46	343	6	0.095764	42847.9	0.000194818	
2564	149	767	18.6324	11.19	908	10	7	474	17	61	331	6	0.122828	50177.3	0.000147297	
2550	105	746	24.6937	11.5784	990	13	6	478	15	52	341	5	0.077298	65737.5	0.000175809	
2415	111	765	25	14.8738	1041	15	9	468	19	77	341	4	0.076977	52494	0.000189394	
2464	241	741	14.2539	13.5155	1031	18	7	464	14	72	346	4	0.193283	36390.7	0.000154703	
2456	111	739	23.9806	10.2003	1020	15	6	471	9	77	339	4	0.077601	73872.7	0.000168805	
2323	100	742	22.5661	14.1784	988	12	7	487	5	59	333	5	0.069765	55672.9	0.000195963	
2486	114	725	19.1767	11.5179	1045	16	9	481	3	57	331	6	0.090955	56595.6	0.00016518	
2596	151	729	17.9637	10	981	13	6	488	10	55	346	5	0.122391	56753.1	0.000140311	
2522	163	728	20.3809	10.7151	1019	11	8	478	6	79	337	6	0.11698	54469.5	0.00014782	
2529	146	752	17.5745	11.3734	915	13	7	472	13	61	333	6	0.121478	48841.2	0.000149544	
2559	131	735	19.8884	10.4838	1041	14	6	482	19	55	335	5	0.102899	60848.1	0.000150807	
2333	122	757	23.1164	15.4142	915	16	9	474	2	50	331	6	0.082363	46508.3	0.000199442	
2499	111	775	22.6746	15.3752	1041	15	7	468	19	77	349	4	0.086075	49186	0.000181686	
2592	265	754	14.2891	13.273	1024	13	8	474	11	70	346	6	0.222715	35226	0.00014817	
2468	215	764	17.3011	12.1725	936	17	8	483	16	80	350	5	0.163682	39978.1	0.000149813	
2519	197	731	22.1325	16	1020	14	10	488	3	64	324	4	0.132616	36622.7	0.000185563	
2621	261	748	17.1125	15.5617	990	15	8	478	9	57	332	4	0.200936	32730.2	0.000172058	
2669	237	772	19.8149	16	1001	13	9	479	17	68	350	4	0.182706	33103.9	0.000170736	
2636	355	768	15.5339	13.4087	1030	11	6	467	0	71	346	6	0.283838	32905.3	0.00014782	
2432	118	728	21.9401	13.1088	979	10	7	481	6	79	346	6	0.083725	52554.4	0.000175346	
2615	140	775	19.5366	14.6553	1015	12	7	465	15	77	320	5	0.118025	43135.4	0.000164393	
2502	296	757	15.7501	13.9435	1033	10	9	489	5	80	349	6	0.225473	33448	0.000155087	
2677	355	769	14.6715	10.8866	1050	10	6	470	0	72	348	6	0.295987	37835.9	0.000129333	
2560	396	760	14.7447	13.1989	1021	11	7	483	9	80	348	6	0.309562	32339.6	0.000147623	
2389	100	773	23.9806	14.5661	1050	15	9	468	19	77	339	4	0.072359	55394.9	0.000191461	
2452	137	727	21.3892	10.9393	1037	14	8	481	6	67	330	6	0.095974	60127.3	0.000158178	
2436	138	774	20.178	10.0831	953	15	5	473	4	64	350	4	0.105508	60565.7	0.000147319	
2502	344	743	15.7501	14.3721	1044	11	5	485	9	78	348	6	0.253127	32222.6	0.000159413	
2503	123	729	23.1422	11.6577	960	14	6	464	6	76	345	5	0.086667	58421.1	0.000167224	
2520	140	734	21.5302	15.3861	978	16	5	471	7	68	341	4	0.101643	42929.5	0.000180897	
2393	138	741	21.549	10.0563	1030	13	7	468	10	55	336	5	0.09573	67695.8	0.00015569	
2696	438	746	14.1165	11.8573	997	15	10	490	5	75	346	4	0.355278	34034.7	0.000137552	
2617	175	775	19.5366	14.6553	1003	12	7	465	16	77	320	6	0.140426	39137.7	0.000164312	
2323	100	746	22.275	14.1784	988	12	6	487	5	69	329	5	0.070674	55694.4	0.000194818	
2520	114	734	21.9141	15.3861	978	16	5	484	9	71	341	4	0.085715	47907.3	0.000185391	
2621	186	750	19.2597	12.2622	1050	14	9	473	3	69	337	5	0.143611	43879	0.000147514	
2484	204	764	17.6737	12.8284	1002	11	9	474	2	74	344	4	0.156039	39401.6	0.00015163	
2662	500	733	14.9936	15.1794	1042	12	6	482	8	72	337	5	0.3838	29406.5	0.000162575	
2496	129	736	21.8137	13.1638	952	10	9	474	17	74	335	4	0.093444	49166.8	0.000169808	
2333	122	757	23.3853	15.4142	915	13	9	474	1	68	337	6	0.081808	47199.7	0.000195886	
2700	377	767	15.5697	14.2622	970	10	8	475	12	78	339	6	0.306137	31444.5	0.000155111	
2645	500	733	16.8466	15.6474	1033	12	7	482	8	78	334	5	0.368073	28747.5	0.000168776	
2349	143	757	19.995	15.1036	904	16	9	474	2	46	324	6	0.102437	41982.9	0.000190767	
2300	148	735	23.1681	15.3239	996	18	4	472	11	79	309	4	0.09237	45050.1	0.000197902	
2677	355	770	15.5339	12.3277	1047	11	6	467	0	71	348	6	0.288628	34850.1	0.000138639	
2682	251	764	18.3532	14.8016	1038	10	8	476	3	49	348	4	0.197102	34160.5	0.00016116	
2536	380	758	15.7501	14.3721	1034	11	7	486	8	76	348	6	0.28665	31330.4	0.000157233	
2465	194	745	17.9279	14.5387	946	18	8	462	5	67	335	4	0.143777	37232.5	0.000171321	
2431	112	726	20.3073	10.9188	956	18	9	482	10	70	322	6	0.083962	60050.6	0.000169233	
2700	245	732	16.2693	11.9629	1022	13	10	488	2	66	344	5	0.196895	38567.7	0.000141483	
2559	234	732	17.1336	12.5609	1018	16	8	464	11	68	339	6	0.175066	38482.9	0.000151378	
2300	185	743	23.1164	15.5577	993	16	9	475	4	65	338	6	0.113585	40193.5	0.000196194	
2622	255	773	14.4802	11.2719	1003	18	6	470	3	71	345	6	0.221909	39892	0.000134626	
2652	376	754	14.1788	11.5457	1007	14	7	478	15	73	343	5	0.307823	35550.2	0.000136537	
2361	103	747	22.5735	14.6666	984	18	4	482	6	56	337	4	0.073252	53087.9	0.000194856	
2583	434	735	16.9786	16	958	13	8	478	10	60	334	5	0.31246	29173.6	0.000177778	
2361	117	735	22.5735	14.6666	974	18	4	482	11	56	344	4	0.07951	49932	0.000190658	
2300	113	744	22.7301	15.115	977	17	5	483	7	76	344	4	0.075917	50906.1	0.000194894	
2610	172	730	17.2935	15.2581	1050	17	4	476	20	60	344	6	0.138878	38630.8	0.00016909	
2615	165	731	17.4755	15.7585	944	14	5	483	5	60	339	6	0.133893	38375.4	0.000176929	
2430	215	764	17.3011	12.5187	936	17	8	483	11	76	349	5	0.161141	39266.9	0.000153539	
2553	149	729	18.9938	11.3734	915	11	7	473	17	61	330	6	0.115071	50273.1	0.000153046	
2595	186	747	18.4442	15.1494	984	17	9	472	10	50	346	5	0.144572	37155.8	0.00017313	
2393	138	741	21.179	10.0563	1028	14	6	471	10	56	343	5	0.096279	67271.1	0.000154273	
2502	345	744	15.7501	13.425	1018	10	5	486	8	71	350	6	0.254141	33347.3	0.000153374	
2300	130	739	22.5735	15.4081	991	16	6	485	10	79	344	4	0.084362	47520.8	0.000193087	
2669	149	760	17.5745	11.3734	915	10	7	471	13	57	335	6	0.132014	48772.1	0.000144613	
2577	286	754	16.7633	15.0531	988	11	7	483	20	65	344	6	0.217763	32310.9	0.000165207	
2503	100	738	23.1422	13.6687	964	14	6	464	7	69	345	5	0.074847	55095.9	0.000187793	
2536	393	767	15.488	14.3721	1033	11	7	486	8	80	348	6	0.301449	31137.3	0.000156055	
2565	239	742	14.7489	10.6041	943	12	6	481	4	55	345	6	0.196308	42616.8	0.000137174	
2361	117	735	22.5735	14.6666	967	18	4	481	11	56	344	4	0.07951	49747.3	0.000190913	
2353	100	736	21.1808	12.8511	946	11	8	474	14	53	335	4	0.073463	55978.7	0.000187477	
2349	143	757	23.1164	15.384	959	16	9	474	2	46	325	6	0.094633	43299.4	0.000197589	
2541	201	769	13.2124	10.8395	1041	15	7	473	18	69	339	5	0.190651	43302.3	0.000133458	
2397	109	749	24.4314	10.8021	900	14	9	473	13	56	340	4	0.074727	65066.5	0.000177968	
2440	215	764	17.3011	12.1725	936	17	8	483	13	79	349	5	0.161809	40064.9	0.000150898	
2665	157	751	18.2895	14.1109	945	15	9	480	14	58	308	5	0.131622	41884.7	0.000166445	
2346	153	760	18.7029	13.1858	1019	14	7	474	9	41	332	4	0.112792	44852.8	0.000168039	
2326	108	774	21.0807	10.0831	947	14	5	478	4	64	322	4	0.081156	67890.7	0.000167476	
2645	453	747	19.178	16	1017	12	4	471	12	61	350	5	0.327594	29316.3	0.000173671	
2329	102	767	21.7726	13.77	905	11	5	487	14	80	322	5	0.075622	53944.8	0.000189394	
2581	291	769	17.2798	14.5691	1014	15	8	474	12	59	348	5	0.223235	32899.3	0.000160617	
2318	193	733	19.5018	15.9166	931	16	7	474	3	72	323	4	0.126785	36793.5	0.000193125	
2353	104	736	22.271	12.5808	964	11	9	474	14	53	335	4	0.072938	57515.9	0.000185322	
2565	224	742	14.7489	10.6041	943	12	6	481	4	68	345	6	0.186638	42776.6	0.000136575	
2314	148	734	22.5735	15.8318	967	18	5	481	12	80	334	5	0.093965	43433	0.000197239	
2666	110	745	21.7885	11.0055	1024	14	6	484	2	74	338	6	0.090476	62935.7	0.000161812	
2516	152	775	13.7664	11.8928	949	10	7	464	8	78	346	4	0.153067	44968	0.000142268	
2623	132	772	18.241	15.5773	997	10	6	462	10	57	345	6	0.117808	43032.3	0.0001703	
2559	124	727	19.8884	11.0511	939	13	7	481	13	55	331	5	0.097758	56658	0.000158604	
2622	359	741	17.5745	13.4234	1050	14	10	486	8	80	338	6	0.263349	32875.9	0.000152532	
2610	227	731	18.1276	16	925	16	8	479	10	67	328	4	0.169617	33537.6	0.000180603	
2580	165	728	19.1676	10.5189	993	11	8	474	6	79	347	6	0.125134	52650.6	0.000142126	
2652	277	739	12.6286	10.1404	992	12	9	487	10	67	348	5	0.24986	40883.3	0.000128717	
2353	100	738	21.1808	12.8511	946	11	8	474	13	53	333	4	0.073663	55953.2	0.000187301	
2675	327	767	18.7933	15.3558	1014	13	8	479	17	64	350	4	0.248326	30912.5	0.000164663	
2423	117	738	23.1422	13.5336	987	12	9	462	11	79	326	6	0.081196	52005.4	0.000181094	
2677	355	769	14.6041	11.0402	1050	10	8	481	12	72	344	6	0.296692	36821.4	0.000130787	
2539	219	733	16.2692	14.9061	1047	17	6	478	5	53	349	5	0.169369	35451.7	0.000167504	
2631	466	765	14.2496	13.0943	1037	16	7	475	16	59	348	4	0.377476	32420.8	0.000145455	
2503	100	729	23.1422	13.6687	960	14	6	464	7	76	345	5	0.073934	55099.7	0.000189036	
2384	112	734	21.5302	15.0231	978	16	7	471	9	75	341	4	0.080321	48927.5	0.000189215	
2696	438	746	12.3318	11.8573	997	15	10	490	5	75	348	4	0.379053	34655.2	0.00013598	
2569	289	767	13.7601	10.7067	991	12	7	488	7	68	346	6	0.246361	39073.4	0.00013231	
2675	327	727	18.7933	15.3484	1011	11	7	479	17	61	350	4	0.235376	30990	0.000169319	
2300	148	735	23.1681	15.3239	967	18	4	483	11	79	311	4	0.09237	44931.1	0.000199005	
2636	204	750	15.927	10.8217	1016	14	6	465	13	63	332	4	0.171982	44843.6	0.000137043	
2562	186	754	18.2666	11.19	922	10	7	488	5	61	342	5	0.145217	45930	0.000144676	
2529	145	730	18.1552	12.811	917	14	7	486	12	60	340	6	0.114527	45378.4	0.000160927	
2597	114	761	21.5019	10	1039	14	10	478	5	60	329	5	0.093232	68045.5	0.000155376	
2550	112	750	21.4077	10.6887	927	11	9	470	1	52	341	5	0.088796	61815.7	0.000162628	
2559	315	756	18.3995	15.9772	956	12	7	468	9	65	327	5	0.228628	30829.3	0.000177904	
2570	348	771	18.9587	15.9277	1020	12	8	479	17	75	350	4	0.254386	30110.2	0.000170853	
2558	260	774	18.0555	14.9455	961	16	7	461	10	75	334	5	0.197873	33530.7	0.000167504	
2610	111	771	23.9806	10.0259	1050	15	9	468	17	77	339	4	0.087034	72845	0.00015873	
2376	100	775	21.0807	10.3388	992	14	7	482	2	64	315	5	0.078827	67971.6	0.000172503	
2520	140	739	22.8531	14.5954	982	17	5	485	7	67	339	4	0.09886	45618.8	0.000176929	
2565	146	772	19.0172	12.3412	1030	11	5	480	1	66	325	4	0.120619	48110.6	0.000150331	
2510	220	727	21.7425	15.6301	967	14	9	490	5	77	333	4	0.146203	35149.3	0.00018315	
2501	101	745	22.0658	14.7543	1030	14	6	467	12	57	343	5	0.078316	52429.2	0.000188501	
2504	239	774	21.3531	15.7259	1011	14	8	487	5	70	339	6	0.168039	34409	0.000176118	
2517	144	727	19.3237	11.2109	966	14	7	485	5	78	342	6	0.109005	52028.9	0.000151515	
2349	143	745	21.8201	15.2443	900	16	8	480	0	45	328	6	0.095902	42444.2	0.000197981	
2420	106	746	17.922	13.3035	905	11	6	472	18	80	318	4	0.090582	50690.5	0.000178444	
2604	161	758	16.3585	10.7711	984	15	9	468	7	56	331	5	0.141723	48756.8	0.000139997	
2596	151	729	18.0891	10.1644	1050	14	6	482	18	63	340	5	0.121815	56601.1	0.000140469	
2621	265	752	17.6666	12.8226	1026	15	8	476	3	69	342	5	0.202126	36553	0.000148765	
2560	373	760	14.7447	13.9346	1021	11	7	473	20	80	342	6	0.292999	31860.4	0.000153704	
2493	295	762	15.4005	12.7253	974	13	8	473	14	78	339	5	0.228064	34917	0.000149768	
2695	150	772	21.201	12.5996	1030	11	5	480	1	66	338	4	0.122246	48712.9	0.00014941	
2666	110	743	21.7885	11.0055	1030	14	6	484	2	75	338	5	0.090233	62839.2	0.000161865	
2547	131	735	20.6548	10.4028	1041	14	6	467	19	55	343	5	0.100083	63138.2	0.000151103	
2689	425	756	14.3872	12.5943	1024	11	9	480	6	69	330	4	0.347169	33045.6	0.000142796	
2527	137	755	19.382	11.1646	1001	18	6	475	10	79	328	6	0.109525	53837.2	0.00015067	
2349	143	745	21.8201	15.2443	900	16	8	480	0	46	328	6	0.095902	42444.5	0.000197511	
2669	346	772	19.8149	15.9277	1017	14	8	479	17	68	350	4	0.25885	30213.9	0.000169463	
2612	145	757	17.951	10.1644	1030	14	6	471	19	60	333	5	0.124202	56285.7	0.000139567	
2547	252	745	21.8783	15.9166	927	16	8	465	7	74	324	4	0.171459	33526	0.000185977	
2459	100	728	20.5277	10.5189	993	11	8	483	5	73	341	6	0.078224	65119.2	0.000174703	
2604	161	763	16.3585	10.7711	994	15	9	468	7	56	331	5	0.142658	48750.6	0.000139276	
2562	109	743	22.877	10.8021	1026	15	10	471	16	52	339	4	0.083244	66591.3	0.000166722	
2516	119	745	22.6695	12.4863	950	14	9	484	11	70	337	5	0.087971	53942.3	0.000169434	
2431	137	727	21.3892	10.9393	956	14	8	481	10	67	330	6	0.095049	58028.8	0.000160823	
2431	125	731	21.3892	11.1646	956	10	6	479	10	63	322	6	0.088954	59257.7	0.000164962	
2675	344	769	16.1245	15.9277	1014	11	7	479	17	56	350	4	0.275816	30191.1	0.000166306	
2372	236	736	17.6523	15.8654	986	11	6	473	14	59	350	6	0.162177	34317.5	0.000182515	
2349	143	757	20.7994	15.384	959	16	7	483	2	45	329	6	0.100229	42367.2	0.000191424	
2552	380	752	14.7447	13.9346	1021	11	7	480	8	80	348	4	0.294054	31714.1	0.000153704	
2462	186	740	18.4442	15.1494	938	17	9	472	9	50	340	5	0.135582	37223	0.00018093	
2611	249	756	15.1235	12.607	950	17	8	470	1	59	347	5	0.207034	37133.5	0.000148104	
2471	117	736	20.4184	15.2281	962	11	10	474	18	58	347	4	0.089545	46431.3	0.000183284	
2547	131	735	15.8798	10.4028	1001	14	6	467	19	55	343	5	0.119205	53388.7	0.000145455	
2612	151	757	17.951	10.1644	1030	14	6	478	19	69	338	5	0.127931	54967.3	0.000137533	
2535	141	759	18.9938	12.8385	928	11	4	477	6	73	326	6	0.114058	46756.5	0.000158806	
2409	127	770	22.4979	15.3696	1018	13	5	467	13	80	336	5	0.091576	46828	0.000182382	
2581	195	731	17.4755	15.1357	969	15	6	470	5	63	335	6	0.150287	36553.3	0.000172563	
2700	256	732	15.6264	12.0669	1013	14	8	488	7	66	344	4	0.207966	37629.8	0.000141824	
2418	109	749	22.877	10.8021	900	14	9	473	14	52	340	4	0.078344	63201.3	0.00017337	
2315	241	748	18.3079	15.76	946	17	8	460	4	74	324	6	0.160998	34216.5	0.000188041	
2492	100	737	21.8137	13.1638	982	10	9	474	17	80	335	4	0.077142	55004.8	0.000184128	
2621	274	763	17.5926	15.9342	983	14	6	488	10	70	349	5	0.211847	31742.5	0.000170155	
2413	172	747	16.6164	12.2325	1004	14	8	482	17	50	339	5	0.134248	43654.5	0.000154202	
2552	467	774	12.9637	10	1044	13	7	481	12	70	346	4	0.388068	38211.7	0.000126871	
2694	286	760	15.5697	15.1433	967	11	7	484	12	78	334	6	0.237055	32354.1	0.000162417	
2622	138	766	15.7284	10.6629	1011	17	5	481	0	80	344	4	0.133202	51110.8	0.00013885	
2669	161	752	20.3641	14.1634	1025	14	9	470	11	50	345	5	0.12717	42013.8	0.000163159	
2384	148	743	20.5277	10.5189	991	11	8	483	4	62	341	6	0.103352	59019.2	0.000153704	
2468	169	739	14.3491	10.5649	960	12	4	460	9	72	342	5	0.148213	47357.6	0.000139373	
2471	115	729	23.1422	12.5226	975	13	9	464	7	76	324	5	0.080979	55267.4	0.000176274	
2559	100	754	20.9299	14.3562	967	11	10	486	17	70	338	4	0.083781	51869	0.00018406	
2572	157	731	20.8244	14.6622	973	14	7	468	5	54	345	5	0.115261	41331	0.000174338	
2601	239	775	17.3823	14.6553	1031	13	7	468	16	62	320	6	0.190441	34671.5	0.000162153	
2575	277	745	12.6286	10	966	13	8	488	14	67	348	6	0.245022	41354.5	0.000130225	
2350	100	734	21.5302	15.3861	981	16	5	471	10	64	336	6	0.072629	51740.9	0.000199681	
2316	241	745	19.5018	15.9166	927	15	8	460	3	74	324	6	0.156443	34055.8	0.000192012	
2605	434	735	17.4385	16	958	13	8	478	11	60	334	5	0.312767	29102.1	0.000177651	
2554	157	725	21.4473	12.5226	1013	16	7	468	4	74	345	4	0.111716	47987.1	0.000158856	
2524	148	731	17.4755	12.4354	972	14	5	481	5	73	339	6	0.118983	45951.7	0.000154392	
2562	149	754	18.9938	11.19	915	10	7	487	7	61	330	6	0.119473	50734.4	0.000149009	
2677	355	769	14.6715	10.8866	1050	10	8	481	1	72	344	6	0.295987	37323.2	0.000129955	
2648	141	728	19.1676	10.6911	993	11	8	476	6	79	345	6	0.114166	54658.1	0.000144844	
2695	130	760	19.4991	12.2083	1050	15	8	477	4	73	338	5	0.113312	50469.2	0.000150466	
2559	234	730	17.1336	12.5609	1014	16	8	464	11	68	339	6	0.174588	38465.2	0.000151745	
2544	256	770	14.0634	11.4847	1010	13	7	490	7	68	346	6	0.219201	38641	0.000136949	
2496	230	757	15.6641	13.2003	980	12	5	467	9	75	338	5	0.182556	36917.9	0.000153633	
2479	144	727	19.3237	11.2109	966	14	7	479	5	78	344	6	0.107201	52064	0.000152672	
2300	115	771	17.0237	11.2749	962	11	7	484	5	55	336	5	0.096995	54403	0.000161681	
2389	100	773	23.9806	13.7294	1050	15	9	468	19	77	339	4	0.072359	57615.1	0.000187935	
2468	169	750	14.3491	10.5649	968	12	4	460	9	70	334	5	0.150419	47327.2	0.000139295	
2639	111	765	25	15.1634	1041	14	9	468	19	77	349	4	0.085607	50340.4	0.000180832	
2618	257	733	18.8783	14.804	1026	15	10	480	0	66	324	4	0.186648	33733.1	0.000168095	
2645	483	735	16.8832	15.2597	1028	11	7	482	6	76	338	5	0.355671	29243.6	0.000165645	
2522	130	775	17.8552	13.1047	981	10	5	486	4	58	334	5	0.113805	47101.9	0.000157704	
2562	156	754	18.2666	11.19	922	10	7	487	8	61	342	6	0.12669	48965.5	0.000145645	
2541	344	766	16.499	14.9586	1044	11	7	488	10	69	348	6	0.260043	31351.5	0.000161005	
2634	246	745	14.3899	10.5932	992	12	7	478	14	61	343	6	0.210079	41712.7	0.000133636	